bot_dist
0.0, 3.5343150125643015
1.0, 3.5404260609951965
2.0, 3.5465547758816665
3.0, 3.552701065795247
4.0, 3.5588648396777924
5.0, 3.5650460068427625
6.0, 3.5712444769764424
7.0, 3.5774601601391023
8.0, 3.583692966766094
9.0, 3.589942807668888
10.0, 3.596209594036048
11.0, 3.60249323743415
12.0, 3.6087936498086424
13.0, 3.615110743484646
14.0, 3.6214444311677036
15.0, 3.627794625944468
16.0, 3.6341612412833424
17.0, 3.640544191035062
18.0, 3.6469433894332277
19.0, 3.653358751094783
20.0, 3.6597901910204462
21.0, 3.66623762459509
22.0, 3.672700967588071
23.0, 3.6791801361535135
24.0, 3.6856750468305464
25.0, 3.692185616543492
26.0, 3.6987117626020107
27.0, 3.7052534027012007
28.0, 3.7118104549216566
29.0, 3.718382837729479
30.0, 3.7249704699762494
31.0, 3.7315732708989593
32.0, 3.7381911601199005
33.0, 3.744824057646515
34.0, 3.751471883871206
35.0, 3.7581345595711144
36.0, 3.7648120059078525
37.0, 3.7715041444272033
38.0, 3.7782108970587864
39.0, 3.7849321861156877
40.0, 3.791667934294053
41.0, 3.7984180646726493
42.0, 3.805182500712394
43.0, 3.811961166255851
44.0, 3.8187539855266985
45.0, 3.825560883129159
46.0, 3.8323817840474073
47.0, 3.8392166136449437
48.0, 3.846065297663945
49.0, 3.8529277622245752
50.0, 3.8598039338242858
51.0, 3.8666937393370726
52.0, 3.8735971060127223
53.0, 3.8805139614760162
54.0, 3.887444233725927
55.0, 3.89438785113478
56.0, 3.9013447424473924
57.0, 3.908314836780192
58.0, 3.915298063620314
59.0, 3.922294352824672
60.0, 3.9293036346190107
61.0, 3.936325839596941
62.0, 3.943360898718945
63.0, 3.950408743311373
64.0, 3.957469305065413
65.0, 3.9645425160360483
66.0, 3.9716283086409887
67.0, 3.978726615659595
68.0, 3.9858373702317755
69.0, 3.9929605058568756
70.0, 4.000095956392541
71.0, 4.007243656053579
72.0, 4.014403539410791
73.0, 4.021575541389797
74.0, 4.0287595972698504
75.0, 4.035955642682628
76.0, 4.043163613611017
77.0, 4.050383446387881
78.0, 4.057615077694826
79.0, 4.064858444560933
80.0, 4.0721134843615046
81.0, 4.079380134816783
82.0, 4.086658333990661
83.0, 4.093948020289387
84.0, 4.101249132460254
85.0, 4.108561609590284
86.0, 4.115885391104902
87.0, 4.123220416766601
88.0, 4.130566626673592
89.0, 4.137923961258459
90.0, 4.145292361286798
91.0, 4.152671767855844
92.0, 4.160062122393104
93.0, 4.16746336665497
94.0, 4.174875442725337
95.0, 4.182298293014202
96.0, 4.18973186025627
97.0, 4.197176087509548
98.0, 4.204630918153931
99.0, 4.212096295889793
100.0, 4.2195721647365625
101.0, 4.2195721647365625
102.0, 4.2195721647365625
103.0, 4.2195721647365625
104.0, 4.2195721647365625
105.0, 4.2195721647365625
106.0, 4.2195721647365625
107.0, 4.2195721647365625
108.0, 4.2195721647365625
109.0, 4.2195721647365625
110.0, 4.2195721647365625
111.0, 4.2195721647365625
112.0, 4.2195721647365625
113.0, 4.2195721647365625
114.0, 4.2195721647365625
115.0, 4.2195721647365625
116.0, 4.2195721647365625
117.0, 4.2195721647365625
118.0, 4.2195721647365625
119.0, 4.2195721647365625
120.0, 4.2195721647365625
121.0, 4.2195721647365625
122.0, 4.2195721647365625
123.0, 4.2195721647365625
124.0, 4.2195721647365625
125.0, 4.2195721647365625
126.0, 4.2195721647365625
127.0, 4.2195721647365625
128.0, 4.2195721647365625
129.0, 4.2195721647365625
130.0, 4.2195721647365625
131.0, 4.212096295889793
132.0, 4.204630918153931
133.0, 4.197176087509548
134.0, 4.18973186025627
135.0, 4.182298293014202
136.0, 4.174875442725337
137.0, 4.16746336665497
138.0, 4.160062122393104
139.0, 4.152671767855844
140.0, 4.145292361286798
141.0, 4.137923961258459
142.0, 4.130566626673592
143.0, 4.127155328972333
144.0, 4.119827309115582
145.0, 4.112510547588041
146.0, 4.105205104587317
147.0, 4.097911040646829
148.0, 4.09062841663712
149.0, 4.083357293767174
150.0, 4.076097733585712
151.0, 3.986472916942234
152.0, 3.8968592609188146
153.0, 3.8072575128361876
154.0, 3.7176685775381237
155.0, 3.6280934041875157
156.0, 3.53853303790306
157.0, 3.4489886321763703
158.0, 3.3594614632646236
159.0, 3.2699529469345916
160.0, 3.180464658017792
161.0, 3.090998353341865
162.0, 3.001555998736637
163.0, 2.912139800983039
164.0, 2.8227522457904546
165.0, 2.733396143168505
166.0, 2.6440746819236667
167.0, 2.6366272673224156
168.0, 2.5463989276936227
169.0, 2.4561871814624125
170.0, 2.3659937500443236
171.0, 2.275820810952573
172.0, 2.185670900508204
173.0, 2.095546990773377
174.0, 2.088112024826386
175.0, 1.9976915987223154
176.0, 1.90732525347903
177.0, 1.8999613944700715
178.0, 1.8926217207918234
179.0, 1.8853065149115344
180.0, 1.8780160627484743
181.0, 1.793109375434483
182.0, 1.7859837158773433
183.0, 1.7788857282314603
184.0, 1.7718157450622893
185.0, 1.7647741029418547
186.0, 1.7577611424753794
187.0, 1.7507772083269202
188.0, 1.74382264924395
189.0, 1.7368978180808166
190.0, 1.7300030718210144
191.0, 1.7231387715981907
192.0, 1.716305282715819
193.0, 1.709502974665462
194.0, 1.702732221143545
195.0, 1.6312604332174736
196.0, 1.5611191985781174
197.0, 1.4924961207605874
198.0, 1.4851469308823637
199.0, 1.4230979545051414
200.0, 1.3633949071121767
201.0, 1.306359468208278
202.0, 1.2523561595770987
203.0, 1.2017938024050856
204.0, 1.1551243393605464
205.0, 1.112837651269175
206.0, 1.075450854105728
207.0, 1.0434907493248207
208.0, 1.01746884525842
209.0, 0.9978498188764777
210.0, 0.9850163317465485
211.0, 0.9792352063719544
212.0, 0.9806311782747434
213.0, 0.989173861879695
214.0, 1.004680970787622
215.0, 1.0268371252178263
216.0, 1.0552235273517403
217.0, 1.0893532420275234
218.0, 1.128705391784451
219.0, 1.1208563291708553
220.0, 1.1702798445773517
221.0, 1.2233580967644435
222.0, 1.2796363801985924
223.0, 1.2728707981556282
224.0, 1.2661480449321345
225.0, 1.2594688063592987
226.0, 1.2528337784068952
227.0, 1.246243667209992
228.0, 1.2396991890871152
229.0, 1.233201070549334
230.0, 1.226750048299704
231.0, 1.226750048299704
232.0, 1.226750048299704
233.0, 1.226750048299704
234.0, 1.226750048299704
235.0, 1.226750048299704
236.0, 1.226750048299704
237.0, 1.226750048299704
238.0, 1.226750048299704
239.0, 1.226750048299704
240.0, 1.226750048299704
241.0, 1.226750048299704
242.0, 1.226750048299704
243.0, 1.226750048299704
244.0, 1.226750048299704
245.0, 1.226750048299704
246.0, 1.226750048299704
247.0, 1.226750048299704
248.0, 1.226750048299704
249.0, 1.226750048299704
250.0, 1.226750048299704
251.0, 1.226750048299704
252.0, 1.226750048299704
253.0, 1.226750048299704
254.0, 1.226750048299704
255.0, 1.226750048299704
256.0, 1.226750048299704
257.0, 1.226750048299704
258.0, 1.226750048299704
259.0, 1.226750048299704
260.0, 1.226750048299704
261.0, 1.233201070549334
262.0, 1.2396991890871152
263.0, 1.246243667209992
264.0, 1.2528337784068952
265.0, 1.2594688063592987
266.0, 1.2661480449321345
267.0, 1.2728707981556282
268.0, 1.2796363801985924
269.0, 1.2864441153336967
270.0, 1.2932933378952234
271.0, 1.3001833922297925
272.0, 1.3071136326405224
273.0, 1.3140834233250815
274.0, 1.3210921383080585
275.0, 1.3281391613680706
276.0, 1.3352238859600047
277.0, 1.3423457151327747
278.0, 1.3495040614429568
279.0, 1.3566983468646525
280.0, 1.3639280026959109
281.0, 1.3711924694620237
282.0, 1.378491196815997
ee_dist
0.0, 1.2680357285989725
1.0, 1.319152124358634
2.0, 1.422337644610713
3.0, 1.5119369583514513
4.0, 1.5428631556146326
5.0, 1.5686075315629826
6.0, 1.601415265572174
7.0, 1.635719667356118
8.0, 1.6711886516935655
9.0, 1.7048510276289004
10.0, 1.7426154083305074
11.0, 1.7766504902411022
12.0, 1.8072660270777832
13.0, 1.8429509570652416
14.0, 1.8689630852760184
15.0, 1.8955213918989877
16.0, 1.9204944822447765
17.0, 1.9479114001489313
18.0, 1.9692832854602618
19.0, 1.9883879286850237
20.0, 2.00756149686377
21.0, 1.978757092264706
22.0, 1.9389809168924876
23.0, 1.8960066592428948
24.0, 1.8493935940515347
25.0, 1.7994067059264511
26.0, 1.7461644426418887
27.0, 1.68998741502416
28.0, 1.6310530262524081
29.0, 1.5697919418763464
30.0, 1.506466411055033
31.0, 1.4416447566349453
32.0, 1.3757194882062085
33.0, 1.3094373625828035
34.0, 1.2433912777526321
35.0, 1.1785891569884595
36.0, 1.1159375355069794
37.0, 1.0568008916379013
38.0, 1.0024847678208517
39.0, 0.9546619715743149
40.0, 0.9149881529125317
41.0, 0.9284920684568522
42.0, 0.8578277482947048
43.0, 0.8392955982478241
44.0, 0.7940611741581131
45.0, 0.7475695528336413
46.0, 0.6995374311173608
47.0, 0.6498167989775779
48.0, 0.5988293505075426
49.0, 0.5466300799690208
50.0, 0.4940913865560809
51.0, 0.44214418395529914
52.0, 0.3917949439952615
53.0, 0.34394821383895396
54.0, 0.30053877506671234
55.0, 0.2642866109950049
56.0, 0.2399173051055635
57.0, 0.23103958290426488
58.0, 0.22643870330072421
59.0, 0.2449309845778007
60.0, 0.2894915486106538
61.0, 0.3571865533516297
62.0, 0.43862244501342007
63.0, 0.5247381869372293
64.0, 0.608260618445214
65.0, 0.6754894556335543
66.0, 0.7354592512234458
67.0, 0.7955671884307636
68.0, 0.8499636768615417
69.0, 0.9029733012345394
70.0, 0.9551613361279684
71.0, 1.0055159002481344
72.0, 1.0580313137828599
73.0, 1.1169835762667215
74.0, 1.1803450660912203
75.0, 1.2549524661643785
76.0, 1.3389258682365355
77.0, 1.4325063939979676
78.0, 1.5308847943742296
79.0, 1.6290962674778326
80.0, 1.7225992045818217
81.0, 1.8017140956139706
82.0, 1.8665375192017675
83.0, 1.930668605343594
84.0, 1.991686886610165
85.0, 2.051548806738543
86.0, 2.1003418818007846
87.0, 2.1288846632522254
88.0, 2.159045430283769
89.0, 2.198085968714621
90.0, 2.2494575345086334
91.0, 2.3309347520088832
92.0, 2.423531360451158
93.0, 2.5236357993455063
94.0, 2.6302491510106636
95.0, 2.736691397134873
96.0, 2.8382727688506564
97.0, 2.9282368723459413
98.0, 3.000962955219161
99.0, 3.0691526674508696
100.0, 3.135570879622886
101.0, 3.1994411995085543
102.0, 3.262729608035154
103.0, 3.3248240028208684
104.0, 3.388207623121558
105.0, 3.4571948731824245
106.0, 3.5312555974452082
107.0, 3.611598915656427
108.0, 3.7026876675918876
109.0, 3.801894478247954
110.0, 3.9082350282317577
111.0, 4.0161636760132735
112.0, 4.119402428513445
113.0, 4.214063363540884
114.0, 4.2893682317599335
115.0, 4.357754711973237
116.0, 4.424135533164432
117.0, 4.488220212248769
118.0, 4.5514836766684565
119.0, 4.614653662861427
120.0, 4.676942970481898
121.0, 4.747422115428431
122.0, 4.788386772320257
123.0, 4.831228062782366
124.0, 4.873670996753996
125.0, 4.915006333123447
126.0, 4.955872260018033
127.0, 4.994886452436247
128.0, 5.032936338895605
129.0, 5.06868548155439
130.0, 5.103027508810531
131.0, 5.1346674239259755
132.0, 5.164523344860366
133.0, 5.191335011941157
134.0, 5.216050280150114
135.0, 5.237444767473501
136.0, 5.256491109050881
137.0, 5.272007639937621
138.0, 5.284992649530315
139.0, 5.29430086309051
140.0, 5.300959169720348
141.0, 5.303863844421177
142.0, 5.30406313372739
143.0, 4.661439961841122
144.0, 4.650897521196729
145.0, 4.643429458352172
146.0, 4.63793598168221
147.0, 4.635655085645589
148.0, 4.635397615692214
149.0, 4.638382971685156
150.0, 4.6433696570035226
151.0, 4.561952892620301
152.0, 4.479994322116928
153.0, 4.398699805263094
154.0, 4.316870414200808
155.0, 4.23571261694448
156.0, 4.154027904094934
157.0, 4.073023248650807
158.0, 3.991501097801844
159.0, 3.9106688697642906
160.0, 3.8293302097636093
161.0, 3.748693005305088
162.0, 3.6675624481730815
163.0, 3.587146930540942
164.0, 3.506253501422278
165.0, 3.426091448068138
166.0, 3.3454701973021392
167.0, 3.355774539679893
168.0, 3.2777207587661317
169.0, 3.200529309095408
170.0, 3.1230588009228786
171.0, 3.0464914374778878
172.0, 2.969696068277169
173.0, 2.8938534767065236
174.0, 2.907664617012202
175.0, 2.835754305528144
176.0, 2.7639265065250256
177.0, 2.781302948461265
178.0, 2.8002797081250623
179.0, 2.8216711277529023
180.0, 2.844370209530475
181.0, 2.794042044696488
182.0, 2.7705028578281174
183.0, 2.7490934053274954
184.0, 2.729107091343937
185.0, 2.7116954643421134
186.0, 2.695985963639612
187.0, 2.6832201385246357
188.0, 2.672378999183276
189.0, 2.6647518923537064
190.0, 2.6591997944318733
191.0, 2.657014575574379
192.0, 2.6569707741321977
193.0, 2.6603163714069016
194.0, 2.6657803723825815
195.0, 2.5862470263709234
196.0, 2.5063372627122384
197.0, 2.4272811137077404
198.0, 2.436236139366137
199.0, 2.360269151571184
200.0, 2.2842159103305657
201.0, 2.209286242323606
202.0, 2.1343836598638015
203.0, 2.060722304779271
204.0, 1.9872343531180523
205.0, 1.915140365232232
206.0, 1.8434105959237836
207.0, 1.7732750220711762
208.0, 1.7037547829274797
209.0, 1.6360935494200621
210.0, 1.569379810843161
211.0, 1.5048769640093813
212.0, 1.4417637785104742
213.0, 1.3813264405602588
214.0, 1.3228628202346557
215.0, 1.2676854019070678
216.0, 1.2152386973009834
217.0, 1.1668524684468542
218.0, 1.1221407860872954
219.0, 1.1474684840835367
220.0, 1.1145481086942581
221.0, 1.087344823479321
222.0, 1.065705772733701
223.0, 1.0381784009097255
224.0, 1.0113265973235197
225.0, 0.9860333964709845
226.0, 0.9618616852539422
227.0, 0.9399221341447269
228.0, 0.9195792596184168
229.0, 0.9021356569625857
230.0, 0.8867514741714642
231.0, 0.8748584033817297
232.0, 0.865407003013046
233.0, 0.8598727965213714
234.0, 0.857009694944949
235.0, 0.8582440504393951
236.0, 0.8621702366206769
237.0, 0.8700903081000375
238.0, 0.8805111020861967
239.0, 0.8808347838831943
240.0, 0.8805111020861967
241.0, 0.8808347838831943
242.0, 0.8805112768291351
243.0, 0.8863681229869591
244.0, 0.898851909204446
245.0, 0.9123843332725509
246.0, 0.9282598011827282
247.0, 0.9451801484311713
248.0, 0.9642094282401974
249.0, 0.9840022054716335
250.0, 1.0056638652369119
251.0, 1.027806839296295
252.0, 1.0515206063976004
253.0, 1.0754133312730652
254.0, 1.1005159548280739
255.0, 1.125485948262135
256.0, 1.1512785323411363
257.0, 1.1766573408039187
258.0, 1.2024941127844015
259.0, 1.2276937965024566
260.0, 1.2546351889789842
261.0, 1.2791160137252298
262.0, 1.3037263655631466
263.0, 1.2758472145252517
264.0, 1.2413000822763447
265.0, 1.2049028844118659
266.0, 1.1663831725429818
267.0, 1.1259368832933052
268.0, 1.0836064835131096
269.0, 1.0396117369951017
270.0, 0.9940126077668694
271.0, 0.9470803586870024
272.0, 0.8989119836538083
273.0, 0.8498443254415617
274.0, 0.8000409901709388
275.0, 0.7463605958553962
276.0, 0.6906399072048561
277.0, 0.6319444818851593
278.0, 0.5815705609095494
279.0, 0.5331603122924375
280.0, 0.4878957843373421
281.0, 0.43656991618579827
282.0, 0.390816057740735
ee_box_dist
0.0, 0.8132552808288689
1.0, 0.8571382901299536
2.0, 0.8839073318624608
3.0, 0.9197686710462812
4.0, 0.9551693636043744
5.0, 0.9917176104584909
6.0, 1.0286998993526557
7.0, 1.0641889805780484
8.0, 1.0983369427973615
9.0, 1.1299960445423793
10.0, 1.1649811169830044
11.0, 1.1960639375082973
12.0, 1.223631034052382
13.0, 1.2560603314877496
14.0, 1.2792410220452082
15.0, 1.3029656730810502
16.0, 1.3251597283199699
17.0, 1.3497751123815953
18.0, 1.3687655881501222
19.0, 1.3856681762244492
20.0, 1.4027039483191623
21.0, 1.3784106169205539
22.0, 1.3451006971379293
23.0, 1.308803238010634
24.0, 1.2690885476950151
25.0, 1.2261521298336877
26.0, 1.1800025550965125
27.0, 1.1308566201332788
28.0, 1.0787285113781486
29.0, 1.0238908937303755
30.0, 0.9663768631139711
31.0, 0.9065255444830221
32.0, 0.844407748774789
33.0, 0.7804832803292034
34.0, 0.7149326375326989
35.0, 0.6483346173328927
36.0, 0.5810742030081517
37.0, 0.513917255026628
38.0, 0.44780351788645395
39.0, 0.3846168032537228
40.0, 0.3270813254267572
41.0, 0.3414444331575669
42.0, 0.3558224913116931
43.0, 0.37027344992180233
44.0, 0.3846726079309639
45.0, 0.3990691738022796
46.0, 0.41337250370066086
47.0, 0.4276044703234167
48.0, 0.44172583714942365
49.0, 0.45572444738631407
50.0, 0.46958774042777984
51.0, 0.4832916965726274
52.0, 0.49682155072485973
53.0, 0.5101493595949825
54.0, 0.5232412708935377
55.0, 0.5360611397050526
56.0, 0.5485764622506584
57.0, 0.5607863314994035
58.0, 0.5726653683620959
59.0, 0.5842464654999338
60.0, 0.5954796377432301
61.0, 0.6064214757082758
62.0, 0.6170016775640398
63.0, 0.6272840828713112
64.0, 0.6371994695053178
65.0, 0.6468084222722668
66.0, 0.6560553879706944
67.0, 0.6649828894586448
68.0, 0.6735387394648225
69.0, 0.6817546091076502
70.0, 0.6895919988289261
71.0, 0.6970708250059183
72.0, 0.704157583494546
73.0, 0.7108749047572618
74.0, 0.717187171931851
75.0, 0.7231141971764392
76.0, 0.7286232225562634
77.0, 0.7337322735710012
78.0, 0.7384083560244026
79.0, 0.7426680019630184
80.0, 0.7464793783166292
81.0, 0.7498553492904517
82.0, 0.7527653145262001
83.0, 0.7552197678462947
84.0, 0.7571902054877258
85.0, 0.7586889518746601
86.0, 0.7791687106170211
87.0, 0.82429497934709
88.0, 0.8633679400968177
89.0, 0.897361139476667
90.0, 0.9214182716598958
91.0, 0.921604526989655
92.0, 0.921238431459848
93.0, 0.9216040106151577
94.0, 0.9212207348151176
95.0, 0.9215915434761246
96.0, 0.9212199222729207
97.0, 0.9215895014545651
98.0, 0.9212193289789573
99.0, 0.921589935806695
100.0, 0.9212193181848554
101.0, 0.9215893489255803
102.0, 0.9212197009759088
103.0, 0.921589625059619
104.0, 0.9212183524205418
105.0, 0.9215884838985077
106.0, 0.9212180228365854
107.0, 0.9215888178097865
108.0, 0.9212189666876419
109.0, 0.9215889291142132
110.0, 0.9212188618356258
111.0, 0.9215890875340182
112.0, 0.9212186219186772
113.0, 0.9215894299585495
114.0, 0.9212190864173513
115.0, 0.9206012764038003
116.0, 0.9213423946389973
117.0, 0.9216409857046141
118.0, 0.9212215748099861
119.0, 0.9215962650375485
120.0, 0.9212160103700551
121.0, 0.9190427119263732
122.0, 0.9213313666203107
123.0, 0.9213814132359269
124.0, 0.9212387353943458
125.0, 0.9216001285033341
126.0, 0.9212146361585666
127.0, 0.9215869425806085
128.0, 0.9212141148363409
129.0, 0.9215840311537686
130.0, 0.9212134511347668
131.0, 0.9215840864965082
132.0, 0.9212126570750975
133.0, 0.9215838810403687
134.0, 0.921213151440902
135.0, 0.9215842277938971
136.0, 0.9212131619218126
137.0, 0.9215831571725955
138.0, 0.9212136476843352
139.0, 0.9215836881236372
140.0, 0.9212132924384688
141.0, 0.9215828209639272
142.0, 0.9212125088610852
143.0, 1.6381268819461612
144.0, 1.632629344956607
145.0, 1.624973300596659
146.0, 1.615941837480221
147.0, 1.604837911694116
148.0, 1.5924080918706054
149.0, 1.578026015465427
150.0, 1.5623856293103653
151.0, 1.6286095107218888
152.0, 1.6966357332078645
153.0, 1.7656653357677117
154.0, 1.8362067865148552
155.0, 1.9074417145706695
156.0, 1.979972634284137
157.0, 2.052961226329262
158.0, 2.127083127522864
159.0, 2.2014812764509863
160.0, 2.2768903086464154
161.0, 2.352434534875575
162.0, 2.4288958657864557
163.0, 2.5053801336746417
164.0, 2.582710551313899
165.0, 2.6599747380630716
166.0, 2.7380295169303337
167.0, 2.7268918173625485
168.0, 2.8032310221809413
169.0, 2.8795269876145784
170.0, 2.956640328490682
171.0, 3.033639624603926
172.0, 3.111412758220071
173.0, 3.189015538327257
174.0, 3.1779129073546457
175.0, 3.253635750491318
176.0, 3.3301650291325533
177.0, 3.3171378708974553
178.0, 3.3026178208610384
179.0, 3.2858227794457204
180.0, 3.2676550082150055
181.0, 3.331642221367216
182.0, 3.349836301832698
183.0, 3.3658399415051945
184.0, 3.380390542209583
185.0, 3.3925429892783994
186.0, 3.4031412795575746
187.0, 3.4111928098130635
188.0, 3.417619802230604
189.0, 3.4214073518159536
190.0, 3.4235328326407672
191.0, 3.422980087915792
192.0, 3.4207576143696854
193.0, 3.41587909064524
194.0, 3.4093524659732757
195.0, 3.4879039549269297
196.0, 3.567142337541516
197.0, 3.6460906163076987
198.0, 3.63802212039194
199.0, 3.715217239573261
200.0, 3.793136751481497
201.0, 3.8708144042785975
202.0, 3.949193177451851
203.0, 4.027297523475114
204.0, 4.106088822459288
205.0, 4.184566098615688
206.0, 4.263715589888219
207.0, 4.342536980278145
208.0, 4.422010036947678
209.0, 4.501134529311589
210.0, 4.580900191167987
211.0, 4.66029556908825
212.0, 4.7403220620961575
213.0, 4.819963404078801
214.0, 4.900227308785027
215.0, 4.980089972005923
216.0, 5.060569146660707
217.0, 5.140633152233871
218.0, 5.221307265227522
219.0, 5.213740701580758
220.0, 5.292703054923171
221.0, 5.371298512418352
222.0, 5.450536227069461
223.0, 5.457170324615976
224.0, 5.462084887655096
225.0, 5.46420279531614
226.0, 5.464572941147295
227.0, 5.462125507561701
228.0, 5.457944042599696
229.0, 5.450987901188142
230.0, 5.442347126309389
231.0, 5.431042255842588
232.0, 5.418141111823485
233.0, 5.4027512342240955
234.0, 5.385886110261187
235.0, 5.366770370098335
236.0, 5.346338507511947
237.0, 5.323955777582484
238.0, 5.300447132400112
239.0, 5.300301462722683
240.0, 5.300446754750528
241.0, 5.300301147230344
242.0, 5.300446519520075
243.0, 5.299284431532586
244.0, 5.297387925345051
245.0, 5.295032994813756
246.0, 5.291575390345891
247.0, 5.287579927946063
248.0, 5.282418399678549
249.0, 5.276679144970366
250.0, 5.269741436708465
251.0, 5.2622593856612
252.0, 5.2536081251790625
253.0, 5.244534133941065
254.0, 5.234386515570965
255.0, 5.223993965298929
256.0, 5.21266756108602
257.0, 5.20127845801554
258.0, 5.189107557851898
259.0, 5.177026894784825
260.0, 5.163403735248368
261.0, 5.151038823417414
262.0, 5.137922145807892
263.0, 5.16204160902768
264.0, 5.19235111135935
265.0, 5.223124203385709
266.0, 5.254438053124902
267.0, 5.286024486488429
268.0, 5.317647325345547
269.0, 5.349054661832874
270.0, 5.380018831589238
271.0, 5.41029740687768
272.0, 5.439670664766831
273.0, 5.467915368969296
274.0, 5.494827936400756
275.0, 5.5276985919249375
276.0, 5.56094768262403
277.0, 5.597077826572915
278.0, 5.617483008322506
279.0, 5.63489576230726
280.0, 5.6493393429331
281.0, 5.673621265587078
282.0, 5.693804113571159
spot_hold
0, 0
1, 0
2, 0
3, 0
4, 0
5, 0
6, 0
7, 0
8, 0
9, 0
10, 0
11, 0
12, 0
13, 0
14, 0
15, 0
16, 0
17, 0
18, 0
19, 0
20, 0
21, 0
22, 0
23, 0
24, 0
25, 0
26, 0
27, 0
28, 0
29, 0
30, 0
31, 0
32, 0
33, 0
34, 0
35, 0
36, 0
37, 0
38, 0
39, 0
40, 0
41, 1
42, 1
43, 1
44, 1
45, 1
46, 1
47, 1
48, 1
49, 1
50, 1
51, 1
52, 1
53, 1
54, 1
55, 1
56, 1
57, 1
58, 1
59, 1
60, 1
61, 1
62, 1
63, 1
64, 1
65, 1
66, 1
67, 1
68, 1
69, 1
70, 1
71, 1
72, 1
73, 1
74, 1
75, 1
76, 1
77, 1
78, 1
79, 1
80, 1
81, 1
82, 1
83, 1
84, 1
85, 1
86, 1
87, 1
88, 1
89, 1
90, 1
91, 1
92, 1
93, 1
94, 1
95, 1
96, 1
97, 1
98, 1
99, 1
100, 1
101, 1
102, 1
103, 1
104, 1
105, 1
106, 1
107, 1
108, 1
109, 1
110, 1
111, 1
112, 1
113, 1
114, 1
115, 1
116, 1
117, 1
118, 1
119, 1
120, 1
121, 1
122, 1
123, 1
124, 1
125, 1
126, 1
127, 1
128, 1
129, 1
130, 1
131, 1
132, 1
133, 1
134, 1
135, 1
136, 1
137, 1
138, 1
139, 1
140, 1
141, 1
142, 1
143, 1
144, 1
145, 1
146, 1
147, 1
148, 1
149, 1
150, 1
151, 1
152, 1
153, 1
154, 1
155, 1
156, 1
157, 1
158, 1
159, 1
160, 1
161, 1
162, 1
163, 1
164, 1
165, 1
166, 1
167, 1
168, 1
169, 1
170, 1
171, 1
172, 1
173, 1
174, 1
175, 1
176, 1
177, 1
178, 1
179, 1
180, 1
181, 1
182, 1
183, 1
184, 1
185, 1
186, 1
187, 1
188, 1
189, 1
190, 1
191, 1
192, 1
193, 1
194, 1
195, 1
196, 1
197, 1
198, 1
199, 1
200, 1
201, 1
202, 1
203, 1
204, 1
205, 1
206, 1
207, 1
208, 1
209, 1
210, 1
211, 1
212, 1
213, 1
214, 1
215, 1
216, 1
217, 1
218, 1
219, 1
220, 1
221, 1
222, 1
223, 1
224, 1
225, 1
226, 1
227, 1
228, 1
229, 1
230, 1
231, 1
232, 1
233, 1
234, 1
235, 1
236, 1
237, 1
238, 1
239, 1
240, 1
241, 1
242, 1
243, 1
244, 1
245, 1
246, 1
247, 1
248, 1
249, 1
250, 1
251, 1
252, 1
253, 1
254, 1
255, 1
256, 1
257, 1
258, 1
259, 1
260, 1
261, 1
262, 1
263, 1
264, 1
265, 1
266, 1
267, 1
268, 1
269, 1
270, 1
271, 1
272, 1
273, 1
274, 1
275, 1
276, 1
277, 1
278, 1
279, 1
280, 1
281, 1
282, 1
