bot_dist
0.0, 3.0516740716206137
1.0, 3.0556646228188753
2.0, 3.0596826541403734
3.0, 3.063728057465858
4.0, 3.0678007245117693
5.0, 3.0719005468409515
6.0, 3.0760274158732575
7.0, 3.080181222896059
8.0, 3.0843618590746433
9.0, 3.0885692154625093
10.0, 3.092803183011552
11.0, 3.0970636525821447
12.0, 3.1013505149531064
13.0, 3.1056636608315658
14.0, 3.1100029808627063
15.0, 3.1143683656394114
16.0, 3.118759705711784
17.0, 3.1231768915965663
18.0, 3.127619813786437
19.0, 3.1320883627591987
20.0, 3.136582428986853
21.0, 3.141101902944557
22.0, 3.145646675119464
23.0, 3.1502166360194566
24.0, 3.1548116761817537
25.0, 3.1594316861814065
26.0, 3.1640765566396816
27.0, 3.1687461782323214
28.0, 3.173440441697691
29.0, 3.1781591250509473
30.0, 3.182902230811575
31.0, 3.187669649961321
32.0, 3.1924612735759674
33.0, 3.1972769928328977
34.0, 3.2021166990185406
35.0, 3.2069802835357035
36.0, 3.211867637910787
37.0, 3.2167786538008842
38.0, 3.221713223000764
39.0, 3.2266712374497404
40.0, 3.2316525892384296
41.0, 3.236657170615383
42.0, 3.241684873993621
43.0, 3.24673559195704
44.0, 3.2518092172667132
45.0, 3.256905642867077
46.0, 3.2620247618920053
47.0, 3.2671664676707715
48.0, 3.2723306537339023
49.0, 3.2775172138189186
50.0, 3.282726041875964
51.0, 3.2879570320733316
52.0, 3.2932100788028746
53.0, 3.2984850766853158
54.0, 3.303781920575443
55.0, 3.309100505567203
56.0, 3.3144407269986904
57.0, 3.3198024804570263
58.0, 3.3251856617831397
59.0, 3.3305901670764384
60.0, 3.3360158926993844
61.0, 3.3414627352819615
62.0, 3.346930591726049
63.0, 3.3524193592096863
64.0, 3.357928935191246
65.0, 3.3634592174135065
66.0, 3.369010103907626
67.0, 3.3745814929970197
68.0, 3.3801732833011457
69.0, 3.385785373739191
70.0, 3.3914176635336655
71.0, 3.397070052213907
72.0, 3.4027424396194856
73.0, 3.408434725903531
74.0, 3.414146811535953
75.0, 3.419878597306589
76.0, 3.425629984328252
77.0, 3.431400874039698
78.0, 3.437191168208508
79.0, 3.443000768933875
80.0, 3.4488295786493244
81.0, 3.4546775001253334
82.0, 3.460544436471883
83.0, 3.4664302911409193
84.0, 3.472334967928736
85.0, 3.478258370978287
86.0, 3.4842004047814084
87.0, 3.490160974180971
88.0, 3.4961399843729555
89.0, 3.5021373409084515
90.0, 3.5081529496955866
91.0, 3.5141867170013747
92.0, 3.5202385494535005
93.0, 3.526308354042029
94.0, 3.532396038121044
95.0, 3.5385015094102226
96.0, 3.5446246759963365
97.0, 3.5507654463346867
98.0, 3.5569237292504794
99.0, 3.5630994339401236
100.0, 3.569292469972482
101.0, 3.569292469972482
102.0, 3.569292469972482
103.0, 3.569292469972482
104.0, 3.569292469972482
105.0, 3.569292469972482
106.0, 3.569292469972482
107.0, 3.569292469972482
108.0, 3.569292469972482
109.0, 3.569292469972482
110.0, 3.569292469972482
111.0, 3.569292469972482
112.0, 3.569292469972482
113.0, 3.569292469972482
114.0, 3.569292469972482
115.0, 3.569292469972482
116.0, 3.569292469972482
117.0, 3.569292469972482
118.0, 3.569292469972482
119.0, 3.569292469972482
120.0, 3.569292469972482
121.0, 3.569292469972482
122.0, 3.569292469972482
123.0, 3.569292469972482
124.0, 3.569292469972482
125.0, 3.569292469972482
126.0, 3.569292469972482
127.0, 3.569292469972482
128.0, 3.569292469972482
129.0, 3.569292469972482
130.0, 3.569292469972482
131.0, 3.5630994339401236
132.0, 3.5569237292504794
133.0, 3.5507654463346867
134.0, 3.5446246759963365
135.0, 3.5385015094102226
136.0, 3.532396038121044
137.0, 3.526308354042029
138.0, 3.5202385494535005
139.0, 3.5141867170013747
140.0, 3.5081529496955866
141.0, 3.5021373409084515
142.0, 3.4961399843729555
143.0, 3.494808740105765
144.0, 3.48885611123513
145.0, 3.482922020301964
146.0, 3.4770065622205024
147.0, 3.4711098322529494
148.0, 3.4652319260073035
149.0, 3.459372939435123
150.0, 3.4535329688292045
151.0, 3.364587138310897
152.0, 3.2756915993279088
153.0, 3.186850511754796
154.0, 3.0980686125978654
155.0, 3.0093511403929245
156.0, 2.920703966123956
157.0, 2.832133690878327
158.0, 2.7436477620153545
159.0, 2.655254612036953
160.0, 2.5669638254566487
161.0, 2.4787863404074244
162.0, 2.3907346936257294
163.0, 2.302823319959408
164.0, 2.2150689208961203
165.0, 2.127490921113135
166.0, 2.0401120381600633
167.0, 2.0350902778395827
168.0, 1.9493687727584637
169.0, 1.864094580407433
170.0, 1.7793317792503964
171.0, 1.6951570841794845
172.0, 1.6116626454952958
173.0, 1.528959910911137
174.0, 1.5249511252403594
175.0, 1.446143859975949
176.0, 1.368848492964943
177.0, 1.3654935965149961
178.0, 1.3622038493459976
179.0, 1.3589797245879642
180.0, 1.3558216903884648
181.0, 1.2999959569687836
182.0, 1.2974393923249115
183.0, 1.294955005008366
184.0, 1.292543211213664
185.0, 1.2902044180405574
186.0, 1.2879390231787944
187.0, 1.2857474145961372
188.0, 1.2836299702301617
189.0, 1.2815870576843582
190.0, 1.2012247004720606
191.0, 1.199541772910704
192.0, 1.1185690362449037
193.0, 1.0387171457143933
194.0, 0.9602657573939444
195.0, 0.8835879904756407
196.0, 0.8091882012667405
197.0, 0.7377558873319351
198.0, 0.6702405162206064
199.0, 0.6079484730974369
200.0, 0.5526488382023899
201.0, 0.5066364839394255
202.0, 0.47263168685315865
203.0, 0.45334473488649674
204.0, 0.45066908448049314
205.0, 0.46489163962067115
206.0, 0.49455665731788334
207.0, 0.5371115115422613
208.0, 0.5897725851466132
209.0, 0.5990652433036532
210.0, 0.6541024567870947
211.0, 0.7155438435393394
212.0, 0.7243919224028599
213.0, 0.7332696172714029
214.0, 0.7421758653712519
215.0, 0.7511096509972174
216.0, 0.7600700031300636
217.0, 0.7690559931828673
218.0, 0.778066732869499
219.0, 0.7871013721886936
220.0, 0.7961590975174563
221.0, 0.8052391298078321
222.0, 0.8143407228813486
223.0, 0.8234631618157172
224.0, 0.8326057614186544
225.0, 0.8417678647839404
226.0, 0.8509488419251005
227.0, 0.8601480884823284
228.0, 0.8693650244985216
229.0, 0.8785990932605184
230.0, 0.8878497602018448
231.0, 0.8878497602018448
232.0, 0.8878497602018448
233.0, 0.8878497602018448
234.0, 0.8878497602018448
235.0, 0.8878497602018448
236.0, 0.8878497602018448
237.0, 0.8878497602018448
238.0, 0.8878497602018448
239.0, 0.8878497602018448
240.0, 0.8878497602018448
241.0, 0.8878497602018448
242.0, 0.8878497602018448
243.0, 0.8878497602018448
244.0, 0.8878497602018448
245.0, 0.8878497602018448
246.0, 0.8878497602018448
247.0, 0.8878497602018448
248.0, 0.8878497602018448
249.0, 0.8878497602018448
250.0, 0.8878497602018448
251.0, 0.8878497602018448
252.0, 0.8878497602018448
253.0, 0.8878497602018448
254.0, 0.8878497602018448
255.0, 0.8878497602018448
256.0, 0.8878497602018448
257.0, 0.8878497602018448
258.0, 0.8878497602018448
259.0, 0.8878497602018448
260.0, 0.8878497602018448
261.0, 0.8785990932605184
262.0, 0.8693650244985216
263.0, 0.8601480884823284
264.0, 0.8509488419251005
265.0, 0.8417678647839404
266.0, 0.8326057614186544
267.0, 0.8234631618157172
268.0, 0.8143407228813486
269.0, 0.8052391298078321
270.0, 0.7961590975174563
271.0, 0.7871013721886936
272.0, 0.778066732869499
273.0, 0.7690559931828673
274.0, 0.7600700031300636
275.0, 0.7511096509972174
276.0, 0.7421758653712519
277.0, 0.7332696172714029
278.0, 0.7243919224028599
279.0, 0.7155438435393394
280.0, 0.7067264930416635
281.0, 0.6979410355196664
282.0, 0.6891886906449775
ee_dist
0.0, 0.8787721814651703
1.0, 0.8797036720285897
2.0, 0.9526299545019451
3.0, 1.0272948239400654
4.0, 1.0529746628531522
5.0, 1.0781228419108304
6.0, 1.1131305082985248
7.0, 1.149874227419574
8.0, 1.18645606851071
9.0, 1.2222239751680188
10.0, 1.2572849302106
11.0, 1.2900591707823708
12.0, 1.3332271837774876
13.0, 1.3673002306190654
14.0, 1.3992897316943387
15.0, 1.4280330659090954
16.0, 1.4546001127495962
17.0, 1.4779714689525154
18.0, 1.4998391781915188
19.0, 1.5190658608414154
20.0, 1.5379940733488227
21.0, 1.5132927888742362
22.0, 1.479244850672144
23.0, 1.442156724412978
24.0, 1.401581693745731
25.0, 1.3577036251251111
26.0, 1.3105299242798882
27.0, 1.2602754452561897
28.0, 1.2069667463123726
29.0, 1.1508883814569526
30.0, 1.0920976604553752
31.0, 1.0309626178938662
32.0, 0.9675935781588344
33.0, 0.9024660768728721
34.0, 0.8357971507072672
35.0, 0.7682610670297715
36.0, 0.7003316954584978
37.0, 0.6330999766719839
38.0, 0.5673602467135636
39.0, 0.5057785918504013
40.0, 0.4500598375802375
41.0, 0.46572539881960057
42.0, 0.7076949108326873
43.0, 1.227679374505067
44.0, 1.1880829790233733
45.0, 1.146558607248983
46.0, 1.102681022556425
47.0, 1.0565375635422167
48.0, 1.0080764825677173
49.0, 0.957422317266787
50.0, 0.9050032975697632
51.0, 0.8514772356748614
52.0, 0.7966981292143497
53.0, 0.7409941634539815
54.0, 0.6844082176500259
55.0, 0.6270189120027556
56.0, 0.5697648599725323
57.0, 0.5128836564858951
58.0, 0.5664764411868493
59.0, 0.6414629751443665
60.0, 0.7252297375929998
61.0, 0.8173637538247641
62.0, 0.9122825583225916
63.0, 1.0048772001035586
64.0, 1.0911415319900857
65.0, 1.1576167402040298
66.0, 1.2137620439000192
67.0, 1.27111130101121
68.0, 1.3238746139523418
69.0, 1.3762195788662877
70.0, 1.4289959339861154
71.0, 1.4801168788630032
72.0, 1.5364620900321195
73.0, 1.598051402220933
74.0, 1.6643961959150382
75.0, 1.7418078883739398
76.0, 1.828441957400094
77.0, 1.9244152848078022
78.0, 2.0245583704183616
79.0, 2.1236959843430325
80.0, 2.217440339367123
81.0, 2.2959067117229335
82.0, 2.3593601743513974
83.0, 2.4216720999124504
84.0, 2.481607230950668
85.0, 2.5406892837773367
86.0, 2.5894149592672826
87.0, 2.6177191364589696
88.0, 2.648386365608311
89.0, 2.68796710816251
90.0, 2.7385312874817473
91.0, 2.8224907337936527
92.0, 2.916421630450336
93.0, 3.018861562668799
94.0, 3.125919583462402
95.0, 3.234081130015476
96.0, 3.3499981291509364
97.0, 3.4258401841868418
98.0, 3.4972102087473207
99.0, 3.5651278619930715
100.0, 3.630152504863594
101.0, 3.6945097379492253
102.0, 3.756820295543113
103.0, 3.8199397054550017
104.0, 3.8832805085240456
105.0, 3.953617384436506
106.0, 4.0297358193712105
107.0, 4.109064684136805
108.0, 4.200758705706892
109.0, 4.301623795637634
110.0, 4.407854582624692
111.0, 4.5171762823621116
112.0, 4.619782167071639
113.0, 4.715236711759156
114.0, 4.789356446799698
115.0, 4.867696925160633
116.0, 4.901083069225534
117.0, 4.946443844975704
118.0, 4.9901411796451365
119.0, 5.032848114473867
120.0, 5.07283272347276
121.0, 5.112045697529156
122.0, 5.148063285091528
123.0, 5.182857566193688
124.0, 5.214065321749404
125.0, 5.243681106088322
126.0, 5.269387580321243
127.0, 5.293201209978382
128.0, 5.312852705175187
129.0, 5.330377168102467
130.0, 5.343556335136077
131.0, 5.354443048145522
132.0, 5.3608710421357495
133.0, 5.3649104208838425
134.0, 5.364450032901058
135.0, 5.361571915353645
136.0, 5.354220228861039
137.0, 5.34449255501061
138.0, 5.330387502220064
139.0, 5.314017572379808
140.0, 5.293434270986264
141.0, 5.270766527300566
142.0, 5.244120220454684
143.0, 4.623119442553264
144.0, 4.611338064550405
145.0, 4.600915210730894
146.0, 4.594103887798353
147.0, 4.58872425329829
148.0, 4.587118363520749
149.0, 4.586965553634143
150.0, 4.590621605227016
151.0, 4.50733720897503
152.0, 4.425257428340075
153.0, 4.342022427398254
154.0, 4.259994725558263
155.0, 4.176815218381917
156.0, 4.094845734641512
157.0, 4.011728745562183
158.0, 3.929825112362297
159.0, 3.8467785697671437
160.0, 3.764949300225845
161.0, 3.6819829919019673
162.0, 3.6002385304212936
163.0, 3.517363863562714
164.0, 3.4357164220545475
165.0, 3.3529467240735347
166.0, 3.2714114390896727
167.0, 3.2779168321596135
168.0, 3.1981022390096796
169.0, 3.1172871541721783
170.0, 3.037792256500592
171.0, 2.957326378079016
172.0, 2.877666849205857
173.0, 2.797897092823169
174.0, 2.8096759150404957
175.0, 2.732634679616413
176.0, 2.6570541770346656
177.0, 2.6705762880327044
178.0, 2.6874683034401774
179.0, 2.7055308304325623
180.0, 2.7207405433080942
181.0, 2.6691248336710762
182.0, 2.6477872978965333
183.0, 2.628368060097192
184.0, 2.6117692303631577
185.0, 2.59662875065837
186.0, 2.5850008519282346
187.0, 2.574793096716467
188.0, 2.5683884183002808
189.0, 2.5635283499325427
190.0, 2.481106427619328
191.0, 2.4789443224063423
192.0, 2.396351480886978
193.0, 2.312584901948979
194.0, 2.230014627838803
195.0, 2.1462732936479565
196.0, 2.063731030915015
197.0, 1.980021315101931
198.0, 1.897514691038981
199.0, 1.8138454930479075
200.0, 1.7293807279625617
201.0, 1.6466431590498198
202.0, 1.5654783929902576
203.0, 1.4817879664932851
204.0, 1.3995123678686745
205.0, 1.3160646050609308
206.0, 1.233865370964001
207.0, 1.1505641110915366
208.0, 1.0496314518663126
209.0, 1.071055858971746
210.0, 0.9714116158321313
211.0, 0.9096189733926758
212.0, 0.9148639317655001
213.0, 0.9240763497420643
214.0, 0.9246476620204978
215.0, 0.9241146289844726
216.0, 0.9246441329843516
217.0, 0.9241134219992406
218.0, 0.9246442650933984
219.0, 0.9241134219992406
220.0, 0.9246440179696568
221.0, 0.9241134219992406
222.0, 0.9246440179696568
223.0, 0.9241134219992406
224.0, 0.9246440179696568
225.0, 0.9241134219992406
226.0, 0.9246441329843516
227.0, 0.9241134219992406
228.0, 0.9246440179696568
229.0, 0.9241134219992406
230.0, 0.9246440179696568
231.0, 0.9241134219992406
232.0, 0.9246440179696568
233.0, 0.9241134219992406
234.0, 0.9246441329843516
235.0, 0.9241134219992406
236.0, 0.9246441500786587
237.0, 0.9241134219992406
238.0, 0.9246441329843516
239.0, 0.9241134219992406
240.0, 0.9246440179696568
241.0, 0.9241134219992406
242.0, 0.9246441329843516
243.0, 0.9307972411538603
244.0, 0.9404214180318021
245.0, 0.9514737197920846
246.0, 0.9650692741300974
247.0, 0.9799851484525588
248.0, 0.9972517628473068
249.0, 1.0155848665490461
250.0, 1.0360356763634553
251.0, 1.0572605088366265
252.0, 1.0802911248656755
253.0, 1.103755601652093
254.0, 1.1286411251321031
255.0, 1.15359983051857
256.0, 1.1795608562933084
257.0, 1.2052610459097803
258.0, 1.231563047862961
259.0, 1.257325871431685
260.0, 1.2833628478847392
261.0, 1.3086029967962722
262.0, 1.3338516614823037
263.0, 1.3048307492852302
264.0, 1.2687741180478802
265.0, 1.2309750006013058
266.0, 1.191158386115842
267.0, 1.1495358050705762
268.0, 1.10617564235241
269.0, 1.0613184524784647
270.0, 1.0150605782231004
271.0, 0.9676313688677161
272.0, 0.919331507498379
273.0, 0.8704441537895768
274.0, 0.8212153504598437
275.0, 0.7721345492355782
276.0, 0.723542267290027
277.0, 0.675988783725998
278.0, 0.6302248710013842
279.0, 0.5870583518980761
280.0, 0.5472806671594098
281.0, 0.5129340077657086
282.0, 0.48531467365269293
ee_box_dist
0.0, 0.7886410047531855
1.0, 0.8282678954279815
2.0, 0.8555989731409603
3.0, 0.8957163417498452
4.0, 0.9313096452674071
5.0, 0.9688747511513015
6.0, 1.0065606229224213
7.0, 1.0413563780443131
8.0, 1.0747084956711752
9.0, 1.1067572837739796
10.0, 1.1375837968359186
11.0, 1.1661992999128765
12.0, 1.2052129826083962
13.0, 1.2355408121013445
14.0, 1.2639246530207329
15.0, 1.2893015237246097
16.0, 1.3127475332368204
17.0, 1.3332378628927963
18.0, 1.3524556643392767
19.0, 1.3692780463915226
20.0, 1.3859994860007037
21.0, 1.3609893613214448
22.0, 1.3270780757640008
23.0, 1.2901393533383072
24.0, 1.2497666042589215
25.0, 1.2061511240691942
26.0, 1.1592996268125662
27.0, 1.109424531468809
28.0, 1.0565367310311866
29.0, 1.0009024525454566
30.0, 0.942541414749674
31.0, 0.8817802721528513
32.0, 0.8186601524691595
33.0, 0.7535774885930084
34.0, 0.6866280022801556
35.0, 0.6183436810286582
36.0, 0.5489919310678899
37.0, 0.47943666857444384
38.0, 0.4102468115127019
39.0, 0.34503982411806866
40.0, 0.2845120999756881
41.0, 0.2996735546290073
42.0, 0.31476471046750076
43.0, 0.32988111175316287
44.0, 0.3447636898024808
45.0, 0.3596828884093009
46.0, 0.37444796466286834
47.0, 0.3891352892651655
48.0, 0.4036120792671699
49.0, 0.4179701434638276
50.0, 0.4321013180203014
51.0, 0.44586872542502504
52.0, 0.45970655110908737
53.0, 0.4732341206507944
54.0, 0.4864694460558095
55.0, 0.4995166144381953
56.0, 0.5122354487996188
57.0, 0.5246857660070732
58.0, 0.5368096230384461
59.0, 0.5486533499231708
60.0, 0.5601563732778025
61.0, 0.5713730367953429
62.0, 0.5822389944803124
63.0, 0.592806937763656
64.0, 0.6030186093222257
65.0, 0.6129197158958218
66.0, 0.6224593415163745
67.0, 0.6316754341767584
68.0, 0.6405203493034942
69.0, 0.6490258524820854
70.0, 0.6571492576977193
71.0, 0.6649184543422371
72.0, 0.6722946176677049
73.0, 0.6793021560695998
74.0, 0.6859046450042036
75.0, 0.6921233663840614
76.0, 0.6979251187434518
77.0, 0.7033264474040614
78.0, 0.7082964765785508
79.0, 0.7128487917008623
80.0, 0.7169539833178723
81.0, 0.7206229429415452
82.0, 0.7238229528314236
83.0, 0.7265779915124876
84.0, 0.7288089170429862
85.0, 0.7308064479121179
86.0, 0.7509836138538116
87.0, 0.7962835752802917
88.0, 0.8359506456176032
89.0, 0.8701289818333361
90.0, 0.8962085069466118
91.0, 0.8955651230328249
92.0, 0.895430496753535
93.0, 0.8948934579902137
94.0, 0.8954893398003927
95.0, 0.8949130092706735
96.0, 0.8785753055677711
97.0, 0.8950027494925143
98.0, 0.8954618366919713
99.0, 0.8950065305915982
100.0, 0.8954774322539146
101.0, 0.8949091719197046
102.0, 0.8954878298577572
103.0, 0.8949125237564949
104.0, 0.8954873583785377
105.0, 0.894912316026284
106.0, 0.8932113479554494
107.0, 0.8955643289741467
108.0, 0.895427856231784
109.0, 0.8948910507372572
110.0, 0.8954893159435569
111.0, 0.8949127877882125
112.0, 0.8954871309820089
113.0, 0.8949120889309341
114.0, 0.8954871495544959
115.0, 0.8827171203259323
116.0, 0.8962681998250238
117.0, 0.8955961606393702
118.0, 0.8954372737227239
119.0, 0.8948948728753008
120.0, 0.8954887690431202
121.0, 0.8949126175684982
122.0, 0.8954870172839371
123.0, 0.8949121070761213
124.0, 0.8954870737558004
125.0, 0.8949121070761213
126.0, 0.8954870737558004
127.0, 0.8949119751800501
128.0, 0.8954870172839371
129.0, 0.8949120506073214
130.0, 0.8954870737558004
131.0, 0.8949121070761213
132.0, 0.8954870737558004
133.0, 0.8949120316488508
134.0, 0.8954870172839371
135.0, 0.8949120506073214
136.0, 0.8954870737558004
137.0, 0.894911956221582
138.0, 0.8954870548061356
139.0, 0.8949120316488508
140.0, 0.8954870548061356
141.0, 0.8949120126903838
142.0, 0.8954870548061356
143.0, 1.620848817159344
144.0, 1.617678673781778
145.0, 1.6138093875257842
146.0, 1.6070635681788317
147.0, 1.599638203487267
148.0, 1.5894169265669624
149.0, 1.578543017133105
150.0, 1.5650004292868471
151.0, 1.63644187009036
152.0, 1.7079996332071015
153.0, 1.7815591570868627
154.0, 1.854953964081621
155.0, 1.930160466132593
156.0, 2.00499419674629
157.0, 2.081499750752614
158.0, 2.1574762976853004
159.0, 2.2350209922004756
160.0, 2.3119175560534657
161.0, 2.3903037152862536
162.0, 2.4679499054414666
163.0, 2.547025745731912
164.0, 2.625289755386077
165.0, 2.704937250963372
166.0, 2.783715408925249
167.0, 2.7750521743333487
168.0, 2.8523647943903105
169.0, 2.931081834531457
170.0, 3.0089681542197817
171.0, 3.088222600043601
172.0, 3.1670824325185247
173.0, 3.2465596374581325
174.0, 3.2358474394069687
175.0, 3.3138580232550807
176.0, 3.3910970495988058
177.0, 3.380174193978173
178.0, 3.366200144810177
179.0, 3.3513555029323925
180.0, 3.3396693799978596
181.0, 3.399759735488338
182.0, 3.416970664532582
183.0, 3.4323797430320746
184.0, 3.445105564894139
185.0, 3.456705176794596
186.0, 3.4651487015278812
187.0, 3.472629254284166
188.0, 3.476828159474319
189.0, 3.4800216532941564
190.0, 3.562025386609078
191.0, 3.5630273935555064
192.0, 3.6449733303991008
193.0, 3.7281110142407385
194.0, 3.810125851895765
195.0, 3.8933294558336247
196.0, 3.975404784147955
197.0, 4.058666433257281
198.0, 4.140794983518163
199.0, 4.224107953073729
200.0, 4.308177986103297
201.0, 4.390667051607302
202.0, 4.471738705660886
203.0, 4.555295099623714
204.0, 4.637510630213353
205.0, 4.720948600254519
206.0, 4.80323859130453
207.0, 4.886706455405949
208.0, 4.98682444069318
209.0, 4.967569576535614
210.0, 5.067218345056687
211.0, 5.131545947325259
212.0, 5.129220101218608
213.0, 5.123978262645962
214.0, 5.123373302345339
215.0, 5.123938896458145
216.0, 5.123383537626141
217.0, 5.123941143980766
218.0, 5.123382830377896
219.0, 5.123935556769374
220.0, 5.123363799937874
221.0, 5.123913364196776
222.0, 5.12333152770651
223.0, 5.123888449764371
224.0, 5.1233739702036765
225.0, 5.1239341370502745
226.0, 5.123390869570801
227.0, 5.123957182518489
228.0, 5.123373123684837
229.0, 5.123930201993815
230.0, 5.123373010581507
231.0, 5.123930201993815
232.0, 5.123373010581507
233.0, 5.123930201993815
234.0, 5.123372899846081
235.0, 5.123930201993815
236.0, 5.123372910664936
237.0, 5.123930201993815
238.0, 5.123372899846081
239.0, 5.123930627134343
240.0, 5.123380581230137
241.0, 5.123926157915663
242.0, 5.1233717228434745
243.0, 5.119655960630102
244.0, 5.116974779003245
245.0, 5.113158431587786
246.0, 5.107275560428216
247.0, 5.100213874135873
248.0, 5.0909496811101675
249.0, 5.0804175500599555
250.0, 5.0676111705476865
251.0, 5.05358307757344
252.0, 5.03732964023587
253.0, 5.020063147817651
254.0, 5.000741362712387
255.0, 4.980725878641936
256.0, 4.9589137593037025
257.0, 4.936760310706247
258.0, 4.913111330863501
259.0, 4.889456208498217
260.0, 4.864592324433835
261.0, 4.8400749736241195
262.0, 4.814631493973097
263.0, 4.855544201506435
264.0, 4.906700853131377
265.0, 4.958473360347991
266.0, 5.010991351363668
267.0, 5.063794271331306
268.0, 5.116498138692492
269.0, 5.168684794237003
270.0, 5.219994692733645
271.0, 5.270143151343689
272.0, 5.318525567297117
273.0, 5.364989143147325
274.0, 5.409223558150563
275.0, 5.450895843832762
276.0, 5.48976112818362
277.0, 5.525709133559113
278.0, 5.558189353594948
279.0, 5.587260615950499
280.0, 5.612866492099789
281.0, 5.634298278363058
282.0, 5.65168405221109
spot_hold
0, 0
1, 0
2, 0
3, 0
4, 0
5, 0
6, 0
7, 0
8, 0
9, 0
10, 0
11, 0
12, 0
13, 0
14, 0
15, 0
16, 0
17, 0
18, 0
19, 0
20, 0
21, 0
22, 0
23, 0
24, 0
25, 0
26, 0
27, 0
28, 0
29, 0
30, 0
31, 0
32, 0
33, 0
34, 0
35, 0
36, 0
37, 0
38, 0
39, 0
40, 0
41, 1
42, 1
43, 1
44, 1
45, 1
46, 1
47, 1
48, 1
49, 1
50, 1
51, 1
52, 1
53, 1
54, 1
55, 1
56, 1
57, 1
58, 1
59, 1
60, 1
61, 1
62, 1
63, 1
64, 1
65, 1
66, 1
67, 1
68, 1
69, 1
70, 1
71, 1
72, 1
73, 1
74, 1
75, 1
76, 1
77, 1
78, 1
79, 1
80, 1
81, 1
82, 1
83, 1
84, 1
85, 1
86, 1
87, 1
88, 1
89, 1
90, 1
91, 1
92, 1
93, 1
94, 1
95, 1
96, 1
97, 1
98, 1
99, 1
100, 1
101, 1
102, 1
103, 1
104, 1
105, 1
106, 1
107, 1
108, 1
109, 1
110, 1
111, 1
112, 1
113, 1
114, 1
115, 1
116, 1
117, 1
118, 1
119, 1
120, 1
121, 1
122, 1
123, 1
124, 1
125, 1
126, 1
127, 1
128, 1
129, 1
130, 1
131, 1
132, 1
133, 1
134, 1
135, 1
136, 1
137, 1
138, 1
139, 1
140, 1
141, 1
142, 1
143, 1
144, 1
145, 1
146, 1
147, 1
148, 1
149, 1
150, 1
151, 1
152, 1
153, 1
154, 1
155, 1
156, 1
157, 1
158, 1
159, 1
160, 1
161, 1
162, 1
163, 1
164, 1
165, 1
166, 1
167, 1
168, 1
169, 1
170, 1
171, 1
172, 1
173, 1
174, 1
175, 1
176, 1
177, 1
178, 1
179, 1
180, 1
181, 1
182, 1
183, 1
184, 1
185, 1
186, 1
187, 1
188, 1
189, 1
190, 1
191, 1
192, 1
193, 1
194, 1
195, 1
196, 1
197, 1
198, 1
199, 1
200, 1
201, 1
202, 1
203, 1
204, 1
205, 1
206, 1
207, 1
208, 1
209, 1
210, 1
211, 1
212, 1
213, 1
214, 1
215, 1
216, 1
217, 1
218, 1
219, 1
220, 1
221, 1
222, 1
223, 1
224, 1
225, 1
226, 1
227, 1
228, 1
229, 1
230, 1
231, 1
232, 1
233, 1
234, 1
235, 1
236, 1
237, 1
238, 1
239, 1
240, 1
241, 1
242, 1
243, 1
244, 1
245, 1
246, 1
247, 1
248, 1
249, 1
250, 1
251, 1
252, 1
253, 1
254, 1
255, 1
256, 1
257, 1
258, 1
259, 1
260, 1
261, 1
262, 1
263, 1
264, 1
265, 1
266, 1
267, 1
268, 1
269, 1
270, 1
271, 1
272, 1
273, 1
274, 1
275, 1
276, 1
277, 1
278, 1
279, 1
280, 1
281, 1
282, 1
