bot_dist
0.0, 2.997946656345891
1.0, 3.0015347157530137
2.0, 3.0051517689795504
3.0, 3.0087977114599602
4.0, 3.0124724383017756
5.0, 3.016175844297606
6.0, 3.0199078239370625
7.0, 3.0236682714186043
8.0, 3.027457080661299
9.0, 3.0312741453165
10.0, 3.0351193587794367
11.0, 3.0389926142007155
12.0, 3.0428938044977314
13.0, 3.046822822365986
14.0, 3.050779560290315
15.0, 3.054763910556015
16.0, 3.058775765259881
17.0, 3.062815016321135
18.0, 3.0668815554922695
19.0, 3.0709752743697742
20.0, 3.075096064404771
21.0, 3.0792438169135448
22.0, 3.083418423087962
23.0, 3.087619774005794
24.0, 3.091847760640926
25.0, 3.0961022738734587
26.0, 3.1003832044997073
27.0, 3.104690443242083
28.0, 3.1090238807588713
29.0, 3.113383407653892
30.0, 3.1177689144860534
31.0, 3.122180291778793
32.0, 3.1266174300294
33.0, 3.1310802197182315
34.0, 3.1355685513178098
35.0, 3.1400823153018047
36.0, 3.144621402153906
37.0, 3.149185702376573
38.0, 3.153775106499676
39.0, 3.158389505089015
40.0, 3.1630287887547275
41.0, 3.167692848159579
42.0, 3.172381574027133
43.0, 3.177094744487091
44.0, 3.181832361908253
45.0, 3.186594317252251
46.0, 3.191380501573035
47.0, 3.196190806024463
48.0, 3.201025121867772
49.0, 3.2058833404789375
50.0, 3.210765353355914
51.0, 3.2156710521257614
52.0, 3.2206003285516505
53.0, 3.225553074539765
54.0, 3.2305291821460753
55.0, 3.2355285435830083
56.0, 3.240551051225996
57.0, 3.2455965976199135
58.0, 3.2506650754854065
59.0, 3.2557563777250986
60.0, 3.260870397429695
61.0, 3.266007027883968
62.0, 3.2711661625726345
63.0, 3.2763476951861215
64.0, 3.2815515196262233
65.0, 3.286777530011649
66.0, 3.2920256206834573
67.0, 3.2972956862103917
68.0, 3.302587621394101
69.0, 3.3079013212742554
70.0, 3.313236681133558
71.0, 3.3185935965026494
72.0, 3.323971963164912
73.0, 3.3293716771611637
74.0, 3.334792634794255
75.0, 3.3402347326335633
76.0, 3.3456978675193825
77.0, 3.3511819365672175
78.0, 3.3566868371719747
79.0, 3.3622124670120597
80.0, 3.3677587240533686
81.0, 3.3733255065531926
82.0, 3.3789127130640217
83.0, 3.384520242437252
84.0, 3.390147993826802
85.0, 3.3957958666926364
86.0, 3.4014637608041967
87.0, 3.407151576243739
88.0, 3.412859213409585
89.0, 3.4185865730192817
90.0, 3.424333556112675
91.0, 3.4301000640548907
92.0, 3.435885998539239
93.0, 3.441691261590024
94.0, 3.447515755565275
95.0, 3.4533593831593925
96.0, 3.459222047405711
97.0, 3.465103651678984
98.0, 3.4710040996977853
99.0, 3.4769232955268317
100.0, 3.4828611435792305
101.0, 3.4828611435792305
102.0, 3.4828611435792305
103.0, 3.4828611435792305
104.0, 3.4828611435792305
105.0, 3.4828611435792305
106.0, 3.4828611435792305
107.0, 3.4828611435792305
108.0, 3.4828611435792305
109.0, 3.4828611435792305
110.0, 3.4828611435792305
111.0, 3.4828611435792305
112.0, 3.4828611435792305
113.0, 3.4828611435792305
114.0, 3.4828611435792305
115.0, 3.4828611435792305
116.0, 3.4828611435792305
117.0, 3.4828611435792305
118.0, 3.4828611435792305
119.0, 3.4828611435792305
120.0, 3.4828611435792305
121.0, 3.4828611435792305
122.0, 3.4828611435792305
123.0, 3.4828611435792305
124.0, 3.4828611435792305
125.0, 3.4828611435792305
126.0, 3.4828611435792305
127.0, 3.4828611435792305
128.0, 3.4828611435792305
129.0, 3.4828611435792305
130.0, 3.4828611435792305
131.0, 3.4769232955268317
132.0, 3.4710040996977853
133.0, 3.465103651678984
134.0, 3.459222047405711
135.0, 3.4533593831593925
136.0, 3.447515755565275
137.0, 3.441691261590024
138.0, 3.435885998539239
139.0, 3.4301000640548907
140.0, 3.424333556112675
141.0, 3.4185865730192817
142.0, 3.412859213409585
143.0, 3.4119124208754217
144.0, 3.4062325552269637
145.0, 3.4005726094983735
146.0, 3.3949326833196074
147.0, 3.389312876630202
148.0, 3.383713289675922
149.0, 3.3781340230053245
150.0, 3.372575177466227
151.0, 3.2841042012694457
152.0, 3.195711138393668
153.0, 3.107402587862593
154.0, 3.019186019407351
155.0, 2.93106973820862
156.0, 2.8430630690204133
157.0, 2.7551765156412524
158.0, 2.667421950869838
159.0, 2.5798128438612182
160.0, 2.4923645336202815
161.0, 2.405094559736281
162.0, 2.318023064558622
163.0, 2.2311732850915713
164.0, 2.144572158290497
165.0, 2.0582510706546677
166.0, 1.972246792699962
167.0, 1.9677748193347322
168.0, 1.884039118777044
169.0, 1.800953325826741
170.0, 1.718611458700922
171.0, 1.6371257720765735
172.0, 1.5566307284208465
173.0, 1.4772882721995075
174.0, 1.474104196438508
175.0, 1.3997305196796381
176.0, 1.3274282945076918
177.0, 1.325042437083292
178.0, 1.3227278793093427
179.0, 1.3204849961098697
180.0, 1.318314153310547
181.0, 1.270566917664269
182.0, 1.2690724165567149
183.0, 1.2676550415179395
184.0, 1.2663150515275132
185.0, 1.265052692492664
186.0, 1.2638681970281862
187.0, 1.262761784246795
188.0, 1.1930608895074923
189.0, 1.1924891675623044
190.0, 1.122170471564872
191.0, 1.0547179361780743
192.0, 0.9907171430595517
193.0, 0.9308803173454463
194.0, 0.8760610982705326
195.0, 0.8272575811665429
196.0, 0.7855917122174859
197.0, 0.752250454320114
198.0, 0.72837787497807
199.0, 0.7149231332829109
200.0, 0.7124766798017146
201.0, 0.7211505578117718
202.0, 0.7405541234885665
203.0, 0.7698765275109658
204.0, 0.8080386750778092
205.0, 0.8538561402504491
206.0, 0.9061684672719648
207.0, 0.9639187978898347
208.0, 1.0261894473173463
209.0, 1.0922075304896557
210.0, 1.1613341347535935
211.0, 1.2330464964773882
212.0, 1.3069191490824126
213.0, 1.3162880427931343
214.0, 1.387633674040485
215.0, 1.4608660274476688
216.0, 1.4700022354279845
217.0, 1.4791496216851043
218.0, 1.488307980108446
219.0, 1.4974771093853676
220.0, 1.5066568128698743
221.0, 1.5158468984553277
222.0, 1.5250471784510289
223.0, 1.534257469462551
224.0, 1.543477592275701
225.0, 1.5527073717439928
226.0, 1.5619466366795178
227.0, 1.571195219747106
228.0, 1.5804529573616652
229.0, 1.5897196895886045
230.0, 1.5989952600472344
231.0, 1.5989952600472344
232.0, 1.5989952600472344
233.0, 1.5989952600472344
234.0, 1.5989952600472344
235.0, 1.5989952600472344
236.0, 1.5989952600472344
237.0, 1.5989952600472344
238.0, 1.5989952600472344
239.0, 1.5989952600472344
240.0, 1.5989952600472344
241.0, 1.5989952600472344
242.0, 1.5989952600472344
243.0, 1.5989952600472344
244.0, 1.5989952600472344
245.0, 1.5989952600472344
246.0, 1.5989952600472344
247.0, 1.5989952600472344
248.0, 1.5989952600472344
249.0, 1.5989952600472344
250.0, 1.5989952600472344
251.0, 1.5989952600472344
252.0, 1.5989952600472344
253.0, 1.5989952600472344
254.0, 1.5989952600472344
255.0, 1.5989952600472344
256.0, 1.5989952600472344
257.0, 1.5989952600472344
258.0, 1.5989952600472344
259.0, 1.5989952600472344
260.0, 1.5989952600472344
261.0, 1.5897196895886045
262.0, 1.5804529573616652
263.0, 1.571195219747106
264.0, 1.5619466366795178
265.0, 1.5527073717439928
266.0, 1.543477592275701
267.0, 1.534257469462551
268.0, 1.5250471784510289
269.0, 1.5158468984553277
270.0, 1.5066568128698743
271.0, 1.4974771093853676
272.0, 1.488307980108446
273.0, 1.4791496216851043
274.0, 1.4700022354279845
275.0, 1.4608660274476688
276.0, 1.4517412087881134
277.0, 1.442627995566352
278.0, 1.4335266091166172
279.0, 1.4244372761390234
280.0, 1.4153602288529636
281.0, 1.4062957051553717
282.0, 1.397243948784017
ee_dist
0.0, 1.0354102348595273
1.0, 1.0632359252219306
2.0, 1.1528041254842754
3.0, 1.2356361859082348
4.0, 1.2641432414166522
5.0, 1.2896403923104147
6.0, 1.323570890775762
7.0, 1.3608307230456402
8.0, 1.4001684565766839
9.0, 1.4366238224114607
10.0, 1.4717097460339614
11.0, 1.5054262396246072
12.0, 1.5376348976987106
13.0, 1.567050410289771
14.0, 1.594991056056891
15.0, 1.6202494760095627
16.0, 1.6446995617971611
17.0, 1.6660916446949567
18.0, 1.6873054331455501
19.0, 1.705516782481219
20.0, 1.724067288169486
21.0, 1.6982288485273762
22.0, 1.6617808895122546
23.0, 1.6222840788179234
24.0, 1.5792551638252514
25.0, 1.532657539724661
26.0, 1.4829084200489968
27.0, 1.4302689286068238
28.0, 1.374588993694973
29.0, 1.316436287786788
30.0, 1.2556028580852203
31.0, 1.1929687857395805
32.0, 1.1293576836211858
33.0, 1.0636765804438872
34.0, 0.9969278195138904
35.0, 0.9306125158369166
36.0, 0.8640162505266885
37.0, 0.8021497627289844
38.0, 0.7427841742357938
39.0, 0.6886511067155573
40.0, 0.6423518443187833
41.0, 0.6427339670778163
42.0, 0.7335406846402599
43.0, 1.0588471912074862
44.0, 1.0165083418743515
45.0, 0.9727210112678393
46.0, 0.9265707155543065
47.0, 0.8785139985260262
48.0, 0.8282107779582724
49.0, 0.7760703163522653
50.0, 0.7223514718784423
51.0, 0.6678122469883004
52.0, 0.6126355793948777
53.0, 0.5569968047149051
54.0, 0.5011815190591534
55.0, 0.44553642732121396
56.0, 0.3914324704982687
57.0, 0.33957227808443957
58.0, 0.38061279426573263
59.0, 0.44977458941518134
60.0, 0.5292743281064217
61.0, 0.6183881988772616
62.0, 0.7115001207886524
63.0, 0.8034311706901078
64.0, 0.8894574454940475
65.0, 0.9564209672975637
66.0, 1.0139907330944717
67.0, 1.0723320605099222
68.0, 1.1256822011594732
69.0, 1.1782267172399732
70.0, 1.2307555155007865
71.0, 1.2814983630049632
72.0, 1.3364380854992874
73.0, 1.3969592249130995
74.0, 1.46210501264157
75.0, 1.5383204263422219
76.0, 1.6237930526574624
77.0, 1.7186275182768602
78.0, 1.817843884380158
79.0, 1.9162969407681905
80.0, 2.0096145710086435
81.0, 2.087928070497701
82.0, 2.1515054082995433
83.0, 2.214082768751011
84.0, 2.274007842201622
85.0, 2.333033773648041
86.0, 2.392858687093813
87.0, 2.4525608787635207
88.0, 2.502582984161189
89.0, 2.5416862273403065
90.0, 2.5810101476050367
91.0, 2.6333249535702765
92.0, 2.728701672463895
93.0, 2.828822803796437
94.0, 2.9372359691226246
95.0, 3.0433420281988304
96.0, 3.1472274732002847
97.0, 3.256922327841585
98.0, 3.3311237103341464
99.0, 3.396483949931542
100.0, 3.462425741439934
101.0, 3.5054848672345247
102.0, 3.5748706853772085
103.0, 3.629353498597861
104.0, 3.6952171614036797
105.0, 3.7684513122758556
106.0, 3.8596387214203114
107.0, 3.942103695900999
108.0, 4.032575047864999
109.0, 4.108450824836096
110.0, 4.218319780027487
111.0, 4.3255052364570465
112.0, 4.4298448244650706
113.0, 4.523555985624561
114.0, 4.599596123102364
115.0, 4.670725647513401
116.0, 4.732487538023993
117.0, 4.796696547227288
118.0, 4.840814893735833
119.0, 4.882093829128442
120.0, 4.924982938037345
121.0, 4.964376986360665
122.0, 5.0048598998575615
123.0, 5.041364953504469
124.0, 5.078487653560559
125.0, 5.111208809152998
126.0, 5.14413450762622
127.0, 5.172299483772626
128.0, 5.200314523499424
129.0, 5.223277499277343
130.0, 5.245797093884118
131.0, 5.263039684367263
132.0, 5.279611497424959
133.0, 5.290748907749215
134.0, 5.301051488338062
135.0, 5.305830620849787
136.0, 5.309675234947624
137.0, 5.307974147026319
138.0, 5.305305779245712
139.0, 5.29713567408313
140.0, 5.288033031902432
141.0, 5.273537770885923
142.0, 5.258208585274232
143.0, 4.578901635449316
144.0, 4.565259356924282
145.0, 4.556145175171672
146.0, 4.547724096226638
147.0, 4.544233078033526
148.0, 4.541430021909739
149.0, 4.543690767737809
150.0, 4.5466003902658505
151.0, 4.465311757151646
152.0, 4.381844892990443
153.0, 4.300628204677518
154.0, 4.217235969818807
155.0, 4.136103082115343
156.0, 4.052795369380447
157.0, 3.971756547308324
158.0, 3.888544329334029
159.0, 3.8076117252780994
160.0, 3.724507928640549
161.0, 3.643695876997726
162.0, 3.5607158365137526
163.0, 3.4662538362806976
164.0, 3.398202996855975
165.0, 3.2936350586945697
166.0, 3.2201582770055728
167.0, 3.2451793845989703
168.0, 3.163143549612568
169.0, 3.085064606959018
170.0, 3.0048942067752287
171.0, 2.927170925027722
172.0, 2.847489946777172
173.0, 2.7703014677612794
174.0, 2.782269576030987
175.0, 2.7084663789277847
176.0, 2.6330139221592144
177.0, 2.6505162937947695
178.0, 2.6684248146175715
179.0, 2.6905712926844356
180.0, 2.712944968827256
181.0, 2.6591258744352118
182.0, 2.63449689366202
183.0, 2.6136917697756994
184.0, 2.5931890642842537
185.0, 2.5771358417666934
186.0, 2.5615496507024034
187.0, 2.550886140308526
188.0, 2.4705515878085924
189.0, 2.4624682026903333
190.0, 2.3802164210168884
191.0, 2.3004282718272857
192.0, 2.2185117209360476
193.0, 2.1391038136364924
194.0, 2.0575995046483375
195.0, 1.9786651919902773
196.0, 1.8976806220349105
197.0, 1.8193466712496422
198.0, 1.7390294180024735
199.0, 1.6614705023243366
200.0, 1.5820270784708181
201.0, 1.5054905186397252
202.0, 1.4272186653351142
203.0, 1.3520631364872837
204.0, 1.2754024256103054
205.0, 1.202166086734711
206.0, 1.1277872425642432
207.0, 1.057302192218213
208.0, 0.9862624037653226
209.0, 0.9198519108247005
210.0, 0.8538609435897417
211.0, 0.7936766984986783
212.0, 0.7355264192413666
213.0, 0.7141518087434006
214.0, 0.6544050566386872
215.0, 0.6029009338147217
216.0, 0.5778953249998336
217.0, 0.5579614762286973
218.0, 0.5384274150772169
219.0, 0.5252414328441489
220.0, 0.5130217797211584
221.0, 0.5081000206903115
222.0, 0.5045455526870307
223.0, 0.5085985649241578
224.0, 0.5140710484397865
225.0, 0.5266737540173522
226.0, 0.5403965847525002
227.0, 0.5601628784254336
228.0, 0.5805801003837014
229.0, 0.6056861846570307
230.0, 0.6045399348387566
231.0, 0.6057063283444769
232.0, 0.604564738298639
233.0, 0.6057039600963953
234.0, 0.6045642984708015
235.0, 0.6057039600963953
236.0, 0.6045642984708015
237.0, 0.6057039600963953
238.0, 0.6045642984708015
239.0, 0.6057039600963953
240.0, 0.6045642984708015
241.0, 0.605704032138736
242.0, 0.6043574465709003
243.0, 0.6177855507339683
244.0, 0.6306941836230672
245.0, 0.6434801963392063
246.0, 0.6585207045924758
247.0, 0.6745406526550461
248.0, 0.6919438905421258
249.0, 0.7100147024137726
250.0, 0.7292592454841949
251.0, 0.7488855704156883
252.0, 0.7694604050442287
253.0, 0.7901572698596194
254.0, 0.8115460548182504
255.0, 0.8328294837581558
256.0, 0.8545357440154497
257.0, 0.8759092137148635
258.0, 0.8974345424637394
259.0, 0.9184407277426441
260.0, 0.9393594501818859
261.0, 0.9596295051739205
262.0, 0.979618753128443
263.0, 0.9608816072554272
264.0, 0.9378116627146896
265.0, 0.9139287858241629
266.0, 0.8890175859707067
267.0, 0.8633875599646837
268.0, 0.8370153602298314
269.0, 0.8102585771265495
270.0, 0.7831098809179476
271.0, 0.7559951424708532
272.0, 0.7289371694409799
273.0, 0.7024369031907044
274.0, 0.6765658409535178
275.0, 0.6451146678042284
276.0, 0.6107767214055333
277.0, 0.5862358935363174
278.0, 0.5670204493157074
279.0, 0.5480259103284336
280.0, 0.5329047950469956
281.0, 0.521931277368847
282.0, 0.515489033233693
ee_box_dist
0.0, 0.6767797296123506
1.0, 0.7250288248741754
2.0, 0.7561245332126336
3.0, 0.7929236452253979
4.0, 0.8283203715727184
5.0, 0.8654119039994711
6.0, 0.9033311524058726
7.0, 0.9406658773734484
8.0, 0.9779975366239648
9.0, 1.011713230217122
10.0, 1.0431623582700338
11.0, 1.0730394392143945
12.0, 1.1012664649083654
13.0, 1.126888290179618
14.0, 1.151054517181598
15.0, 1.172834429321897
16.0, 1.1939010036846411
17.0, 1.2122502217504116
18.0, 1.2305210245429532
19.0, 1.246109505671143
20.0, 1.262127932458139
21.0, 1.2403600727059143
22.0, 1.2100175733869167
23.0, 1.176881551796493
24.0, 1.1405178697859109
25.0, 1.100893813352718
26.0, 1.0583351715750173
27.0, 1.0129845240895736
28.0, 0.9646188199610236
29.0, 0.9137052776804114
30.0, 0.8598410501347626
31.0, 0.8037439245148282
32.0, 0.7459382351848158
33.0, 0.6851940919587279
34.0, 0.622002139908603
35.0, 0.5573075179325175
36.0, 0.49621513183105037
37.0, 0.4331559462352742
38.0, 0.3655988321869479
39.0, 0.2990522667133846
40.0, 0.23473392751544428
41.0, 0.08024185976707623
42.0, 0.08288811731852538
43.0, 0.08301496477595449
44.0, 0.08296481239817884
45.0, 0.08301747302956995
46.0, 0.08297191149114243
47.0, 0.083017318504338
48.0, 0.0829777745063326
49.0, 0.08301735541463393
50.0, 0.08298265610068467
51.0, 0.08301651225084085
52.0, 0.08298667995544251
53.0, 0.08301548017827175
54.0, 0.08299046586935477
55.0, 0.08301495191319383
56.0, 0.08299377629234608
57.0, 0.08301393062783513
58.0, 0.08299672848077895
59.0, 0.08301282487483978
60.0, 0.08290606005485754
61.0, 0.08300808593821687
62.0, 0.082928262656304
63.0, 0.08290187965369188
64.0, 0.08299806361600846
65.0, 0.08297823767555204
66.0, 0.08299924571930771
67.0, 0.08300465609914606
68.0, 0.08300191902902587
69.0, 0.08300342834139589
70.0, 0.08300315580031846
71.0, 0.0830026886796673
72.0, 0.0830045695906928
73.0, 0.08300279400787298
74.0, 0.08300676363211723
75.0, 0.08300344538333597
76.0, 0.08300904869575104
77.0, 0.08300487913928799
78.0, 0.08301208394365749
79.0, 0.08300681797132811
80.0, 0.0830155515462441
81.0, 0.08301000884186231
82.0, 0.0830198813767627
83.0, 0.08301437841527735
84.0, 0.0830249833429827
85.0, 0.08301947611951595
86.0, 0.08326617940067842
87.0, 0.12569837697393862
88.0, 0.13781169344319413
89.0, 0.1361546369836801
90.0, 0.13156430622672674
91.0, 0.12516045678785406
92.0, 0.12397961533965211
93.0, 0.12568490418078107
94.0, 0.12401982485933463
95.0, 0.1256770889187912
96.0, 0.08689720191767261
97.0, 0.08172999228456757
98.0, 0.08275363645342794
99.0, 0.0827041632461687
100.0, 0.08273747953308919
101.0, 0.11080746663537626
102.0, 0.0902575139566387
103.0, 0.12234128696867405
104.0, 0.12359664290954953
105.0, 0.08620663179759308
106.0, 0.08243131104353596
107.0, 0.08274016588864841
108.0, 0.08237037803517933
109.0, 0.12225121503821909
110.0, 0.12390485298578775
111.0, 0.1256875752182102
112.0, 0.12401998452627919
113.0, 0.1256771542237006
114.0, 0.12402014826379892
115.0, 0.08609997945448203
116.0, 0.12107715443232674
117.0, 0.12553138796974841
118.0, 0.12401984150590604
119.0, 0.12567740048916995
120.0, 0.12402005351636526
121.0, 0.12567711755804292
122.0, 0.12401994508047899
123.0, 0.1256770992252207
124.0, 0.12401993385202768
125.0, 0.12567708089240281
126.0, 0.12402008281742469
127.0, 0.12567716453013883
128.0, 0.12401993385202768
129.0, 0.12567708089240281
130.0, 0.12401993385202768
131.0, 0.1256770339203039
132.0, 0.12401994508047899
133.0, 0.12567712786451243
134.0, 0.12401993385202768
135.0, 0.12567708089240281
136.0, 0.12401993385202768
137.0, 0.1256770339203039
138.0, 0.12401993385202768
139.0, 0.12567708089240281
140.0, 0.12401994508047899
141.0, 0.1256770339203039
142.0, 0.12402008281742469
143.0, 0.12099036370560813
144.0, 0.1204471102297207
145.0, 0.12129279445197262
146.0, 0.12047737732306447
147.0, 0.12129622372960597
148.0, 0.12047764127578867
149.0, 0.12129558887854747
150.0, 0.12047738246622182
151.0, 0.12129567841778494
152.0, 0.12047764422977691
153.0, 0.12129599627629328
154.0, 0.12047763889477808
155.0, 0.1212959489907256
156.0, 0.12047758080964693
157.0, 0.1212959489907256
158.0, 0.12047758080964693
159.0, 0.1212959489907256
160.0, 0.12047758080964693
161.0, 0.1212959489907256
162.0, 0.12047767594333116
163.0, 0.09212511136895785
164.0, 0.11977597187155
165.0, 0.09317365907702442
166.0, 0.09526627932352563
167.0, 0.11961067386372042
168.0, 0.12044763754616047
169.0, 0.1212788712240144
170.0, 0.12047574415823459
171.0, 0.12129481014039643
172.0, 0.12047691487216684
173.0, 0.12129483993268
174.0, 0.12047619460744602
175.0, 0.12129405328754755
176.0, 0.12047634284229185
177.0, 0.121292893345249
178.0, 0.12047379675657172
179.0, 0.12129103354507849
180.0, 0.12047204701540434
181.0, 0.12129024480237842
182.0, 0.12047312785426434
183.0, 0.12129159543435666
184.0, 0.12047533463126474
185.0, 0.1212934058701586
186.0, 0.1204771231947778
187.0, 0.12129516689216623
188.0, 0.12047748575614084
189.0, 0.12129552866808248
190.0, 0.1204776930208062
191.0, 0.12129603550793207
192.0, 0.12047793729730208
193.0, 0.12129606360438344
194.0, 0.12047796496895365
195.0, 0.12129611088976
196.0, 0.12047796496895365
197.0, 0.12129611088976
198.0, 0.12047796496895365
199.0, 0.12129611088976
200.0, 0.12047779459727831
201.0, 0.12129611088976
202.0, 0.12047801253557973
203.0, 0.12129611088976
204.0, 0.12047796496895365
205.0, 0.12129611088976
206.0, 0.12047808710768078
207.0, 0.12129623493205875
208.0, 0.12047796496895365
209.0, 0.12129628221739783
210.0, 0.12047799197449816
211.0, 0.12129623493205875
212.0, 0.12047784149825352
213.0, 0.12129626279123318
214.0, 0.12047819899033914
215.0, 0.12129678958581899
216.0, 0.12047834385787115
217.0, 0.12129606493027989
218.0, 0.12047749268102483
219.0, 0.12129584991323361
220.0, 0.12047705172995503
221.0, 0.12129622503839554
222.0, 0.12047672700037072
223.0, 0.12129611606960973
224.0, 0.12047736877820073
225.0, 0.12129587519430438
226.0, 0.12047737475814277
227.0, 0.12129535798630353
228.0, 0.12047748978546456
229.0, 0.12129498372000684
230.0, 0.123925623515579
231.0, 0.12568169631291148
232.0, 0.12402338804003545
233.0, 0.12568041795466992
234.0, 0.12402330730407501
235.0, 0.12568019408495398
236.0, 0.12402330730407501
237.0, 0.12568019408495398
238.0, 0.12402330730407501
239.0, 0.12568019408495398
240.0, 0.12402335467923638
241.0, 0.1256800991724305
242.0, 0.12125786592033393
243.0, 0.07906292945760682
244.0, 0.07736126930219082
245.0, 0.0751693913536803
246.0, 0.0741894508246847
247.0, 0.07250297525767893
248.0, 0.07204010254360588
249.0, 0.07055601510548246
250.0, 0.07053259159754871
251.0, 0.0692280430827765
252.0, 0.06943192677633149
253.0, 0.06817788388363404
254.0, 0.06852090339767908
255.0, 0.06724465488109993
256.0, 0.06762727921992084
257.0, 0.0662726395543131
258.0, 0.0666442660610209
259.0, 0.06518833842237899
260.0, 0.06554016225672069
261.0, 0.06398919713296793
262.0, 0.06433642376970602
263.0, 0.07989190927352643
264.0, 0.08059245580747502
265.0, 0.08077957611375752
266.0, 0.08109621006742158
267.0, 0.08124860884883739
268.0, 0.08152668884091546
269.0, 0.0816456510007952
270.0, 0.08187813250759161
271.0, 0.08195731944992413
272.0, 0.08213840278065229
273.0, 0.08217107837888718
274.0, 0.08229887978073253
275.0, 0.08202047040609588
276.0, 0.08172741815486256
277.0, 0.08225875455604514
278.0, 0.08229994001090718
279.0, 0.08217727452642723
280.0, 0.08215133055724923
281.0, 0.08198361787687301
282.0, 0.0819057350670211
spot_hold
0, 0
1, 0
2, 0
3, 0
4, 0
5, 0
6, 0
7, 0
8, 0
9, 0
10, 0
11, 0
12, 0
13, 0
14, 0
15, 0
16, 0
17, 0
18, 0
19, 0
20, 0
21, 0
22, 0
23, 0
24, 0
25, 0
26, 0
27, 0
28, 0
29, 0
30, 0
31, 0
32, 0
33, 0
34, 0
35, 0
36, 0
37, 0
38, 0
39, 0
40, 0
41, 1
42, 1
43, 1
44, 1
45, 1
46, 1
47, 1
48, 1
49, 1
50, 1
51, 1
52, 1
53, 1
54, 1
55, 1
56, 1
57, 1
58, 1
59, 1
60, 1
61, 1
62, 1
63, 1
64, 1
65, 1
66, 1
67, 1
68, 1
69, 1
70, 1
71, 1
72, 1
73, 1
74, 1
75, 1
76, 1
77, 1
78, 1
79, 1
80, 1
81, 1
82, 1
83, 1
84, 1
85, 1
86, 1
87, 1
88, 1
89, 1
90, 1
91, 1
92, 1
93, 1
94, 1
95, 1
96, 1
97, 1
98, 1
99, 1
100, 1
101, 1
102, 1
103, 1
104, 1
105, 1
106, 1
107, 1
108, 1
109, 1
110, 1
111, 1
112, 1
113, 1
114, 1
115, 1
116, 1
117, 1
118, 1
119, 1
120, 1
121, 1
122, 1
123, 1
124, 1
125, 1
126, 1
127, 1
128, 1
129, 1
130, 1
131, 1
132, 1
133, 1
134, 1
135, 1
136, 1
137, 1
138, 1
139, 1
140, 1
141, 1
142, 1
143, 1
144, 1
145, 1
146, 1
147, 1
148, 1
149, 1
150, 1
151, 1
152, 1
153, 1
154, 1
155, 1
156, 1
157, 1
158, 1
159, 1
160, 1
161, 1
162, 1
163, 1
164, 1
165, 1
166, 1
167, 1
168, 1
169, 1
170, 1
171, 1
172, 1
173, 1
174, 1
175, 1
176, 1
177, 1
178, 1
179, 1
180, 1
181, 1
182, 1
183, 1
184, 1
185, 1
186, 1
187, 1
188, 1
189, 1
190, 1
191, 1
192, 1
193, 1
194, 1
195, 1
196, 1
197, 1
198, 1
199, 1
200, 1
201, 1
202, 1
203, 1
204, 1
205, 1
206, 1
207, 1
208, 1
209, 1
210, 1
211, 1
212, 1
213, 1
214, 1
215, 1
216, 1
217, 1
218, 1
219, 1
220, 1
221, 1
222, 1
223, 1
224, 1
225, 1
226, 1
227, 1
228, 1
229, 1
230, 1
231, 1
232, 1
233, 1
234, 1
235, 1
236, 1
237, 1
238, 1
239, 1
240, 1
241, 1
242, 1
243, 1
244, 1
245, 1
246, 1
247, 1
248, 1
249, 1
250, 1
251, 1
252, 1
253, 1
254, 1
255, 1
256, 1
257, 1
258, 1
259, 1
260, 1
261, 1
262, 1
263, 1
264, 1
265, 1
266, 1
267, 1
268, 1
269, 1
270, 1
271, 1
272, 1
273, 1
274, 1
275, 1
276, 1
277, 1
278, 1
279, 1
280, 1
281, 1
282, 1
