bot_dist
0.0, 3.210760802879038
1.0, 3.2156664796752477
2.0, 3.220595734228077
3.0, 3.2255484584435714
4.0, 3.2305245443775608
5.0, 3.235523884242322
6.0, 3.240546370413133
7.0, 3.2455918954347096
8.0, 3.2506603520275292
9.0, 3.2557516330940444
10.0, 3.2608656317247835
11.0, 3.2660022412043332
12.0, 3.271161355017224
13.0, 3.2763428668536876
14.0, 3.28154667061532
15.0, 3.2867726604206253
16.0, 3.2920207306104534
17.0, 3.2972907757533347
18.0, 3.302582690650697
19.0, 3.307896370341989
20.0, 3.3132317101096835
21.0, 3.3185886054841904
22.0, 3.3239669522486524
23.0, 3.3293666464436478
24.0, 3.334787584371781
25.0, 3.3402296626021792
26.0, 3.3456927779748815
27.0, 3.351176827605137
28.0, 3.356681708887589
29.0, 3.362207319500378
30.0, 3.3677535574091304
31.0, 3.3733203208708664
32.0, 3.378907508437797
33.0, 3.3845150189610402
34.0, 3.390142751594232
35.0, 3.3957906057970515
36.0, 3.401458481338649
37.0, 3.4071462783009885
38.0, 3.412853897082097
39.0, 3.418581238399224
40.0, 3.4243282032919122
41.0, 3.430094693124986
42.0, 3.435880609591447
43.0, 3.4416858547152915
44.0, 3.447510330854237
45.0, 3.4533539407023697
46.0, 3.4592165872927088
47.0, 3.465098173999688
48.0, 3.4709986045415606
49.0, 3.4769177829827203
50.0, 3.4828556137359503
51.0, 3.488812001564587
52.0, 3.4947868515846157
53.0, 3.500780069266684
54.0, 3.5067915604380473
55.0, 3.512821231284438
56.0, 3.5188689883518602
57.0, 3.5249347385483194
58.0, 3.531018389145474
59.0, 3.5371198477802275
60.0, 3.5432390224562433
61.0, 3.549375821545396
62.0, 3.55553015378916
63.0, 3.561701928299926
64.0, 3.5678910545622586
65.0, 3.5740974424340886
66.0, 3.580321002147842
67.0, 3.5865616443115114
68.0, 3.5928192799096634
69.0, 3.599093820304385
70.0, 3.605385177236182
71.0, 3.6116932628248017
72.0, 3.618017989570018
73.0, 3.6243592703523504
74.0, 3.6307170184337285
75.0, 3.6370911474581047
76.0, 3.6434815714520163
77.0, 3.6498882048250905
78.0, 3.6563109623705046
79.0, 3.6627497592653873
80.0, 3.669204511071183
81.0, 3.675675133733952
82.0, 3.6821615435846415
83.0, 3.688663657339292
84.0, 3.6951813920992116
85.0, 3.7017146653510964
86.0, 3.7082633949671133
87.0, 3.714827499204936
88.0, 3.721406896707736
89.0, 3.7280015065041403
90.0, 3.734611248008138
91.0, 3.7412360410189573
92.0, 3.7478758057208923
93.0, 3.7545304626831015
94.0, 3.7611999328593626
95.0, 3.7678841375877905
96.0, 3.7745829985905246
97.0, 3.781296437973373
98.0, 3.788024378225426
99.0, 3.79476674221864
100.0, 3.8015234532073765
101.0, 3.8015234532073765
102.0, 3.8015234532073765
103.0, 3.8015234532073765
104.0, 3.8015234532073765
105.0, 3.8015234532073765
106.0, 3.8015234532073765
107.0, 3.8015234532073765
108.0, 3.8015234532073765
109.0, 3.8015234532073765
110.0, 3.8015234532073765
111.0, 3.8015234532073765
112.0, 3.8015234532073765
113.0, 3.8015234532073765
114.0, 3.8015234532073765
115.0, 3.8015234532073765
116.0, 3.8015234532073765
117.0, 3.8015234532073765
118.0, 3.8015234532073765
119.0, 3.8015234532073765
120.0, 3.8015234532073765
121.0, 3.8015234532073765
122.0, 3.8015234532073765
123.0, 3.8015234532073765
124.0, 3.8015234532073765
125.0, 3.8015234532073765
126.0, 3.8015234532073765
127.0, 3.8015234532073765
128.0, 3.8015234532073765
129.0, 3.8015234532073765
130.0, 3.8015234532073765
131.0, 3.79476674221864
132.0, 3.788024378225426
133.0, 3.781296437973373
134.0, 3.7745829985905246
135.0, 3.7678841375877905
136.0, 3.7611999328593626
137.0, 3.7545304626831015
138.0, 3.7478758057208923
139.0, 3.7412360410189573
140.0, 3.734611248008138
141.0, 3.7280015065041403
142.0, 3.721406896707736
143.0, 3.714827499204936
144.0, 3.7082633949671133
145.0, 3.7017146653510964
146.0, 3.6951813920992116
147.0, 3.688663657339292
148.0, 3.6821615435846415
149.0, 3.675675133733952
150.0, 3.669204511071183
151.0, 3.6627497592653873
152.0, 3.6563109623705046
153.0, 3.6498882048250905
154.0, 3.6434815714520163
155.0, 3.6370911474581047
156.0, 3.6307170184337285
157.0, 3.6243592703523504
158.0, 3.618017989570018
159.0, 3.6116932628248017
160.0, 3.605385177236182
161.0, 3.599093820304385
162.0, 3.5928192799096634
163.0, 3.5865616443115114
164.0, 3.580321002147842
165.0, 3.5740974424340886
166.0, 3.5678910545622586
167.0, 3.561701928299926
168.0, 3.55553015378916
169.0, 3.549375821545396
170.0, 3.5432390224562433
171.0, 3.5371198477802275
172.0, 3.531018389145474
173.0, 3.5249347385483194
174.0, 3.5188689883518602
175.0, 3.512821231284438
176.0, 3.5067915604380473
177.0, 3.500780069266684
178.0, 3.4947868515846157
179.0, 3.488812001564587
180.0, 3.4828556137359503
181.0, 3.4769177829827203
182.0, 3.4709986045415606
183.0, 3.465098173999688
184.0, 3.4592165872927088
185.0, 3.4533539407023697
186.0, 3.447510330854237
187.0, 3.4416858547152915
188.0, 3.435880609591447
189.0, 3.430094693124986
190.0, 3.4243282032919122
191.0, 3.418581238399224
192.0, 3.412853897082097
193.0, 3.4071462783009885
194.0, 3.401458481338649
195.0, 3.3957906057970515
196.0, 3.390142751594232
197.0, 3.3845150189610402
198.0, 3.378907508437797
199.0, 3.3733203208708664
200.0, 3.3677535574091304
201.0, 3.362207319500378
202.0, 3.356681708887589
203.0, 3.351176827605137
204.0, 3.3456927779748815
205.0, 3.3402296626021792
206.0, 3.334787584371781
207.0, 3.3293666464436478
208.0, 3.3239669522486524
209.0, 3.3185886054841904
210.0, 3.3132317101096835
211.0, 3.307896370341989
212.0, 3.302582690650697
213.0, 3.2972907757533347
214.0, 3.2920207306104534
215.0, 3.2867726604206253
216.0, 3.28154667061532
217.0, 3.2763428668536876
218.0, 3.271161355017224
219.0, 3.2660022412043332
220.0, 3.2608656317247835
221.0, 3.2557516330940444
222.0, 3.2506603520275292
223.0, 3.2455918954347096
224.0, 3.240546370413133
225.0, 3.235523884242322
226.0, 3.2305245443775608
227.0, 3.2255484584435714
228.0, 3.220595734228077
229.0, 3.2156664796752477
230.0, 3.210760802879038
231.0, 3.210760802879038
232.0, 3.210760802879038
233.0, 3.210760802879038
234.0, 3.210760802879038
235.0, 3.210760802879038
236.0, 3.210760802879038
237.0, 3.210760802879038
238.0, 3.210760802879038
239.0, 3.210760802879038
240.0, 3.210760802879038
241.0, 3.210760802879038
242.0, 3.210760802879038
243.0, 3.210760802879038
244.0, 3.210760802879038
245.0, 3.210760802879038
246.0, 3.210760802879038
247.0, 3.210760802879038
248.0, 3.210760802879038
249.0, 3.210760802879038
250.0, 3.210760802879038
251.0, 3.210760802879038
252.0, 3.210760802879038
253.0, 3.210760802879038
254.0, 3.210760802879038
255.0, 3.210760802879038
256.0, 3.210760802879038
257.0, 3.210760802879038
258.0, 3.210760802879038
259.0, 3.210760802879038
260.0, 3.210760802879038
261.0, 3.2156664796752477
262.0, 3.220595734228077
263.0, 3.2255484584435714
264.0, 3.2305245443775608
265.0, 3.235523884242322
266.0, 3.240546370413133
267.0, 3.2455918954347096
268.0, 3.2506603520275292
269.0, 3.2557516330940444
270.0, 3.2608656317247835
271.0, 3.2660022412043332
272.0, 3.271161355017224
273.0, 3.2763428668536876
274.0, 3.28154667061532
275.0, 3.2867726604206253
276.0, 3.2920207306104534
277.0, 3.2972907757533347
278.0, 3.302582690650697
279.0, 3.307896370341989
280.0, 3.3132317101096835
281.0, 3.3185886054841904
282.0, 3.3239669522486524
ee_dist
0.0, 1.542706764956875
1.0, 1.6101911220619858
2.0, 1.7226773354701346
3.0, 1.8169959001955371
4.0, 1.8496641415092154
5.0, 1.8755542535688838
6.0, 1.9073853202034354
7.0, 1.939332330305589
8.0, 1.9724353665977492
9.0, 2.005388742776925
10.0, 2.0382627428563675
11.0, 2.069322786230746
12.0, 2.099529676458633
13.0, 2.127220797798038
14.0, 2.154439116963149
15.0, 2.17882623928573
16.0, 2.202968013429896
17.0, 2.2241227153284258
18.0, 2.245435481697471
19.0, 2.2638339868816275
20.0, 2.2827928097119243
21.0, 2.2536693529264773
22.0, 2.2126264430177147
23.0, 2.1685153718585073
24.0, 2.1208759970311157
25.0, 2.070006917412383
26.0, 2.016071268959488
27.0, 1.9594292117272545
28.0, 1.9003176511278481
29.0, 1.8392122976360408
30.0, 1.7764482569623412
31.0, 1.7126438235097101
32.0, 1.648267667552712
33.0, 1.5841084044831872
34.0, 1.5208202679622351
35.0, 1.4594063012712872
36.0, 1.4007644461306186
37.0, 1.3461332118948788
38.0, 1.2966529430087952
39.0, 1.253678448216964
40.0, 1.2184785459280232
41.0, 1.2186736466347108
42.0, 1.0801197384649495
43.0, 0.7225945837248838
44.0, 0.6755402509042093
45.0, 0.6285623760025703
46.0, 0.5818038262729759
47.0, 0.535387702854322
48.0, 0.4905713804317274
49.0, 0.44825480110659827
50.0, 0.41039700176784744
51.0, 0.3793759040616381
52.0, 0.357666892606286
53.0, 0.3470263992102405
54.0, 0.34905111096061264
55.0, 0.36371785827663056
56.0, 0.3900050090055114
57.0, 0.42533468707632527
58.0, 0.3961607051584053
59.0, 0.3428597092448729
60.0, 0.29686283791038415
61.0, 0.2721550189963317
62.0, 0.283537123728147
63.0, 0.32803921609778386
64.0, 0.388971159194377
65.0, 0.44729360370825266
66.0, 0.505641936876156
67.0, 0.5633166783297271
68.0, 0.6148877479438799
69.0, 0.6644594003699702
70.0, 0.712252939847666
71.0, 0.7585444069456502
72.0, 0.8038908817546087
73.0, 0.8572547606558711
74.0, 0.9149997181455878
75.0, 0.9843318008622701
76.0, 1.0634664424121345
77.0, 1.1527079485348841
78.0, 1.24766451841547
79.0, 1.343456229578946
80.0, 1.435378843895531
81.0, 1.5138449119102388
82.0, 1.5787825592374096
83.0, 1.643365345002186
84.0, 1.7042972894490755
85.0, 1.7636672423573898
86.0, 1.8218481625917773
87.0, 1.8780796317085136
88.0, 1.9132060567453826
89.0, 1.953107945086933
90.0, 1.9925959273950764
91.0, 2.0492392913810598
92.0, 2.141784730460919
93.0, 2.239431244323449
94.0, 2.346653086048421
95.0, 2.44408852999496
96.0, 2.553225258995654
97.0, 2.641376193609104
98.0, 2.7153256768994907
99.0, 2.783146758637148
100.0, 2.850865740896795
101.0, 2.913913768034171
102.0, 2.9781731699934655
103.0, 3.039128533767078
104.0, 3.1028453365856814
105.0, 3.1704722105144247
106.0, 3.2448512232180455
107.0, 3.323599205603799
108.0, 3.4150146450259644
109.0, 3.5125793460632955
110.0, 3.61929488057364
111.0, 3.7257857679894206
112.0, 3.8297970839800555
113.0, 3.923439722497288
114.0, 3.999895928820295
115.0, 4.071706172751145
116.0, 4.134721923771692
117.0, 4.198795506416255
118.0, 4.262983469033618
119.0, 4.325149243073344
120.0, 4.388341557638012
121.0, 4.454734491652419
122.0, 4.529646400782342
123.0, 4.6052251893266005
124.0, 4.695707406106886
125.0, 4.79197315814419
126.0, 4.8403108881744386
127.0, 4.885953758656605
128.0, 4.933595128509354
129.0, 4.9779257368726455
130.0, 5.02365722998427
131.0, 5.065518813759708
132.0, 5.108235819654662
133.0, 5.146586277292666
134.0, 5.185308309993937
135.0, 5.219235594764413
136.0, 5.253112842214778
137.0, 5.281839812679864
138.0, 5.310160460282201
139.0, 5.3330436284576574
140.0, 5.35523229565793
141.0, 5.371770586583342
142.0, 5.38739450118841
143.0, 4.705401634976759
144.0, 4.704197358863096
145.0, 4.705830102919013
146.0, 4.704675938777405
147.0, 4.705817442067539
148.0, 4.704676026932431
149.0, 4.705817220588745
150.0, 4.704676026667216
151.0, 4.7058172210700375
152.0, 4.704676026932431
153.0, 4.705817220588745
154.0, 4.704676026932431
155.0, 4.705817220588745
156.0, 4.704676026932431
157.0, 4.705817220588745
158.0, 4.704676026932431
159.0, 4.7058172203480995
160.0, 4.704676026932431
161.0, 4.705817220588745
162.0, 4.704676026932431
163.0, 4.7058172203480995
164.0, 4.704676026932431
165.0, 4.705817220588745
166.0, 4.704676026932431
167.0, 4.705817220588745
168.0, 4.704676026932431
169.0, 4.705817220588745
170.0, 4.704676026932431
171.0, 4.705817220588745
172.0, 4.704676026932431
173.0, 4.705817220588745
174.0, 4.704676026932431
175.0, 4.705817220588745
176.0, 4.704676026932431
177.0, 4.7058172203480995
178.0, 4.704676026667216
179.0, 4.705817220588745
180.0, 4.704676026932431
181.0, 4.7058172203480995
182.0, 4.704676026932431
183.0, 4.7058172203480995
184.0, 4.704676026932431
185.0, 4.7058172203480995
186.0, 4.704676026932431
187.0, 4.705817220588745
188.0, 4.704676026932431
189.0, 4.705817220588745
190.0, 4.704676026932431
191.0, 4.705817220588745
192.0, 4.704676026932431
193.0, 4.705817220588745
194.0, 4.704676026932431
195.0, 4.705817220588745
196.0, 4.704676026932431
197.0, 4.705817220588745
198.0, 4.704676026932431
199.0, 4.7058172203480995
200.0, 4.704676026932431
201.0, 4.7058172203480995
202.0, 4.704676026932431
203.0, 4.7058172203480995
204.0, 4.704676026932431
205.0, 4.7058172203480995
206.0, 4.704676026932431
207.0, 4.705817220588745
208.0, 4.704676026932431
209.0, 4.705817220588745
210.0, 4.704676026932431
211.0, 4.705817220588745
212.0, 4.704676026932431
213.0, 4.705817220588745
214.0, 4.704676026932431
215.0, 4.705817220588745
216.0, 4.704676026932431
217.0, 4.705817220588745
218.0, 4.704676026932431
219.0, 4.7058172203480995
220.0, 4.704676026932431
221.0, 4.7058172203480995
222.0, 4.704676026667216
223.0, 4.705817220588745
224.0, 4.704676026932431
225.0, 4.705817220588745
226.0, 4.704676026932431
227.0, 4.7058172203480995
228.0, 4.704676026667216
229.0, 4.705817220588745
230.0, 4.704676026932431
231.0, 4.705817220588745
232.0, 4.704676026932431
233.0, 4.705817220588745
234.0, 4.704676026932431
235.0, 4.705817220588745
236.0, 4.704676026932431
237.0, 4.7058172203480995
238.0, 4.704676026932431
239.0, 4.7058172203480995
240.0, 4.704676026932431
241.0, 4.7058172203480995
242.0, 4.704676026667216
243.0, 4.715473819219675
244.0, 4.721501717000906
245.0, 4.728486450772305
246.0, 4.737582324183956
247.0, 4.7480472874019855
248.0, 4.76060957182003
249.0, 4.774536106461683
250.0, 4.790454033196598
251.0, 4.807644573973077
252.0, 4.826515338573591
253.0, 4.84631535948268
254.0, 4.8674338338376675
255.0, 4.889412530559381
256.0, 4.9124667748431525
257.0, 4.935928949568411
258.0, 4.960191996216354
259.0, 4.984454777898876
260.0, 5.009218370063871
261.0, 5.033655427867421
262.0, 5.058295279649554
263.0, 5.024360204589583
264.0, 4.981168405121748
265.0, 4.936690856771895
266.0, 4.890547726760811
267.0, 4.843290720278227
268.0, 4.7950382129563955
269.0, 4.746379229483843
270.0, 4.697445385315189
271.0, 4.6488823010681255
272.0, 4.600836097249722
273.0, 4.553987365272848
274.0, 4.508497856737468
275.0, 4.465002499755525
276.0, 4.4236598647532865
277.0, 4.385104711485276
278.0, 4.349413659154734
279.0, 4.317245205831605
280.0, 4.288688559331621
281.0, 4.264580529170003
282.0, 4.245198216071894
ee_box_dist
0.0, 0.6752685215625903
1.0, 0.7189929143106785
2.0, 0.7484549838535969
3.0, 0.7895980768082016
4.0, 0.8270374348283758
5.0, 0.864826326880833
6.0, 0.9030529130364577
7.0, 0.9384442877833178
8.0, 0.9716988187588371
9.0, 1.0036345614370394
10.0, 1.0342361773646893
11.0, 1.0625275991291883
12.0, 1.0894524849055751
13.0, 1.1138012808903757
14.0, 1.1374106482810782
15.0, 1.1583600590788534
16.0, 1.1789568397625665
17.0, 1.1968171950267723
18.0, 1.2148077110934707
19.0, 1.2301718733859928
20.0, 1.2460923202094336
21.0, 1.2244916587903913
22.0, 1.1941084269020104
23.0, 1.1610129057096037
24.0, 1.1247616021890356
25.0, 1.0855262834351063
26.0, 1.0432864564783713
27.0, 0.9982260564918346
28.0, 0.9503229971336762
29.0, 0.8998035382998922
30.0, 0.8466428094410345
31.0, 0.7911112650918772
32.0, 0.733178711402576
33.0, 0.6731511197701912
34.0, 0.610996052592761
35.0, 0.5470918944490853
36.0, 0.4814562497321217
37.0, 0.41464675694016384
38.0, 0.34684966140870294
39.0, 0.2788849942124915
40.0, 0.21179165486700507
41.0, 0.08025346064343114
42.0, 0.08290209699531592
43.0, 0.08302926772803
44.0, 0.08297785640759608
45.0, 0.0830305227511052
46.0, 0.08298416605509701
47.0, 0.08303003796696888
48.0, 0.08298949783135512
49.0, 0.08302863346543995
50.0, 0.08299366828202631
51.0, 0.08302720212726197
52.0, 0.08299703388655119
53.0, 0.08302536668260187
54.0, 0.08299965512707361
55.0, 0.08302344008096538
56.0, 0.08300181969937359
57.0, 0.08302149407001505
58.0, 0.08300343656695794
59.0, 0.08301929581115898
60.0, 0.08300458497309474
61.0, 0.0830164549559479
62.0, 0.08300527694778986
63.0, 0.08301436615200466
64.0, 0.08300589991926752
65.0, 0.08301166829672829
66.0, 0.08300607712749208
67.0, 0.08300962068508307
68.0, 0.08300665174817033
69.0, 0.08300770208885871
70.0, 0.08300707574807646
71.0, 0.08300611430528003
72.0, 0.0830077712689623
73.0, 0.08300540513912291
74.0, 0.08300896423054521
75.0, 0.08300511718733673
76.0, 0.08301029316544133
77.0, 0.08300547947388898
78.0, 0.0830125277439748
79.0, 0.08300702165881069
80.0, 0.08301515409223101
81.0, 0.0830091882845725
82.0, 0.08301861900284563
83.0, 0.08301268722257635
84.0, 0.0830229252654206
85.0, 0.08301712799309074
86.0, 0.08863519715959764
87.0, 0.1244702059682439
88.0, 0.1350699310430557
89.0, 0.13333947430198947
90.0, 0.12895258341038238
91.0, 0.11540989380007308
92.0, 0.11449917892843779
93.0, 0.1166537272080171
94.0, 0.08598681250490753
95.0, 0.12052257542711038
96.0, 0.11529508491228936
97.0, 0.116616930809188
98.0, 0.1145807887284794
99.0, 0.11664568809976986
100.0, 0.11457950250912108
101.0, 0.1166457225883871
102.0, 0.11457961133412213
103.0, 0.11664560345075121
104.0, 0.1145797201591516
105.0, 0.11664574737737093
106.0, 0.11457963608832433
107.0, 0.11664574737737093
108.0, 0.11457963608832433
109.0, 0.11664570282917065
110.0, 0.11457963608832433
111.0, 0.1166457225883871
112.0, 0.11457963608832433
113.0, 0.11664574737737093
114.0, 0.11457965586052923
115.0, 0.0855261029894709
116.0, 0.11222235164689136
117.0, 0.11651404467537849
118.0, 0.11457931860993792
119.0, 0.11664582735883394
120.0, 0.11457963110633906
121.0, 0.11658754646768124
122.0, 0.1145701266359907
123.0, 0.11664563767548079
124.0, 0.11457957677173566
125.0, 0.11664570727658805
126.0, 0.11457958657995333
127.0, 0.1166457225883871
128.0, 0.11457963608832433
129.0, 0.11664574737737093
130.0, 0.11457963608832433
131.0, 0.11664574737737093
132.0, 0.11457963608832433
133.0, 0.11664574737737093
134.0, 0.11457963608832433
135.0, 0.11664574737737093
136.0, 0.11457963608832433
137.0, 0.11664564799898944
138.0, 0.1145797201591516
139.0, 0.11664570282917065
140.0, 0.11457963608832433
141.0, 0.11664574737737093
142.0, 0.11457963608832433
143.0, 0.09778864578092314
144.0, 0.11456098216217404
145.0, 0.11662270916279599
146.0, 0.11458011130130498
147.0, 0.11664564209008291
148.0, 0.11457969509133697
149.0, 0.11664568176548715
150.0, 0.1145797396177115
151.0, 0.11664554812085148
152.0, 0.11457972966184246
153.0, 0.11664563721726182
154.0, 0.11457972966184246
155.0, 0.11664563721726182
156.0, 0.11457972966184246
157.0, 0.11664563721726182
158.0, 0.11457972966184246
159.0, 0.11664566192681207
160.0, 0.11457965056497611
161.0, 0.11664563721726182
162.0, 0.11457972966184246
163.0, 0.11664566192681207
164.0, 0.11457965056497611
165.0, 0.11664563721726182
166.0, 0.11457972966184246
167.0, 0.11664563721726182
168.0, 0.11457972966184246
169.0, 0.11664563721726182
170.0, 0.11457972966184246
171.0, 0.11664563721726182
172.0, 0.11457972966184246
173.0, 0.11664563721726182
174.0, 0.11457977418817257
175.0, 0.11664563721726182
176.0, 0.11457972966184246
177.0, 0.11664566192681207
178.0, 0.11457969509133697
179.0, 0.11664563721726182
180.0, 0.11457977418817257
181.0, 0.11664566192681207
182.0, 0.11457965056497611
183.0, 0.11664566192681207
184.0, 0.11457965056497611
185.0, 0.11664566192681207
186.0, 0.11457972966184246
187.0, 0.11664563721726182
188.0, 0.11457977418817257
189.0, 0.11664563721726182
190.0, 0.11457972966184246
191.0, 0.11664563721726182
192.0, 0.11457972966184246
193.0, 0.11664563721726182
194.0, 0.11457972966184246
195.0, 0.11664563721726182
196.0, 0.11457972966184246
197.0, 0.11664563721726182
198.0, 0.11457972966184246
199.0, 0.11664566192681207
200.0, 0.11457965056497611
201.0, 0.11664566192681207
202.0, 0.11457965056497611
203.0, 0.11664566192681207
204.0, 0.11457965056497611
205.0, 0.11664566192681207
206.0, 0.11457965056497611
207.0, 0.11664563721726182
208.0, 0.11457977418817257
209.0, 0.11664563721726182
210.0, 0.11457972966184246
211.0, 0.11664563721726182
212.0, 0.11457977418817257
213.0, 0.11664563721726182
214.0, 0.11457972966184246
215.0, 0.11664563721726182
216.0, 0.11457972966184246
217.0, 0.11664563721726182
218.0, 0.11457972966184246
219.0, 0.11664566192681207
220.0, 0.11457972966184246
221.0, 0.11664566192681207
222.0, 0.11457969509133697
223.0, 0.11664563721726182
224.0, 0.11457977418817257
225.0, 0.11664563721726182
226.0, 0.11457972966184246
227.0, 0.11664566192681207
228.0, 0.11457969509133697
229.0, 0.11664563721726182
230.0, 0.11457972966184246
231.0, 0.11664563721726182
232.0, 0.11457972966184246
233.0, 0.11664563721726182
234.0, 0.11457977418817257
235.0, 0.11664563721726182
236.0, 0.11457972966184246
237.0, 0.11664566192681207
238.0, 0.11457965056497611
239.0, 0.11664566192681207
240.0, 0.11457965056497611
241.0, 0.11664566192681207
242.0, 0.11457969509133697
243.0, 0.07435824052182193
244.0, 0.07355363141939451
245.0, 0.07238662554025245
246.0, 0.07241308160741854
247.0, 0.07129729679390037
248.0, 0.07151306101856225
249.0, 0.07047946837966376
250.0, 0.07086085164264752
251.0, 0.06990367395683433
252.0, 0.07030203579300973
253.0, 0.0693111558370179
254.0, 0.06975662473963153
255.0, 0.0686969775487772
256.0, 0.06911273574334754
257.0, 0.06795102930041319
258.0, 0.06831407933609203
259.0, 0.06704070192414732
260.0, 0.06735875929006535
261.0, 0.06598350567995068
262.0, 0.06627773140115566
263.0, 0.08001428694041
264.0, 0.08066479409647634
265.0, 0.08084571440914062
266.0, 0.08115370710047765
267.0, 0.0813016724261567
268.0, 0.08157174310916998
269.0, 0.08168807897072568
270.0, 0.0819140073074536
271.0, 0.0819898738508757
272.0, 0.08216505171985714
273.0, 0.08219404297216655
274.0, 0.08231590226585776
275.0, 0.0822950450146214
276.0, 0.08236327893700131
277.0, 0.08229299094674608
278.0, 0.08231106576206258
279.0, 0.08219275220478044
280.0, 0.08216249388452408
281.0, 0.08199595620674952
282.0, 0.08191891879541009
spot_hold
0, 0
1, 0
2, 0
3, 0
4, 0
5, 0
6, 0
7, 0
8, 0
9, 0
10, 0
11, 0
12, 0
13, 0
14, 0
15, 0
16, 0
17, 0
18, 0
19, 0
20, 0
21, 0
22, 0
23, 0
24, 0
25, 0
26, 0
27, 0
28, 0
29, 0
30, 0
31, 0
32, 0
33, 0
34, 0
35, 0
36, 0
37, 0
38, 0
39, 0
40, 0
41, 1
42, 1
43, 1
44, 1
45, 1
46, 1
47, 1
48, 1
49, 1
50, 1
51, 1
52, 1
53, 1
54, 1
55, 1
56, 1
57, 1
58, 1
59, 1
60, 1
61, 1
62, 1
63, 1
64, 1
65, 1
66, 1
67, 1
68, 1
69, 1
70, 1
71, 1
72, 1
73, 1
74, 1
75, 1
76, 1
77, 1
78, 1
79, 1
80, 1
81, 1
82, 1
83, 1
84, 1
85, 1
86, 1
87, 1
88, 1
89, 1
90, 1
91, 1
92, 1
93, 1
94, 1
95, 1
96, 1
97, 1
98, 1
99, 1
100, 1
101, 1
102, 1
103, 1
104, 1
105, 1
106, 1
107, 1
108, 1
109, 1
110, 1
111, 1
112, 1
113, 1
114, 1
115, 1
116, 1
117, 1
118, 1
119, 1
120, 1
121, 1
122, 1
123, 1
124, 1
125, 1
126, 1
127, 1
128, 1
129, 1
130, 1
131, 1
132, 1
133, 1
134, 1
135, 1
136, 1
137, 1
138, 1
139, 1
140, 1
141, 1
142, 1
143, 1
144, 1
145, 1
146, 1
147, 1
148, 1
149, 1
150, 1
151, 1
152, 1
153, 1
154, 1
155, 1
156, 1
157, 1
158, 1
159, 1
160, 1
161, 1
162, 1
163, 1
164, 1
165, 1
166, 1
167, 1
168, 1
169, 1
170, 1
171, 1
172, 1
173, 1
174, 1
175, 1
176, 1
177, 1
178, 1
179, 1
180, 1
181, 1
182, 1
183, 1
184, 1
185, 1
186, 1
187, 1
188, 1
189, 1
190, 1
191, 1
192, 1
193, 1
194, 1
195, 1
196, 1
197, 1
198, 1
199, 1
200, 1
201, 1
202, 1
203, 1
204, 1
205, 1
206, 1
207, 1
208, 1
209, 1
210, 1
211, 1
212, 1
213, 1
214, 1
215, 1
216, 1
217, 1
218, 1
219, 1
220, 1
221, 1
222, 1
223, 1
224, 1
225, 1
226, 1
227, 1
228, 1
229, 1
230, 1
231, 1
232, 1
233, 1
234, 1
235, 1
236, 1
237, 1
238, 1
239, 1
240, 1
241, 1
242, 1
243, 1
244, 1
245, 1
246, 1
247, 1
248, 1
249, 1
250, 1
251, 1
252, 1
253, 1
254, 1
255, 1
256, 1
257, 1
258, 1
259, 1
260, 1
261, 1
262, 1
263, 1
264, 1
265, 1
266, 1
267, 1
268, 1
269, 1
270, 1
271, 1
272, 1
273, 1
274, 1
275, 1
276, 1
277, 1
278, 1
279, 1
280, 1
281, 1
282, 1
