bot_dist
0.0, 2.9622519028357717
1.0, 2.9655311834655023
2.0, 2.9688405267905233
3.0, 2.972179832391832
4.0, 2.9755489993940656
5.0, 2.9789479264781873
6.0, 2.982376511894119
7.0, 2.985834653473322
8.0, 2.9893222486413125
9.0, 2.9928391944301205
10.0, 2.9963853874906823
11.0, 2.9999607241051707
12.0, 3.0035651001992503
13.0, 3.0071984113542665
14.0, 3.010860552819358
15.0, 3.014551419523498
16.0, 3.018270906087451
17.0, 3.0220189068356547
18.0, 3.025795315808019
19.0, 3.0296000267716376
20.0, 3.0334329332324197
21.0, 3.0372939284466294
22.0, 3.041182905432334
23.0, 3.0450997569807674
24.0, 3.049044375667592
25.0, 3.053016653864077
26.0, 3.0570164837481686
27.0, 3.0610437573154683
28.0, 3.065098366390117
29.0, 3.0691802026355677
30.0, 3.073289157565266
31.0, 3.077425122553223
32.0, 3.081587988844485
33.0, 3.085777647565497
34.0, 3.089993989734363
35.0, 3.0942369062709942
36.0, 3.0985062880071563
37.0, 3.102802025696395
38.0, 3.1071240100238673
39.0, 3.111472131616049
40.0, 3.115846281050338
41.0, 3.120246348864541
42.0, 3.124672225566253
43.0, 3.1291238016421143
44.0, 3.133600967566964
45.0, 3.1381036138128717
46.0, 3.142631630858058
47.0, 3.1471849091956967
48.0, 3.151763339342606
49.0, 3.156366811847818
50.0, 3.1609952173010387
51.0, 3.165648446340987
52.0, 3.1703263896636176
53.0, 3.1750289380302292
54.0, 3.179755869285387
55.0, 3.184507186174794
56.0, 3.1892827797110535
57.0, 3.194082541003372
58.0, 3.1989063612650783
59.0, 3.2037541318210327
60.0, 3.208625744114921
61.0, 3.2135210897164255
62.0, 3.2184400603282937
63.0, 3.223382547793275
64.0, 3.228348444100958
65.0, 3.2333376413944794
66.0, 3.2383500319771303
67.0, 3.2433855083188434
68.0, 3.248443963062563
69.0, 3.2535252890305113
70.0, 3.2586293792303325
71.0, 3.263756126861132
72.0, 3.268905425319404
73.0, 3.274077168204838
74.0, 3.279271249326034
75.0, 3.2844875627060865
76.0, 3.289726002588079
77.0, 3.2949864634404564
78.0, 3.300268839962296
79.0, 3.3055730270884722
80.0, 3.3108989199947105
81.0, 3.316246414102542
82.0, 3.321615405084147
83.0, 3.3270057888671016
84.0, 3.3324174616390168
85.0, 3.3378503198520706
86.0, 3.3433042602274545
87.0, 3.3487791797597017
88.0, 3.3542749757209225
89.0, 3.359791545664949
90.0, 3.3653287874313658
91.0, 3.370886599149457
92.0, 3.3764648792420537
93.0, 3.382063526429278
94.0, 3.3876824397322087
95.0, 3.3933215184764354
96.0, 3.3989806622955365
97.0, 3.404659771134454
98.0, 3.4103587452527866
99.0, 3.416077485227982
100.0, 3.421815891958455
101.0, 3.421815891958455
102.0, 3.421815891958455
103.0, 3.421815891958455
104.0, 3.421815891958455
105.0, 3.421815891958455
106.0, 3.421815891958455
107.0, 3.421815891958455
108.0, 3.421815891958455
109.0, 3.421815891958455
110.0, 3.421815891958455
111.0, 3.421815891958455
112.0, 3.421815891958455
113.0, 3.421815891958455
114.0, 3.421815891958455
115.0, 3.421815891958455
116.0, 3.421815891958455
117.0, 3.421815891958455
118.0, 3.421815891958455
119.0, 3.421815891958455
120.0, 3.421815891958455
121.0, 3.421815891958455
122.0, 3.421815891958455
123.0, 3.421815891958455
124.0, 3.421815891958455
125.0, 3.421815891958455
126.0, 3.421815891958455
127.0, 3.421815891958455
128.0, 3.421815891958455
129.0, 3.421815891958455
130.0, 3.421815891958455
131.0, 3.416077485227982
132.0, 3.4103587452527866
133.0, 3.404659771134454
134.0, 3.3989806622955365
135.0, 3.3933215184764354
136.0, 3.3876824397322087
137.0, 3.382063526429278
138.0, 3.3764648792420537
139.0, 3.370886599149457
140.0, 3.3653287874313658
141.0, 3.359791545664949
142.0, 3.3542749757209225
143.0, 3.3536228915928876
144.0, 3.348155892529324
145.0, 3.342709868050225
146.0, 3.337284920839155
147.0, 3.3318811538497277
148.0, 3.3264986703012682
149.0, 3.32113757367438
150.0, 3.3157979677064047
151.0, 3.227762203372119
152.0, 3.139830205363469
153.0, 3.052010891732209
154.0, 2.9643143324754115
155.0, 2.8767517539603813
156.0, 2.7893357739499547
157.0, 2.702080620464115
158.0, 2.6150023925163737
159.0, 2.528119372176254
160.0, 2.441452399865136
161.0, 2.3550253279677245
162.0, 2.2688655719675466
163.0, 2.1830047837047064
164.0, 2.0974796784292145
165.0, 2.012333056652722
166.0, 1.9276150741522367
167.0, 1.9235820053978565
168.0, 1.84162670631047
169.0, 1.7605038876842445
170.0, 1.6803338760955275
171.0, 1.6012597900417638
172.0, 1.5234522896049159
173.0, 1.4471156918670394
174.0, 1.444587795021885
175.0, 1.3740703352703592
176.0, 1.306086780648882
177.0, 1.304462261124004
178.0, 1.3029124331543285
179.0, 1.3014376033428934
180.0, 1.300038026934995
181.0, 1.2587989220362623
182.0, 1.2581203210177891
183.0, 1.2575208814773344
184.0, 1.2570007166666763
185.0, 1.2565599250353807
186.0, 1.2561985901379937
187.0, 1.2559167805550748
188.0, 1.255714549828241
189.0, 1.2555919364093728
190.0, 1.2555489636240849
191.0, 1.2555856396495486
192.0, 1.2557019575067156
193.0, 1.2558978950669546
194.0, 1.256173415073092
195.0, 1.1747949830882114
196.0, 1.0939304544552968
197.0, 1.0137028210590224
198.0, 1.0146456143815352
199.0, 0.9343469777635924
200.0, 0.8547481145595636
201.0, 0.7760643763536574
202.0, 0.6986050426114511
203.0, 0.6228271086698111
204.0, 0.5494267207196416
205.0, 0.47949697392410606
206.0, 0.4147969225764626
207.0, 0.3581719396746849
208.0, 0.31402118109554594
209.0, 0.28813708264964866
210.0, 0.2855313766190198
211.0, 0.30679776414593996
212.0, 0.34758176239675803
213.0, 0.40198607865399794
214.0, 0.465256967414023
215.0, 0.5342536834207638
216.0, 0.6070268055512912
217.0, 0.6823691661811422
218.0, 0.7595165614649099
219.0, 0.7635471398523258
220.0, 0.8388603163673484
221.0, 0.9155234258461581
222.0, 0.9932239291660977
223.0, 0.9965040810225285
224.0, 0.9998734933362043
225.0, 1.0033312668373857
226.0, 1.0068764911875046
227.0, 1.0105082459604107
228.0, 1.0142256016080888
229.0, 1.018027620409177
230.0, 1.0219133573987726
231.0, 1.0219133573987726
232.0, 1.0219133573987726
233.0, 1.0219133573987726
234.0, 1.0219133573987726
235.0, 1.0219133573987726
236.0, 1.0219133573987726
237.0, 1.0219133573987726
238.0, 1.0219133573987726
239.0, 1.0219133573987726
240.0, 1.0219133573987726
241.0, 1.0219133573987726
242.0, 1.0219133573987726
243.0, 1.0219133573987726
244.0, 1.0219133573987726
245.0, 1.0219133573987726
246.0, 1.0219133573987726
247.0, 1.0219133573987726
248.0, 1.0219133573987726
249.0, 1.0219133573987726
250.0, 1.0219133573987726
251.0, 1.0219133573987726
252.0, 1.0219133573987726
253.0, 1.0219133573987726
254.0, 1.0219133573987726
255.0, 1.0219133573987726
256.0, 1.0219133573987726
257.0, 1.0219133573987726
258.0, 1.0219133573987726
259.0, 1.0219133573987726
260.0, 1.0219133573987726
261.0, 1.018027620409177
262.0, 1.0142256016080888
263.0, 1.0105082459604107
264.0, 1.0068764911875046
265.0, 1.0033312668373857
266.0, 0.9998734933362043
267.0, 0.9965040810225285
268.0, 0.9932239291660977
269.0, 0.9900339249728298
270.0, 0.9869349425780055
271.0, 0.983927842029675
272.0, 0.9810134682644643
273.0, 0.978192650078067
274.0, 0.975466199092828
275.0, 0.9728349087249304
276.0, 0.9702995531537963
277.0, 0.9678608862963975
278.0, 0.9655196407892579
279.0, 0.963276526980994
280.0, 0.9611322319382967
281.0, 0.959087418468304
282.0, 0.9571427241603407
ee_dist
0.0, 1.4555079768813808
1.0, 1.5186167896714176
2.0, 1.6286315568545946
3.0, 1.721685914584774
4.0, 1.7538821590407683
5.0, 1.7797357653966284
6.0, 1.8118977913578511
7.0, 1.845165300126762
8.0, 1.8799451158179952
9.0, 1.9130104541597652
10.0, 1.9502514849252253
11.0, 1.9838841771396547
12.0, 2.014217543169686
13.0, 2.0496870743677986
14.0, 2.0755614326363285
15.0, 2.1020395550961966
16.0, 2.12699214281697
17.0, 2.154438977031243
18.0, 2.175843394676958
19.0, 2.1950766515863673
20.0, 2.2142819598460095
21.0, 2.1842067704730628
22.0, 2.1427764595001606
23.0, 2.098125125008417
24.0, 2.049825908464967
25.0, 1.9981767908453174
26.0, 1.9433375792520586
27.0, 1.8856701626454784
28.0, 1.8254042657294107
29.0, 1.7630200277020447
30.0, 1.6988450191851612
31.0, 1.6335046032647889
32.0, 1.5674644489982572
33.0, 1.5015297098524407
34.0, 1.4363620254969567
35.0, 1.3730018857942714
36.0, 1.312383945212307
37.0, 1.2558232898655166
38.0, 1.204542152708863
39.0, 1.1600172693268302
40.0, 1.123643340491244
41.0, 1.1366342329934636
42.0, 1.0131072386467814
43.0, 0.7446711150252544
44.0, 0.6975371288880409
45.0, 0.6499791690978738
46.0, 0.6019289982210764
47.0, 0.5534142942677983
48.0, 0.5053576533601497
49.0, 0.45837777173345656
50.0, 0.4140700879707909
51.0, 0.3743973653297368
52.0, 0.3418594758619222
53.0, 0.318618822341921
54.0, 0.3074710098671529
55.0, 0.3100307883942186
56.0, 0.3266197242856709
57.0, 0.35497350491544916
58.0, 0.3270288110526884
59.0, 0.2843248580059436
60.0, 0.257056723014375
61.0, 0.2608200099132993
62.0, 0.30091564541248367
63.0, 0.36500141259957763
64.0, 0.43705973736021925
65.0, 0.500265447471951
66.0, 0.5601502387224945
67.0, 0.6195473133329714
68.0, 0.672794128651386
69.0, 0.7241817053443009
70.0, 0.7740632551706947
71.0, 0.8222661357301151
72.0, 0.8705949687514537
73.0, 0.92638956985259
74.0, 0.9865470513268543
75.0, 1.059126581281306
76.0, 1.1398751315294717
77.0, 1.2311252726283186
78.0, 1.3277000815864477
79.0, 1.424755744086822
80.0, 1.5176110279902408
81.0, 1.5966982917037558
82.0, 1.6619797813797759
83.0, 1.7268274714147835
84.0, 1.7882044616188084
85.0, 1.8481917032533848
86.0, 1.8964441458088568
87.0, 1.9245106872629694
88.0, 1.9543050924969396
89.0, 1.9930276159114868
90.0, 2.041125037836381
91.0, 2.1232900755162336
92.0, 2.2137350408339604
93.0, 2.3147337011542493
94.0, 2.419004126097318
95.0, 2.525835902079468
96.0, 2.625935602020841
97.0, 2.7170742101973855
98.0, 2.7887498972821567
99.0, 2.8585547408228416
100.0, 2.923994438741596
101.0, 2.989167293591667
102.0, 3.051253109109398
103.0, 3.1144126761227158
104.0, 3.1761823956038366
105.0, 3.2543385228857407
106.0, 3.318548593236215
107.0, 3.399668515190701
108.0, 3.4891384355872335
109.0, 3.5903427045314755
110.0, 3.694060498904504
111.0, 3.8027384432558695
112.0, 3.904617316924339
113.0, 4.001116710997184
114.0, 4.074941755370718
115.0, 4.143427039307191
116.0, 4.210315866247146
117.0, 4.27539809132098
118.0, 4.337452273681188
119.0, 4.401810183898138
120.0, 4.46281909946914
121.0, 4.531956102569048
122.0, 4.60436248262881
123.0, 4.682286141996577
124.0, 4.726109662339951
125.0, 4.771859479056959
126.0, 4.81540663130677
127.0, 4.860274658253336
128.0, 4.902360204653947
129.0, 4.94520672028022
130.0, 4.984745677947608
131.0, 5.0245385278254675
132.0, 5.060555736578249
133.0, 5.096378745340995
134.0, 5.128022923546792
135.0, 5.159089052759445
136.0, 5.185640016779806
137.0, 5.211287746621934
138.0, 5.232155063681135
139.0, 5.251862139848677
140.0, 5.2665887638198186
141.0, 5.279965025510766
142.0, 5.288231514365456
143.0, 4.6427941875930765
144.0, 4.633863446400666
145.0, 4.625512779701746
146.0, 4.6217098155129
147.0, 4.618509143653629
148.0, 4.619967915447551
149.0, 4.622024932054071
150.0, 4.628697384409886
151.0, 4.546400510782121
152.0, 4.44813086564312
153.0, 4.385244829796446
154.0, 4.303936530205355
155.0, 4.20608462105999
156.0, 4.142688208006727
157.0, 4.060272959963258
158.0, 3.980615546964679
159.0, 3.8990608604538526
160.0, 3.819593657032921
161.0, 3.7382877080568964
162.0, 3.659078673316944
163.0, 3.578053809322276
164.0, 3.4991385052815973
165.0, 3.418435137940406
166.0, 3.3398561997415426
167.0, 3.349529951889595
168.0, 3.273759215692621
169.0, 3.196447684924431
170.0, 3.1213561799138154
171.0, 3.0447923399802446
172.0, 2.9704859051532475
173.0, 2.8947881912216604
174.0, 2.910476604095237
175.0, 2.8391108114749284
176.0, 2.770176094362414
177.0, 2.787156524577262
178.0, 2.8077779887694407
179.0, 2.828807861914853
180.0, 2.8528530232210607
181.0, 2.8044345229924863
182.0, 2.7812694847898762
183.0, 2.746966670822531
184.0, 2.7394548694289016
185.0, 2.706277645872669
186.0, 2.705066095958276
187.0, 2.689394835249779
188.0, 2.679013282333805
189.0, 2.6692239259532826
190.0, 2.6640770932706883
191.0, 2.659642608393264
192.0, 2.6599969539634682
193.0, 2.6610871929167184
194.0, 2.666934539594446
195.0, 2.5851808560525544
196.0, 2.5055734710688595
197.0, 2.4241771117625652
198.0, 2.433384824479193
199.0, 2.354696320753779
200.0, 2.278306696640028
201.0, 2.200461397664356
202.0, 2.147449119041209
203.0, 2.1167979315734984
204.0, 2.0870270292840933
205.0, 2.142126655444034
206.0, 1.5806581018917043
207.0, 2.4230480281826807
208.0, 1.6074201222415172
209.0, 1.7051563233878628
210.0, 1.5565716867725634
211.0, 1.4705130123987291
212.0, 1.3875663299651286
213.0, 1.3408674459542311
214.0, 1.2771984101014608
215.0, 1.2164938162647034
216.0, 1.1596534235640037
217.0, 1.105228886215981
218.0, 1.055724259835125
219.0, 1.0791298548424817
220.0, 1.0409229789613463
221.0, 1.007229831769898
222.0, 0.9802806269255565
223.0, 0.952969202011673
224.0, 0.9276071793837798
225.0, 0.9027028636789355
226.0, 0.8806738953152411
227.0, 0.8593623466637712
228.0, 0.8418418706307941
229.0, 0.8253250660616611
230.0, 0.8134140452906469
231.0, 0.8027668523771399
232.0, 0.7973240229900744
233.0, 0.7933096549801852
234.0, 0.794772311698263
235.0, 0.7976837568920431
236.0, 0.8059592612980301
237.0, 0.8155470821849644
238.0, 0.8300292999955922
239.0, 0.829153184166622
240.0, 0.8300292999955922
241.0, 0.8291535336283855
242.0, 0.8300292999955922
243.0, 0.837403944839344
244.0, 0.8505218033360135
245.0, 0.8645925380233661
246.0, 0.8806259072156232
247.0, 0.8975455396441505
248.0, 0.9246629995230243
249.0, 0.9507854042487751
250.0, 0.9759877075259338
251.0, 1.0009583909933386
252.0, 1.0261133070798714
253.0, 1.0508830855584474
254.0, 1.0760383146705315
255.0, 1.1006954912976963
256.0, 1.1257086887827064
257.0, 1.1500833060200073
258.0, 1.1746479816907134
259.0, 1.198443621042216
260.0, 1.2222310278066868
261.0, 1.2451416505588582
262.0, 1.2678655921425543
263.0, 1.2408263631210126
264.0, 1.2076493807634785
265.0, 1.172667280711183
266.0, 1.1356404088362388
267.0, 1.0967748997807318
268.0, 1.0561252819412676
269.0, 1.013925282755533
270.0, 0.9702499006490664
271.0, 0.9253903485178949
272.0, 0.8794623002260012
273.0, 0.8328289960264422
274.0, 0.7859242461523167
275.0, 0.7359154495012042
276.0, 0.6827739088047119
277.0, 0.6271517421845544
278.0, 0.5807432012082253
279.0, 0.5371873321012768
280.0, 0.49695542575203705
281.0, 0.43280231126503194
282.0, 0.388529437429135
ee_box_dist
0.0, 0.7865548973211571
1.0, 0.8285497772501502
2.0, 0.857282889616194
3.0, 0.8937949725733577
4.0, 0.9300359853540401
5.0, 0.9671522850893692
6.0, 1.0048035480540782
7.0, 1.0408009832000886
8.0, 1.0753580050157978
9.0, 1.1072618521312394
10.0, 1.1424305662710157
11.0, 1.173513451937567
12.0, 1.2009870905228779
13.0, 1.2333460888951042
14.0, 1.2562267356004866
15.0, 1.2796894742939056
16.0, 1.30160053548386
17.0, 1.325951374318247
18.0, 1.3446211044561869
19.0, 1.3612845516126817
20.0, 1.3779690083003515
21.0, 1.3535492132626175
22.0, 1.3200913580890004
23.0, 1.2836442209404604
24.0, 1.243783741244904
25.0, 1.200680858841854
26.0, 1.1543942044539173
27.0, 1.1050442554345035
28.0, 1.0527430671238212
29.0, 0.997665822099049
30.0, 0.9398659906568559
31.0, 0.8796280274083295
32.0, 0.8170417814744325
33.0, 0.7524747068581095
34.0, 0.686029002210208
35.0, 0.6181984445634051
36.0, 0.5492706076688051
37.0, 0.48000860069529616
38.0, 0.41107961135088117
39.0, 0.34425410246138555
40.0, 0.2819975801052001
41.0, 0.29752598019513804
42.0, 0.3129174011083269
43.0, 0.328325751407655
44.0, 0.3435720903051943
45.0, 0.35874155527748425
46.0, 0.3736894663498022
47.0, 0.3885687158749315
48.0, 0.4032088177307029
49.0, 0.41754250051589953
50.0, 0.4317619910499469
51.0, 0.445823129460026
52.0, 0.4596026484339027
53.0, 0.4731643252708956
54.0, 0.48644585092818504
55.0, 0.4995112443838897
56.0, 0.5122350918802798
57.0, 0.5247132734036682
58.0, 0.5368481520646988
59.0, 0.5487242876421727
60.0, 0.5602155068031781
61.0, 0.5714614915936803
62.0, 0.582350736636948
63.0, 0.5929251080429737
64.0, 0.6031926842114523
65.0, 0.6128489326311023
66.0, 0.6224260891851507
67.0, 0.6316206299496845
68.0, 0.6404398545270025
69.0, 0.6489136203535125
70.0, 0.6569904941791147
71.0, 0.6647182202614517
72.0, 0.6720468030935829
73.0, 0.6789959696401388
74.0, 0.6855442192180016
75.0, 0.6902949713755088
76.0, 0.6967418884085074
77.0, 0.7020584232253076
78.0, 0.7069735326832808
79.0, 0.7114663690311183
80.0, 0.7155059491073508
81.0, 0.7191132263649295
82.0, 0.7222504934577468
83.0, 0.7249289796074295
84.0, 0.727121402511586
85.0, 0.7288382355159039
86.0, 0.749546581442825
87.0, 0.7949054796458122
88.0, 0.8337968701758313
89.0, 0.8678056953667013
90.0, 0.8946272456103695
91.0, 0.8930831880905125
92.0, 0.8941043489527164
93.0, 0.8923817048370052
94.0, 0.8938224275538306
95.0, 0.8931426422568973
96.0, 0.8941181602423026
97.0, 0.8931315530886751
98.0, 0.8941223411139736
99.0, 0.8931346566743575
100.0, 0.8941247134654114
101.0, 0.8931369220080109
102.0, 0.8941272875654276
103.0, 0.8931396649682949
104.0, 0.8941301153677639
105.0, 0.8835560884146831
106.0, 0.8940959970393879
107.0, 0.8931472356888118
108.0, 0.8941289501501898
109.0, 0.8916366512510998
110.0, 0.8939411258038906
111.0, 0.8931597428161596
112.0, 0.8941407832574104
113.0, 0.8924147901726792
114.0, 0.893852863980699
115.0, 0.8933992024910903
116.0, 0.893840408079834
117.0, 0.8931733443132895
118.0, 0.894145055316349
119.0, 0.893157970415008
120.0, 0.8941459161193003
121.0, 0.8931554649977453
122.0, 0.8941429301131465
123.0, 0.8931510643125476
124.0, 0.8941412029567672
125.0, 0.8931441113287037
126.0, 0.8941314449819598
127.0, 0.8931406382680565
128.0, 0.8941263095040636
129.0, 0.8931392970129756
130.0, 0.8941307799174205
131.0, 0.8931346648551167
132.0, 0.8941853762516917
133.0, 0.8931837577489564
134.0, 0.8941725981358533
135.0, 0.8931835851525212
136.0, 0.8941725981358533
137.0, 0.8931835851525212
138.0, 0.8941725981358533
139.0, 0.8931835851525212
140.0, 0.8941725981358533
141.0, 0.8931835851525212
142.0, 0.8941725981358533
143.0, 1.6188094416751595
144.0, 1.6143885828270914
145.0, 1.6100460611308705
146.0, 1.602083595159967
147.0, 1.5941926138179308
148.0, 1.5828079014448069
149.0, 1.5714822522465193
150.0, 1.5568494994677111
151.0, 1.6271026186675952
152.0, 1.71066923063599
153.0, 1.7685838639699536
154.0, 1.841504605950483
155.0, 1.9291706903451042
156.0, 1.9890021676056355
157.0, 2.065486501036052
158.0, 2.1402369952532503
159.0, 2.217377774678121
160.0, 2.293188977383673
161.0, 2.371281960641937
162.0, 2.4479313157809854
163.0, 2.526805880823989
164.0, 2.604146133979862
165.0, 2.683667920586724
166.0, 2.7615832527102135
167.0, 2.752952680896734
168.0, 2.829334381464791
169.0, 2.9079047705035435
170.0, 2.9849180197282057
171.0, 3.064086748622421
172.0, 3.141638514047841
173.0, 3.221319731034981
174.0, 3.210233951424332
175.0, 3.288148212395929
176.0, 3.364512151241188
177.0, 3.353734441811276
178.0, 3.3391858140942245
179.0, 3.3244662353782135
180.0, 3.3062769046281706
181.0, 3.372853095665725
182.0, 3.389031388760602
183.0, 3.418253273100078
184.0, 3.4168122707677226
185.0, 3.444187777221381
186.0, 3.437668051527749
187.0, 3.446728480371269
188.0, 3.45069039029572
189.0, 3.4545280090083317
190.0, 3.454208964986836
191.0, 3.4536967450146325
192.0, 3.449046145923406
193.0, 3.4441943708799236
194.0, 3.4353076274227288
195.0, 3.5142811279660604
196.0, 3.591612382620642
197.0, 3.6710528310818695
198.0, 3.660707851879627
199.0, 3.738219451559077
200.0, 3.8141664946788314
201.0, 3.892233888144766
202.0, 3.947256373792615
203.0, 3.9787161076297406
204.0, 4.036418168751248
205.0, 4.039326292846788
206.0, 4.649267708869322
207.0, 3.7606801473592526
208.0, 4.4992760088344355
209.0, 4.452963064445229
210.0, 4.583621308701105
211.0, 4.675070324833005
212.0, 4.767987750198935
213.0, 4.831558541769565
214.0, 4.912835070637765
215.0, 4.9928667425770135
216.0, 5.072193100984371
217.0, 5.152762319223805
218.0, 5.231790683012666
219.0, 5.224550633706577
220.0, 5.301765561606478
221.0, 5.381025958642254
222.0, 5.458541008212677
223.0, 5.4672567922248945
224.0, 5.4718061809053395
225.0, 5.476072375897646
226.0, 5.4760687523651095
227.0, 5.4757868102132665
228.0, 5.471231116775083
229.0, 5.466404583540189
230.0, 5.4574027524885755
231.0, 5.4481409165120915
232.0, 5.434900254320417
233.0, 5.421416024502099
234.0, 5.404245380403312
235.0, 5.386849335516501
236.0, 5.366154576050757
237.0, 5.3452591630111455
238.0, 5.321537934579977
239.0, 5.322136995033398
240.0, 5.321537934579977
241.0, 5.322136544919219
242.0, 5.321537934579977
243.0, 5.3190503663748965
244.0, 5.317027295749925
245.0, 5.314511640735561
246.0, 5.3110231535166905
247.0, 5.306998988565289
248.0, 5.297441857288973
249.0, 5.287410762533738
250.0, 5.278039130290626
251.0, 5.268461778612756
252.0, 5.258286249907336
253.0, 5.247785521343875
254.0, 5.236518674137037
255.0, 5.2250482244265966
256.0, 5.212693716605513
257.0, 5.200287526364776
258.0, 5.187141474771312
259.0, 5.174069919599055
260.0, 5.160393059780461
261.0, 5.146946275990432
262.0, 5.1330358830266185
263.0, 5.158815484112192
264.0, 5.191076559635203
265.0, 5.223901739895749
266.0, 5.2573494352584715
267.0, 5.291118746385359
268.0, 5.324943303114139
269.0, 5.3585420641249755
270.0, 5.391661293446609
271.0, 5.424028824260365
272.0, 5.45540394224633
273.0, 5.485538778547407
274.0, 5.514647357425918
275.0, 5.5458942748980045
276.0, 5.579377297075667
277.0, 5.613513467570713
278.0, 5.634613026592535
279.0, 5.652501015978936
280.0, 5.667707200059576
281.0, 5.707084616035576
282.0, 5.727538955837304
spot_hold
0, 0
1, 0
2, 0
3, 0
4, 0
5, 0
6, 0
7, 0
8, 0
9, 0
10, 0
11, 0
12, 0
13, 0
14, 0
15, 0
16, 0
17, 0
18, 0
19, 0
20, 0
21, 0
22, 0
23, 0
24, 0
25, 0
26, 0
27, 0
28, 0
29, 0
30, 0
31, 0
32, 0
33, 0
34, 0
35, 0
36, 0
37, 0
38, 0
39, 0
40, 0
41, 1
42, 1
43, 1
44, 1
45, 1
46, 1
47, 1
48, 1
49, 1
50, 1
51, 1
52, 1
53, 1
54, 1
55, 1
56, 1
57, 1
58, 1
59, 1
60, 1
61, 1
62, 1
63, 1
64, 1
65, 1
66, 1
67, 1
68, 1
69, 1
70, 1
71, 1
72, 1
73, 1
74, 1
75, 1
76, 1
77, 1
78, 1
79, 1
80, 1
81, 1
82, 1
83, 1
84, 1
85, 1
86, 1
87, 1
88, 1
89, 1
90, 1
91, 1
92, 1
93, 1
94, 1
95, 1
96, 1
97, 1
98, 1
99, 1
100, 1
101, 1
102, 1
103, 1
104, 1
105, 1
106, 1
107, 1
108, 1
109, 1
110, 1
111, 1
112, 1
113, 1
114, 1
115, 1
116, 1
117, 1
118, 1
119, 1
120, 1
121, 1
122, 1
123, 1
124, 1
125, 1
126, 1
127, 1
128, 1
129, 1
130, 1
131, 1
132, 1
133, 1
134, 1
135, 1
136, 1
137, 1
138, 1
139, 1
140, 1
141, 1
142, 1
143, 1
144, 1
145, 1
146, 1
147, 1
148, 1
149, 1
150, 1
151, 1
152, 1
153, 1
154, 1
155, 1
156, 1
157, 1
158, 1
159, 1
160, 1
161, 1
162, 1
163, 1
164, 1
165, 1
166, 1
167, 1
168, 1
169, 1
170, 1
171, 1
172, 1
173, 1
174, 1
175, 1
176, 1
177, 1
178, 1
179, 1
180, 1
181, 1
182, 1
183, 1
184, 1
185, 1
186, 1
187, 1
188, 1
189, 1
190, 1
191, 1
192, 1
193, 1
194, 1
195, 1
196, 1
197, 1
198, 1
199, 1
200, 1
201, 1
202, 1
203, 1
204, 1
205, 1
206, 1
207, 1
208, 1
209, 1
210, 1
211, 1
212, 1
213, 1
214, 1
215, 1
216, 1
217, 1
218, 1
219, 1
220, 1
221, 1
222, 1
223, 1
224, 1
225, 1
226, 1
227, 1
228, 1
229, 1
230, 1
231, 1
232, 1
233, 1
234, 1
235, 1
236, 1
237, 1
238, 1
239, 1
240, 1
241, 1
242, 1
243, 1
244, 1
245, 1
246, 1
247, 1
248, 1
249, 1
250, 1
251, 1
252, 1
253, 1
254, 1
255, 1
256, 1
257, 1
258, 1
259, 1
260, 1
261, 1
262, 1
263, 1
264, 1
265, 1
266, 1
267, 1
268, 1
269, 1
270, 1
271, 1
272, 1
273, 1
274, 1
275, 1
276, 1
277, 1
278, 1
279, 1
280, 1
281, 1
282, 1
