bot_dist
0.0, 2.9622519028357717
1.0, 2.9655311834655023
2.0, 2.9688405267905233
3.0, 2.972179832391832
4.0, 2.9755489993940656
5.0, 2.9789479264781873
6.0, 2.982376511894119
7.0, 2.985834653473322
8.0, 2.9893222486413125
9.0, 2.9928391944301205
10.0, 2.9963853874906823
11.0, 2.9999607241051707
12.0, 3.0035651001992503
13.0, 3.0071984113542665
14.0, 3.010860552819358
15.0, 3.014551419523498
16.0, 3.018270906087451
17.0, 3.0220189068356547
18.0, 3.025795315808019
19.0, 3.0296000267716376
20.0, 3.0334329332324197
21.0, 3.0372939284466294
22.0, 3.041182905432334
23.0, 3.0450997569807674
24.0, 3.049044375667592
25.0, 3.053016653864077
26.0, 3.0570164837481686
27.0, 3.0610437573154683
28.0, 3.065098366390117
29.0, 3.0691802026355677
30.0, 3.073289157565266
31.0, 3.077425122553223
32.0, 3.081587988844485
33.0, 3.085777647565497
34.0, 3.089993989734363
35.0, 3.0942369062709942
36.0, 3.0985062880071563
37.0, 3.102802025696395
38.0, 3.1071240100238673
39.0, 3.111472131616049
40.0, 3.115846281050338
41.0, 3.120246348864541
42.0, 3.124672225566253
43.0, 3.1291238016421143
44.0, 3.133600967566964
45.0, 3.1381036138128717
46.0, 3.142631630858058
47.0, 3.1471849091956967
48.0, 3.151763339342606
49.0, 3.156366811847818
50.0, 3.1609952173010387
51.0, 3.165648446340987
52.0, 3.1703263896636176
53.0, 3.1750289380302292
54.0, 3.179755869285387
55.0, 3.184507186174794
56.0, 3.1892827797110535
57.0, 3.194082541003372
58.0, 3.1989063612650783
59.0, 3.2037541318210327
60.0, 3.208625744114921
61.0, 3.2135210897164255
62.0, 3.2184400603282937
63.0, 3.223382547793275
64.0, 3.228348444100958
65.0, 3.2333376413944794
66.0, 3.2383500319771303
67.0, 3.2433855083188434
68.0, 3.248443963062563
69.0, 3.2535252890305113
70.0, 3.2586293792303325
71.0, 3.263756126861132
72.0, 3.268905425319404
73.0, 3.274077168204838
74.0, 3.279271249326034
75.0, 3.2844875627060865
76.0, 3.289726002588079
77.0, 3.2949864634404564
78.0, 3.300268839962296
79.0, 3.3055730270884722
80.0, 3.3108989199947105
81.0, 3.316246414102542
82.0, 3.321615405084147
83.0, 3.3270057888671016
84.0, 3.3324174616390168
85.0, 3.3378503198520706
86.0, 3.3433042602274545
87.0, 3.3487791797597017
88.0, 3.3542749757209225
89.0, 3.359791545664949
90.0, 3.3653287874313658
91.0, 3.370886599149457
92.0, 3.3764648792420537
93.0, 3.382063526429278
94.0, 3.3876824397322087
95.0, 3.3933215184764354
96.0, 3.3989806622955365
97.0, 3.404659771134454
98.0, 3.4103587452527866
99.0, 3.416077485227982
100.0, 3.421815891958455
101.0, 3.421815891958455
102.0, 3.421815891958455
103.0, 3.421815891958455
104.0, 3.421815891958455
105.0, 3.421815891958455
106.0, 3.421815891958455
107.0, 3.421815891958455
108.0, 3.421815891958455
109.0, 3.421815891958455
110.0, 3.421815891958455
111.0, 3.421815891958455
112.0, 3.421815891958455
113.0, 3.421815891958455
114.0, 3.421815891958455
115.0, 3.421815891958455
116.0, 3.421815891958455
117.0, 3.421815891958455
118.0, 3.421815891958455
119.0, 3.421815891958455
120.0, 3.421815891958455
121.0, 3.421815891958455
122.0, 3.421815891958455
123.0, 3.421815891958455
124.0, 3.421815891958455
125.0, 3.421815891958455
126.0, 3.421815891958455
127.0, 3.421815891958455
128.0, 3.421815891958455
129.0, 3.421815891958455
130.0, 3.421815891958455
131.0, 3.416077485227982
132.0, 3.4103587452527866
133.0, 3.404659771134454
134.0, 3.3989806622955365
135.0, 3.3933215184764354
136.0, 3.3876824397322087
137.0, 3.382063526429278
138.0, 3.3764648792420537
139.0, 3.370886599149457
140.0, 3.3653287874313658
141.0, 3.359791545664949
142.0, 3.3542749757209225
143.0, 3.3536228915928876
144.0, 3.348155892529324
145.0, 3.342709868050225
146.0, 3.337284920839155
147.0, 3.3318811538497277
148.0, 3.3264986703012682
149.0, 3.32113757367438
150.0, 3.3157979677064047
151.0, 3.227762203372119
152.0, 3.139830205363469
153.0, 3.052010891732209
154.0, 2.9643143324754115
155.0, 2.8767517539603813
156.0, 2.7893357739499547
157.0, 2.702080620464115
158.0, 2.6150023925163737
159.0, 2.528119372176254
160.0, 2.441452399865136
161.0, 2.3550253279677245
162.0, 2.2688655719675466
163.0, 2.1830047837047064
164.0, 2.0974796784292145
165.0, 2.012333056652722
166.0, 1.9276150741522367
167.0, 1.9235820053978565
168.0, 1.84162670631047
169.0, 1.7605038876842445
170.0, 1.6803338760955275
171.0, 1.6012597900417638
172.0, 1.5234522896049159
173.0, 1.4471156918670394
174.0, 1.444587795021885
175.0, 1.3740703352703592
176.0, 1.306086780648882
177.0, 1.304462261124004
178.0, 1.3029124331543285
179.0, 1.3014376033428934
180.0, 1.300038026934995
181.0, 1.2587989220362623
182.0, 1.2581203210177891
183.0, 1.2575208814773344
184.0, 1.2570007166666763
185.0, 1.2565599250353807
186.0, 1.2561985901379937
187.0, 1.2559167805550748
188.0, 1.191221991173899
189.0, 1.191525741333439
190.0, 1.1263441317584055
191.0, 1.064657583172186
192.0, 1.0071085396709825
193.0, 0.9544457171380315
194.0, 0.9075201475784318
195.0, 0.8672636188444438
196.0, 0.8346416751482503
197.0, 0.8105766109567488
198.0, 0.7958450436980268
199.0, 0.7909686466226297
200.0, 0.7961285331616302
201.0, 0.8111331935637194
202.0, 0.8354523619575219
203.0, 0.8683037576290112
204.0, 0.9087625415572835
205.0, 0.955863208505998
206.0, 1.008675748110285
207.0, 1.0663518327873964
208.0, 1.128145767516313
209.0, 1.1934180697700352
210.0, 1.261628979040604
211.0, 1.3323271667657892
212.0, 1.405137355450038
213.0, 1.4145936407201447
214.0, 1.4847317157702442
215.0, 1.5567500449176017
216.0, 1.5659934085705338
217.0, 1.5752460183022654
218.0, 1.5845077121375275
219.0, 1.5937783317089111
220.0, 1.6030577221615436
221.0, 1.6123457320606065
222.0, 1.6216422133016042
223.0, 1.6309470210233001
224.0, 1.640260013523224
225.0, 1.6495810521756775
226.0, 1.6589100013521534
227.0, 1.6682467283440916
228.0, 1.6775911032878985
229.0, 1.6869429990921534
230.0, 1.6963022913669388
231.0, 1.6963022913669388
232.0, 1.6963022913669388
233.0, 1.6963022913669388
234.0, 1.6963022913669388
235.0, 1.6963022913669388
236.0, 1.6963022913669388
237.0, 1.6963022913669388
238.0, 1.6963022913669388
239.0, 1.6963022913669388
240.0, 1.6963022913669388
241.0, 1.6963022913669388
242.0, 1.6963022913669388
243.0, 1.6963022913669388
244.0, 1.6963022913669388
245.0, 1.6963022913669388
246.0, 1.6963022913669388
247.0, 1.6963022913669388
248.0, 1.6963022913669388
249.0, 1.6963022913669388
250.0, 1.6963022913669388
251.0, 1.6963022913669388
252.0, 1.6963022913669388
253.0, 1.6963022913669388
254.0, 1.6963022913669388
255.0, 1.6963022913669388
256.0, 1.6963022913669388
257.0, 1.6963022913669388
258.0, 1.6963022913669388
259.0, 1.6963022913669388
260.0, 1.6963022913669388
261.0, 1.6869429990921534
262.0, 1.6775911032878985
263.0, 1.6682467283440916
264.0, 1.6589100013521534
265.0, 1.6495810521756775
266.0, 1.640260013523224
267.0, 1.6309470210233001
268.0, 1.6216422133016042
269.0, 1.6123457320606065
270.0, 1.6030577221615436
271.0, 1.5937783317089111
272.0, 1.5845077121375275
273.0, 1.5752460183022654
274.0, 1.5659934085705338
275.0, 1.5567500449176017
276.0, 1.5475160930248608
277.0, 1.538291722381123
278.0, 1.529077106387056
279.0, 1.5198724224628595
280.0, 1.5106778521592907
281.0, 1.5014935812721524
282.0, 1.4923197999603561
ee_dist
0.0, 0.9631176811392164
1.0, 0.980262240904054
2.0, 1.0633638745139826
3.0, 1.14301643030353
4.0, 1.1704124738898114
5.0, 1.1957798715182333
6.0, 1.2303406587113006
7.0, 1.2653342802286855
8.0, 1.3012910617684603
9.0, 1.336310792392301
10.0, 1.372221493938371
11.0, 1.4038360946049409
12.0, 1.435069476877871
13.0, 1.4756016235462075
14.0, 1.5027629783792862
15.0, 1.5301770619056834
16.0, 1.5558689800791883
17.0, 1.5785610486120736
18.0, 1.5999710692699347
19.0, 1.6162081477888974
20.0, 1.6354634682981724
21.0, 1.6103926348964368
22.0, 1.575193658235438
23.0, 1.536867590071538
24.0, 1.4950771033724828
25.0, 1.450022859366519
26.0, 1.4009033920531488
27.0, 1.3498289218464097
28.0, 1.2953999928425868
29.0, 1.238333149570389
30.0, 1.1787099515681139
31.0, 1.1169450266891814
32.0, 1.053223159310426
33.0, 0.9880913774218988
34.0, 0.9218815062446499
35.0, 0.8553779931578579
36.0, 0.7892196966144018
37.0, 0.7242673136859593
38.0, 0.6623691623948283
39.0, 0.6051809284756894
40.0, 0.5548493723256881
41.0, 0.5699409979001819
42.0, 0.704361610696443
43.0, 1.1185915709936263
44.0, 1.0780148825771643
45.0, 1.035661123768985
46.0, 0.9910233728550215
47.0, 0.944192452156616
48.0, 0.8951344716559204
49.0, 0.8439801171236511
50.0, 0.7911655871020657
51.0, 0.7372698577401365
52.0, 0.6824908830249996
53.0, 0.6269105284793813
54.0, 0.5706896389229162
55.0, 0.5140299315244176
56.0, 0.4580032750389799
57.0, 0.4030600283973518
58.0, 0.45041036608744345
59.0, 0.5231033971192722
60.0, 0.6051231654151311
61.0, 0.6960475028981158
62.0, 0.7903070582838029
63.0, 0.8827207048757408
64.0, 0.9690920679589125
65.0, 1.0360355062653765
66.0, 1.0930878058785556
67.0, 1.1511801162828676
68.0, 1.2044769719394064
69.0, 1.2571758446994865
70.0, 1.3100667590454271
71.0, 1.3612448136463502
72.0, 1.4170808677551285
73.0, 1.478359738044348
74.0, 1.544310033678291
75.0, 1.621351161795114
76.0, 1.7076245530446734
77.0, 1.803271078003605
78.0, 1.9031891654627797
79.0, 2.0022523596870596
80.0, 2.096046029733769
81.0, 2.1747308451591514
82.0, 2.2385410200006133
83.0, 2.3013115222088993
84.0, 2.361528482060062
85.0, 2.4213855129182793
86.0, 2.4700951496196613
87.0, 2.4985276260142957
88.0, 2.530256321270148
89.0, 2.5709304487482565
90.0, 2.6205248846124283
91.0, 2.7054844858944866
92.0, 2.797825945018609
93.0, 2.900421015459693
94.0, 3.0068239112186093
95.0, 3.1155819933677322
96.0, 3.2158643028349205
97.0, 3.306865811307719
98.0, 3.3780959243546183
99.0, 3.4473245848931033
100.0, 3.5115569026535347
101.0, 3.5757607854076827
102.0, 3.6385321559320203
103.0, 3.7041586687669077
104.0, 3.7645183937708144
105.0, 3.8350890988396005
106.0, 3.908628602429733
107.0, 3.9913502256370554
108.0, 4.081336715389055
109.0, 4.1821186031026105
110.0, 4.288397731883426
111.0, 4.398445763937503
112.0, 4.500060079258709
113.0, 4.595267516202935
114.0, 4.669895225897449
115.0, 4.7381780811757315
116.0, 4.8035075025140275
117.0, 4.848098505514613
118.0, 4.891188593025209
119.0, 4.934915235915797
120.0, 4.974684143021394
121.0, 5.01470589422314
122.0, 5.052597278972731
123.0, 5.089851263869932
124.0, 5.122374545734042
125.0, 5.154539501577878
126.0, 5.183386329472677
127.0, 5.2111266371044795
128.0, 5.233374839010724
129.0, 5.254383156512391
130.0, 5.27194054985046
131.0, 5.2876280638506055
132.0, 5.297581486455707
133.0, 5.306192800512701
134.0, 5.310709679118202
135.0, 5.313407209101336
136.0, 5.310162385680975
137.0, 5.30523074330351
138.0, 5.296598449545786
139.0, 5.285927617601716
140.0, 5.269616759687002
141.0, 5.252042513283281
142.0, 5.2306794257432285
143.0, 4.6012545070541835
144.0, 4.5905427931655405
145.0, 4.580642234265791
146.0, 4.573696905145115
147.0, 4.567966921562443
148.0, 4.56765332285432
149.0, 4.567868001965061
150.0, 4.571607628962786
151.0, 4.487647164974152
152.0, 4.388278103163206
153.0, 4.324229460898392
154.0, 4.241805195351123
155.0, 4.14182274622664
156.0, 4.077590158044794
157.0, 3.993355964849469
158.0, 3.912302461419052
159.0, 3.8290342148818457
160.0, 3.7478123214231522
161.0, 3.664179632998193
162.0, 3.5835055650285024
163.0, 3.5006528660717993
164.0, 3.4194495578319444
165.0, 3.3357423589584396
166.0, 3.255495710464717
167.0, 3.2628278403678554
168.0, 3.182979976792971
169.0, 3.101948303334852
170.0, 3.023830528061041
171.0, 2.943857685750821
172.0, 2.8649576916005266
173.0, 2.7846540949617076
174.0, 2.797707644070722
175.0, 2.7216416776613763
176.0, 2.6464450416161402
177.0, 2.660044032117097
178.0, 2.6783967875077854
179.0, 2.6970904863702527
180.0, 2.7184392430359945
181.0, 2.660991914835155
182.0, 2.640495758722883
183.0, 2.6206041749872955
184.0, 2.6031723258109456
185.0, 2.5867446808583843
186.0, 2.575304477900118
187.0, 2.564434870179604
188.0, 2.4848790715480114
189.0, 2.4755538880089105
190.0, 2.395516732462551
191.0, 2.3137717758290477
192.0, 2.2326092588735755
193.0, 2.1502174616550733
194.0, 2.0707760951723944
195.0, 1.989429816758038
196.0, 1.9091637179387462
197.0, 1.8274738544152458
198.0, 1.748958361737367
199.0, 1.6689564247848614
200.0, 1.5897583960975148
201.0, 1.5096383499964068
202.0, 1.4327358370574506
203.0, 1.3543755484156337
204.0, 1.2775407691209184
205.0, 1.199935064619092
206.0, 1.1260997735424598
207.0, 1.0517508812082967
208.0, 0.9792903865898014
209.0, 0.9074520168168785
210.0, 0.8403801243695703
211.0, 0.7744179486834875
212.0, 0.712884322301085
213.0, 0.6924488598150119
214.0, 0.6302939590864639
215.0, 0.571754124225298
216.0, 0.5515025186985424
217.0, 0.532777801316456
218.0, 0.5196326972801607
219.0, 0.5080552450116604
220.0, 0.5010664269278943
221.0, 0.49639139924103254
222.0, 0.49881853266409276
223.0, 0.5034513317083789
224.0, 0.512408802699286
225.0, 0.5238622278060633
226.0, 0.5410339110591603
227.0, 0.5594063796293693
228.0, 0.5809136033928649
229.0, 0.580068636328884
230.0, 0.5810248783980408
231.0, 0.5808437789035937
232.0, 0.5808976930820994
233.0, 0.5801477725698606
234.0, 0.5811035191905902
235.0, 0.5807588121471335
236.0, 0.5809136033928649
237.0, 0.580068636328884
238.0, 0.5810248783980408
239.0, 0.5808437789035937
240.0, 0.5808976930820994
241.0, 0.5801477725698606
242.0, 0.5811035191905902
243.0, 0.587204580439551
244.0, 0.5983070315146849
245.0, 0.6106445207708434
246.0, 0.6249709315090174
247.0, 0.6403314320655957
248.0, 0.6641459414748709
249.0, 0.687225612062092
250.0, 0.709982293282811
251.0, 0.7327111893751381
252.0, 0.7556681590018323
253.0, 0.7783729284501977
254.0, 0.8013739134872679
255.0, 0.8239798629753946
256.0, 0.8468031408409422
257.0, 0.869091421078791
258.0, 0.8914339162833254
259.0, 0.9131158177868303
260.0, 0.9346747832657514
261.0, 0.9554695628483788
262.0, 0.9759904673587957
263.0, 0.9551921850700701
264.0, 0.9306768287472409
265.0, 0.9052669067710715
266.0, 0.8788369530499327
267.0, 0.8516145814568826
268.0, 0.8236812090851385
269.0, 0.7953026833508873
270.0, 0.7665915270410227
271.0, 0.7378745906476005
272.0, 0.7093064686560884
273.0, 0.6812838497712121
274.0, 0.654023898950678
275.0, 0.6279846882171792
276.0, 0.6034027082320391
277.0, 0.580755510219961
278.0, 0.5602694818288299
279.0, 0.5425868842418106
280.0, 0.5279061131155167
281.0, 0.517294434273652
282.0, 0.5111046524382942
ee_box_dist
0.0, 0.7250380688524899
1.0, 0.777438440518733
2.0, 0.8085358930623034
3.0, 0.83801805952446
4.0, 0.8687494760653165
5.0, 0.9056127962647029
6.0, 0.9351887082024782
7.0, 0.9737784178297324
8.0, 1.0051196261801087
9.0, 1.0344541156834877
10.0, 1.0674341805555858
11.0, 1.0944024104507626
12.0, 1.120486512458707
13.0, 1.1571579681979196
14.0, 1.1806210789676164
15.0, 1.2039575105869293
16.0, 1.2273461166067103
17.0, 1.2464969435711986
18.0, 1.2653325397014275
19.0, 1.2796641253658585
20.0, 1.296359131726927
21.0, 1.275824542291404
22.0, 1.24674642134716
23.0, 1.2152695853778746
24.0, 1.180431721566868
25.0, 1.1427555128483629
26.0, 1.1013966112175926
27.0, 1.0581216530348516
28.0, 1.011942726464467
29.0, 0.9631776533668771
30.0, 0.9121932364832712
31.0, 0.8589640938065565
32.0, 0.8037972942702257
33.0, 0.7468366354487002
34.0, 0.6891791041793894
35.0, 0.6300644442437913
36.0, 0.5711247561522187
37.0, 0.5268361471669186
38.0, 0.47388919563068854
39.0, 0.4270057220553118
40.0, 0.3802076179207599
41.0, 0.38869435358011856
42.0, 0.3973546944565061
43.0, 0.40610906067401836
44.0, 0.4149809633587698
45.0, 0.42434303423893566
46.0, 0.43344856936306475
47.0, 0.4432958421776493
48.0, 0.45220579289208096
49.0, 0.46193361982700126
50.0, 0.47173123180147625
51.0, 0.4815303065361059
52.0, 0.4907719963468702
53.0, 0.5006598578857135
54.0, 0.5102810986356909
55.0, 0.5197637870831786
56.0, 0.5289821697978052
57.0, 0.5379505326749042
58.0, 0.5466527183541124
59.0, 0.555088128470292
60.0, 0.5632194639227237
61.0, 0.5711409667851721
62.0, 0.5787854440152245
63.0, 0.5863056503129801
64.0, 0.5933540067715614
65.0, 0.6001034523327314
66.0, 0.6067602346504876
67.0, 0.6129039216348104
68.0, 0.6190857683150106
69.0, 0.6246325366522303
70.0, 0.6303985538125683
71.0, 0.6353950757681046
72.0, 0.6403113217286537
73.0, 0.644727868677733
74.0, 0.6491622468270619
75.0, 0.6530991757147261
76.0, 0.6565537620566846
77.0, 0.6600070781044552
78.0, 0.6628389922179523
79.0, 0.6653682164075683
80.0, 0.6677631589231066
81.0, 0.6693029848969521
82.0, 0.6708311422313064
83.0, 0.6721413535542909
84.0, 0.6726927684203908
85.0, 0.6724234414198429
86.0, 0.693459346121795
87.0, 0.7376793789518288
88.0, 0.7729936580873343
89.0, 0.8044053826399826
90.0, 0.8293215161656761
91.0, 0.8272845746981877
92.0, 0.8287304243907182
93.0, 0.8274944539260214
94.0, 0.8287274282089162
95.0, 0.8270814278997125
96.0, 0.8286938674244998
97.0, 0.8278574211767329
98.0, 0.8285279932946787
99.0, 0.827030943357935
100.0, 0.8283601942103856
101.0, 0.8281326078208703
102.0, 0.8283709366535048
103.0, 0.825036330112747
104.0, 0.8285923486135182
105.0, 0.8275929633492843
106.0, 0.8284970905201381
107.0, 0.8271161171573308
108.0, 0.8286158383006108
109.0, 0.8278443131229781
110.0, 0.8284582403048981
111.0, 0.826946132993802
112.0, 0.8285212020927569
113.0, 0.8282370915628303
114.0, 0.8284045923990532
115.0, 0.8272304624425807
116.0, 0.828704442780894
117.0, 0.8280362186297396
118.0, 0.8285688722099903
119.0, 0.8269682664289713
120.0, 0.828606049780113
121.0, 0.828219036916563
122.0, 0.8283467329803708
123.0, 0.8272374635163156
124.0, 0.8287016133454433
125.0, 0.8282021754732902
126.0, 0.8284706370884665
127.0, 0.8270848191541809
128.0, 0.8285107255031853
129.0, 0.8282565740085136
130.0, 0.8283921269643945
131.0, 0.8271820768362182
132.0, 0.8286625122966349
133.0, 0.8281383563184822
134.0, 0.8283834725049672
135.0, 0.8270623323360852
136.0, 0.8285419679112754
137.0, 0.8282704442768942
138.0, 0.8283659045528019
139.0, 0.8271811465924034
140.0, 0.8286611924833152
141.0, 0.8281395309566499
142.0, 0.8283841044057626
143.0, 1.5244431920817152
144.0, 1.514952917552145
145.0, 1.5053553296266533
146.0, 1.4936758132182677
147.0, 1.4815499419240992
148.0, 1.4657094539220228
149.0, 1.4499909614767008
150.0, 1.4321436246904307
151.0, 1.4945366209936783
152.0, 1.5690724136683059
153.0, 1.622127786169126
154.0, 1.688891038741954
155.0, 1.7703754238518443
156.0, 1.826174217311278
157.0, 1.8982669259337965
158.0, 1.9688388421543765
159.0, 2.042178720519078
160.0, 2.1146178349881106
161.0, 2.189881501148631
162.0, 2.263299726594088
163.0, 2.339246929753588
164.0, 2.4143062408796103
165.0, 2.492136385322961
166.0, 2.5674100195734337
167.0, 2.556061570541923
168.0, 2.630844160400857
169.0, 2.7073888219724145
170.0, 2.7819100384755573
171.0, 2.8587305398250025
172.0, 2.9351128986286543
173.0, 3.0134142655377354
174.0, 3.0002317396472975
175.0, 3.0756087841555235
176.0, 3.1509691662395913
177.0, 3.138846742628142
178.0, 3.1224204397640016
179.0, 3.1059426777131534
180.0, 3.0869929915564933
181.0, 3.1512108071304206
182.0, 3.1683763690044286
183.0, 3.1851693997319646
184.0, 3.199706089461759
185.0, 3.2135918366826406
186.0, 3.222962734383312
187.0, 3.2322143993666916
188.0, 3.3120593800696603
189.0, 3.3198383957241746
190.0, 3.3998417665220564
191.0, 3.4816830134716654
192.0, 3.563147012857379
193.0, 3.6460596175695787
194.0, 3.726355293923974
195.0, 3.808761786236262
196.0, 3.8903598699292368
197.0, 3.97367545820307
198.0, 4.054227118654995
199.0, 4.13660209081984
200.0, 4.218564276693618
201.0, 4.301952799947818
202.0, 4.382672759145374
203.0, 4.4654942458668865
204.0, 4.547480928414722
205.0, 4.631171571411235
206.0, 4.7120564644287795
207.0, 4.794760059460785
208.0, 4.877030956097593
209.0, 4.960719623431626
210.0, 5.041706566797536
211.0, 5.124792550632673
212.0, 5.2070284174412
213.0, 5.211014520240195
214.0, 5.292464704938173
215.0, 5.375725823931764
216.0, 5.375884395566901
217.0, 5.375130664157704
218.0, 5.369396526183692
219.0, 5.363451208748341
220.0, 5.354449103809805
221.0, 5.344790629635418
222.0, 5.330488174440857
223.0, 5.3157404208847465
224.0, 5.298671413109329
225.0, 5.280745859213527
226.0, 5.259186153662677
227.0, 5.237426415775614
228.0, 5.213659562130343
229.0, 5.214352301286758
230.0, 5.213588914701073
231.0, 5.213750603461453
232.0, 5.213669184998477
233.0, 5.214290823047779
234.0, 5.21351539483201
235.0, 5.213816808305092
236.0, 5.213658722507518
237.0, 5.214351667354357
238.0, 5.213588156267663
239.0, 5.213749966982455
240.0, 5.213668357662626
241.0, 5.214289765031868
242.0, 5.213514692710866
243.0, 5.212783735474865
244.0, 5.212692561035429
245.0, 5.211941054252281
246.0, 5.21012271725971
247.0, 5.207590118717648
248.0, 5.2004814646893776
249.0, 5.192446604763195
250.0, 5.184687249978528
251.0, 5.176476021285524
252.0, 5.167514141254335
253.0, 5.158061984441332
254.0, 5.147739507521696
255.0, 5.136995453170037
256.0, 5.125403598217532
257.0, 5.113594613102315
258.0, 5.101061961382822
259.0, 5.088539458824541
260.0, 5.075456777239714
261.0, 5.062596059153639
262.0, 5.049341688200436
263.0, 5.07298769158475
264.0, 5.1023985947923505
265.0, 5.13218705465223
266.0, 5.162405848554076
267.0, 5.1927883268123995
268.0, 5.22309437292469
269.0, 5.253077333001657
270.0, 5.282505846409585
271.0, 5.311144512114949
272.0, 5.3387817410435705
273.0, 5.365201448431554
274.0, 5.390210473916018
275.0, 5.413637088642845
276.0, 5.435367466197887
277.0, 5.455299987181923
278.0, 5.4734033714951895
279.0, 5.489462894925389
280.0, 5.503507203155534
281.0, 5.514932099536625
282.0, 5.523596482971054
spot_hold
0, 0
1, 0
2, 0
3, 0
4, 0
5, 0
6, 0
7, 0
8, 0
9, 0
10, 0
11, 0
12, 0
13, 0
14, 0
15, 0
16, 0
17, 0
18, 0
19, 0
20, 0
21, 0
22, 0
23, 0
24, 0
25, 0
26, 0
27, 0
28, 0
29, 0
30, 0
31, 0
32, 0
33, 0
34, 0
35, 0
36, 0
37, 0
38, 0
39, 0
40, 0
41, 1
42, 1
43, 1
44, 1
45, 1
46, 1
47, 1
48, 1
49, 1
50, 1
51, 1
52, 1
53, 1
54, 1
55, 1
56, 1
57, 1
58, 1
59, 1
60, 1
61, 1
62, 1
63, 1
64, 1
65, 1
66, 1
67, 1
68, 1
69, 1
70, 1
71, 1
72, 1
73, 1
74, 1
75, 1
76, 1
77, 1
78, 1
79, 1
80, 1
81, 1
82, 1
83, 1
84, 1
85, 1
86, 1
87, 1
88, 1
89, 1
90, 1
91, 1
92, 1
93, 1
94, 1
95, 1
96, 1
97, 1
98, 1
99, 1
100, 1
101, 1
102, 1
103, 1
104, 1
105, 1
106, 1
107, 1
108, 1
109, 1
110, 1
111, 1
112, 1
113, 1
114, 1
115, 1
116, 1
117, 1
118, 1
119, 1
120, 1
121, 1
122, 1
123, 1
124, 1
125, 1
126, 1
127, 1
128, 1
129, 1
130, 1
131, 1
132, 1
133, 1
134, 1
135, 1
136, 1
137, 1
138, 1
139, 1
140, 1
141, 1
142, 1
143, 1
144, 1
145, 1
146, 1
147, 1
148, 1
149, 1
150, 1
151, 1
152, 1
153, 1
154, 1
155, 1
156, 1
157, 1
158, 1
159, 1
160, 1
161, 1
162, 1
163, 1
164, 1
165, 1
166, 1
167, 1
168, 1
169, 1
170, 1
171, 1
172, 1
173, 1
174, 1
175, 1
176, 1
177, 1
178, 1
179, 1
180, 1
181, 1
182, 1
183, 1
184, 1
185, 1
186, 1
187, 1
188, 1
189, 1
190, 1
191, 1
192, 1
193, 1
194, 1
195, 1
196, 1
197, 1
198, 1
199, 1
200, 1
201, 1
202, 1
203, 1
204, 1
205, 1
206, 1
207, 1
208, 1
209, 1
210, 1
211, 1
212, 1
213, 1
214, 1
215, 1
216, 1
217, 1
218, 1
219, 1
220, 1
221, 1
222, 1
223, 1
224, 1
225, 1
226, 1
227, 1
228, 1
229, 1
230, 1
231, 1
232, 1
233, 1
234, 1
235, 1
236, 1
237, 1
238, 1
239, 1
240, 1
241, 1
242, 1
243, 1
244, 1
245, 1
246, 1
247, 1
248, 1
249, 1
250, 1
251, 1
252, 1
253, 1
254, 1
255, 1
256, 1
257, 1
258, 1
259, 1
260, 1
261, 1
262, 1
263, 1
264, 1
265, 1
266, 1
267, 1
268, 1
269, 1
270, 1
271, 1
272, 1
273, 1
274, 1
275, 1
276, 1
277, 1
278, 1
279, 1
280, 1
281, 1
282, 1
