bot_dist
0.0, 3.2827226816530524
1.0, 3.2879536576179618
2.0, 3.293206690182958
3.0, 3.2984816739686122
4.0, 3.303778503829562
5.0, 3.3090970748595976
6.0, 3.3144372823966552
7.0, 3.319799022027694
8.0, 3.3251821895934777
9.0, 3.330586681193246
10.0, 3.336012393189291
11.0, 3.3414592222114243
12.0, 3.3469270651613456
13.0, 3.3524158192169167
14.0, 3.357925381836328
15.0, 3.363455650762174
16.0, 3.369006524025426
17.0, 3.3745778999493106
18.0, 3.3801696771530927
19.0, 3.385781754555765
20.0, 3.391414031379643
21.0, 3.3970664071538637
22.0, 3.402738781717798
23.0, 3.4084310552243715
24.0, 3.4141431281432904
25.0, 3.419874901264183
26.0, 3.425626275699656
27.0, 3.4313971528882536
28.0, 3.4371874345973423
29.0, 3.4429970229259044
30.0, 3.4488258203072464
31.0, 3.454673729511629
32.0, 3.4605406536488137
33.0, 3.466426496170525
34.0, 3.4723311608728356
35.0, 3.478254551898474
36.0, 3.4841965737390512
37.0, 3.4901571312372126
38.0, 3.49613612958871
39.0, 3.5021334743444044
40.0, 3.5081490714121917
41.0, 3.514182827058855
42.0, 3.5202346479118467
43.0, 3.5263044409609963
44.0, 3.5323921135601553
45.0, 3.538497573428764
46.0, 3.5446207286533555
47.0, 3.5507614876889964
48.0, 3.556919759360651
49.0, 3.5630954528644923
50.0, 3.5692884777691387
51.0, 3.575498744016838
52.0, 3.5817261619245784
53.0, 3.5879706421851445
54.0, 3.5942320958681173
55.0, 3.600510434420804
56.0, 3.606805569669121
57.0, 3.613117413818409
58.0, 3.6194458794542
59.0, 3.6257908795429277
60.0, 3.6321523274325798
61.0, 3.6385301368532947
62.0, 3.644924221917918
63.0, 3.651334497122491
64.0, 3.6577608773467003
65.0, 3.6642032778542704
66.0, 3.670661614293312
67.0, 3.67713580269662
68.0, 3.6836257594819246
69.0, 3.6901314014520925
70.0, 3.696652645795289
71.0, 3.7031894100850917
72.0, 3.7097416122805584
73.0, 3.7163091707262565
74.0, 3.7228920041522455
75.0, 3.729490031674023
76.0, 3.7361031727924243
77.0, 3.742731347393486
78.0, 3.749374475748272
79.0, 3.756032478512657
80.0, 3.7627052767270737
81.0, 3.769392791816227
82.0, 3.7760949455887656
83.0, 3.7828116602369257
84.0, 3.7895428583361346
85.0, 3.7962884628445828
86.0, 3.8030483971027635
87.0, 3.8098225848329794
88.0, 3.8166109501388163
89.0, 3.8234134175045904
90.0, 3.830229911794756
91.0, 3.8370603582532987
92.0, 3.8439046825030836
93.0, 3.8507628105451857
94.0, 3.8576346687581906
95.0, 3.8645201838974663
96.0, 3.8714192830944087
97.0, 3.878331893855666
98.0, 3.885257944062332
99.0, 3.8921973619691186
100.0, 3.8991500762035063
101.0, 3.8991500762035063
102.0, 3.8991500762035063
103.0, 3.8991500762035063
104.0, 3.8991500762035063
105.0, 3.8991500762035063
106.0, 3.8991500762035063
107.0, 3.8991500762035063
108.0, 3.8991500762035063
109.0, 3.8991500762035063
110.0, 3.8991500762035063
111.0, 3.8991500762035063
112.0, 3.8991500762035063
113.0, 3.8991500762035063
114.0, 3.8991500762035063
115.0, 3.8991500762035063
116.0, 3.8991500762035063
117.0, 3.8991500762035063
118.0, 3.8991500762035063
119.0, 3.8991500762035063
120.0, 3.8991500762035063
121.0, 3.8991500762035063
122.0, 3.8991500762035063
123.0, 3.8991500762035063
124.0, 3.8991500762035063
125.0, 3.8991500762035063
126.0, 3.8991500762035063
127.0, 3.8991500762035063
128.0, 3.8991500762035063
129.0, 3.8991500762035063
130.0, 3.8991500762035063
131.0, 3.8921973619691186
132.0, 3.885257944062332
133.0, 3.878331893855666
134.0, 3.8714192830944087
135.0, 3.8645201838974663
136.0, 3.8576346687581906
137.0, 3.8507628105451857
138.0, 3.8439046825030836
139.0, 3.8370603582532987
140.0, 3.830229911794756
141.0, 3.8234134175045904
142.0, 3.8166109501388163
143.0, 3.8140808371254047
144.0, 3.8073142259248427
145.0, 3.800561879163483
146.0, 3.7938238730059917
147.0, 3.7871002839967454
148.0, 3.7803911890603072
149.0, 3.7736966655018676
150.0, 3.767016791007647
151.0, 3.6772802716257997
152.0, 3.5875502904581755
153.0, 3.497827306312995
154.0, 3.4081119196321863
155.0, 3.3184047466240503
156.0, 3.2287064719207517
157.0, 3.1390178583367034
158.0, 3.04933975834416
159.0, 2.9596731276287884
160.0, 2.8700190411781947
161.0, 2.780378712472586
162.0, 2.6907535164975447
163.0, 2.6011450174961346
164.0, 2.5115550026375915
165.0, 2.421985523125754
166.0, 2.3324389447347667
167.0, 2.3258991571962877
168.0, 2.2363814819517507
169.0, 2.1469422897313497
170.0, 2.0575916119348285
171.0, 1.9683415026411788
172.0, 1.8792062909596692
173.0, 1.7902031394209292
174.0, 1.7839800877281071
175.0, 1.696088438400954
176.0, 1.6085412745454646
177.0, 1.6025703557618927
178.0, 1.596639739589298
179.0, 1.5907498767949955
180.0, 1.5849012217262421
181.0, 1.5089744180635931
182.0, 1.503450508267897
183.0, 1.4979729860281754
184.0, 1.4925423620614147
185.0, 1.487159150139654
186.0, 1.4818238669824624
187.0, 1.4765370321438436
188.0, 1.389203435365356
189.0, 1.3840800099281305
190.0, 1.2965487343221322
191.0, 1.209267226500855
192.0, 1.1222936119192457
193.0, 1.0357054597081894
194.0, 0.9496082186001162
195.0, 0.8641486330749755
196.0, 0.7795364474524202
197.0, 0.6960807477707311
198.0, 0.614253094071417
199.0, 0.5348013101933153
200.0, 0.4589609360736413
201.0, 0.388850822228304
202.0, 0.32816444765177094
203.0, 0.28302997916560796
204.0, 0.26162407220916384
205.0, 0.26965804801832965
206.0, 0.3048128806525973
207.0, 0.35921225370432736
208.0, 0.4255386185293625
209.0, 0.499059024722871
210.0, 0.577030177810257
211.0, 0.6578713367612569
212.0, 0.7406435187243561
213.0, 0.7485210742968557
214.0, 0.8300349840106794
215.0, 0.9128645234052317
216.0, 0.9204634815207957
217.0, 0.9281079695560415
218.0, 0.9357968717152361
219.0, 0.943529102195124
220.0, 0.9513036044737674
221.0, 0.9591193506018724
222.0, 0.9669753404982278
223.0, 0.9748706012506994
224.0, 0.9828041864240642
225.0, 0.9907751753758085
226.0, 0.9987826725808733
227.0, 1.006825806966205
228.0, 1.0149037312558462
229.0, 1.0230156213271908
230.0, 1.031160675578936
231.0, 1.031160675578936
232.0, 1.031160675578936
233.0, 1.031160675578936
234.0, 1.031160675578936
235.0, 1.031160675578936
236.0, 1.031160675578936
237.0, 1.031160675578936
238.0, 1.031160675578936
239.0, 1.031160675578936
240.0, 1.031160675578936
241.0, 1.031160675578936
242.0, 1.031160675578936
243.0, 1.031160675578936
244.0, 1.031160675578936
245.0, 1.031160675578936
246.0, 1.031160675578936
247.0, 1.031160675578936
248.0, 1.031160675578936
249.0, 1.031160675578936
250.0, 1.031160675578936
251.0, 1.031160675578936
252.0, 1.031160675578936
253.0, 1.031160675578936
254.0, 1.031160675578936
255.0, 1.031160675578936
256.0, 1.031160675578936
257.0, 1.031160675578936
258.0, 1.031160675578936
259.0, 1.031160675578936
260.0, 1.031160675578936
261.0, 1.0230156213271908
262.0, 1.0149037312558462
263.0, 1.006825806966205
264.0, 0.9987826725808733
265.0, 0.9907751753758085
266.0, 0.9828041864240642
267.0, 0.9748706012506994
268.0, 0.9669753404982278
269.0, 0.9591193506018724
270.0, 0.9513036044737674
271.0, 0.943529102195124
272.0, 0.9357968717152361
273.0, 0.9281079695560415
274.0, 0.9204634815207957
275.0, 0.9128645234052317
276.0, 0.9053122417093828
277.0, 0.8978078143480407
278.0, 0.8903524513575923
279.0, 0.8829473955967436
280.0, 0.8755939234383718
281.0, 0.8682933454494862
282.0, 0.8610470070559741
ee_dist
0.0, 1.0197832191249687
1.0, 1.0454923545613939
2.0, 1.1337921395314055
3.0, 1.2159993825260713
4.0, 1.24428685355014
5.0, 1.2697591981674161
6.0, 1.303862072014412
7.0, 1.3394402633567553
8.0, 1.374761941158805
9.0, 1.4096190538798177
10.0, 1.4488382936683433
11.0, 1.4835991541846925
12.0, 1.5163040914856905
13.0, 1.5462692584829196
14.0, 1.5746694972136277
15.0, 1.600104419133642
16.0, 1.6247771808507143
17.0, 1.6464688130179381
18.0, 1.6678895304363888
19.0, 1.6862835970394365
20.0, 1.7049517768260396
21.0, 1.6792333134657529
22.0, 1.6430257716915189
23.0, 1.6037733857101304
24.0, 1.5609972091629136
25.0, 1.5149073123561703
26.0, 1.465550615583408
27.0, 1.4131757828368865
28.0, 1.3578671464245822
29.0, 1.2999590198106812
30.0, 1.2395907844035596
31.0, 1.1772079253399215
32.0, 1.1130418528858688
33.0, 1.0476852419114766
34.0, 0.9815367257770315
35.0, 0.9154413822229875
36.0, 0.8540475234827296
37.0, 0.7923843836069016
38.0, 0.731309700198082
39.0, 0.6757238275195248
40.0, 0.6271522986668513
41.0, 0.6419308529478223
42.0, 0.7275273086536024
43.0, 1.0610187623486185
44.0, 1.0191394168870507
45.0, 0.9760605741953144
46.0, 0.930285522125887
47.0, 0.8828292895393662
48.0, 0.8328668217989507
49.0, 0.7811835612336981
50.0, 0.7277887598553479
51.0, 0.6735656049744408
52.0, 0.6186401021840172
53.0, 0.5631759440879727
54.0, 0.5074128680160778
55.0, 0.4516735342347235
56.0, 0.3972813854411619
57.0, 0.3450137443030807
58.0, 0.38653886571351476
59.0, 0.45568592528166013
60.0, 0.5350256300756034
61.0, 0.624073969681325
62.0, 0.7172054884366099
63.0, 0.8091050454173448
64.0, 0.8953164533574268
65.0, 0.9624736248533652
66.0, 1.0201222754876038
67.0, 1.0786601017425712
68.0, 1.132220986601698
69.0, 1.1850443718067072
70.0, 1.2378868292370155
71.0, 1.2889830019513326
72.0, 1.344262746096373
73.0, 1.405166816583841
74.0, 1.470677414476154
75.0, 1.547305914754646
76.0, 1.6331842920883968
77.0, 1.7284760043898304
78.0, 1.828137605982836
79.0, 1.9270728938835768
80.0, 2.0208450881688815
81.0, 2.0996374619942255
82.0, 2.163659680245353
83.0, 2.2267101058974705
84.0, 2.2871012421268047
85.0, 2.346642783933247
86.0, 2.3963116440451717
87.0, 2.4220240226687153
88.0, 2.4528941443417014
89.0, 2.5087123460972336
90.0, 2.561966491455382
91.0, 2.644388918521678
92.0, 2.7384238794031694
93.0, 2.839255096504388
94.0, 2.946868498941443
95.0, 3.0538519208616783
96.0, 3.155782273054647
97.0, 3.2456163108867875
98.0, 3.318107450931138
99.0, 3.3855591230584787
100.0, 3.451655066731092
101.0, 3.5152407012662956
102.0, 3.5785409901588143
103.0, 3.640702528923899
104.0, 3.704705906620868
105.0, 3.7739709944745234
106.0, 3.8486637925837397
107.0, 3.929484126950226
108.0, 4.021190627268297
109.0, 4.120889567793638
110.0, 4.227821072719938
111.0, 4.336039474627247
112.0, 4.43951562746003
113.0, 4.5340769535608025
114.0, 4.609255838571033
115.0, 4.677586442537202
116.0, 4.744029326670786
117.0, 4.806992915506089
118.0, 4.850456178716443
119.0, 4.892557529723001
120.0, 4.934601072189644
121.0, 4.9748271406838045
122.0, 5.014997703292915
123.0, 5.05218403169778
124.0, 5.088014584109958
125.0, 5.1216178260097855
126.0, 5.153686377414734
127.0, 5.182665656905446
128.0, 5.2098357499378185
129.0, 5.233601507037623
130.0, 5.255281382913775
131.0, 5.273318253084153
132.0, 5.289054435793303
133.0, 5.3009756259816925
134.0, 5.310447917798525
135.0, 5.316001536259192
136.0, 5.319023384908316
137.0, 5.318084470026229
138.0, 5.314600610062306
139.0, 5.307185773105192
140.0, 5.297272459375047
141.0, 5.2989530192147
142.0, 5.299298065378087
143.0, 4.634780002982107
144.0, 4.6226252613592225
145.0, 4.613811048749894
146.0, 4.606905780884353
147.0, 4.6035186962753425
148.0, 4.602100760912042
149.0, 4.604259748093672
150.0, 4.6083780812762
151.0, 4.526614351605134
152.0, 4.444099720249811
153.0, 4.36242594843911
154.0, 4.2800060421976305
155.0, 4.198432629750013
156.0, 4.116119134956887
157.0, 4.034658418214681
158.0, 3.9524647195458273
159.0, 3.8711311229378156
160.0, 3.7890729208524014
161.0, 3.7078834130095344
162.0, 3.6259792407025246
163.0, 3.544953913967134
164.0, 3.463225904425428
165.0, 3.382388395828012
166.0, 3.3008630260457097
167.0, 3.3104654737485695
168.0, 3.2311890276960837
169.0, 3.152914115760658
170.0, 3.074113795772009
171.0, 2.9963490189616206
172.0, 2.9181028720353566
173.0, 2.840933492934093
174.0, 2.8540044625072607
175.0, 2.7804107024367455
176.0, 2.7066315183000706
177.0, 2.723670700495706
178.0, 2.7423443669458374
179.0, 2.7638063593284357
180.0, 2.7866197026945585
181.0, 2.733600033201766
182.0, 2.709753943570364
183.0, 2.688395021318445
184.0, 2.6685011447057394
185.0, 2.6515687261632785
186.0, 2.636368753391936
187.0, 2.6245118618690984
188.0, 2.545656029448276
189.0, 2.5362192172372833
190.0, 2.4553055959610615
191.0, 2.375381793614135
192.0, 2.2948779321232053
193.0, 2.2154062753131334
194.0, 2.1354061696331468
195.0, 2.0564938161039077
196.0, 1.9771215861758922
197.0, 1.9022426559140182
198.0, 1.8659681819352827
199.0, 1.8360939706258204
200.0, 1.8399067448647215
201.0, 1.613693446615353
202.0, 1.7877672776752547
203.0, 2.013414130406443
204.0, 1.9240771532439935
205.0, 2.022907158731241
206.0, 1.8857560848750152
207.0, 1.1872406696432898
208.0, 1.0870024853279705
209.0, 1.016352933878541
210.0, 0.9525914342939823
211.0, 0.8934937946664855
212.0, 0.8375030556996533
213.0, 0.8154676523959685
214.0, 0.75768056213037
215.0, 0.7057161548632924
216.0, 0.6821554685233095
217.0, 0.6616136512774135
218.0, 0.6430811418647223
219.0, 0.6284338464640852
220.0, 0.6163959449211446
221.0, 0.6089407282819841
222.0, 0.6045160233451766
223.0, 0.6050145342381207
224.0, 0.6086414440904026
225.0, 0.6170581924360399
226.0, 0.6283440765565618
227.0, 0.6250369362598925
228.0, 0.6617618919743529
229.0, 0.6621015938313931
230.0, 0.667164618840039
231.0, 0.6619142411227009
232.0, 0.6617249569836342
233.0, 0.6620697642353686
234.0, 0.661725875391517
235.0, 0.662069301838338
236.0, 0.6617263146845437
237.0, 0.6620688166810819
238.0, 0.6617263146845437
239.0, 0.6620688166810819
240.0, 0.6617263146845437
241.0, 0.6620688166810819
242.0, 0.6617263146845437
243.0, 0.6708803890830731
244.0, 0.6845926011383365
245.0, 0.69943775285389
246.0, 0.7161327520975923
247.0, 0.7337677651526013
248.0, 0.7530704930746528
249.0, 0.7729850408686489
250.0, 0.7943839753830919
251.0, 0.8196773512035493
252.0, 0.8417448100572841
253.0, 0.8650334448485705
254.0, 0.8891068365431818
255.0, 0.9129100299359008
256.0, 0.9372568800597446
257.0, 0.961083479980157
258.0, 0.9851497713400218
259.0, 1.0084970134271687
260.0, 1.0318230049020598
261.0, 1.0632481761898283
262.0, 1.0947260966899417
263.0, 1.0685694572132778
264.0, 1.0404096474116051
265.0, 1.0107466699465137
266.0, 0.9796035311992521
267.0, 0.9471748649378929
268.0, 0.9135189017185313
269.0, 0.8788794568400804
270.0, 0.8433376862763025
271.0, 0.8071966514526728
272.0, 0.7705780898860908
273.0, 0.7338594513372447
274.0, 0.6972338340256046
275.0, 0.6611621483644573
276.0, 0.6258953119181442
277.0, 0.5919818148050571
278.0, 0.5597438262535659
279.0, 0.5362451958274397
280.0, 0.5077753631581317
281.0, 0.4860211941145969
282.0, 0.44938383875312926
ee_box_dist
0.0, 0.7466146254086059
1.0, 0.7839949003013043
2.0, 0.8194214722178418
3.0, 0.8532102334911974
4.0, 0.8893234172220097
5.0, 0.9266329414624758
6.0, 0.9645989635714568
7.0, 0.9999462002738867
8.0, 1.0329300907670569
9.0, 1.064579266057146
10.0, 1.0998455794155506
11.0, 1.1303748793502904
12.0, 1.1587080415078783
13.0, 1.1843594214198723
14.0, 1.2084662297500652
15.0, 1.2298414529453645
16.0, 1.2505669619774742
17.0, 1.2686157785020424
18.0, 1.286535651347389
19.0, 1.3017378625726392
20.0, 1.3173462910766565
21.0, 1.2941388002692649
22.0, 1.2619171319251654
23.0, 1.2268891489376974
24.0, 1.188620687980248
25.0, 1.1472983244329342
26.0, 1.1029233675273726
27.0, 1.0556999108261282
28.0, 1.0056356434676457
29.0, 0.9529871508458212
30.0, 0.897772065594974
31.0, 0.8403085982571996
32.0, 0.780627467623964
33.0, 0.7191001525161845
34.0, 0.6557890409692806
35.0, 0.5912393546447339
36.0, 0.5270202151378494
37.0, 0.45582203872979987
38.0, 0.3908211877441917
39.0, 0.325372699197591
40.0, 0.2648586681405002
41.0, 0.2789394550919311
42.0, 0.29325175505468937
43.0, 0.30733183342315573
44.0, 0.32159741749140636
45.0, 0.3355409014705179
46.0, 0.3495972982362037
47.0, 0.3633115664396562
48.0, 0.3770168621083651
49.0, 0.390435898774576
50.0, 0.4036803977479988
51.0, 0.4167111633237395
52.0, 0.42945343634320254
53.0, 0.44201439187368846
54.0, 0.4542724189350168
55.0, 0.4663742150190395
56.0, 0.47820064382828786
57.0, 0.4898699753451113
58.0, 0.501261868640591
59.0, 0.5124551979976657
60.0, 0.5233629774770363
61.0, 0.5340284892668276
62.0, 0.5443958171355403
63.0, 0.5544961563187247
64.0, 0.5642768292794987
65.0, 0.5737682619186462
66.0, 0.5829144511269323
67.0, 0.5917508071775524
68.0, 0.6002266248202618
69.0, 0.6083806602745886
70.0, 0.6161653231559843
71.0, 0.6236151389410016
72.0, 0.6306856053676455
73.0, 0.6374059289939334
74.0, 0.6437364257806483
75.0, 0.6497011851734548
76.0, 0.6552638524317267
77.0, 0.6604448584100027
78.0, 0.6652101237422504
79.0, 0.6695763660958243
80.0, 0.673511549386351
81.0, 0.6770302661068445
82.0, 0.6801002203082733
83.0, 0.6827352304095708
84.0, 0.6849035922091108
85.0, 0.6866197009925264
86.0, 0.7054999698920981
87.0, 0.7533068858188496
88.0, 0.7915947656602156
89.0, 0.8052748173703554
90.0, 0.8314905003239831
91.0, 0.8318969206899756
92.0, 0.8311221855289989
93.0, 0.8318679832880467
94.0, 0.8314049776600966
95.0, 0.8318551287027804
96.0, 0.8314045396890212
97.0, 0.8318555069514577
98.0, 0.831404767867994
99.0, 0.831855699900556
100.0, 0.831404960823284
101.0, 0.8318558453708631
102.0, 0.8314050925246463
103.0, 0.8318560521020603
104.0, 0.8314053329513641
105.0, 0.8318563828719936
106.0, 0.8314057464270419
107.0, 0.8318567549881953
108.0, 0.8314060573012617
109.0, 0.8318570581940101
110.0, 0.8314064355532487
111.0, 0.8318573476177599
112.0, 0.8314066361673216
113.0, 0.8318575206523396
114.0, 0.8314067816513111
115.0, 0.8300495010746504
116.0, 0.8306013972549118
117.0, 0.8319464455904921
118.0, 0.8314095993521269
119.0, 0.8318743594022534
120.0, 0.8314215409871616
121.0, 0.8318729964306695
122.0, 0.8308456629322047
123.0, 0.8315509138212891
124.0, 0.8314809937242948
125.0, 0.8318671509042367
126.0, 0.8314287455608614
127.0, 0.8318764909229
128.0, 0.8314263428493482
129.0, 0.8318772535534713
130.0, 0.831426590935572
131.0, 0.8318776318028103
132.0, 0.8314268941520851
133.0, 0.8318778936632295
134.0, 0.8314272524988975
135.0, 0.8318782519985627
136.0, 0.8314276108457356
137.0, 0.8318786241160515
138.0, 0.8314278451494517
139.0, 0.8318787619373508
140.0, 0.8314280518880339
141.0, 0.8318790100156994
142.0, 0.8314283137569172
143.0, 1.588387945763229
144.0, 1.5883621687470595
145.0, 1.5858780818394462
146.0, 1.5821356756991185
147.0, 1.57596346079649
148.0, 1.568553737857968
149.0, 1.5587814294359994
150.0, 1.547805182275814
151.0, 1.6215136687129226
152.0, 1.6966426108944173
153.0, 1.7719615179808337
154.0, 1.8485254378188372
155.0, 1.9250831154330046
156.0, 2.0027613277048264
157.0, 2.080288253691339
158.0, 2.1588459524382198
159.0, 2.2371429799818654
160.0, 2.3164053251521106
161.0, 2.3953233067816297
162.0, 2.475158112141469
163.0, 2.5545830722672034
164.0, 2.634888311774658
165.0, 2.714732509604524
166.0, 2.7954287827323223
167.0, 2.7868857799826485
168.0, 2.866343570878172
169.0, 2.945369462710812
170.0, 3.025277506120783
171.0, 3.1047103416350676
172.0, 3.1850020439881774
173.0, 3.264782951650477
174.0, 3.255982016852568
175.0, 3.3343043633090317
176.0, 3.413519594554564
177.0, 3.4023246257203508
178.0, 3.3896765509314046
179.0, 3.3743550829208657
180.0, 3.3576749000197146
181.0, 3.4259956676041403
182.0, 3.442923251245308
183.0, 3.4572549783093818
184.0, 3.4701651453413502
185.0, 3.4802905201313767
186.0, 3.48891673890704
187.0, 3.494632088113828
188.0, 3.5769064001108677
189.0, 3.5802716638028746
190.0, 3.6631696755579455
191.0, 3.7453919505323356
192.0, 3.8283595360903306
193.0, 3.91064350489987
194.0, 3.9936720114501325
195.0, 4.076010189075659
196.0, 4.159092626768696
197.0, 4.239233676783664
198.0, 4.289231565365062
199.0, 4.354515553642746
200.0, 4.540290896337098
201.0, 4.776013537840613
202.0, 4.7583774113646395
203.0, 4.066851254188576
204.0, 4.324622095409312
205.0, 4.172480458257099
206.0, 4.22946264956548
207.0, 5.002540156171145
208.0, 5.148892431693901
209.0, 5.236028963407085
210.0, 5.3194862564330245
211.0, 5.401828969341691
212.0, 5.485193290560126
213.0, 5.485637150109816
214.0, 5.56897931726539
215.0, 5.651595728509626
216.0, 5.650422554210318
217.0, 5.646133235510127
218.0, 5.64020178965588
219.0, 5.631237276538502
220.0, 5.62068243902654
221.0, 5.607249893016392
222.0, 5.59231237152234
223.0, 5.574722250764632
224.0, 5.555747979751039
225.0, 5.534415325795783
226.0, 5.511852730040591
227.0, 5.497457281675468
228.0, 5.461676026459861
229.0, 5.461502578317792
230.0, 5.458729734101684
231.0, 5.461601620833935
232.0, 5.46168328783922
233.0, 5.461519343361329
234.0, 5.461683312646151
235.0, 5.461519810106303
236.0, 5.4616835528321355
237.0, 5.461520615872009
238.0, 5.461683908097922
239.0, 5.461520957966989
240.0, 5.461684302837692
241.0, 5.4615213921644745
242.0, 5.46168469757747
243.0, 5.458546873279082
244.0, 5.457898395287031
245.0, 5.456583962706087
246.0, 5.454416278602317
247.0, 5.451635611645639
248.0, 5.447844323392988
249.0, 5.443361593166123
250.0, 5.437768094204448
251.0, 5.430033557926921
252.0, 5.423044325516242
253.0, 5.414940563801061
254.0, 5.405850700993829
255.0, 5.396377851411504
256.0, 5.386009231109239
257.0, 5.375472081709441
258.0, 5.364200081962285
259.0, 5.3529671421304625
260.0, 5.341174336740872
261.0, 5.3266590199400605
262.0, 5.31003626494578
263.0, 5.334680092249335
264.0, 5.36051541059941
265.0, 5.386879476305751
266.0, 5.413589464991737
267.0, 5.440431549764508
268.0, 5.467197717240269
269.0, 5.4936752784771095
270.0, 5.519664057609368
271.0, 5.5449608308648095
272.0, 5.569380925089964
273.0, 5.592736900558185
274.0, 5.614860043493266
275.0, 5.635606453955428
276.0, 5.654885645792025
277.0, 5.672615559044309
278.0, 5.688791946360011
279.0, 5.696986493092415
280.0, 5.711606462589467
281.0, 5.721610301388121
282.0, 5.746661350069096
spot_hold
0, 0
1, 0
2, 0
3, 0
4, 0
5, 0
6, 0
7, 0
8, 0
9, 0
10, 0
11, 0
12, 0
13, 0
14, 0
15, 0
16, 0
17, 0
18, 0
19, 0
20, 0
21, 0
22, 0
23, 0
24, 0
25, 0
26, 0
27, 0
28, 0
29, 0
30, 0
31, 0
32, 0
33, 0
34, 0
35, 0
36, 0
37, 0
38, 0
39, 0
40, 0
41, 1
42, 1
43, 1
44, 1
45, 1
46, 1
47, 1
48, 1
49, 1
50, 1
51, 1
52, 1
53, 1
54, 1
55, 1
56, 1
57, 1
58, 1
59, 1
60, 1
61, 1
62, 1
63, 1
64, 1
65, 1
66, 1
67, 1
68, 1
69, 1
70, 1
71, 1
72, 1
73, 1
74, 1
75, 1
76, 1
77, 1
78, 1
79, 1
80, 1
81, 1
82, 1
83, 1
84, 1
85, 1
86, 1
87, 1
88, 1
89, 1
90, 1
91, 1
92, 1
93, 1
94, 1
95, 1
96, 1
97, 1
98, 1
99, 1
100, 1
101, 1
102, 1
103, 1
104, 1
105, 1
106, 1
107, 1
108, 1
109, 1
110, 1
111, 1
112, 1
113, 1
114, 1
115, 1
116, 1
117, 1
118, 1
119, 1
120, 1
121, 1
122, 1
123, 1
124, 1
125, 1
126, 1
127, 1
128, 1
129, 1
130, 1
131, 1
132, 1
133, 1
134, 1
135, 1
136, 1
137, 1
138, 1
139, 1
140, 1
141, 1
142, 1
143, 1
144, 1
145, 1
146, 1
147, 1
148, 1
149, 1
150, 1
151, 1
152, 1
153, 1
154, 1
155, 1
156, 1
157, 1
158, 1
159, 1
160, 1
161, 1
162, 1
163, 1
164, 1
165, 1
166, 1
167, 1
168, 1
169, 1
170, 1
171, 1
172, 1
173, 1
174, 1
175, 1
176, 1
177, 1
178, 1
179, 1
180, 1
181, 1
182, 1
183, 1
184, 1
185, 1
186, 1
187, 1
188, 1
189, 1
190, 1
191, 1
192, 1
193, 1
194, 1
195, 1
196, 1
197, 1
198, 1
199, 1
200, 1
201, 1
202, 1
203, 1
204, 1
205, 1
206, 1
207, 1
208, 1
209, 1
210, 1
211, 1
212, 1
213, 1
214, 1
215, 1
216, 1
217, 1
218, 1
219, 1
220, 1
221, 1
222, 1
223, 1
224, 1
225, 1
226, 1
227, 1
228, 1
229, 1
230, 1
231, 1
232, 1
233, 1
234, 1
235, 1
236, 1
237, 1
238, 1
239, 1
240, 1
241, 1
242, 1
243, 1
244, 1
245, 1
246, 1
247, 1
248, 1
249, 1
250, 1
251, 1
252, 1
253, 1
254, 1
255, 1
256, 1
257, 1
258, 1
259, 1
260, 1
261, 1
262, 1
263, 1
264, 1
265, 1
266, 1
267, 1
268, 1
269, 1
270, 1
271, 1
272, 1
273, 1
274, 1
275, 1
276, 1
277, 1
278, 1
279, 1
280, 1
281, 1
282, 1
