bot_dist
0.0, 3.801524098259917
1.0, 3.8082950812377905
2.0, 3.815080258857938
3.0, 3.8218795555189438
4.0, 3.8286928959996698
5.0, 3.8355202054586455
6.0, 3.8423614094334297
7.0, 3.8492164338399446
8.0, 3.856085204971784
9.0, 3.862967649499488
10.0, 3.869863694469799
11.0, 3.876773267304887
12.0, 3.883696295801555
13.0, 3.890632708130408
14.0, 3.8975824328350157
15.0, 3.9045453988310364
16.0, 3.9115215354053254
17.0, 3.9185107722150256
18.0, 3.9255130392866207
19.0, 3.9325282670149875
20.0, 3.9395563861624128
21.0, 3.9465973278575968
22.0, 3.953651023594639
23.0, 3.960717405231996
24.0, 3.9677964049914336
25.0, 3.974887955456951
26.0, 3.981991989573695
27.0, 3.989108440646849
28.0, 3.9962372423405155
29.0, 4.003378328676575
30.0, 4.010531634033535
31.0, 4.017697093145361
32.0, 4.024874641100291
33.0, 4.032064213339644
34.0, 4.039265745656605
35.0, 4.046479174195008
36.0, 4.053704435448094
37.0, 4.060941466257266
38.0, 4.068190203810831
39.0, 4.075450585642726
40.0, 4.082722549631238
41.0, 4.090006033997711
42.0, 4.097300977305244
43.0, 4.104607318457376
44.0, 4.11192499669677
45.0, 4.119253951603875
46.0, 4.126594123095591
47.0, 4.133945451423924
48.0, 4.1413078771746195
49.0, 4.14868134126581
50.0, 4.156065784946642
51.0, 4.163461149795892
52.0, 4.170867377720594
53.0, 4.1782844109546335
54.0, 4.185712192057368
55.0, 4.19315066391221
56.0, 4.20059976972523
57.0, 4.208059453023736
58.0, 4.215529657654863
59.0, 4.223010327784147
60.0, 4.230501407894096
61.0, 4.238002842782768
62.0, 4.24551457756233
63.0, 4.253036557657624
64.0, 4.260568728804723
65.0, 4.268111037049494
66.0, 4.275663428746148
67.0, 4.2832258505557865
68.0, 4.290798249444963
69.0, 4.298380572684216
70.0, 4.3059727678466295
71.0, 4.313574782806364
72.0, 4.321186565737205
73.0, 4.328808065111106
74.0, 4.336439229696728
75.0, 4.344080008557977
76.0, 4.351730351052547
77.0, 4.359390206830459
78.0, 4.367059525832596
79.0, 4.374738258289251
80.0, 4.382426354718655
81.0, 4.390123765925529
82.0, 4.397830442999615
83.0, 4.405546337314222
84.0, 4.413271400524768
85.0, 4.421005584567325
86.0, 4.42874884165716
87.0, 4.4365011242872825
88.0, 4.444262385226995
89.0, 4.4520325775204395
90.0, 4.45981165448515
91.0, 4.467599569710605
92.0, 4.475396277056784
93.0, 4.483201730652725
94.0, 4.491015884895086
95.0, 4.498838694446704
96.0, 4.506670114235164
97.0, 4.514510099451366
98.0, 4.522358605548094
99.0, 4.530215588238595
100.0, 4.538081003495149
101.0, 4.538081003495149
102.0, 4.538081003495149
103.0, 4.538081003495149
104.0, 4.538081003495149
105.0, 4.538081003495149
106.0, 4.538081003495149
107.0, 4.538081003495149
108.0, 4.538081003495149
109.0, 4.538081003495149
110.0, 4.538081003495149
111.0, 4.538081003495149
112.0, 4.538081003495149
113.0, 4.538081003495149
114.0, 4.538081003495149
115.0, 4.538081003495149
116.0, 4.538081003495149
117.0, 4.538081003495149
118.0, 4.538081003495149
119.0, 4.538081003495149
120.0, 4.538081003495149
121.0, 4.538081003495149
122.0, 4.538081003495149
123.0, 4.538081003495149
124.0, 4.538081003495149
125.0, 4.538081003495149
126.0, 4.538081003495149
127.0, 4.538081003495149
128.0, 4.538081003495149
129.0, 4.538081003495149
130.0, 4.538081003495149
131.0, 4.530215588238595
132.0, 4.522358605548094
133.0, 4.514510099451366
134.0, 4.506670114235164
135.0, 4.498838694446704
136.0, 4.491015884895086
137.0, 4.483201730652725
138.0, 4.475396277056784
139.0, 4.467599569710605
140.0, 4.45981165448515
141.0, 4.4520325775204395
142.0, 4.444262385226995
143.0, 4.4365011242872825
144.0, 4.42874884165716
145.0, 4.421005584567325
146.0, 4.413271400524768
147.0, 4.405546337314222
148.0, 4.397830442999615
149.0, 4.390123765925529
150.0, 4.382426354718655
151.0, 4.374738258289251
152.0, 4.367059525832596
153.0, 4.359390206830459
154.0, 4.351730351052547
155.0, 4.344080008557977
156.0, 4.336439229696728
157.0, 4.328808065111106
158.0, 4.321186565737205
159.0, 4.313574782806364
160.0, 4.3059727678466295
161.0, 4.298380572684216
162.0, 4.290798249444963
163.0, 4.2832258505557865
164.0, 4.275663428746148
165.0, 4.268111037049494
166.0, 4.260568728804723
167.0, 4.253036557657624
168.0, 4.24551457756233
169.0, 4.238002842782768
170.0, 4.230501407894096
171.0, 4.223010327784147
172.0, 4.215529657654863
173.0, 4.208059453023736
174.0, 4.20059976972523
175.0, 4.19315066391221
176.0, 4.185712192057368
177.0, 4.1782844109546335
178.0, 4.170867377720594
179.0, 4.163461149795892
180.0, 4.156065784946642
181.0, 4.14868134126581
182.0, 4.1413078771746195
183.0, 4.133945451423924
184.0, 4.126594123095591
185.0, 4.119253951603875
186.0, 4.11192499669677
187.0, 4.104607318457376
188.0, 4.097300977305244
189.0, 4.090006033997711
190.0, 4.082722549631238
191.0, 4.075450585642726
192.0, 4.068190203810831
193.0, 4.060941466257266
194.0, 4.053704435448094
195.0, 4.046479174195008
196.0, 4.039265745656605
197.0, 4.032064213339644
198.0, 4.024874641100291
199.0, 4.017697093145361
200.0, 4.010531634033535
201.0, 4.003378328676575
202.0, 3.9962372423405155
203.0, 3.989108440646849
204.0, 3.981991989573695
205.0, 3.974887955456951
206.0, 3.9677964049914336
207.0, 3.960717405231996
208.0, 3.953651023594639
209.0, 3.9465973278575968
210.0, 3.9395563861624128
211.0, 3.9325282670149875
212.0, 3.9255130392866207
213.0, 3.9185107722150256
214.0, 3.9115215354053254
215.0, 3.9045453988310364
216.0, 3.8975824328350157
217.0, 3.890632708130408
218.0, 3.883696295801555
219.0, 3.876773267304887
220.0, 3.869863694469799
221.0, 3.862967649499488
222.0, 3.856085204971784
223.0, 3.8492164338399446
224.0, 3.8423614094334297
225.0, 3.8355202054586455
226.0, 3.8286928959996698
227.0, 3.8218795555189438
228.0, 3.815080258857938
229.0, 3.8082950812377905
230.0, 3.801524098259917
231.0, 3.801524098259917
232.0, 3.801524098259917
233.0, 3.801524098259917
234.0, 3.801524098259917
235.0, 3.801524098259917
236.0, 3.801524098259917
237.0, 3.801524098259917
238.0, 3.801524098259917
239.0, 3.801524098259917
240.0, 3.801524098259917
241.0, 3.801524098259917
242.0, 3.801524098259917
243.0, 3.801524098259917
244.0, 3.801524098259917
245.0, 3.801524098259917
246.0, 3.801524098259917
247.0, 3.801524098259917
248.0, 3.801524098259917
249.0, 3.801524098259917
250.0, 3.801524098259917
251.0, 3.801524098259917
252.0, 3.801524098259917
253.0, 3.801524098259917
254.0, 3.801524098259917
255.0, 3.801524098259917
256.0, 3.801524098259917
257.0, 3.801524098259917
258.0, 3.801524098259917
259.0, 3.801524098259917
260.0, 3.801524098259917
261.0, 3.8082950812377905
262.0, 3.815080258857938
263.0, 3.8218795555189438
264.0, 3.8286928959996698
265.0, 3.8355202054586455
266.0, 3.8423614094334297
267.0, 3.8492164338399446
268.0, 3.856085204971784
269.0, 3.862967649499488
270.0, 3.869863694469799
271.0, 3.876773267304887
272.0, 3.883696295801555
273.0, 3.890632708130408
274.0, 3.8975824328350157
275.0, 3.9045453988310364
276.0, 3.9115215354053254
277.0, 3.9185107722150256
278.0, 3.9255130392866207
279.0, 3.9325282670149875
280.0, 3.9395563861624128
281.0, 3.9465973278575968
282.0, 3.953651023594639
ee_dist
0.0, 1.542706764956875
1.0, 1.6101911220619858
2.0, 1.7226773354701346
3.0, 1.8169959001955371
4.0, 1.8496641415092154
5.0, 1.8755542535688838
6.0, 1.907465533267486
7.0, 1.9404378484530511
8.0, 1.9759971687594997
9.0, 2.0102067492051523
10.0, 2.044115263940429
11.0, 2.0763649868067193
12.0, 2.1075513248190276
13.0, 2.13618076666429
14.0, 2.1636593642406
15.0, 2.188602954630764
16.0, 2.2130611091353343
17.0, 2.234441069346681
18.0, 2.2558104160924435
19.0, 2.2741957675410034
20.0, 2.2930354155927617
21.0, 2.2634330533093907
22.0, 2.2219772566083535
23.0, 2.177395491470933
24.0, 2.1292369076586914
25.0, 2.077805603137978
26.0, 2.0232706328653007
27.0, 1.965998646656495
28.0, 1.9062326476906928
29.0, 1.8444576879638843
30.0, 1.7810159644334134
31.0, 1.7165364968326795
32.0, 1.6514975353685277
33.0, 1.5867014943551885
34.0, 1.522813192630888
35.0, 1.4608532580037679
36.0, 1.4017351610488609
37.0, 1.3467165746949752
38.0, 1.2969551373434776
39.0, 1.2538244560002136
40.0, 1.218607475719778
41.0, 1.2314171367614424
42.0, 1.0899414222564887
43.0, 0.7192539574264734
44.0, 0.6723154281169502
45.0, 0.6255779465005721
46.0, 0.579146715687082
47.0, 0.5332374841340899
48.0, 0.4891106237362959
49.0, 0.44773897382146816
50.0, 0.4111152799546154
51.0, 0.38161487710270764
52.0, 0.36166051910107083
53.0, 0.3528373909275808
54.0, 0.3565166962402572
55.0, 0.3725132903078313
56.0, 0.3997454135194895
57.0, 0.4357482543361391
58.0, 0.40587111187136315
59.0, 0.3506789786551547
60.0, 0.30146451135634694
61.0, 0.2720594681479793
62.0, 0.278441023652843
63.0, 0.3195501268014178
64.0, 0.3787156819062498
65.0, 0.43637447181552186
66.0, 0.4945691714124414
67.0, 0.5521681223186642
68.0, 0.6037233783127302
69.0, 0.6533174545376321
70.0, 0.701128433851914
71.0, 0.7474925709868159
72.0, 0.7928113260566857
73.0, 0.8462649085302838
74.0, 0.9041195047333286
75.0, 0.9736435184202746
76.0, 1.0530035500117407
77.0, 1.1425551424936453
78.0, 1.2378422763325356
79.0, 1.3340293748707397
80.0, 1.4263406404511172
81.0, 1.5052516970774763
82.0, 1.5706299429376778
83.0, 1.635698737036595
84.0, 1.6970958027233447
85.0, 1.7569712129682886
86.0, 1.8054788698974913
87.0, 1.8339710663365425
88.0, 1.8632581086086772
89.0, 1.901830998967549
90.0, 1.9510973241215444
91.0, 2.0322131636546374
92.0, 2.1226441972174674
93.0, 2.221770900345879
94.0, 2.327604679499669
95.0, 2.4321662568992206
96.0, 2.5330686349896476
97.0, 2.6236038600200096
98.0, 2.6958755445047395
99.0, 2.7654090681963663
100.0, 2.8314330572978297
101.0, 2.8961751563043974
102.0, 2.9587155747036595
103.0, 3.022467772663187
104.0, 3.0835623737122413
105.0, 3.152604324548294
106.0, 3.225249957147904
107.0, 3.305680078526959
108.0, 3.3953744529767147
109.0, 3.494655799401133
110.0, 3.5996377864387474
111.0, 3.707866423198044
112.0, 3.810123428001348
113.0, 3.9055045374344504
114.0, 3.9802165206749205
115.0, 4.049996322254107
116.0, 4.116085901319429
117.0, 4.1808090640257065
118.0, 4.24332235719715
119.0, 4.307187036987171
120.0, 4.368627690591291
121.0, 4.437130581846521
122.0, 4.509877079372545
123.0, 4.587194846837451
124.0, 4.675940646409005
125.0, 4.773947122228221
126.0, 4.8205427882031096
127.0, 4.867929603035649
128.0, 4.913835310469499
129.0, 4.959912080674125
130.0, 5.003916634709554
131.0, 5.047524174207698
132.0, 5.088525199157656
133.0, 5.128619282594748
134.0, 5.165638424688444
135.0, 5.201305059579164
136.0, 5.2334944777006465
137.0, 5.2639545951715245
138.0, 5.29060437210775
139.0, 5.31521292030365
140.0, 5.335748771992938
141.0, 5.354003012763779
142.0, 5.367993389526514
143.0, 4.7233484197435125
144.0, 4.723804567027499
145.0, 4.7233484197435125
146.0, 4.723804567027499
147.0, 4.7233484197435125
148.0, 4.723804567027499
149.0, 4.7233484197435125
150.0, 4.723804567027499
151.0, 4.7233484197435125
152.0, 4.723804567027499
153.0, 4.7233484197435125
154.0, 4.723804567027499
155.0, 4.7233484197435125
156.0, 4.723804567027499
157.0, 4.7233484197435125
158.0, 4.723804567027499
159.0, 4.7233484197435125
160.0, 4.723804567027499
161.0, 4.7233484197435125
162.0, 4.723804567027499
163.0, 4.7233484197435125
164.0, 4.723804567027499
165.0, 4.7233484197435125
166.0, 4.723804567027499
167.0, 4.7233484197435125
168.0, 4.723804567027499
169.0, 4.7233484197435125
170.0, 4.723804567027499
171.0, 4.7233484197435125
172.0, 4.723804567027499
173.0, 4.7233484197435125
174.0, 4.723804567027499
175.0, 4.7233484197435125
176.0, 4.723804567027499
177.0, 4.7233484197435125
178.0, 4.723804567027499
179.0, 4.7233484197435125
180.0, 4.723804567027499
181.0, 4.7233484197435125
182.0, 4.723804567027499
183.0, 4.7233484197435125
184.0, 4.723804567027499
185.0, 4.7233484197435125
186.0, 4.723804567027499
187.0, 4.7233484197435125
188.0, 4.723804567027499
189.0, 4.7233484197435125
190.0, 4.723804567027499
191.0, 4.7233484197435125
192.0, 4.723804567027499
193.0, 4.7233484197435125
194.0, 4.723804567027499
195.0, 4.7233484197435125
196.0, 4.723804567027499
197.0, 4.7233484197435125
198.0, 4.723804567027499
199.0, 4.7233484197435125
200.0, 4.723804567027499
201.0, 4.7233484197435125
202.0, 4.723804567027499
203.0, 4.7233484197435125
204.0, 4.723804567027499
205.0, 4.7233484197435125
206.0, 4.723804567027499
207.0, 4.7233484197435125
208.0, 4.723804567027499
209.0, 4.7233484197435125
210.0, 4.723804567027499
211.0, 4.7233484197435125
212.0, 4.723804567027499
213.0, 4.7233484197435125
214.0, 4.723804567027499
215.0, 4.7233484197435125
216.0, 4.723804567027499
217.0, 4.7233484197435125
218.0, 4.723804567027499
219.0, 4.7233484197435125
220.0, 4.723804567027499
221.0, 4.7233484197435125
222.0, 4.723804567027499
223.0, 4.7233484197435125
224.0, 4.723804567027499
225.0, 4.7233484197435125
226.0, 4.723804567027499
227.0, 4.7233484197435125
228.0, 4.723804567027499
229.0, 4.7233484197435125
230.0, 4.723804567027499
231.0, 4.7233484197435125
232.0, 4.723804567027499
233.0, 4.7233484197435125
234.0, 4.723804567027499
235.0, 4.7233484197435125
236.0, 4.723804567027499
237.0, 4.7233484197435125
238.0, 4.723804567027499
239.0, 4.7233484197435125
240.0, 4.723804567027499
241.0, 4.7233484197435125
242.0, 4.723804567027499
243.0, 4.7275528448493
244.0, 4.732590565286403
245.0, 4.738768748266156
246.0, 4.747054385208859
247.0, 4.756549162494626
248.0, 4.768222848310548
249.0, 4.7811046830364825
250.0, 4.796171126863422
251.0, 4.812334615721558
252.0, 4.830565851734303
253.0, 4.849645543906282
254.0, 4.870552697492921
255.0, 4.8919693014850925
256.0, 4.914887384948545
257.0, 4.937952600071979
258.0, 4.9621610361238275
259.0, 4.986179865590826
260.0, 5.0110143169617265
261.0, 5.035320627405368
262.0, 5.060141578635151
263.0, 5.025397890762
264.0, 4.981737199268873
265.0, 4.936724741301723
266.0, 4.890188223651125
267.0, 4.842509564688645
268.0, 4.793987720789223
269.0, 4.74502407273876
270.0, 4.695949138920175
271.0, 4.647201706177614
272.0, 4.599136903739642
273.0, 4.552217955303227
274.0, 4.506817543399131
275.0, 4.46339205375771
276.0, 4.422286207151439
277.0, 4.383911987597951
278.0, 4.348564348889285
279.0, 4.316704498877855
280.0, 4.288574411182349
281.0, 4.264840842026864
282.0, 4.2458202923705946
ee_box_dist
0.0, 0.9156933820119512
1.0, 0.9480313384181583
2.0, 0.9791414938788795
3.0, 1.0119483130222129
4.0, 1.046631487400877
5.0, 1.0827247221782883
6.0, 1.1199146514057985
7.0, 1.155475210562219
8.0, 1.190746082667485
9.0, 1.2235700312441558
10.0, 1.2551521304009994
11.0, 1.284557386446884
12.0, 1.312507318954552
13.0, 1.3378316103426213
14.0, 1.3618529146224072
15.0, 1.383443991627651
16.0, 1.4045405194836842
17.0, 1.4227653799289182
18.0, 1.4410169112846627
19.0, 1.4565128002460845
20.0, 1.4725190033846132
21.0, 1.447215085805576
22.0, 1.4119733143077102
23.0, 1.3738218066201329
24.0, 1.3322347512866621
25.0, 1.2875439954877155
26.0, 1.2396419666314804
27.0, 1.188863438255955
28.0, 1.135241518353232
29.0, 1.0790175612318216
30.0, 1.020394388211371
31.0, 0.9596730186683435
32.0, 0.8970194909120712
33.0, 0.8329831042988449
34.0, 0.7677240935706537
35.0, 0.7020942869569797
36.0, 0.6366550407845406
37.0, 0.572844586560346
38.0, 0.5120255062034293
39.0, 0.45651478527850325
40.0, 0.4092719767255681
41.0, 0.42239051158273716
42.0, 0.43565408265528993
43.0, 0.44913298067303553
44.0, 0.4626909578895297
45.0, 0.47640038352678055
46.0, 0.4900662728130334
47.0, 0.5037819023968879
48.0, 0.5173883752570696
49.0, 0.5309955264586286
50.0, 0.5444339394514119
51.0, 0.5578157162112866
52.0, 0.570995044383391
53.0, 0.5840697987639436
54.0, 0.5969392545066579
55.0, 0.6097248825718452
56.0, 0.6223072967820392
57.0, 0.6347770504981183
58.0, 0.6470185752737914
59.0, 0.6590914727919026
60.0, 0.670918618903436
61.0, 0.6825025679545447
62.0, 0.693767976803045
63.0, 0.7048281272342737
64.0, 0.715559758138241
65.0, 0.7260137833158556
66.0, 0.7360983489575138
67.0, 0.7458964511205942
68.0, 0.7553036859459745
69.0, 0.7644051299857899
70.0, 0.7730974704939286
71.0, 0.7814772878650471
72.0, 0.7894356482215594
73.0, 0.797040517069802
74.0, 0.8042582467637128
75.0, 0.8110741371057335
76.0, 0.8174718065685498
77.0, 0.823471834345583
78.0, 0.8290373768014735
79.0, 0.8341496387927371
80.0, 0.8388247524832465
81.0, 0.8430668107855577
82.0, 0.8468573295005798
83.0, 0.8501559346917007
84.0, 0.8529776623997865
85.0, 0.8553203487045687
86.0, 0.8738441704495988
87.0, 0.916965395401908
88.0, 0.9555227724273517
89.0, 0.9892655696311871
90.0, 1.0144671078148024
91.0, 1.0133836719848799
92.0, 1.0137817112420007
93.0, 1.0135589393553355
94.0, 1.012761289376931
95.0, 1.014086243775962
96.0, 1.0139840119281582
97.0, 1.0136068823512607
98.0, 1.0140324220295396
99.0, 1.0135548280240778
100.0, 1.014031291075625
101.0, 1.0135339016655427
102.0, 1.014012446489426
103.0, 1.0122106662653036
104.0, 1.013730920079588
105.0, 1.0134908539263905
106.0, 1.014003189475396
107.0, 1.013504551749692
108.0, 1.0139971575390274
109.0, 1.0134962600881692
110.0, 1.0140039697521395
111.0, 1.0135054303345494
112.0, 1.0139951651633439
113.0, 1.0134983592956595
114.0, 1.0139916400941331
115.0, 1.0121709132108405
116.0, 1.0137024780391994
117.0, 1.0134652516805762
118.0, 1.0139471982600299
119.0, 1.0134754810307136
120.0, 1.0139520933527342
121.0, 1.0134788674490487
122.0, 1.0139510112225953
123.0, 1.013472207998362
124.0, 1.0139451824903272
125.0, 1.0134491197194913
126.0, 1.0139374137380737
127.0, 1.0134328644830917
128.0, 1.0139306629903209
129.0, 1.0134288120605102
130.0, 1.0139214941040058
131.0, 1.0134192767957326
132.0, 1.0139119298535144
133.0, 1.0134096937748511
134.0, 1.0139025041436365
135.0, 1.0134003590312781
136.0, 1.0138931389175814
137.0, 1.0133909534502794
138.0, 1.0138837876114382
139.0, 1.013381666175543
140.0, 1.0138743763322553
141.0, 1.0133723604321774
142.0, 1.0138651935207943
143.0, 1.6996697480698106
144.0, 1.6991546861059261
145.0, 1.699659146649013
146.0, 1.6991441052816532
147.0, 1.6996486133063144
148.0, 1.6991335225964546
149.0, 1.6996379991578243
150.0, 1.6991229984551997
151.0, 1.6996276204804837
152.0, 1.6991124390773613
153.0, 1.6996170881014439
154.0, 1.699101887960714
155.0, 1.6996065069763449
156.0, 1.6990913642048777
157.0, 1.6995960020590668
158.0, 1.6990808697870634
159.0, 1.6995854795983494
160.0, 1.6990703266351412
161.0, 1.699575156574207
162.0, 1.6990599043509422
163.0, 1.6995646579945816
164.0, 1.699049435841772
165.0, 1.6995543437205944
166.0, 1.699039035396229
167.0, 1.699543797067868
168.0, 1.699028605853851
169.0, 1.6995334557746398
170.0, 1.6990182362013444
171.0, 1.6995250066507255
172.0, 1.6990105752519815
173.0, 1.699514765232299
174.0, 1.6989992499922175
175.0, 1.6995056011685696
176.0, 1.6989889625112313
177.0, 1.6994954875302068
178.0, 1.6989523348437212
179.0, 1.6994858506001451
180.0, 1.6989463372979365
181.0, 1.6994762503954588
182.0, 1.6989396035123596
183.0, 1.6994659823704432
184.0, 1.6989311389876425
185.0, 1.6994556515335801
186.0, 1.6989217327805826
187.0, 1.699443846097717
188.0, 1.6989093974133906
189.0, 1.6994339455883725
190.0, 1.6989007459136523
191.0, 1.6994226230816156
192.0, 1.698889291610586
193.0, 1.6994123990253096
194.0, 1.6988801189250873
195.0, 1.6993879353061152
196.0, 1.698868831280739
197.0, 1.6993785948634013
198.0, 1.698858182816551
199.0, 1.6993572873373675
200.0, 1.6988485530983957
201.0, 1.6993481383839317
202.0, 1.6988374747397137
203.0, 1.6993403597337056
204.0, 1.6988264910970814
205.0, 1.6993313608043334
206.0, 1.6988155941236565
207.0, 1.6993216885984797
208.0, 1.6988076308221192
209.0, 1.699311554427295
210.0, 1.6987947934080405
211.0, 1.6993015958159385
212.0, 1.6987592214066916
213.0, 1.6992923704957397
214.0, 1.6987569815426382
215.0, 1.6992804214269261
216.0, 1.6987636681498162
217.0, 1.6992782982007992
218.0, 1.698743657165087
219.0, 1.6992721988365938
220.0, 1.698746991571109
221.0, 1.699250467747247
222.0, 1.6987121928522613
223.0, 1.6992523901721162
224.0, 1.6987321984698054
225.0, 1.6992434846191957
226.0, 1.6987251940498413
227.0, 1.6992422700850391
228.0, 1.6987212523042021
229.0, 1.6992390892108407
230.0, 1.6987178766729125
231.0, 1.6992356747029882
232.0, 1.6986896971241863
233.0, 1.6992277313310675
234.0, 1.698707728335946
235.0, 1.6992085265953967
236.0, 1.6986972754887386
237.0, 1.6992101980630496
238.0, 1.698697172682903
239.0, 1.6992158818938619
240.0, 1.6986969104056424
241.0, 1.6992158818938619
242.0, 1.6986969104056424
243.0, 1.6962825206262566
244.0, 1.695271969190343
245.0, 1.69336058190337
246.0, 1.6896660377202357
247.0, 1.6849676476995183
248.0, 1.6782865061305574
249.0, 1.6704400738001395
250.0, 1.6604745310626328
251.0, 1.6493308822955137
252.0, 1.636049337901855
253.0, 1.6217555949223883
254.0, 1.6054209156334962
255.0, 1.5883583363339067
256.0, 1.5694301274589881
257.0, 1.5500931440878518
258.0, 1.5291044332184096
259.0, 1.5080071200649228
260.0, 1.485459411869032
261.0, 1.4631250017837598
262.0, 1.439550073904299
263.0, 1.4833141192237485
264.0, 1.537574763763265
265.0, 1.5912498378212845
266.0, 1.64455292018597
267.0, 1.6971133299547292
268.0, 1.7486185180718856
269.0, 1.798785814873048
270.0, 1.8473557709186146
271.0, 1.8940906036212757
272.0, 1.9387730611070042
273.0, 1.9812046184566805
274.0, 2.0212004498834295
275.0, 2.0586009203125513
276.0, 2.0932521594359437
277.0, 2.1250331259729274
278.0, 2.1538149899142605
279.0, 2.179492114243425
280.0, 2.2019568936486014
281.0, 2.2210904082994682
282.0, 2.236782485491587
spot_hold
0, 0
1, 0
2, 0
3, 0
4, 0
5, 0
6, 0
7, 0
8, 0
9, 0
10, 0
11, 0
12, 0
13, 0
14, 0
15, 0
16, 0
17, 0
18, 0
19, 0
20, 0
21, 0
22, 0
23, 0
24, 0
25, 0
26, 0
27, 0
28, 0
29, 0
30, 0
31, 0
32, 0
33, 0
34, 0
35, 0
36, 0
37, 0
38, 0
39, 0
40, 0
41, 1
42, 1
43, 1
44, 1
45, 1
46, 1
47, 1
48, 1
49, 1
50, 1
51, 1
52, 1
53, 1
54, 1
55, 1
56, 1
57, 1
58, 1
59, 1
60, 1
61, 1
62, 1
63, 1
64, 1
65, 1
66, 1
67, 1
68, 1
69, 1
70, 1
71, 1
72, 1
73, 1
74, 1
75, 1
76, 1
77, 1
78, 1
79, 1
80, 1
81, 1
82, 1
83, 1
84, 1
85, 1
86, 1
87, 1
88, 1
89, 1
90, 1
91, 1
92, 1
93, 1
94, 1
95, 1
96, 1
97, 1
98, 1
99, 1
100, 1
101, 1
102, 1
103, 1
104, 1
105, 1
106, 1
107, 1
108, 1
109, 1
110, 1
111, 1
112, 1
113, 1
114, 1
115, 1
116, 1
117, 1
118, 1
119, 1
120, 1
121, 1
122, 1
123, 1
124, 1
125, 1
126, 1
127, 1
128, 1
129, 1
130, 1
131, 1
132, 1
133, 1
134, 1
135, 1
136, 1
137, 1
138, 1
139, 1
140, 1
141, 1
142, 1
143, 1
144, 1
145, 1
146, 1
147, 1
148, 1
149, 1
150, 1
151, 1
152, 1
153, 1
154, 1
155, 1
156, 1
157, 1
158, 1
159, 1
160, 1
161, 1
162, 1
163, 1
164, 1
165, 1
166, 1
167, 1
168, 1
169, 1
170, 1
171, 1
172, 1
173, 1
174, 1
175, 1
176, 1
177, 1
178, 1
179, 1
180, 1
181, 1
182, 1
183, 1
184, 1
185, 1
186, 1
187, 1
188, 1
189, 1
190, 1
191, 1
192, 1
193, 1
194, 1
195, 1
196, 1
197, 1
198, 1
199, 1
200, 1
201, 1
202, 1
203, 1
204, 1
205, 1
206, 1
207, 1
208, 1
209, 1
210, 1
211, 1
212, 1
213, 1
214, 1
215, 1
216, 1
217, 1
218, 1
219, 1
220, 1
221, 1
222, 1
223, 1
224, 1
225, 1
226, 1
227, 1
228, 1
229, 1
230, 1
231, 1
232, 1
233, 1
234, 1
235, 1
236, 1
237, 1
238, 1
239, 1
240, 1
241, 1
242, 1
243, 1
244, 1
245, 1
246, 1
247, 1
248, 1
249, 1
250, 1
251, 1
252, 1
253, 1
254, 1
255, 1
256, 1
257, 1
258, 1
259, 1
260, 1
261, 1
262, 1
263, 1
264, 1
265, 1
266, 1
267, 1
268, 1
269, 1
270, 1
271, 1
272, 1
273, 1
274, 1
275, 1
276, 1
277, 1
278, 1
279, 1
280, 1
281, 1
282, 1
