bot_dist
0.0, 4.0716589138270525
1.0, 4.078924839174468
2.0, 4.086202317108168
3.0, 4.093491286013004
4.0, 4.100791684614953
5.0, 4.108103451979811
6.0, 4.115426527511851
7.0, 4.1227608509525036
8.0, 4.130106362378999
9.0, 4.137463002203029
10.0, 4.144830711169377
11.0, 4.152209430354557
12.0, 4.159599101165438
13.0, 4.166999665337862
14.0, 4.174411064935259
15.0, 4.18183324234725
16.0, 4.189266140288253
17.0, 4.196709701796074
18.0, 4.204163870230498
19.0, 4.211628589271874
20.0, 4.2191038029196966
21.0, 4.226589455491179
22.0, 4.234085491619829
23.0, 4.241591856254014
24.0, 4.249108494655524
25.0, 4.256635352398139
26.0, 4.264172375366181
27.0, 4.271719509753072
28.0, 4.279276702059884
29.0, 4.286843899093894
30.0, 4.294421047967129
31.0, 4.302008096094912
32.0, 4.309604991194411
33.0, 4.317211681283178
34.0, 4.3248281146776915
35.0, 4.332454239991901
36.0, 4.340090006135764
37.0, 4.347735362313788
38.0, 4.355390258023567
39.0, 4.363054643054327
40.0, 4.370728467485457
41.0, 4.378411681685057
42.0, 4.386104236308467
43.0, 4.39380608229682
44.0, 4.4015171708755725
45.0, 4.409237453553053
46.0, 4.416966882119001
47.0, 4.4247054086431135
48.0, 4.432452985473588
49.0, 4.440209565235671
50.0, 4.4479751008302095
51.0, 4.455749545432194
52.0, 4.463532852489317
53.0, 4.471324975720527
54.0, 4.479125869114582
55.0, 4.486935486928608
56.0, 4.494753783686667
57.0, 4.502580714178312
58.0, 4.510416233457161
59.0, 4.518260296839462
60.0, 4.526112859902666
61.0, 4.533973878484004
62.0, 4.541843308679066
63.0, 4.549721106840382
64.0, 4.5576072295760035
65.0, 4.5655016337481
66.0, 4.573404276471545
67.0, 4.581315115112515
68.0, 4.589234107287087
69.0, 4.597161210859844
70.0, 4.605096383942481
71.0, 4.613039584892419
72.0, 4.620990772311415
73.0, 4.6289499050441885
74.0, 4.636916942177042
75.0, 4.64489184303649
76.0, 4.6528745671878875
77.0, 4.660865074434075
78.0, 4.668863324814014
79.0, 4.676869278601435
80.0, 4.68488289630349
81.0, 4.692904138659407
82.0, 4.700932966639146
83.0, 4.7089693414420735
84.0, 4.717013224495623
85.0, 4.725064577453975
86.0, 4.733123362196739
87.0, 4.7411895408276346
88.0, 4.74926307567318
89.0, 4.757343929281394
90.0, 4.765432064420487
91.0, 4.773527444077578
92.0, 4.781630031457395
93.0, 4.789739789980998
94.0, 4.797856683284497
95.0, 4.80598067521778
96.0, 4.814111729843244
97.0, 4.822249811434535
98.0, 4.830394884475288
99.0, 4.838546913657878
100.0, 4.846705863882175
101.0, 4.846705863882175
102.0, 4.846705863882175
103.0, 4.846705863882175
104.0, 4.846705863882175
105.0, 4.846705863882175
106.0, 4.846705863882175
107.0, 4.846705863882175
108.0, 4.846705863882175
109.0, 4.846705863882175
110.0, 4.846705863882175
111.0, 4.846705863882175
112.0, 4.846705863882175
113.0, 4.846705863882175
114.0, 4.846705863882175
115.0, 4.846705863882175
116.0, 4.846705863882175
117.0, 4.846705863882175
118.0, 4.846705863882175
119.0, 4.846705863882175
120.0, 4.846705863882175
121.0, 4.846705863882175
122.0, 4.846705863882175
123.0, 4.846705863882175
124.0, 4.846705863882175
125.0, 4.846705863882175
126.0, 4.846705863882175
127.0, 4.846705863882175
128.0, 4.846705863882175
129.0, 4.846705863882175
130.0, 4.846705863882175
131.0, 4.838546913657878
132.0, 4.830394884475288
133.0, 4.822249811434535
134.0, 4.814111729843244
135.0, 4.80598067521778
136.0, 4.797856683284497
137.0, 4.789739789980998
138.0, 4.781630031457395
139.0, 4.773527444077578
140.0, 4.765432064420487
141.0, 4.757343929281394
142.0, 4.74926307567318
143.0, 4.744611972150845
144.0, 4.736551621802126
145.0, 4.728498679849038
146.0, 4.720453184207038
147.0, 4.712415173015337
148.0, 4.704384684638205
149.0, 4.696361757666287
150.0, 4.688346430917917
151.0, 4.599948973682971
152.0, 4.511609586699266
153.0, 4.4233317140873
154.0, 4.335119151376596
155.0, 4.246975968161542
156.0, 4.1589065756974
157.0, 4.070915763110844
158.0, 3.9830087382577397
159.0, 3.895191173929535
160.0, 3.8074692602314544
161.0, 3.7198497641012676
162.0, 3.632340097112181
163.0, 3.544948392913707
164.0, 3.457683595918213
165.0, 3.370555563148338
166.0, 3.2835751815340535
167.0, 3.275141363091694
168.0, 3.1862228336500955
169.0, 3.0973932204940073
170.0, 3.008660260398094
171.0, 2.920032764556369
172.0, 2.8315206361801764
173.0, 2.7431350429013075
174.0, 2.734537813512139
175.0, 2.644538738213097
176.0, 2.5546097991403007
177.0, 2.5459786833418026
178.0, 2.5373576188264435
179.0, 2.528746708395459
180.0, 2.5201460561331896
181.0, 2.429178372122556
182.0, 2.4206232083794847
183.0, 2.4120791591324937
184.0, 2.403546342909946
185.0, 2.395024879772393
186.0, 2.3865148913342833
187.0, 2.378016500785967
188.0, 2.2916480243223596
189.0, 2.283110044073452
190.0, 2.1997497159700825
191.0, 2.116868962165861
192.0, 2.0345261646636073
193.0, 1.9527893762690776
194.0, 1.8717379899673108
195.0, 1.7914650372679042
196.0, 1.7120800150894366
197.0, 1.6337123669829177
198.0, 1.5565157691607683
199.0, 1.4806733950835602
200.0, 1.40640434719868
201.0, 1.3339714368678748
202.0, 1.26369043780044
203.0, 1.1959407896907444
204.0, 1.131177414888091
205.0, 1.069942726087998
206.0, 1.012876918442343
207.0, 0.9607231590665574
208.0, 0.9143223974448639
209.0, 0.8745907764324697
210.0, 0.8424723898271714
211.0, 0.818863470123911
212.0, 0.8045137004760625
213.0, 0.7963182705480071
214.0, 0.7990739464346386
215.0, 0.811544726511021
216.0, 0.8047892536348442
217.0, 0.7981018995234516
218.0, 0.7914843908115208
219.0, 0.7849384940185804
220.0, 0.7784660156388078
221.0, 0.7720688021384458
222.0, 0.7657487398520214
223.0, 0.7595077547681481
224.0, 0.7533478121953225
225.0, 0.7472709162977873
226.0, 0.7412791094912367
227.0, 0.7353744716878859
228.0, 0.729559119380249
229.0, 0.723835204552847
230.0, 0.7182049134110473
231.0, 0.7182049134110473
232.0, 0.7182049134110473
233.0, 0.7182049134110473
234.0, 0.7182049134110473
235.0, 0.7182049134110473
236.0, 0.7182049134110473
237.0, 0.7182049134110473
238.0, 0.7182049134110473
239.0, 0.7182049134110473
240.0, 0.7182049134110473
241.0, 0.7182049134110473
242.0, 0.7182049134110473
243.0, 0.7182049134110473
244.0, 0.7182049134110473
245.0, 0.7182049134110473
246.0, 0.7182049134110473
247.0, 0.7182049134110473
248.0, 0.7182049134110473
249.0, 0.7182049134110473
250.0, 0.7182049134110473
251.0, 0.7182049134110473
252.0, 0.7182049134110473
253.0, 0.7182049134110473
254.0, 0.7182049134110473
255.0, 0.7182049134110473
256.0, 0.7182049134110473
257.0, 0.7182049134110473
258.0, 0.7182049134110473
259.0, 0.7182049134110473
260.0, 0.7182049134110473
261.0, 0.723835204552847
262.0, 0.729559119380249
263.0, 0.7353744716878859
264.0, 0.7412791094912367
265.0, 0.7472709162977873
266.0, 0.7533478121953225
267.0, 0.7595077547681481
268.0, 0.7657487398520214
269.0, 0.7720688021384458
270.0, 0.7784660156388078
271.0, 0.7849384940185804
272.0, 0.7914843908115208
273.0, 0.7981018995234516
274.0, 0.8047892536348442
275.0, 0.811544726511021
276.0, 0.8183666312283858
277.0, 0.8252533203246601
278.0, 0.8322031854806768
279.0, 0.839214657140845
280.0, 0.8462862040789728
281.0, 0.85341633291571
282.0, 0.8606035875934572
ee_dist
0.0, 0.9067090311718594
1.0, 0.9135796779690193
2.0, 0.9902895120267804
3.0, 1.0668084496241736
4.0, 1.0931227603764144
5.0, 1.1183543932254534
6.0, 1.1532229803711147
7.0, 1.190263649826224
8.0, 1.2271792905533374
9.0, 1.2654563730282544
10.0, 1.3075761878044698
11.0, 1.3460207095541792
12.0, 1.3867328258585234
13.0, 1.4286568264631536
14.0, 1.466411278880708
15.0, 1.4991143305781698
16.0, 1.5287425547978641
17.0, 1.5547712425224793
18.0, 1.5782403061846173
19.0, 1.5983863117769297
20.0, 1.6168950378982727
21.0, 1.589791545135358
22.0, 1.5537707380736747
23.0, 1.5144588513470107
24.0, 1.471462958824853
25.0, 1.4247643995475794
26.0, 1.3748155965564872
27.0, 1.3203314318394643
28.0, 1.2623751224326254
29.0, 1.2021293293630742
30.0, 1.13868304335678
31.0, 1.0742603835030518
32.0, 1.0085848101573471
33.0, 0.9393011181985137
34.0, 0.8704157786790002
35.0, 0.7997204422480814
36.0, 0.7302209279075847
37.0, 0.6617914640040223
38.0, 0.5959095037479841
39.0, 0.5348266272366925
40.0, 0.48195721558606286
41.0, 0.49716977875220425
42.0, 0.7082610761405654
43.0, 1.1935414113334504
44.0, 1.1533307718495374
45.0, 1.1114366701126228
46.0, 1.067063410809875
47.0, 1.020587510390656
48.0, 0.9717132703576153
49.0, 0.9207719318834642
50.0, 0.8680467834475568
51.0, 0.8141819578412413
52.0, 0.7593029357074428
53.0, 0.703504876362829
54.0, 0.6468926045915959
55.0, 0.589621558254027
56.0, 0.5326259869606188
57.0, 0.47619809899770105
58.0, 0.5277099190228257
59.0, 0.602017590137567
60.0, 0.6852704428817324
61.0, 0.7770285544895533
62.0, 0.8717231656556917
63.0, 0.9642255672436548
64.0, 1.050481122742505
65.0, 1.117065567617641
66.0, 1.1734701658714384
67.0, 1.2310165609533328
68.0, 1.2839059125176233
69.0, 1.3363108913684794
70.0, 1.389057980937307
71.0, 1.4401299029162868
72.0, 1.4962544032454357
73.0, 1.5576848500938851
74.0, 1.623849867995389
75.0, 1.7010903475876336
76.0, 1.787558810330231
77.0, 1.8833761339436215
78.0, 1.9833946869725563
79.0, 2.0824557061841227
80.0, 2.1761624378594835
81.0, 2.2546479556223322
82.0, 2.318165816551146
83.0, 2.3805827605576697
84.0, 2.4405435630892005
85.0, 2.4997900515210447
86.0, 2.548713023224503
87.0, 2.5771015737759693
88.0, 2.6069937567337402
89.0, 2.647072454399985
90.0, 2.696625267712962
91.0, 2.7819195554193876
92.0, 2.8746662135374152
93.0, 2.97707070067073
94.0, 3.0847044963227694
95.0, 3.192912862045307
96.0, 3.292800564665665
97.0, 3.383935020037341
98.0, 3.456051551222541
99.0, 3.524242597370726
100.0, 3.5879968197743723
101.0, 3.6528637788350213
102.0, 3.7157659730273243
103.0, 3.7789746185242716
104.0, 3.8411156705496823
105.0, 3.911827646552935
106.0, 3.986563380436334
107.0, 4.068626989323941
108.0, 4.158337306736217
109.0, 4.259681986314531
110.0, 4.366351692599252
111.0, 4.475729806571019
112.0, 4.57748216383172
113.0, 4.673118926826616
114.0, 4.74800944403139
115.0, 4.815667833480037
116.0, 4.859416023370188
117.0, 4.905181640069056
118.0, 4.948792071287051
119.0, 4.991684242560456
120.0, 5.0308673011925515
121.0, 5.070360022190344
122.0, 5.107102283259147
123.0, 5.142089602021486
124.0, 5.1722231402298995
125.0, 5.202384527331219
126.0, 5.228875898908952
127.0, 5.252918599061233
128.0, 5.271509088099762
129.0, 5.289623651077579
130.0, 5.303538095982165
131.0, 5.3146750629546125
132.0, 5.3201301631346825
133.0, 5.324743554368709
134.0, 5.325121702661595
135.0, 5.32251433389945
136.0, 5.314154117063939
137.0, 5.305047229085916
138.0, 5.29163128506282
139.0, 5.268568997769261
140.0, 5.26721450446833
141.0, 5.267929568851687
142.0, 5.2679923292677815
143.0, 4.635528138975713
144.0, 4.625999854280702
145.0, 4.616287605392224
146.0, 4.609897959882045
147.0, 4.6055716238769
148.0, 4.606508822500175
149.0, 4.607030225080688
150.0, 4.611282925748765
151.0, 4.528400320677923
152.0, 4.447796330296234
153.0, 4.364881683712985
154.0, 4.282739177425259
155.0, 4.20004172473306
156.0, 4.119938981567864
157.0, 4.036996889048294
158.0, 3.955002279356685
159.0, 3.8725310823197123
160.0, 3.792734119370563
161.0, 3.7100180374105713
162.0, 3.6284350512163592
163.0, 3.5462756761964718
164.0, 3.466707049563794
165.0, 3.384398656087946
166.0, 3.302994760315071
167.0, 3.310991781883085
168.0, 3.2339043451796687
169.0, 3.1540598093637096
170.0, 3.0756218182141546
171.0, 2.996707805601813
172.0, 2.9201601227698455
173.0, 2.8417503660022567
174.0, 2.854258717509751
175.0, 2.7794885552782223
176.0, 2.7076453057600576
177.0, 2.7224088739109855
178.0, 2.7403762413878456
179.0, 2.7598640643884447
180.0, 2.78283451804361
181.0, 2.728595848964493
182.0, 2.7062247330066365
183.0, 2.6851730370760585
184.0, 2.668203705896598
185.0, 2.6509882414566164
186.0, 2.6368321694031738
187.0, 2.624604763388258
188.0, 2.547881812814992
189.0, 2.5375697423074066
190.0, 2.4569533895924756
191.0, 2.375873593872559
192.0, 2.2974789200052848
193.0, 2.2165131946280328
194.0, 2.1365877309278734
195.0, 2.056486845266258
196.0, 1.9793104396385182
197.0, 1.8994905300774576
198.0, 1.8212591170886627
199.0, 1.742754206926515
200.0, 1.666854752910408
201.0, 1.5894152442072131
202.0, 1.5132045541687846
203.0, 1.437355644108232
204.0, 1.3649003726598998
205.0, 1.2907429599720548
206.0, 1.2189263717528553
207.0, 1.148051729971466
208.0, 1.080952635164066
209.0, 1.0140947798278064
210.0, 0.9504996190905248
211.0, 0.88978520812193
212.0, 0.8349389329624515
213.0, 0.8130922280245645
214.0, 0.7550228768649883
215.0, 0.7017375190974593
216.0, 0.6811117919604449
217.0, 0.6605995160246304
218.0, 0.6433271491369911
219.0, 0.6284522927662335
220.0, 0.6192431878488392
221.0, 0.6106757353694986
222.0, 0.606636831608463
223.0, 0.6058164693894724
224.0, 0.6113089986805259
225.0, 0.6175566338889683
226.0, 0.6281951576898817
227.0, 0.6416543674448504
228.0, 0.6600752345748421
229.0, 0.6788464991666948
230.0, 0.6787247950775648
231.0, 0.6782762214499701
232.0, 0.6795421068710209
233.0, 0.6788400073605888
234.0, 0.6787367917494234
235.0, 0.678289986146191
236.0, 0.6795429216100244
237.0, 0.6788499602248229
238.0, 0.6787188714296689
239.0, 0.6782689304041963
240.0, 0.6795421894805073
241.0, 0.6788348548263115
242.0, 0.6787460929987554
243.0, 0.6850303515148707
244.0, 0.6965853533219204
245.0, 0.7122751762040229
246.0, 0.7272769945359708
247.0, 0.7435712503862335
248.0, 0.7614158029154637
249.0, 0.7798537742442999
250.0, 0.7996821218094357
251.0, 0.8198442474028944
252.0, 0.8411761490086904
253.0, 0.8626025047019417
254.0, 0.8849249588197027
255.0, 0.9071079237375521
256.0, 0.9298779341920117
257.0, 0.9522889606776511
258.0, 0.9749869995166915
259.0, 0.9971399104619585
260.0, 1.0193169256213126
261.0, 1.0408017303874826
262.0, 1.0621197826417947
263.0, 1.0411561657727717
264.0, 1.0158735284346236
265.0, 0.9894822745444151
266.0, 0.9618198156165892
267.0, 0.9330978730929546
268.0, 0.9033810834911109
269.0, 0.87291354055032
270.0, 0.8417873652196199
271.0, 0.8103023556482389
272.0, 0.778591380576021
273.0, 0.7470228456272704
274.0, 0.7145641223828211
275.0, 0.6637457288506189
276.0, 0.626235520155359
277.0, 0.5965864499294502
278.0, 0.5688286900019072
279.0, 0.543096945269356
280.0, 0.5207068262981096
281.0, 0.49897186313722386
282.0, 0.4933944477611698
ee_box_dist
0.0, 0.942965846699106
1.0, 0.974627574586155
2.0, 1.0070460073578764
3.0, 1.0396257508942155
4.0, 1.0739474406433924
5.0, 1.1096710043122284
6.0, 1.1464054094022138
7.0, 1.180873651054545
8.0, 1.2137689041538855
9.0, 1.24757154025189
10.0, 1.284683217814781
11.0, 1.318124327517962
12.0, 1.3538757118414584
13.0, 1.3909958410308938
14.0, 1.4240995977109054
15.0, 1.4523953966691734
16.0, 1.4778413266008894
17.0, 1.4999813848979866
18.0, 1.5198344791912792
19.0, 1.5366739210957856
20.0, 1.5521419955366202
21.0, 1.5240020596008452
22.0, 1.487110584409779
23.0, 1.447010493427324
24.0, 1.4033360071274894
25.0, 1.3561785586522135
26.0, 1.3059462665971564
27.0, 1.2514146935834871
28.0, 1.193740741687097
29.0, 1.1340364514909271
30.0, 1.0715342249154078
31.0, 1.0084559212137585
32.0, 0.9445325340422202
33.0, 0.8777137248996539
34.0, 0.8115434748385563
35.0, 0.7444147466040323
36.0, 0.6793860305321537
37.0, 0.6169250843336817
38.0, 0.5441362902345971
39.0, 0.4843338501973987
40.0, 0.43412994803536276
41.0, 0.4470248037483203
42.0, 0.4604334981072895
43.0, 0.4739045255831244
44.0, 0.4876422532793338
45.0, 0.5013449130254962
46.0, 0.5152368737750456
47.0, 0.5289913816049696
48.0, 0.5428176277219702
49.0, 0.5565140525023449
50.0, 0.57010905634715
51.0, 0.5835901946046836
52.0, 0.596851617419495
53.0, 0.6099719328570222
54.0, 0.6228661635640996
55.0, 0.6356751362983436
56.0, 0.648286842927989
57.0, 0.6607839715773024
58.0, 0.6730750358488348
59.0, 0.6852093167503248
60.0, 0.6971184905940065
61.0, 0.7088182446465585
62.0, 0.7202905886554146
63.0, 0.7315069521061706
64.0, 0.7424244289925928
65.0, 0.753036108841254
66.0, 0.7633277145017073
67.0, 0.7733052379987532
68.0, 0.7829255325036435
69.0, 0.7922122303554159
70.0, 0.8011215512612471
71.0, 0.8096976065001323
72.0, 0.8178591279002339
73.0, 0.8257269165323811
74.0, 0.8331611696695754
75.0, 0.8401822086543332
76.0, 0.8468027546666351
77.0, 0.8530170522135312
78.0, 0.8588073479342052
79.0, 0.8641636351787001
80.0, 0.8690633421985035
81.0, 0.8735376259526065
82.0, 0.8775318904828937
83.0, 0.8810583150602579
84.0, 0.8840863512567044
85.0, 0.886668603997621
86.0, 0.90423635678732
87.0, 0.9460237683744588
88.0, 0.9845110065831388
89.0, 1.0168399508011698
90.0, 1.0432062253615557
91.0, 1.0410173259098185
92.0, 1.0420447667883352
93.0, 1.0414719227611984
94.0, 1.041344533179701
95.0, 1.0406715197106557
96.0, 1.042471017341259
97.0, 1.0414708783363602
98.0, 1.0412856493728204
99.0, 1.0406004256465702
100.0, 1.042466263011787
101.0, 1.0414031433239939
102.0, 1.0413447164621061
103.0, 1.040688067226869
104.0, 1.0424639672172562
105.0, 1.0414786285025064
106.0, 1.0411988589282368
107.0, 1.0405389445583109
108.0, 1.0424360792673721
109.0, 1.0413685586201078
110.0, 1.041397584783364
111.0, 1.040761614911514
112.0, 1.042190081747024
113.0, 1.0414565584881739
114.0, 1.0412282727470548
115.0, 1.0405642405437812
116.0, 1.0424385254080555
117.0, 1.041375159873924
118.0, 1.0413339950058154
119.0, 1.0406985221158358
120.0, 1.0421723239940026
121.0, 1.0414080406331088
122.0, 1.0412768547889089
123.0, 1.0406091299326792
124.0, 1.0424297711245396
125.0, 1.0414205483182177
126.0, 1.0412321049706137
127.0, 1.0405851900517353
128.0, 1.0424060403685858
129.0, 1.0413782182249567
130.0, 1.0412814465497457
131.0, 1.0406227923426006
132.0, 1.0424068422968957
133.0, 1.041419570555333
134.0, 1.041201422468958
135.0, 1.0405383559296653
136.0, 1.0424118145365906
137.0, 1.04135281981693
138.0, 1.0413121057676933
139.0, 1.040648678422528
140.0, 1.04215562467624
141.0, 1.0413854603178925
142.0, 1.0412544259600864
143.0, 1.7590599194824856
144.0, 1.758914614259058
145.0, 1.759568415304051
146.0, 1.7574840220697734
147.0, 1.7540654668198947
148.0, 1.7464084302579685
149.0, 1.7396580299396522
150.0, 1.730050275344362
151.0, 1.8066827308626168
152.0, 1.8819264450621251
153.0, 1.9598215603775164
154.0, 2.0374857781877553
155.0, 2.1162169781537945
156.0, 2.1929830542389093
157.0, 2.272787010775384
158.0, 2.3520342636833975
159.0, 2.432096687197141
160.0, 2.509969485901471
161.0, 2.590900550464185
162.0, 2.6710053866255055
163.0, 2.7519509205543824
164.0, 2.8307080533376654
165.0, 2.912326144449807
166.0, 2.993278205424293
167.0, 2.9864935047020222
168.0, 3.064236676410548
169.0, 3.145057767509176
170.0, 3.2249099449406176
171.0, 3.3056777663086163
172.0, 3.3845186947615704
173.0, 3.4656752967260718
174.0, 3.4573325337189726
175.0, 3.536978212818486
176.0, 3.614309253053864
177.0, 3.605158869045704
178.0, 3.592893672443581
179.0, 3.579301326205579
180.0, 3.5619239377164216
181.0, 3.6314105347873236
182.0, 3.6472340251824824
183.0, 3.661773947331398
184.0, 3.6719641326299945
185.0, 3.6827673698554886
186.0, 3.6906273760881985
187.0, 3.696918879120599
188.0, 3.7771704566741726
189.0, 3.7815663828742707
190.0, 3.8642589251183916
191.0, 3.9476143618670947
192.0, 4.028563442671799
193.0, 4.112342385015544
194.0, 4.195297623524374
195.0, 4.278774735368195
196.0, 4.3597015979540386
197.0, 4.443629231928764
198.0, 4.526356778273173
199.0, 4.60990391763147
200.0, 4.691348088243033
201.0, 4.77498910265624
202.0, 4.858096980560261
203.0, 4.941732553328899
204.0, 5.022748500191513
205.0, 5.1068227016943615
206.0, 5.189738662515981
207.0, 5.273380845082596
208.0, 5.354894074243352
209.0, 5.4386822588057795
210.0, 5.521795259544429
211.0, 5.6054955777300846
212.0, 5.68667329780583
213.0, 5.688400836840407
214.0, 5.771465655769002
215.0, 5.8551483907466055
216.0, 5.8517286464319085
217.0, 5.848867602847731
218.0, 5.842822069190337
219.0, 5.83510085697445
220.0, 5.8228597483294715
221.0, 5.8111691822095
222.0, 5.796553439908705
223.0, 5.780407891266907
224.0, 5.760587543249441
225.0, 5.741082125869445
226.0, 5.719253933064728
227.0, 5.696289114811098
228.0, 5.670714048981559
229.0, 5.6453043652500465
230.0, 5.645363411237165
231.0, 5.645600638896667
232.0, 5.644932465321298
233.0, 5.645332446334715
234.0, 5.645332695931194
235.0, 5.645614108810695
236.0, 5.644941238792206
237.0, 5.6453059357038855
238.0, 5.645378120590693
239.0, 5.645626279196883
240.0, 5.644923347677024
241.0, 5.645345076414512
242.0, 5.645351098136943
243.0, 5.645854580698094
244.0, 5.646407416766578
245.0, 5.645176754670836
246.0, 5.643929802665808
247.0, 5.642289865566561
248.0, 5.639779072997338
249.0, 5.636659465544571
250.0, 5.632621387693265
251.0, 5.627934204931622
252.0, 5.6223307221225065
253.0, 5.616174710031348
254.0, 5.609134244552864
255.0, 5.601710659174196
256.0, 5.593530292507969
257.0, 5.5851407015395695
258.0, 5.57610534708408
259.0, 5.567060301377011
260.0, 5.557479299107795
261.0, 5.548095475726086
262.0, 5.538318197982978
263.0, 5.5551658860707045
264.0, 5.576392123675827
265.0, 5.597896720937469
266.0, 5.619717174098589
267.0, 5.641646780739897
268.0, 5.6635636355503625
269.0, 5.685230092940539
270.0, 5.706565380333725
271.0, 5.727351795290265
272.0, 5.7474130587377585
273.0, 5.766685018226869
274.0, 5.786412430579084
275.0, 5.82776282961277
276.0, 5.851657413561736
277.0, 5.866539942341248
278.0, 5.880113085469675
279.0, 5.892725126175476
280.0, 5.90336966722414
281.0, 5.915227397428829
282.0, 5.919857765554807
spot_hold
0, 0
1, 0
2, 0
3, 0
4, 0
5, 0
6, 0
7, 0
8, 0
9, 0
10, 0
11, 0
12, 0
13, 0
14, 0
15, 0
16, 0
17, 0
18, 0
19, 0
20, 0
21, 0
22, 0
23, 0
24, 0
25, 0
26, 0
27, 0
28, 0
29, 0
30, 0
31, 0
32, 0
33, 0
34, 0
35, 0
36, 0
37, 0
38, 0
39, 0
40, 0
41, 1
42, 1
43, 1
44, 1
45, 1
46, 1
47, 1
48, 1
49, 1
50, 1
51, 1
52, 1
53, 1
54, 1
55, 1
56, 1
57, 1
58, 1
59, 1
60, 1
61, 1
62, 1
63, 1
64, 1
65, 1
66, 1
67, 1
68, 1
69, 1
70, 1
71, 1
72, 1
73, 1
74, 1
75, 1
76, 1
77, 1
78, 1
79, 1
80, 1
81, 1
82, 1
83, 1
84, 1
85, 1
86, 1
87, 1
88, 1
89, 1
90, 1
91, 1
92, 1
93, 1
94, 1
95, 1
96, 1
97, 1
98, 1
99, 1
100, 1
101, 1
102, 1
103, 1
104, 1
105, 1
106, 1
107, 1
108, 1
109, 1
110, 1
111, 1
112, 1
113, 1
114, 1
115, 1
116, 1
117, 1
118, 1
119, 1
120, 1
121, 1
122, 1
123, 1
124, 1
125, 1
126, 1
127, 1
128, 1
129, 1
130, 1
131, 1
132, 1
133, 1
134, 1
135, 1
136, 1
137, 1
138, 1
139, 1
140, 1
141, 1
142, 1
143, 1
144, 1
145, 1
146, 1
147, 1
148, 1
149, 1
150, 1
151, 1
152, 1
153, 1
154, 1
155, 1
156, 1
157, 1
158, 1
159, 1
160, 1
161, 1
162, 1
163, 1
164, 1
165, 1
166, 1
167, 1
168, 1
169, 1
170, 1
171, 1
172, 1
173, 1
174, 1
175, 1
176, 1
177, 1
178, 1
179, 1
180, 1
181, 1
182, 1
183, 1
184, 1
185, 1
186, 1
187, 1
188, 1
189, 1
190, 1
191, 1
192, 1
193, 1
194, 1
195, 1
196, 1
197, 1
198, 1
199, 1
200, 1
201, 1
202, 1
203, 1
204, 1
205, 1
206, 1
207, 1
208, 1
209, 1
210, 1
211, 1
212, 1
213, 1
214, 1
215, 1
216, 1
217, 1
218, 1
219, 1
220, 1
221, 1
222, 1
223, 1
224, 1
225, 1
226, 1
227, 1
228, 1
229, 1
230, 1
231, 1
232, 1
233, 1
234, 1
235, 1
236, 1
237, 1
238, 1
239, 1
240, 1
241, 1
242, 1
243, 1
244, 1
245, 1
246, 1
247, 1
248, 1
249, 1
250, 1
251, 1
252, 1
253, 1
254, 1
255, 1
256, 1
257, 1
258, 1
259, 1
260, 1
261, 1
262, 1
263, 1
264, 1
265, 1
266, 1
267, 1
268, 1
269, 1
270, 1
271, 1
272, 1
273, 1
274, 1
275, 1
276, 1
277, 1
278, 1
279, 1
280, 1
281, 1
282, 1
