bot_dist
0.0, 2.9176408735715156
1.0, 2.920467672440177
2.0, 2.9233259471972173
3.0, 2.926215605607394
4.0, 2.929136554788692
5.0, 2.9320887012254366
6.0, 2.935071950781402
7.0, 2.93808620871291
8.0, 2.941131379681913
9.0, 2.9442073677690646
10.0, 2.947314076486766
11.0, 2.9504514087921874
12.0, 2.953619267100272
13.0, 2.9568175532966987
14.0, 2.960046168750815
15.0, 2.963305014328538
16.0, 2.9665939904052117
17.0, 2.9699129968784197
18.0, 2.9732619331807566
19.0, 2.976640698292551
20.0, 2.980049190754531
21.0, 2.9834873086804454
22.0, 2.9869549497696166
23.0, 2.990452011319446
24.0, 2.9939783902378467
25.0, 2.9975339830556167
26.0, 3.001118685938747
27.0, 3.0047323947006546
28.0, 3.008375004814348
29.0, 3.012046411424516
30.0, 3.0157465093595412
31.0, 3.019475193143436
32.0, 3.023232357007695
33.0, 3.027017894903066
34.0, 3.03083170051124
35.0, 3.0346736672564485
36.0, 3.0385436883169747
37.0, 3.042441656636578
38.0, 3.046367464935822
39.0, 3.05032100572331
40.0, 3.0543021713068277
41.0, 3.058310853804387
42.0, 3.062346945155171
43.0, 3.0664103371303844
44.0, 3.070500921343996
45.0, 3.074618589263383
46.0, 3.0787632322198735
47.0, 3.0829347414191797
48.0, 3.087133007951732
49.0, 3.091357922802898
50.0, 3.095609376863102
51.0, 3.0998872609378334
52.0, 3.1041914657575385
53.0, 3.108521881987417
54.0, 3.1128784002370895
55.0, 3.1172609110701703
56.0, 3.1216693050137163
57.0, 3.1261034725675643
58.0, 3.130563304213561
59.0, 3.135048690424672
60.0, 3.13955952167398
61.0, 3.144095688443567
62.0, 3.1486570812332815
63.0, 3.153243590569387
64.0, 3.157855107013103
65.0, 3.1624915211690174
66.0, 3.1671527236933956
67.0, 3.1718386053023635
68.0, 3.1765489441846197
69.0, 3.181283742631727
70.0, 3.1860428915951475
71.0, 3.1908262821177735
72.0, 3.195633805341537
73.0, 3.2004653525148905
74.0, 3.2053208150001806
75.0, 3.2102000842809018
76.0, 3.215103051968837
77.0, 3.220029609811078
78.0, 3.2249796496969343
79.0, 3.22995306366473
80.0, 3.2349497439084764
81.0, 3.2399695827844415
82.0, 3.2450124728175993
83.0, 3.250078306707967
84.0, 3.2551669773368292
85.0, 3.2602783777728526
86.0, 3.2654124012780845
87.0, 3.2705689413138446
88.0, 3.2757478915465015
89.0, 3.280949145853142
90.0, 3.2861725983271346
91.0, 3.2914181432835736
92.0, 3.2966856752646283
93.0, 3.301975089044773
94.0, 3.3072862796359197
95.0, 3.31261914229244
96.0, 3.3179735725160824
97.0, 3.3233494660607827
98.0, 3.3287467189373814
99.0, 3.3341652274182216
100.0, 3.3396048880416607
101.0, 3.3396048880416607
102.0, 3.3396048880416607
103.0, 3.3396048880416607
104.0, 3.3396048880416607
105.0, 3.3396048880416607
106.0, 3.3396048880416607
107.0, 3.3396048880416607
108.0, 3.3396048880416607
109.0, 3.3396048880416607
110.0, 3.3396048880416607
111.0, 3.3396048880416607
112.0, 3.3396048880416607
113.0, 3.3396048880416607
114.0, 3.3396048880416607
115.0, 3.3396048880416607
116.0, 3.3396048880416607
117.0, 3.3396048880416607
118.0, 3.3396048880416607
119.0, 3.3396048880416607
120.0, 3.3396048880416607
121.0, 3.3396048880416607
122.0, 3.3396048880416607
123.0, 3.3396048880416607
124.0, 3.3396048880416607
125.0, 3.3396048880416607
126.0, 3.3396048880416607
127.0, 3.3396048880416607
128.0, 3.3396048880416607
129.0, 3.3396048880416607
130.0, 3.3396048880416607
131.0, 3.3341652274182216
132.0, 3.3287467189373814
133.0, 3.3233494660607827
134.0, 3.3179735725160824
135.0, 3.31261914229244
136.0, 3.3072862796359197
137.0, 3.301975089044773
138.0, 3.2966856752646283
139.0, 3.2914181432835736
140.0, 3.2861725983271346
141.0, 3.280949145853142
142.0, 3.2757478915465015
143.0, 3.275528309160302
144.0, 3.2703795887701617
145.0, 3.265253375282991
146.0, 3.260149774867402
147.0, 3.2550688938880397
148.0, 3.250010838899706
149.0, 3.24497571664137
150.0, 3.239963634030064
151.0, 3.152677449741738
152.0, 3.0655404176924974
153.0, 2.9785655760191982
154.0, 2.891767615579569
155.0, 2.805162955714122
156.0, 2.7187700688794396
157.0, 2.632609804070195
158.0, 2.546705771632481
159.0, 2.4610848030439225
160.0, 2.3757775026313332
161.0, 2.2908189125228753
162.0, 2.206249317657385
163.0, 2.1221152247422252
164.0, 2.038470469442621
165.0, 1.9553779570595609
166.0, 1.8729111905205638
167.0, 1.869545257596962
168.0, 1.790599164113074
169.0, 1.7127916235918696
170.0, 1.6362848078415357
171.0, 1.5612699465826056
172.0, 1.4879727037259778
173.0, 1.416659710434247
174.0, 1.415114949992779
175.0, 1.3508670270979444
176.0, 1.2898415406875403
177.0, 1.2893354545339932
178.0, 1.2889067606731406
179.0, 1.288555536348688
180.0, 1.2882818449222053
181.0, 1.2568143310736086
182.0, 1.2573026622295116
183.0, 1.257870309396883
184.0, 1.2585171652505904
185.0, 1.2592431077254032
186.0, 1.2600480001304943
187.0, 1.260931691277194
188.0, 1.2040391011696208
189.0, 1.2055578056519758
190.0, 1.1483526892047307
191.0, 1.0954383872318159
192.0, 1.0474654154916436
193.0, 1.005141536348914
194.0, 0.9692070958001514
195.0, 0.9403948404886147
196.0, 0.9193746203254606
197.0, 0.9066885374770638
198.0, 0.9026880360892924
199.0, 0.9074879900130496
200.0, 0.9209508068023182
201.0, 0.9427054153310519
202.0, 0.9721953438748182
203.0, 1.0087424092512398
204.0, 1.0516110900921736
205.0, 1.1000625874923837
206.0, 1.1533935507920796
207.0, 1.2109594727445752
208.0, 1.2721855923031087
209.0, 1.3365690004298836
210.0, 1.4036753113057876
211.0, 1.4731324018140322
212.0, 1.5446232799007047
213.0, 1.5541753321665879
214.0, 1.62280476962296
215.0, 1.6932864532014824
216.0, 1.702650689821675
217.0, 1.712022120084952
218.0, 1.721400626503168
219.0, 1.7307860940469229
220.0, 1.740178410083945
221.0, 1.7495774643192417
222.0, 1.7589831487369585
223.0, 1.7683953575438955
224.0, 1.7778139871146244
225.0, 1.7872389359381613
226.0, 1.7966701045661455
227.0, 1.8061073955624714
228.0, 1.8155507134543396
229.0, 1.8249999646846704
230.0, 1.8344550575658465
231.0, 1.8344550575658465
232.0, 1.8344550575658465
233.0, 1.8344550575658465
234.0, 1.8344550575658465
235.0, 1.8344550575658465
236.0, 1.8344550575658465
237.0, 1.8344550575658465
238.0, 1.8344550575658465
239.0, 1.8344550575658465
240.0, 1.8344550575658465
241.0, 1.8344550575658465
242.0, 1.8344550575658465
243.0, 1.8344550575658465
244.0, 1.8344550575658465
245.0, 1.8344550575658465
246.0, 1.8344550575658465
247.0, 1.8344550575658465
248.0, 1.8344550575658465
249.0, 1.8344550575658465
250.0, 1.8344550575658465
251.0, 1.8344550575658465
252.0, 1.8344550575658465
253.0, 1.8344550575658465
254.0, 1.8344550575658465
255.0, 1.8344550575658465
256.0, 1.8344550575658465
257.0, 1.8344550575658465
258.0, 1.8344550575658465
259.0, 1.8344550575658465
260.0, 1.8344550575658465
261.0, 1.8249999646846704
262.0, 1.8155507134543396
263.0, 1.8061073955624714
264.0, 1.7966701045661455
265.0, 1.7872389359381613
266.0, 1.7778139871146244
267.0, 1.7683953575438955
268.0, 1.7589831487369585
269.0, 1.7495774643192417
270.0, 1.740178410083945
271.0, 1.7307860940469229
272.0, 1.721400626503168
273.0, 1.712022120084952
274.0, 1.702650689821675
275.0, 1.6932864532014824
276.0, 1.683929530234702
277.0, 1.6745800435191658
278.0, 1.6652381183074738
279.0, 1.6559038825762682
280.0, 1.6465774670975792
281.0, 1.6372590055123168
282.0, 1.6279486344059686
ee_dist
0.0, 0.9166604395095744
1.0, 0.9254970625689857
2.0, 1.0034444476321596
3.0, 1.0805697364796882
4.0, 1.107092466992506
5.0, 1.132350921880583
6.0, 1.1670302806597024
7.0, 1.2034677959360969
8.0, 1.239787513654382
9.0, 1.2752612239332421
10.0, 1.310164463742254
11.0, 1.3428274500574044
12.0, 1.374158044941624
13.0, 1.4026925691384975
14.0, 1.4304005531123671
15.0, 1.4551361321193383
16.0, 1.4793767780606508
17.0, 1.500565886918223
18.0, 1.521735054203403
19.0, 1.5399802773032423
20.0, 1.5637079900244466
21.0, 1.5387605406925227
22.0, 1.504390818248627
23.0, 1.467139852729502
24.0, 1.4263564032370957
25.0, 1.3824697615070909
26.0, 1.3354011654028064
27.0, 1.2853738919919244
28.0, 1.2326164642441881
29.0, 1.1769424756743054
30.0, 1.118122826271299
31.0, 1.0581041099126802
32.0, 0.9957238075662833
33.0, 0.9312933346092078
34.0, 0.8664108123785644
35.0, 0.800605713168999
36.0, 0.7352534363099578
37.0, 0.6698000826539644
38.0, 0.6069434980014172
39.0, 0.5481657962859315
40.0, 0.4972380073612509
41.0, 0.4942511824381393
42.0, 0.7074959638740166
43.0, 1.1905643130631818
44.0, 1.151112676075901
45.0, 1.1080948035556042
46.0, 1.064362286837031
47.0, 1.0171456443183269
48.0, 0.9686275783765989
49.0, 0.9173691688750845
50.0, 0.8647260154593288
51.0, 0.810793773294436
52.0, 0.7559109902559743
53.0, 0.7001185384505946
54.0, 0.643555378128591
55.0, 0.5875160073056465
56.0, 0.5333252325476092
57.0, 0.47775000395665157
58.0, 0.5302613065993029
59.0, 0.606247476888393
60.0, 0.6898148946186042
61.0, 0.7818913502099942
62.0, 0.8767360813961489
63.0, 0.9696427265221631
64.0, 1.0576600744743359
65.0, 1.1252172222095898
66.0, 1.1820644937838771
67.0, 1.2409279942547902
68.0, 1.2944222427832133
69.0, 1.347000129851409
70.0, 1.4003533547070395
71.0, 1.4517007603696026
72.0, 1.5084626941184656
73.0, 1.57005622791534
74.0, 1.6362625138747682
75.0, 1.713527444266459
76.0, 1.799809779050773
77.0, 1.8954926678402193
78.0, 1.9969668248134922
79.0, 2.096966119988677
80.0, 2.1913300947486882
81.0, 2.2691776944685182
82.0, 2.3320114722513754
83.0, 2.393645236660397
84.0, 2.452843564706462
85.0, 2.511255264432633
86.0, 2.574066150648705
87.0, 2.6217030768245935
88.0, 2.651815745145801
89.0, 2.6936704012592565
90.0, 2.732817246552997
91.0, 2.8190333992936245
92.0, 2.91971373840695
93.0, 3.0016905889497116
94.0, 3.111316620650277
95.0, 3.2177740673917525
96.0, 3.3204614790388827
97.0, 3.4156188243177494
98.0, 3.4821275711619366
99.0, 3.5489889899978424
100.0, 3.616176152026837
101.0, 3.684258275799451
102.0, 3.748404300234315
103.0, 3.803402563130695
104.0, 3.868664662274113
105.0, 3.9373849387783335
106.0, 4.012969436030189
107.0, 4.093387298915106
108.0, 4.185984938285732
109.0, 4.2852832786209065
110.0, 4.39310640743342
111.0, 4.500816729887661
112.0, 4.60502066442255
113.0, 4.69887807764047
114.0, 4.774605479428063
115.0, 4.840516357319133
116.0, 4.887097012569937
117.0, 4.930764047935194
118.0, 4.975396714929404
119.0, 5.01656814065616
120.0, 5.058174336295232
121.0, 5.095831766876034
122.0, 5.133454643705633
123.0, 5.166707806175009
124.0, 5.19951978355084
125.0, 5.229193451441504
126.0, 5.254858967207462
127.0, 5.2772254656472235
128.0, 5.298463916641191
129.0, 5.314492283669664
130.0, 5.340140872987405
131.0, 5.348082753395116
132.0, 5.360432986369597
133.0, 5.363735276297271
134.0, 5.357517022891728
135.0, 5.3460905700855665
136.0, 5.340271857920259
137.0, 5.329080532100944
138.0, 5.326925486325658
139.0, 5.298431770899497
140.0, 5.279721898506435
141.0, 5.27564615953026
142.0, 5.260017380283381
143.0, 4.5590977717432795
144.0, 4.544701981053331
145.0, 4.5352415909549935
146.0, 4.526316803823567
147.0, 4.522693156815628
148.0, 4.519617796326188
149.0, 4.521959925247691
150.0, 4.524837149562664
151.0, 4.443646011712778
152.0, 4.360063320503971
153.0, 4.278943453745431
154.0, 4.195435395693792
155.0, 4.1143989482853325
156.0, 4.0309747825062825
157.0, 3.950032397985902
158.0, 3.8667032158993253
159.0, 3.78586698113012
160.0, 3.702645734697965
161.0, 3.621930047180724
162.0, 3.538832218934481
163.0, 3.458254300957027
164.0, 3.3752977525000185
165.0, 3.294878213819412
166.0, 3.212085532583165
167.0, 3.223279050581316
168.0, 3.1414752064213243
169.0, 3.063458918406048
170.0, 2.9831629649648868
171.0, 2.9055210522341914
172.0, 2.8257256672136313
173.0, 2.7486200997616876
174.0, 2.7609182300706743
175.0, 2.6871910400907075
176.0, 2.6116450256174044
177.0, 2.629791697024961
178.0, 2.6482993318796444
179.0, 2.671261502716223
180.0, 2.6944331593783524
181.0, 2.640711827973743
182.0, 2.615175553866265
183.0, 2.5936427301621396
184.0, 2.572381380185937
185.0, 2.5558153243351613
186.0, 2.5396562134610914
187.0, 2.5287252151339374
188.0, 2.448281261090106
189.0, 2.440050045925496
190.0, 2.3576877283329676
191.0, 2.278020508450488
192.0, 2.195997557506338
193.0, 2.116716489513339
194.0, 2.0351106534810093
195.0, 1.956311640598234
196.0, 1.8752334983335175
197.0, 1.7970468343969588
198.0, 1.7166483409090862
199.0, 1.639254393498948
200.0, 1.5597493167599634
201.0, 1.4834042469632387
202.0, 1.4051013798420104
203.0, 1.3301792754832107
204.0, 1.2535379514989435
205.0, 1.1806020505043184
206.0, 1.1063272282836099
207.0, 1.0362536065762884
208.0, 0.9654629013994944
209.0, 0.8996537506193825
210.0, 0.8341659568870344
211.0, 0.7749114507982027
212.0, 0.7177065033795429
213.0, 0.6955761967069396
214.0, 0.6369915749766626
215.0, 0.5873166908967048
216.0, 0.5612516681639654
217.0, 0.5406317785597615
218.0, 0.5202077808687997
219.0, 0.5066846666449736
220.0, 0.4939220628189218
221.0, 0.48916904370933706
222.0, 0.4855631137039111
223.0, 0.4903442391814211
224.0, 0.4962671064264743
225.0, 0.5100503403528613
226.0, 0.5245927083630068
227.0, 0.545782054474727
228.0, 0.5671981272934645
229.0, 0.5937779252869013
230.0, 0.5926257650414483
231.0, 0.5937686809705276
232.0, 0.5926266155037563
233.0, 0.5937687149062366
234.0, 0.5926266155037563
235.0, 0.5937687149062366
236.0, 0.5926266155037563
237.0, 0.5937687149062366
238.0, 0.5926266155037563
239.0, 0.5937682860017078
240.0, 0.5926266155037563
241.0, 0.5937682860017078
242.0, 0.5926266155037563
243.0, 0.6065249887377704
244.0, 0.6239723467092386
245.0, 0.6435959580379469
246.0, 0.662978173446279
247.0, 0.6864575176370231
248.0, 0.7116988708034706
249.0, 0.7383024171231563
250.0, 0.7659850426853058
251.0, 0.7918553124724308
252.0, 0.8152772543374418
253.0, 0.8368743289358123
254.0, 0.8574026142156707
255.0, 0.8763428954261948
256.0, 0.894821493106417
257.0, 0.9119485831832538
258.0, 0.9291756471939292
259.0, 0.9446192207108338
260.0, 0.9602423433477562
261.0, 0.9741141713298529
262.0, 0.9885861089121123
263.0, 0.9725360298085929
264.0, 0.9506457926201515
265.0, 0.9278922048622297
266.0, 0.9039991460875888
267.0, 0.8792675225982302
268.0, 0.8536777968617406
269.0, 0.8275649523016378
270.0, 0.8009228728692038
271.0, 0.7741630173210521
272.0, 0.7473259988862843
273.0, 0.7208673750132187
274.0, 0.6948495439884742
275.0, 0.6535113366930243
276.0, 0.6228602957741115
277.0, 0.5994144553225976
278.0, 0.5777207491750432
279.0, 0.5582552930296941
280.0, 0.5415158381037124
281.0, 0.5287198777583729
282.0, 0.5202560168196091
ee_box_dist
0.0, 0.726869524539539
1.0, 0.7634610993560071
2.0, 0.7985976871804484
3.0, 0.8348746873188037
4.0, 0.8715153678915986
5.0, 0.9087947139953173
6.0, 0.946667417965532
7.0, 0.9817049550695285
8.0, 1.0149717394396987
9.0, 1.0466327940014084
10.0, 1.076989044381879
11.0, 1.1050161803303868
12.0, 1.132449688332696
13.0, 1.155461069933266
14.0, 1.178782915170252
15.0, 1.1994033782147753
16.0, 1.2194677151652236
17.0, 1.2369568773437596
18.0, 1.2546350051502402
19.0, 1.2696581266846405
20.0, 1.290173579035018
21.0, 1.2671716581596748
22.0, 1.2353143848827886
23.0, 1.2007798822803275
24.0, 1.1629807729743695
25.0, 1.122307093675731
26.0, 1.0786772447324764
27.0, 1.0322991463510434
28.0, 0.9833471890792143
29.0, 0.9316475284059581
30.0, 0.8769410619757285
31.0, 0.8209112836580609
32.0, 0.7624688209507694
33.0, 0.7017559293835783
34.0, 0.6400678429952392
35.0, 0.5768530381816983
36.0, 0.5131187505629788
37.0, 0.4467786455286564
38.0, 0.37347576197471305
39.0, 0.30663330862019256
40.0, 0.23993195355356187
41.0, 0.08038157847486634
42.0, 0.08289965045427529
43.0, 0.08302970497441717
44.0, 0.08296646337795711
45.0, 0.08302873633667293
46.0, 0.08297472744764764
47.0, 0.08302526414171146
48.0, 0.0829815483401143
49.0, 0.08302284101448165
50.0, 0.08298713759535079
51.0, 0.08302120689043774
52.0, 0.0829909049157359
53.0, 0.08302023905361566
54.0, 0.08299433559139022
55.0, 0.08294283190825144
56.0, 0.08246970545007287
57.0, 0.08319513510812843
58.0, 0.08272531790879406
59.0, 0.08288645009499039
60.0, 0.08292003645957086
61.0, 0.08293307531206515
62.0, 0.08292611805405359
63.0, 0.08274819900937393
64.0, 0.08258228414828947
65.0, 0.08287893767451739
66.0, 0.08270931438439483
67.0, 0.08175034892032447
68.0, 0.08262981566805988
69.0, 0.08259389844242651
70.0, 0.0826224191321705
71.0, 0.08281738399199436
72.0, 0.08264204834606406
73.0, 0.08277378319337567
74.0, 0.08269995862454868
75.0, 0.08275653054263551
76.0, 0.08272896315310194
77.0, 0.08276303192831565
78.0, 0.08255740021764987
79.0, 0.08211341865641468
80.0, 0.08250726805567456
81.0, 0.08283308656812728
82.0, 0.08285605541092032
83.0, 0.0828566943775369
84.0, 0.08287677879182351
85.0, 0.08287761355355235
86.0, 0.1087080893581044
87.0, 0.1398037464330815
88.0, 0.13412193552011162
89.0, 0.13188450458208567
90.0, 0.09131772759173118
91.0, 0.08321829945951377
92.0, 0.08386673479343824
93.0, 0.11520079892264727
94.0, 0.11596422403523932
95.0, 0.11844247775484171
96.0, 0.11611963031335418
97.0, 0.09222281266141001
98.0, 0.1149622412196545
99.0, 0.11840374487959976
100.0, 0.11620609145954323
101.0, 0.11213477208147683
102.0, 0.0841035551361732
103.0, 0.11509141273995255
104.0, 0.11597112309382367
105.0, 0.11844194107416797
106.0, 0.11611946941418828
107.0, 0.11844581333791615
108.0, 0.11611962785691575
109.0, 0.11844584748934985
110.0, 0.11611963298126336
111.0, 0.11844586456507426
112.0, 0.11611959366965728
113.0, 0.11844579863970375
114.0, 0.11611961588760938
115.0, 0.11844586456507426
116.0, 0.11611957657603574
117.0, 0.11844579863970375
118.0, 0.11611961588760938
119.0, 0.11844581571543521
120.0, 0.11611954484513358
121.0, 0.11844581571543521
122.0, 0.11611963298126336
123.0, 0.11844583279117171
124.0, 0.11611957657603574
125.0, 0.11492758291489268
126.0, 0.11592766259747006
127.0, 0.11843861298788726
128.0, 0.11611939163396433
129.0, 0.11844583041363049
130.0, 0.09509139885950427
131.0, 0.10212800074947355
132.0, 0.09185403793323844
133.0, 0.09265608692104328
134.0, 0.09978665563878375
135.0, 0.1154922885105894
136.0, 0.11597181098564151
137.0, 0.11844156120108994
138.0, 0.09565572201313588
139.0, 0.11542585304134834
140.0, 0.11597306277753194
141.0, 0.0935006890882182
142.0, 0.11469217991883271
143.0, 0.11494827339413567
144.0, 0.11306984970009169
145.0, 0.11499911509658244
146.0, 0.11307127405455726
147.0, 0.11500014178220594
148.0, 0.11307237643688822
149.0, 0.11500049430879175
150.0, 0.11307297860729879
151.0, 0.1150007498193034
152.0, 0.1130725784437146
153.0, 0.11500052976774391
154.0, 0.11307290069786087
155.0, 0.11500042772686384
156.0, 0.11307270094721691
157.0, 0.11500048090089172
158.0, 0.11307274979842898
159.0, 0.11500048090089172
160.0, 0.11307274979842898
161.0, 0.11500042772686384
162.0, 0.11307275414426263
163.0, 0.11500048090089172
164.0, 0.11307264775027184
165.0, 0.11500048090089172
166.0, 0.11307264775027184
167.0, 0.11511753637490112
168.0, 0.11308914409114386
169.0, 0.1150010471980987
170.0, 0.11307243968294099
171.0, 0.11499977887311988
172.0, 0.11307253045125668
173.0, 0.11499977887311988
174.0, 0.11307149704587802
175.0, 0.11499900463360899
176.0, 0.11307199663244889
177.0, 0.11499849196143563
178.0, 0.11306977319719079
179.0, 0.11499638309940188
180.0, 0.11306733399500205
181.0, 0.11499515204652815
182.0, 0.11306867841759699
183.0, 0.11499720316544934
184.0, 0.11307095621655214
185.0, 0.11499921223899999
186.0, 0.11307261472919976
187.0, 0.11500074583577959
188.0, 0.11307307205409776
189.0, 0.11500078833318071
190.0, 0.11307279943974693
191.0, 0.11500068765591441
192.0, 0.113072759552051
193.0, 0.11500072431821164
194.0, 0.1130728360751137
195.0, 0.11500072431821164
196.0, 0.1130728360751137
197.0, 0.11500072431821164
198.0, 0.1130728360751137
199.0, 0.11500072431821164
200.0, 0.1130728360751137
201.0, 0.11500072431821164
202.0, 0.1130728360751137
203.0, 0.11500072431821164
204.0, 0.1130728360751137
205.0, 0.11500106363741984
206.0, 0.1130728360751137
207.0, 0.11500117674458867
208.0, 0.1130728360751137
209.0, 0.11500117674458867
210.0, 0.1130728360751137
211.0, 0.11500117674458867
212.0, 0.1130726097575892
213.0, 0.11500038779631092
214.0, 0.11307274256773099
215.0, 0.11500060288487271
216.0, 0.11307239792105195
217.0, 0.11499996677023731
218.0, 0.11307079218129724
219.0, 0.11499851387720679
220.0, 0.11307002900863532
221.0, 0.11499832248352432
222.0, 0.11306940040696169
223.0, 0.11499826181858533
224.0, 0.11306972734970755
225.0, 0.11499902627989177
226.0, 0.11307148855881569
227.0, 0.11499981799999653
228.0, 0.11307237011068016
229.0, 0.11500075794076907
230.0, 0.11604140683139408
231.0, 0.11844879583072185
232.0, 0.11612527953582304
233.0, 0.11845077778290491
234.0, 0.11612532836215755
235.0, 0.11845072893103303
236.0, 0.11612532836215755
237.0, 0.11845072893103303
238.0, 0.11612532836215755
239.0, 0.11845056122246049
240.0, 0.11612532836215755
241.0, 0.11845051237049932
242.0, 0.11612532836215755
243.0, 0.08399364531905129
244.0, 0.08330221987874797
245.0, 0.08332285360392144
246.0, 0.08278323811821117
247.0, 0.08317945471840052
248.0, 0.08298132572277304
249.0, 0.08300625597976903
250.0, 0.08278204849933636
251.0, 0.07902301651376133
252.0, 0.07380655536157141
253.0, 0.06892215889749341
254.0, 0.0659723877162302
255.0, 0.062039435107357585
256.0, 0.06070794960817471
257.0, 0.05738955627674459
258.0, 0.057130461663020195
259.0, 0.0539459923173655
260.0, 0.054244497663427454
261.0, 0.05117487640547646
262.0, 0.051931642268213396
263.0, 0.07919478048658947
264.0, 0.08019487184597829
265.0, 0.08041111127303016
266.0, 0.08076659938294052
267.0, 0.08093538778751112
268.0, 0.08126016868398872
269.0, 0.08139549743890026
270.0, 0.08166872437799418
271.0, 0.08176460849354322
272.0, 0.08200660558133402
273.0, 0.08205813507265441
274.0, 0.08221453145681004
275.0, 0.08143282702745096
276.0, 0.08205513423877529
277.0, 0.08223624770788866
278.0, 0.08227320607673387
279.0, 0.08215496285641981
280.0, 0.08213115153355639
281.0, 0.0819595294391391
282.0, 0.0818768861966619
spot_hold
0, 0
1, 0
2, 0
3, 0
4, 0
5, 0
6, 0
7, 0
8, 0
9, 0
10, 0
11, 0
12, 0
13, 0
14, 0
15, 0
16, 0
17, 0
18, 0
19, 0
20, 0
21, 0
22, 0
23, 0
24, 0
25, 0
26, 0
27, 0
28, 0
29, 0
30, 0
31, 0
32, 0
33, 0
34, 0
35, 0
36, 0
37, 0
38, 0
39, 0
40, 0
41, 1
42, 1
43, 1
44, 1
45, 1
46, 1
47, 1
48, 1
49, 1
50, 1
51, 1
52, 1
53, 1
54, 1
55, 1
56, 1
57, 1
58, 1
59, 1
60, 1
61, 1
62, 1
63, 1
64, 1
65, 1
66, 1
67, 1
68, 1
69, 1
70, 1
71, 1
72, 1
73, 1
74, 1
75, 1
76, 1
77, 1
78, 1
79, 1
80, 1
81, 1
82, 1
83, 1
84, 1
85, 1
86, 1
87, 1
88, 1
89, 1
90, 1
91, 1
92, 1
93, 1
94, 1
95, 1
96, 1
97, 1
98, 1
99, 1
100, 1
101, 1
102, 1
103, 1
104, 1
105, 1
106, 1
107, 1
108, 1
109, 1
110, 1
111, 1
112, 1
113, 1
114, 1
115, 1
116, 1
117, 1
118, 1
119, 1
120, 1
121, 1
122, 1
123, 1
124, 1
125, 1
126, 1
127, 1
128, 1
129, 1
130, 1
131, 1
132, 1
133, 1
134, 1
135, 1
136, 1
137, 1
138, 1
139, 1
140, 1
141, 1
142, 1
143, 1
144, 1
145, 1
146, 1
147, 1
148, 1
149, 1
150, 1
151, 1
152, 1
153, 1
154, 1
155, 1
156, 1
157, 1
158, 1
159, 1
160, 1
161, 1
162, 1
163, 1
164, 1
165, 1
166, 1
167, 1
168, 1
169, 1
170, 1
171, 1
172, 1
173, 1
174, 1
175, 1
176, 1
177, 1
178, 1
179, 1
180, 1
181, 1
182, 1
183, 1
184, 1
185, 1
186, 1
187, 1
188, 1
189, 1
190, 1
191, 1
192, 1
193, 1
194, 1
195, 1
196, 1
197, 1
198, 1
199, 1
200, 1
201, 1
202, 1
203, 1
204, 1
205, 1
206, 1
207, 1
208, 1
209, 1
210, 1
211, 1
212, 1
213, 1
214, 1
215, 1
216, 1
217, 1
218, 1
219, 1
220, 1
221, 1
222, 1
223, 1
224, 1
225, 1
226, 1
227, 1
228, 1
229, 1
230, 1
231, 1
232, 1
233, 1
234, 1
235, 1
236, 1
237, 1
238, 1
239, 1
240, 1
241, 1
242, 1
243, 1
244, 1
245, 1
246, 1
247, 1
248, 1
249, 1
250, 1
251, 1
252, 1
253, 1
254, 1
255, 1
256, 1
257, 1
258, 1
259, 1
260, 1
261, 1
262, 1
263, 1
264, 1
265, 1
266, 1
267, 1
268, 1
269, 1
270, 1
271, 1
272, 1
273, 1
274, 1
275, 1
276, 1
277, 1
278, 1
279, 1
280, 1
281, 1
282, 1
