bot_dist
0.0, 3.2827226816530524
1.0, 3.2879536576179618
2.0, 3.293206690182958
3.0, 3.2984816739686122
4.0, 3.303778503829562
5.0, 3.3090970748595976
6.0, 3.3144372823966552
7.0, 3.319799022027694
8.0, 3.3251821895934777
9.0, 3.330586681193246
10.0, 3.336012393189291
11.0, 3.3414592222114243
12.0, 3.3469270651613456
13.0, 3.3524158192169167
14.0, 3.357925381836328
15.0, 3.363455650762174
16.0, 3.369006524025426
17.0, 3.3745778999493106
18.0, 3.3801696771530927
19.0, 3.385781754555765
20.0, 3.391414031379643
21.0, 3.3970664071538637
22.0, 3.402738781717798
23.0, 3.4084310552243715
24.0, 3.4141431281432904
25.0, 3.419874901264183
26.0, 3.425626275699656
27.0, 3.4313971528882536
28.0, 3.4371874345973423
29.0, 3.4429970229259044
30.0, 3.4488258203072464
31.0, 3.454673729511629
32.0, 3.4605406536488137
33.0, 3.466426496170525
34.0, 3.4723311608728356
35.0, 3.478254551898474
36.0, 3.4841965737390512
37.0, 3.4901571312372126
38.0, 3.49613612958871
39.0, 3.5021334743444044
40.0, 3.5081490714121917
41.0, 3.514182827058855
42.0, 3.5202346479118467
43.0, 3.5263044409609963
44.0, 3.5323921135601553
45.0, 3.538497573428764
46.0, 3.5446207286533555
47.0, 3.5507614876889964
48.0, 3.556919759360651
49.0, 3.5630954528644923
50.0, 3.5692884777691387
51.0, 3.575498744016838
52.0, 3.5817261619245784
53.0, 3.5879706421851445
54.0, 3.5942320958681173
55.0, 3.600510434420804
56.0, 3.606805569669121
57.0, 3.613117413818409
58.0, 3.6194458794542
59.0, 3.6257908795429277
60.0, 3.6321523274325798
61.0, 3.6385301368532947
62.0, 3.644924221917918
63.0, 3.651334497122491
64.0, 3.6577608773467003
65.0, 3.6642032778542704
66.0, 3.670661614293312
67.0, 3.67713580269662
68.0, 3.6836257594819246
69.0, 3.6901314014520925
70.0, 3.696652645795289
71.0, 3.7031894100850917
72.0, 3.7097416122805584
73.0, 3.7163091707262565
74.0, 3.7228920041522455
75.0, 3.729490031674023
76.0, 3.7361031727924243
77.0, 3.742731347393486
78.0, 3.749374475748272
79.0, 3.756032478512657
80.0, 3.7627052767270737
81.0, 3.769392791816227
82.0, 3.7760949455887656
83.0, 3.7828116602369257
84.0, 3.7895428583361346
85.0, 3.7962884628445828
86.0, 3.8030483971027635
87.0, 3.8098225848329794
88.0, 3.8166109501388163
89.0, 3.8234134175045904
90.0, 3.830229911794756
91.0, 3.8370603582532987
92.0, 3.8439046825030836
93.0, 3.8507628105451857
94.0, 3.8576346687581906
95.0, 3.8645201838974663
96.0, 3.8714192830944087
97.0, 3.878331893855666
98.0, 3.885257944062332
99.0, 3.8921973619691186
100.0, 3.8991500762035063
101.0, 3.8991500762035063
102.0, 3.8991500762035063
103.0, 3.8991500762035063
104.0, 3.8991500762035063
105.0, 3.8991500762035063
106.0, 3.8991500762035063
107.0, 3.8991500762035063
108.0, 3.8991500762035063
109.0, 3.8991500762035063
110.0, 3.8991500762035063
111.0, 3.8991500762035063
112.0, 3.8991500762035063
113.0, 3.8991500762035063
114.0, 3.8991500762035063
115.0, 3.8991500762035063
116.0, 3.8991500762035063
117.0, 3.8991500762035063
118.0, 3.8991500762035063
119.0, 3.8991500762035063
120.0, 3.8991500762035063
121.0, 3.8991500762035063
122.0, 3.8991500762035063
123.0, 3.8991500762035063
124.0, 3.8991500762035063
125.0, 3.8991500762035063
126.0, 3.8991500762035063
127.0, 3.8991500762035063
128.0, 3.8991500762035063
129.0, 3.8991500762035063
130.0, 3.8991500762035063
131.0, 3.8921973619691186
132.0, 3.885257944062332
133.0, 3.878331893855666
134.0, 3.8714192830944087
135.0, 3.8645201838974663
136.0, 3.8576346687581906
137.0, 3.8507628105451857
138.0, 3.8439046825030836
139.0, 3.8370603582532987
140.0, 3.830229911794756
141.0, 3.8234134175045904
142.0, 3.8166109501388163
143.0, 3.8140808371254047
144.0, 3.8073142259248427
145.0, 3.800561879163483
146.0, 3.7938238730059917
147.0, 3.7871002839967454
148.0, 3.7803911890603072
149.0, 3.7736966655018676
150.0, 3.767016791007647
151.0, 3.6772802716257997
152.0, 3.5875502904581755
153.0, 3.497827306312995
154.0, 3.4081119196321863
155.0, 3.3184047466240503
156.0, 3.2287064719207517
157.0, 3.1390178583367034
158.0, 3.04933975834416
159.0, 2.9596731276287884
160.0, 2.8700190411781947
161.0, 2.780378712472586
162.0, 2.6907535164975447
163.0, 2.6011450174961346
164.0, 2.5115550026375915
165.0, 2.421985523125754
166.0, 2.3324389447347667
167.0, 2.3258991571962877
168.0, 2.2363814819517507
169.0, 2.1469422897313497
170.0, 2.0575916119348285
171.0, 1.9683415026411788
172.0, 1.8792062909596692
173.0, 1.7902031394209292
174.0, 1.7839800877281071
175.0, 1.696088438400954
176.0, 1.6085412745454646
177.0, 1.6025703557618927
178.0, 1.596639739589298
179.0, 1.5907498767949955
180.0, 1.5849012217262421
181.0, 1.5089744180635931
182.0, 1.503450508267897
183.0, 1.4979729860281754
184.0, 1.4925423620614147
185.0, 1.487159150139654
186.0, 1.4818238669824624
187.0, 1.4765370321438436
188.0, 1.389203435365356
189.0, 1.3840800099281305
190.0, 1.2965487343221322
191.0, 1.209267226500855
192.0, 1.1222936119192457
193.0, 1.0357054597081894
194.0, 0.9496082186001162
195.0, 0.8641486330749755
196.0, 0.7795364474524202
197.0, 0.6960807477707311
198.0, 0.614253094071417
199.0, 0.5348013101933153
200.0, 0.4589609360736413
201.0, 0.388850822228304
202.0, 0.32816444765177094
203.0, 0.28302997916560796
204.0, 0.26162407220916384
205.0, 0.26965804801832965
206.0, 0.3048128806525973
207.0, 0.35921225370432736
208.0, 0.4255386185293625
209.0, 0.499059024722871
210.0, 0.577030177810257
211.0, 0.6578713367612569
212.0, 0.7406435187243561
213.0, 0.7485210742968557
214.0, 0.8300349840106794
215.0, 0.9128645234052317
216.0, 0.9204634815207957
217.0, 0.9281079695560415
218.0, 0.9357968717152361
219.0, 0.943529102195124
220.0, 0.9513036044737674
221.0, 0.9591193506018724
222.0, 0.9669753404982278
223.0, 0.9748706012506994
224.0, 0.9828041864240642
225.0, 0.9907751753758085
226.0, 0.9987826725808733
227.0, 1.006825806966205
228.0, 1.0149037312558462
229.0, 1.0230156213271908
230.0, 1.031160675578936
231.0, 1.031160675578936
232.0, 1.031160675578936
233.0, 1.031160675578936
234.0, 1.031160675578936
235.0, 1.031160675578936
236.0, 1.031160675578936
237.0, 1.031160675578936
238.0, 1.031160675578936
239.0, 1.031160675578936
240.0, 1.031160675578936
241.0, 1.031160675578936
242.0, 1.031160675578936
243.0, 1.031160675578936
244.0, 1.031160675578936
245.0, 1.031160675578936
246.0, 1.031160675578936
247.0, 1.031160675578936
248.0, 1.031160675578936
249.0, 1.031160675578936
250.0, 1.031160675578936
251.0, 1.031160675578936
252.0, 1.031160675578936
253.0, 1.031160675578936
254.0, 1.031160675578936
255.0, 1.031160675578936
256.0, 1.031160675578936
257.0, 1.031160675578936
258.0, 1.031160675578936
259.0, 1.031160675578936
260.0, 1.031160675578936
261.0, 1.0230156213271908
262.0, 1.0149037312558462
263.0, 1.006825806966205
264.0, 0.9987826725808733
265.0, 0.9907751753758085
266.0, 0.9828041864240642
267.0, 0.9748706012506994
268.0, 0.9669753404982278
269.0, 0.9591193506018724
270.0, 0.9513036044737674
271.0, 0.943529102195124
272.0, 0.9357968717152361
273.0, 0.9281079695560415
274.0, 0.9204634815207957
275.0, 0.9128645234052317
276.0, 0.9053122417093828
277.0, 0.8978078143480407
278.0, 0.8903524513575923
279.0, 0.8829473955967436
280.0, 0.8755939234383718
281.0, 0.8682933454494862
282.0, 0.8610470070559741
ee_dist
0.0, 0.8787721814651703
1.0, 0.8797036720285897
2.0, 0.9526299545019451
3.0, 1.0272948239400654
4.0, 1.0529746628531522
5.0, 1.0781228419108304
6.0, 1.1131305082985248
7.0, 1.149874227419574
8.0, 1.18645606851071
9.0, 1.2222239751680188
10.0, 1.2572849302106
11.0, 1.2900591707823708
12.0, 1.3332271837774876
13.0, 1.3673002306190654
14.0, 1.3992897316943387
15.0, 1.4280330659090954
16.0, 1.4546001127495962
17.0, 1.4779714689525154
18.0, 1.4998391781915188
19.0, 1.5190658608414154
20.0, 1.5379940733488227
21.0, 1.5132927888742362
22.0, 1.479244850672144
23.0, 1.442156724412978
24.0, 1.401581693745731
25.0, 1.3577036251251111
26.0, 1.3105299242798882
27.0, 1.2602754452561897
28.0, 1.2069667463123726
29.0, 1.1508883814569526
30.0, 1.0920976604553752
31.0, 1.0309626178938662
32.0, 0.9675935781588344
33.0, 0.9024660768728721
34.0, 0.8357971507072672
35.0, 0.7682610670297715
36.0, 0.7003316954584978
37.0, 0.6330999766719839
38.0, 0.5673602467135636
39.0, 0.5057648649952072
40.0, 0.45040620647403035
41.0, 0.4660557568973795
42.0, 0.7077612677067344
43.0, 1.2272765249244297
44.0, 1.1876314307648987
45.0, 1.1461189874563327
46.0, 1.1022428580267019
47.0, 1.0561026498540038
48.0, 1.0076478602652628
49.0, 0.9569989392092778
50.0, 0.9045883517576204
51.0, 0.8509500843190769
52.0, 0.7962492438066128
53.0, 0.7405549521299947
54.0, 0.6839581755619165
55.0, 0.6265939671850564
56.0, 0.5693488307338209
57.0, 0.512481554859909
58.0, 0.5660757012824533
59.0, 0.6410676333109174
60.0, 0.7248429982603989
61.0, 0.8169878233013323
62.0, 0.9119205024324438
63.0, 1.0045304114598517
64.0, 1.0908115720517766
65.0, 1.1573050733231216
66.0, 1.213470182139985
67.0, 1.270839146611455
68.0, 1.3236219409012173
69.0, 1.3759847896013955
70.0, 1.4287787301640804
71.0, 1.4799162053839012
72.0, 1.5362768160350966
73.0, 1.5978820719949165
74.0, 1.6642417395996087
75.0, 1.7416683271178686
76.0, 1.8283167285634465
77.0, 1.9243039370052963
78.0, 2.0244599658381937
79.0, 2.123610366076659
80.0, 2.2173671740802665
81.0, 2.2958456284417568
82.0, 2.3593103264333655
83.0, 2.421632994385778
84.0, 2.481552823322424
85.0, 2.5405662932034248
86.0, 2.5893353169118627
87.0, 2.6176157629101002
88.0, 2.648201491946121
89.0, 2.6878360941128636
90.0, 2.738108306783702
91.0, 2.822503809746801
92.0, 2.9159686465093193
93.0, 3.0181778723970973
94.0, 3.1255122897325327
95.0, 3.2335157574406
96.0, 3.334759928257841
97.0, 3.4250827738099874
98.0, 3.4970420627357783
99.0, 3.564681685537852
100.0, 3.629746670127414
101.0, 3.6935364002660274
102.0, 3.756664146576992
103.0, 3.819577682204017
104.0, 3.882887950321068
105.0, 3.952732829704582
106.0, 4.027492496908047
107.0, 4.109280784265031
108.0, 4.200306076669783
109.0, 4.300699875512523
110.0, 4.407691535412252
111.0, 4.51682045932044
112.0, 4.619379579664664
113.0, 4.714350801938851
114.0, 4.7891871038993745
115.0, 4.856414919959675
116.0, 4.901421451256483
117.0, 4.946131528999311
118.0, 4.989940105137597
119.0, 5.0325802387616365
120.0, 5.0724417722938435
121.0, 5.1112553361687265
122.0, 5.147668864454844
123.0, 5.182342645161096
124.0, 5.213676124364872
125.0, 5.2427376846320355
126.0, 5.269239677549826
127.0, 5.292836774620172
128.0, 5.31248105425701
129.0, 5.32951630975603
130.0, 5.343421167724374
131.0, 5.35414340819794
132.0, 5.3605143827496935
133.0, 5.364111006970282
134.0, 5.364319460823521
135.0, 5.361169335838899
136.0, 5.353877855867463
137.0, 5.343497154691523
138.0, 5.330292216479113
139.0, 5.313946561203314
140.0, 5.293104613408403
141.0, 5.275008923610217
142.0, 5.2747689798641355
143.0, 4.6488440642671796
144.0, 4.6369931592197835
145.0, 4.627496806887261
146.0, 4.6214727174016135
147.0, 4.617371278677137
148.0, 4.615750777476627
149.0, 4.616603772413516
150.0, 4.620998639033218
151.0, 4.538571880524722
152.0, 4.4559896836782364
153.0, 4.373247703892139
154.0, 4.2916311643433955
155.0, 4.209292475266561
156.0, 4.126944458463902
157.0, 4.044566125672871
158.0, 3.962933644101943
159.0, 3.8809754982974893
160.0, 3.7986237709669224
161.0, 3.716223316314483
162.0, 3.6350691743519388
163.0, 3.5531239340395278
164.0, 3.4715415242081176
165.0, 3.3894099495637144
166.0, 3.308311209488441
167.0, 3.316443992304526
168.0, 3.236561524351676
169.0, 3.1567805950515755
170.0, 3.0782936808070382
171.0, 2.999263090599528
172.0, 2.9207017327890443
173.0, 2.8417158084455996
174.0, 2.8542635462435895
175.0, 2.7791436079040768
176.0, 2.7043021289893203
177.0, 2.7189851304127832
178.0, 2.7369045416253517
179.0, 2.7562059528219045
180.0, 2.7776088502245218
181.0, 2.7218496211668812
182.0, 2.700464391640437
183.0, 2.680717041122722
184.0, 2.6625148031497843
185.0, 2.6463277931510496
186.0, 2.633854261967732
187.0, 2.622807328344293
188.0, 2.543744559326916
189.0, 2.535339402922069
190.0, 2.453893291829416
191.0, 2.37253227891937
192.0, 2.2922861283060216
193.0, 2.2115832103739423
194.0, 2.130924950434983
195.0, 2.0503422906426607
196.0, 1.9709812351901177
197.0, 1.8896645959993983
198.0, 1.8399153258611702
199.0, 1.8061188011487221
200.0, 1.9623098303656048
201.0, 1.6112545073651217
202.0, 1.9030437588567544
203.0, 1.5302980638219932
204.0, 1.321397977386767
205.0, 1.2726602515393473
206.0, 1.1881446772896194
207.0, 1.1241115009173506
208.0, 1.0526244563757425
209.0, 0.9824866853552013
210.0, 0.9166445415445228
211.0, 0.8527179745289258
212.0, 0.7922911842104673
213.0, 0.7728984089864718
214.0, 0.7104283189425813
215.0, 0.6525708647160425
216.0, 0.6329131202602858
217.0, 0.6150899796276278
218.0, 0.6004296957760796
219.0, 0.5885228486394121
220.0, 0.580702119227308
221.0, 0.5759365447333614
222.0, 0.5755873177933891
223.0, 0.5784084942319444
224.0, 0.5856176664857958
225.0, 0.5957999050575308
226.0, 0.6097856578083122
227.0, 0.6127783898522918
228.0, 0.6456134722997543
229.0, 0.6458638022273419
230.0, 0.6485274011495091
231.0, 0.6455578873706785
232.0, 0.6458832621734331
233.0, 0.645725862315354
234.0, 0.6458841015451428
235.0, 0.6455787662107777
236.0, 0.6458804761329997
237.0, 0.6459455419401071
238.0, 0.6456905768404155
239.0, 0.6454334353675257
240.0, 0.6458808141252277
241.0, 0.6458312062832859
242.0, 0.6457005308735859
243.0, 0.6514117166240478
244.0, 0.6628189057752625
245.0, 0.6753870629237733
246.0, 0.6900962918996304
247.0, 0.7058416767655109
248.0, 0.7234329843597599
249.0, 0.7417368351801031
250.0, 0.7616061888095198
251.0, 0.7851964517362761
252.0, 0.8059453350395707
253.0, 0.8279522207718837
254.0, 0.8507617667500548
255.0, 0.8734576659536084
256.0, 0.8967071801657128
257.0, 0.9196166915255648
258.0, 0.9427776517597024
259.0, 0.9654121189716188
260.0, 0.9880307156297551
261.0, 1.017651425464628
262.0, 1.0470653718866763
263.0, 1.0232555127583012
264.0, 0.9977487992465324
265.0, 0.9709889931290002
266.0, 0.9430063608758185
267.0, 0.9140020904398384
268.0, 0.8840403192244572
269.0, 0.8533690433463559
270.0, 0.8220776945362267
271.0, 0.7904703207326172
272.0, 0.7586744209938477
273.0, 0.7270645695144412
274.0, 0.6958290857762204
275.0, 0.6654070421863012
276.0, 0.6360183018246499
277.0, 0.6081484267261015
278.0, 0.5820333588192651
279.0, 0.5583807496229904
280.0, 0.537467070705849
281.0, 0.5210230353336567
282.0, 0.5241887596920608
ee_box_dist
0.0, 0.7466146254086059
1.0, 0.7839949003013043
2.0, 0.8194214722178418
3.0, 0.8532102334911974
4.0, 0.8893234172220097
5.0, 0.9266329414624758
6.0, 0.9644593655334981
7.0, 0.999225804879692
8.0, 1.0324111537435203
9.0, 1.0641327486187409
10.0, 1.0944905770164841
11.0, 1.1225401761289537
12.0, 1.1609251331064636
13.0, 1.1905749266325707
14.0, 1.2182179932777002
15.0, 1.2428228505336614
16.0, 1.2654497140022285
17.0, 1.2851741623193882
18.0, 1.303622806132949
19.0, 1.3197257691315336
20.0, 1.3357304452502374
21.0, 1.3115177817470913
22.0, 1.278703992269644
23.0, 1.2429838849171064
24.0, 1.2039557374214198
25.0, 1.1618124166550392
26.0, 1.1165602494882585
27.0, 1.0684124050135244
28.0, 1.01737986171817
29.0, 0.9637300501265685
30.0, 0.9074840171703583
31.0, 0.8489716024524543
32.0, 0.7882280978832931
33.0, 0.7256369101319506
34.0, 0.6612659835423258
35.0, 0.5956728509528644
36.0, 0.529124034761696
37.0, 0.4626863469094814
38.0, 0.39557523582025006
39.0, 0.31761321337490533
40.0, 0.2504102567033141
41.0, 0.2655504288270594
42.0, 0.28058065818915556
43.0, 0.29556267319127794
44.0, 0.3103938924836914
45.0, 0.3251178301771342
46.0, 0.339652345129463
47.0, 0.3540363180136578
48.0, 0.36818836893696916
49.0, 0.382162553082682
50.0, 0.39585566410893536
51.0, 0.4093544039352355
52.0, 0.4225354604275559
53.0, 0.4355157173909466
54.0, 0.44817829315866436
55.0, 0.4606542638581609
56.0, 0.47283411205692943
57.0, 0.4848246898449617
58.0, 0.4965178757156108
59.0, 0.5079885470595801
60.0, 0.5191548636686294
61.0, 0.5300635526403921
62.0, 0.5406585666299405
63.0, 0.550974590344298
64.0, 0.5609594198291262
65.0, 0.5706448673261129
66.0, 0.5799785796048849
67.0, 0.5889945485650944
68.0, 0.597643878726343
69.0, 0.6059648901021841
70.0, 0.6139106059772608
71.0, 0.621515674070364
72.0, 0.6287361206701596
73.0, 0.6356013074305596
74.0, 0.6420717121903692
75.0, 0.6481718089520816
76.0, 0.6538660125584688
77.0, 0.65917410285973
78.0, 0.6640634658674209
79.0, 0.6685502023438086
80.0, 0.6726034655077864
81.0, 0.6762365550177037
82.0, 0.6794222652032675
83.0, 0.6821735231321921
84.0, 0.6844502143828181
85.0, 0.686562585890155
86.0, 0.7065090007218977
87.0, 0.7511263816705557
88.0, 0.7901793917710817
89.0, 0.8236990036822883
90.0, 0.8495863215344729
91.0, 0.8484666629539053
92.0, 0.8488281031470397
93.0, 0.8485586513799463
94.0, 0.848830046796408
95.0, 0.8484447765942932
96.0, 0.8488261867940786
97.0, 0.8486607242547535
98.0, 0.848572341576172
99.0, 0.8484113089333953
100.0, 0.8488239134170477
101.0, 0.8488776303824996
102.0, 0.8485587041411409
103.0, 0.8482340753078688
104.0, 0.8488214428606533
105.0, 0.8487977250670375
106.0, 0.8485611146847657
107.0, 0.8482480775744746
108.0, 0.8488222531061571
109.0, 0.8488088417100772
110.0, 0.8485592957007126
111.0, 0.8482165577476534
112.0, 0.848822566031154
113.0, 0.8487843500491505
114.0, 0.848565372957436
115.0, 0.8482944532891599
116.0, 0.8488233356281522
117.0, 0.848844889287892
118.0, 0.8485533549605173
119.0, 0.8481136869997572
120.0, 0.8488243273879214
121.0, 0.8487002233369543
122.0, 0.8488260378937376
123.0, 0.8484087965344677
124.0, 0.848828669449792
125.0, 0.8488705150260586
126.0, 0.8485646173152378
127.0, 0.8482586235311308
128.0, 0.8488255950316298
129.0, 0.8488179986510298
130.0, 0.8485617238158919
131.0, 0.8482032914887147
132.0, 0.8488263203375781
133.0, 0.8487753996176984
134.0, 0.8485713377101726
135.0, 0.8483377754916162
136.0, 0.8488271456809781
137.0, 0.849013416311329
138.0, 0.8485432425813048
139.0, 0.8479724863269071
140.0, 0.8488332182190098
141.0, 0.8485746423916389
142.0, 0.8488167588954707
143.0, 1.570189083696752
144.0, 1.5700789877948667
145.0, 1.5683233928206775
146.0, 1.5638373067431364
147.0, 1.5582530242987687
148.0, 1.5509502898707803
149.0, 1.542139080768913
150.0, 1.5307973051211377
151.0, 1.604634792154955
152.0, 1.679447927231547
153.0, 1.7553018757507346
154.0, 1.8308392033730472
155.0, 1.9076880322831227
156.0, 1.9850512106831268
157.0, 2.063029828360514
158.0, 2.1407453194522317
159.0, 2.2192171064587023
160.0, 2.298390490172103
161.0, 2.378028568108825
162.0, 2.456805833697535
163.0, 2.5366612919074
164.0, 2.616426175868102
165.0, 2.6970323680049546
166.0, 2.776894317799159
167.0, 2.7689672657039224
168.0, 2.8483277479430056
169.0, 2.9280661028638013
170.0, 3.006943466574132
171.0, 3.0867947353623135
172.0, 3.166570152224643
173.0, 3.2472346713015883
174.0, 3.2379200718411747
175.0, 3.3165635652417516
176.0, 3.395587150164018
177.0, 3.385617470499911
178.0, 3.3725685176142925
179.0, 3.3583436313931667
180.0, 3.3419925477432098
181.0, 3.4109102898184216
182.0, 3.4263483004140034
183.0, 3.4402107647702067
184.0, 3.4526134836574904
185.0, 3.4632155886543865
186.0, 3.470324255196508
187.0, 3.4764264057322745
188.0, 3.558057221976891
189.0, 3.561609066609148
190.0, 3.6444040092829555
191.0, 3.7273415744927565
192.0, 3.8093478774882823
193.0, 3.8920479744070255
194.0, 3.974886838931368
195.0, 4.057957529792296
196.0, 4.140064049868204
197.0, 4.223994010696076
198.0, 4.28440404331898
199.0, 4.340093324860557
200.0, 4.275088166726697
201.0, 4.729674046290763
202.0, 4.487753493341498
203.0, 4.949786968905497
204.0, 4.864028487101284
205.0, 4.863402889825644
206.0, 4.9764620603017145
207.0, 5.054713845270471
208.0, 5.134284385592355
209.0, 5.218538641127359
210.0, 5.30029747069443
211.0, 5.383186531157915
212.0, 5.466138580398801
213.0, 5.466924298206809
214.0, 5.550136844661154
215.0, 5.633647488552128
216.0, 5.6314421558237795
217.0, 5.627932270508872
218.0, 5.621779177153197
219.0, 5.613927448518946
220.0, 5.603262457448861
221.0, 5.591107465243359
222.0, 5.576333980716025
223.0, 5.56018250852056
224.0, 5.541615273940788
225.0, 5.52179219672672
226.0, 5.499927492322121
227.0, 5.485375430734602
228.0, 5.452451540640022
229.0, 5.452329718901837
230.0, 5.450577860826956
231.0, 5.452526549484069
232.0, 5.452286920739556
233.0, 5.4524174742306215
234.0, 5.452286101398141
235.0, 5.452511553518149
236.0, 5.452290141394309
237.0, 5.452265405516028
238.0, 5.452406888412962
239.0, 5.452604540139829
240.0, 5.452291339131264
241.0, 5.452350678625678
242.0, 5.452402042094064
243.0, 5.45243481700683
244.0, 5.452865436825211
245.0, 5.4526539074317775
246.0, 5.451379204776924
247.0, 5.4493964641725015
248.0, 5.446258856448979
249.0, 5.442347303142113
250.0, 5.437239668830711
251.0, 5.429947866325476
252.0, 5.423327985515761
253.0, 5.415545835234793
254.0, 5.406747801727734
255.0, 5.397508718949399
256.0, 5.3873469297558465
257.0, 5.376950909144383
258.0, 5.365788183851273
259.0, 5.354590675639427
260.0, 5.342797802255689
261.0, 5.328528778184488
262.0, 5.312508871639997
263.0, 5.337179722692718
264.0, 5.362909038951765
265.0, 5.389153743046814
266.0, 5.415727620134126
267.0, 5.44241942543953
268.0, 5.469023349870164
269.0, 5.495331053851245
270.0, 5.52114408794707
271.0, 5.5462643489653285
272.0, 5.57050905102543
273.0, 5.593693507325526
274.0, 5.615652686025734
275.0, 5.6362436555844475
276.0, 5.655378102643871
277.0, 5.672977161072011
278.0, 5.689038854670056
279.0, 5.70334874772584
280.0, 5.71595997195224
281.0, 5.725785335991093
282.0, 5.725517031404334
spot_hold
0, 0
1, 0
2, 0
3, 0
4, 0
5, 0
6, 0
7, 0
8, 0
9, 0
10, 0
11, 0
12, 0
13, 0
14, 0
15, 0
16, 0
17, 0
18, 0
19, 0
20, 0
21, 0
22, 0
23, 0
24, 0
25, 0
26, 0
27, 0
28, 0
29, 0
30, 0
31, 0
32, 0
33, 0
34, 0
35, 0
36, 0
37, 0
38, 0
39, 0
40, 0
41, 1
42, 1
43, 1
44, 1
45, 1
46, 1
47, 1
48, 1
49, 1
50, 1
51, 1
52, 1
53, 1
54, 1
55, 1
56, 1
57, 1
58, 1
59, 1
60, 1
61, 1
62, 1
63, 1
64, 1
65, 1
66, 1
67, 1
68, 1
69, 1
70, 1
71, 1
72, 1
73, 1
74, 1
75, 1
76, 1
77, 1
78, 1
79, 1
80, 1
81, 1
82, 1
83, 1
84, 1
85, 1
86, 1
87, 1
88, 1
89, 1
90, 1
91, 1
92, 1
93, 1
94, 1
95, 1
96, 1
97, 1
98, 1
99, 1
100, 1
101, 1
102, 1
103, 1
104, 1
105, 1
106, 1
107, 1
108, 1
109, 1
110, 1
111, 1
112, 1
113, 1
114, 1
115, 1
116, 1
117, 1
118, 1
119, 1
120, 1
121, 1
122, 1
123, 1
124, 1
125, 1
126, 1
127, 1
128, 1
129, 1
130, 1
131, 1
132, 1
133, 1
134, 1
135, 1
136, 1
137, 1
138, 1
139, 1
140, 1
141, 1
142, 1
143, 1
144, 1
145, 1
146, 1
147, 1
148, 1
149, 1
150, 1
151, 1
152, 1
153, 1
154, 1
155, 1
156, 1
157, 1
158, 1
159, 1
160, 1
161, 1
162, 1
163, 1
164, 1
165, 1
166, 1
167, 1
168, 1
169, 1
170, 1
171, 1
172, 1
173, 1
174, 1
175, 1
176, 1
177, 1
178, 1
179, 1
180, 1
181, 1
182, 1
183, 1
184, 1
185, 1
186, 1
187, 1
188, 1
189, 1
190, 1
191, 1
192, 1
193, 1
194, 1
195, 1
196, 1
197, 1
198, 1
199, 1
200, 1
201, 1
202, 1
203, 1
204, 1
205, 1
206, 1
207, 1
208, 1
209, 1
210, 1
211, 1
212, 1
213, 1
214, 1
215, 1
216, 1
217, 1
218, 1
219, 1
220, 1
221, 1
222, 1
223, 1
224, 1
225, 1
226, 1
227, 1
228, 1
229, 1
230, 1
231, 1
232, 1
233, 1
234, 1
235, 1
236, 1
237, 1
238, 1
239, 1
240, 1
241, 1
242, 1
243, 1
244, 1
245, 1
246, 1
247, 1
248, 1
249, 1
250, 1
251, 1
252, 1
253, 1
254, 1
255, 1
256, 1
257, 1
258, 1
259, 1
260, 1
261, 1
262, 1
263, 1
264, 1
265, 1
266, 1
267, 1
268, 1
269, 1
270, 1
271, 1
272, 1
273, 1
274, 1
275, 1
276, 1
277, 1
278, 1
279, 1
280, 1
281, 1
282, 1
