bot_dist
0.0, 3.0416515250109764
1.0, 3.0455717147694985
2.0, 3.049519658759691
3.0, 3.053495249329038
4.0, 3.057498378633023
5.0, 3.0615289386460973
6.0, 3.0655868211725488
7.0, 3.0696719178572662
8.0, 3.073784120196404
9.0, 3.077923319547943
10.0, 3.082089407142151
11.0, 3.086282274091931
12.0, 3.090501811403068
13.0, 3.0947479099843673
14.0, 3.099020460657681
15.0, 3.103319354167835
16.0, 3.107644481192429
17.0, 3.111995732351547
18.0, 3.116372998217334
19.0, 3.1207761693234786
20.0, 3.1252051361745736
21.0, 3.129659789255363
22.0, 3.134140019039878
23.0, 3.138645716000459
24.0, 3.143176770616657
25.0, 3.1477330733840283
26.0, 3.152314514822805
27.0, 3.1569209854864586
28.0, 3.161552375970139
29.0, 3.1662085769190007
30.0, 3.170889479036416
31.0, 3.1755949730920667
32.0, 3.180324836870089
33.0, 3.185079073196841
34.0, 3.1898575730961185
35.0, 3.1946602276892304
36.0, 3.1994869282025027
37.0, 3.204337565974673
38.0, 3.209212032464173
39.0, 3.214110219256287
40.0, 3.219032018070199
41.0, 3.2239773207659237
42.0, 3.2289460193511266
43.0, 3.2339380059878198
44.0, 3.238953172998955
45.0, 3.2439914128748937
46.0, 3.2490526182797703
47.0, 3.2541366820577373
48.0, 3.259243497239104
49.0, 3.264372957046354
50.0, 3.269524954900063
51.0, 3.2746993844246974
52.0, 3.279896139454306
53.0, 3.2851151140380996
54.0, 3.2903562024459267
55.0, 3.295619299173637
56.0, 3.300904298948338
57.0, 3.306211096733546
58.0, 3.3115395877342286
59.0, 3.3168896674017456
60.0, 3.322261231438682
61.0, 3.327654175803581
62.0, 3.3330683967155665
63.0, 3.338503790658875
64.0, 3.343960254387274
65.0, 3.349437684928392
66.0, 3.354935979587935
67.0, 3.3604550359538186
68.0, 3.3659947519001907
69.0, 3.3715550255913684
70.0, 3.377135755485664
71.0, 3.3827368403391307
72.0, 3.388358179209208
73.0, 3.3939996714582694
74.0, 3.3996612167570874
75.0, 3.4053427150881954
76.0, 3.411044066749173
77.0, 3.41676517235583
78.0, 3.422505932845306
79.0, 3.428266249479087
80.0, 3.434046023845927
81.0, 3.4398451578646925
82.0, 3.4456635537871145
83.0, 3.4515011142004655
84.0, 3.4573577420301467
85.0, 3.463233340542197
86.0, 3.4691278133457213
87.0, 3.475041064395239
88.0, 3.480972997992954
89.0, 3.486923518790948
90.0, 3.492892531793294
91.0, 3.4988799423580996
92.0, 3.504885656199472
93.0, 3.5109095793894083
94.0, 3.516951618359621
95.0, 3.5230116799032802
96.0, 3.5290896711766955
97.0, 3.5351854997009244
98.0, 3.5412990733633096
99.0, 3.547430300418957
100.0, 3.553579089492136
101.0, 3.553579089492136
102.0, 3.553579089492136
103.0, 3.553579089492136
104.0, 3.553579089492136
105.0, 3.553579089492136
106.0, 3.553579089492136
107.0, 3.553579089492136
108.0, 3.553579089492136
109.0, 3.553579089492136
110.0, 3.553579089492136
111.0, 3.553579089492136
112.0, 3.553579089492136
113.0, 3.553579089492136
114.0, 3.553579089492136
115.0, 3.553579089492136
116.0, 3.553579089492136
117.0, 3.553579089492136
118.0, 3.553579089492136
119.0, 3.553579089492136
120.0, 3.553579089492136
121.0, 3.553579089492136
122.0, 3.553579089492136
123.0, 3.553579089492136
124.0, 3.553579089492136
125.0, 3.553579089492136
126.0, 3.553579089492136
127.0, 3.553579089492136
128.0, 3.553579089492136
129.0, 3.553579089492136
130.0, 3.553579089492136
131.0, 3.547430300418957
132.0, 3.5412990733633096
133.0, 3.5351854997009244
134.0, 3.5290896711766955
135.0, 3.5230116799032802
136.0, 3.516951618359621
137.0, 3.5109095793894083
138.0, 3.504885656199472
139.0, 3.4988799423580996
140.0, 3.492892531793294
141.0, 3.486923518790948
142.0, 3.480972997992954
143.0, 3.4797090256883516
144.0, 3.4738037206429278
145.0, 3.467917195560881
146.0, 3.462049546236965
147.0, 3.456200868808241
148.0, 3.450371259751714
149.0, 3.444560815881896
150.0, 3.4387696343482808
151.0, 3.3498992590725174
152.0, 3.261083515011053
153.0, 3.172326941783138
154.0, 3.0836347016106416
155.0, 2.9950125098435594
156.0, 2.906466774107243
157.0, 2.8180047014842238
158.0, 2.729634426056517
159.0, 2.6413651614206
160.0, 2.553207384007012
161.0, 2.465173054626645
162.0, 2.3772758877535605
163.0, 2.2895316808158763
164.0, 2.201958719447879
165.0, 2.114578279604089
166.0, 2.02741525414063
167.0, 2.022487694535198
168.0, 1.9370860614662517
169.0, 1.8521641838015452
170.0, 1.7677909665554763
171.0, 1.684048877723132
172.0, 1.6010369537063873
173.0, 1.5188749175471332
174.0, 1.5150072908949512
175.0, 1.4369240976083146
176.0, 1.3604457492608948
177.0, 1.3572574380808173
178.0, 1.3541354693633503
179.0, 1.3510803030052019
180.0, 1.3480923931867157
181.0, 1.293636944796281
182.0, 1.2912647229269878
183.0, 1.2889657187171797
184.0, 1.2867403246183788
185.0, 1.2845889231923404
186.0, 1.2825118868051215
187.0, 1.2805095773257376
188.0, 1.278582345829934
189.0, 1.276730532309596
190.0, 1.27495446538833
191.0, 1.273254462043731
192.0, 1.271630827336861
193.0, 1.2700838541494492
194.0, 1.268613822929318
195.0, 1.1849179860993941
196.0, 1.101385129264166
197.0, 1.0180553714187337
198.0, 1.0168209841089495
199.0, 0.934328745773778
200.0, 0.8521190946965599
201.0, 0.7702825522681023
202.0, 0.6889520894269295
203.0, 0.608330720198886
204.0, 0.5287429064910016
205.0, 0.4507364746792764
206.0, 0.37529880157408607
207.0, 0.30434605917356916
208.0, 0.24185815971538233
209.0, 0.19610131953210913
210.0, 0.180298635708789
211.0, 0.201620884259444
212.0, 0.25077056509000983
213.0, 0.31497981534768044
214.0, 0.38682063576320247
215.0, 0.46275245937079873
216.0, 0.5410555100384694
217.0, 0.62083321683045
218.0, 0.7015827058764289
219.0, 0.7028036104572933
220.0, 0.7830905405841729
221.0, 0.8639113333733475
222.0, 0.9451290421986382
223.0, 0.9462406197598239
224.0, 0.9474564495083531
225.0, 0.9487761306556312
226.0, 0.9501992305007126
227.0, 0.9517252851226551
228.0, 0.953353800115587
229.0, 0.9550842513638471
230.0, 0.9569160858544641
231.0, 0.9569160858544641
232.0, 0.9569160858544641
233.0, 0.9569160858544641
234.0, 0.9569160858544641
235.0, 0.9569160858544641
236.0, 0.9569160858544641
237.0, 0.9569160858544641
238.0, 0.9569160858544641
239.0, 0.9569160858544641
240.0, 0.9569160858544641
241.0, 0.9569160858544641
242.0, 0.9569160858544641
243.0, 0.9569160858544641
244.0, 0.9569160858544641
245.0, 0.9569160858544641
246.0, 0.9569160858544641
247.0, 0.9569160858544641
248.0, 0.9569160858544641
249.0, 0.9569160858544641
250.0, 0.9569160858544641
251.0, 0.9569160858544641
252.0, 0.9569160858544641
253.0, 0.9569160858544641
254.0, 0.9569160858544641
255.0, 0.9569160858544641
256.0, 0.9569160858544641
257.0, 0.9569160858544641
258.0, 0.9569160858544641
259.0, 0.9569160858544641
260.0, 0.9569160858544641
261.0, 0.9550842513638471
262.0, 0.953353800115587
263.0, 0.9517252851226551
264.0, 0.9501992305007126
265.0, 0.9487761306556312
266.0, 0.9474564495083531
267.0, 0.9462406197598239
268.0, 0.9451290421986382
269.0, 0.9441220850539157
270.0, 0.9432200833957943
271.0, 0.9424233385857778
272.0, 0.9417321177790083
273.0, 0.9411466534803632
274.0, 0.940667143156077
275.0, 0.9402937489023961
276.0, 0.9400265971725523
277.0, 0.9398657785631263
278.0, 0.9398113476606427
279.0, 0.9398633229489984
280.0, 0.9400216867780931
281.0, 0.940286385393784
282.0, 0.9406573290290478
ee_dist
0.0, 1.1744574830876373
1.0, 1.217701861061344
2.0, 1.316346377450994
3.0, 1.4036742059590113
4.0, 1.4337790423740657
5.0, 1.459444994670331
6.0, 1.4926489105608416
7.0, 1.5284505245996116
8.0, 1.5640709878684609
9.0, 1.5989567246965184
10.0, 1.6334481927242832
11.0, 1.6659941062564174
12.0, 1.6973324075477545
13.0, 1.7259834053549268
14.0, 1.7534203875953187
15.0, 1.7782911587924108
16.0, 1.802663453084166
17.0, 1.823960281568369
18.0, 1.8452382818813136
19.0, 1.8635552828384463
20.0, 1.8823116592345077
21.0, 1.855362973674424
22.0, 1.8173023256857628
23.0, 1.7761778876746583
24.0, 1.7315087203115027
25.0, 1.6835345353262057
26.0, 1.6323424911332474
27.0, 1.5782196722649724
28.0, 1.5213043398442445
29.0, 1.4619831519457873
30.0, 1.4004705236502644
31.0, 1.3372808509543361
32.0, 1.2727449765560699
33.0, 1.207546863045224
34.0, 1.1422080807409989
35.0, 1.077673160656985
36.0, 1.014785012966454
37.0, 0.9548764516394256
38.0, 0.8992419936280144
39.0, 0.8496180096749274
40.0, 0.8077855175745524
41.0, 0.8216381365351416
42.0, 0.7878926511259405
43.0, 0.9055105551355953
44.0, 0.861938677666458
45.0, 0.816887294639595
46.0, 0.7701655956527005
47.0, 0.7212004203143728
48.0, 0.6706111167620205
49.0, 0.6183405658041617
50.0, 0.5650268483236973
51.0, 0.5113694274518173
52.0, 0.4579265817616117
53.0, 0.405038180074731
54.0, 0.3536061962200025
55.0, 0.3049007387218505
56.0, 0.2620267383218237
57.0, 0.22829024980048204
58.0, 0.2465120966021019
59.0, 0.296145157907894
60.0, 0.36292212958792797
61.0, 0.44427835183301173
62.0, 0.5331889715237728
63.0, 0.6230980853513433
64.0, 0.7085319148592026
65.0, 0.7761282639058789
66.0, 0.8353443141982962
67.0, 0.8950480203560824
68.0, 0.9493559599360964
69.0, 1.002546607251396
70.0, 1.0552607422321754
71.0, 1.1061511431459574
72.0, 1.1600957446836353
73.0, 1.2200899826816467
74.0, 1.284564226114171
75.0, 1.3602093713057646
76.0, 1.4451524047618145
77.0, 1.539593942213085
78.0, 1.6386253537681956
79.0, 1.7372323285528568
80.0, 1.8309227080239616
81.0, 1.9099697400459492
82.0, 1.9745242897168844
83.0, 2.038270674172396
84.0, 2.0990791579289096
85.0, 2.158845779813499
86.0, 2.2078194602134666
87.0, 2.236469802675097
88.0, 2.2666345372147667
89.0, 2.3060868342043994
90.0, 2.3547411689036966
91.0, 2.437647232095414
92.0, 2.5305578560668582
93.0, 2.631061750480763
94.0, 2.7380090003379562
95.0, 2.8445993813649326
96.0, 2.946399509942086
97.0, 3.0364107897830737
98.0, 3.1087350392279935
99.0, 3.1768857093071117
100.0, 3.2432371475752606
101.0, 3.3070550664953036
102.0, 3.370303195689798
103.0, 3.4323477374480973
104.0, 3.4960568785911095
105.0, 3.56916291646118
106.0, 3.639099015671749
107.0, 3.7208077570063343
108.0, 3.8121285004010943
109.0, 3.9116944597557084
110.0, 4.017099167721839
111.0, 4.125531618254339
112.0, 4.228350709195711
113.0, 4.323381038068665
114.0, 4.398246192668657
115.0, 4.466019027873812
116.0, 4.532827563135689
117.0, 4.597229508854886
118.0, 4.659973827594842
119.0, 4.723483444366232
120.0, 4.7856928106137735
121.0, 4.827150239224543
122.0, 4.869101773964215
123.0, 4.90991854507892
124.0, 4.950229252029645
125.0, 4.989450486149103
126.0, 5.027723433845031
127.0, 5.063855169760043
128.0, 5.098957372863989
129.0, 5.131499208735013
130.0, 5.162449912465115
131.0, 5.190467746763015
132.0, 5.216818921574366
133.0, 5.239963247665631
134.0, 5.260549404042044
135.0, 5.278208056957244
136.0, 5.2934591023253486
137.0, 5.30511444646267
138.0, 5.313874215471857
139.0, 5.319431705708623
140.0, 5.322339714226932
141.0, 5.321508148982196
142.0, 5.317719174782194
143.0, 4.680502235641699
144.0, 4.669697670510476
145.0, 4.661996118877974
146.0, 4.65656468001906
147.0, 4.653791577619165
148.0, 4.653269997540522
149.0, 4.656055069983918
150.0, 4.660687520588892
151.0, 4.5791318770149925
152.0, 4.497046181435678
153.0, 4.415717941349229
154.0, 4.333599172847005
155.0, 4.252201820729623
156.0, 4.170701255626605
157.0, 4.089374084288191
158.0, 4.007551274250414
159.0, 3.926452770145401
160.0, 3.8452643941740354
161.0, 3.7642676510929065
162.0, 3.6828075832582754
163.0, 3.602094741475494
164.0, 3.5213053512408927
165.0, 3.440730416574366
166.0, 3.3597483027247
167.0, 3.369607331225884
168.0, 3.291499906802015
169.0, 3.2137334000637052
170.0, 3.1357907940663887
171.0, 3.0587801089352524
172.0, 2.981561465401571
173.0, 2.905346700933136
174.0, 2.9185876084240068
175.0, 2.8459986161619035
176.0, 2.7738405031390476
177.0, 2.790620947092609
178.0, 2.809074040886392
179.0, 2.830003714607612
180.0, 2.852549244296631
181.0, 2.8010806407280144
182.0, 2.777867055297984
183.0, 2.7568303716004823
184.0, 2.7375394808133313
185.0, 2.7204054682614855
186.0, 2.705124884297191
187.0, 2.692849412586877
188.0, 2.682494769165952
189.0, 2.6754441980618635
190.0, 2.670277790344267
191.0, 2.6685291029444143
192.0, 2.6692656219926145
193.0, 2.6728259569286523
194.0, 2.678685114226225
195.0, 2.5995550949727466
196.0, 2.5200246167903786
197.0, 2.441446069322715
198.0, 2.45077339267022
199.0, 2.3753843270542703
200.0, 2.2999428207785604
201.0, 2.2257341295001365
202.0, 2.151426993772512
203.0, 2.0784490212760223
204.0, 2.0082569171668636
205.0, 1.9373660235417203
206.0, 1.8721405963610167
207.0, 1.8136285910707244
208.0, 1.5659253788330438
209.0, 1.5294215541706915
210.0, 1.6134013967317276
211.0, 1.547012274471673
212.0, 1.478337211678917
213.0, 1.3939110299794029
214.0, 1.3527011210515325
215.0, 1.2960842353487958
216.0, 1.247978578784581
217.0, 1.2009692140109127
218.0, 1.157737792398035
219.0, 1.183219265607751
220.0, 1.1519556846681505
221.0, 1.1260611132223528
222.0, 1.1056583109556768
223.0, 1.078048082801309
224.0, 1.0512748471184574
225.0, 1.0257617972197572
226.0, 1.0013415711639142
227.0, 0.979041814061951
228.0, 0.9586185273416834
229.0, 0.9405982459009327
230.0, 0.9245988990169463
231.0, 0.911976493112726
232.0, 0.9021703959459737
233.0, 0.8956648083245816
234.0, 0.8918203213297935
235.0, 0.8920104379117924
236.0, 0.8953391777818699
237.0, 0.9020749536420305
238.0, 0.9016364104221581
239.0, 0.9018755249463253
240.0, 0.9019113808127084
241.0, 0.9020704550994494
242.0, 0.9016374051692997
243.0, 0.9089953704190523
244.0, 0.9224256976771998
245.0, 0.9368461855074378
246.0, 0.953409167442163
247.0, 0.9709201752323763
248.0, 0.990431938228562
249.0, 1.0106299885754284
250.0, 1.0326659977632986
251.0, 1.055130002657761
252.0, 1.0791803164613571
253.0, 1.1033673923798866
254.0, 1.128799307287344
255.0, 1.1540561848076354
256.0, 1.1801724437571053
257.0, 1.205825277048229
258.0, 1.2319675305693298
259.0, 1.2574145460511763
260.0, 1.2830574556636871
261.0, 1.3077927528688527
262.0, 1.3324908257651735
263.0, 1.3037670362920628
264.0, 1.2677699024175941
265.0, 1.229813773249648
266.0, 1.189590533851997
267.0, 1.1472899588876841
268.0, 1.102946473499226
269.0, 1.0567682917900112
270.0, 1.0088048890677952
271.0, 0.9593121287386213
272.0, 0.9083664575133934
273.0, 0.8562847907771028
274.0, 0.8032009080724839
275.0, 0.7495288631655105
276.0, 0.6939375653425808
277.0, 0.6369007409549982
278.0, 0.5749162262286562
279.0, 0.5167637600354215
280.0, 0.4662415101435147
281.0, 0.4206748794406596
282.0, 0.38249274209806294
ee_box_dist
0.0, 0.7597432385362168
1.0, 0.8114405437678955
2.0, 0.8455902898164803
3.0, 0.8789801212107472
4.0, 0.9148586923690861
5.0, 0.9567969177612654
6.0, 1.019300196442836
7.0, 1.1430634159378636
8.0, 1.3891445801695443
9.0, 1.455673504425545
10.0, 1.5233225705251636
11.0, 1.56520913974337
12.0, 1.6272137402923603
13.0, 1.7121955547979437
14.0, 1.7212746804432446
15.0, 1.7389152735646078
16.0, 1.760151962238949
17.0, 1.7754185750731284
18.0, 1.7905385917660703
19.0, 1.803599886595143
20.0, 1.8169081945587948
21.0, 1.8087072943377165
22.0, 1.7955221860913717
23.0, 1.7790573389897055
24.0, 1.7590684695259133
25.0, 1.7356954607374129
26.0, 1.7089042198982878
27.0, 1.6788716454221282
28.0, 1.6455848267912543
29.0, 1.609282326859812
30.0, 1.5699794634219522
31.0, 1.5279845071242004
32.0, 1.48338453708623
33.0, 1.4366233542214866
34.0, 1.3879101315912301
35.0, 1.3376650637399325
36.0, 1.286119275245796
37.0, 1.2334606207263537
38.0, 1.180060853981995
39.0, 1.1267044584319341
40.0, 1.073943760305029
41.0, 1.0842031124117708
42.0, 1.0931638580773144
43.0, 1.1029927180257633
44.0, 1.1127495266158733
45.0, 1.1223931860617549
46.0, 1.1314415922513559
47.0, 1.1408641282736367
48.0, 1.1499343587252733
49.0, 1.1588513925423813
50.0, 1.1675930240553427
51.0, 1.1761257755534427
52.0, 1.184485792710404
53.0, 1.192575054568431
54.0, 1.2004062056388218
55.0, 1.2078560415219988
56.0, 1.2149321338383803
57.0, 1.221577846831431
58.0, 1.2278130945379442
59.0, 1.2336638693725814
60.0, 1.2390848697779928
61.0, 1.2441719306227106
62.0, 1.2488208780795997
63.0, 1.253146238901201
64.0, 1.257049550059224
65.0, 1.2606363553552553
66.0, 1.263831054554984
67.0, 1.2667141342320525
68.0, 1.2692141033600266
69.0, 1.2713897418748599
70.0, 1.2731777244517124
71.0, 1.2746332542417542
72.0, 1.2756984262586015
73.0, 1.2764289082589544
74.0, 1.2767679352755392
75.0, 1.2767711126472725
76.0, 1.276381966386043
77.0, 1.2756571104811982
78.0, 1.2745399930956478
79.0, 1.2730869532912252
80.0, 1.2712423701283109
81.0, 1.2690621586930186
82.0, 1.266491781355041
83.0, 1.2635872572107651
84.0, 1.2602941777842611
85.0, 1.256671086434635
86.0, 1.281155015162681
87.0, 1.3224546333712002
88.0, 1.3524210543931698
89.0, 1.3765163236959304
90.0, 1.394115365872421
91.0, 1.393736505487305
92.0, 1.3934931487766442
93.0, 1.3937701486454768
94.0, 1.3935010452578414
95.0, 1.3938459011669322
96.0, 1.3934857552389845
97.0, 1.393719646093828
98.0, 1.3936956906643543
99.0, 1.39381495857144
100.0, 1.3934904119454798
101.0, 1.3937551592503412
102.0, 1.3935034852037422
103.0, 1.3938596977306243
104.0, 1.3934831506906935
105.0, 1.3876952924008585
106.0, 1.3938599984428293
107.0, 1.3931175145079615
108.0, 1.3930392639010114
109.0, 1.392990937680211
110.0, 1.3935993021201054
111.0, 1.3935924121522836
112.0, 1.393663864195741
113.0, 1.3936809513450519
114.0, 1.393668286051591
115.0, 1.393539705501191
116.0, 1.3936825968593636
117.0, 1.3936328867780403
118.0, 1.393688592944206
119.0, 1.3937286481266555
120.0, 1.3935002070853773
121.0, 1.3938312540251279
122.0, 1.3934894644560163
123.0, 1.3937462728175904
124.0, 1.3936973811392421
125.0, 1.393774568038894
126.0, 1.3934989553030779
127.0, 1.3938231557653276
128.0, 1.393491194752293
129.0, 1.3937594513391276
130.0, 1.393505835070661
131.0, 1.3938599226417252
132.0, 1.3934838952403465
133.0, 1.3937006975165582
134.0, 1.393695760554459
135.0, 1.3938463610552005
136.0, 1.3934848410982756
137.0, 1.3937049816343405
138.0, 1.3936958599941716
139.0, 1.393839677658959
140.0, 1.3934862133767933
141.0, 1.393716417482833
142.0, 1.3936961615018983
143.0, 1.9560364603100209
144.0, 1.942755366728314
145.0, 1.9278570813152105
146.0, 1.9117603442902127
147.0, 1.8945410849483295
148.0, 1.876281387209041
149.0, 1.8568506201134536
150.0, 1.8366874554493755
151.0, 1.8748327804193778
152.0, 1.9159405623689234
153.0, 1.9595606804662653
154.0, 2.0059461024351912
155.0, 2.0544868795111797
156.0, 2.105186458986581
157.0, 2.1579346240631407
158.0, 2.2127889417212074
159.0, 2.269126633179527
160.0, 2.3270919679941557
161.0, 2.386566031703224
162.0, 2.447707842291901
163.0, 2.5098126899659254
164.0, 2.573154677518886
165.0, 2.6376060153611394
166.0, 2.703391953731546
167.0, 2.687931764895519
168.0, 2.751339336510037
169.0, 2.81578945062994
170.0, 2.881474818811277
171.0, 2.947668475853765
172.0, 3.0150398234652998
173.0, 3.082757944629887
174.0, 3.0679548850493132
175.0, 3.1335397574639425
176.0, 3.2000069072365793
177.0, 3.1837597934067983
178.0, 3.1661898505732897
179.0, 3.146723097320196
180.0, 3.1258893656849946
181.0, 3.177818136169531
182.0, 3.19845859779762
183.0, 3.2173068153169266
184.0, 3.234666435704303
185.0, 3.2503586750875284
186.0, 3.2645743902347197
187.0, 3.276513995939541
188.0, 3.2869992963660564
189.0, 3.2950236993312725
190.0, 3.3016750660174137
191.0, 3.305796699025022
192.0, 3.30804429680531
193.0, 3.3082292129539628
194.0, 3.306664685959622
195.0, 3.3847731293324848
196.0, 3.463630022208291
197.0, 3.5421569249836384
198.0, 3.5388188474254134
199.0, 3.616636269263998
200.0, 3.6951664056385787
201.0, 3.773355259739167
202.0, 3.852397774339142
203.0, 3.9310955173825635
204.0, 4.009287794271264
205.0, 4.079805799550866
206.0, 4.164891012617505
207.0, 4.237374391673514
208.0, 4.443892529425892
209.0, 4.538879946730266
210.0, 4.484117583369811
211.0, 4.566795002274385
212.0, 4.644700202090933
213.0, 4.74955642774222
214.0, 4.8083875762867
215.0, 4.8929926805243795
216.0, 4.969899626153302
217.0, 5.0505242283213025
218.0, 5.131668208549449
219.0, 5.127489913485645
220.0, 5.207201986687931
221.0, 5.286958559046301
222.0, 5.3673203019997535
223.0, 5.370858744703523
224.0, 5.372283789935748
225.0, 5.371413196201853
226.0, 5.3688222442050835
227.0, 5.3634572744591855
228.0, 5.356029942375755
229.0, 5.346409577846353
230.0, 5.335168563591756
231.0, 5.321396582890868
232.0, 5.305792973383738
233.0, 5.288307563431427
234.0, 5.269450247334093
235.0, 5.2485553834958685
236.0, 5.226234633947899
237.0, 5.202540966323083
238.0, 5.202733758908306
239.0, 5.202643957438805
240.0, 5.202598798564979
241.0, 5.202543340933174
242.0, 5.2027336081288
243.0, 5.203081063029887
244.0, 5.204129813616158
245.0, 5.2046389854791935
246.0, 5.204197765955485
247.0, 5.203176512361366
248.0, 5.201070570789984
249.0, 5.198305531495753
250.0, 5.19436211817258
251.0, 5.1897638275342715
252.0, 5.1839691448463805
253.0, 5.1776265899889085
254.0, 5.170140415478802
255.0, 5.162280204137983
256.0, 5.153375019283529
257.0, 5.144279605167846
258.0, 5.134257103877943
259.0, 5.124202897296802
260.0, 5.113327783137112
261.0, 5.102578251323701
262.0, 5.091115356624014
263.0, 5.115529286961658
264.0, 5.1462734971613395
265.0, 5.1768906694508114
266.0, 5.20748312913278
267.0, 5.237805725424349
268.0, 5.267624961833967
269.0, 5.296722716832937
270.0, 5.324877308308527
271.0, 5.351886277484984
272.0, 5.377543040748275
273.0, 5.401670040042275
274.0, 5.424077045782108
275.0, 5.444597242968114
276.0, 5.467791856120508
277.0, 5.492944749612727
278.0, 5.522118501062421
279.0, 5.541098964110276
280.0, 5.552640821377616
281.0, 5.5544408580945435
282.0, 5.553162098081908
spot_hold
0, 0
1, 0
2, 0
3, 0
4, 0
5, 0
6, 0
7, 0
8, 0
9, 0
10, 0
11, 0
12, 0
13, 0
14, 0
15, 0
16, 0
17, 0
18, 0
19, 0
20, 0
21, 0
22, 0
23, 0
24, 0
25, 0
26, 0
27, 0
28, 0
29, 0
30, 0
31, 0
32, 0
33, 0
34, 0
35, 0
36, 0
37, 0
38, 0
39, 0
40, 0
41, 1
42, 1
43, 1
44, 1
45, 1
46, 1
47, 1
48, 1
49, 1
50, 1
51, 1
52, 1
53, 1
54, 1
55, 1
56, 1
57, 1
58, 1
59, 1
60, 1
61, 1
62, 1
63, 1
64, 1
65, 1
66, 1
67, 1
68, 1
69, 1
70, 1
71, 1
72, 1
73, 1
74, 1
75, 1
76, 1
77, 1
78, 1
79, 1
80, 1
81, 1
82, 1
83, 1
84, 1
85, 1
86, 1
87, 1
88, 1
89, 1
90, 1
91, 1
92, 1
93, 1
94, 1
95, 1
96, 1
97, 1
98, 1
99, 1
100, 1
101, 1
102, 1
103, 1
104, 1
105, 1
106, 1
107, 1
108, 1
109, 1
110, 1
111, 1
112, 1
113, 1
114, 1
115, 1
116, 1
117, 1
118, 1
119, 1
120, 1
121, 1
122, 1
123, 1
124, 1
125, 1
126, 1
127, 1
128, 1
129, 1
130, 1
131, 1
132, 1
133, 1
134, 1
135, 1
136, 1
137, 1
138, 1
139, 1
140, 1
141, 1
142, 1
143, 1
144, 1
145, 1
146, 1
147, 1
148, 1
149, 1
150, 1
151, 1
152, 1
153, 1
154, 1
155, 1
156, 1
157, 1
158, 1
159, 1
160, 1
161, 1
162, 1
163, 1
164, 1
165, 1
166, 1
167, 1
168, 1
169, 1
170, 1
171, 1
172, 1
173, 1
174, 1
175, 1
176, 1
177, 1
178, 1
179, 1
180, 1
181, 1
182, 1
183, 1
184, 1
185, 1
186, 1
187, 1
188, 1
189, 1
190, 1
191, 1
192, 1
193, 1
194, 1
195, 1
196, 1
197, 1
198, 1
199, 1
200, 1
201, 1
202, 1
203, 1
204, 1
205, 1
206, 1
207, 1
208, 1
209, 1
210, 1
211, 1
212, 1
213, 1
214, 1
215, 1
216, 1
217, 1
218, 1
219, 1
220, 1
221, 1
222, 1
223, 1
224, 1
225, 1
226, 1
227, 1
228, 1
229, 1
230, 1
231, 1
232, 1
233, 1
234, 1
235, 1
236, 1
237, 1
238, 1
239, 1
240, 1
241, 1
242, 1
243, 1
244, 1
245, 1
246, 1
247, 1
248, 1
249, 1
250, 1
251, 1
252, 1
253, 1
254, 1
255, 1
256, 1
257, 1
258, 1
259, 1
260, 1
261, 1
262, 1
263, 1
264, 1
265, 1
266, 1
267, 1
268, 1
269, 1
270, 1
271, 1
272, 1
273, 1
274, 1
275, 1
276, 1
277, 1
278, 1
279, 1
280, 1
281, 1
282, 1
