bot_dist
0.0, 3.1639040247859778
1.0, 3.16857273131342
2.0, 3.173266083760459
3.0, 3.177983860161067
4.0, 3.18272606300991
5.0, 3.187492583285397
6.0, 3.1922833120596925
7.0, 3.197098140506281
8.0, 3.2019369599074192
9.0, 3.2067996616614733
10.0, 3.211686137290138
11.0, 3.216596278445538
12.0, 3.2215299769172185
13.0, 3.226487124639018
14.0, 3.2314676136958247
15.0, 3.236471336330224
16.0, 3.241498184949027
17.0, 3.2465480521296857
18.0, 3.251620830626598
19.0, 3.2567164133772977
20.0, 3.2618346935085323
21.0, 3.266975564342232
22.0, 3.272138919401363
23.0, 3.2773246524156754
24.0, 3.282532657327336
25.0, 3.2877628282964575
26.0, 3.2930150597065175
27.0, 3.298289246169663
28.0, 3.303585282531919
29.0, 3.3089030638782826
30.0, 3.3142424855377137
31.0, 3.319603443088022
32.0, 3.324985832360648
33.0, 3.33038954944534
34.0, 3.3358144906947356
35.0, 3.3412605527288273
36.0, 3.3467276324393422
37.0, 3.3522156269940147
38.0, 3.3577244338407577
39.0, 3.36325395071174
40.0, 3.368804075627365
41.0, 3.374374706900154
42.0, 3.379965743138528
43.0, 3.3855770832505048
44.0, 3.391208626447293
45.0, 3.3968602722468013
46.0, 3.4025319204770463
47.0, 3.4082234712794803
48.0, 3.4139348251122215
49.0, 3.4196658827531987
50.0, 3.425416545303204
51.0, 3.4311867141888674
52.0, 3.436976291165533
53.0, 3.4427851783200616
54.0, 3.4486132780735432
55.0, 3.454460493183925
56.0, 3.4603267267485647
57.0, 3.4662118822066947
58.0, 3.4721158633418097
59.0, 3.4780385742839806
60.0, 3.4839799195120764
61.0, 3.489939803855925
62.0, 3.4959181324983897
63.0, 3.5019148109773672
64.0, 3.507929745187723
65.0, 3.5139628413831416
66.0, 3.5200140061779153
67.0, 3.5260831465486517
68.0, 3.5321701698359202
69.0, 3.538274983745825
70.0, 3.5443974963515106
71.0, 3.5505376160945996
72.0, 3.556695251786568
73.0, 3.5628703126100514
74.0, 3.5690627081200885
75.0, 3.5752723482453033
76.0, 3.5814991432890233
77.0, 3.587743003930334
78.0, 3.5940038412250805
79.0, 3.6002815666068044
80.0, 3.6065760918876206
81.0, 3.612887329259045
82.0, 3.6192151912927555
83.0, 3.625559590941305
84.0, 3.6319204415387802
85.0, 3.638297656801398
86.0, 3.6446911508280593
87.0, 3.651100838100848
88.0, 3.657526633485476
89.0, 3.6639684522316793
90.0, 3.670426209973572
91.0, 3.6768998227299354
92.0, 3.683389206904483
93.0, 3.689894279286057
94.0, 3.6964149570487943
95.0, 3.7029511577522376
96.0, 3.709502799341411
97.0, 3.7160698001468457
98.0, 3.722652078884569
99.0, 3.729249554656047
100.0, 3.7358621469480875
101.0, 3.7358621469480875
102.0, 3.7358621469480875
103.0, 3.7358621469480875
104.0, 3.7358621469480875
105.0, 3.7358621469480875
106.0, 3.7358621469480875
107.0, 3.7358621469480875
108.0, 3.7358621469480875
109.0, 3.7358621469480875
110.0, 3.7358621469480875
111.0, 3.7358621469480875
112.0, 3.7358621469480875
113.0, 3.7358621469480875
114.0, 3.7358621469480875
115.0, 3.7358621469480875
116.0, 3.7358621469480875
117.0, 3.7358621469480875
118.0, 3.7358621469480875
119.0, 3.7358621469480875
120.0, 3.7358621469480875
121.0, 3.7358621469480875
122.0, 3.7358621469480875
123.0, 3.7358621469480875
124.0, 3.7358621469480875
125.0, 3.7358621469480875
126.0, 3.7358621469480875
127.0, 3.7358621469480875
128.0, 3.7358621469480875
129.0, 3.7358621469480875
130.0, 3.7358621469480875
131.0, 3.729249554656047
132.0, 3.722652078884569
133.0, 3.7160698001468457
134.0, 3.709502799341411
135.0, 3.7029511577522376
136.0, 3.6964149570487943
137.0, 3.689894279286057
138.0, 3.683389206904483
139.0, 3.6768998227299354
140.0, 3.670426209973572
141.0, 3.6639684522316793
142.0, 3.657526633485476
143.0, 3.6555439860853127
144.0, 3.649142103172764
145.0, 3.642756421133634
146.0, 3.6363870253166164
147.0, 3.630034001450988
148.0, 3.6236974356460885
149.0, 3.617377414390754
150.0, 3.611074024552691
151.0, 3.5215671030181985
152.0, 3.432079006876774
153.0, 3.3426112016764087
154.0, 3.2531654116304667
155.0, 3.1637435039858905
156.0, 3.074347562707394
157.0, 2.984979920764082
158.0, 2.895643198346867
159.0, 2.8063403483234324
160.0, 2.7170747105759845
161.0, 2.6278500773071003
162.0, 2.5386707719754003
163.0, 2.4495417452840633
164.0, 2.3604686926592127
165.0, 2.2714581990182365
166.0, 2.182517918478087
167.0, 2.1766320762016913
168.0, 2.088410873093986
169.0, 2.0003891056027467
170.0, 1.9125940908145207
171.0, 1.8250585530526362
172.0, 1.737821702986251
173.0, 1.6509308901698398
174.0, 1.6456420477357785
175.0, 1.5610091287528856
176.0, 1.4771321045849752
177.0, 1.472261267502233
178.0, 1.4674424093631262
179.0, 1.4626760439093
180.0, 1.4579626859674415
181.0, 1.3901080491865936
182.0, 1.385845336606935
183.0, 1.3816418512753408
184.0, 1.3774981353941802
185.0, 1.373414729952998
186.0, 1.3693921744729738
187.0, 1.3654310067456004
188.0, 1.2820807188422714
189.0, 1.2784089841752737
190.0, 1.1943995710280946
191.0, 1.1112058689265498
192.0, 1.029025632649862
193.0, 0.9481224308141952
194.0, 0.8688530696409587
195.0, 0.7917084634415267
196.0, 0.7173744121407586
197.0, 0.6468206281130676
198.0, 0.5814249086165783
199.0, 0.5231252674225726
200.0, 0.4745442952149026
201.0, 0.438921009379829
202.0, 0.419568991320779
203.0, 0.4187502192593965
204.0, 0.43656898129686006
205.0, 0.4709143514274037
206.0, 0.5185125832406917
207.0, 0.5760880082300853
208.0, 0.6409575720147218
209.0, 0.7111279397326732
210.0, 0.7851792189448179
211.0, 0.8621118365612808
212.0, 0.9412196810964915
213.0, 0.9499645977944111
214.0, 1.0272041190548848
215.0, 1.1061433698843512
216.0, 1.114581450411689
217.0, 1.1230451745513494
218.0, 1.1315339668710118
219.0, 1.1400472673977842
220.0, 1.1485845311678167
221.0, 1.1571452277883538
222.0, 1.165728841012034
223.0, 1.174334868323209
224.0, 1.1829628205360678
225.0, 1.19161222140432
226.0, 1.2002826072422108
227.0, 1.2089735265566035
228.0, 1.2176845396898952
229.0, 1.2264154268604044
230.0, 1.235165563573549
231.0, 1.235165563573549
232.0, 1.235165563573549
233.0, 1.235165563573549
234.0, 1.235165563573549
235.0, 1.235165563573549
236.0, 1.235165563573549
237.0, 1.235165563573549
238.0, 1.235165563573549
239.0, 1.235165563573549
240.0, 1.235165563573549
241.0, 1.235165563573549
242.0, 1.235165563573549
243.0, 1.235165563573549
244.0, 1.235165563573549
245.0, 1.235165563573549
246.0, 1.235165563573549
247.0, 1.235165563573549
248.0, 1.235165563573549
249.0, 1.235165563573549
250.0, 1.235165563573549
251.0, 1.235165563573549
252.0, 1.235165563573549
253.0, 1.235165563573549
254.0, 1.235165563573549
255.0, 1.235165563573549
256.0, 1.235165563573549
257.0, 1.235165563573549
258.0, 1.235165563573549
259.0, 1.235165563573549
260.0, 1.235165563573549
261.0, 1.2264154268604044
262.0, 1.2176845396898952
263.0, 1.2089735265566035
264.0, 1.2002826072422108
265.0, 1.19161222140432
266.0, 1.1829628205360678
267.0, 1.174334868323209
268.0, 1.165728841012034
269.0, 1.1571452277883538
270.0, 1.1485845311678167
271.0, 1.1400472673977842
272.0, 1.1315339668710118
273.0, 1.1230451745513494
274.0, 1.114581450411689
275.0, 1.1061433698843512
276.0, 1.097731524324105
277.0, 1.0893465214839895
278.0, 1.0809889860040867
279.0, 1.0726595599133721
280.0, 1.0643589031447453
281.0, 1.0560876940633066
282.0, 1.0478466300079174
ee_dist
0.0, 1.0824913606023785
1.0, 1.1161639649013335
2.0, 1.209206160551563
3.0, 1.2937533262762895
4.0, 1.3228658300326288
5.0, 1.3484295674800384
6.0, 1.3820916161106827
7.0, 1.4179683139856738
8.0, 1.4559275871790736
9.0, 1.491313964965549
10.0, 1.5265273530064132
11.0, 1.5597640943541904
12.0, 1.5934916161344481
13.0, 1.6224413735564316
14.0, 1.654541357682153
15.0, 1.6782262409937732
16.0, 1.7029579814616878
17.0, 1.724596254006204
18.0, 1.7459896411667564
19.0, 1.7643522702338785
20.0, 1.7830066342815827
21.0, 1.7565256273266578
22.0, 1.7193222089605167
23.0, 1.679036716116436
24.0, 1.635192623581379
25.0, 1.5880142854807318
26.0, 1.537567805808077
27.0, 1.4840433467292717
28.0, 1.4277016141460233
29.0, 1.3688298108361416
30.0, 1.3076008489864837
31.0, 1.2444202009082488
32.0, 1.1797402939657369
33.0, 1.114411317454365
34.0, 1.0480856612123686
35.0, 0.9825515150490861
36.0, 0.9182419067340424
37.0, 0.8562048676844727
38.0, 0.7978742779307351
39.0, 0.7451460715775655
40.0, 0.7000690629965206
41.0, 0.7143835053460441
42.0, 0.7565406296500671
43.0, 1.0018206915793517
44.0, 0.958976738543196
45.0, 0.9144495496540054
46.0, 0.8679358937298496
47.0, 0.8193127498156559
48.0, 0.7687698447404446
49.0, 0.7163301364931853
50.0, 0.6625564430004603
51.0, 0.6080824095705115
52.0, 0.5532478674615935
53.0, 0.49823135429872606
54.0, 0.44345088028714535
55.0, 0.3894574402925991
56.0, 0.33803070741038765
57.0, 0.29059384549225215
58.0, 0.32429068413644274
59.0, 0.38780772928808266
60.0, 0.46328591140627057
61.0, 0.5497867281592687
62.0, 0.641418593425696
63.0, 0.7325642833555688
64.0, 0.8184456900850551
65.0, 0.8857313217343041
66.0, 0.9439558157479705
67.0, 1.0028982739737096
68.0, 1.0566877471774376
69.0, 1.109580646249588
70.0, 1.1622856678447175
71.0, 1.2132126104696173
72.0, 1.2678811075561285
73.0, 1.3283464197400883
74.0, 1.3933763786048559
75.0, 1.469551250486925
76.0, 1.5550006221219845
77.0, 1.6498993955611718
78.0, 1.7492587714237147
79.0, 1.8480138280897587
80.0, 1.9417060398226318
81.0, 2.020554285174743
82.0, 2.084743924322814
83.0, 2.1480299656631217
84.0, 2.208548457247069
85.0, 2.26814403827526
86.0, 2.3169473451581735
87.0, 2.3487908497880996
88.0, 2.373699637199179
89.0, 2.41874283848069
90.0, 2.4841247050897657
91.0, 2.5659928044542246
92.0, 2.6613627227055767
93.0, 2.7601499634818216
94.0, 2.8696728424194937
95.0, 2.9744114011910936
96.0, 3.078415717529215
97.0, 3.166148497026682
98.0, 3.240841037392857
99.0, 3.306335437309096
100.0, 3.37464161565266
101.0, 3.4361729543871813
102.0, 3.501598993344401
103.0, 3.561628774481665
104.0, 3.6276135107381178
105.0, 3.6946975398092956
106.0, 3.7713731746143617
107.0, 3.8499621859064006
108.0, 3.9498364455187
109.0, 4.0409492734433545
110.0, 4.150058888749814
111.0, 4.256073361075365
112.0, 4.361654968433291
113.0, 4.454087902203824
114.0, 4.531453671261627
115.0, 4.5989744480830925
116.0, 4.6655470867769875
117.0, 4.727386939250015
118.0, 4.792722103534241
119.0, 4.832499948484699
120.0, 4.876827566107704
121.0, 4.91549980000767
122.0, 4.958138171755652
123.0, 4.994616671445782
124.0, 5.034589895887543
125.0, 5.06793726124638
126.0, 5.104327891598275
127.0, 5.133703103254828
128.0, 5.165725613622387
129.0, 5.190412278746039
130.0, 5.217405845860396
131.0, 5.236808730994758
132.0, 5.258237806359205
133.0, 5.271892886843221
134.0, 5.287354994160334
135.0, 5.294924969853145
136.0, 5.304147226638808
137.0, 5.305426017605374
138.0, 5.308265648092776
139.0, 5.303179865761285
140.0, 5.299627235332367
141.0, 5.28823371105394
142.0, 5.278410390102824
143.0, 4.611513921434606
144.0, 4.597073806554093
145.0, 4.590199441054916
146.0, 4.580882880719384
147.0, 4.579570391259437
148.0, 4.575692416762138
149.0, 4.579994796658846
150.0, 4.581682907806418
151.0, 4.502130148456313
152.0, 4.417260070678296
153.0, 4.337791016907224
154.0, 4.253011563886452
155.0, 4.173636490312614
156.0, 4.0889587681072515
157.0, 4.009689241620005
158.0, 3.9251262229636246
159.0, 3.8459757786085516
160.0, 3.761542707360697
161.0, 3.682527281516097
162.0, 3.598242185649325
163.0, 3.519380667498651
164.0, 3.4352650156953897
165.0, 3.35657995593765
166.0, 3.272659506230536
167.0, 3.2843660611004104
168.0, 3.2027049136731223
169.0, 3.1264700010087476
170.0, 3.0452818929679597
171.0, 2.9695331944556864
172.0, 2.888896068913532
173.0, 2.813715650970036
174.0, 2.8245251197969488
175.0, 2.7527915673440067
176.0, 2.676673877396898
177.0, 2.6956637850996517
178.0, 2.71236341297938
179.0, 2.735591878344783
180.0, 2.7567489330165977
181.0, 2.704961179699519
182.0, 2.679491274294951
183.0, 2.6599115066114436
184.0, 2.638171568953668
185.0, 2.6233161026761462
186.0, 2.6061098987945255
187.0, 2.596565024821463
188.0, 2.5152899137229427
189.0, 2.5082502067474466
190.0, 2.424895454103033
191.0, 2.3470618272818204
192.0, 2.2641034573305063
193.0, 2.1866951539023223
194.0, 2.1042259616597385
195.0, 2.027344993539536
196.0, 1.945488340150937
197.0, 1.8691666575805563
198.0, 1.7848664882837377
199.0, 1.7125971710203802
200.0, 1.6259036969823388
201.0, 1.5648088715501942
202.0, 1.478906497202413
203.0, 1.4070509045523212
204.0, 1.3300736036509062
205.0, 1.2593336886162134
206.0, 1.1670117079049345
207.0, 1.1171849723632137
208.0, 1.0460275518460853
209.0, 0.9824214240525644
210.0, 0.9168344195534583
211.0, 0.8591066253695939
212.0, 0.8013667168483387
213.0, 0.7808371604881214
214.0, 0.7213027341192811
215.0, 0.6713200565009264
216.0, 0.6456521102357793
217.0, 0.6265686966769256
218.0, 0.605638965533153
219.0, 0.5928861829472047
220.0, 0.5783581705888258
221.0, 0.5732237090964302
222.0, 0.5664445480763495
223.0, 0.569594291660708
224.0, 0.571192464909903
225.0, 0.5823975470418898
226.0, 0.5920747603678972
227.0, 0.6102640648796789
228.0, 0.6269474802969429
229.0, 0.6290502780337291
230.0, 0.6269474802969429
231.0, 0.6290502780337291
232.0, 0.6269474802969429
233.0, 0.6290502780337291
234.0, 0.6269474802969429
235.0, 0.6290502780337291
236.0, 0.6269474802969429
237.0, 0.6290502780337291
238.0, 0.6269474802969429
239.0, 0.6290502780337291
240.0, 0.6269474802969429
241.0, 0.6290502780337291
242.0, 0.6269474802969429
243.0, 0.6370383751252484
244.0, 0.6507771271741607
245.0, 0.6657472428204705
246.0, 0.682458414685729
247.0, 0.7001019815921128
248.0, 0.7193341406169155
249.0, 0.7391535798130808
250.0, 0.76040912603726
251.0, 0.7819573516763453
252.0, 0.8047250914483208
253.0, 0.8275022942103915
254.0, 0.8512080641605326
255.0, 0.8746428121781371
256.0, 0.8986764671348251
257.0, 0.9221871156288308
258.0, 0.9459817773049293
259.0, 0.9690460608925004
260.0, 0.9921298455331224
261.0, 1.0143274602347174
262.0, 1.036366771867425
263.0, 1.014144520392218
264.0, 0.9868348038371094
265.0, 0.9583462142002734
266.0, 0.9284690475573942
267.0, 0.8974131357695192
268.0, 0.8652390699101238
269.0, 0.8321894282456627
270.0, 0.7983522509613633
271.0, 0.7640310159500691
272.0, 0.7293595117531381
273.0, 0.6947209756579547
274.0, 0.6603257458945501
275.0, 0.6266461005624858
276.0, 0.5939562990826713
277.0, 0.5628173037144226
278.0, 0.5335738974299208
279.0, 0.5075025832617456
280.0, 0.4819888407817166
281.0, 0.46121531371793173
282.0, 0.44662313271941456
ee_box_dist
0.0, 0.803761940464027
1.0, 0.8499281516297332
2.0, 0.8834225800779384
3.0, 0.9125817297414778
4.0, 0.9468647345376183
5.0, 0.9820706074938352
6.0, 1.0174291179908643
7.0, 1.053716283868106
8.0, 1.0882595325168702
9.0, 1.1208709928822458
10.0, 1.1521415211218131
11.0, 1.1812136011490282
12.0, 1.2116749926694577
13.0, 1.2370157068907557
14.0, 1.2656693267549104
15.0, 1.286683881109823
16.0, 1.3086474018512173
17.0, 1.3276897224480735
18.0, 1.3469558126328243
19.0, 1.363136807461764
20.0, 1.3799091210946381
21.0, 1.3571845759387504
22.0, 1.325595371201139
23.0, 1.2908308180993027
24.0, 1.2528463868136992
25.0, 1.212312211075142
26.0, 1.168068644443694
27.0, 1.1211984589287523
28.0, 1.071532246359873
29.0, 1.0192566805930405
30.0, 0.9642872060999852
31.0, 0.9073164560071479
32.0, 0.8481301576086826
33.0, 0.7878947426635063
34.0, 0.7254692503166298
35.0, 0.663210865598477
36.0, 0.6172126785058344
37.0, 0.55447269365256
38.0, 0.49589788247722605
39.0, 0.4391735624459147
40.0, 0.3903166620315223
41.0, 0.4007897462879821
42.0, 0.41203642668254026
43.0, 0.4229992756389597
44.0, 0.4349902854445308
45.0, 0.44567128818290735
46.0, 0.4580762279900827
47.0, 0.46924906817884293
48.0, 0.4813405144538861
49.0, 0.4930106616756455
50.0, 0.5046880884913105
51.0, 0.5164734018600408
52.0, 0.5281697949539392
53.0, 0.5398042583460123
54.0, 0.5513417153591346
55.0, 0.5626382470522934
56.0, 0.5736766422411073
57.0, 0.5843820870354013
58.0, 0.5948006446233778
59.0, 0.6049540854274086
60.0, 0.6148003713608675
61.0, 0.6243628261199445
62.0, 0.6335431022317265
63.0, 0.6424531517248361
64.0, 0.6510419673996266
65.0, 0.6593948989544329
66.0, 0.6674343556113614
67.0, 0.6751688803593088
68.0, 0.682556008989691
69.0, 0.6896536430829605
70.0, 0.696437982259622
71.0, 0.7029305645130152
72.0, 0.7090584417905607
73.0, 0.7148192261252707
74.0, 0.7202014071304845
75.0, 0.7252544060306522
76.0, 0.7299540990125114
77.0, 0.7343033280036703
78.0, 0.7382330697407756
79.0, 0.7417493455184075
80.0, 0.7448577377269457
81.0, 0.7475930673246288
82.0, 0.749918742685575
83.0, 0.7518192026639925
84.0, 0.753239206445908
85.0, 0.7542036208050412
86.0, 0.7744917443041234
87.0, 0.814132619424211
88.0, 0.859123043198495
89.0, 0.8833998130959336
90.0, 0.8963020773991082
91.0, 0.8969653566545545
92.0, 0.8944054440135017
93.0, 0.8972528379561061
94.0, 0.8944167503907929
95.0, 0.8972537117562136
96.0, 0.8943996511540333
97.0, 0.8972299657493327
98.0, 0.8943744030535016
99.0, 0.8972111874210005
100.0, 0.8943752952892638
101.0, 0.8972397536954411
102.0, 0.8944217481876482
103.0, 0.8972484507357424
104.0, 0.8943849151096227
105.0, 0.8972181261928023
106.0, 0.8943926399591384
107.0, 0.8972604496120007
108.0, 0.8874606989245354
109.0, 0.897451418510464
110.0, 0.8944247143072284
111.0, 0.897269203921381
112.0, 0.8944291232566303
113.0, 0.8972609438782767
114.0, 0.8944307758535367
115.0, 0.8940982667463767
116.0, 0.894597042784944
117.0, 0.8972596098105414
118.0, 0.8944336090702715
119.0, 0.8972659026403701
120.0, 0.8944321577779686
121.0, 0.8972672355104796
122.0, 0.8944244528489665
123.0, 0.8972723162900552
124.0, 0.8944353217057942
125.0, 0.8972669144039439
126.0, 0.8944333408990233
127.0, 0.8972774027311184
128.0, 0.8944287255006947
129.0, 0.8972772342680735
130.0, 0.8944375599215604
131.0, 0.8972707883667685
132.0, 0.8944383470999764
133.0, 0.8972776442102157
134.0, 0.8944313715820931
135.0, 0.8972807463107081
136.0, 0.8944364703098577
137.0, 0.8972741895675048
138.0, 0.8944429584425072
139.0, 0.8972776444122895
140.0, 0.8944349072025426
141.0, 0.8972841552161982
142.0, 0.8944367373257736
143.0, 1.6329285655371992
144.0, 1.6272873831514565
145.0, 1.6156324633796542
146.0, 1.6063021745339534
147.0, 1.5912642968567876
148.0, 1.5783687884994266
149.0, 1.5601741147459351
150.0, 1.5439032705669962
151.0, 1.6055672858879928
152.0, 1.672423553098025
153.0, 1.737268539842277
154.0, 1.8071847824245493
155.0, 1.8745425772324238
156.0, 1.946891968477357
157.0, 2.0162537245353045
158.0, 2.090551644351633
159.0, 2.1615173251986146
160.0, 2.237408696118156
161.0, 2.309691785159184
162.0, 2.3868706125169945
163.0, 2.4602169610339435
164.0, 2.5384619391499443
165.0, 2.612700097699078
166.0, 2.6918504523010656
167.0, 2.6774276763387994
168.0, 2.754728396592165
169.0, 2.8280534550400533
170.0, 2.9062735793179044
171.0, 2.9803763044012177
172.0, 3.0593796622550182
173.0, 3.1341483789006648
174.0, 3.123969216925091
175.0, 3.1968337456089486
176.0, 3.2746088567294187
177.0, 3.258444729452491
178.0, 3.2446264688821134
179.0, 3.2247025531656077
180.0, 3.2069058661196306
181.0, 3.2681046660647146
182.0, 3.289381906907214
183.0, 3.3047870772360506
184.0, 3.32246345761237
185.0, 3.333698086687809
186.0, 3.3473900535165977
187.0, 3.3542532315177307
188.0, 3.4368258322934793
189.0, 3.441290508027562
190.0, 3.525217657088136
191.0, 3.604327526533204
192.0, 3.688411622605305
193.0, 3.7676723506600056
194.0, 3.8519476609723484
195.0, 3.931341546958188
196.0, 4.0157337362531385
197.0, 4.095245480127152
198.0, 4.186332738769481
199.0, 4.262694527382283
200.0, 4.353522445729111
201.0, 4.425463528678834
202.0, 4.508284084753138
203.0, 4.588062067973264
204.0, 4.6728339329319875
205.0, 4.752668323526865
206.0, 4.8561047600952705
207.0, 4.917315861613911
208.0, 5.002696944305753
209.0, 5.0823729044720025
210.0, 5.167379484069696
211.0, 5.247339193193863
212.0, 5.33240191713449
213.0, 5.33272498207112
214.0, 5.418251575846823
215.0, 5.49867566869699
216.0, 5.501632574424803
217.0, 5.497149954018667
218.0, 5.495289283567609
219.0, 5.486138230114481
220.0, 5.479477231646888
221.0, 5.465873071860586
222.0, 5.45455792992194
223.0, 5.436811601397737
224.0, 5.421109334226818
225.0, 5.399642803338554
226.0, 5.37989983114458
227.0, 5.355222663864685
228.0, 5.331905964896953
229.0, 5.330631911154227
230.0, 5.3319059433703595
231.0, 5.3306308472463515
232.0, 5.331900757603964
233.0, 5.330629664302003
234.0, 5.331894924550058
235.0, 5.330631612221025
236.0, 5.331904278558212
237.0, 5.330629454349252
238.0, 5.33189758921038
239.0, 5.330623721218193
240.0, 5.331900235524864
241.0, 5.3306259235584506
242.0, 5.3318981682388005
243.0, 5.327819767937034
244.0, 5.326446015267423
245.0, 5.324371314705583
246.0, 5.321440058842135
247.0, 5.317881808943527
248.0, 5.3132668818004065
249.0, 5.307938206264076
250.0, 5.301412544454308
251.0, 5.29417783708665
252.0, 5.285718546660516
253.0, 5.2766654639909785
254.0, 5.2664648080602525
255.0, 5.255867587716785
256.0, 5.244264936028943
257.0, 5.232511667291491
258.0, 5.219925295783285
259.0, 5.207419147880613
260.0, 5.194268868821841
261.0, 5.181406433932
262.0, 5.1680819930463056
263.0, 5.190353185452293
264.0, 5.218817209003708
265.0, 5.247593371102835
266.0, 5.276811522184723
267.0, 5.306213625597002
268.0, 5.33553276607383
269.0, 5.364622225093195
270.0, 5.39324198312553
271.0, 5.421112541566298
272.0, 5.4480671776398895
273.0, 5.473947864297193
274.0, 5.498500022622483
275.0, 5.521595319186843
276.0, 5.543148657843958
277.0, 5.562992746324222
278.0, 5.581152262987917
279.0, 5.597003081268172
280.0, 5.613562830122549
281.0, 5.627052027116205
282.0, 5.63686389655298
spot_hold
0, 0
1, 0
2, 0
3, 0
4, 0
5, 0
6, 0
7, 0
8, 0
9, 0
10, 0
11, 0
12, 0
13, 0
14, 0
15, 0
16, 0
17, 0
18, 0
19, 0
20, 0
21, 0
22, 0
23, 0
24, 0
25, 0
26, 0
27, 0
28, 0
29, 0
30, 0
31, 0
32, 0
33, 0
34, 0
35, 0
36, 0
37, 0
38, 0
39, 0
40, 0
41, 1
42, 1
43, 1
44, 1
45, 1
46, 1
47, 1
48, 1
49, 1
50, 1
51, 1
52, 1
53, 1
54, 1
55, 1
56, 1
57, 1
58, 1
59, 1
60, 1
61, 1
62, 1
63, 1
64, 1
65, 1
66, 1
67, 1
68, 1
69, 1
70, 1
71, 1
72, 1
73, 1
74, 1
75, 1
76, 1
77, 1
78, 1
79, 1
80, 1
81, 1
82, 1
83, 1
84, 1
85, 1
86, 1
87, 1
88, 1
89, 1
90, 1
91, 1
92, 1
93, 1
94, 1
95, 1
96, 1
97, 1
98, 1
99, 1
100, 1
101, 1
102, 1
103, 1
104, 1
105, 1
106, 1
107, 1
108, 1
109, 1
110, 1
111, 1
112, 1
113, 1
114, 1
115, 1
116, 1
117, 1
118, 1
119, 1
120, 1
121, 1
122, 1
123, 1
124, 1
125, 1
126, 1
127, 1
128, 1
129, 1
130, 1
131, 1
132, 1
133, 1
134, 1
135, 1
136, 1
137, 1
138, 1
139, 1
140, 1
141, 1
142, 1
143, 1
144, 1
145, 1
146, 1
147, 1
148, 1
149, 1
150, 1
151, 1
152, 1
153, 1
154, 1
155, 1
156, 1
157, 1
158, 1
159, 1
160, 1
161, 1
162, 1
163, 1
164, 1
165, 1
166, 1
167, 1
168, 1
169, 1
170, 1
171, 1
172, 1
173, 1
174, 1
175, 1
176, 1
177, 1
178, 1
179, 1
180, 1
181, 1
182, 1
183, 1
184, 1
185, 1
186, 1
187, 1
188, 1
189, 1
190, 1
191, 1
192, 1
193, 1
194, 1
195, 1
196, 1
197, 1
198, 1
199, 1
200, 1
201, 1
202, 1
203, 1
204, 1
205, 1
206, 1
207, 1
208, 1
209, 1
210, 1
211, 1
212, 1
213, 1
214, 1
215, 1
216, 1
217, 1
218, 1
219, 1
220, 1
221, 1
222, 1
223, 1
224, 1
225, 1
226, 1
227, 1
228, 1
229, 1
230, 1
231, 1
232, 1
233, 1
234, 1
235, 1
236, 1
237, 1
238, 1
239, 1
240, 1
241, 1
242, 1
243, 1
244, 1
245, 1
246, 1
247, 1
248, 1
249, 1
250, 1
251, 1
252, 1
253, 1
254, 1
255, 1
256, 1
257, 1
258, 1
259, 1
260, 1
261, 1
262, 1
263, 1
264, 1
265, 1
266, 1
267, 1
268, 1
269, 1
270, 1
271, 1
272, 1
273, 1
274, 1
275, 1
276, 1
277, 1
278, 1
279, 1
280, 1
281, 1
282, 1
