bot_dist
0.0, 3.4828558973172665
1.0, 3.488812286028509
2.0, 3.494787136926628
3.0, 3.5007803554822874
4.0, 3.5067918475227606
5.0, 3.512821519233795
6.0, 3.518869277161414
7.0, 3.524935028213639
8.0, 3.5310186796621466
9.0, 3.5371201391438585
10.0, 3.5432393146624537
11.0, 3.549376114589826
12.0, 3.5555304476674676
13.0, 3.561702223007785
14.0, 3.567891350095362
15.0, 3.5740977387881463
16.0, 3.580321299318584
17.0, 3.5865619422946833
18.0, 3.5928195787010293
19.0, 3.599094119899729
20.0, 3.605385477631302
21.0, 3.6116935640155177
22.0, 3.6180182915521675
23.0, 3.624359573121788
24.0, 3.6307173219863262
25.0, 3.6370914517897543
26.0, 3.643481876558628
27.0, 3.6498885107025916
28.0, 3.656311269014841
29.0, 3.6627500666725243
30.0, 3.6692048192371023
31.0, 3.675675442654656
32.0, 3.682161853256149
33.0, 3.688663967757641
34.0, 3.6951817032604586
35.0, 3.701714977251316
36.0, 3.7082637076023985
37.0, 3.714827812571398
38.0, 3.721407210801505
39.0, 3.7280018213213637
40.0, 3.7346115635449832
41.0, 3.7412363572716085
42.0, 3.7478761226855535
43.0, 3.754530780355994
44.0, 3.7612002512367257
45.0, 3.767884456665884
46.0, 3.7745833183656243
47.0, 3.781296758441773
48.0, 3.7880246993834406
49.0, 3.7947670640625986
50.0, 3.8015237757336307
51.0, 3.8082947580328415
52.0, 3.81507993497794
53.0, 3.821879230967493
54.0, 3.8286925707803445
55.0, 3.8355198795750054
56.0, 3.842361082889015
57.0, 3.8492161066382815
58.0, 3.8560848771163756
59.0, 3.862967320993823
60.0, 3.869863365317347
61.0, 3.876772937509101
62.0, 3.8836959653658667
63.0, 3.890632377058235
64.0, 3.8975821011297556
65.0, 3.9045450664960706
66.0, 3.911521202444018
67.0, 3.91851043863072
68.0, 3.925512705082646
69.0, 3.932527932194653
70.0, 3.939556050729012
71.0, 3.9465969918144053
72.0, 3.9536506869449135
73.0, 3.960717067978978
74.0, 3.967796067138346
75.0, 3.974887617007001
76.0, 3.98199165053007
77.0, 3.989108101012721
78.0, 3.996236902119039
79.0, 4.003377987870888
80.0, 4.010531292646759
81.0, 4.017696751180598
82.0, 4.024874298560628
83.0, 4.032063870228151
84.0, 4.039265401976337
85.0, 4.046478829949
86.0, 4.053704090639366
87.0, 4.060941120888822
88.0, 4.068189857885657
89.0, 4.075450239163793
90.0, 4.082722202601499
91.0, 4.090005686420104
92.0, 4.097300629182691
93.0, 4.1046069697927825
94.0, 4.111924647493025
95.0, 4.11925360186385
96.0, 4.1265937728221465
97.0, 4.133945100619897
98.0, 4.141307525842836
99.0, 4.148680989409081
100.0, 4.15606543256776
101.0, 4.15606543256776
102.0, 4.15606543256776
103.0, 4.15606543256776
104.0, 4.15606543256776
105.0, 4.15606543256776
106.0, 4.15606543256776
107.0, 4.15606543256776
108.0, 4.15606543256776
109.0, 4.15606543256776
110.0, 4.15606543256776
111.0, 4.15606543256776
112.0, 4.15606543256776
113.0, 4.15606543256776
114.0, 4.15606543256776
115.0, 4.15606543256776
116.0, 4.15606543256776
117.0, 4.15606543256776
118.0, 4.15606543256776
119.0, 4.15606543256776
120.0, 4.15606543256776
121.0, 4.15606543256776
122.0, 4.15606543256776
123.0, 4.15606543256776
124.0, 4.15606543256776
125.0, 4.15606543256776
126.0, 4.15606543256776
127.0, 4.15606543256776
128.0, 4.15606543256776
129.0, 4.15606543256776
130.0, 4.15606543256776
131.0, 4.148680989409081
132.0, 4.141307525842836
133.0, 4.133945100619897
134.0, 4.1265937728221465
135.0, 4.11925360186385
136.0, 4.111924647493025
137.0, 4.1046069697927825
138.0, 4.097300629182691
139.0, 4.090005686420104
140.0, 4.082722202601499
141.0, 4.075450239163793
142.0, 4.068189857885657
143.0, 4.060941120888822
144.0, 4.053704090639366
145.0, 4.046478829949
146.0, 4.039265401976337
147.0, 4.032063870228151
148.0, 4.024874298560628
149.0, 4.017696751180598
150.0, 4.010531292646759
151.0, 4.003377987870888
152.0, 3.996236902119039
153.0, 3.989108101012721
154.0, 3.98199165053007
155.0, 3.974887617007001
156.0, 3.967796067138346
157.0, 3.960717067978978
158.0, 3.9536506869449135
159.0, 3.9465969918144053
160.0, 3.939556050729012
161.0, 3.932527932194653
162.0, 3.925512705082646
163.0, 3.91851043863072
164.0, 3.911521202444018
165.0, 3.9045450664960706
166.0, 3.8975821011297556
167.0, 3.890632377058235
168.0, 3.8836959653658667
169.0, 3.876772937509101
170.0, 3.869863365317347
171.0, 3.862967320993823
172.0, 3.8560848771163756
173.0, 3.8492161066382815
174.0, 3.842361082889015
175.0, 3.8355198795750054
176.0, 3.8286925707803445
177.0, 3.821879230967493
178.0, 3.81507993497794
179.0, 3.8082947580328415
180.0, 3.8015237757336307
181.0, 3.7947670640625986
182.0, 3.7880246993834406
183.0, 3.781296758441773
184.0, 3.7745833183656243
185.0, 3.767884456665884
186.0, 3.7612002512367257
187.0, 3.754530780355994
188.0, 3.7478761226855535
189.0, 3.7412363572716085
190.0, 3.7346115635449832
191.0, 3.7280018213213637
192.0, 3.721407210801505
193.0, 3.714827812571398
194.0, 3.7082637076023985
195.0, 3.701714977251316
196.0, 3.6951817032604586
197.0, 3.688663967757641
198.0, 3.682161853256149
199.0, 3.675675442654656
200.0, 3.6692048192371023
201.0, 3.6627500666725243
202.0, 3.656311269014841
203.0, 3.6498885107025916
204.0, 3.643481876558628
205.0, 3.6370914517897543
206.0, 3.6307173219863262
207.0, 3.624359573121788
208.0, 3.6180182915521675
209.0, 3.6116935640155177
210.0, 3.605385477631302
211.0, 3.599094119899729
212.0, 3.5928195787010293
213.0, 3.5865619422946833
214.0, 3.580321299318584
215.0, 3.5740977387881463
216.0, 3.567891350095362
217.0, 3.561702223007785
218.0, 3.5555304476674676
219.0, 3.549376114589826
220.0, 3.5432393146624537
221.0, 3.5371201391438585
222.0, 3.5310186796621466
223.0, 3.524935028213639
224.0, 3.518869277161414
225.0, 3.512821519233795
226.0, 3.5067918475227606
227.0, 3.5007803554822874
228.0, 3.494787136926628
229.0, 3.488812286028509
230.0, 3.4828558973172665
231.0, 3.4828558973172665
232.0, 3.4828558973172665
233.0, 3.4828558973172665
234.0, 3.4828558973172665
235.0, 3.4828558973172665
236.0, 3.4828558973172665
237.0, 3.4828558973172665
238.0, 3.4828558973172665
239.0, 3.4828558973172665
240.0, 3.4828558973172665
241.0, 3.4828558973172665
242.0, 3.4828558973172665
243.0, 3.4828558973172665
244.0, 3.4828558973172665
245.0, 3.4828558973172665
246.0, 3.4828558973172665
247.0, 3.4828558973172665
248.0, 3.4828558973172665
249.0, 3.4828558973172665
250.0, 3.4828558973172665
251.0, 3.4828558973172665
252.0, 3.4828558973172665
253.0, 3.4828558973172665
254.0, 3.4828558973172665
255.0, 3.4828558973172665
256.0, 3.4828558973172665
257.0, 3.4828558973172665
258.0, 3.4828558973172665
259.0, 3.4828558973172665
260.0, 3.4828558973172665
261.0, 3.488812286028509
262.0, 3.494787136926628
263.0, 3.5007803554822874
264.0, 3.5067918475227606
265.0, 3.512821519233795
266.0, 3.518869277161414
267.0, 3.524935028213639
268.0, 3.5310186796621466
269.0, 3.5371201391438585
270.0, 3.5432393146624537
271.0, 3.549376114589826
272.0, 3.5555304476674676
273.0, 3.561702223007785
274.0, 3.567891350095362
275.0, 3.5740977387881463
276.0, 3.580321299318584
277.0, 3.5865619422946833
278.0, 3.5928195787010293
279.0, 3.599094119899729
280.0, 3.605385477631302
281.0, 3.6116935640155177
282.0, 3.6180182915521675
ee_dist
0.0, 1.542706764956875
1.0, 1.6101911220619858
2.0, 1.7226773354701346
3.0, 1.8169959001955371
4.0, 1.8496641415092154
5.0, 1.8755542535688838
6.0, 1.907465533267486
7.0, 1.9385920458799328
8.0, 1.973313303423946
9.0, 2.0077828727507256
10.0, 2.041047372108531
11.0, 2.0729656510122156
12.0, 2.1038651085281534
13.0, 2.1322346313470497
14.0, 2.159537014567101
15.0, 2.184347173149414
16.0, 2.208745666715733
17.0, 2.2300993129823534
18.0, 2.2514952147312104
19.0, 2.269928668145998
20.0, 2.2888480310099917
21.0, 2.259427153169241
22.0, 2.2181364413097375
23.0, 2.173743381506056
24.0, 2.125794102176929
25.0, 2.0745903703710065
26.0, 2.0202989600004972
27.0, 1.9632837351234462
28.0, 1.9037855767612863
29.0, 1.8422850129829316
30.0, 1.7791214692205457
31.0, 1.7149197936340874
32.0, 1.650154147503509
33.0, 1.58562088298168
34.0, 1.5219812058153688
35.0, 1.46024755750571
36.0, 1.4013279063120634
37.0, 1.3464710274219043
38.0, 1.2968275325462804
39.0, 1.2537633402273711
40.0, 1.2185553518359518
41.0, 1.2313655050421897
42.0, 1.0899022022075449
43.0, 0.7192677146963726
44.0, 0.6723275904167924
45.0, 0.625588989484992
46.0, 0.5791567732997601
47.0, 0.5332450928719945
48.0, 0.4891152080373505
49.0, 0.4477402290061972
50.0, 0.41111097085906306
51.0, 0.38160521584672935
52.0, 0.361645898482097
53.0, 0.3528179556020092
54.0, 0.3564916117620564
55.0, 0.37248479140604207
56.0, 0.39971569578244465
57.0, 0.4357176006281791
58.0, 0.4058420042742746
59.0, 0.35065497560967784
60.0, 0.30144682670413586
61.0, 0.27205099681583483
62.0, 0.27844289841395825
63.0, 0.3195590873561107
64.0, 0.3787290519111163
65.0, 0.4363890930070775
66.0, 0.494583376406883
67.0, 0.552182398287029
68.0, 0.6037367293813798
69.0, 0.6533306160713915
70.0, 0.7011414472315777
71.0, 0.7475053728369548
72.0, 0.7928232128870224
73.0, 0.8462759443035117
74.0, 0.9041294874334657
75.0, 0.9736521047262349
76.0, 1.0530114794542436
77.0, 1.1425620800831482
78.0, 1.2378480736745838
79.0, 1.3340346739362894
80.0, 1.4263444811873087
81.0, 1.5052552483718131
82.0, 1.5706330509601614
83.0, 1.6357009769579998
84.0, 1.6970977062186399
85.0, 1.7569725784103085
86.0, 1.805484120556269
87.0, 1.833978751985379
88.0, 1.8632559811362224
89.0, 1.9018446337144883
90.0, 1.9510024382641222
91.0, 2.0323335650731464
92.0, 2.1223306899789742
93.0, 2.221814799460237
94.0, 2.3275359338290786
95.0, 2.432191611393685
96.0, 2.5329934743868066
97.0, 2.6236214364330084
98.0, 2.695799642858131
99.0, 2.7654258977493242
100.0, 2.831358351128453
101.0, 2.896191708465587
102.0, 2.9586406842278814
103.0, 3.021332496688992
104.0, 3.0832380643942434
105.0, 3.1526040020862545
106.0, 3.2251737365926765
107.0, 3.3056919519968497
108.0, 3.395298509869571
109.0, 3.494672075131796
110.0, 3.5995613226874785
111.0, 3.707883464269296
112.0, 3.8100467417545545
113.0, 3.9055215890177246
114.0, 3.9801399131831263
115.0, 4.049879301917846
116.0, 4.116001273784118
117.0, 4.180829337663802
118.0, 4.243243336835614
119.0, 4.3072030338780385
120.0, 4.368550968658251
121.0, 4.437147156111662
122.0, 4.509800443536398
123.0, 4.58721167005512
124.0, 4.675863660472482
125.0, 4.773964142455792
126.0, 4.820465677416531
127.0, 4.867946612539754
128.0, 4.913758268324063
129.0, 4.959929048091299
130.0, 5.003839744003618
131.0, 5.047541073716878
132.0, 5.088448537874049
133.0, 5.128636088254363
134.0, 5.165562122414872
135.0, 5.201321748545069
136.0, 5.233418493115377
137.0, 5.26397114628628
138.0, 5.290528879603108
139.0, 5.315229315176852
140.0, 5.3356737203169
141.0, 5.354019235411148
142.0, 5.3679188845400505
143.0, 4.723333003183427
144.0, 4.723877249913964
145.0, 4.723333003183427
146.0, 4.723877249913964
147.0, 4.723333003183427
148.0, 4.723877249913964
149.0, 4.72333300285207
150.0, 4.72387724958255
151.0, 4.723333003183427
152.0, 4.723877249913964
153.0, 4.72333300285207
154.0, 4.72387724958255
155.0, 4.723333003183427
156.0, 4.723877249913964
157.0, 4.72333300285207
158.0, 4.72387724958255
159.0, 4.723333003183427
160.0, 4.723877249913964
161.0, 4.72333300285207
162.0, 4.72387724958255
163.0, 4.723333003183427
164.0, 4.723877249913964
165.0, 4.723333003183427
166.0, 4.72387724958255
167.0, 4.723333003183427
168.0, 4.723877249913964
169.0, 4.723333003183427
170.0, 4.723877249913964
171.0, 4.723333003183427
172.0, 4.723877249913964
173.0, 4.723333003183427
174.0, 4.723877249913964
175.0, 4.723333003183427
176.0, 4.723877249913964
177.0, 4.72333300285207
178.0, 4.72387724958255
179.0, 4.723333003183427
180.0, 4.723877249913964
181.0, 4.72333300285207
182.0, 4.72387724958255
183.0, 4.723333003183427
184.0, 4.723877249913964
185.0, 4.72333300285207
186.0, 4.72387724958255
187.0, 4.723333003183427
188.0, 4.723877249913964
189.0, 4.72333300285207
190.0, 4.72387724958255
191.0, 4.723333003183427
192.0, 4.723877249913964
193.0, 4.723333003183427
194.0, 4.72387724958255
195.0, 4.723333003183427
196.0, 4.723877249913964
197.0, 4.723333003183427
198.0, 4.723877249913964
199.0, 4.723333003183427
200.0, 4.723877249913964
201.0, 4.723333003183427
202.0, 4.723877249913964
203.0, 4.723333003183427
204.0, 4.723877249913964
205.0, 4.72333300285207
206.0, 4.72387724958255
207.0, 4.723333003183427
208.0, 4.723877249913964
209.0, 4.72333300285207
210.0, 4.72387724958255
211.0, 4.723333003183427
212.0, 4.723877249913964
213.0, 4.72333300285207
214.0, 4.72387724958255
215.0, 4.723333003183427
216.0, 4.723877249913964
217.0, 4.72333300285207
218.0, 4.72387724958255
219.0, 4.723333003183427
220.0, 4.723877249913964
221.0, 4.723333003183427
222.0, 4.72387724958255
223.0, 4.723333003183427
224.0, 4.723877249913964
225.0, 4.723333003183427
226.0, 4.723877249913964
227.0, 4.723333003183427
228.0, 4.723877249913964
229.0, 4.723333003183427
230.0, 4.723877249913964
231.0, 4.723333003183427
232.0, 4.723877249913964
233.0, 4.72333300285207
234.0, 4.72387724958255
235.0, 4.723333003183427
236.0, 4.723877249913964
237.0, 4.72333300285207
238.0, 4.72387724958255
239.0, 4.723333003183427
240.0, 4.723877249913964
241.0, 4.72333300285207
242.0, 4.72387724958255
243.0, 4.727762147868071
244.0, 4.732768716000615
245.0, 4.738925088005268
246.0, 4.747188624712726
247.0, 4.756661676525284
248.0, 4.768314077959324
249.0, 4.781175362872541
250.0, 4.796223159204546
251.0, 4.812368630388632
252.0, 4.830584141654739
253.0, 4.8496503601975025
254.0, 4.870545879538875
255.0, 4.891953065894767
256.0, 4.914863884280187
257.0, 4.937923449240185
258.0, 4.962128733993648
259.0, 4.986145352333314
260.0, 5.010979347368509
261.0, 5.035286931962099
262.0, 5.060109429748394
263.0, 5.025368189463029
264.0, 4.981707501395064
265.0, 4.936695802970239
266.0, 4.890160194514154
267.0, 4.842483524072168
268.0, 4.793962584589096
269.0, 4.745001027207662
270.0, 4.695927877036273
271.0, 4.647182896661146
272.0, 4.5991209184118444
273.0, 4.552203595505663
274.0, 4.506805822396573
275.0, 4.463382351009897
276.0, 4.422278683179175
277.0, 4.383906401364605
278.0, 4.348560732256494
279.0, 4.3167021484414425
280.0, 4.288573582943392
281.0, 4.26484114901817
282.0, 4.245820969478347
ee_box_dist
0.0, 0.8630680878597565
1.0, 0.9044438954685872
2.0, 0.9350982571026455
3.0, 0.9665821907537739
4.0, 1.0002255398730584
5.0, 1.035421340032206
6.0, 1.0718638099586086
7.0, 1.1050871499950434
8.0, 1.1391029388224962
9.0, 1.1723240133513182
10.0, 1.203412258908221
11.0, 1.2329547872571185
12.0, 1.261223755659794
13.0, 1.28707206192848
14.0, 1.3117409679329792
15.0, 1.3341312816488706
16.0, 1.3560825740629723
17.0, 1.3752522322792968
18.0, 1.3944616487036015
19.0, 1.41096245558835
20.0, 1.4279597484311444
21.0, 1.4041872046824984
22.0, 1.370921184947831
23.0, 1.3347410426520223
24.0, 1.295207365184482
25.0, 1.252502572282514
26.0, 1.2066439803939155
27.0, 1.1578537641522486
28.0, 1.1061560241402213
29.0, 1.0518306669644468
30.0, 0.9949324505943948
31.0, 0.9358177518840961
32.0, 0.8745982262711931
33.0, 0.8117743558361816
34.0, 0.7476061619843124
35.0, 0.6827318019034461
36.0, 0.6176580542211799
37.0, 0.5532251391777573
38.0, 0.490543684669075
39.0, 0.4316382831008133
40.0, 0.3792060037202315
41.0, 0.39283325341367126
42.0, 0.4065621825795818
43.0, 0.420422882305059
44.0, 0.4343157624812171
45.0, 0.44825953578832023
46.0, 0.46218587787187915
47.0, 0.47608464277182205
48.0, 0.4899378009036016
49.0, 0.5037074589824763
50.0, 0.5174021884576
51.0, 0.5309710587985269
52.0, 0.544417954947623
53.0, 0.5576852303684346
54.0, 0.5707506166481331
55.0, 0.5835505639114614
56.0, 0.5960700370063445
57.0, 0.6082843789622305
58.0, 0.6201775026592754
59.0, 0.6317738728553042
60.0, 0.6430388575075562
61.0, 0.6540122205759012
62.0, 0.6646398180667591
63.0, 0.6749685878111303
64.0, 0.684941442046404
65.0, 0.6946080465585376
66.0, 0.7039179481836821
67.0, 0.712914199180126
68.0, 0.7215499313679771
69.0, 0.7298538084371692
70.0, 0.7377831525123358
71.0, 0.7453513314401524
72.0, 0.7525306614954385
73.0, 0.7593396153362448
74.0, 0.765747293312401
75.0, 0.7717671429326262
76.0, 0.7773661591010361
77.0, 0.7825644317424684
78.0, 0.7873331517654265
79.0, 0.7916824264136497
80.0, 0.7955841743565925
81.0, 0.7990541050334634
82.0, 0.8020526195884418
83.0, 0.8045901295618312
84.0, 0.8066419703948637
85.0, 0.8082174874301091
86.0, 0.8281710681284516
87.0, 0.8726107353535821
88.0, 0.9113930445328666
89.0, 0.9450302970802306
90.0, 0.9700784601530491
91.0, 0.9687824041780754
92.0, 0.9696661911513603
93.0, 0.9690411017540728
94.0, 0.9683901978128732
95.0, 0.9696069706185529
96.0, 0.9696182643315033
97.0, 0.9691238378523473
98.0, 0.9696500042363039
99.0, 0.9690686692285919
100.0, 0.9696479242337569
101.0, 0.9690613919271284
102.0, 0.9696477493756276
103.0, 0.9690617073229438
104.0, 0.9696519138688257
105.0, 0.96907700912106
106.0, 0.9696690218737589
107.0, 0.9690806810575202
108.0, 0.9696685353148877
109.0, 0.9690816606047264
110.0, 0.9696696800995767
111.0, 0.969081962562702
112.0, 0.9696697993437629
113.0, 0.969081449236725
114.0, 0.9696691977483698
115.0, 0.9678952253510598
116.0, 0.9693932027553499
117.0, 0.9690529777952779
118.0, 0.9696635356263249
119.0, 0.9690696170868094
120.0, 0.9696616847907445
121.0, 0.9690734477219896
122.0, 0.9696612406040422
123.0, 0.9690739008665692
124.0, 0.9696615271925059
125.0, 0.9690739931416043
126.0, 0.9696615733209021
127.0, 0.9690740392791256
128.0, 0.9696616284211061
129.0, 0.9690740760357864
130.0, 0.9696616839444383
131.0, 0.969074131554175
132.0, 0.9696616839444383
133.0, 0.9690741499325094
134.0, 0.9696616651545923
135.0, 0.969074131554175
136.0, 0.9696617023111787
137.0, 0.9690741776917033
138.0, 0.9696617112830047
139.0, 0.969074223829234
140.0, 0.9696618223296639
141.0, 0.9690742699667673
142.0, 0.9696618223296639
143.0, 1.644055760536193
144.0, 1.6434378171039845
145.0, 1.6440560962309807
146.0, 1.6434379520446147
147.0, 1.6440563952799558
148.0, 1.6434382694000818
149.0, 1.6440565885383045
150.0, 1.643438433496214
151.0, 1.644056592685307
152.0, 1.643438397631113
153.0, 1.6440566584871121
154.0, 1.643438455942084
155.0, 1.6440567317789458
156.0, 1.6434387407874174
157.0, 1.6440572532423388
158.0, 1.6434390289875624
159.0, 1.6440572757125083
160.0, 1.643439430455019
161.0, 1.6440579904344639
162.0, 1.6434401051587142
163.0, 1.6440584502434479
164.0, 1.6434404299966177
165.0, 1.6440590083531654
166.0, 1.643441163011511
167.0, 1.6440597014096918
168.0, 1.6434418743532113
169.0, 1.6440604819341147
170.0, 1.6434426731615965
171.0, 1.644061339093631
172.0, 1.643443559436685
173.0, 1.6440622145764818
174.0, 1.6434444457119897
175.0, 1.6440631008923667
176.0, 1.6434453319875113
177.0, 1.6440640088739786
178.0, 1.6434462290998006
179.0, 1.6440648843575187
180.0, 1.6434471045392036
181.0, 1.644065770674032
182.0, 1.6434479908153743
183.0, 1.6440666353253808
184.0, 1.6434488554187903
185.0, 1.6440675324750365
186.0, 1.6434497416954363
187.0, 1.6440683971269272
188.0, 1.6434506062994196
189.0, 1.6440692726117463
190.0, 1.6434514925765409
191.0, 1.6440701372642288
192.0, 1.6434523571810913
193.0, 1.6440710019170202
194.0, 1.6434532326223177
195.0, 1.644071855737575
196.0, 1.6434540755547786
197.0, 1.6440727203910086
198.0, 1.643454929323968
199.0, 1.6440735450563089
200.0, 1.6434557939298038
201.0, 1.644074409710382
202.0, 1.6434566476996884
203.0, 1.644075263532324
204.0, 1.6434575198624046
205.0, 1.6440761465986353
206.0, 1.6434583370677778
207.0, 1.644076825662222
208.0, 1.6434588519556965
209.0, 1.6440773330434866
210.0, 1.6434595124744702
211.0, 1.644078041175887
212.0, 1.6434601514692635
213.0, 1.644078818453118
214.0, 1.6434625298155143
215.0, 1.644081555220867
216.0, 1.6434642083566828
217.0, 1.6440827123390311
218.0, 1.6434655002434138
219.0, 1.6440839711892463
220.0, 1.6434656578627589
221.0, 1.6440840930476643
222.0, 1.6434668624362498
223.0, 1.644086110586871
224.0, 1.6434693030101684
225.0, 1.6440885988674043
226.0, 1.6434711606273957
227.0, 1.6440874308864064
228.0, 1.6434650250079612
229.0, 1.6440844261697551
230.0, 1.6434681619779896
231.0, 1.644088608755839
232.0, 1.6434726284841943
233.0, 1.6440931153978884
234.0, 1.6434771058281126
235.0, 1.6440975637306872
236.0, 1.6434816123302614
237.0, 1.6441020703780989
238.0, 1.6434861188351007
239.0, 1.6441066136783657
240.0, 1.6434906219941903
241.0, 1.6441111311621432
242.0, 1.6434952193195838
243.0, 1.6411132126687422
244.0, 1.6405307698860718
245.0, 1.6389993572927464
246.0, 1.6357086852524316
247.0, 1.631473789492903
248.0, 1.625303861712796
249.0, 1.6179926139930025
250.0, 1.6085951028891998
251.0, 1.5980430456488004
252.0, 1.5853837519679184
253.0, 1.5717345683095783
254.0, 1.5560699529219315
255.0, 1.5396955041202611
256.0, 1.5214724686695185
257.0, 1.5028535767939533
258.0, 1.4825980395006666
259.0, 1.4622158762385218
260.0, 1.4403803756321063
261.0, 1.4187484301616422
262.0, 1.3958495704991332
263.0, 1.4396277118232035
264.0, 1.4938568076541834
265.0, 1.5473628408231324
266.0, 1.6003739768945848
267.0, 1.6525370988361785
268.0, 1.7035506132852025
269.0, 1.7531470748132356
270.0, 1.801076718710014
271.0, 1.8471150507525034
272.0, 1.891052225135615
273.0, 1.9327028840738487
274.0, 1.9718862732697204
275.0, 2.008450739075765
276.0, 2.0422335306944124
277.0, 2.0731119884521485
278.0, 2.1009353029308544
279.0, 2.1256287365414424
280.0, 2.1470543297573084
281.0, 2.16521286293656
282.0, 2.1800021898228774
spot_hold
0, 0
1, 0
2, 0
3, 0
4, 0
5, 0
6, 0
7, 0
8, 0
9, 0
10, 0
11, 0
12, 0
13, 0
14, 0
15, 0
16, 0
17, 0
18, 0
19, 0
20, 0
21, 0
22, 0
23, 0
24, 0
25, 0
26, 0
27, 0
28, 0
29, 0
30, 0
31, 0
32, 0
33, 0
34, 0
35, 0
36, 0
37, 0
38, 0
39, 0
40, 0
41, 1
42, 1
43, 1
44, 1
45, 1
46, 1
47, 1
48, 1
49, 1
50, 1
51, 1
52, 1
53, 1
54, 1
55, 1
56, 1
57, 1
58, 1
59, 1
60, 1
61, 1
62, 1
63, 1
64, 1
65, 1
66, 1
67, 1
68, 1
69, 1
70, 1
71, 1
72, 1
73, 1
74, 1
75, 1
76, 1
77, 1
78, 1
79, 1
80, 1
81, 1
82, 1
83, 1
84, 1
85, 1
86, 1
87, 1
88, 1
89, 1
90, 1
91, 1
92, 1
93, 1
94, 1
95, 1
96, 1
97, 1
98, 1
99, 1
100, 1
101, 1
102, 1
103, 1
104, 1
105, 1
106, 1
107, 1
108, 1
109, 1
110, 1
111, 1
112, 1
113, 1
114, 1
115, 1
116, 1
117, 1
118, 1
119, 1
120, 1
121, 1
122, 1
123, 1
124, 1
125, 1
126, 1
127, 1
128, 1
129, 1
130, 1
131, 1
132, 1
133, 1
134, 1
135, 1
136, 1
137, 1
138, 1
139, 1
140, 1
141, 1
142, 1
143, 1
144, 1
145, 1
146, 1
147, 1
148, 1
149, 1
150, 1
151, 1
152, 1
153, 1
154, 1
155, 1
156, 1
157, 1
158, 1
159, 1
160, 1
161, 1
162, 1
163, 1
164, 1
165, 1
166, 1
167, 1
168, 1
169, 1
170, 1
171, 1
172, 1
173, 1
174, 1
175, 1
176, 1
177, 1
178, 1
179, 1
180, 1
181, 1
182, 1
183, 1
184, 1
185, 1
186, 1
187, 1
188, 1
189, 1
190, 1
191, 1
192, 1
193, 1
194, 1
195, 1
196, 1
197, 1
198, 1
199, 1
200, 1
201, 1
202, 1
203, 1
204, 1
205, 1
206, 1
207, 1
208, 1
209, 1
210, 1
211, 1
212, 1
213, 1
214, 1
215, 1
216, 1
217, 1
218, 1
219, 1
220, 1
221, 1
222, 1
223, 1
224, 1
225, 1
226, 1
227, 1
228, 1
229, 1
230, 1
231, 1
232, 1
233, 1
234, 1
235, 1
236, 1
237, 1
238, 1
239, 1
240, 1
241, 1
242, 1
243, 1
244, 1
245, 1
246, 1
247, 1
248, 1
249, 1
250, 1
251, 1
252, 1
253, 1
254, 1
255, 1
256, 1
257, 1
258, 1
259, 1
260, 1
261, 1
262, 1
263, 1
264, 1
265, 1
266, 1
267, 1
268, 1
269, 1
270, 1
271, 1
272, 1
273, 1
274, 1
275, 1
276, 1
277, 1
278, 1
279, 1
280, 1
281, 1
282, 1
