bot_dist
0.0, 3.5535752725049914
1.0, 3.5597415217885042
2.0, 3.5659251515069514
3.0, 3.5721260713996577
4.0, 3.5783441915800887
5.0, 3.584579422536944
6.0, 3.590831675135185
7.0, 3.597100860616999
8.0, 3.6033868906027124
9.0, 3.6096896770916387
10.0, 3.616009132462877
11.0, 3.6223451694760462
12.0, 3.628697701271972
13.0, 3.635066641373315
14.0, 3.641451903685147
15.0, 3.6478534024954765
16.0, 3.654271052475718
17.0, 3.6607047686811205
18.0, 3.6671544665511333
19.0, 3.6736200619097352
20.0, 3.68010147096571
21.0, 3.6865986103128727
22.0, 3.693111396930257
23.0, 3.6996397481822525
24.0, 3.7061835818186952
25.0, 3.7127428159749227
26.0, 3.719317369171778
27.0, 3.7259071603155762
28.0, 3.73251210869803
29.0, 3.739132133996134
30.0, 3.7457671562720076
31.0, 3.7524170959727017
32.0, 3.7590818739299707
33.0, 3.765761411359999
34.0, 3.7724556298630967
35.0, 3.7791644514233593
36.0, 3.785887798408294
37.0, 3.7926255935684066
38.0, 3.7993777600367604
39.0, 3.8061442213284984
40.0, 3.8129249013403372
41.0, 3.819719724350028
42.0, 3.8265286150157847
43.0, 3.833351498375685
44.0, 3.8401882998470445
45.0, 3.847038945225755
46.0, 3.8539033606856012
47.0, 3.8607814727775494
48.0, 3.8676732084290073
49.0, 3.8745784949430573
50.0, 3.881497259997669
51.0, 3.888429431644883
52.0, 3.8953749383099714
53.0, 3.902333708790576
54.0, 3.909305672255822
55.0, 3.916290758245409
56.0, 3.923288896668685
57.0, 3.9303000178036926
58.0, 3.9373240522961983
59.0, 3.9443609311587013
60.0, 3.951410585769422
61.0, 3.958472947871273
62.0, 3.965547949570811
63.0, 3.9726355233371664
64.0, 3.979735602000966
65.0, 3.9868481187532283
66.0, 3.9939730071442456
67.0, 4.0011102010824535
68.0, 4.008259634833281
69.0, 4.015421243017987
70.0, 4.022594960612481
71.0, 4.029780722946135
72.0, 4.036978465700573
73.0, 4.0441881249084535
74.0, 4.051409636952242
75.0, 4.058642938562958
76.0, 4.065887966818928
77.0, 4.073144659144515
78.0, 4.080412953308837
79.0, 4.087692787424483
80.0, 4.094984099946208
81.0, 4.102286829669629
82.0, 4.109600915729906
83.0, 4.116926297600407
84.0, 4.124262915091379
85.0, 4.131610708348599
86.0, 4.138969617852022
87.0, 4.14633958441442
88.0, 4.153720549180013
89.0, 4.161112453623093
90.0, 4.168515239546645
91.0, 4.175928849080954
92.0, 4.183353224682213
93.0, 4.190788309131121
94.0, 4.198234045531481
95.0, 4.205690377308784
96.0, 4.213157248208796
97.0, 4.220634602296134
98.0, 4.228122383952848
99.0, 4.235620537876985
100.0, 4.243129009081157
101.0, 4.243129009081157
102.0, 4.243129009081157
103.0, 4.243129009081157
104.0, 4.243129009081157
105.0, 4.243129009081157
106.0, 4.243129009081157
107.0, 4.243129009081157
108.0, 4.243129009081157
109.0, 4.243129009081157
110.0, 4.243129009081157
111.0, 4.243129009081157
112.0, 4.243129009081157
113.0, 4.243129009081157
114.0, 4.243129009081157
115.0, 4.243129009081157
116.0, 4.243129009081157
117.0, 4.243129009081157
118.0, 4.243129009081157
119.0, 4.243129009081157
120.0, 4.243129009081157
121.0, 4.243129009081157
122.0, 4.243129009081157
123.0, 4.243129009081157
124.0, 4.243129009081157
125.0, 4.243129009081157
126.0, 4.243129009081157
127.0, 4.243129009081157
128.0, 4.243129009081157
129.0, 4.243129009081157
130.0, 4.243129009081157
131.0, 4.235620537876985
132.0, 4.228122383952848
133.0, 4.220634602296134
134.0, 4.213157248208796
135.0, 4.205690377308784
136.0, 4.198234045531481
137.0, 4.190788309131121
138.0, 4.183353224682213
139.0, 4.175928849080954
140.0, 4.168515239546645
141.0, 4.161112453623093
142.0, 4.153720549180013
143.0, 4.1502525770735605
144.0, 4.14288957150995
145.0, 4.135537637304802
146.0, 4.128196833609296
147.0, 4.120867219906215
148.0, 4.113548856011299
149.0, 4.106241802074579
150.0, 4.098946118581707
151.0, 4.009349449019318
152.0, 3.919765161816514
153.0, 3.830194085287772
154.0, 3.740637212011385
155.0, 3.651095587152308
156.0, 3.5615703607944744
157.0, 3.472062801417075
158.0, 3.3825743114980593
159.0, 3.293106445646243
160.0, 3.2036609317521365
161.0, 3.1142396957589806
162.0, 3.024844890796036
163.0, 2.9354789315947505
164.0, 2.8461445353365855
165.0, 2.7568447703749728
166.0, 2.6675831146543953
167.0, 2.6600834004853926
168.0, 2.5698612569929193
169.0, 2.479656000758654
170.0, 2.3894693694314366
171.0, 2.2993035546119676
172.0, 2.2091611051480338
173.0, 2.1190450028713474
174.0, 2.111543976011292
175.0, 2.021056800782961
176.0, 1.9306167990889587
177.0, 1.9231787497766974
178.0, 1.915764020405268
179.0, 1.9083728827942876
180.0, 1.901005612119106
181.0, 1.815674636132943
182.0, 1.8084641511942796
183.0, 1.8012803190041602
184.0, 1.794123459722642
185.0, 1.7869938974269288
186.0, 1.7798919601407155
187.0, 1.7728179798627277
188.0, 1.765772292594404
189.0, 1.7587552383666587
190.0, 1.7517671612656625
191.0, 1.7448084094575782
192.0, 1.737879335212183
193.0, 1.730980294925314
194.0, 1.7241116491400563
195.0, 1.6532411002973806
196.0, 1.583736171163757
197.0, 1.5157847311278319
198.0, 1.5083407067683774
199.0, 1.4470679096571786
200.0, 1.3881681762091924
201.0, 1.331956357594199
202.0, 1.278786962103753
203.0, 1.2290549024241255
204.0, 1.1831936928137747
205.0, 1.1416699081043997
206.0, 1.1049726450203234
207.0, 1.0735969524130562
208.0, 1.048020891506121
209.0, 1.0286771430586261
210.0, 1.01592177015975
211.0, 1.0100044179770074
212.0, 1.0110451564578693
213.0, 1.019022666713578
214.0, 1.0337763708706424
215.0, 1.0550221226547731
216.0, 1.0823776401513836
217.0, 1.1153934798072656
218.0, 1.1535837446764028
219.0, 1.145630876823358
220.0, 1.1939470123403195
221.0, 1.2459385799208553
222.0, 1.3011650686625142
223.0, 1.2942692687101345
224.0, 1.2874142082352271
225.0, 1.2806005414737798
226.0, 1.2738289326665766
227.0, 1.2671000561094345
228.0, 1.260414596196476
229.0, 1.2537732474559538
230.0, 1.2471767145781314
231.0, 1.2471767145781314
232.0, 1.2471767145781314
233.0, 1.2471767145781314
234.0, 1.2471767145781314
235.0, 1.2471767145781314
236.0, 1.2471767145781314
237.0, 1.2471767145781314
238.0, 1.2471767145781314
239.0, 1.2471767145781314
240.0, 1.2471767145781314
241.0, 1.2471767145781314
242.0, 1.2471767145781314
243.0, 1.2471767145781314
244.0, 1.2471767145781314
245.0, 1.2471767145781314
246.0, 1.2471767145781314
247.0, 1.2471767145781314
248.0, 1.2471767145781314
249.0, 1.2471767145781314
250.0, 1.2471767145781314
251.0, 1.2471767145781314
252.0, 1.2471767145781314
253.0, 1.2471767145781314
254.0, 1.2471767145781314
255.0, 1.2471767145781314
256.0, 1.2471767145781314
257.0, 1.2471767145781314
258.0, 1.2471767145781314
259.0, 1.2471767145781314
260.0, 1.2471767145781314
261.0, 1.2537732474559538
262.0, 1.260414596196476
263.0, 1.2671000561094345
264.0, 1.2738289326665766
265.0, 1.2806005414737798
266.0, 1.2874142082352271
267.0, 1.2942692687101345
268.0, 1.3011650686625142
269.0, 1.308100963804444
270.0, 1.315076319733283
271.0, 1.3220905118632713
272.0, 1.3291429253519234
273.0, 1.3362329550216088
274.0, 1.3433600052767027
275.0, 1.350523490016666
276.0, 1.3577228325453978
277.0, 1.3649574654771968
278.0, 1.3722268306396348
279.0, 1.379530378973653
280.0, 1.3868675704311555
281.0, 1.3942378738703707
282.0, 1.4016407669492414
ee_dist
0.0, 1.1744574830876373
1.0, 1.217701861061344
2.0, 1.316346377450994
3.0, 1.4036742059590113
4.0, 1.4337790423740657
5.0, 1.459444994670331
6.0, 1.4926489105608416
7.0, 1.5262643896945685
8.0, 1.5609669210822648
9.0, 1.5950597466576069
10.0, 1.636625571412761
11.0, 1.6756248299626249
12.0, 1.7106473060657084
13.0, 1.7432921600069384
14.0, 1.773873907361636
15.0, 1.8013802361001472
16.0, 1.8271072309753673
17.0, 1.8497487581059917
18.0, 1.8716715933790953
19.0, 1.8906084747296457
20.0, 1.9094623000760995
21.0, 1.8811328953327782
22.0, 1.8420782022450086
23.0, 1.7998041368044468
24.0, 1.7538649504354527
25.0, 1.70451202206285
26.0, 1.6518433407531847
27.0, 1.596162175101093
28.0, 1.537618192944778
29.0, 1.4766181310462652
30.0, 1.4133895093947948
31.0, 1.3484716996842003
32.0, 1.282212529400718
33.0, 1.215327278317308
34.0, 1.1483630044791155
35.0, 1.0823052757149096
36.0, 1.01803539106254
37.0, 0.9569441789314064
38.0, 0.9003855728395812
39.0, 0.850167953341535
40.0, 0.8081412472568826
41.0, 0.8219895475301018
42.0, 0.7884876218413165
43.0, 0.9048680371974789
44.0, 0.8613024041160398
45.0, 0.8162310600290886
46.0, 0.7693342827127237
47.0, 0.7204568816459479
48.0, 0.6698973479008528
49.0, 0.6176176104264184
50.0, 0.564333744346322
51.0, 0.5106979029370079
52.0, 0.4572932148541462
53.0, 0.40445401904004225
54.0, 0.3530889539648766
55.0, 0.3044764452712075
56.0, 0.2617391233789528
57.0, 0.22820454141482557
58.0, 0.2462341197317749
59.0, 0.29562656481124194
60.0, 0.3622187279814296
61.0, 0.44346399461663616
62.0, 0.5323177127649216
63.0, 0.6222116982452567
64.0, 0.7076498654279724
65.0, 0.775263187507291
66.0, 0.8345012532384696
67.0, 0.8942272591268214
68.0, 0.9485539012556357
69.0, 1.0017646894771122
70.0, 1.0545018442463163
71.0, 1.1054172329218022
72.0, 1.159368267152631
73.0, 1.2193771364999475
74.0, 1.2838611786669243
75.0, 1.3595177489440842
76.0, 1.44447155415134
77.0, 1.5389270621170783
78.0, 1.6379763219039374
79.0, 1.7366067211110883
80.0, 1.8303239624759258
81.0, 1.9094007127334667
82.0, 1.973985328679863
83.0, 2.0377632357371294
84.0, 2.0986014291130295
85.0, 2.158397809973061
86.0, 2.207223119501808
87.0, 2.2357545349361296
88.0, 2.266179686338599
89.0, 2.305320666212948
90.0, 2.357067052961041
91.0, 2.4392273290912807
92.0, 2.532196002898879
93.0, 2.6327366679234694
94.0, 2.7396614143916462
95.0, 2.846376978460853
96.0, 2.948039427703223
97.0, 3.038030402086453
98.0, 3.110625134448285
99.0, 3.178620623308173
100.0, 3.244875842375472
101.0, 3.3087125229310828
102.0, 3.371954692699446
103.0, 3.434137715945735
104.0, 3.497689518658096
105.0, 3.5668396315702764
106.0, 3.6410725749567048
107.0, 3.72165045387209
108.0, 3.812907503799589
109.0, 3.912353978185139
110.0, 4.018852004271076
111.0, 4.126949584923897
112.0, 4.230219971213197
113.0, 4.324909972249291
114.0, 4.400117574392827
115.0, 4.470214589613292
116.0, 4.5346961478089565
117.0, 4.598450295359444
118.0, 4.661855225409277
119.0, 4.7249397366141075
120.0, 4.787358813936017
121.0, 4.828914029299872
122.0, 4.87075149164221
123.0, 4.911578319466136
124.0, 4.952127250558049
125.0, 4.99114367919818
126.0, 5.029378846853967
127.0, 5.065605185788832
128.0, 5.100599435928318
129.0, 5.133164149264811
130.0, 5.164102250409305
131.0, 5.1922516787184545
132.0, 5.2184404542758465
133.0, 5.241541479144662
134.0, 5.262410916517241
135.0, 5.279957286026093
136.0, 5.295065115750291
137.0, 5.306681274511558
138.0, 5.315714189087116
139.0, 5.321151533961804
140.0, 5.323927458221041
141.0, 5.323068883877765
142.0, 5.31953513535883
143.0, 4.67880516598022
144.0, 4.668048417735604
145.0, 4.66030357019098
146.0, 4.654585818660394
147.0, 4.652021938299071
148.0, 4.651538701139165
149.0, 4.654244150477741
150.0, 4.659011632429699
151.0, 4.5774321043870625
152.0, 4.495360203539557
153.0, 4.413892298987995
154.0, 4.331938466233045
155.0, 4.250595416885017
156.0, 4.16877368120147
157.0, 4.087570572260315
158.0, 4.005897246449643
159.0, 3.9248516637650614
160.0, 3.843345821980354
161.0, 3.7624783848012266
162.0, 3.681162463100628
163.0, 3.600497713226506
164.0, 3.519398163073426
165.0, 3.4389646643199363
166.0, 3.358113249998496
167.0, 3.368056922864037
168.0, 3.289667469507622
169.0, 3.2120706637746106
170.0, 3.1342259768444896
171.0, 3.0572125309479925
172.0, 2.9799980761218445
173.0, 2.9036620324296503
174.0, 2.9171317990279784
175.0, 2.844603229492995
176.0, 2.772169904799127
177.0, 2.7891696808823383
178.0, 2.8078410067816244
179.0, 2.8289191489563796
180.0, 2.8513722898440608
181.0, 2.8000408177557548
182.0, 2.776775760227292
183.0, 2.7556433046648
184.0, 2.7360027152804203
185.0, 2.718926574229868
186.0, 2.7036235333283334
187.0, 2.691240860575975
188.0, 2.680853441526781
189.0, 2.673643536159159
190.0, 2.668575211055239
191.0, 2.6668234728393325
192.0, 2.667274815900879
193.0, 2.6710542585501065
194.0, 2.6770045954627726
195.0, 2.597823590021624
196.0, 2.518349203040588
197.0, 2.439694177212853
198.0, 2.449159031794441
199.0, 2.3737454808675094
200.0, 2.298339313302845
201.0, 2.2240368471529677
202.0, 2.149861093038136
203.0, 2.0769130148568884
204.0, 2.004244826331726
205.0, 1.9329642855734235
206.0, 1.862162026416735
207.0, 1.7929555687622178
208.0, 1.724486283896548
209.0, 1.6578851803975931
210.0, 1.5923613376441317
211.0, 1.5290628049799235
212.0, 1.4672869833811981
213.0, 1.4082039397746369
214.0, 1.351222793549832
215.0, 1.2975357777931118
216.0, 1.2466875195877436
217.0, 1.199881127448218
218.0, 1.1568112669347959
219.0, 1.1824667517846728
220.0, 1.1511688416372803
221.0, 1.1254541053972502
222.0, 1.1052040428839018
223.0, 1.0774779197841244
224.0, 1.0504147238194748
225.0, 1.024811283284793
226.0, 1.0003153707532657
227.0, 0.977933435733636
228.0, 0.9571344407456728
229.0, 0.939100283715396
230.0, 0.9231124977555695
231.0, 0.9104750635011698
232.0, 0.9002765227492243
233.0, 0.8938626659334555
234.0, 0.8901362666174568
235.0, 0.8904017274967941
236.0, 0.8934051569812352
237.0, 0.9003394373467057
238.0, 0.9000333366860078
239.0, 0.8906941558648542
240.0, 0.9001542540636339
241.0, 0.9003096081124341
242.0, 0.900028973568085
243.0, 0.9056493619303295
244.0, 0.9183153664319178
245.0, 0.9320687359731306
246.0, 0.9482563355420512
247.0, 0.9655451579200949
248.0, 0.9850361189806276
249.0, 1.005346486405786
250.0, 1.0276134419076526
251.0, 1.0504050960843578
252.0, 1.0748400032116903
253.0, 1.0994780901644798
254.0, 1.125379101435505
255.0, 1.1535631092425207
256.0, 1.178604218887998
257.0, 1.2050455208479443
258.0, 1.2318182939044107
259.0, 1.2579141076322466
260.0, 1.2841336395929535
261.0, 1.309497064236509
262.0, 1.3347583907441363
263.0, 1.3057449151923894
264.0, 1.2696401885214537
265.0, 1.231561420251596
266.0, 1.1912122315395037
267.0, 1.1487839100922632
268.0, 1.1043122310443447
269.0, 1.0580046666219411
270.0, 1.009911809036334
271.0, 0.9602907059797156
272.0, 0.9092186624927817
273.0, 0.8570144800331231
274.0, 0.803811454296061
275.0, 0.7500261863020283
276.0, 0.6943337840084295
277.0, 0.6383485971609292
278.0, 0.5787122897926328
279.0, 0.5309321973871719
280.0, 0.4799262230235041
281.0, 0.4237005978266089
282.0, 0.38109132086608977
ee_box_dist
0.0, 0.8364473728484266
1.0, 0.8819561195849663
2.0, 0.9089882955494046
3.0, 0.9409781959294452
4.0, 0.9748037925343715
5.0, 1.010443618426449
6.0, 1.0472674206464618
7.0, 1.0812664728194532
8.0, 1.1141257849626798
9.0, 1.145781049021597
10.0, 1.184016346080255
11.0, 1.2198400405305623
12.0, 1.2517230293940085
13.0, 1.281227556386123
14.0, 1.3087170597551105
15.0, 1.3333534025808218
16.0, 1.3563026047581994
17.0, 1.3764661716639948
18.0, 1.3959791570027287
19.0, 1.4128219153654422
20.0, 1.4296709767053737
21.0, 1.4048915380631035
22.0, 1.3710395528116768
23.0, 1.3341394373229063
24.0, 1.293763492899401
25.0, 1.250107246753614
26.0, 1.203216572924142
27.0, 1.1532911956245346
28.0, 1.100362576787906
29.0, 1.044727234700178
30.0, 0.9864255841669547
31.0, 0.9258087560440527
32.0, 0.8629302845738734
33.0, 0.7983648639416748
34.0, 0.7322421172485398
35.0, 0.6652187431660639
36.0, 0.5977220673540204
37.0, 0.5306106702653253
38.0, 0.46489764124021843
39.0, 0.4025780952514572
40.0, 0.3465117561876861
41.0, 0.36067677657833797
42.0, 0.37489514758623965
43.0, 0.38920571771099366
44.0, 0.4034953810229714
45.0, 0.4177976050590998
46.0, 0.43203376870524135
47.0, 0.4462149899961575
48.0, 0.46030278583638945
49.0, 0.474282737870394
50.0, 0.488144260615314
51.0, 0.5018582105048899
52.0, 0.5154150770969542
53.0, 0.5287738462264113
54.0, 0.5419087200022165
55.0, 0.5547733783197994
56.0, 0.5673421689162843
57.0, 0.5796041873861861
58.0, 0.5915419426898022
59.0, 0.6031810054118824
60.0, 0.6144747526701502
61.0, 0.6254800432215738
62.0, 0.6361254255804135
63.0, 0.6464722830221427
64.0, 0.6564569979733923
65.0, 0.6661331166034372
66.0, 0.6754492248008463
67.0, 0.6844445985051553
68.0, 0.6930725723419882
69.0, 0.7013609085893246
70.0, 0.7092684088819663
71.0, 0.7168190288861341
72.0, 0.7239768994189811
73.0, 0.7307628215971329
74.0, 0.7371435651771483
75.0, 0.7431373811097951
76.0, 0.7487126622964871
77.0, 0.7538854941694203
78.0, 0.7586253383359893
79.0, 0.7629451805408577
80.0, 0.7668160336116261
81.0, 0.770248846614445
82.0, 0.7732144186540795
83.0, 0.7757228477778957
84.0, 0.7777444527280917
85.0, 0.77929116289575
86.0, 0.7996111454433534
87.0, 0.8445180011259872
88.0, 0.8834618689565276
89.0, 0.917461663402615
90.0, 0.9413279636013623
91.0, 0.9413736157616013
92.0, 0.9410443246761919
93.0, 0.9413807823352703
94.0, 0.9410460805308514
95.0, 0.9413811166951893
96.0, 0.9410461182880657
97.0, 0.9413811724218443
98.0, 0.9410460994094568
99.0, 0.9413812838751553
100.0, 0.9410460994094568
101.0, 0.9413812281484997
102.0, 0.9410460994094568
103.0, 0.9413812281484997
104.0, 0.9410460994094568
105.0, 0.9413812838751553
106.0, 0.9410460994094568
107.0, 0.9413812838751553
108.0, 0.9410460994094568
109.0, 0.9413812281484997
110.0, 0.9410460994094568
111.0, 0.9413812281484997
112.0, 0.9410460994094568
113.0, 0.9413812838751553
114.0, 0.9410460994094568
115.0, 0.9382696190517226
116.0, 0.9410650909187489
117.0, 0.9416310084857494
118.0, 0.9410407656008085
119.0, 0.9415081980969133
120.0, 0.9410282416676634
121.0, 0.9413692139930918
122.0, 0.9410295485590265
123.0, 0.9413651232764356
124.0, 0.9410292968703108
125.0, 0.9413643496698504
126.0, 0.9410292132752666
127.0, 0.9413642849673376
128.0, 0.9410291575452376
129.0, 0.9413642849673376
130.0, 0.9410291575452376
131.0, 0.9413642849673376
132.0, 0.9410291575452376
133.0, 0.9413643406944453
134.0, 0.9410291575452376
135.0, 0.9413642849673376
136.0, 0.9410291575452376
137.0, 0.9413642849673376
138.0, 0.9410291575452376
139.0, 0.9413643406944453
140.0, 0.9410291575452376
141.0, 0.9413642849673376
142.0, 0.9410291575452376
143.0, 1.6574730212875926
144.0, 1.6517266313707992
145.0, 1.643854135964642
146.0, 1.6345645901201473
147.0, 1.623232779336309
148.0, 1.6105378832315973
149.0, 1.5959229493606315
150.0, 1.5800178234290447
151.0, 1.645892359917928
152.0, 1.7135512955823202
153.0, 1.782260396628315
154.0, 1.8524620002622252
155.0, 1.9234079641431936
156.0, 1.9956273440764019
157.0, 2.068356808158458
158.0, 2.142194469375172
159.0, 2.216361249744196
160.0, 2.2915107259194643
161.0, 2.366848137727915
162.0, 2.443072099544456
163.0, 2.519372444981797
164.0, 2.596485354756323
165.0, 2.6735859066405094
166.0, 2.751440944522758
167.0, 2.7401255341429445
168.0, 2.816232382512733
169.0, 2.8923495912731907
170.0, 2.969246984810899
171.0, 3.046085421881755
172.0, 3.1236590926470953
173.0, 3.201115984636258
174.0, 3.189812555348743
175.0, 3.2653576719242396
176.0, 3.341672656041645
177.0, 3.328497226670438
178.0, 3.31378806081119
179.0, 3.2968512545032684
180.0, 3.2785066316339178
181.0, 3.3421864822766865
182.0, 3.3605198175246103
183.0, 3.376705634796996
184.0, 3.3914017797771447
185.0, 3.4037473478067146
186.0, 3.414496122531948
187.0, 3.422745850133453
188.0, 3.429324580633226
189.0, 3.4333109189635933
190.0, 3.4355850112133557
191.0, 3.4352295540661193
192.0, 3.433150839693479
193.0, 3.428461136641552
194.0, 3.4220709271752217
195.0, 3.5007911064495807
196.0, 3.5801429407842216
197.0, 3.659245518606146
198.0, 3.6512969684179857
199.0, 3.728670524983218
200.0, 3.806715448537639
201.0, 3.8845573096477093
202.0, 3.9630481885695628
203.0, 4.041304564646039
204.0, 4.1201911203179025
205.0, 4.19881592365669
206.0, 4.278054964022917
207.0, 4.357008517493362
208.0, 4.436562752026829
209.0, 4.515810981583111
210.0, 4.5956476635678865
211.0, 4.675160738421875
212.0, 4.755252172928024
213.0, 4.83500388035095
214.0, 4.915325471710805
215.0, 4.995293044473842
216.0, 5.0758236679511874
217.0, 5.1559870933817455
218.0, 5.2367072789628075
219.0, 5.229256439695762
220.0, 5.308284546432978
221.0, 5.386991149130733
222.0, 5.466288308155455
223.0, 5.472861351609071
224.0, 5.4776604080811655
225.0, 5.4797114178497734
226.0, 5.479961865486837
227.0, 5.477443494797301
228.0, 5.473137357100749
229.0, 5.466108704129791
230.0, 5.457344941206463
231.0, 5.445967428003232
232.0, 5.432944714862593
233.0, 5.41748202675515
234.0, 5.400502500075105
235.0, 5.3813175796205845
236.0, 5.3607812799733265
237.0, 5.338332195205218
238.0, 5.338480362213251
239.0, 5.3440803861445
240.0, 5.338409264782845
241.0, 5.338361051677899
242.0, 5.3384936188597045
243.0, 5.337442613006253
244.0, 5.335131608486031
245.0, 5.332308139605843
246.0, 5.328245881719815
247.0, 5.323567361780391
248.0, 5.317580149981856
249.0, 5.310934328923696
250.0, 5.302942941155432
251.0, 5.294333230334453
252.0, 5.2844138008437405
253.0, 5.274010481151709
254.0, 5.262407006565631
255.0, 5.249107901089807
256.0, 5.237106821222996
257.0, 5.2239602611178295
258.0, 5.210017117471355
259.0, 5.196169682891797
260.0, 5.1816347131062885
261.0, 5.167343197087989
262.0, 5.152501435505259
263.0, 5.179169183367607
264.0, 5.212682490053441
265.0, 5.246709294687825
266.0, 5.281336233940547
267.0, 5.316264349078211
268.0, 5.351230665492581
269.0, 5.385960992046976
270.0, 5.420201090475656
271.0, 5.4536837598519075
272.0, 5.486169409365113
273.0, 5.517410376176832
274.0, 5.547185250733028
275.0, 5.57525582685691
276.0, 5.605799377342309
277.0, 5.63715516156787
278.0, 5.6699275385815175
279.0, 5.678631306764727
280.0, 5.697605654014554
281.0, 5.721584750421843
282.0, 5.7358551931380815
spot_hold
0, 0
1, 0
2, 0
3, 0
4, 0
5, 0
6, 0
7, 0
8, 0
9, 0
10, 0
11, 0
12, 0
13, 0
14, 0
15, 0
16, 0
17, 0
18, 0
19, 0
20, 0
21, 0
22, 0
23, 0
24, 0
25, 0
26, 0
27, 0
28, 0
29, 0
30, 0
31, 0
32, 0
33, 0
34, 0
35, 0
36, 0
37, 0
38, 0
39, 0
40, 0
41, 1
42, 1
43, 1
44, 1
45, 1
46, 1
47, 1
48, 1
49, 1
50, 1
51, 1
52, 1
53, 1
54, 1
55, 1
56, 1
57, 1
58, 1
59, 1
60, 1
61, 1
62, 1
63, 1
64, 1
65, 1
66, 1
67, 1
68, 1
69, 1
70, 1
71, 1
72, 1
73, 1
74, 1
75, 1
76, 1
77, 1
78, 1
79, 1
80, 1
81, 1
82, 1
83, 1
84, 1
85, 1
86, 1
87, 1
88, 1
89, 1
90, 1
91, 1
92, 1
93, 1
94, 1
95, 1
96, 1
97, 1
98, 1
99, 1
100, 1
101, 1
102, 1
103, 1
104, 1
105, 1
106, 1
107, 1
108, 1
109, 1
110, 1
111, 1
112, 1
113, 1
114, 1
115, 1
116, 1
117, 1
118, 1
119, 1
120, 1
121, 1
122, 1
123, 1
124, 1
125, 1
126, 1
127, 1
128, 1
129, 1
130, 1
131, 1
132, 1
133, 1
134, 1
135, 1
136, 1
137, 1
138, 1
139, 1
140, 1
141, 1
142, 1
143, 1
144, 1
145, 1
146, 1
147, 1
148, 1
149, 1
150, 1
151, 1
152, 1
153, 1
154, 1
155, 1
156, 1
157, 1
158, 1
159, 1
160, 1
161, 1
162, 1
163, 1
164, 1
165, 1
166, 1
167, 1
168, 1
169, 1
170, 1
171, 1
172, 1
173, 1
174, 1
175, 1
176, 1
177, 1
178, 1
179, 1
180, 1
181, 1
182, 1
183, 1
184, 1
185, 1
186, 1
187, 1
188, 1
189, 1
190, 1
191, 1
192, 1
193, 1
194, 1
195, 1
196, 1
197, 1
198, 1
199, 1
200, 1
201, 1
202, 1
203, 1
204, 1
205, 1
206, 1
207, 1
208, 1
209, 1
210, 1
211, 1
212, 1
213, 1
214, 1
215, 1
216, 1
217, 1
218, 1
219, 1
220, 1
221, 1
222, 1
223, 1
224, 1
225, 1
226, 1
227, 1
228, 1
229, 1
230, 1
231, 1
232, 1
233, 1
234, 1
235, 1
236, 1
237, 1
238, 1
239, 1
240, 1
241, 1
242, 1
243, 1
244, 1
245, 1
246, 1
247, 1
248, 1
249, 1
250, 1
251, 1
252, 1
253, 1
254, 1
255, 1
256, 1
257, 1
258, 1
259, 1
260, 1
261, 1
262, 1
263, 1
264, 1
265, 1
266, 1
267, 1
268, 1
269, 1
270, 1
271, 1
272, 1
273, 1
274, 1
275, 1
276, 1
277, 1
278, 1
279, 1
280, 1
281, 1
282, 1
