bot_dist
0.0, 3.4828558973172665
1.0, 3.488812286028509
2.0, 3.494787136926628
3.0, 3.5007803554822874
4.0, 3.5067918475227606
5.0, 3.512821519233795
6.0, 3.518869277161414
7.0, 3.524935028213639
8.0, 3.5310186796621466
9.0, 3.5371201391438585
10.0, 3.5432393146624537
11.0, 3.549376114589826
12.0, 3.5555304476674676
13.0, 3.561702223007785
14.0, 3.567891350095362
15.0, 3.5740977387881463
16.0, 3.580321299318584
17.0, 3.5865619422946833
18.0, 3.5928195787010293
19.0, 3.599094119899729
20.0, 3.605385477631302
21.0, 3.6116935640155177
22.0, 3.6180182915521675
23.0, 3.624359573121788
24.0, 3.6307173219863262
25.0, 3.6370914517897543
26.0, 3.643481876558628
27.0, 3.6498885107025916
28.0, 3.656311269014841
29.0, 3.6627500666725243
30.0, 3.6692048192371023
31.0, 3.675675442654656
32.0, 3.682161853256149
33.0, 3.688663967757641
34.0, 3.6951817032604586
35.0, 3.701714977251316
36.0, 3.7082637076023985
37.0, 3.714827812571398
38.0, 3.721407210801505
39.0, 3.7280018213213637
40.0, 3.7346115635449832
41.0, 3.7412363572716085
42.0, 3.7478761226855535
43.0, 3.754530780355994
44.0, 3.7612002512367257
45.0, 3.767884456665884
46.0, 3.7745833183656243
47.0, 3.781296758441773
48.0, 3.7880246993834406
49.0, 3.7947670640625986
50.0, 3.8015237757336307
51.0, 3.8082947580328415
52.0, 3.81507993497794
53.0, 3.821879230967493
54.0, 3.8286925707803445
55.0, 3.8355198795750054
56.0, 3.842361082889015
57.0, 3.8492161066382815
58.0, 3.8560848771163756
59.0, 3.862967320993823
60.0, 3.869863365317347
61.0, 3.876772937509101
62.0, 3.8836959653658667
63.0, 3.890632377058235
64.0, 3.8975821011297556
65.0, 3.9045450664960706
66.0, 3.911521202444018
67.0, 3.91851043863072
68.0, 3.925512705082646
69.0, 3.932527932194653
70.0, 3.939556050729012
71.0, 3.9465969918144053
72.0, 3.9536506869449135
73.0, 3.960717067978978
74.0, 3.967796067138346
75.0, 3.974887617007001
76.0, 3.98199165053007
77.0, 3.989108101012721
78.0, 3.996236902119039
79.0, 4.003377987870888
80.0, 4.010531292646759
81.0, 4.017696751180598
82.0, 4.024874298560628
83.0, 4.032063870228151
84.0, 4.039265401976337
85.0, 4.046478829949
86.0, 4.053704090639366
87.0, 4.060941120888822
88.0, 4.068189857885657
89.0, 4.075450239163793
90.0, 4.082722202601499
91.0, 4.090005686420104
92.0, 4.097300629182691
93.0, 4.1046069697927825
94.0, 4.111924647493025
95.0, 4.11925360186385
96.0, 4.1265937728221465
97.0, 4.133945100619897
98.0, 4.141307525842836
99.0, 4.148680989409081
100.0, 4.15606543256776
101.0, 4.15606543256776
102.0, 4.15606543256776
103.0, 4.15606543256776
104.0, 4.15606543256776
105.0, 4.15606543256776
106.0, 4.15606543256776
107.0, 4.15606543256776
108.0, 4.15606543256776
109.0, 4.15606543256776
110.0, 4.15606543256776
111.0, 4.15606543256776
112.0, 4.15606543256776
113.0, 4.15606543256776
114.0, 4.15606543256776
115.0, 4.15606543256776
116.0, 4.15606543256776
117.0, 4.15606543256776
118.0, 4.15606543256776
119.0, 4.15606543256776
120.0, 4.15606543256776
121.0, 4.15606543256776
122.0, 4.15606543256776
123.0, 4.15606543256776
124.0, 4.15606543256776
125.0, 4.15606543256776
126.0, 4.15606543256776
127.0, 4.15606543256776
128.0, 4.15606543256776
129.0, 4.15606543256776
130.0, 4.15606543256776
131.0, 4.148680989409081
132.0, 4.141307525842836
133.0, 4.133945100619897
134.0, 4.1265937728221465
135.0, 4.11925360186385
136.0, 4.111924647493025
137.0, 4.1046069697927825
138.0, 4.097300629182691
139.0, 4.090005686420104
140.0, 4.082722202601499
141.0, 4.075450239163793
142.0, 4.068189857885657
143.0, 4.06493632072503
144.0, 4.057706416029887
145.0, 4.050488294693519
146.0, 4.043282019823356
147.0, 4.036087654873591
148.0, 4.0289052636464024
149.0, 4.0217349102931825
150.0, 4.014576659315733
151.0, 3.924887059160846
152.0, 3.8352057700907443
153.0, 3.745533347662316
154.0, 3.655870488911154
155.0, 3.5662179151953635
156.0, 3.4765764221942725
157.0, 3.3869468897196735
158.0, 3.2973302931211323
159.0, 3.2077277165954547
160.0, 3.118140368781201
161.0, 3.0285696011086025
162.0, 2.9390169294890343
163.0, 2.8494840600738693
164.0, 2.759972920000276
165.0, 2.670485694285314
166.0, 2.5810248703486103
167.0, 2.5737268550153383
168.0, 2.483512267742639
169.0, 2.3933157466325037
170.0, 2.3031392327815325
171.0, 2.2129851720071256
172.0, 2.1228564249418285
173.0, 2.0327563586809143
174.0, 2.0255125699717684
175.0, 1.935332723754704
176.0, 1.8452323256787813
177.0, 1.838084365125412
178.0, 1.8309631155557409
179.0, 1.8238688898468582
180.0, 1.8168020045660913
181.0, 1.7331666585564016
182.0, 1.7262883267607168
183.0, 1.7194406379714302
184.0, 1.7126239597539832
185.0, 1.7058386638711638
186.0, 1.6990851262990423
187.0, 1.692363727241292
188.0, 1.6856748511418131
189.0, 1.6790188866955726
190.0, 1.6723962268575703
191.0, 1.6658072688498404
192.0, 1.6592524141663987
193.0, 1.652732068576032
194.0, 1.6462466421228408
195.0, 1.5731324792835513
196.0, 1.5012436694889975
197.0, 1.430764928320743
198.0, 1.4236969957147894
199.0, 1.3594774279576072
200.0, 1.2975115111090287
201.0, 1.2381376614132737
202.0, 1.181746638909845
203.0, 1.12878557368297
204.0, 1.0797592912080718
205.0, 1.03522697287156
206.0, 0.9957917184766906
207.0, 0.9620805115103402
208.0, 0.9347128850532261
209.0, 0.9142586872195108
210.0, 0.9011887813568539
211.0, 0.8958264312610172
212.0, 0.8983096754814227
213.0, 0.9085741873928173
214.0, 0.9263613429676285
215.0, 0.951249350128104
216.0, 0.9826987823243094
217.0, 1.0201029603586143
218.0, 1.0628333759208564
219.0, 1.0553037258728646
220.0, 1.1078973195337756
221.0, 1.1640537366172596
222.0, 1.2232824069480392
223.0, 1.2169054072067105
224.0, 1.2105774211704934
225.0, 1.2042992214666606
226.0, 1.1980715907745823
227.0, 1.1918953217609345
228.0, 1.1857712170012376
229.0, 1.1797000888870528
230.0, 1.1736827595181654
231.0, 1.1736827595181654
232.0, 1.1736827595181654
233.0, 1.1736827595181654
234.0, 1.1736827595181654
235.0, 1.1736827595181654
236.0, 1.1736827595181654
237.0, 1.1736827595181654
238.0, 1.1736827595181654
239.0, 1.1736827595181654
240.0, 1.1736827595181654
241.0, 1.1736827595181654
242.0, 1.1736827595181654
243.0, 1.1736827595181654
244.0, 1.1736827595181654
245.0, 1.1736827595181654
246.0, 1.1736827595181654
247.0, 1.1736827595181654
248.0, 1.1736827595181654
249.0, 1.1736827595181654
250.0, 1.1736827595181654
251.0, 1.1736827595181654
252.0, 1.1736827595181654
253.0, 1.1736827595181654
254.0, 1.1736827595181654
255.0, 1.1736827595181654
256.0, 1.1736827595181654
257.0, 1.1736827595181654
258.0, 1.1736827595181654
259.0, 1.1736827595181654
260.0, 1.1736827595181654
261.0, 1.1797000888870528
262.0, 1.1857712170012376
263.0, 1.1918953217609345
264.0, 1.1980715907745823
265.0, 1.2042992214666606
266.0, 1.2105774211704934
267.0, 1.2169054072067105
268.0, 1.2232824069480392
269.0, 1.22970765787108
270.0, 1.2361804075957101
271.0, 1.2426999139127455
272.0, 1.2492654448004736
273.0, 1.2558762784306563
274.0, 1.2625317031645884
275.0, 1.269231017539773
276.0, 1.2759735302477673
277.0, 1.282758560103725
278.0, 1.2895854360081556
279.0, 1.2964534969013881
280.0, 1.3033620917112256
281.0, 1.3103105792942433
282.0, 1.3172983283711779
ee_dist
0.0, 1.1950024734241749
1.0, 1.2401151483555246
2.0, 1.339842302175919
3.0, 1.4277100879588833
4.0, 1.4580092575833477
5.0, 1.4836942434737512
6.0, 1.5168058796382315
7.0, 1.5517879637338023
8.0, 1.588447920354598
9.0, 1.6236468655353429
10.0, 1.6584392031049235
11.0, 1.6913678051807308
12.0, 1.723032819911249
13.0, 1.75777453614309
14.0, 1.799070637679609
15.0, 1.8311011334872094
16.0, 1.8605929743751015
17.0, 1.8866666677316029
18.0, 1.9105817304533055
19.0, 1.9312724369775387
20.0, 1.9506446006327327
21.0, 1.9207583640427455
22.0, 1.8808414973420864
23.0, 1.8375656573270425
24.0, 1.790548136199918
25.0, 1.7400494857478068
26.0, 1.686179877285223
27.0, 1.6292595212156897
28.0, 1.5694516738959787
29.0, 1.5071852070218275
30.0, 1.4427038874734315
31.0, 1.3765739500144458
32.0, 1.3091658074265837
33.0, 1.2412260526824177
34.0, 1.1733310186821144
35.0, 1.106503080295471
36.0, 1.0416591847219037
37.0, 0.9802268715651953
38.0, 0.9235917097439996
39.0, 0.8730591494440271
40.0, 0.8318429848050027
41.0, 0.8455881905467431
42.0, 0.8031379634115571
43.0, 0.8894278345875433
44.0, 0.845470669902741
45.0, 0.800054532214511
46.0, 0.7528708525826786
47.0, 0.7037565602540461
48.0, 0.6530386453899691
49.0, 0.6006887547285508
50.0, 0.5474505810690784
51.0, 0.49402097204404494
52.0, 0.44105306884090945
53.0, 0.3889720005491149
54.0, 0.3388611920272285
55.0, 0.292273060763499
56.0, 0.25274683944059223
57.0, 0.22401275462257816
58.0, 0.2371545634327431
59.0, 0.2810472937666172
60.0, 0.34401887515614016
61.0, 0.423066830351369
62.0, 0.5107066917783822
63.0, 0.5999806572774845
64.0, 0.6851111982109106
65.0, 0.7526892156189335
66.0, 0.8121087892736456
67.0, 0.8719415587330333
68.0, 0.9263071190463589
69.0, 0.9794976768464947
70.0, 1.0321384187781175
71.0, 1.0829513436687952
72.0, 1.1366199867327926
73.0, 1.1964209145711793
74.0, 1.2606835537398386
75.0, 1.3361321701982547
76.0, 1.4208912679691699
77.0, 1.515171767283412
78.0, 1.6140869967326572
79.0, 1.712633716976947
80.0, 1.8063108590792238
81.0, 1.8853994194063692
82.0, 1.9500370587002114
83.0, 2.0138929413520343
84.0, 2.0747717120179563
85.0, 2.13458288232191
86.0, 2.183398621518721
87.0, 2.211925488366505
88.0, 2.242288642545069
89.0, 2.2814041707918227
90.0, 2.3330103100043784
91.0, 2.41515586663483
92.0, 2.50799087529679
93.0, 2.608475752940948
94.0, 2.7152928325586316
95.0, 2.8219893880915223
96.0, 2.9235959281703647
97.0, 3.0136207957697216
98.0, 3.086206791258689
99.0, 3.1542843029161207
100.0, 3.2205382490307017
101.0, 3.2844212638813417
102.0, 3.347635021551145
103.0, 3.409838759228374
104.0, 3.4733155580824895
105.0, 3.5424695235376737
106.0, 3.616627416489788
107.0, 3.6971922653022573
108.0, 3.788374535282615
109.0, 3.887808211856322
110.0, 3.9942333193922153
111.0, 4.102332837999278
112.0, 4.205558889297736
113.0, 4.300281154956429
114.0, 4.375472032647065
115.0, 4.443919723653396
116.0, 4.510021211410103
117.0, 4.573977738286614
118.0, 4.637298740296052
119.0, 4.700538670943588
120.0, 4.762785844903612
121.0, 4.804382322523517
122.0, 4.846191963449635
123.0, 4.88706462067886
124.0, 4.927600178159023
125.0, 4.966673638504392
126.0, 5.004905488400784
127.0, 5.041198813435977
128.0, 5.07620031255436
129.0, 5.108843100162664
130.0, 5.139797259566976
131.0, 5.16803346859364
132.0, 5.19424770266903
133.0, 5.217442617351463
134.0, 5.2383454592988
135.0, 5.255993607970977
136.0, 5.271143229491573
137.0, 5.2828671063237636
138.0, 5.291947280360923
139.0, 5.297497736540299
140.0, 5.30032595612163
141.0, 5.299583900657399
142.0, 5.2961053037602355
143.0, 4.6557366263421756
144.0, 4.6449825823910444
145.0, 4.637173932552726
146.0, 4.631461048764618
147.0, 4.628831431735608
148.0, 4.628354482819356
149.0, 4.63099527796125
150.0, 4.635769703170031
151.0, 4.554141437436336
152.0, 4.472090796662799
153.0, 4.390573540426388
154.0, 4.308640510214951
155.0, 4.227247840947852
156.0, 4.145446370792996
157.0, 4.064193206515436
158.0, 3.982539867240819
159.0, 3.9014439691174005
160.0, 3.819957799425336
161.0, 3.739039995506954
162.0, 3.65774342987649
163.0, 3.5770280834011583
164.0, 3.495948051805664
165.0, 3.4154641478233545
166.0, 3.3346324216473393
167.0, 3.3445189949567644
168.0, 3.2661452737804573
169.0, 3.1884962877943344
170.0, 3.1106689423780876
171.0, 3.033606269644677
172.0, 2.956412307232316
173.0, 2.88003143506277
174.0, 2.8935236517642013
175.0, 2.8209559516256903
176.0, 2.7485511038136634
177.0, 2.7655176631958946
178.0, 2.784215648645096
179.0, 2.80526567711194
180.0, 2.8277439357709753
181.0, 2.7764097400455054
182.0, 2.7531656637801345
183.0, 2.7320032123509908
184.0, 2.712388249141894
185.0, 2.695280742126123
186.0, 2.68000882619004
187.0, 2.6675948365986697
188.0, 2.657245010986153
189.0, 2.6500052794895357
190.0, 2.6449808500752625
191.0, 2.643204542792977
192.0, 2.6437043397231283
193.0, 2.647463511499368
194.0, 2.6534658632207013
195.0, 2.574273238194182
196.0, 2.4948578869801428
197.0, 2.416199092014645
198.0, 2.425725705366562
199.0, 2.3503272282987817
200.0, 2.2750086553149007
201.0, 2.200740257109369
202.0, 2.1266732353777216
203.0, 2.053784994832658
204.0, 1.981254451759998
205.0, 1.9100689333943024
206.0, 1.8394441658822647
207.0, 1.7703811403748935
208.0, 1.7021445180743078
209.0, 1.6357539425692849
210.0, 1.5705391245281253
211.0, 1.5075438550966747
212.0, 1.4461829592683488
213.0, 1.3875301749159603
214.0, 1.3311095544377156
215.0, 1.2780250767918573
216.0, 1.2279311663058388
217.0, 1.181952203410804
218.0, 1.1398829126622079
219.0, 1.1657056549171776
220.0, 1.1355767214965475
221.0, 1.1111329074069736
222.0, 1.0923078351276148
223.0, 1.0644340935211571
224.0, 1.03720023209819
225.0, 1.0113403042016116
226.0, 0.9865797293573302
227.0, 0.963834047785541
228.0, 0.9426763531135498
229.0, 0.9241838169120936
230.0, 0.9077626528952055
231.0, 0.8945975219054972
232.0, 0.8839186519982207
233.0, 0.876945622315565
234.0, 0.8727315586405296
235.0, 0.8724499745874976
236.0, 0.8749978954024407
237.0, 0.8814356523516668
238.0, 0.8905530795230222
239.0, 0.8908184733641001
240.0, 0.8905531032523384
241.0, 0.8908184733641001
242.0, 0.8905531032523384
243.0, 0.8962057711606842
244.0, 0.9088431427636702
245.0, 0.9225312461176093
246.0, 0.9385854524862756
247.0, 0.9556985747612242
248.0, 0.974946989984761
249.0, 0.9949727758724183
250.0, 1.0168942723723653
251.0, 1.0393072323895431
252.0, 1.0633130957971832
253.0, 1.0875010195418775
254.0, 1.1129144510189235
255.0, 1.1381914783419642
256.0, 1.164300856440847
257.0, 1.1899864045781399
258.0, 1.2161343707050083
259.0, 1.2416291880418386
260.0, 1.2700424156271197
261.0, 1.2941224772144715
262.0, 1.3191024729298195
263.0, 1.2907166826999192
264.0, 1.2555529881530647
265.0, 1.218482226151616
266.0, 1.1792278378430927
267.0, 1.1379830702922464
268.0, 1.0947890752991485
269.0, 1.0498610180321206
270.0, 1.00325619152606
271.0, 0.9552403570374398
272.0, 0.9059042807718306
273.0, 0.8555787250393874
274.0, 0.807389884312173
275.0, 0.7604875485879594
276.0, 0.7122674255615542
277.0, 0.6797469948567232
278.0, 0.6315208910508081
279.0, 0.5902431949001573
280.0, 0.5599673541417413
281.0, 0.5254248514703009
282.0, 0.4991449841618156
ee_box_dist
0.0, 0.8630680878597565
1.0, 0.9047066433323244
2.0, 0.9356413548011625
3.0, 0.9674949511159427
4.0, 1.0010028397756001
5.0, 1.0361728742098006
6.0, 1.07260626578081
7.0, 1.1078198929559424
8.0, 1.1425774878926538
9.0, 1.1753369540132306
10.0, 1.2070310956464891
11.0, 1.2368115763123038
12.0, 1.2652887688535441
13.0, 1.2969204255975126
14.0, 1.3346462621185755
15.0, 1.3638471658111924
16.0, 1.3906193181478543
17.0, 1.4141901501147178
18.0, 1.435760481964259
19.0, 1.4543777815235022
20.0, 1.4718176080110241
21.0, 1.4456461411172254
22.0, 1.4109829804778278
23.0, 1.3731407972939793
24.0, 1.3317692972731199
25.0, 1.2870695387469442
26.0, 1.2390701418762313
27.0, 1.1880154439646042
28.0, 1.133945356441804
29.0, 1.0771681513481546
30.0, 1.0177398471765007
31.0, 0.9560541354252377
32.0, 0.8922389769859654
33.0, 0.8268200944076733
34.0, 0.7600832361414767
35.0, 0.6927228620704866
36.0, 0.6252774506395852
37.0, 0.5586645611601257
38.0, 0.49408631982106394
39.0, 0.4330899975829696
40.0, 0.3802047185416367
41.0, 0.3937984287342541
42.0, 0.4075179399176993
43.0, 0.42136058893556655
44.0, 0.4352366552355793
45.0, 0.44916607101513956
46.0, 0.46307475109011925
47.0, 0.4769579835129094
48.0, 0.490799366937545
49.0, 0.5045547342410929
50.0, 0.5182379267060231
51.0, 0.5317946864622899
52.0, 0.5452375040221961
53.0, 0.558493044312016
54.0, 0.5715553132276365
55.0, 0.5843515467911489
56.0, 0.5968701785690408
57.0, 0.6090742603023013
58.0, 0.6209754083415221
59.0, 0.6325666105276704
60.0, 0.6438310894842263
61.0, 0.654799489345986
62.0, 0.6654215973355335
63.0, 0.6757482810158317
64.0, 0.6857284633777077
65.0, 0.6953906471436426
66.0, 0.7047043384925097
67.0, 0.7137075752759673
68.0, 0.7223412862252406
69.0, 0.730638976129868
70.0, 0.7385817061006176
71.0, 0.7461399753150721
72.0, 0.7533217145753701
73.0, 0.7601402874197368
74.0, 0.7665500593226909
75.0, 0.77258631450605
76.0, 0.778195605496155
77.0, 0.7834156623277173
78.0, 0.7881889011112199
79.0, 0.792561457705423
80.0, 0.7964663691698104
81.0, 0.7999498686863946
82.0, 0.8029539784989311
83.0, 0.805503615608711
84.0, 0.8075642845706734
85.0, 0.8091468832185837
86.0, 0.8291647077046871
87.0, 0.8736044275952626
88.0, 0.9122775273572358
89.0, 0.9460738890684275
90.0, 0.969921349964835
91.0, 0.969875450525895
92.0, 0.9696031617706511
93.0, 0.969894989170565
94.0, 0.9696042109097396
95.0, 0.9699011271147226
96.0, 0.9696042864193463
97.0, 0.9699034540300212
98.0, 0.9696046317722766
99.0, 0.9699033156397187
100.0, 0.9696149714277086
101.0, 0.9699073770198972
102.0, 0.969607769795787
103.0, 0.9698994959770992
104.0, 0.969603243332554
105.0, 0.9699116729392431
106.0, 0.969612504785117
107.0, 0.9699089948423713
108.0, 0.9696109523079937
109.0, 0.9699064880623592
110.0, 0.9696101055307109
111.0, 0.9699045375701398
112.0, 0.9696086016591888
113.0, 0.9699058655069908
114.0, 0.9696175729134392
115.0, 0.9686789012840343
116.0, 0.9697475459191707
117.0, 0.970106808107517
118.0, 0.9696232177528229
119.0, 0.9699331695911864
120.0, 0.9696265121823805
121.0, 0.9699153370477115
122.0, 0.9696190916887734
123.0, 0.9699126868543769
124.0, 0.9696232209239616
125.0, 0.9699087950390315
126.0, 0.9696222586033135
127.0, 0.969916920518062
128.0, 0.9696196471610827
129.0, 0.9699162355152806
130.0, 0.969623065527697
131.0, 0.9699134457001936
132.0, 0.9696157389233051
133.0, 0.9699204007928967
134.0, 0.9696246246348348
135.0, 0.9699200119092578
136.0, 0.9696239689577112
137.0, 0.9699194172691787
138.0, 0.9696224867389033
139.0, 0.9699177998879934
140.0, 0.969630821119486
141.0, 0.969920161362917
142.0, 0.9696223350694831
143.0, 1.6824361963328318
144.0, 1.6760251538129738
145.0, 1.6675504214401058
146.0, 1.6575970724398994
147.0, 1.645667760587902
148.0, 1.6323221773214913
149.0, 1.6171329712385563
150.0, 1.6006035088716881
151.0, 1.6654472984053257
152.0, 1.7320656037412034
153.0, 1.799856296755877
154.0, 1.86913833084387
155.0, 1.93928256256658
156.0, 2.0106883199677106
157.0, 2.0827193858697632
158.0, 2.1558379452425225
159.0, 2.22938840413055
160.0, 2.303900107030905
161.0, 2.3786980957702917
162.0, 2.454352581286923
163.0, 2.530172062744862
164.0, 2.606770795053958
165.0, 2.683447018204969
166.0, 2.7608353027928616
167.0, 2.74912845333189
168.0, 2.8246990210677687
169.0, 2.9003740971031373
170.0, 2.9767871671948827
171.0, 3.0532276855053313
172.0, 3.130358194958264
173.0, 3.2074572058156883
174.0, 3.195749720261984
175.0, 3.270875818867269
176.0, 3.346725150041526
177.0, 3.333238089653055
178.0, 3.318162389295355
179.0, 3.3009371320651635
180.0, 3.2822629274263466
181.0, 3.3452635738148744
182.0, 3.363867066976661
183.0, 3.38039534326208
184.0, 3.3953936907310482
185.0, 3.4081119250451986
186.0, 3.419181870391438
187.0, 3.4278226059240167
188.0, 3.434736273095163
189.0, 3.439129201595514
190.0, 3.4417422815244403
191.0, 3.4417962953003074
192.0, 3.4400596351996335
193.0, 3.4357731880865865
194.0, 3.429713880138947
195.0, 3.508771318036363
196.0, 3.5883798407117706
197.0, 3.6677881185688297
198.0, 3.660145291732304
199.0, 3.73788128090377
200.0, 3.816214015861281
201.0, 3.894391164290798
202.0, 3.973143724466632
203.0, 4.051711289760208
204.0, 4.130836172857657
205.0, 4.2097507128205205
206.0, 4.289207205525741
207.0, 4.368431322987124
208.0, 4.448184472869593
209.0, 4.527685911872539
210.0, 4.607704847710055
211.0, 4.68745531553092
212.0, 4.767714295717488
213.0, 4.847690022076896
214.0, 4.928165197537377
215.0, 5.008344451948724
216.0, 5.089016491611811
217.0, 5.169379907423774
218.0, 5.250230021837495
219.0, 5.243042408400032
220.0, 5.322244953945232
221.0, 5.401184053340292
222.0, 5.480642607587419
223.0, 5.487028259995758
224.0, 5.491570799397682
225.0, 5.493430371508882
226.0, 5.493418869461235
227.0, 5.4907095243756405
228.0, 5.486145553858172
229.0, 5.4789305842954805
230.0, 5.469915744395968
231.0, 5.458360440420133
232.0, 5.445102706509594
233.0, 5.429475111241448
234.0, 5.412280183565505
235.0, 5.392947998689919
236.0, 5.372221785320915
237.0, 5.349647753465589
238.0, 5.325888741744511
239.0, 5.325778044620556
240.0, 5.325888299868767
241.0, 5.325777455327579
242.0, 5.325887804886112
243.0, 5.324990441706586
244.0, 5.323087458861913
245.0, 5.320745159481523
246.0, 5.31732575326813
247.0, 5.313379428137667
248.0, 5.30829326618625
249.0, 5.302644331419221
250.0, 5.295821322956427
251.0, 5.288469418379749
252.0, 5.279974466884621
253.0, 5.271069932037766
254.0, 5.261117262058939
255.0, 5.250929520389568
256.0, 5.239828137125893
257.0, 5.228670360657323
258.0, 5.216747319118173
259.0, 5.204919533481637
260.0, 5.190924476611099
261.0, 5.179196452342351
262.0, 5.166307724946042
263.0, 5.19008610465073
264.0, 5.219914254738854
265.0, 5.250204170279216
266.0, 5.281027313860262
267.0, 5.312120837737954
268.0, 5.343250067761619
269.0, 5.374169280916527
270.0, 5.40465224668288
271.0, 5.434461264376183
272.0, 5.4633780228340925
273.0, 5.491183987421995
274.0, 5.516369668826183
275.0, 5.531129650966228
276.0, 5.548718738808208
277.0, 5.54344949631687
278.0, 5.56243821692101
279.0, 5.573959693876975
280.0, 5.57436228357779
281.0, 5.585201444904404
282.0, 5.589275459633115
spot_hold
0, 0
1, 0
2, 0
3, 0
4, 0
5, 0
6, 0
7, 0
8, 0
9, 0
10, 0
11, 0
12, 0
13, 0
14, 0
15, 0
16, 0
17, 0
18, 0
19, 0
20, 0
21, 0
22, 0
23, 0
24, 0
25, 0
26, 0
27, 0
28, 0
29, 0
30, 0
31, 0
32, 0
33, 0
34, 0
35, 0
36, 0
37, 0
38, 0
39, 0
40, 0
41, 1
42, 1
43, 1
44, 1
45, 1
46, 1
47, 1
48, 1
49, 1
50, 1
51, 1
52, 1
53, 1
54, 1
55, 1
56, 1
57, 1
58, 1
59, 1
60, 1
61, 1
62, 1
63, 1
64, 1
65, 1
66, 1
67, 1
68, 1
69, 1
70, 1
71, 1
72, 1
73, 1
74, 1
75, 1
76, 1
77, 1
78, 1
79, 1
80, 1
81, 1
82, 1
83, 1
84, 1
85, 1
86, 1
87, 1
88, 1
89, 1
90, 1
91, 1
92, 1
93, 1
94, 1
95, 1
96, 1
97, 1
98, 1
99, 1
100, 1
101, 1
102, 1
103, 1
104, 1
105, 1
106, 1
107, 1
108, 1
109, 1
110, 1
111, 1
112, 1
113, 1
114, 1
115, 1
116, 1
117, 1
118, 1
119, 1
120, 1
121, 1
122, 1
123, 1
124, 1
125, 1
126, 1
127, 1
128, 1
129, 1
130, 1
131, 1
132, 1
133, 1
134, 1
135, 1
136, 1
137, 1
138, 1
139, 1
140, 1
141, 1
142, 1
143, 1
144, 1
145, 1
146, 1
147, 1
148, 1
149, 1
150, 1
151, 1
152, 1
153, 1
154, 1
155, 1
156, 1
157, 1
158, 1
159, 1
160, 1
161, 1
162, 1
163, 1
164, 1
165, 1
166, 1
167, 1
168, 1
169, 1
170, 1
171, 1
172, 1
173, 1
174, 1
175, 1
176, 1
177, 1
178, 1
179, 1
180, 1
181, 1
182, 1
183, 1
184, 1
185, 1
186, 1
187, 1
188, 1
189, 1
190, 1
191, 1
192, 1
193, 1
194, 1
195, 1
196, 1
197, 1
198, 1
199, 1
200, 1
201, 1
202, 1
203, 1
204, 1
205, 1
206, 1
207, 1
208, 1
209, 1
210, 1
211, 1
212, 1
213, 1
214, 1
215, 1
216, 1
217, 1
218, 1
219, 1
220, 1
221, 1
222, 1
223, 1
224, 1
225, 1
226, 1
227, 1
228, 1
229, 1
230, 1
231, 1
232, 1
233, 1
234, 1
235, 1
236, 1
237, 1
238, 1
239, 1
240, 1
241, 1
242, 1
243, 1
244, 1
245, 1
246, 1
247, 1
248, 1
249, 1
250, 1
251, 1
252, 1
253, 1
254, 1
255, 1
256, 1
257, 1
258, 1
259, 1
260, 1
261, 1
262, 1
263, 1
264, 1
265, 1
266, 1
267, 1
268, 1
269, 1
270, 1
271, 1
272, 1
273, 1
274, 1
275, 1
276, 1
277, 1
278, 1
279, 1
280, 1
281, 1
282, 1
