bot_dist
0.0, 2.997946656345891
1.0, 3.0015347157530137
2.0, 3.0051517689795504
3.0, 3.0087977114599602
4.0, 3.0124724383017756
5.0, 3.016175844297606
6.0, 3.0199078239370625
7.0, 3.0236682714186043
8.0, 3.027457080661299
9.0, 3.0312741453165
10.0, 3.0351193587794367
11.0, 3.0389926142007155
12.0, 3.0428938044977314
13.0, 3.046822822365986
14.0, 3.050779560290315
15.0, 3.054763910556015
16.0, 3.058775765259881
17.0, 3.062815016321135
18.0, 3.0668815554922695
19.0, 3.0709752743697742
20.0, 3.075096064404771
21.0, 3.0792438169135448
22.0, 3.083418423087962
23.0, 3.087619774005794
24.0, 3.091847760640926
25.0, 3.0961022738734587
26.0, 3.1003832044997073
27.0, 3.104690443242083
28.0, 3.1090238807588713
29.0, 3.113383407653892
30.0, 3.1177689144860534
31.0, 3.122180291778793
32.0, 3.1266174300294
33.0, 3.1310802197182315
34.0, 3.1355685513178098
35.0, 3.1400823153018047
36.0, 3.144621402153906
37.0, 3.149185702376573
38.0, 3.153775106499676
39.0, 3.158389505089015
40.0, 3.1630287887547275
41.0, 3.167692848159579
42.0, 3.172381574027133
43.0, 3.177094744487091
44.0, 3.181832361908253
45.0, 3.186594317252251
46.0, 3.191380501573035
47.0, 3.196190806024463
48.0, 3.201025121867772
49.0, 3.2058833404789375
50.0, 3.210765353355914
51.0, 3.2156710521257614
52.0, 3.2206003285516505
53.0, 3.225553074539765
54.0, 3.2305291821460753
55.0, 3.2355285435830083
56.0, 3.240551051225996
57.0, 3.2455965976199135
58.0, 3.2506650754854065
59.0, 3.2557563777250986
60.0, 3.260870397429695
61.0, 3.266007027883968
62.0, 3.2711661625726345
63.0, 3.2763476951861215
64.0, 3.2815515196262233
65.0, 3.286777530011649
66.0, 3.2920256206834573
67.0, 3.2972956862103917
68.0, 3.302587621394101
69.0, 3.3079013212742554
70.0, 3.313236681133558
71.0, 3.3185935965026494
72.0, 3.323971963164912
73.0, 3.3293716771611637
74.0, 3.334792634794255
75.0, 3.3402347326335633
76.0, 3.3456978675193825
77.0, 3.3511819365672175
78.0, 3.3566868371719747
79.0, 3.3622124670120597
80.0, 3.3677587240533686
81.0, 3.3733255065531926
82.0, 3.3789127130640217
83.0, 3.384520242437252
84.0, 3.390147993826802
85.0, 3.3957958666926364
86.0, 3.4014637608041967
87.0, 3.407151576243739
88.0, 3.412859213409585
89.0, 3.4185865730192817
90.0, 3.424333556112675
91.0, 3.4301000640548907
92.0, 3.435885998539239
93.0, 3.441691261590024
94.0, 3.447515755565275
95.0, 3.4533593831593925
96.0, 3.459222047405711
97.0, 3.465103651678984
98.0, 3.4710040996977853
99.0, 3.4769232955268317
100.0, 3.4828611435792305
101.0, 3.4828611435792305
102.0, 3.4828611435792305
103.0, 3.4828611435792305
104.0, 3.4828611435792305
105.0, 3.4828611435792305
106.0, 3.4828611435792305
107.0, 3.4828611435792305
108.0, 3.4828611435792305
109.0, 3.4828611435792305
110.0, 3.4828611435792305
111.0, 3.4828611435792305
112.0, 3.4828611435792305
113.0, 3.4828611435792305
114.0, 3.4828611435792305
115.0, 3.4828611435792305
116.0, 3.4828611435792305
117.0, 3.4828611435792305
118.0, 3.4828611435792305
119.0, 3.4828611435792305
120.0, 3.4828611435792305
121.0, 3.4828611435792305
122.0, 3.4828611435792305
123.0, 3.4828611435792305
124.0, 3.4828611435792305
125.0, 3.4828611435792305
126.0, 3.4828611435792305
127.0, 3.4828611435792305
128.0, 3.4828611435792305
129.0, 3.4828611435792305
130.0, 3.4828611435792305
131.0, 3.4769232955268317
132.0, 3.4710040996977853
133.0, 3.465103651678984
134.0, 3.459222047405711
135.0, 3.4533593831593925
136.0, 3.447515755565275
137.0, 3.441691261590024
138.0, 3.435885998539239
139.0, 3.4301000640548907
140.0, 3.424333556112675
141.0, 3.4185865730192817
142.0, 3.412859213409585
143.0, 3.4119124208754217
144.0, 3.4062325552269637
145.0, 3.4005726094983735
146.0, 3.3949326833196074
147.0, 3.389312876630202
148.0, 3.383713289675922
149.0, 3.3781340230053245
150.0, 3.372575177466227
151.0, 3.2841042012694457
152.0, 3.195711138393668
153.0, 3.107402587862593
154.0, 3.019186019407351
155.0, 2.93106973820862
156.0, 2.8430630690204133
157.0, 2.7551765156412524
158.0, 2.667421950869838
159.0, 2.5798128438612182
160.0, 2.4923645336202815
161.0, 2.405094559736281
162.0, 2.318023064558622
163.0, 2.2311732850915713
164.0, 2.144572158290497
165.0, 2.0582510706546677
166.0, 1.972246792699962
167.0, 1.9677748193347322
168.0, 1.884039118777044
169.0, 1.800953325826741
170.0, 1.718611458700922
171.0, 1.6371257720765735
172.0, 1.5566307284208465
173.0, 1.4772882721995075
174.0, 1.474104196438508
175.0, 1.3997305196796381
176.0, 1.3274282945076918
177.0, 1.325042437083292
178.0, 1.3227278793093427
179.0, 1.3204849961098697
180.0, 1.318314153310547
181.0, 1.270566917664269
182.0, 1.2690724165567149
183.0, 1.2676550415179395
184.0, 1.2663150515275132
185.0, 1.265052692492664
186.0, 1.2638681970281862
187.0, 1.262761784246795
188.0, 1.1930608895074923
189.0, 1.1924891675623044
190.0, 1.122170471564872
191.0, 1.0547179361780743
192.0, 0.9907171430595517
193.0, 0.9308803173454463
194.0, 0.8760610982705326
195.0, 0.8272575811665429
196.0, 0.7855917122174859
197.0, 0.752250454320114
198.0, 0.72837787497807
199.0, 0.7149231332829109
200.0, 0.7124766798017146
201.0, 0.7211505578117718
202.0, 0.7405541234885665
203.0, 0.7698765275109658
204.0, 0.8080386750778092
205.0, 0.8538561402504491
206.0, 0.9061684672719648
207.0, 0.9639187978898347
208.0, 1.0261894473173463
209.0, 1.0922075304896557
210.0, 1.1613341347535935
211.0, 1.2330464964773882
212.0, 1.3069191490824126
213.0, 1.3162880427931343
214.0, 1.387633674040485
215.0, 1.4608660274476688
216.0, 1.4700022354279845
217.0, 1.4791496216851043
218.0, 1.488307980108446
219.0, 1.4974771093853676
220.0, 1.5066568128698743
221.0, 1.5158468984553277
222.0, 1.5250471784510289
223.0, 1.534257469462551
224.0, 1.543477592275701
225.0, 1.5527073717439928
226.0, 1.5619466366795178
227.0, 1.571195219747106
228.0, 1.5804529573616652
229.0, 1.5897196895886045
230.0, 1.5989952600472344
231.0, 1.5989952600472344
232.0, 1.5989952600472344
233.0, 1.5989952600472344
234.0, 1.5989952600472344
235.0, 1.5989952600472344
236.0, 1.5989952600472344
237.0, 1.5989952600472344
238.0, 1.5989952600472344
239.0, 1.5989952600472344
240.0, 1.5989952600472344
241.0, 1.5989952600472344
242.0, 1.5989952600472344
243.0, 1.5989952600472344
244.0, 1.5989952600472344
245.0, 1.5989952600472344
246.0, 1.5989952600472344
247.0, 1.5989952600472344
248.0, 1.5989952600472344
249.0, 1.5989952600472344
250.0, 1.5989952600472344
251.0, 1.5989952600472344
252.0, 1.5989952600472344
253.0, 1.5989952600472344
254.0, 1.5989952600472344
255.0, 1.5989952600472344
256.0, 1.5989952600472344
257.0, 1.5989952600472344
258.0, 1.5989952600472344
259.0, 1.5989952600472344
260.0, 1.5989952600472344
261.0, 1.5897196895886045
262.0, 1.5804529573616652
263.0, 1.571195219747106
264.0, 1.5619466366795178
265.0, 1.5527073717439928
266.0, 1.543477592275701
267.0, 1.534257469462551
268.0, 1.5250471784510289
269.0, 1.5158468984553277
270.0, 1.5066568128698743
271.0, 1.4974771093853676
272.0, 1.488307980108446
273.0, 1.4791496216851043
274.0, 1.4700022354279845
275.0, 1.4608660274476688
276.0, 1.4517412087881134
277.0, 1.442627995566352
278.0, 1.4335266091166172
279.0, 1.4244372761390234
280.0, 1.4153602288529636
281.0, 1.4062957051553717
282.0, 1.397243948784017
ee_dist
0.0, 0.8922543192929631
1.0, 0.8961336653440607
2.0, 0.9709465728761947
3.0, 1.0465360131989798
4.0, 1.0725317684579392
5.0, 1.0977218661301904
6.0, 1.1326839366179746
7.0, 1.169091604512095
8.0, 1.2055567701702496
9.0, 1.2471742484343251
10.0, 1.2838756447186963
11.0, 1.3180418677091763
12.0, 1.350824397400983
13.0, 1.381148602470612
14.0, 1.4097236346890474
15.0, 1.4352704466488737
16.0, 1.4599324452792921
17.0, 1.481590092800608
18.0, 1.5028919243647036
19.0, 1.521168567341159
20.0, 1.5396581511187668
21.0, 1.515726572428392
22.0, 1.4819322158203385
23.0, 1.4451824958295232
24.0, 1.404996912432574
25.0, 1.3615562809836983
26.0, 1.31486850944808
27.0, 1.2651436044353888
28.0, 1.2124109888987598
29.0, 1.1569505781542975
30.0, 1.0988242894231983
31.0, 1.0383971933259146
32.0, 0.9757878467156433
33.0, 0.9114720693898806
34.0, 0.8456807037018071
35.0, 0.7790933197568635
36.0, 0.7122023977865621
37.0, 0.6461044375161832
38.0, 0.5812680782035534
39.0, 0.5213889323462563
40.0, 0.46694209341713816
41.0, 0.48268209221205993
42.0, 0.7047848482017263
43.0, 1.208935697733535
44.0, 1.168866796820358
45.0, 1.1276101152775573
46.0, 1.0833265154976124
47.0, 1.0373739106146105
48.0, 0.9886134082251535
49.0, 0.9380315852438587
50.0, 0.8854700937993446
51.0, 0.8318181094404639
52.0, 0.777083023673516
53.0, 0.7213999772415053
54.0, 0.6648487630202026
55.0, 0.6075757736020954
56.0, 0.5504869376909588
57.0, 0.49385682545121296
58.0, 0.5465049794294078
59.0, 0.621320199953974
60.0, 0.7048188538640651
61.0, 0.7968089268767433
62.0, 0.8916524963233953
63.0, 0.984239166242859
64.0, 1.0705360908845085
65.0, 1.1370969167359115
66.0, 1.1933953174827514
67.0, 1.2508711633983585
68.0, 1.3037270768219147
69.0, 1.3561345372244846
70.0, 1.40893249080248
71.0, 1.460067012086029
72.0, 1.5163350407983565
73.0, 1.5778780943860367
74.0, 1.6441630393275426
75.0, 1.7215199075682017
76.0, 1.8081010005183291
77.0, 1.9040254047136074
78.0, 2.0041362677267696
79.0, 2.1032652316942793
80.0, 2.1970217124250078
81.0, 2.2755256655864837
82.0, 2.3390366349631515
83.0, 2.40148446351806
84.0, 2.461410021946873
85.0, 2.5204556917058083
86.0, 2.569261745139965
87.0, 2.597582993130018
88.0, 2.6281769259861743
89.0, 2.667794861677638
90.0, 2.7180511687975586
91.0, 2.802055574856257
92.0, 2.896048930303567
93.0, 2.9976760799363706
94.0, 3.105512224710571
95.0, 3.2279377975673986
96.0, 3.3136325280806926
97.0, 3.40517903788763
98.0, 3.4767602448380255
99.0, 3.5443047437768485
100.0, 3.609727097662812
101.0, 3.6736418929514474
102.0, 3.7364283955756328
103.0, 3.7990801533729313
104.0, 3.862856399875468
105.0, 3.93271292305032
106.0, 4.00718613014701
107.0, 4.088696960313078
108.0, 4.180179052909892
109.0, 4.280580971892451
110.0, 4.3872741509404705
111.0, 4.496106026761913
112.0, 4.599176213016509
113.0, 4.694164972473211
114.0, 4.768771007627674
115.0, 4.835817630590245
116.0, 4.8812793162549895
117.0, 4.92607549036042
118.0, 4.969593171513391
119.0, 5.011893310633138
120.0, 5.052393014121532
121.0, 5.0911785845231705
122.0, 5.127701448063103
123.0, 5.162080613099001
124.0, 5.193800609646016
125.0, 5.223012785114183
126.0, 5.2492363031876526
127.0, 5.272657230748783
128.0, 5.2928303969652655
129.0, 5.309971458903678
130.0, 5.323674183407816
131.0, 5.334187798578661
132.0, 5.3411428084215204
133.0, 5.344817690150297
134.0, 5.344881727555797
135.0, 5.341646817495879
136.0, 5.334818163000397
137.0, 5.324739296298146
138.0, 5.311151648719643
139.0, 5.294432993255739
140.0, 5.2743639844991
141.0, 5.25134869217371
142.0, 5.235631214035794
143.0, 4.6121488732541875
144.0, 4.600357467539217
145.0, 4.5908452742810235
146.0, 4.584009376772481
147.0, 4.579581806176818
148.0, 4.577936210434893
149.0, 4.5787451914520805
150.0, 4.582346974866342
151.0, 4.4997551318764
152.0, 4.417367205219432
153.0, 4.334839450171706
154.0, 4.252519113210264
155.0, 4.170063221632557
156.0, 4.087818509282449
157.0, 4.005443213311182
158.0, 3.9232839835676225
159.0, 3.8409999680710643
160.0, 3.758937328653857
161.0, 3.67675674313915
162.0, 3.5948043173395114
163.0, 3.5025031959316135
164.0, 3.4316757710801338
165.0, 3.3305300833581066
166.0, 3.252433324863842
167.0, 3.2757641459525932
168.0, 3.1952451433652667
169.0, 3.1155592776454837
170.0, 3.0361214141653967
171.0, 2.9568496860824416
172.0, 2.8778323691281025
173.0, 2.7990631644203403
174.0, 2.8106674708673722
175.0, 2.7351221489854787
176.0, 2.6599778885690686
177.0, 2.6744606458990736
178.0, 2.6916817534943953
179.0, 2.710576008983626
180.0, 2.7318087864279947
181.0, 2.6754658618828167
182.0, 2.6541492802161906
183.0, 2.6343654791083333
184.0, 2.617040169039524
185.0, 2.6015595288219724
186.0, 2.58887220403049
187.0, 2.578287892657375
188.0, 2.498825170300093
189.0, 2.4906059556466764
190.0, 2.409388158133499
191.0, 2.3279294806429105
192.0, 2.2469822972353137
193.0, 2.1658584544518695
194.0, 2.0852498638229653
195.0, 2.0045440058389303
196.0, 1.9243616074652676
197.0, 1.8441844217751895
198.0, 1.7645462614838472
199.0, 1.685049419284264
200.0, 1.606124427825873
201.0, 1.5275215901112855
202.0, 1.4495539751223718
203.0, 1.3721499924110738
204.0, 1.295504062419587
205.0, 1.219890352904732
206.0, 1.1447397394564152
207.0, 1.0717100747321135
208.0, 0.9993589216915767
209.0, 0.929753225599097
210.0, 0.8617272719566743
211.0, 0.7974692826561803
212.0, 0.7361894414513416
213.0, 0.7174387782462374
214.0, 0.6545919071118556
215.0, 0.5976003324738924
216.0, 0.5771853790050708
217.0, 0.5601556155429207
218.0, 0.5452854588467564
219.0, 0.5346453714127741
220.0, 0.5266558216543455
221.0, 0.5234527946280296
222.0, 0.5232631529587017
223.0, 0.5279372288098131
224.0, 0.5354693879870709
225.0, 0.5475129512143273
226.0, 0.5619510550535409
227.0, 0.5801165303840752
228.0, 0.6001603287215299
229.0, 0.6004794192033106
230.0, 0.6001575831513033
231.0, 0.6004882150112545
232.0, 0.6001556071537525
233.0, 0.600468062295293
234.0, 0.6001588676001358
235.0, 0.6004849642029196
236.0, 0.6001559886708238
237.0, 0.6004778324430659
238.0, 0.6001569483124077
239.0, 0.6004860160376593
240.0, 0.6001559652967282
241.0, 0.6004702659654272
242.0, 0.6001588392405992
243.0, 0.6060155167876483
244.0, 0.6190423267645839
245.0, 0.6310771662565812
246.0, 0.646206362910836
247.0, 0.662253146031229
248.0, 0.6800290361878594
249.0, 0.6984410748870414
250.0, 0.718305426146677
251.0, 0.7385241446641471
252.0, 0.7599118725998201
253.0, 0.7814071389203688
254.0, 0.8037626981815872
255.0, 0.8259959626568062
256.0, 0.8487678786934921
257.0, 0.8712094207917253
258.0, 0.8938844583873644
259.0, 0.9160510290868913
260.0, 0.9381885370112113
261.0, 0.9596748599587959
262.0, 0.9809443561647349
263.0, 0.9616612298393703
264.0, 0.9386597671804289
265.0, 0.9147129453503828
266.0, 0.8896790840899981
267.0, 0.8637679392669032
268.0, 0.837037455926919
269.0, 0.8097300652269375
270.0, 0.7819306755916087
271.0, 0.7539346791213992
272.0, 0.7258627781228146
273.0, 0.6980735486833672
274.0, 0.6707442823720156
275.0, 0.6442884050920685
276.0, 0.6188999340330217
277.0, 0.5950210234129671
278.0, 0.5728426819538813
279.0, 0.5529946673477285
280.0, 0.5356743724917291
281.0, 0.5219830210960301
282.0, 0.5180779007782254
ee_box_dist
0.0, 0.6767797296123506
1.0, 0.7250288248741754
2.0, 0.7561245332126336
3.0, 0.7929236452253979
4.0, 0.8283203715727184
5.0, 0.8654119039994711
6.0, 0.9033264256561158
7.0, 0.9381332615289072
8.0, 0.9715268749688396
9.0, 1.0093461185638266
10.0, 1.041867069870941
11.0, 1.071779685495181
12.0, 1.1003099155621032
13.0, 1.1266519616525976
14.0, 1.1513840967901732
15.0, 1.1734323358759315
16.0, 1.194757073357445
17.0, 1.213430031009529
18.0, 1.2319072081592348
19.0, 1.2476697384198316
20.0, 1.2637840035563435
21.0, 1.2419080426955007
22.0, 1.2114977516597476
23.0, 1.1784508111448675
24.0, 1.1432583266612246
25.0, 1.1046023176455866
26.0, 1.0635219804395672
27.0, 1.018330292357922
28.0, 0.9707812904385709
29.0, 0.9221188620095659
30.0, 0.8720293120768797
31.0, 0.8177083327147109
32.0, 0.7623626585124609
33.0, 0.7036449026143624
34.0, 0.6422289813640225
35.0, 0.5821222330873509
36.0, 0.5151717107641316
37.0, 0.450562014231926
38.0, 0.38582941634791723
39.0, 0.3355836221775988
40.0, 0.280296840273605
41.0, 0.2938436852294798
42.0, 0.28906244202800646
43.0, 0.3024218505069469
44.0, 0.31419172161891495
45.0, 0.32675848556615894
46.0, 0.338586359039262
47.0, 0.35102921747712484
48.0, 0.3628743633605485
49.0, 0.3750369001730359
50.0, 0.38684689560607743
51.0, 0.3987042424612671
52.0, 0.41043359648126876
53.0, 0.4220418366893631
54.0, 0.43349316128927184
55.0, 0.44469370743896414
56.0, 0.45566373782225245
57.0, 0.4663127321896674
58.0, 0.47664929657470095
59.0, 0.486498068702112
60.0, 0.4962802662898641
61.0, 0.5057466490454529
62.0, 0.5148513223745386
63.0, 0.5237046006208547
64.0, 0.5322232465383425
65.0, 0.5404416335692523
66.0, 0.54835810003649
67.0, 0.5559716260723319
68.0, 0.5632644351619365
69.0, 0.570251095903964
70.0, 0.5768952593462032
71.0, 0.5832212943130006
72.0, 0.5892351301962058
73.0, 0.5948846442986346
74.0, 0.6001648437307613
75.0, 0.6051031857387371
76.0, 0.6096586539953258
77.0, 0.6138565405067288
78.0, 0.6176573942999117
79.0, 0.6210826939918987
80.0, 0.6240952393565039
81.0, 0.6267132971938263
82.0, 0.6288998580530414
83.0, 0.6306024835894757
84.0, 0.6319706475029309
85.0, 0.6331471772911579
86.0, 0.6547009635145501
87.0, 0.7010662137659565
88.0, 0.7405964997825488
89.0, 0.7742606619808775
90.0, 0.7999895412782182
91.0, 0.7992573057374851
92.0, 0.7989808499032288
93.0, 0.7993038980310561
94.0, 0.798979512033286
95.0, 0.782720358535411
96.0, 0.8002126037704004
97.0, 0.7986934481039416
98.0, 0.7990352067977577
99.0, 0.7990284219785424
100.0, 0.7990905770651173
101.0, 0.7990337248512449
102.0, 0.7990920226714331
103.0, 0.7990340078391022
104.0, 0.7990919540366083
105.0, 0.7990338209353175
106.0, 0.799091967763573
107.0, 0.7990339888484457
108.0, 0.799091967763573
109.0, 0.799033779756429
110.0, 0.799091967763573
111.0, 0.7990339888484457
112.0, 0.7990919128557138
113.0, 0.7990337438419033
114.0, 0.7990919318549472
115.0, 0.7990339529339172
116.0, 0.7990918769470864
117.0, 0.7990337438419033
118.0, 0.7990918959463243
119.0, 0.7990339170193919
120.0, 0.7990918410384623
121.0, 0.7990337079273808
122.0, 0.7990918959463243
123.0, 0.7990339307456885
124.0, 0.7990918653099869
125.0, 0.7990336994654558
126.0, 0.7990919012186025
127.0, 0.7990339222837604
128.0, 0.7990918653099869
129.0, 0.7990336772772377
130.0, 0.7990918653099869
131.0, 0.7990338863692423
132.0, 0.7990918653099869
133.0, 0.7990336413627255
134.0, 0.7990918294013744
135.0, 0.7990338504547273
136.0, 0.7990918294013744
137.0, 0.7990336413627255
138.0, 0.7990918294013744
139.0, 0.7990338504547273
140.0, 0.799091807219732
141.0, 0.7990335917219181
142.0, 0.7990917523118639
143.0, 1.5151106242240437
144.0, 1.510192028562351
145.0, 1.503762827232652
146.0, 1.4954275102888683
147.0, 1.4856303727413784
148.0, 1.4739977719870792
149.0, 1.4609753083799166
150.0, 1.4462164150488799
151.0, 1.5137595532622399
152.0, 1.5826247691890942
153.0, 1.6530077758377912
154.0, 1.724359457331344
155.0, 1.7969297012718404
156.0, 1.8702100163235633
157.0, 1.9444881816608333
158.0, 2.0192848662481073
159.0, 2.0949146185669107
160.0, 2.1709197906159345
161.0, 2.2476335695493024
162.0, 2.3246138872147637
163.0, 2.4105100717206476
164.0, 2.4793195810368474
165.0, 2.5745067577362923
166.0, 2.6497152289204013
167.0, 2.6261826984811147
168.0, 2.7037411080015272
169.0, 2.781139761200764
170.0, 2.858769927679613
171.0, 2.9368083900844257
172.0, 3.0150543157704033
173.0, 3.0936201163798187
174.0, 3.0832245788623402
175.0, 3.1600374055060017
176.0, 3.2371784475065986
177.0, 3.2255482539948797
178.0, 3.2114625867823583
179.0, 3.1959904440986553
180.0, 3.178262035026037
181.0, 3.2441559155698627
182.0, 3.2610796681791907
183.0, 3.2766200382315755
184.0, 3.2898190497439184
185.0, 3.3014971483573468
186.0, 3.310700353764602
187.0, 3.318274362610357
188.0, 3.3991089225210933
189.0, 3.404428134618539
190.0, 3.486264725444839
191.0, 3.56856582786039
192.0, 3.6505320263669274
193.0, 3.732925618836298
194.0, 3.8150064467605485
195.0, 3.8974745937882234
196.0, 3.9796607668811217
197.0, 4.062187928960894
198.0, 4.144475009204533
199.0, 4.227046400381743
200.0, 4.3094302545603185
201.0, 4.392031115749915
202.0, 4.474509266859983
203.0, 4.557129699507796
204.0, 4.639700164247087
205.0, 4.7221802975723035
206.0, 4.805250088186673
207.0, 4.887500232191238
208.0, 4.970645856676689
209.0, 5.052958794256323
210.0, 5.136118482849879
211.0, 5.218447152933967
212.0, 5.301671923464297
213.0, 5.303040540179025
214.0, 5.386449150776901
215.0, 5.469019849584281
216.0, 5.468978875186436
217.0, 5.465808283591028
218.0, 5.461210950082251
219.0, 5.453552241612303
220.0, 5.444547952779659
221.0, 5.432632030441805
222.0, 5.419360425167459
223.0, 5.403410205459028
224.0, 5.386246648020818
225.0, 5.3666445745637485
226.0, 5.345978910700103
227.0, 5.3232329320957765
228.0, 5.299520418067809
229.0, 5.29931344969003
230.0, 5.29952218449555
231.0, 5.2993071463418815
232.0, 5.299523017493874
233.0, 5.299321866337985
234.0, 5.299521353458325
235.0, 5.299309571422594
236.0, 5.299523071556697
237.0, 5.2993146550671515
238.0, 5.299522497066933
239.0, 5.299308705432396
240.0, 5.299522806427859
241.0, 5.299320166579977
242.0, 5.299521207468468
243.0, 5.299404713929265
244.0, 5.299047190070211
245.0, 5.2992796586661886
246.0, 5.297779950959217
247.0, 5.295586504205519
248.0, 5.292186664369696
249.0, 5.287979441302858
250.0, 5.282516002969634
251.0, 5.276275202567586
252.0, 5.268799646215424
253.0, 5.2606696015005845
254.0, 5.251396581917947
255.0, 5.241660922749802
256.0, 5.230923578185441
257.0, 5.2199375801827
258.0, 5.2081198855872906
259.0, 5.196262832830065
260.0, 5.183756532432896
261.0, 5.171405049622107
262.0, 5.158565770528137
263.0, 5.18001781804846
264.0, 5.206995594727837
265.0, 5.2342808240558965
266.0, 5.261949512777241
267.0, 5.2897687711145025
268.0, 5.317529638049011
269.0, 5.345017288824565
270.0, 5.372027547689632
271.0, 5.398354156789891
272.0, 5.4238084901295185
273.0, 5.448198483702465
274.0, 5.471348846690654
275.0, 5.493108979489282
276.0, 5.5133791168703
277.0, 5.532071293254101
278.0, 5.549167583942113
279.0, 5.56445446009505
280.0, 5.5779709729888705
281.0, 5.589098689788153
282.0, 5.597485591010834
spot_hold
0, 0
1, 0
2, 0
3, 0
4, 0
5, 0
6, 0
7, 0
8, 0
9, 0
10, 0
11, 0
12, 0
13, 0
14, 0
15, 0
16, 0
17, 0
18, 0
19, 0
20, 0
21, 0
22, 0
23, 0
24, 0
25, 0
26, 0
27, 0
28, 0
29, 0
30, 0
31, 0
32, 0
33, 0
34, 0
35, 0
36, 0
37, 0
38, 0
39, 0
40, 0
41, 1
42, 1
43, 1
44, 1
45, 1
46, 1
47, 1
48, 1
49, 1
50, 1
51, 1
52, 1
53, 1
54, 1
55, 1
56, 1
57, 1
58, 1
59, 1
60, 1
61, 1
62, 1
63, 1
64, 1
65, 1
66, 1
67, 1
68, 1
69, 1
70, 1
71, 1
72, 1
73, 1
74, 1
75, 1
76, 1
77, 1
78, 1
79, 1
80, 1
81, 1
82, 1
83, 1
84, 1
85, 1
86, 1
87, 1
88, 1
89, 1
90, 1
91, 1
92, 1
93, 1
94, 1
95, 1
96, 1
97, 1
98, 1
99, 1
100, 1
101, 1
102, 1
103, 1
104, 1
105, 1
106, 1
107, 1
108, 1
109, 1
110, 1
111, 1
112, 1
113, 1
114, 1
115, 1
116, 1
117, 1
118, 1
119, 1
120, 1
121, 1
122, 1
123, 1
124, 1
125, 1
126, 1
127, 1
128, 1
129, 1
130, 1
131, 1
132, 1
133, 1
134, 1
135, 1
136, 1
137, 1
138, 1
139, 1
140, 1
141, 1
142, 1
143, 1
144, 1
145, 1
146, 1
147, 1
148, 1
149, 1
150, 1
151, 1
152, 1
153, 1
154, 1
155, 1
156, 1
157, 1
158, 1
159, 1
160, 1
161, 1
162, 1
163, 1
164, 1
165, 1
166, 1
167, 1
168, 1
169, 1
170, 1
171, 1
172, 1
173, 1
174, 1
175, 1
176, 1
177, 1
178, 1
179, 1
180, 1
181, 1
182, 1
183, 1
184, 1
185, 1
186, 1
187, 1
188, 1
189, 1
190, 1
191, 1
192, 1
193, 1
194, 1
195, 1
196, 1
197, 1
198, 1
199, 1
200, 1
201, 1
202, 1
203, 1
204, 1
205, 1
206, 1
207, 1
208, 1
209, 1
210, 1
211, 1
212, 1
213, 1
214, 1
215, 1
216, 1
217, 1
218, 1
219, 1
220, 1
221, 1
222, 1
223, 1
224, 1
225, 1
226, 1
227, 1
228, 1
229, 1
230, 1
231, 1
232, 1
233, 1
234, 1
235, 1
236, 1
237, 1
238, 1
239, 1
240, 1
241, 1
242, 1
243, 1
244, 1
245, 1
246, 1
247, 1
248, 1
249, 1
250, 1
251, 1
252, 1
253, 1
254, 1
255, 1
256, 1
257, 1
258, 1
259, 1
260, 1
261, 1
262, 1
263, 1
264, 1
265, 1
266, 1
267, 1
268, 1
269, 1
270, 1
271, 1
272, 1
273, 1
274, 1
275, 1
276, 1
277, 1
278, 1
279, 1
280, 1
281, 1
282, 1
