bot_dist
0.0, 3.63305532481933
1.0, 3.639435446364705
2.0, 3.64583183141134
3.0, 3.6522443945096277
4.0, 3.6586730505936664
5.0, 3.665117714981643
6.0, 3.6715783033761773
7.0, 3.6780547318646093
8.0, 3.6845469169192473
9.0, 3.6910547753975624
10.0, 3.697578224542342
11.0, 3.704117181981798
12.0, 3.7106715657296303
13.0, 3.717241294185047
14.0, 3.723826286132745
15.0, 3.730426460742846
16.0, 3.737041737570792
17.0, 3.7436720365572076
18.0, 3.750317278027711
19.0, 3.7569773826927015
20.0, 3.7636522716470977
21.0, 3.770341866370043
22.0, 3.777046088724581
23.0, 3.7837648609572843
24.0, 3.790498105697861
25.0, 3.7972457459587177
26.0, 3.8040077051344956
27.0, 3.810783907001573
28.0, 3.8175742757175364
29.0, 3.8243787358206176
30.0, 3.831197212229104
31.0, 3.8380296302407237
32.0, 3.8448759155319907
33.0, 3.851735994157532
34.0, 3.858609792549383
35.0, 3.8654972375162555
36.0, 3.8723982562427826
37.0, 3.8793127762887356
38.0, 3.8862407255882148
39.0, 3.893182032448823
40.0, 3.900136625550804
41.0, 3.9071044339461674
42.0, 3.914085387057789
43.0, 3.9210794146784855
44.0, 3.928086446970071
45.0, 3.9351064144623935
46.0, 3.9421392480523463
47.0, 3.9491848790028676
48.0, 3.956243238941913
49.0, 3.963314259861415
50.0, 3.970397874116221
51.0, 3.9774940144230135
52.0, 3.98460261385922
53.0, 3.991723605861895
54.0, 3.998856924226594
55.0, 4.006002503106232
56.0, 4.013160277009921
57.0, 4.020330180801799
58.0, 4.027512149699841
59.0, 4.0347061192746585
60.0, 4.041912025448283
61.0, 4.049129804492941
62.0, 4.056359393029811
63.0, 4.063600728027772
64.0, 4.0708537468021415
65.0, 4.078118387013397
66.0, 4.085394586665896
67.0, 4.092682284106573
68.0, 4.099981418023637
69.0, 4.107291927445254
70.0, 4.1146137517382275
71.0, 4.121946830606654
72.0, 4.129291104090589
73.0, 4.136646512564694
74.0, 4.144012996736875
75.0, 4.151390497646923
76.0, 4.158778956665132
77.0, 4.166178315490926
78.0, 4.1735885161514705
79.0, 4.181009501000276
80.0, 4.188441212715808
81.0, 4.19588359430007
82.0, 4.203336589077208
83.0, 4.210800140692085
84.0, 4.21827419310887
85.0, 4.225758690609607
86.0, 4.2332535777927935
87.0, 4.240758799571944
88.0, 4.24827430117416
89.0, 4.255800028138688
90.0, 4.263335926315476
91.0, 4.270881941863736
92.0, 4.278438021250489
93.0, 4.286004111249122
94.0, 4.2935801589379325
95.0, 4.301166111698677
96.0, 4.308761917215117
97.0, 4.316367523471557
98.0, 4.323982878751397
99.0, 4.331607931635661
100.0, 4.339242631001551
101.0, 4.339242631001551
102.0, 4.339242631001551
103.0, 4.339242631001551
104.0, 4.339242631001551
105.0, 4.339242631001551
106.0, 4.339242631001551
107.0, 4.339242631001551
108.0, 4.339242631001551
109.0, 4.339242631001551
110.0, 4.339242631001551
111.0, 4.339242631001551
112.0, 4.339242631001551
113.0, 4.339242631001551
114.0, 4.339242631001551
115.0, 4.339242631001551
116.0, 4.339242631001551
117.0, 4.339242631001551
118.0, 4.339242631001551
119.0, 4.339242631001551
120.0, 4.339242631001551
121.0, 4.339242631001551
122.0, 4.339242631001551
123.0, 4.339242631001551
124.0, 4.339242631001551
125.0, 4.339242631001551
126.0, 4.339242631001551
127.0, 4.339242631001551
128.0, 4.339242631001551
129.0, 4.339242631001551
130.0, 4.339242631001551
131.0, 4.331607931635661
132.0, 4.323982878751397
133.0, 4.316367523471557
134.0, 4.308761917215117
135.0, 4.301166111698677
136.0, 4.2935801589379325
137.0, 4.286004111249122
138.0, 4.278438021250489
139.0, 4.270881941863736
140.0, 4.263335926315476
141.0, 4.255800028138688
142.0, 4.24827430117416
143.0, 4.244584750051606
144.0, 4.237086305247896
145.0, 4.229598209698694
146.0, 4.222120518468423
147.0, 4.214653286935507
148.0, 4.207196570793787
149.0, 4.1997504260539404
150.0, 4.192314909044888
151.0, 4.102853290116265
152.0, 4.013409789936625
153.0, 3.9239856079558297
154.0, 3.8345821382071996
155.0, 3.7452008639856413
156.0, 3.6558434132588022
157.0, 3.5665115766901168
158.0, 3.4772073284159157
159.0, 3.3879328500786374
160.0, 3.2986905587251503
161.0, 3.209483139312436
162.0, 3.120313582729635
163.0, 3.031185230455435
164.0, 2.9421018272356187
165.0, 2.8530675835042962
166.0, 2.764087249706636
167.0, 2.7563899320429828
168.0, 2.6662462453279003
169.0, 2.5761243066343305
170.0, 2.4860263130519726
171.0, 2.3959549658933184
172.0, 2.3059133876705804
173.0, 2.215905207299145
174.0, 2.208158788606348
175.0, 2.117503654273961
176.0, 2.0268784422356614
177.0, 2.0191668102948466
178.0, 2.0114753281140185
179.0, 2.0038042277241215
180.0, 1.996153744103209
181.0, 1.909319400770585
182.0, 1.9017970148114482
183.0, 1.8942975469949432
184.0, 1.8868212705963727
185.0, 1.879368462387643
186.0, 1.8719394026725884
187.0, 1.8645343753220667
188.0, 1.8571536678087852
189.0, 1.8497975712418178
190.0, 1.8424663804007828
191.0, 1.8351603937696364
192.0, 1.8278799135700419
193.0, 1.8206252457942709
194.0, 1.8133967002375972
195.0, 1.7449181748291318
196.0, 1.6779273668408132
197.0, 1.6126096945837682
198.0, 1.6048244368678612
199.0, 1.5465515628363513
200.0, 1.4907291848857604
201.0, 1.4376427830459337
202.0, 1.3876064079677788
203.0, 1.3409615274263895
204.0, 1.2980738020072204
205.0, 1.2593271519714546
206.0, 1.2251145492332058
207.0, 1.1958252149074784
208.0, 1.171828371942514
209.0, 1.1534543878219286
210.0, 1.1409749423616482
211.0, 1.1345845566655506
212.0, 1.1343861406796418
213.0, 1.1403829264433196
214.0, 1.1524782099875461
215.0, 1.1704830347744684
216.0, 1.1941300712995162
217.0, 1.2230921068982967
218.0, 1.2570018134514482
219.0, 1.2486918428892266
220.0, 1.2928560728849625
221.0, 1.3407223598517575
222.0, 1.3919088265870394
223.0, 1.384548913935253
224.0, 1.3772222798975475
225.0, 1.3699294584144248
226.0, 1.3626709923659528
227.0, 1.3554474336757263
228.0, 1.3482593434125143
229.0, 1.3411072918893203
230.0, 1.3339918587595652
231.0, 1.3339918587595652
232.0, 1.3339918587595652
233.0, 1.3339918587595652
234.0, 1.3339918587595652
235.0, 1.3339918587595652
236.0, 1.3339918587595652
237.0, 1.3339918587595652
238.0, 1.3339918587595652
239.0, 1.3339918587595652
240.0, 1.3339918587595652
241.0, 1.3339918587595652
242.0, 1.3339918587595652
243.0, 1.3339918587595652
244.0, 1.3339918587595652
245.0, 1.3339918587595652
246.0, 1.3339918587595652
247.0, 1.3339918587595652
248.0, 1.3339918587595652
249.0, 1.3339918587595652
250.0, 1.3339918587595652
251.0, 1.3339918587595652
252.0, 1.3339918587595652
253.0, 1.3339918587595652
254.0, 1.3339918587595652
255.0, 1.3339918587595652
256.0, 1.3339918587595652
257.0, 1.3339918587595652
258.0, 1.3339918587595652
259.0, 1.3339918587595652
260.0, 1.3339918587595652
261.0, 1.3411072918893203
262.0, 1.3482593434125143
263.0, 1.3554474336757263
264.0, 1.3626709923659528
265.0, 1.3699294584144248
266.0, 1.3772222798975475
267.0, 1.384548913935253
268.0, 1.3919088265870394
269.0, 1.3993014927459555
270.0, 1.4067263960307774
271.0, 1.4141830286766108
272.0, 1.4216708914241347
273.0, 1.4291894934077027
274.0, 1.4367383520424897
275.0, 1.4443169929108715
276.0, 1.451924949648213
277.0, 1.4595617638282252
278.0, 1.4672269848480448
279.0, 1.4749201698131802
280.0, 1.4826408834224578
281.0, 1.4903886978530942
282.0, 1.4981631926460108
ee_dist
0.0, 1.1888573016402288
1.0, 1.2334201403483713
2.0, 1.3328290330498727
3.0, 1.4205379911371396
4.0, 1.4507799403765693
5.0, 1.4764593970495683
6.0, 1.509598296794872
7.0, 1.542734151282397
8.0, 1.5773963382303327
9.0, 1.6113577959589427
10.0, 1.6450715010102595
11.0, 1.6767841216919512
12.0, 1.7074626471875705
13.0, 1.7355077011860216
14.0, 1.7629530199468226
15.0, 1.7875095050780663
16.0, 1.8117316898158333
17.0, 1.8329399203484993
18.0, 1.8542425313254138
19.0, 1.8726244671634549
20.0, 1.891515364970014
21.0, 1.864762783411337
22.0, 1.826809267831594
23.0, 1.785827287689835
24.0, 1.741331634633622
25.0, 1.6935608214648614
26.0, 1.642602975725892
27.0, 1.5887444325062603
28.0, 1.5321251683956092
29.0, 1.4731311181343
30.0, 1.4119800359563384
31.0, 1.3491838415304862
32.0, 1.2850784515653864
33.0, 1.220345413527412
34.0, 1.1555085781288972
35.0, 1.0915082614406306
36.0, 1.029183217154788
37.0, 0.9698508098966326
38.0, 0.9147872478292134
39.0, 0.8656922923770874
40.0, 0.8243015174510826
41.0, 0.8380967718612131
42.0, 0.7984534055480367
43.0, 0.8943072699446024
44.0, 0.8504668228773481
45.0, 0.8051542388334885
46.0, 0.7580512294565318
47.0, 0.7090039522643319
48.0, 0.6583236589781263
49.0, 0.6059843576495372
50.0, 0.5527170965251065
51.0, 0.49920623603744996
52.0, 0.44608135960664497
53.0, 0.3937396393105375
54.0, 0.3432068665579458
55.0, 0.2959455785347087
56.0, 0.2553637318125293
57.0, 0.22507785748573955
58.0, 0.2397636431111335
59.0, 0.2854377696710512
60.0, 0.3495730015466699
61.0, 0.429318224625613
62.0, 0.5173349916957981
63.0, 0.6067958535597296
64.0, 0.6920145175423695
65.0, 0.7595939806300283
66.0, 0.8189465888896904
67.0, 0.8787358464863215
68.0, 0.9330773956396505
69.0, 0.9862637624449863
70.0, 1.0389247860004254
71.0, 1.0897618283224526
72.0, 1.1435037441078653
73.0, 1.20335784137789
74.0, 1.267675246991142
75.0, 1.3431748812624131
76.0, 1.4279813636683598
77.0, 1.52230337421811
78.0, 1.6212489106912569
79.0, 1.7198132248411415
80.0, 1.8134945560961042
81.0, 1.892573526425812
82.0, 1.9571898017163372
83.0, 2.021017484812758
84.0, 2.0818810635460574
85.0, 2.141684292775144
86.0, 2.190553163031152
87.0, 2.2191137608734395
88.0, 2.2493666505388954
89.0, 2.2886788474620787
90.0, 2.3388809181337527
91.0, 2.422340480351046
92.0, 2.5140762883259256
93.0, 2.6157096089022986
94.0, 2.721421730495397
95.0, 2.829264205849277
96.0, 2.92974332524361
97.0, 3.020902863949984
98.0, 3.0923486372362947
99.0, 3.161543625780986
100.0, 3.2266599150818642
101.0, 3.2916663802016948
102.0, 3.35375359887042
103.0, 3.417084541139062
104.0, 3.4794478917015623
105.0, 3.5497361438890938
106.0, 3.6227772452632614
107.0, 3.704485724054083
108.0, 3.794546046993704
109.0, 3.895129102547463
110.0, 4.0004250930761245
111.0, 4.10967564120317
112.0, 4.211761135847238
113.0, 4.307628248727492
114.0, 4.381670145973539
115.0, 4.452588902364135
116.0, 4.516332669271469
117.0, 4.581490492307101
118.0, 4.643480198124357
119.0, 4.70786776012631
120.0, 4.768967995404316
121.0, 4.811699430983962
122.0, 4.852371119040552
123.0, 4.89437420265682
124.0, 4.9337705311149636
125.0, 4.973970622005125
126.0, 5.011063150931316
127.0, 5.048476768266875
128.0, 5.082339605171766
129.0, 5.1160944686875665
130.0, 5.145913807439414
131.0, 5.175254022844719
132.0, 5.2003355174080985
133.0, 5.224627740599136
134.0, 5.244401371631531
135.0, 5.2631380042323475
136.0, 5.2771634851539355
137.0, 5.289966335950021
138.0, 5.297930893178525
139.0, 5.304549779664585
140.0, 5.306268329164301
141.0, 5.306583619215046
142.0, 5.3020048129496535
143.0, 4.662612060802214
144.0, 4.653010912154542
145.0, 4.644061875855516
146.0, 4.639565311183133
147.0, 4.6357323687271315
148.0, 4.636496535223155
149.0, 4.637908899084445
150.0, 4.643909842836889
151.0, 4.5610650703288105
152.0, 4.480237431256668
153.0, 4.39750514141377
154.0, 4.316794160527428
155.0, 4.234187522528232
156.0, 4.153607085712402
157.0, 4.071141375252549
158.0, 3.9907076358439335
159.0, 3.9084006745520465
160.0, 3.8281325292199746
161.0, 3.746005229917707
162.0, 3.6659250256263856
163.0, 3.584001973560974
164.0, 3.5041359444471425
165.0, 3.4224465992318027
166.0, 3.342826162845647
167.0, 3.3515103553702565
168.0, 3.274315333742293
169.0, 3.1954978635507327
170.0, 3.118842059563551
171.0, 3.040616462579394
172.0, 2.9645851121678617
173.0, 2.8870479723817093
174.0, 2.90164887901258
175.0, 2.827974911052824
176.0, 2.7566625294983704
177.0, 2.7725361114718514
178.0, 2.7921998339544003
179.0, 2.8122826311183142
180.0, 2.8355716319767983
181.0, 2.7834188035287437
182.0, 2.761049502930951
183.0, 2.7390165847503365
184.0, 2.720421450376054
185.0, 2.7022983732305055
186.0, 2.6881593268349246
187.0, 2.6746161913260855
188.0, 2.665473713493423
189.0, 2.6570286943574706
190.0, 2.6532445278077184
191.0, 2.650227139684737
192.0, 2.651956882695895
193.0, 2.654482906704579
194.0, 2.6616621768333615
195.0, 2.5812830831004896
196.0, 2.503032749433105
197.0, 2.4231916258517776
198.0, 2.4338360086992976
199.0, 2.357299530878015
200.0, 2.283072306699967
201.0, 2.2076756097268877
202.0, 2.13467494923388
203.0, 2.0606692120573085
204.0, 1.9891733469925779
205.0, 1.9168826488576234
206.0, 1.8472520924012747
207.0, 1.7770976511420455
208.0, 1.7098023242707072
209.0, 1.642336110255302
210.0, 1.5779938168752226
211.0, 1.5139407051792924
212.0, 1.4533615548283731
213.0, 1.393671038454689
214.0, 1.3379127834961766
215.0, 1.2838138617052735
216.0, 1.23422697461414
217.0, 1.1872623894647796
218.0, 1.1455032237458247
219.0, 1.170665740684673
220.0, 1.14061409472766
221.0, 1.1153570259242314
222.0, 1.0963626863969425
223.0, 1.0682699468229773
224.0, 1.0415625981787042
225.0, 1.0152977320664422
226.0, 0.9913063056265549
227.0, 0.9679727579897601
228.0, 0.9478136912735904
229.0, 0.9285599818665153
230.0, 0.91333130445698
231.0, 0.8992558292985499
232.0, 0.8899116281933647
233.0, 0.8819095618134525
234.0, 0.8791031059127923
235.0, 0.8777205780858877
236.0, 0.8816711941058297
237.0, 0.886989876719858
238.0, 0.8879514093698162
239.0, 0.886989876719858
240.0, 0.8879514093698162
241.0, 0.886989876719858
242.0, 0.8879514093698162
243.0, 0.894935662836712
244.0, 0.9072982826384371
245.0, 0.9208481257180235
246.0, 0.9368544314406285
247.0, 0.9539735128733069
248.0, 0.9733147523568753
249.0, 0.9934829255768236
250.0, 1.0156270483886005
251.0, 1.03830647648566
252.0, 1.06265105833026
253.0, 1.0872140490135673
254.0, 1.113062157350691
255.0, 1.13879820743504
256.0, 1.1654111259797673
257.0, 1.1916114596946454
258.0, 1.2183028774194782
259.0, 1.244341816018851
260.0, 1.2705630629704279
261.0, 1.2959106807759855
262.0, 1.3211972512306867
263.0, 1.2923404485686323
264.0, 1.2563706233970335
265.0, 1.2184380398748194
266.0, 1.178240596088308
267.0, 1.1359674309308203
268.0, 1.0916484253607406
269.0, 1.0454781097747903
270.0, 0.9975215749439069
271.0, 0.9480217714384837
272.0, 0.8970378884699267
273.0, 0.8448949781988876
274.0, 0.7917108589432013
275.0, 0.7378948464754719
276.0, 0.6835081536718994
277.0, 0.6252260032041745
278.0, 0.5708869736920087
279.0, 0.5188850636647175
280.0, 0.4690589216895404
281.0, 0.4205825478271809
282.0, 0.3756879649823378
ee_box_dist
0.0, 0.8188452124093423
1.0, 0.862522170212989
2.0, 0.8913647680629625
3.0, 0.9249106275853701
4.0, 0.9597946096276306
5.0, 0.995210059469106
6.0, 1.0318066371473666
7.0, 1.0652691072851113
8.0, 1.0980301206911227
9.0, 1.1295135863426073
10.0, 1.160065772643689
11.0, 1.1886099691893668
12.0, 1.2160487669115194
13.0, 1.241098264275625
14.0, 1.2655476057340715
15.0, 1.2874278296196193
16.0, 1.3090191660657895
17.0, 1.3279009688499315
18.0, 1.346935168485706
19.0, 1.3633202242410714
20.0, 1.380267046111634
21.0, 1.35744464561899
22.0, 1.325297842732819
23.0, 1.2903446442533768
24.0, 1.2520823232697151
25.0, 1.210706922872533
26.0, 1.166205384408462
27.0, 1.118840940131984
28.0, 1.068598434519814
29.0, 1.0157373840791082
30.0, 0.9602927032737127
31.0, 0.9025948390955664
32.0, 0.8427347037682712
33.0, 0.7811647118919367
34.0, 0.7181061608569503
35.0, 0.654133024621972
36.0, 0.5896671101175052
37.0, 0.5254357207869517
38.0, 0.4624014284697756
39.0, 0.40243035126958626
40.0, 0.348082511029061
41.0, 0.36161404603813196
42.0, 0.3752158261144509
43.0, 0.3889333964217508
44.0, 0.4026527081266277
45.0, 0.41640530269676185
46.0, 0.4301164855753043
47.0, 0.44378925916292405
48.0, 0.4573969512768967
49.0, 0.47090958471268035
50.0, 0.484334232421713
51.0, 0.49762242654789235
52.0, 0.5107807431895591
53.0, 0.5237484527914267
54.0, 0.5365089716544046
55.0, 0.5489948335174971
56.0, 0.5611901788269007
57.0, 0.5730716482109579
58.0, 0.5846312222508838
59.0, 0.5958914679103164
60.0, 0.6068080969504313
61.0, 0.6174418852085584
62.0, 0.6277176346877317
63.0, 0.6377020733667872
64.0, 0.6473286502752769
65.0, 0.6566556263426371
66.0, 0.6656297145761726
67.0, 0.6742932804199481
68.0, 0.6825974271901664
69.0, 0.6905706390226422
70.0, 0.6981710692539729
71.0, 0.7054236219528158
72.0, 0.7122906520300313
73.0, 0.718794757113542
74.0, 0.7249011929501832
75.0, 0.7306296713587153
76.0, 0.7359475582314742
77.0, 0.7408711142419083
78.0, 0.7453699613491522
79.0, 0.7494574615675978
80.0, 0.7531037420400529
81.0, 0.7563209945496323
82.0, 0.7590789369920996
83.0, 0.7613887037108664
84.0, 0.763219953287947
85.0, 0.7645852587700099
86.0, 0.7849437021611468
87.0, 0.8297203902943979
88.0, 0.8685214378317336
89.0, 0.9020119332694473
90.0, 0.9271782825645045
91.0, 0.9257314388084068
92.0, 0.9267001676930088
93.0, 0.9257579226686478
94.0, 0.9267003367539464
95.0, 0.9257582401776947
96.0, 0.9267003367539464
97.0, 0.9257582401776947
98.0, 0.9267003367539464
99.0, 0.9257582677136259
100.0, 0.9267004193733691
101.0, 0.9257585430729445
102.0, 0.926700777390882
103.0, 0.9257589010400796
104.0, 0.9267009977093631
105.0, 0.9257589010400796
106.0, 0.9267009977093631
107.0, 0.925758928576014
108.0, 0.9267012180278533
109.0, 0.9257593416150478
110.0, 0.926701576045419
111.0, 0.9257595068306702
112.0, 0.9267016035852328
113.0, 0.9257595068306702
114.0, 0.9267016311250468
115.0, 0.9229378504320734
116.0, 0.9266780757261979
117.0, 0.9257522199306869
118.0, 0.9266938798126991
119.0, 0.9257519315344135
120.0, 0.9266940287831764
121.0, 0.9257519315344135
122.0, 0.9266940287831764
123.0, 0.9257519315344135
124.0, 0.9266940093776035
125.0, 0.9257519121129721
126.0, 0.9266940093776035
127.0, 0.9257519121129721
128.0, 0.9266940093776035
129.0, 0.9257519121129721
130.0, 0.9266940093776035
131.0, 0.9257519121129721
132.0, 0.9266940093776035
133.0, 0.9257519121129721
134.0, 0.9266940093776035
135.0, 0.9257519121129721
136.0, 0.9266940093776035
137.0, 0.9257519121129721
138.0, 0.9266940093776035
139.0, 0.9257519121129721
140.0, 0.9266940093776035
141.0, 0.9257519121129721
142.0, 0.9266940093776035
143.0, 1.6372597628755317
144.0, 1.629800936380504
145.0, 1.6224010471206083
146.0, 1.6114827357951544
147.0, 1.6006244319169507
148.0, 1.5864146989295402
149.0, 1.5722617132685988
150.0, 1.5549850293050202
151.0, 1.620607404372006
152.0, 1.6862937883447724
153.0, 1.7550169989790865
154.0, 1.8233898483740967
155.0, 1.8945597347383853
156.0, 1.96506232773505
157.0, 2.038181572987214
158.0, 2.110389769402682
159.0, 2.185078322308727
160.0, 2.258666779297414
161.0, 2.3346318851092223
162.0, 2.4093487368335857
163.0, 2.486362889342582
164.0, 2.562011548363405
165.0, 2.6398959089739837
166.0, 2.716321156711691
167.0, 2.7058929653176556
168.0, 2.780566554031182
169.0, 2.8574784860005193
170.0, 2.9329715596912824
171.0, 3.0106585255548044
172.0, 3.0868512837082243
173.0, 3.1652017096559297
174.0, 3.152613890362697
175.0, 3.22900311304044
176.0, 3.3039612082124505
177.0, 3.2917391632182826
178.0, 3.2758449736115947
179.0, 3.2597994679028073
180.0, 3.240396666667601
181.0, 3.3046568860472014
182.0, 3.3221213817127713
183.0, 3.339440292470422
184.0, 3.353195056602875
185.0, 3.3667827271524384
186.0, 3.3765416730810593
187.0, 3.386114200447484
188.0, 3.391679379752732
189.0, 3.3970389177909563
190.0, 3.3983003332684825
191.0, 3.3993361189672107
192.0, 3.3962704024660026
193.0, 3.392959566392304
194.0, 3.385630429043851
195.0, 3.4656254424417874
196.0, 3.543967244775746
197.0, 3.6243452629084625
198.0, 3.6154703482795703
199.0, 3.694129825308891
200.0, 3.771213258561213
201.0, 3.8503409180840027
202.0, 3.927852711411699
203.0, 4.007394501286322
204.0, 4.085285777980925
205.0, 4.165195274730872
206.0, 4.24342390221014
207.0, 4.3236614285317865
208.0, 4.402191757628132
209.0, 4.482722626686551
210.0, 4.561522728927684
211.0, 4.642317044875082
212.0, 4.721360442627799
213.0, 4.8023926197049445
214.0, 4.881654917764046
215.0, 4.962901715892201
216.0, 5.0423630540434905
217.0, 5.123804466952947
218.0, 5.2034461084515815
219.0, 5.1973291518224976
220.0, 5.275337124397948
221.0, 5.355326070904562
222.0, 5.433591475713417
223.0, 5.44117188698585
224.0, 5.4446136233393725
225.0, 5.447719180273632
226.0, 5.446593750657313
227.0, 5.445150905130257
228.0, 5.439485425138008
229.0, 5.43352741039423
230.0, 5.423452734564873
231.0, 5.413111067503414
232.0, 5.398860680150752
233.0, 5.384375584146244
234.0, 5.366280378341932
235.0, 5.347987344681216
236.0, 5.326478391776181
237.0, 5.304810962715652
238.0, 5.30415952716684
239.0, 5.304810962715652
240.0, 5.30415952716684
241.0, 5.304810962715652
242.0, 5.30415952716684
243.0, 5.301840008556469
244.0, 5.29986324927372
245.0, 5.297304529555196
246.0, 5.293518987062316
247.0, 5.289122229365051
248.0, 5.283421005999129
249.0, 5.27705938774545
250.0, 5.269351083886317
251.0, 5.261014301047045
252.0, 5.251359651116684
253.0, 5.241205017580469
254.0, 5.229838382951459
255.0, 5.218168062997159
256.0, 5.205441165399953
257.0, 5.1926180520590846
258.0, 5.178909853961109
259.0, 5.165284150668479
260.0, 5.150928576724614
261.0, 5.136833385237615
262.0, 5.122151560154925
263.0, 5.14855263242666
264.0, 5.181809747024623
265.0, 5.215561838416232
266.0, 5.249900727613326
267.0, 5.28452944657634
268.0, 5.3191921320569255
269.0, 5.353643213655476
270.0, 5.387582189541625
271.0, 5.420765950236847
272.0, 5.452973086113626
273.0, 5.483934186814216
274.0, 5.513439677226671
275.0, 5.5412514145517635
276.0, 5.567961358744251
277.0, 5.599205364859575
278.0, 5.621453003694194
279.0, 5.639818404701448
280.0, 5.656053945832621
281.0, 5.671439549519814
282.0, 5.689280879993309
spot_hold
0, 0
1, 0
2, 0
3, 0
4, 0
5, 0
6, 0
7, 0
8, 0
9, 0
10, 0
11, 0
12, 0
13, 0
14, 0
15, 0
16, 0
17, 0
18, 0
19, 0
20, 0
21, 0
22, 0
23, 0
24, 0
25, 0
26, 0
27, 0
28, 0
29, 0
30, 0
31, 0
32, 0
33, 0
34, 0
35, 0
36, 0
37, 0
38, 0
39, 0
40, 0
41, 1
42, 1
43, 1
44, 1
45, 1
46, 1
47, 1
48, 1
49, 1
50, 1
51, 1
52, 1
53, 1
54, 1
55, 1
56, 1
57, 1
58, 1
59, 1
60, 1
61, 1
62, 1
63, 1
64, 1
65, 1
66, 1
67, 1
68, 1
69, 1
70, 1
71, 1
72, 1
73, 1
74, 1
75, 1
76, 1
77, 1
78, 1
79, 1
80, 1
81, 1
82, 1
83, 1
84, 1
85, 1
86, 1
87, 1
88, 1
89, 1
90, 1
91, 1
92, 1
93, 1
94, 1
95, 1
96, 1
97, 1
98, 1
99, 1
100, 1
101, 1
102, 1
103, 1
104, 1
105, 1
106, 1
107, 1
108, 1
109, 1
110, 1
111, 1
112, 1
113, 1
114, 1
115, 1
116, 1
117, 1
118, 1
119, 1
120, 1
121, 1
122, 1
123, 1
124, 1
125, 1
126, 1
127, 1
128, 1
129, 1
130, 1
131, 1
132, 1
133, 1
134, 1
135, 1
136, 1
137, 1
138, 1
139, 1
140, 1
141, 1
142, 1
143, 1
144, 1
145, 1
146, 1
147, 1
148, 1
149, 1
150, 1
151, 1
152, 1
153, 1
154, 1
155, 1
156, 1
157, 1
158, 1
159, 1
160, 1
161, 1
162, 1
163, 1
164, 1
165, 1
166, 1
167, 1
168, 1
169, 1
170, 1
171, 1
172, 1
173, 1
174, 1
175, 1
176, 1
177, 1
178, 1
179, 1
180, 1
181, 1
182, 1
183, 1
184, 1
185, 1
186, 1
187, 1
188, 1
189, 1
190, 1
191, 1
192, 1
193, 1
194, 1
195, 1
196, 1
197, 1
198, 1
199, 1
200, 1
201, 1
202, 1
203, 1
204, 1
205, 1
206, 1
207, 1
208, 1
209, 1
210, 1
211, 1
212, 1
213, 1
214, 1
215, 1
216, 1
217, 1
218, 1
219, 1
220, 1
221, 1
222, 1
223, 1
224, 1
225, 1
226, 1
227, 1
228, 1
229, 1
230, 1
231, 1
232, 1
233, 1
234, 1
235, 1
236, 1
237, 1
238, 1
239, 1
240, 1
241, 1
242, 1
243, 1
244, 1
245, 1
246, 1
247, 1
248, 1
249, 1
250, 1
251, 1
252, 1
253, 1
254, 1
255, 1
256, 1
257, 1
258, 1
259, 1
260, 1
261, 1
262, 1
263, 1
264, 1
265, 1
266, 1
267, 1
268, 1
269, 1
270, 1
271, 1
272, 1
273, 1
274, 1
275, 1
276, 1
277, 1
278, 1
279, 1
280, 1
281, 1
282, 1
