bot_dist
0.0, 3.8991507398984573
1.0, 3.9061166807177083
2.0, 3.913095776227576
3.0, 3.9200879561685347
4.0, 3.92709315065019
5.0, 3.9341112901503172
6.0, 3.941142305513883
7.0, 3.948186127952038
8.0, 3.9552426890410985
9.0, 3.9623119207215054
10.0, 3.9693937552967657
11.0, 3.9764881254323776
12.0, 3.983594964154737
13.0, 3.9907142048500273
14.0, 3.9978457812630936
15.0, 4.004989627496305
16.0, 4.0121456780083875
17.0, 4.019313867613266
18.0, 4.026494131478869
19.0, 4.033686405125931
20.0, 4.040890624426783
21.0, 4.048106725604122
22.0, 4.055334645229775
23.0, 4.062574320223448
24.0, 4.069825687851465
25.0, 4.077088685725493
26.0, 4.084363251801256
27.0, 4.0916493243772445
28.0, 4.098946842093408
29.0, 4.106255743929841
30.0, 4.11357596920546
31.0, 4.120907457576668
32.0, 4.128250149036015
33.0, 4.13560398391085
34.0, 4.142968902861961
35.0, 4.150344846882209
36.0, 4.157731757295163
37.0, 4.165129575753707
38.0, 4.1725382442386705
39.0, 4.179957705057424
40.0, 4.187387900842487
41.0, 4.194828774550126
42.0, 4.20228026945894
43.0, 4.209742329168451
44.0, 4.217214897597687
45.0, 4.224697918983752
46.0, 4.232191337880408
47.0, 4.239695099156636
48.0, 4.247209147995206
49.0, 4.254733429891239
50.0, 4.2622678906507625
51.0, 4.269812476389269
52.0, 4.277367133530269
53.0, 4.284931808803844
54.0, 4.292506449245189
55.0, 4.300091002193166
56.0, 4.307685415288846
57.0, 4.315289636474056
58.0, 4.322903613989914
59.0, 4.33052729637538
60.0, 4.338160632465792
61.0, 4.345803571391403
62.0, 4.3534560625759235
63.0, 4.361118055735066
64.0, 4.368789500875071
65.0, 4.376470348291263
66.0, 4.384160548566574
67.0, 4.391860052570097
68.0, 4.399568811455618
69.0, 4.40728677666016
70.0, 4.41501389990253
71.0, 4.422750133181855
72.0, 4.430495428776134
73.0, 4.4382497392407805
74.0, 4.4460130174071715
75.0, 4.453785216381197
76.0, 4.461566289541817
77.0, 4.469356190539605
78.0, 4.477154873295314
79.0, 4.484962291998428
80.0, 4.492778401105728
81.0, 4.50060315533985
82.0, 4.508436509687857
83.0, 4.5162784193998
84.0, 4.524128839987299
85.0, 4.53198772722211
86.0, 4.539855037134705
87.0, 4.547730726012855
88.0, 4.555614750400213
89.0, 4.563507067094903
90.0, 4.571407633148107
91.0, 4.579316405862666
92.0, 4.587233342791674
93.0, 4.595158401737083
94.0, 4.603091540748313
95.0, 4.611032718120853
96.0, 4.618981892394884
97.0, 4.626939022353891
98.0, 4.634904067023295
99.0, 4.642876985669068
100.0, 4.65085773779638
101.0, 4.65085773779638
102.0, 4.65085773779638
103.0, 4.65085773779638
104.0, 4.65085773779638
105.0, 4.65085773779638
106.0, 4.65085773779638
107.0, 4.65085773779638
108.0, 4.65085773779638
109.0, 4.65085773779638
110.0, 4.65085773779638
111.0, 4.65085773779638
112.0, 4.65085773779638
113.0, 4.65085773779638
114.0, 4.65085773779638
115.0, 4.65085773779638
116.0, 4.65085773779638
117.0, 4.65085773779638
118.0, 4.65085773779638
119.0, 4.65085773779638
120.0, 4.65085773779638
121.0, 4.65085773779638
122.0, 4.65085773779638
123.0, 4.65085773779638
124.0, 4.65085773779638
125.0, 4.65085773779638
126.0, 4.65085773779638
127.0, 4.65085773779638
128.0, 4.65085773779638
129.0, 4.65085773779638
130.0, 4.65085773779638
131.0, 4.642876985669068
132.0, 4.634904067023295
133.0, 4.626939022353891
134.0, 4.618981892394884
135.0, 4.611032718120853
136.0, 4.603091540748313
137.0, 4.595158401737083
138.0, 4.587233342791674
139.0, 4.579316405862666
140.0, 4.571407633148107
141.0, 4.563507067094903
142.0, 4.555614750400213
143.0, 4.5512986345157795
144.0, 4.543429130339895
145.0, 4.535568019985546
146.0, 4.527715347173298
147.0, 4.519871155880457
148.0, 4.512035490342491
149.0, 4.504208395054429
150.0, 4.496389914772285
151.0, 4.407531208121877
152.0, 4.318714233842536
153.0, 4.2299415840368315
154.0, 4.1412161485319485
155.0, 4.052541028427403
156.0, 3.963919600476398
157.0, 3.8753555481687574
158.0, 3.7868528970811175
159.0, 3.6984160551875194
160.0, 3.610049858954008
161.0, 3.5217596261992057
162.0, 3.433551216895936
163.0, 3.3454311033252853
164.0, 3.2574064512849463
165.0, 3.1694852144121475
166.0, 3.0816762441258363
167.0, 3.073477501335251
168.0, 2.983983157783503
169.0, 2.894548469089282
170.0, 2.8051789920299384
171.0, 2.715881164225082
172.0, 2.6266622931976933
173.0, 2.537530707256178
174.0, 2.529193504332826
175.0, 2.438749403344955
176.0, 2.3483474031419096
177.0, 2.339991935491934
178.0, 2.331649414065021
179.0, 2.3233199783221323
180.0, 2.315003769511031
181.0, 2.2250936447080085
182.0, 2.21684491636968
183.0, 2.2086106579401337
184.0, 2.200391031866367
185.0, 2.1921862027409196
186.0, 2.1839963373311546
187.0, 2.1758216046088608
188.0, 2.0882429516627234
189.0, 2.0800360413450227
190.0, 1.994993440932863
191.0, 1.910333913298995
192.0, 1.8261105149700791
193.0, 1.7423864918889989
194.0, 1.6592374402113597
195.0, 1.5767543247221387
196.0, 1.4950473703898877
197.0, 1.4142511094350954
198.0, 1.3345309599316182
199.0, 1.2560918306965234
200.0, 1.1791893880619895
201.0, 1.1041447642145497
202.0, 1.0313635777046457
203.0, 0.9613600366865572
204.0, 0.8947863054993407
205.0, 0.8324656548646729
206.0, 0.7754242207967885
207.0, 0.7249093043383247
208.0, 0.6823718916274096
209.0, 0.6493815666455228
210.0, 0.6274460625135412
211.0, 0.6177440062925841
212.0, 0.6208494259682649
213.0, 0.614153894098811
214.0, 0.6370548430248785
215.0, 0.6709560550448394
216.0, 0.6664183592881749
217.0, 0.6620006276506717
218.0, 0.6577052774928552
219.0, 0.6535347218721853
220.0, 0.649491364809176
221.0, 0.6455775963037658
222.0, 0.6417957871126457
223.0, 0.6381482833011957
224.0, 0.6346374005867574
225.0, 0.6312654184931249
226.0, 0.6280345743393546
227.0, 0.6249470570892056
228.0, 0.6220050010906937
229.0, 0.619210479738303
230.0, 0.6165654990933044
231.0, 0.6165654990933044
232.0, 0.6165654990933044
233.0, 0.6165654990933044
234.0, 0.6165654990933044
235.0, 0.6165654990933044
236.0, 0.6165654990933044
237.0, 0.6165654990933044
238.0, 0.6165654990933044
239.0, 0.6165654990933044
240.0, 0.6165654990933044
241.0, 0.6165654990933044
242.0, 0.6165654990933044
243.0, 0.6165654990933044
244.0, 0.6165654990933044
245.0, 0.6165654990933044
246.0, 0.6165654990933044
247.0, 0.6165654990933044
248.0, 0.6165654990933044
249.0, 0.6165654990933044
250.0, 0.6165654990933044
251.0, 0.6165654990933044
252.0, 0.6165654990933044
253.0, 0.6165654990933044
254.0, 0.6165654990933044
255.0, 0.6165654990933044
256.0, 0.6165654990933044
257.0, 0.6165654990933044
258.0, 0.6165654990933044
259.0, 0.6165654990933044
260.0, 0.6165654990933044
261.0, 0.619210479738303
262.0, 0.6220050010906937
263.0, 0.6249470570892056
264.0, 0.6280345743393546
265.0, 0.6312654184931249
266.0, 0.6346374005867574
267.0, 0.6381482833011957
268.0, 0.6417957871126457
269.0, 0.6455775963037658
270.0, 0.649491364809176
271.0, 0.6535347218721853
272.0, 0.6577052774928552
273.0, 0.6620006276506717
274.0, 0.6664183592881749
275.0, 0.6709560550448394
276.0, 0.6756112977332858
277.0, 0.6803816745525306
278.0, 0.6852647810353947
279.0, 0.6902582247294121
280.0, 0.6953596286125924
281.0, 0.7005666342471754
282.0, 0.7058769046761051
ee_dist
0.0, 0.8787721814651703
1.0, 0.8797036720285897
2.0, 0.9526299545019451
3.0, 1.0272948239400654
4.0, 1.0529746628531522
5.0, 1.0776195966810993
6.0, 1.112686268293406
7.0, 1.1496941240568286
8.0, 1.1904288980783928
9.0, 1.2309915196412955
10.0, 1.2714385967952275
11.0, 1.313234576264162
12.0, 1.3506948919583062
13.0, 1.3909320619341576
14.0, 1.4325604676294
15.0, 1.4710127970231268
16.0, 1.5080463615149926
17.0, 1.5425113507523966
18.0, 1.5808753955439712
19.0, 1.6134145527328052
20.0, 1.6420559907201173
21.0, 1.6090896374709227
22.0, 1.5719607148766772
23.0, 1.53049699415843
24.0, 1.4852543404578902
25.0, 1.4361998722620608
26.0, 1.3835240988266404
27.0, 1.3277099058707038
28.0, 1.267289110353388
29.0, 1.2048545577083494
30.0, 1.139447811990343
31.0, 1.071944249543249
32.0, 1.0007705166337408
33.0, 0.9284126562587749
34.0, 0.853539634370003
35.0, 0.7802353451219618
36.0, 0.7054300094271685
37.0, 0.6330929582532194
38.0, 0.5642733404594719
39.0, 0.5004035011145374
40.0, 0.4473026667406317
41.0, 0.46334760107653983
42.0, 0.714245512186704
43.0, 1.2298028716322327
44.0, 1.1898410075878603
45.0, 1.148361109095242
46.0, 1.104163735900004
47.0, 1.058031148561068
48.0, 1.0093011105102039
49.0, 0.9586180561444984
50.0, 0.9060332891142374
51.0, 0.8523440975794894
52.0, 0.7975819886256839
53.0, 0.7418889606919338
54.0, 0.6853372308378937
55.0, 0.628074969782327
56.0, 0.5709894225282865
57.0, 0.5143199899136429
58.0, 0.5678969933605114
59.0, 0.6429017046099458
60.0, 0.7267626601383622
61.0, 0.8189784099247407
62.0, 0.9139621012455313
63.0, 1.0065993823014405
64.0, 1.09289402992136
65.0, 1.1594225834003564
66.0, 1.2156604865112346
67.0, 1.2730547118720363
68.0, 1.3258351033317044
69.0, 1.3781518346763422
70.0, 1.4308463458924612
71.0, 1.4818656450583383
72.0, 1.5381325150955454
73.0, 1.5996304456204413
74.0, 1.6659004307013847
75.0, 1.7432355552633465
76.0, 1.82979733506011
77.0, 1.9256911433621486
78.0, 2.0257442138980575
79.0, 2.1247817366116006
80.0, 2.218417619831881
81.0, 2.2967728829863017
82.0, 2.3612985892886535
83.0, 2.422829492146799
84.0, 2.483105943103927
85.0, 2.5423935271837936
86.0, 2.5979508327107705
87.0, 2.6489859626695953
88.0, 2.6917259597647747
89.0, 2.7251520848812727
90.0, 2.766024039546928
91.0, 2.850824829917738
92.0, 2.944458829214157
93.0, 3.046956217994085
94.0, 3.154168360140274
95.0, 3.2621459842821117
96.0, 3.363485121672541
97.0, 3.453912128548767
98.0, 3.525481743496753
99.0, 3.5795638760548036
100.0, 3.6596251975264726
101.0, 3.722692476207098
102.0, 3.7849068776244628
103.0, 3.8478111680838256
104.0, 3.9114438634628717
105.0, 3.9815627771006405
106.0, 4.055879425477706
107.0, 4.137687823206782
108.0, 4.229012104478756
109.0, 4.329717541511997
110.0, 4.43624979268097
111.0, 4.545357134378631
112.0, 4.648211063604761
113.0, 4.743417138828356
114.0, 4.817754376686867
115.0, 4.884040966836188
116.0, 4.930637237045184
117.0, 4.974967724707664
118.0, 5.018324361579173
119.0, 5.060976671225735
120.0, 5.100997919210132
121.0, 5.139933689727185
122.0, 5.176135421839831
123.0, 5.210624164185827
124.0, 5.241996051606616
125.0, 5.2712958783397585
126.0, 5.297154075176371
127.0, 5.32064224683501
128.0, 5.3404336299432815
129.0, 5.357624740548377
130.0, 5.370933348174208
131.0, 5.381480537236697
132.0, 5.388028934158398
133.0, 5.39172444092307
134.0, 5.391377486980649
135.0, 5.388153567780218
136.0, 5.380910597398597
137.0, 5.370837512298494
138.0, 5.356839115839927
139.0, 5.340127219699575
140.0, 5.319651256226371
141.0, 5.301686733168708
142.0, 5.301403672397241
143.0, 4.6215848523711465
144.0, 4.609088635186046
145.0, 4.59865205209666
146.0, 4.5915964981247726
147.0, 4.58671077850273
148.0, 4.585344699394744
149.0, 4.586180011741646
150.0, 4.590551913819666
151.0, 4.507830170098471
152.0, 4.425817303419547
153.0, 4.34316888011103
154.0, 4.261232960917365
155.0, 4.178666379327213
156.0, 4.096816996810513
157.0, 4.01434242094823
158.0, 3.93259053013261
159.0, 3.850219880654574
160.0, 3.768578334625417
161.0, 3.686325644934415
162.0, 3.604809762745609
163.0, 3.522691579739095
164.0, 3.4413192644399593
165.0, 3.3593555092755936
166.0, 3.2781487929750357
167.0, 3.2865302930134406
168.0, 3.2073679243124276
169.0, 3.127747575075455
170.0, 3.0489998956665154
171.0, 2.9698292192895774
172.0, 2.8915648655033874
173.0, 2.8129205278569147
174.0, 2.826286246332793
175.0, 2.751032727141433
176.0, 2.67690395059832
177.0, 2.693026166811791
178.0, 2.712205290317381
179.0, 2.73310142062113
180.0, 2.7566081008892183
181.0, 2.701495775745318
182.0, 2.6780010988721017
183.0, 2.6560239351863353
184.0, 2.636839944076978
185.0, 2.619491088436422
186.0, 2.6053509393664855
187.0, 2.5933047995775436
188.0, 2.5143971787731814
189.0, 2.5049028014179635
190.0, 2.424124576364794
191.0, 2.342832295754475
192.0, 2.262381819477979
193.0, 2.181454523757556
194.0, 2.1014087142168907
195.0, 2.020935432984406
196.0, 1.9413967196280038
197.0, 1.8614971933663989
198.0, 1.7826046711179573
199.0, 1.7034433272285991
200.0, 1.6253901549210403
201.0, 1.5471981157207024
202.0, 1.470259313743811
203.0, 1.393370173733202
204.0, 1.3151457815677696
205.0, 1.2487747259274724
206.0, 1.16905028013542
207.0, 1.0970394875176193
208.0, 1.026791799061495
209.0, 0.9580123415293462
210.0, 0.8923542171002085
211.0, 0.8292583081765342
212.0, 0.7706120267509963
213.0, 0.7487042373570635
214.0, 0.6883077483495548
215.0, 0.6325597961070563
216.0, 0.6102321563560935
217.0, 0.5901194916297243
218.0, 0.5737860960229053
219.0, 0.5604163336811351
220.0, 0.5516457914604999
221.0, 0.5464016927269219
222.0, 0.5461894642361639
223.0, 0.5496697097777093
224.0, 0.5580563464738708
225.0, 0.5698349635392966
226.0, 0.5858841069033974
227.0, 0.6046942540022835
228.0, 0.6268496434935704
229.0, 0.6266412043054458
230.0, 0.6268496434935704
231.0, 0.6266412043054458
232.0, 0.6268496434935704
233.0, 0.6266412043054458
234.0, 0.6268496434935704
235.0, 0.6266412043054458
236.0, 0.6268496434935704
237.0, 0.6266412043054458
238.0, 0.6268496434935704
239.0, 0.6266633998203787
240.0, 0.6268702801025464
241.0, 0.6266475777847101
242.0, 0.6268492459139811
243.0, 0.6393638153099102
244.0, 0.6557969449525711
245.0, 0.6729184145086327
246.0, 0.6910100801436078
247.0, 0.7096796195866781
248.0, 0.7293408073951022
249.0, 0.7492374308351538
250.0, 0.7701422773870804
251.0, 0.791041647512102
252.0, 0.8128762450275486
253.0, 0.8344846172862864
254.0, 0.8568362642739278
255.0, 0.8787372879167301
256.0, 0.9011192506973503
257.0, 0.9228361216077745
258.0, 0.9447724802198492
259.0, 0.9658672792752621
260.0, 0.9869626839965793
261.0, 1.0070859437404462
262.0, 1.0270755008322587
263.0, 1.0073584284429293
264.0, 0.982881030322961
265.0, 0.9573479524932899
266.0, 0.9305554032057255
267.0, 0.9027166067612609
268.0, 0.8738891046974114
269.0, 0.8443150298021027
270.0, 0.8140816398775912
271.0, 0.7834859416739577
272.0, 0.7526551851109905
273.0, 0.7219546901483882
274.0, 0.6915742151947543
275.0, 0.6619451457841926
276.0, 0.6332912327845811
277.0, 0.6060885786731264
278.0, 0.5805788300478072
279.0, 0.5574557192354579
280.0, 0.5370001325991165
281.0, 0.520708157288081
282.0, 0.524217244497035
ee_box_dist
0.0, 0.9413114838707329
1.0, 0.9727415137832954
2.0, 1.0052311857546712
3.0, 1.0378267393774336
4.0, 1.0722642268575424
5.0, 1.107357930821098
6.0, 1.1442589931292688
7.0, 1.1781984858650596
8.0, 1.2148571236769152
9.0, 1.2508312248150595
10.0, 1.2862240755091001
11.0, 1.3229586031235911
12.0, 1.3555179824153782
13.0, 1.3910015662956972
14.0, 1.428140294855119
15.0, 1.4623568782991234
16.0, 1.495332629951372
17.0, 1.5260270677170484
18.0, 1.5608063325636827
19.0, 1.5900693459253443
20.0, 1.6157335119072462
21.0, 1.58113471858811
22.0, 1.5423347126552673
23.0, 1.4992500455274709
24.0, 1.4524126954564287
25.0, 1.4018981769586403
26.0, 1.3478927147229325
27.0, 1.2909688643491337
28.0, 1.2297247241576232
29.0, 1.1667878244745893
30.0, 1.101269734881741
31.0, 1.0340840662524062
32.0, 0.9638465443982447
33.0, 0.8930147397347663
34.0, 0.8203657922999791
35.0, 0.7503128200208921
36.0, 0.6798809049594562
37.0, 0.6135242619259058
38.0, 0.55128333739337
39.0, 0.47351169552333056
40.0, 0.42565447876628515
41.0, 0.4383380542203956
42.0, 0.45171943323186275
43.0, 0.46526444399960865
44.0, 0.4791601794886137
45.0, 0.49294180184214964
46.0, 0.5069975970466735
47.0, 0.5208685691994485
48.0, 0.5348740302097356
49.0, 0.5487085566164018
50.0, 0.5624754546434829
51.0, 0.576144561299396
52.0, 0.5895725713596763
53.0, 0.6029141858711489
54.0, 0.6159334314398427
55.0, 0.6288483623936388
56.0, 0.6415542640751667
57.0, 0.6541672951067908
58.0, 0.6665959249773574
59.0, 0.6788940409157754
60.0, 0.6909756669622225
61.0, 0.7027017023353204
62.0, 0.7142602383732352
63.0, 0.7255515305300345
64.0, 0.7365922404720593
65.0, 0.7473417756208188
66.0, 0.7577620343111152
67.0, 0.7678836086249667
68.0, 0.7776571312272041
69.0, 0.7870919391889056
70.0, 0.7961650132731629
71.0, 0.80487487222036
72.0, 0.813224519168628
73.0, 0.8212182715385273
74.0, 0.8287991479762973
75.0, 0.8359863974782343
76.0, 0.8427690857878546
77.0, 0.8491446033244879
78.0, 0.8550767419887245
79.0, 0.8605845890673144
80.0, 0.8656471433231269
81.0, 0.8702425988365335
82.0, 0.8731244786914376
83.0, 0.8774111802299874
84.0, 0.8800435431663116
85.0, 0.8825571410624504
86.0, 0.8898647721132247
87.0, 0.9044679141702242
88.0, 0.9344622364920724
89.0, 0.9761119890757958
90.0, 1.0135118268012764
91.0, 1.0119538315017473
92.0, 1.0122575660877369
93.0, 1.0116856842728226
94.0, 1.0122035285297812
95.0, 1.0118549293716113
96.0, 1.012182948508607
97.0, 1.0118605261911924
98.0, 1.0121812969362263
99.0, 1.0269022706254594
100.0, 1.0107161307807198
101.0, 1.0115262140457921
102.0, 1.0122014931252454
103.0, 1.011847778165378
104.0, 1.0121521043351547
105.0, 1.0118300612012059
106.0, 1.012139582905573
107.0, 1.0118275286180585
108.0, 1.0121264573414372
109.0, 1.0117902508266627
110.0, 1.0121444554527337
111.0, 1.0117900952038013
112.0, 1.012141662868081
113.0, 1.0117796161215735
114.0, 1.0121416390970974
115.0, 1.0127740970504722
116.0, 1.0116158480257547
117.0, 1.0120313608507467
118.0, 1.012216389228815
119.0, 1.0116696370049194
120.0, 1.0121889876670642
121.0, 1.011845942484934
122.0, 1.0121619390024121
123.0, 1.0118385724646788
124.0, 1.0121622953393525
125.0, 1.0118384475588853
126.0, 1.0121617528392914
127.0, 1.0118378775319412
128.0, 1.0121611944212645
129.0, 1.0118373466909252
130.0, 1.0121607896879978
131.0, 1.0118368317688387
132.0, 1.0121601369753304
133.0, 1.011836371951416
134.0, 1.0121597597956733
135.0, 1.0118359396863947
136.0, 1.0121592172965082
137.0, 1.011835369660364
138.0, 1.0121586705142829
139.0, 1.011834953314553
140.0, 1.0121582265935276
141.0, 1.0118348927540215
142.0, 1.012158414577518
143.0, 1.7869478175553022
144.0, 1.7880935878195805
145.0, 1.7878449074811587
146.0, 1.7849881807395915
147.0, 1.7807508269273795
148.0, 1.773933110943935
149.0, 1.7657670798828864
150.0, 1.7550891628375707
151.0, 1.8313801259330604
152.0, 1.9076947916032247
153.0, 1.9851456556654319
154.0, 2.0624782557023376
155.0, 2.140843157011716
156.0, 2.2189838325172766
157.0, 2.2980799740569036
158.0, 2.376871363675859
159.0, 2.4565602741738566
160.0, 2.5358825643178653
161.0, 2.6160582157894225
162.0, 2.695818680387876
163.0, 2.776398359793563
164.0, 2.8565251057092227
165.0, 2.9374439055313015
166.0, 3.017877768209072
167.0, 3.0101096943657724
168.0, 3.0893290936008957
169.0, 3.1693716679561064
170.0, 3.2489651823426815
171.0, 3.329359564744847
172.0, 3.409275599313654
173.0, 3.489971479466872
174.0, 3.4804762745057873
175.0, 3.559709206347913
176.0, 3.6385090558324342
177.0, 3.627809101333662
178.0, 3.6143012962766674
179.0, 3.5992667837266334
180.0, 3.5816092062741047
181.0, 3.6507527636902806
182.0, 3.6675055320457854
183.0, 3.682774630648693
184.0, 3.6952992916265783
185.0, 3.706234074761624
186.0, 3.7142744103200234
187.0, 3.7206493601298964
188.0, 3.8023952968608845
189.0, 3.806345289835315
190.0, 3.8886788252664712
191.0, 3.9716879892129486
192.0, 4.0540757417882585
193.0, 4.137136816306159
194.0, 4.219572516647609
195.0, 4.302679627782863
196.0, 4.385157803334832
197.0, 4.468305955160974
198.0, 4.550822104805507
199.0, 4.634006937072748
200.0, 4.716557023801422
201.0, 4.7997767154370345
202.0, 4.882357016368958
203.0, 4.965604291361583
204.0, 5.051099816435489
205.0, 5.1342929972247475
206.0, 5.214046537851633
207.0, 5.297413467715206
208.0, 5.38007594700854
209.0, 5.463395773259333
210.0, 5.546071372069279
211.0, 5.629412546397757
212.0, 5.712107040599714
213.0, 5.713119555518442
214.0, 5.795790755691925
215.0, 5.879123596327954
216.0, 5.8770555998992196
217.0, 5.873167786895345
218.0, 5.866207598968473
219.0, 5.85746370303033
220.0, 5.8457719945391595
221.0, 5.832371376313942
222.0, 5.816220081845185
223.0, 5.798471715621876
224.0, 5.778233650595954
225.0, 5.7565551535550314
226.0, 5.732712782163296
227.0, 5.707622389992189
228.0, 5.680755007716188
229.0, 5.6808906393493075
230.0, 5.68075444833772
231.0, 5.680890048937892
232.0, 5.680753967816369
233.0, 5.680889568398188
234.0, 5.680754249259058
235.0, 5.680891692400492
236.0, 5.68075680387555
237.0, 5.680892282542105
238.0, 5.680756127826996
239.0, 5.680723257359191
240.0, 5.680743697766799
241.0, 5.680874661033647
242.0, 5.680738575449846
243.0, 5.675472395202702
244.0, 5.672945976374975
245.0, 5.670041197375406
246.0, 5.666691528586261
247.0, 5.662918496522395
248.0, 5.658431414324529
249.0, 5.653445330896492
250.0, 5.647510743927446
251.0, 5.641013629137305
252.0, 5.633495712423809
253.0, 5.625522140656864
254.0, 5.616574777766938
255.0, 5.6073458553337625
256.0, 5.597263187494022
257.0, 5.5871419012811865
258.0, 5.576310352156719
259.0, 5.565646774953423
260.0, 5.554462309583005
261.0, 5.54363344661704
262.0, 5.532426964111214
263.0, 5.551524770575256
264.0, 5.576447860167574
265.0, 5.601709666513281
266.0, 5.627400235595655
267.0, 5.653300183686275
268.0, 5.679195004004425
269.0, 5.704909685646198
270.0, 5.7302410367904475
271.0, 5.754997690731506
272.0, 5.778994983294705
273.0, 5.802042477443273
274.0, 5.823974370027704
275.0, 5.844623124638005
276.0, 5.863930598606525
277.0, 5.881806654873146
278.0, 5.898232960254119
279.0, 5.912997328025284
280.0, 5.926142554214778
281.0, 5.93676787785143
282.0, 5.937018480916432
spot_hold
0, 0
1, 0
2, 0
3, 0
4, 0
5, 0
6, 0
7, 0
8, 0
9, 0
10, 0
11, 0
12, 0
13, 0
14, 0
15, 0
16, 0
17, 0
18, 0
19, 0
20, 0
21, 0
22, 0
23, 0
24, 0
25, 0
26, 0
27, 0
28, 0
29, 0
30, 0
31, 0
32, 0
33, 0
34, 0
35, 0
36, 0
37, 0
38, 0
39, 0
40, 0
41, 1
42, 1
43, 1
44, 1
45, 1
46, 1
47, 1
48, 1
49, 1
50, 1
51, 1
52, 1
53, 1
54, 1
55, 1
56, 1
57, 1
58, 1
59, 1
60, 1
61, 1
62, 1
63, 1
64, 1
65, 1
66, 1
67, 1
68, 1
69, 1
70, 1
71, 1
72, 1
73, 1
74, 1
75, 1
76, 1
77, 1
78, 1
79, 1
80, 1
81, 1
82, 1
83, 1
84, 1
85, 1
86, 1
87, 1
88, 1
89, 1
90, 1
91, 1
92, 1
93, 1
94, 1
95, 1
96, 1
97, 1
98, 1
99, 1
100, 1
101, 1
102, 1
103, 1
104, 1
105, 1
106, 1
107, 1
108, 1
109, 1
110, 1
111, 1
112, 1
113, 1
114, 1
115, 1
116, 1
117, 1
118, 1
119, 1
120, 1
121, 1
122, 1
123, 1
124, 1
125, 1
126, 1
127, 1
128, 1
129, 1
130, 1
131, 1
132, 1
133, 1
134, 1
135, 1
136, 1
137, 1
138, 1
139, 1
140, 1
141, 1
142, 1
143, 1
144, 1
145, 1
146, 1
147, 1
148, 1
149, 1
150, 1
151, 1
152, 1
153, 1
154, 1
155, 1
156, 1
157, 1
158, 1
159, 1
160, 1
161, 1
162, 1
163, 1
164, 1
165, 1
166, 1
167, 1
168, 1
169, 1
170, 1
171, 1
172, 1
173, 1
174, 1
175, 1
176, 1
177, 1
178, 1
179, 1
180, 1
181, 1
182, 1
183, 1
184, 1
185, 1
186, 1
187, 1
188, 1
189, 1
190, 1
191, 1
192, 1
193, 1
194, 1
195, 1
196, 1
197, 1
198, 1
199, 1
200, 1
201, 1
202, 1
203, 1
204, 1
205, 1
206, 1
207, 1
208, 1
209, 1
210, 1
211, 1
212, 1
213, 1
214, 1
215, 1
216, 1
217, 1
218, 1
219, 1
220, 1
221, 1
222, 1
223, 1
224, 1
225, 1
226, 1
227, 1
228, 1
229, 1
230, 1
231, 1
232, 1
233, 1
234, 1
235, 1
236, 1
237, 1
238, 1
239, 1
240, 1
241, 1
242, 1
243, 1
244, 1
245, 1
246, 1
247, 1
248, 1
249, 1
250, 1
251, 1
252, 1
253, 1
254, 1
255, 1
256, 1
257, 1
258, 1
259, 1
260, 1
261, 1
262, 1
263, 1
264, 1
265, 1
266, 1
267, 1
268, 1
269, 1
270, 1
271, 1
272, 1
273, 1
274, 1
275, 1
276, 1
277, 1
278, 1
279, 1
280, 1
281, 1
282, 1
