bot_dist
0.0, 3.26952150807295
1.0, 3.274695922658252
2.0, 3.2798926628193286
3.0, 3.285111622605248
4.0, 3.2903526962857086
5.0, 3.295615778356408
6.0, 3.300900763544296
7.0, 3.3062075468127317
8.0, 3.3115360233665174
9.0, 3.3168860886568483
10.0, 3.322257638386141
11.0, 3.327650568512764
12.0, 3.3330647752556675
13.0, 3.3385001550989086
14.0, 3.3439566047960745
15.0, 3.349434021374607
16.0, 3.3549323021400275
17.0, 3.360451344680061
18.0, 3.365991046868664
19.0, 3.371551306869956
20.0, 3.377132023142054
21.0, 3.3827330944408116
22.0, 3.3883544198234645
23.0, 3.3939958986521823
24.0, 3.399657430597529
25.0, 3.4053389156418308
26.0, 3.4110402540824545
27.0, 3.416761346534997
28.0, 3.4225020939363824
29.0, 3.428262397547879
30.0, 3.4340421589580226
31.0, 3.439841280085455
32.0, 3.4456596631816883
33.0, 3.4514972108337676
34.0, 3.457353825966868
35.0, 3.4632294118467994
36.0, 3.4691238720824393
37.0, 3.4750371106280733
38.0, 3.4809690317856736
39.0, 3.4869195402070874
40.0, 3.492888540896152
41.0, 3.498875939210738
42.0, 3.5048816408647143
43.0, 3.5109055519298393
44.0, 3.516947578837582
45.0, 3.523007628380874
46.0, 3.52908560771578
47.0, 3.5351814243631137
48.0, 3.5412949862099747
49.0, 3.54742620151122
50.0, 3.553574978890873
51.0, 3.559741227343464
52.0, 3.565924856235302
53.0, 3.5721257753056936
54.0, 3.578343894668087
55.0, 3.5845791248111643
56.0, 3.590831376599868
57.0, 3.5971005612763687
58.0, 3.6033865904609734
59.0, 3.6096893761529794
60.0, 3.616008830731465
61.0, 3.622344866956033
62.0, 3.6286973979674904
63.0, 3.635066337288479
64.0, 3.6414515988240534
65.0, 3.6478530968622023
66.0, 3.6542707460743244
67.0, 3.660704461515648
68.0, 3.667154158625604
69.0, 3.6736197532281554
70.0, 3.6801011615320642
71.0, 3.6865983001311298
72.0, 3.693111086004367
73.0, 3.6996394365161462
74.0, 3.706183269416285
75.0, 3.7127425028401038
76.0, 3.719317055308426
77.0, 3.7259068457275486
78.0, 3.7325117933891665
79.0, 3.739131817970255
80.0, 3.745766839532916
81.0, 3.7524167785241818
82.0, 3.7590815557757886
83.0, 3.765761092503902
84.0, 3.772455310308813
85.0, 3.779164131174601
86.0, 3.785887477468753
87.0, 3.7926252719417586
88.0, 3.799377437726661
89.0, 3.8061438983385854
90.0, 3.8129245776742304
91.0, 3.819719400011329
92.0, 3.826528290008077
93.0, 3.8333511727025344
94.0, 3.840187973511998
95.0, 3.8470386182323413
96.0, 3.8539030330373327
97.0, 3.860781144477919
98.0, 3.867672879481491
99.0, 3.8745781653511115
100.0, 3.881496929764734
101.0, 3.881496929764734
102.0, 3.881496929764734
103.0, 3.881496929764734
104.0, 3.881496929764734
105.0, 3.881496929764734
106.0, 3.881496929764734
107.0, 3.881496929764734
108.0, 3.881496929764734
109.0, 3.881496929764734
110.0, 3.881496929764734
111.0, 3.881496929764734
112.0, 3.881496929764734
113.0, 3.881496929764734
114.0, 3.881496929764734
115.0, 3.881496929764734
116.0, 3.881496929764734
117.0, 3.881496929764734
118.0, 3.881496929764734
119.0, 3.881496929764734
120.0, 3.881496929764734
121.0, 3.881496929764734
122.0, 3.881496929764734
123.0, 3.881496929764734
124.0, 3.881496929764734
125.0, 3.881496929764734
126.0, 3.881496929764734
127.0, 3.881496929764734
128.0, 3.881496929764734
129.0, 3.881496929764734
130.0, 3.881496929764734
131.0, 3.8745781653511115
132.0, 3.867672879481491
133.0, 3.860781144477919
134.0, 3.8539030330373327
135.0, 3.8470386182323413
136.0, 3.840187973511998
137.0, 3.8333511727025344
138.0, 3.826528290008077
139.0, 3.819719400011329
140.0, 3.8129245776742304
141.0, 3.8061438983385854
142.0, 3.799377437726661
143.0, 3.7969028111863863
144.0, 3.790172620907722
145.0, 3.7834568894835394
146.0, 3.776755694044949
147.0, 3.770069112103909
148.0, 3.76339722155362
149.0, 3.756740100668874
150.0, 3.75009782810638
151.0, 3.6603743313232133
152.0, 3.5706580581980942
153.0, 3.4809495226854663
154.0, 3.391249386895815
155.0, 3.301558335466176
156.0, 3.2118771294336605
157.0, 3.122206617185947
158.0, 3.032547747348472
159.0, 2.9429015840195456
160.0, 2.853269324867368
161.0, 2.763652322735496
162.0, 2.6740521115755
163.0, 2.5844704377511
164.0, 2.4949092980557848
165.0, 2.405370986182575
166.0, 2.315858149917766
167.0, 2.3093815156774076
168.0, 2.219963518153422
169.0, 2.1306329759396934
170.0, 2.041401165336848
171.0, 1.9522816243982684
172.0, 1.8632904624709312
173.0, 1.77444699485632
174.0, 1.7683122932484034
175.0, 1.6806864905658054
176.0, 1.5934377290184063
177.0, 1.5875701765247285
178.0, 1.5817440798500586
179.0, 1.5759598987630332
180.0, 1.5702180964745638
181.0, 1.4950194767694602
182.0, 1.4896145233722848
183.0, 1.4842572621286978
184.0, 1.4789482113111492
185.0, 1.4736878919627614
186.0, 1.468476827775426
187.0, 1.4633155449620696
188.0, 1.3762807832536572
189.0, 1.3712945122350695
190.0, 1.283999793709966
191.0, 1.1969919578303796
192.0, 1.110338302330827
193.0, 1.0241287349665227
194.0, 0.9384856459180853
195.0, 0.8535795633995521
196.0, 0.7696544394475896
197.0, 0.6870698384577256
198.0, 0.6063737224881992
199.0, 0.5284319647589414
200.0, 0.4546632963883527
201.0, 0.38745865125891793
202.0, 0.33084259314206405
203.0, 0.2910610899578979
204.0, 0.2755057465588015
205.0, 0.2881273960165785
206.0, 0.32566623701666514
207.0, 0.38082374030360017
208.0, 0.4471264542318893
209.0, 0.5203311759044122
210.0, 0.5979081207101002
211.0, 0.6783588008465811
212.0, 0.7607722793510459
213.0, 0.7687743451417189
214.0, 0.8498420856488267
215.0, 0.9322759434453827
216.0, 0.9399884963814564
217.0, 0.9477438005866852
218.0, 0.9555408151356218
219.0, 0.9633785272924308
220.0, 0.9712559518091756
221.0, 0.9791721302303762
222.0, 0.9871261302050354
223.0, 0.9951170448071798
224.0, 1.0031439918658294
225.0, 1.0112061133051848
226.0, 1.0193025744957065
227.0, 1.0274325636166608
228.0, 1.035595291030604
229.0, 1.0437899886702071
230.0, 1.0520159094377184
231.0, 1.0520159094377184
232.0, 1.0520159094377184
233.0, 1.0520159094377184
234.0, 1.0520159094377184
235.0, 1.0520159094377184
236.0, 1.0520159094377184
237.0, 1.0520159094377184
238.0, 1.0520159094377184
239.0, 1.0520159094377184
240.0, 1.0520159094377184
241.0, 1.0520159094377184
242.0, 1.0520159094377184
243.0, 1.0520159094377184
244.0, 1.0520159094377184
245.0, 1.0520159094377184
246.0, 1.0520159094377184
247.0, 1.0520159094377184
248.0, 1.0520159094377184
249.0, 1.0520159094377184
250.0, 1.0520159094377184
251.0, 1.0520159094377184
252.0, 1.0520159094377184
253.0, 1.0520159094377184
254.0, 1.0520159094377184
255.0, 1.0520159094377184
256.0, 1.0520159094377184
257.0, 1.0520159094377184
258.0, 1.0520159094377184
259.0, 1.0520159094377184
260.0, 1.0520159094377184
261.0, 1.0437899886702071
262.0, 1.035595291030604
263.0, 1.0274325636166608
264.0, 1.0193025744957065
265.0, 1.0112061133051848
266.0, 1.0031439918658294
267.0, 0.9951170448071798
268.0, 0.9871261302050354
269.0, 0.9791721302303762
270.0, 0.9712559518091756
271.0, 0.9633785272924308
272.0, 0.9555408151356218
273.0, 0.9477438005866852
274.0, 0.9399884963814564
275.0, 0.9322759434453827
276.0, 0.9246072116001561
277.0, 0.9169834002737367
278.0, 0.9094056392120529
279.0, 0.9018750891904662
280.0, 0.8943929427228675
281.0, 0.8869604247660436
282.0, 0.8795787934167015
ee_dist
0.0, 1.520309780818498
1.0, 1.5867282020215288
2.0, 1.6986130832491815
3.0, 1.7926232813099885
4.0, 1.8251758110677785
5.0, 1.8510578209784838
6.0, 1.883031343617894
7.0, 1.915997019965917
8.0, 1.9505725350896608
9.0, 1.9834595475212247
10.0, 2.020542708858164
11.0, 2.0540516697022198
12.0, 2.084297515688226
13.0, 2.1196974061166016
14.0, 2.145527111956042
15.0, 2.171976992370268
16.0, 2.196919557831074
17.0, 2.2243700980005814
18.0, 2.2457807368361262
19.0, 2.2650257878768008
20.0, 2.2842522360992974
21.0, 2.2538057349618636
22.0, 2.2118954603301852
23.0, 2.1667606813198015
24.0, 2.117979119019744
25.0, 2.065859582388591
26.0, 2.0105749547411236
27.0, 1.9524985390063703
28.0, 1.8918761091670813
29.0, 1.829203878586499
30.0, 1.764826035385388
31.0, 1.6993846576270621
32.0, 1.6333646001210138
33.0, 1.567584385747869
34.0, 1.502722040042769
35.0, 1.4398214942510628
36.0, 1.3798178979687075
37.0, 1.3240060739120967
38.0, 1.273578655770137
39.0, 1.2299551910041255
40.0, 1.1944585263749417
41.0, 1.1946588985355349
42.0, 1.060442117653711
43.0, 0.7281990252329472
44.0, 0.6810540204785099
45.0, 0.6338174926729563
46.0, 0.5865825552738136
47.0, 0.5394248192919863
48.0, 0.4935107496002974
49.0, 0.44964775404436685
50.0, 0.4097073923237257
51.0, 0.3760072237758437
52.0, 0.351071676620837
53.0, 0.33686869745743536
54.0, 0.3353844911724259
55.0, 0.34698934080761323
56.0, 0.3709237982632608
57.0, 0.40457512517564714
58.0, 0.3757718555219641
59.0, 0.32525540189086527
60.0, 0.2842113440264714
61.0, 0.26740079522774224
62.0, 0.2875282316954358
63.0, 0.33838749910181243
64.0, 0.40301304215152783
65.0, 0.4629370442803967
66.0, 0.521861369999782
67.0, 0.5801009401607249
68.0, 0.6321842363207645
69.0, 0.6822813545044702
70.0, 0.7306585035654708
71.0, 0.7774616678649731
72.0, 0.8236209555270956
73.0, 0.8776188353701334
74.0, 0.935982899098501
75.0, 1.0058846055734094
76.0, 1.085531237650144
77.0, 1.1752149829175857
78.0, 1.270512816728352
79.0, 1.3665332440661229
80.0, 1.458598054985008
81.0, 1.5371084302385167
82.0, 1.6020156670978565
83.0, 1.6665335336095262
84.0, 1.7274482910122075
85.0, 1.7868318897154933
86.0, 1.8450698991504733
87.0, 1.901303296538896
88.0, 1.9364656982188047
89.0, 1.9763949241218317
90.0, 2.0159895058361332
91.0, 2.0725664583113144
92.0, 2.165751704341317
93.0, 2.269882616642972
94.0, 2.3630378486618677
95.0, 2.4746618437526475
96.0, 2.576820610435666
97.0, 2.665333165209045
98.0, 2.739683714923902
99.0, 2.8070202147443517
100.0, 2.87514691506928
101.0, 2.9377542074328664
102.0, 3.0024462477928355
103.0, 3.062995351036648
104.0, 3.1271949464746154
105.0, 3.1944339635415284
106.0, 3.269297771072166
107.0, 3.3476746643146895
108.0, 3.439579639156528
109.0, 3.5367697342410023
110.0, 3.6439777957248745
111.0, 3.750067251951186
112.0, 3.8545435295587622
113.0, 3.9477469543765267
114.0, 4.024634545717505
115.0, 4.098019240258618
116.0, 4.158700847463137
117.0, 4.223042691403412
118.0, 4.287642942038858
119.0, 4.349376737085644
120.0, 4.4132267804394445
121.0, 4.481543414307366
122.0, 4.552981264239619
123.0, 4.629640531573205
124.0, 4.720509070387456
125.0, 4.764694358177427
126.0, 4.812199994290483
127.0, 4.855982761167619
128.0, 4.902474905563764
129.0, 4.944660467193914
130.0, 4.98898324405941
131.0, 5.028471268750813
132.0, 5.0695752277834325
133.0, 5.105385147240138
134.0, 5.142348938121322
135.0, 5.173622360354747
136.0, 5.205651295101855
137.0, 5.231666094306892
138.0, 5.258100667808652
139.0, 5.278267110632406
140.0, 5.298581113267205
141.0, 5.3124482107210085
142.0, 5.326256946397677
143.0, 4.63783121321432
144.0, 4.627464501256333
145.0, 4.621396294777148
146.0, 4.616292843110789
147.0, 4.615778476867788
148.0, 4.616201625829735
149.0, 4.621262268457743
150.0, 4.6271926114521635
151.0, 4.547035678008458
152.0, 4.465098248768238
153.0, 4.385107534798484
154.0, 4.303348257928412
155.0, 4.223547826440789
156.0, 4.141988035628517
157.0, 4.0624006595279365
158.0, 3.981065078562555
159.0, 3.9017174917930597
160.0, 3.8206346392185977
161.0, 3.7415577476244946
162.0, 3.6607615816113315
163.0, 3.5819917624193494
164.0, 3.5015220178105197
165.0, 3.423102570396847
166.0, 3.3430066017297113
167.0, 3.3561003525156576
168.0, 3.2790190051034154
169.0, 3.2041159742855307
170.0, 3.127769799242033
171.0, 3.0536563751768466
172.0, 2.978166166237506
173.0, 2.904966932133574
174.0, 2.9206296466106116
175.0, 2.8518532881773515
176.0, 2.7820851711658983
177.0, 2.8025887226327875
178.0, 2.823556572923849
179.0, 2.8479733851532916
180.0, 2.872639150589464
181.0, 2.8268347439899344
182.0, 2.80039305602055
183.0, 2.7769760375937205
184.0, 2.753892597681088
185.0, 2.7344705986199407
186.0, 2.715584416100065
187.0, 2.70088102781544
188.0, 2.625017513162082
189.0, 2.6125327948961203
190.0, 2.5339754188964747
191.0, 2.4576908387052505
192.0, 2.3799256098476977
193.0, 2.304505633468978
194.0, 2.2276933236712564
195.0, 2.153323665282958
196.0, 2.077677735637221
197.0, 2.0070319255869293
198.0, 1.9691507633239391
199.0, 1.9772159753673786
200.0, 2.2329861291120965
201.0, 2.0107988430581996
202.0, 1.24307259915743
203.0, 2.0969647192802245
204.0, 1.616714789258226
205.0, 1.438788056326088
206.0, 1.3828459605737518
207.0, 1.329655572008388
208.0, 1.2652514907544963
209.0, 1.214450352070293
210.0, 1.1609156316293763
211.0, 1.1160949790767936
212.0, 1.072267769766551
213.0, 1.0465902248071968
214.0, 1.0008522432357052
215.0, 0.9617988890013834
216.0, 0.9340024378320845
217.0, 0.909349089387549
218.0, 0.8848270487110881
219.0, 0.8643887534177792
220.0, 0.8444680584271859
221.0, 0.8294922644030219
222.0, 0.8154267730556481
223.0, 0.8069848626266236
224.0, 0.7859571665114526
225.0, 0.799471797529142
226.0, 0.7986393086375032
227.0, 0.8048858703574112
228.0, 0.812397143268311
229.0, 0.8138490819153108
230.0, 0.8117040823496162
231.0, 0.8138644653264279
232.0, 0.8117029331594048
233.0, 0.8138645355360449
234.0, 0.8117029331594048
235.0, 0.8138645355360449
236.0, 0.8117029331594048
237.0, 0.8138645355360449
238.0, 0.8117029331594048
239.0, 0.8138645355360449
240.0, 0.8117029331594048
241.0, 0.8138645355360449
242.0, 0.8117029331594048
243.0, 0.8240469936577748
244.0, 0.8367144673141714
245.0, 0.8505683892672001
246.0, 0.8668502580303679
247.0, 0.8845167803247941
248.0, 0.9042868541323955
249.0, 0.9251287726839537
250.0, 0.9477323904438133
251.0, 0.9710901658544551
252.0, 0.9957836171133412
253.0, 1.0208356104617977
254.0, 1.0467985268519142
255.0, 1.072897791332722
256.0, 1.0995560926244572
257.0, 1.1259813064588469
258.0, 1.1526316048696301
259.0, 1.1787567591894703
260.0, 1.2135127195233109
261.0, 1.2471313043463312
262.0, 1.2782708666027167
263.0, 1.2374209033021875
264.0, 1.1938557659184
265.0, 1.1576848452151252
266.0, 1.1177362939388167
267.0, 1.0760992026036966
268.0, 1.0325420523279296
269.0, 0.9874850509184455
270.0, 0.9407978837397147
271.0, 0.8929723086038612
272.0, 0.8438938199443554
273.0, 0.7941486173589376
274.0, 0.7436720330544357
275.0, 0.69312427410723
276.0, 0.6425486665064372
277.0, 0.5928120521164917
278.0, 0.5440937328484348
279.0, 0.4976841086387236
280.0, 0.4432056867896172
281.0, 0.37519646124612577
282.0, 0.33877854287338366
ee_box_dist
0.0, 0.6605591307313402
1.0, 0.7033246924681227
2.0, 0.7383118793034866
3.0, 0.7748661211776987
4.0, 0.8109862175871688
5.0, 0.8489547444219673
6.0, 0.8872876848394268
7.0, 0.9237570156269693
8.0, 0.9583127678899674
9.0, 0.9900424521084544
10.0, 1.024780624105382
11.0, 1.055342390884354
12.0, 1.0819374289852408
13.0, 1.113375944295452
14.0, 1.1353774876822902
15.0, 1.1577979928838185
16.0, 1.1786751733917413
17.0, 1.2019326426899157
18.0, 1.2196069106313472
19.0, 1.2353065897761073
20.0, 1.2510361227337425
21.0, 1.2286722801561847
22.0, 1.1980162491691553
23.0, 1.1645524471751205
24.0, 1.1279243759392619
25.0, 1.0882688549870305
26.0, 1.0456104808457087
27.0, 1.0000883912120275
28.0, 0.9517418132660399
29.0, 0.9007987139004169
30.0, 0.8471745858121443
31.0, 0.7912575443823657
32.0, 0.7329793110784313
33.0, 0.6726610538108007
34.0, 0.6103025974384817
35.0, 0.5462447372348044
36.0, 0.4805807529756295
37.0, 0.41400831726834364
38.0, 0.34670929154600827
39.0, 0.27978437607877155
40.0, 0.2146730767434762
41.0, 0.08025352556470321
42.0, 0.08290181065781321
43.0, 0.08302857669101156
44.0, 0.08297750142283088
45.0, 0.08303010280079816
46.0, 0.08298394194922036
47.0, 0.08302958342119901
48.0, 0.08298916480773899
49.0, 0.0830283064872325
50.0, 0.08299337266249336
51.0, 0.08302697814556265
52.0, 0.08299698717711002
53.0, 0.08302510081877797
54.0, 0.0829994857273592
55.0, 0.08302312928946506
56.0, 0.08300168253929562
57.0, 0.08302124521391062
58.0, 0.08300325933966508
59.0, 0.08301916451141603
60.0, 0.08300435807088513
61.0, 0.08301659448961847
62.0, 0.08300526249750403
63.0, 0.08301429919122966
64.0, 0.08300597313031156
65.0, 0.08301188893094923
66.0, 0.08300633562433916
67.0, 0.08300978199560943
68.0, 0.08300649027122906
69.0, 0.0830077024928461
70.0, 0.0830072087871413
71.0, 0.08300632319371458
72.0, 0.08300777496292494
73.0, 0.08300543791588604
74.0, 0.08300906860165905
75.0, 0.08300512587305198
76.0, 0.0830102917817881
77.0, 0.08300554776988202
78.0, 0.0830126293180866
79.0, 0.08300713470806016
80.0, 0.08301551332286462
81.0, 0.08300947096780016
82.0, 0.0830188138112864
83.0, 0.08301264763458205
84.0, 0.08302309222661544
85.0, 0.08301718536810263
86.0, 0.08876288645812806
87.0, 0.12455163046078199
88.0, 0.13506219576813827
89.0, 0.133310368394961
90.0, 0.12889341228915815
91.0, 0.1156665476473166
92.0, 0.11521255105783701
93.0, 0.08217918886468406
94.0, 0.11709361843432485
95.0, 0.11675305509126922
96.0, 0.11529027889760413
97.0, 0.11674863841695239
98.0, 0.11529125856169899
99.0, 0.11674800555808487
100.0, 0.1152914070226264
101.0, 0.11674806985502516
102.0, 0.11529138742921573
103.0, 0.11674798080617327
104.0, 0.11529138742921573
105.0, 0.11674802533059249
106.0, 0.11529138742921573
107.0, 0.11674798080617327
108.0, 0.11529130340204657
109.0, 0.11674802533059249
110.0, 0.11529134258887003
111.0, 0.11674802533059249
112.0, 0.11529138742921573
113.0, 0.11674798080617327
114.0, 0.1152914070226264
115.0, 0.0821967564761699
116.0, 0.112289427239096
117.0, 0.11663498002263427
118.0, 0.11529073181225058
119.0, 0.11674825293246978
120.0, 0.1125377799888601
121.0, 0.1129984511048931
122.0, 0.11252817136526941
123.0, 0.11661816942015103
124.0, 0.11529343909110024
125.0, 0.1167481638834532
126.0, 0.1152914714563853
127.0, 0.11674798080617327
128.0, 0.11529138742921573
129.0, 0.1167479610336581
130.0, 0.11529138742921573
131.0, 0.11674806985502516
132.0, 0.11529138742921573
133.0, 0.11674806985502516
134.0, 0.11529138742921573
135.0, 0.11674798080617327
136.0, 0.11529138742921573
137.0, 0.11674802533059249
138.0, 0.11529138742921573
139.0, 0.11674806985502516
140.0, 0.11529134258887003
141.0, 0.11674805008252508
142.0, 0.11529136783580943
143.0, 0.11233599269759771
144.0, 0.1113683998906801
145.0, 0.11258724560990352
146.0, 0.11137190005482836
147.0, 0.11258595560507274
148.0, 0.11137164971962546
149.0, 0.1125855389079889
150.0, 0.1113709729764383
151.0, 0.11258542013365735
152.0, 0.11137149957916198
153.0, 0.11258558951799318
154.0, 0.11137167848765907
155.0, 0.11258558951799318
156.0, 0.11137167848765907
157.0, 0.11258552477022118
158.0, 0.1113717679684041
159.0, 0.11258558951799318
160.0, 0.1113717679684041
161.0, 0.11258558951799318
162.0, 0.11137167848765907
163.0, 0.11258565426585415
164.0, 0.11137167848765907
165.0, 0.11258552477022118
166.0, 0.11137167848765907
167.0, 0.1125846761502592
168.0, 0.11137063678739405
169.0, 0.11258480215432545
170.0, 0.11137091262247822
171.0, 0.1125846805355861
172.0, 0.11137068045607026
173.0, 0.11258492377343833
174.0, 0.11137030484175878
175.0, 0.11258400095417002
176.0, 0.1113701421850275
177.0, 0.11258314362029995
178.0, 0.11136821926646938
179.0, 0.1125813844788499
180.0, 0.11136618322588021
181.0, 0.11258136635108001
182.0, 0.11136745610131978
183.0, 0.11258245959023165
184.0, 0.11136927357274147
185.0, 0.11258411662797281
186.0, 0.11137061472279591
187.0, 0.11258501820316277
188.0, 0.11137149055972236
189.0, 0.11258591570014793
190.0, 0.1113717695531119
191.0, 0.11258626521038982
192.0, 0.11137192624990772
193.0, 0.11258626521038982
194.0, 0.11137192624990772
195.0, 0.11258626521038982
196.0, 0.11137201573045369
197.0, 0.1040767765822692
198.0, 0.10332589016175749
199.0, 0.15449614634136502
200.0, 1.5266958618744257
201.0, 1.0499680780858034
202.0, 0.17904089303656248
203.0, 0.3774228280529084
204.0, 0.0984764075325017
205.0, 0.049305920436082055
206.0, 0.10738984991604451
207.0, 0.11323913016557409
208.0, 0.11090245032487181
209.0, 0.11227547675077675
210.0, 0.10849225985481747
211.0, 0.11275902820580376
212.0, 0.11138076289990843
213.0, 0.11258537340714075
214.0, 0.11137234493708144
215.0, 0.11258636410623157
216.0, 0.11137168741725417
217.0, 0.11258651569347507
218.0, 0.11137159160053811
219.0, 0.11258702709418446
220.0, 0.11137182312992619
221.0, 0.11258677699418279
222.0, 0.11137191183105763
223.0, 0.11258689321375394
224.0, 0.09382590757878116
225.0, 0.1108351473949467
226.0, 0.11132910345754476
227.0, 0.11259367385141662
228.0, 0.11137093903202906
229.0, 0.11667857885647609
230.0, 0.11529052302700767
231.0, 0.11674879002253062
232.0, 0.1152922535423548
233.0, 0.11674888544276664
234.0, 0.1152922535423548
235.0, 0.11674888544276664
236.0, 0.1152922535423548
237.0, 0.11674888544276664
238.0, 0.1152922535423548
239.0, 0.11674888544276664
240.0, 0.1152922535423548
241.0, 0.11674888544276664
242.0, 0.1152922535423548
243.0, 0.07441842694970037
244.0, 0.07353899120882029
245.0, 0.07237044482579064
246.0, 0.07239868089908501
247.0, 0.07128331764164138
248.0, 0.07150127511398909
249.0, 0.07046753688440302
250.0, 0.07085126154597665
251.0, 0.06989653974164792
252.0, 0.07029742119925608
253.0, 0.06930878678250184
254.0, 0.06975660325200438
255.0, 0.06870022299009446
256.0, 0.06911774599644549
257.0, 0.06795889940647923
258.0, 0.06832450488341966
259.0, 0.06705338526807707
260.0, 0.08107840343846948
261.0, 0.0818185471769825
262.0, 0.07890921042887579
263.0, 0.07977468190678896
264.0, 0.08042518344098235
265.0, 0.08120800854572557
266.0, 0.08147071336277675
267.0, 0.08159667401998089
268.0, 0.08182620807164523
269.0, 0.0819172598673726
270.0, 0.08210268595425112
271.0, 0.08215276607933818
272.0, 0.08229010632289997
273.0, 0.08229541446403917
274.0, 0.0823839129179767
275.0, 0.08234205251856423
276.0, 0.08238249715938532
277.0, 0.08229306150176174
278.0, 0.08228647310362217
279.0, 0.08214976607696475
280.0, 0.08154798576290678
281.0, 0.08118757137970577
282.0, 0.08036876462897036
spot_hold
0, 0
1, 0
2, 0
3, 0
4, 0
5, 0
6, 0
7, 0
8, 0
9, 0
10, 0
11, 0
12, 0
13, 0
14, 0
15, 0
16, 0
17, 0
18, 0
19, 0
20, 0
21, 0
22, 0
23, 0
24, 0
25, 0
26, 0
27, 0
28, 0
29, 0
30, 0
31, 0
32, 0
33, 0
34, 0
35, 0
36, 0
37, 0
38, 0
39, 0
40, 0
41, 1
42, 1
43, 1
44, 1
45, 1
46, 1
47, 1
48, 1
49, 1
50, 1
51, 1
52, 1
53, 1
54, 1
55, 1
56, 1
57, 1
58, 1
59, 1
60, 1
61, 1
62, 1
63, 1
64, 1
65, 1
66, 1
67, 1
68, 1
69, 1
70, 1
71, 1
72, 1
73, 1
74, 1
75, 1
76, 1
77, 1
78, 1
79, 1
80, 1
81, 1
82, 1
83, 1
84, 1
85, 1
86, 1
87, 1
88, 1
89, 1
90, 1
91, 1
92, 1
93, 1
94, 1
95, 1
96, 1
97, 1
98, 1
99, 1
100, 1
101, 1
102, 1
103, 1
104, 1
105, 1
106, 1
107, 1
108, 1
109, 1
110, 1
111, 1
112, 1
113, 1
114, 1
115, 1
116, 1
117, 1
118, 1
119, 1
120, 1
121, 1
122, 1
123, 1
124, 1
125, 1
126, 1
127, 1
128, 1
129, 1
130, 1
131, 1
132, 1
133, 1
134, 1
135, 1
136, 1
137, 1
138, 1
139, 1
140, 1
141, 1
142, 1
143, 1
144, 1
145, 1
146, 1
147, 1
148, 1
149, 1
150, 1
151, 1
152, 1
153, 1
154, 1
155, 1
156, 1
157, 1
158, 1
159, 1
160, 1
161, 1
162, 1
163, 1
164, 1
165, 1
166, 1
167, 1
168, 1
169, 1
170, 1
171, 1
172, 1
173, 1
174, 1
175, 1
176, 1
177, 1
178, 1
179, 1
180, 1
181, 1
182, 1
183, 1
184, 1
185, 1
186, 1
187, 1
188, 1
189, 1
190, 1
191, 1
192, 1
193, 1
194, 1
195, 1
196, 1
197, 1
198, 1
199, 1
200, 1
201, 1
202, 1
203, 1
204, 1
205, 1
206, 1
207, 1
208, 1
209, 1
210, 1
211, 1
212, 1
213, 1
214, 1
215, 1
216, 1
217, 1
218, 1
219, 1
220, 1
221, 1
222, 1
223, 1
224, 1
225, 1
226, 1
227, 1
228, 1
229, 1
230, 1
231, 1
232, 1
233, 1
234, 1
235, 1
236, 1
237, 1
238, 1
239, 1
240, 1
241, 1
242, 1
243, 1
244, 1
245, 1
246, 1
247, 1
248, 1
249, 1
250, 1
251, 1
252, 1
253, 1
254, 1
255, 1
256, 1
257, 1
258, 1
259, 1
260, 1
261, 1
262, 1
263, 1
264, 1
265, 1
266, 1
267, 1
268, 1
269, 1
270, 1
271, 1
272, 1
273, 1
274, 1
275, 1
276, 1
277, 1
278, 1
279, 1
280, 1
281, 1
282, 1
