bot_dist
0.0, 2.883317171664067
1.0, 2.885720144735706
2.0, 2.8881557444517134
3.0, 2.8906238883398125
4.0, 2.89312449310905
5.0, 2.8956574746626362
6.0, 2.8982227481108276
7.0, 2.9008202277838477
8.0, 2.9034498272448537
9.0, 2.906111459302926
10.0, 2.9088050360260955
11.0, 2.9115304687543877
12.0, 2.9142876681128946
13.0, 2.9170765440248596
14.0, 2.919897005724778
15.0, 2.922748961771504
16.0, 2.9256323200613688
17.0, 2.9285469878412926
18.0, 2.9314928717219026
19.0, 2.93446987769064
20.0, 2.9374779111248643
21.0, 2.940516876804935
22.0, 2.943586678927287
23.0, 2.9466872211174855
24.0, 2.949818406443246
25.0, 2.9529801374274496
26.0, 2.9561723160611058
27.0, 2.9593948438162996
28.0, 2.9626476216590967
29.0, 2.9659305500624047
30.0, 2.969243529018803
31.0, 2.9725864580533186
32.0, 2.9759592362361555
33.0, 2.979361762195382
34.0, 2.98279393412955
35.0, 2.986255649820271
36.0, 2.9897468066447224
37.0, 2.9932673015881015
38.0, 2.996817031256012
39.0, 3.000395891886779
40.0, 3.004003779363701
41.0, 3.007640589227229
42.0, 3.011306216687072
43.0, 3.015000556634224
44.0, 3.018723503652915
45.0, 3.0224749520324834
46.0, 3.026254795779161
47.0, 3.0300629286277796
48.0, 3.033899244053388
49.0, 3.0377636352827815
50.0, 3.041655995305942
51.0, 3.045576216887386
52.0, 3.0495241925774184
53.0, 3.0534998147232972
54.0, 3.057502975480293
55.0, 3.061533566822656
56.0, 3.065591480554486
57.0, 3.0696766083204943
58.0, 3.0737888416166714
59.0, 3.077928071800847
60.0, 3.082094190103149
61.0, 3.08628708763635
62.0, 3.0905066554061205
63.0, 3.0947527843211584
64.0, 3.0990253652032242
65.0, 3.1033242887970585
66.0, 3.107649445780193
67.0, 3.1120007267726484
68.0, 3.116378022346522
69.0, 3.1207812230354643
70.0, 3.125210219344038
71.0, 3.129664901756971
72.0, 3.134145160748288
73.0, 3.138650886790331
74.0, 3.1431819703626656
75.0, 3.147738301960871
76.0, 3.1523197721052125
77.0, 3.156926271349205
78.0, 3.1615576902880487
79.0, 3.166213919566963
80.0, 3.17089484988939
81.0, 3.175600372025092
82.0, 3.1803302637576296
83.0, 3.1850845279141304
84.0, 3.189863055518499
85.0, 3.1946657376921577
86.0, 3.199492465661557
87.0, 3.2043431307655705
88.0, 3.209217624462768
89.0, 3.2141158383385835
90.0, 3.219037664112359
91.0, 3.2239829936442748
92.0, 3.2289517189421675
93.0, 3.233943732168231
94.0, 3.2389589256456035
95.0, 3.2439971918648434
96.0, 3.2490584234902875
97.0, 3.2541425133662973
98.0, 3.259249354523397
99.0, 3.264378840184296
100.0, 3.2695308637697997
101.0, 3.2695308637697997
102.0, 3.2695308637697997
103.0, 3.2695308637697997
104.0, 3.2695308637697997
105.0, 3.2695308637697997
106.0, 3.2695308637697997
107.0, 3.2695308637697997
108.0, 3.2695308637697997
109.0, 3.2695308637697997
110.0, 3.2695308637697997
111.0, 3.2695308637697997
112.0, 3.2695308637697997
113.0, 3.2695308637697997
114.0, 3.2695308637697997
115.0, 3.2695308637697997
116.0, 3.2695308637697997
117.0, 3.2695308637697997
118.0, 3.2695308637697997
119.0, 3.2695308637697997
120.0, 3.2695308637697997
121.0, 3.2695308637697997
122.0, 3.2695308637697997
123.0, 3.2695308637697997
124.0, 3.2695308637697997
125.0, 3.2695308637697997
126.0, 3.2695308637697997
127.0, 3.2695308637697997
128.0, 3.2695308637697997
129.0, 3.2695308637697997
130.0, 3.2695308637697997
131.0, 3.264378840184296
132.0, 3.259249354523397
133.0, 3.2541425133662973
134.0, 3.2490584234902875
135.0, 3.2439971918648434
136.0, 3.2389589256456035
137.0, 3.233943732168231
138.0, 3.2289517189421675
139.0, 3.2239829936442748
140.0, 3.219037664112359
141.0, 3.2141158383385835
142.0, 3.209217624462768
143.0, 3.209404836400088
144.0, 3.2045618330824657
145.0, 3.1997427521299207
146.0, 3.1949477017919388
147.0, 3.1901767904274148
148.0, 3.1854301264972773
149.0, 3.180707818557009
150.0, 3.1760098635361382
151.0, 3.0895481523521884
152.0, 3.0032863957638662
153.0, 2.9172422783738616
154.0, 2.831435699241898
155.0, 2.74588892703418
156.0, 2.6606270224769037
157.0, 2.5756782753903176
158.0, 2.4910747231584396
159.0, 2.406852768005987
160.0, 2.3230539145304387
161.0, 2.2397256540099373
162.0, 2.1569225283035123
163.0, 2.074707413934341
164.0, 1.9931530764652667
165.0, 1.9123440567716157
166.0, 1.8323789643996724
167.0, 1.8296601130026715
168.0, 1.753953447279672
169.0, 1.679706267280213
170.0, 1.6071206055113323
171.0, 1.5364319653600997
172.0, 1.4679144303752825
173.0, 1.4018863765762848
174.0, 1.4012677533819167
175.0, 1.3434211221532095
176.0, 1.2894058237041472
177.0, 1.2899234123581678
178.0, 1.2905182875312875
179.0, 1.2911903424015425
180.0, 1.2919394565244595
181.0, 1.2696049097895306
182.0, 1.271127320897279
183.0, 1.2727264883142353
184.0, 1.2744021230903748
185.0, 1.2761539240127744
186.0, 1.2779815778658659
187.0, 1.2798847596995724
188.0, 1.2304982447250288
189.0, 1.233055438010325
190.0, 1.1834457768186133
191.0, 1.1386786739752937
192.0, 1.0993459480414662
193.0, 1.0660492856322268
194.0, 1.0393689529380348
195.0, 1.019824365407479
196.0, 1.0078307532709856
197.0, 1.0036588530030965
198.0, 1.0074058438370086
199.0, 1.018984371909184
200.0, 1.0381324295127705
201.0, 1.0644415940904202
202.0, 1.0973969419795906
203.0, 1.1364204170619665
204.0, 1.1809106043122675
205.0, 1.2302745715700096
206.0, 1.2839502959768776
207.0, 1.3414202841164982
208.0, 1.4022180892257792
209.0, 1.465929717236655
210.0, 1.532191723321797
211.0, 1.6006873602299156
212.0, 1.671142089475238
213.0, 1.680760567966769
214.0, 1.7481974961618088
215.0, 1.8174493719027176
216.0, 1.8268998045039444
217.0, 1.8363560605500495
218.0, 1.8458180505392783
219.0, 1.8552856867419971
220.0, 1.864758883158411
221.0, 1.8742375554774435
222.0, 1.8837216210367442
223.0, 1.8932109987837897
224.0, 1.9027056092380419
225.0, 1.9122053744541356
226.0, 1.92171021798606
227.0, 1.9312200648523095
228.0, 1.9407348415019667
229.0, 1.950254475781699
230.0, 1.9597788969036312
231.0, 1.9597788969036312
232.0, 1.9597788969036312
233.0, 1.9597788969036312
234.0, 1.9597788969036312
235.0, 1.9597788969036312
236.0, 1.9597788969036312
237.0, 1.9597788969036312
238.0, 1.9597788969036312
239.0, 1.9597788969036312
240.0, 1.9597788969036312
241.0, 1.9597788969036312
242.0, 1.9597788969036312
243.0, 1.9597788969036312
244.0, 1.9597788969036312
245.0, 1.9597788969036312
246.0, 1.9597788969036312
247.0, 1.9597788969036312
248.0, 1.9597788969036312
249.0, 1.9597788969036312
250.0, 1.9597788969036312
251.0, 1.9597788969036312
252.0, 1.9597788969036312
253.0, 1.9597788969036312
254.0, 1.9597788969036312
255.0, 1.9597788969036312
256.0, 1.9597788969036312
257.0, 1.9597788969036312
258.0, 1.9597788969036312
259.0, 1.9597788969036312
260.0, 1.9597788969036312
261.0, 1.950254475781699
262.0, 1.9407348415019667
263.0, 1.9312200648523095
264.0, 1.92171021798606
265.0, 1.9122053744541356
266.0, 1.9027056092380419
267.0, 1.8932109987837897
268.0, 1.8837216210367442
269.0, 1.8742375554774435
270.0, 1.864758883158411
271.0, 1.8552856867419971
272.0, 1.8458180505392783
273.0, 1.8363560605500495
274.0, 1.8268998045039444
275.0, 1.8174493719027176
276.0, 1.8080048540637257
277.0, 1.7985663441646467
278.0, 1.789133937289478
279.0, 1.7797077304758482
280.0, 1.7702878227636931
281.0, 1.7608743152453323
282.0, 1.7514673111169954
ee_dist
0.0, 1.0165405031982702
1.0, 1.041798308442093
2.0, 1.1298268487054215
3.0, 1.2119004949451777
4.0, 1.2401412502380693
5.0, 1.2656081823809815
6.0, 1.299654267545575
7.0, 1.3348281623783718
8.0, 1.3757123062814511
9.0, 1.4148262025737588
10.0, 1.4510810510268453
11.0, 1.485978055748282
12.0, 1.5191913689986956
13.0, 1.5496016617460733
14.0, 1.5782958297159877
15.0, 1.6039487749634032
16.0, 1.628690516131022
17.0, 1.6503936254416676
18.0, 1.6717242888369483
19.0, 1.6899950227569567
20.0, 1.708480234324183
21.0, 1.6825103826297065
22.0, 1.6460925197733316
23.0, 1.606594664925143
24.0, 1.5635411227792249
25.0, 1.517144010225751
26.0, 1.4674525262988487
27.0, 1.414718389039297
28.0, 1.3590264304108322
29.0, 1.3007154395094194
30.0, 1.2399254372959143
31.0, 1.1771068302152212
32.0, 1.1124913335404851
33.0, 1.0466774061705528
34.0, 0.980064733684523
35.0, 0.9135065361470949
36.0, 0.8517174527906647
37.0, 0.7878475709310019
38.0, 0.7266741676761374
39.0, 0.6709626951899018
40.0, 0.6224454774620074
41.0, 0.637222677071207
42.0, 0.7238640770810696
43.0, 1.0629357834974544
44.0, 1.0211908115848258
45.0, 0.9782243935535153
46.0, 0.9325705501168551
47.0, 0.8852129399560019
48.0, 0.8353531966533102
49.0, 0.7837518332669691
50.0, 0.730434242477125
51.0, 0.6762656463779683
52.0, 0.6213733186075172
53.0, 0.5659143663056914
54.0, 0.5101212493805514
55.0, 0.4543037758429906
56.0, 0.3997638460294153
57.0, 0.34725271803323127
58.0, 0.38927549927707256
59.0, 0.4588118589893998
60.0, 0.5384618281583784
61.0, 0.627735868710452
62.0, 0.7210111189412554
63.0, 0.8129846008979964
64.0, 0.8992322181113699
65.0, 0.9663891034627697
66.0, 1.0240069617766605
67.0, 1.0825267676130472
68.0, 1.1361336389378078
69.0, 1.188965575970132
70.0, 1.2418132138911568
71.0, 1.2929392756274172
72.0, 1.3482296294885416
73.0, 1.4091773132789913
74.0, 1.4747342259015248
75.0, 1.5514050368458163
76.0, 1.637323658284064
77.0, 1.732683804157043
78.0, 1.8323963315470655
79.0, 1.9313207221280861
80.0, 2.0250943356183146
81.0, 2.103853226074784
82.0, 2.167882278637897
83.0, 2.230894993122385
84.0, 2.291256484519778
85.0, 2.3507343372185425
86.0, 2.400224180280291
87.0, 2.4258294111275314
88.0, 2.456347066283664
89.0, 2.498053543433409
90.0, 2.551966090602227
91.0, 2.6333612947535823
92.0, 2.7240759928281943
93.0, 2.83078655926435
94.0, 2.9320396013770496
95.0, 3.0408163283467995
96.0, 3.1461934564994953
97.0, 3.2321736424872647
98.0, 3.304977287525483
99.0, 3.384637718348692
100.0, 3.4368106463544064
101.0, 3.5022450427869436
102.0, 3.5653748493858894
103.0, 3.6285954889165253
104.0, 3.69025984006418
105.0, 3.7609148422174363
106.0, 3.8354324634421246
107.0, 3.9168276791871977
108.0, 4.0075298791848
109.0, 4.107761333518856
110.0, 4.214560731777302
111.0, 4.3233760058005295
112.0, 4.425674583782703
113.0, 4.520891142256809
114.0, 4.595964705066084
115.0, 4.6653064280964225
116.0, 4.729161946399786
117.0, 4.794049510499874
118.0, 4.837280007471806
119.0, 4.880018498282316
120.0, 4.920689769609512
121.0, 4.961738135934747
122.0, 5.001266925396166
123.0, 5.039219866685769
124.0, 5.074466353470895
125.0, 5.108607037958686
126.0, 5.140606574527485
127.0, 5.1702104211726585
128.0, 5.196346525778673
129.0, 5.2207366774206605
130.0, 5.242347194408959
131.0, 5.261012006220916
132.0, 5.275740545553243
133.0, 5.288284540486703
134.0, 5.297698008117094
135.0, 5.303877004037155
136.0, 5.305912815708572
137.0, 5.305592952493058
138.0, 5.302054362678861
139.0, 5.295259736421858
140.0, 5.284381041435665
141.0, 5.271243655170537
142.0, 5.255061638525645
143.0, 4.626506480278154
144.0, 4.615643044034959
145.0, 4.606321352700125
146.0, 4.599470969720592
147.0, 4.595219478240646
148.0, 4.594600447344446
149.0, 4.595598314612019
150.0, 4.599179386355881
151.0, 4.516531919952643
152.0, 4.434935774384596
153.0, 4.352367717092344
154.0, 4.269805993145738
155.0, 4.187311317874151
156.0, 4.105875388059371
157.0, 4.023478784762483
158.0, 3.9410984083843252
159.0, 3.8587969651677394
160.0, 3.777564365880747
161.0, 3.695386417524546
162.0, 3.613238515069354
163.0, 3.53118597934511
164.0, 3.4502168475003216
165.0, 3.3683234985801653
166.0, 3.2864799140213377
167.0, 3.294382993717444
168.0, 3.215592503567691
169.0, 3.1360196738544808
170.0, 3.0566272104632968
171.0, 2.9774923918249514
172.0, 2.899582288738616
173.0, 2.8209721019606637
174.0, 2.83280750735079
175.0, 2.7575430475099414
176.0, 2.6836985566534226
177.0, 2.6986517414593405
178.0, 2.7158415445439408
179.0, 2.735164862092192
180.0, 2.7571342745248395
181.0, 2.701764267738022
182.0, 2.6797090793370226
183.0, 2.6595021126107636
184.0, 2.642183258263341
185.0, 2.6262348271714933
186.0, 2.612591564767915
187.0, 2.6014483155241024
188.0, 2.522902376815532
189.0, 2.514099419488866
190.0, 2.4326700084616983
191.0, 2.3514251092580616
192.0, 2.271349387561663
193.0, 2.190468590767583
194.0, 2.109757783460697
195.0, 2.029314808814152
196.0, 1.950125195956371
197.0, 1.8702493056880263
198.0, 1.7906686574661612
199.0, 1.7115079167066485
200.0, 1.6337596904945944
201.0, 1.5555495783059283
202.0, 1.4778811804892567
203.0, 1.400936226771452
204.0, 1.3257357879759053
205.0, 1.2505433709243932
206.0, 1.1764325451597129
207.0, 1.1037243681579736
208.0, 1.0335389339040195
209.0, 0.9644716773700976
210.0, 0.897817626153322
211.0, 0.8342750488326909
212.0, 0.7752752170983763
213.0, 0.7550248143104794
214.0, 0.6934126113051158
215.0, 0.6368992669921173
216.0, 0.6163876575968679
217.0, 0.5976323936379625
218.0, 0.5815918604466086
219.0, 0.5687811818794491
220.0, 0.5604120369810464
221.0, 0.5548223803726697
222.0, 0.5529970555695829
223.0, 0.5551756185573657
224.0, 0.5621447683968728
225.0, 0.5718543546243102
226.0, 0.5849159009184117
227.0, 0.6012048866087423
228.0, 0.6209320856404688
229.0, 0.6207988923663514
230.0, 0.6205744944977885
231.0, 0.6204301364444597
232.0, 0.6209320856404688
233.0, 0.6207988923663514
234.0, 0.6205744944977885
235.0, 0.6204301364444597
236.0, 0.6209320856404688
237.0, 0.6207988923663514
238.0, 0.6205744944977885
239.0, 0.6204301364444597
240.0, 0.6209320856404688
241.0, 0.6207988923663514
242.0, 0.6205744944977885
243.0, 0.6264470398408409
244.0, 0.6373147997949785
245.0, 0.6494625070822867
246.0, 0.663796765343152
247.0, 0.6792343933047077
248.0, 0.696574360605223
249.0, 0.7146832668366426
250.0, 0.7344142910292542
251.0, 0.7546181129607038
252.0, 0.7761400039651473
253.0, 0.7978542630218171
254.0, 0.8205556807090023
255.0, 0.8431802298580002
256.0, 0.8664503497135181
257.0, 0.8894051475394869
258.0, 0.9126815513230331
259.0, 0.9354406006319005
260.0, 0.9582435051324656
261.0, 0.9803724092718885
262.0, 1.0023460223807599
263.0, 0.9808861857412996
264.0, 0.9550351838419012
265.0, 0.9281735570619157
266.0, 0.9001340760208054
267.0, 0.8711429904953102
268.0, 0.8411776742124609
269.0, 0.810640301944037
270.0, 0.7795438113019314
271.0, 0.7482296311166505
272.0, 0.7168484328062475
273.0, 0.6857706881408351
274.0, 0.6552177482178028
275.0, 0.6256536859939771
276.0, 0.5973387512284845
277.0, 0.5707935296532611
278.0, 0.5463055280710731
279.0, 0.5246173835376405
280.0, 0.5060471332430049
281.0, 0.4918397261436253
282.0, 0.4825225022139453
ee_box_dist
0.0, 0.7667022545940302
1.0, 0.809620418332496
2.0, 0.8393293200193335
3.0, 0.8764313893429284
4.0, 0.9118785761095403
5.0, 0.9486291355858821
6.0, 0.9863660109276153
7.0, 1.0212568609247172
8.0, 1.0599701203049403
9.0, 1.0963486718118267
10.0, 1.1291641608712255
11.0, 1.160387270946147
12.0, 1.1898570738699534
13.0, 1.2166790128793683
14.0, 1.2418525441131865
15.0, 1.264257292237793
16.0, 1.2858714426723852
17.0, 1.3047514146438717
18.0, 1.3233942441377933
19.0, 1.3384144165609746
20.0, 1.3546047089285758
21.0, 1.330857492007566
22.0, 1.2979766198430642
23.0, 1.2621579260320566
24.0, 1.222962053168393
25.0, 1.1805743298884173
26.0, 1.1349929126555744
27.0, 1.0864196409546116
28.0, 1.034854632718954
29.0, 0.9805499541946947
30.0, 0.9235113249196317
31.0, 0.8640459846485208
32.0, 0.8021885267697595
33.0, 0.7379074087133101
34.0, 0.6718401853119758
35.0, 0.6043684227618014
36.0, 0.5425417011410585
37.0, 0.4756960801910541
38.0, 0.4055102882552213
39.0, 0.33822489012763446
40.0, 0.2741091395162561
41.0, 0.28909667429538394
42.0, 0.3039259504710564
43.0, 0.3189556483358516
44.0, 0.33362765495736274
45.0, 0.34841304289062813
46.0, 0.36283853064453914
47.0, 0.37731344633049235
48.0, 0.39144224406714306
49.0, 0.40552775640427524
50.0, 0.4193273388225684
51.0, 0.43299058769296084
52.0, 0.44640390603767033
53.0, 0.45962007220928885
54.0, 0.4725665630580829
55.0, 0.48525996861800597
56.0, 0.49763976776144464
57.0, 0.5097291973482806
58.0, 0.5214809052234981
59.0, 0.5329387869628713
60.0, 0.5440438597791893
61.0, 0.5548577754702825
62.0, 0.5653085217363331
63.0, 0.5754602801826344
64.0, 0.5852474930375492
65.0, 0.5947268241993159
66.0, 0.6038424069616947
67.0, 0.6126389301525672
68.0, 0.6210082743229971
69.0, 0.6291043427777352
70.0, 0.6368208105672716
71.0, 0.6441719698437085
72.0, 0.6511860326116469
73.0, 0.6577699895614515
74.0, 0.6640109000945303
75.0, 0.6698333699957918
76.0, 0.6752151192148431
77.0, 0.6802127256100502
78.0, 0.6848002363057266
79.0, 0.6890134319198125
80.0, 0.6927609239369173
81.0, 0.696100737381888
82.0, 0.6989369872993184
83.0, 0.7013686749610148
84.0, 0.7033166817019438
85.0, 0.7048382012554072
86.0, 0.7247100827702897
87.0, 0.7738219247028526
88.0, 0.8127702996853408
89.0, 0.8450188610932017
90.0, 0.8654114223359017
91.0, 0.8683774653797725
92.0, 0.8712005864779437
93.0, 0.8639952177873107
94.0, 0.8719691256388512
95.0, 0.8703563546604262
96.0, 0.8660787325362057
97.0, 0.8708268023000642
98.0, 0.8700473297906003
99.0, 0.8564908943965913
100.0, 0.8719881264137485
101.0, 0.8704325205158827
102.0, 0.8701799262668305
103.0, 0.8693923943244394
104.0, 0.8715137678580139
105.0, 0.8704080848500327
106.0, 0.8701308726921579
107.0, 0.8699184468823892
108.0, 0.8706242199956529
109.0, 0.8704504914258846
110.0, 0.8701291193439444
111.0, 0.8699089724822431
112.0, 0.8707414080038965
113.0, 0.870476717318381
114.0, 0.870155261310303
115.0, 0.8678675136973716
116.0, 0.8711168097396609
117.0, 0.8703393813388074
118.0, 0.8700709522708304
119.0, 0.8698385516373548
120.0, 0.870909882425741
121.0, 0.8704748003815541
122.0, 0.8701626606339097
123.0, 0.8699480742930895
124.0, 0.8706634311245927
125.0, 0.8704801860570055
126.0, 0.8701545693535281
127.0, 0.8699389466150501
128.0, 0.8706853773265478
129.0, 0.8704806332877334
130.0, 0.8701562557633915
131.0, 0.8699407088796488
132.0, 0.8706837759925666
133.0, 0.870481409291106
134.0, 0.8701569476161333
135.0, 0.8699414368872881
136.0, 0.8706850213595155
137.0, 0.8704822133776459
138.0, 0.8701577997466919
139.0, 0.869942401206769
140.0, 0.8706856735607499
141.0, 0.8704829975989404
142.0, 0.8701584635174232
143.0, 1.5927621669268814
144.0, 1.5883567560585132
145.0, 1.5831602412039905
146.0, 1.576138542325455
147.0, 1.5674470758156627
148.0, 1.5561290392270934
149.0, 1.5440896576438787
150.0, 1.5303546698684678
151.0, 1.599986622310321
152.0, 1.6700025810807186
153.0, 1.7420268084002
154.0, 1.8149835393302591
155.0, 1.8888783251258194
156.0, 1.9626145641350308
157.0, 2.037970691814193
158.0, 2.113898947888895
159.0, 2.190431504120259
160.0, 2.266500752028279
161.0, 2.343974059169303
162.0, 2.4218166727883634
163.0, 2.500068487092289
164.0, 2.577677043327905
165.0, 2.6565631346725396
166.0, 2.7356986665416194
167.0, 2.7262849776541462
168.0, 2.8029526100846955
169.0, 2.8809147145440974
170.0, 2.9591567082929893
171.0, 3.0377125334791057
172.0, 3.1155504500598137
173.0, 3.194604394886593
174.0, 3.1845815611274633
175.0, 3.2619101166131412
176.0, 3.338576728172014
177.0, 3.3270458795255937
178.0, 3.313500098412193
179.0, 3.2980865714686294
180.0, 3.280041621068192
181.0, 3.346120325090038
182.0, 3.363514537718064
183.0, 3.3789749512266485
184.0, 3.3916419532835294
185.0, 3.403244652959505
186.0, 3.412828092497139
187.0, 3.420322117181907
188.0, 3.500778490264723
189.0, 3.506030183012444
190.0, 3.5884312970994516
191.0, 3.670904739072362
192.0, 3.75241028822913
193.0, 3.834974168151634
194.0, 3.9175697774106077
195.0, 4.000222577773659
196.0, 4.08189455427836
197.0, 4.164615993224238
198.0, 4.2473625165477
199.0, 4.330154712033661
200.0, 4.411956948743346
201.0, 4.494802201334092
202.0, 4.577668133256824
203.0, 4.660570821916926
204.0, 4.7424767857383605
205.0, 4.825421049063952
206.0, 4.908382910160517
207.0, 4.991374758369862
208.0, 5.073364434355377
209.0, 5.156389037866356
210.0, 5.239429447800143
211.0, 5.322494203967304
212.0, 5.404552808058823
213.0, 5.406540909405333
214.0, 5.489811187659583
215.0, 5.573096037538007
216.0, 5.571804831357157
217.0, 5.569249422232097
218.0, 5.564430970034996
219.0, 5.557373336585885
220.0, 5.547183300910271
221.0, 5.535797227651275
222.0, 5.522329693059838
223.0, 5.506854694910301
224.0, 5.488710504507278
225.0, 5.469546336595766
226.0, 5.448680466575367
227.0, 5.4262402946410955
228.0, 5.4018631798109915
229.0, 5.401984466785603
230.0, 5.402104006538052
231.0, 5.4022298704624685
232.0, 5.401862259451865
233.0, 5.401983524910647
234.0, 5.402103032719303
235.0, 5.402228928518712
236.0, 5.401861259000427
237.0, 5.401982604544669
238.0, 5.402102107111205
239.0, 5.402228066672639
240.0, 5.401860333453305
241.0, 5.401981630782893
242.0, 5.402101197063788
243.0, 5.402489703258738
244.0, 5.402596584044976
245.0, 5.402074410067221
246.0, 5.400454264897125
247.0, 5.398109753563077
248.0, 5.394568421330809
249.0, 5.39023765081107
250.0, 5.3846637626371185
251.0, 5.378329275349558
252.0, 5.370781008271896
253.0, 5.362602672016528
254.0, 5.3533029157540994
255.0, 5.343567204815696
256.0, 5.332848698957959
257.0, 5.321903587243777
258.0, 5.310145152545463
259.0, 5.298366193364401
260.0, 5.285953853442065
261.0, 5.273709758513514
262.0, 5.260992512479313
263.0, 5.282227242345189
264.0, 5.308958518078981
265.0, 5.336006837340853
266.0, 5.363449434622421
267.0, 5.391096232674251
268.0, 5.418663604654784
269.0, 5.445976245721056
270.0, 5.472815137626439
271.0, 5.498998032204088
272.0, 5.524323982984622
273.0, 5.5486012737589245
274.0, 5.571658685564594
275.0, 5.593347082625639
276.0, 5.613566712832347
277.0, 5.632230016224548
278.0, 5.649318063835114
279.0, 5.6646179233414955
280.0, 5.6781672864116395
281.0, 5.689343819748023
282.0, 5.698012545525172
spot_hold
0, 0
1, 0
2, 0
3, 0
4, 0
5, 0
6, 0
7, 0
8, 0
9, 0
10, 0
11, 0
12, 0
13, 0
14, 0
15, 0
16, 0
17, 0
18, 0
19, 0
20, 0
21, 0
22, 0
23, 0
24, 0
25, 0
26, 0
27, 0
28, 0
29, 0
30, 0
31, 0
32, 0
33, 0
34, 0
35, 0
36, 0
37, 0
38, 0
39, 0
40, 0
41, 1
42, 1
43, 1
44, 1
45, 1
46, 1
47, 1
48, 1
49, 1
50, 1
51, 1
52, 1
53, 1
54, 1
55, 1
56, 1
57, 1
58, 1
59, 1
60, 1
61, 1
62, 1
63, 1
64, 1
65, 1
66, 1
67, 1
68, 1
69, 1
70, 1
71, 1
72, 1
73, 1
74, 1
75, 1
76, 1
77, 1
78, 1
79, 1
80, 1
81, 1
82, 1
83, 1
84, 1
85, 1
86, 1
87, 1
88, 1
89, 1
90, 1
91, 1
92, 1
93, 1
94, 1
95, 1
96, 1
97, 1
98, 1
99, 1
100, 1
101, 1
102, 1
103, 1
104, 1
105, 1
106, 1
107, 1
108, 1
109, 1
110, 1
111, 1
112, 1
113, 1
114, 1
115, 1
116, 1
117, 1
118, 1
119, 1
120, 1
121, 1
122, 1
123, 1
124, 1
125, 1
126, 1
127, 1
128, 1
129, 1
130, 1
131, 1
132, 1
133, 1
134, 1
135, 1
136, 1
137, 1
138, 1
139, 1
140, 1
141, 1
142, 1
143, 1
144, 1
145, 1
146, 1
147, 1
148, 1
149, 1
150, 1
151, 1
152, 1
153, 1
154, 1
155, 1
156, 1
157, 1
158, 1
159, 1
160, 1
161, 1
162, 1
163, 1
164, 1
165, 1
166, 1
167, 1
168, 1
169, 1
170, 1
171, 1
172, 1
173, 1
174, 1
175, 1
176, 1
177, 1
178, 1
179, 1
180, 1
181, 1
182, 1
183, 1
184, 1
185, 1
186, 1
187, 1
188, 1
189, 1
190, 1
191, 1
192, 1
193, 1
194, 1
195, 1
196, 1
197, 1
198, 1
199, 1
200, 1
201, 1
202, 1
203, 1
204, 1
205, 1
206, 1
207, 1
208, 1
209, 1
210, 1
211, 1
212, 1
213, 1
214, 1
215, 1
216, 1
217, 1
218, 1
219, 1
220, 1
221, 1
222, 1
223, 1
224, 1
225, 1
226, 1
227, 1
228, 1
229, 1
230, 1
231, 1
232, 1
233, 1
234, 1
235, 1
236, 1
237, 1
238, 1
239, 1
240, 1
241, 1
242, 1
243, 1
244, 1
245, 1
246, 1
247, 1
248, 1
249, 1
250, 1
251, 1
252, 1
253, 1
254, 1
255, 1
256, 1
257, 1
258, 1
259, 1
260, 1
261, 1
262, 1
263, 1
264, 1
265, 1
266, 1
267, 1
268, 1
269, 1
270, 1
271, 1
272, 1
273, 1
274, 1
275, 1
276, 1
277, 1
278, 1
279, 1
280, 1
281, 1
282, 1
