bot_dist
0.0, 3.542501037493098
1.0, 3.5486357185774655
2.0, 3.5547879437888357
3.0, 3.560957622194856
4.0, 3.567144663235198
5.0, 3.5733489767227606
6.0, 3.579570472844805
7.0, 3.5858090621640306
8.0, 3.592064655619595
9.0, 3.5983371645280675
10.0, 3.6046265005843243
11.0, 3.610932575862393
12.0, 3.6172553028162358
13.0, 3.6235945942804735
14.0, 3.6299503634710613
15.0, 3.6363225239859074
16.0, 3.642710989805439
17.0, 3.6491156752931158
18.0, 3.655536495195893
19.0, 3.6619733646446346
20.0, 3.6684261991544753
21.0, 3.6748949146251353
22.0, 3.6813794273411893
23.0, 3.6878796539722853
24.0, 3.694395511573316
25.0, 3.700926917584555
26.0, 3.707473789831737
27.0, 3.7140360465260995
28.0, 3.7206136062643838
29.0, 3.727206388028793
30.0, 3.733814311186906
31.0, 3.740437295491557
32.0, 3.747075261080668
33.0, 3.7537281284770554
34.0, 3.7603958185881816
35.0, 3.7670782527058875
36.0, 3.7737753525060724
37.0, 3.7804870400483526
38.0, 3.787213237775674
39.0, 3.7939538685139
40.0, 3.800708855471358
41.0, 3.807478122238359
42.0, 3.8142615927866843
43.0, 3.821059191469038
44.0, 3.8278708430184722
45.0, 3.8346964725477837
46.0, 3.8415360055488756
47.0, 3.848389367892097
48.0, 3.855256485825553
49.0, 3.8621372859743834
50.0, 3.869031695340023
51.0, 3.8759396412994285
52.0, 3.882861051604283
53.0, 3.889795854380179
54.0, 3.8967439781257713
55.0, 3.903705351711913
56.0, 3.9106799043807623
57.0, 3.917667565744873
58.0, 3.924668265786259
59.0, 3.9316819348554395
60.0, 3.938708503670465
61.0, 3.9457479033159206
62.0, 3.952800065241912
63.0, 3.9598649212630317
64.0, 3.9669424035573067
65.0, 3.9740324446651276
66.0, 3.9811349774881655
67.0, 3.988249935288263
68.0, 3.9953772516863153
69.0, 4.002516860661138
70.0, 4.009668696548309
71.0, 4.016832694039008
72.0, 4.024008788178831
73.0, 4.031196914366597
74.0, 4.038397008353144
75.0, 4.045609006240099
76.0, 4.05283284447865
77.0, 4.0600684598683
78.0, 4.067315789555603
79.0, 4.074574771032901
80.0, 4.081845342137039
81.0, 4.0891274410480785
82.0, 4.096421006287989
83.0, 4.103725976719343
84.0, 4.111042291543991
85.0, 4.1183698903017385
86.0, 4.125708712868998
87.0, 4.13305869945745
88.0, 4.140419790612684
89.0, 4.147791927212838
90.0, 4.155175050467228
91.0, 4.162569101914968
92.0, 4.169974023423597
93.0, 4.177389757187676
94.0, 4.1848162457274
95.0, 4.192253431887194
96.0, 4.199701258834308
97.0, 4.207159670057403
98.0, 4.214628609365136
99.0, 4.222108020884734
100.0, 4.229597849060576
101.0, 4.229597849060576
102.0, 4.229597849060576
103.0, 4.229597849060576
104.0, 4.229597849060576
105.0, 4.229597849060576
106.0, 4.229597849060576
107.0, 4.229597849060576
108.0, 4.229597849060576
109.0, 4.229597849060576
110.0, 4.229597849060576
111.0, 4.229597849060576
112.0, 4.229597849060576
113.0, 4.229597849060576
114.0, 4.229597849060576
115.0, 4.229597849060576
116.0, 4.229597849060576
117.0, 4.229597849060576
118.0, 4.229597849060576
119.0, 4.229597849060576
120.0, 4.229597849060576
121.0, 4.229597849060576
122.0, 4.229597849060576
123.0, 4.229597849060576
124.0, 4.229597849060576
125.0, 4.229597849060576
126.0, 4.229597849060576
127.0, 4.229597849060576
128.0, 4.229597849060576
129.0, 4.229597849060576
130.0, 4.229597849060576
131.0, 4.222108020884734
132.0, 4.214628609365136
133.0, 4.207159670057403
134.0, 4.199701258834308
135.0, 4.192253431887194
136.0, 4.1848162457274
137.0, 4.177389757187676
138.0, 4.169974023423597
139.0, 4.162569101914968
140.0, 4.155175050467228
141.0, 4.147791927212838
142.0, 4.140419790612684
143.0, 4.136984253944496
144.0, 4.129641254112389
145.0, 4.1223094325350855
146.0, 4.114988848962662
147.0, 4.107679563479229
148.0, 4.100381636504252
149.0, 4.09309512879388
150.0, 4.085820101442259
151.0, 3.9962070062185138
152.0, 3.9066055815597385
153.0, 3.817016608680335
154.0, 3.727441029142813
155.0, 3.6378798323007886
156.0, 3.548334107227259
157.0, 3.458805055577954
158.0, 3.3692940064943615
159.0, 3.2798024339331664
160.0, 3.190331976894708
161.0, 3.1008844631310826
162.0, 3.0114619370509184
163.0, 2.922066692711355
164.0, 2.8327013130098204
165.0, 2.743368716474314
166.0, 2.6540722134222654
167.0, 2.646602342640642
168.0, 2.556375944649275
169.0, 2.4661662149867123
170.0, 2.375974876329671
171.0, 2.285804105649737
172.0, 2.1956564369928393
173.0, 2.1055348376739045
174.0, 2.09807145091775
175.0, 2.0076212406246654
176.0, 1.9172220221013763
177.0, 1.9098262179477858
178.0, 1.9024542262849657
179.0, 1.8951063250057611
180.0, 1.8877827954144213
181.0, 1.8026925944357315
182.0, 1.7955303990614777
183.0, 1.7883954365555847
184.0, 1.7812880341624548
185.0, 1.774208523095968
186.0, 1.7671572385673378
187.0, 1.7601345198120604
188.0, 1.7531407101158927
189.0, 1.7461761568397993
190.0, 1.7392412114437996
191.0, 1.7323362295096503
192.0, 1.7254615707622867
193.0, 1.7186175990899586
194.0, 1.711804682562979
195.0, 1.6405893974061376
196.0, 1.5707198469638755
197.0, 1.5023837963512852
198.0, 1.4949936555635421
199.0, 1.4332769699974444
200.0, 1.373918199198976
201.0, 1.3172361467370037
202.0, 1.2635910799250807
203.0, 1.213385870643467
204.0, 1.167064534506755
205.0, 1.1251068780987084
206.0, 1.0880178534389342
207.0, 1.0563104252415578
208.0, 1.0304814808435063
209.0, 1.0109816779072411
210.0, 0.9981820107486141
211.0, 0.9923417772700304
212.0, 0.9935837066216561
213.0, 1.0018814620642031
214.0, 1.0170623622999095
215.0, 1.0388247870609955
216.0, 1.0667659583553273
217.0, 1.1004153142733817
218.0, 1.1392671768102505
219.0, 1.1313730473052257
220.0, 1.180320796249339
221.0, 1.232932887979771
222.0, 1.288760623536857
223.0, 1.281938754723149
224.0, 1.2751588122903355
225.0, 1.2684214685508874
226.0, 1.2617274059076355
227.0, 1.2550773168911002
228.0, 1.2484719041889751
229.0, 1.241911880667247
230.0, 1.2353979693824177
231.0, 1.2353979693824177
232.0, 1.2353979693824177
233.0, 1.2353979693824177
234.0, 1.2353979693824177
235.0, 1.2353979693824177
236.0, 1.2353979693824177
237.0, 1.2353979693824177
238.0, 1.2353979693824177
239.0, 1.2353979693824177
240.0, 1.2353979693824177
241.0, 1.2353979693824177
242.0, 1.2353979693824177
243.0, 1.2353979693824177
244.0, 1.2353979693824177
245.0, 1.2353979693824177
246.0, 1.2353979693824177
247.0, 1.2353979693824177
248.0, 1.2353979693824177
249.0, 1.2353979693824177
250.0, 1.2353979693824177
251.0, 1.2353979693824177
252.0, 1.2353979693824177
253.0, 1.2353979693824177
254.0, 1.2353979693824177
255.0, 1.2353979693824177
256.0, 1.2353979693824177
257.0, 1.2353979693824177
258.0, 1.2353979693824177
259.0, 1.2353979693824177
260.0, 1.2353979693824177
261.0, 1.241911880667247
262.0, 1.2484719041889751
263.0, 1.2550773168911002
264.0, 1.2617274059076355
265.0, 1.2684214685508874
266.0, 1.2751588122903355
267.0, 1.281938754723149
268.0, 1.288760623536857
269.0, 1.2956237564646649
270.0, 1.3025275012339048
271.0, 1.3094712155080774
272.0, 1.3164542668229282
273.0, 1.3234760325169912
274.0, 1.3305358996570025
275.0, 1.3376332649585803
276.0, 1.3447675347025467
277.0, 1.351938124647245
278.0, 1.3591444599372002
279.0, 1.3663859750084486
280.0, 1.3736621134908413
281.0, 1.3809723281076238
282.0, 1.3883160805725716
ee_dist
0.0, 1.1498318031296348
1.0, 1.1907179343764338
2.0, 1.2879910756158846
3.0, 1.37463623961886
4.0, 1.404496163086411
5.0, 1.4301375893512625
6.0, 1.4634565451849009
7.0, 1.497254750109895
8.0, 1.5320753985544222
9.0, 1.5662697153354932
10.0, 1.600168871505276
11.0, 1.6320440975380803
12.0, 1.6628416181070684
13.0, 1.69098348112351
14.0, 1.7184880267941691
15.0, 1.7430887750420385
16.0, 1.76732751546688
17.0, 1.7885429699593454
18.0, 1.8098326728260261
19.0, 1.8281984093029853
20.0, 1.847058896592817
21.0, 1.82062148511034
22.0, 1.7830986051099589
23.0, 1.742553390966551
24.0, 1.6984989937471264
25.0, 1.6511666793161155
26.0, 1.6006351616372612
27.0, 1.547180736121195
28.0, 1.4909308285002718
29.0, 1.4322594022528876
30.0, 1.3713665532839248
31.0, 1.3087493728315562
32.0, 1.2447219756638872
33.0, 1.1799464275512266
34.0, 1.1149224835784024
35.0, 1.0505729933946664
36.0, 0.9877170384338555
37.0, 0.9276713951583505
38.0, 0.8731177741936692
39.0, 0.8219856694887384
40.0, 0.7793889199594701
41.0, 0.7933597200932666
42.0, 0.770650609593638
43.0, 0.9236864597807435
44.0, 0.8806477966815367
45.0, 0.8360204673559379
46.0, 0.7895322328019322
47.0, 0.7409783331195909
48.0, 0.6906792128927798
49.0, 0.6385458983633793
50.0, 0.5852955558294187
51.0, 0.5315148633926172
52.0, 0.4777243344418044
53.0, 0.42416949552008126
54.0, 0.3715810365036939
55.0, 0.3209594496393395
56.0, 0.27496669545233304
57.0, 0.23637453829797392
58.0, 0.2599133363440717
59.0, 0.31496506114972844
60.0, 0.3852378788745605
61.0, 0.46873732052116374
62.0, 0.5588546316022298
63.0, 0.6493927680936812
64.0, 0.7351478194194481
65.0, 0.802777085425678
66.0, 0.8617866966946605
67.0, 0.921371641858361
68.0, 0.9756393268405885
69.0, 1.028865249947802
70.0, 1.0817073094238059
71.0, 1.1327384009804962
72.0, 1.1870157045483412
73.0, 1.247262187121891
74.0, 1.3120000051292486
75.0, 1.3878952018691608
76.0, 1.4730711607069398
77.0, 1.5677272106973956
78.0, 1.6669305001820163
79.0, 1.7656548850907285
80.0, 1.859418799540328
81.0, 1.9384801799050007
82.0, 2.0029995116906765
83.0, 2.0666852940512643
84.0, 2.1274762454110907
85.0, 2.1872554125113703
86.0, 2.2361248415910517
87.0, 2.2646857031136474
88.0, 2.2951056955059523
89.0, 2.3344147290452186
90.0, 2.3852324348022624
91.0, 2.4684156584437
92.0, 2.560918170854336
93.0, 2.6619663753202754
94.0, 2.7683306779673447
95.0, 2.8757618200047226
96.0, 2.9767915408636036
97.0, 3.0674368039539224
98.0, 3.1393460409060867
99.0, 3.2079392967392417
100.0, 3.2735037048983364
101.0, 3.3379764199617785
102.0, 3.4005597582802247
103.0, 3.4634087357265266
104.0, 3.526357408995332
105.0, 3.5961937538839743
106.0, 3.6698238696014656
107.0, 3.7511081981711647
108.0, 3.841757893694854
109.0, 3.941916442588197
110.0, 4.047799659186706
111.0, 4.156594104960469
112.0, 4.259215947857515
113.0, 4.354569143548673
114.0, 4.429094273773931
115.0, 4.500490210909582
116.0, 4.563708303182013
117.0, 4.628109137095041
118.0, 4.690748143465892
119.0, 4.754606619954157
120.0, 4.7962619098325705
121.0, 4.838289369591741
122.0, 4.87930626210799
123.0, 4.919692196736559
124.0, 4.958371735471843
125.0, 4.996487609172384
126.0, 5.0321903422328855
127.0, 5.066885000390686
128.0, 5.098757848217774
129.0, 5.129236240855423
130.0, 5.156544652820644
131.0, 5.182131206396699
132.0, 5.204264367101671
133.0, 5.224412014691222
134.0, 5.240884532678053
135.0, 5.255173024276845
136.0, 5.265630925448792
137.0, 5.273769331595104
138.0, 5.277987572700173
139.0, 5.27981538384129
140.0, 5.2777002351608155
141.0, 5.273189366788648
142.0, 5.2647739900711725
143.0, 4.628234250273011
144.0, 4.617737765473308
145.0, 4.608917425764224
146.0, 4.603477797786717
147.0, 4.599786222284087
148.0, 4.5995914235993185
149.0, 4.601155410248438
150.0, 4.606213461856069
151.0, 4.523699053467753
152.0, 4.442104004007481
153.0, 4.359686398101304
154.0, 4.27819238097244
155.0, 4.1958828057105695
156.0, 4.114502229822513
157.0, 4.03231386734899
158.0, 3.9510607466289374
159.0, 3.8690093590934196
160.0, 3.7879004649412384
161.0, 3.7060042219052125
162.0, 3.6250592347213195
163.0, 3.543339884896986
164.0, 3.4625819624912912
165.0, 3.381064875196824
166.0, 3.30052262974936
167.0, 3.309238989190548
168.0, 3.230988415439074
169.0, 3.152137510458166
170.0, 3.074382299101144
171.0, 2.9960701266238874
172.0, 2.9188906363761475
173.0, 2.841206991444259
174.0, 2.8547924202375374
175.0, 2.7807844881270913
176.0, 2.7081307240169985
177.0, 2.723990695641342
178.0, 2.7427724461534053
179.0, 2.762863987300382
180.0, 2.7854274039669886
181.0, 2.732341241916895
182.0, 2.7099512760901416
183.0, 2.688704684477848
184.0, 2.670109406123627
185.0, 2.6529227133621283
186.0, 2.6388081316194008
187.0, 2.6263246130601257
188.0, 2.6172329122317692
189.0, 2.6099369000668444
190.0, 2.6062288254380666
191.0, 2.604409806325449
192.0, 2.6062359055114372
193.0, 2.609964335611613
194.0, 2.6172533041866832
195.0, 2.5379661559699644
196.0, 2.45978516554174
197.0, 2.3811182714058954
198.0, 2.3919518445812082
199.0, 2.31681550691019
200.0, 2.2430449490346653
201.0, 2.1691876286875384
202.0, 2.0968126154277664
203.0, 2.0245177969074644
204.0, 1.9538554525032719
205.0, 1.8834874928630836
206.0, 1.8149475470572494
207.0, 1.7469783758767319
208.0, 1.6810926716750518
209.0, 1.616136637775871
210.0, 1.5535985773936007
211.0, 1.4924533588618867
212.0, 1.4341612120667886
213.0, 1.3778576528845297
214.0, 1.3249614205975442
215.0, 1.2748024071239248
216.0, 1.2287322394560214
217.0, 1.1862994752294462
218.0, 1.1487383894514411
219.0, 1.17507226563811
220.0, 1.149667984622684
221.0, 1.1296634972282231
222.0, 1.115666504943431
223.0, 1.0871856036647716
224.0, 1.0595239679990445
225.0, 1.0325904476551204
226.0, 1.0071559413999096
227.0, 0.9828422691896723
228.0, 0.9607428966874958
229.0, 0.9401882119785213
230.0, 0.9225574558720164
231.0, 0.9068871879889071
232.0, 0.8947694371405331
233.0, 0.8849600018106886
234.0, 0.8791628823268375
235.0, 0.87588295820665
236.0, 0.8768275407442759
237.0, 0.8803057186956701
238.0, 0.887930691916148
239.0, 0.8875174984507943
240.0, 0.887930691916148
241.0, 0.8875174984507943
242.0, 0.887930691916148
243.0, 0.8941509354356962
244.0, 0.9060904829757057
245.0, 0.9192255256314384
246.0, 0.9348366330746711
247.0, 0.9515956641987712
248.0, 0.9705999701818111
249.0, 0.9904689290175259
250.0, 1.0123358667535496
251.0, 1.034772038865206
252.0, 1.0588943145085024
253.0, 1.08326130182026
254.0, 1.1089334617486148
255.0, 1.1382515922029415
256.0, 1.163504523905111
257.0, 1.1899212510240873
258.0, 1.2166833421366494
259.0, 1.242782586599845
260.0, 1.269660260648348
261.0, 1.2935082737225914
262.0, 1.3188665205395866
263.0, 1.2895651468272433
264.0, 1.2531894077293324
265.0, 1.2148746908670975
266.0, 1.1743275465424357
267.0, 1.1317417388300195
268.0, 1.087153893790177
269.0, 1.040777598533525
270.0, 0.9926655872228111
271.0, 0.9430797443802796
272.0, 0.8921038904785857
273.0, 0.8400629538472384
274.0, 0.7873762667978675
275.0, 0.7317736791828069
276.0, 0.6715026962446129
277.0, 0.6148388824733818
278.0, 0.5596732070331035
279.0, 0.5079809293704938
280.0, 0.4580977090834213
281.0, 0.40941857508851326
282.0, 0.370142053864374
ee_box_dist
0.0, 0.8058876460969706
1.0, 0.8490575379476336
2.0, 0.87868612758086
3.0, 0.9135631299771955
4.0, 0.9480222909475702
5.0, 0.9841584648624885
6.0, 1.021394155018974
7.0, 1.0556870564732137
8.0, 1.088850133099738
9.0, 1.120695745956579
10.0, 1.1515178931396286
11.0, 1.180238928673354
12.0, 1.2077875316903415
13.0, 1.2328688201948643
14.0, 1.2573131457877476
15.0, 1.2791289748535135
16.0, 1.3006394147446518
17.0, 1.3193996332162974
18.0, 1.3383091755129504
19.0, 1.354546068060288
20.0, 1.3713495748653646
21.0, 1.3481490805355936
22.0, 1.3155199733111187
23.0, 1.2800215054356334
24.0, 1.2411980570508987
25.0, 1.1992322663312032
26.0, 1.1541240554076218
27.0, 1.1060727857499133
28.0, 1.0550851766201457
29.0, 1.0014147341222819
30.0, 0.9450808225059404
31.0, 0.886398674100961
32.0, 0.8254264829678879
33.0, 0.7625748638118394
34.0, 0.6979958054942145
35.0, 0.6322165890344172
36.0, 0.5655627549996363
37.0, 0.4987566853312609
38.0, 0.43394938780767733
39.0, 0.36927751592664904
40.0, 0.3103468539489783
41.0, 0.3252372923512443
42.0, 0.3401060963893519
43.0, 0.35499769782181984
44.0, 0.3698064606329617
45.0, 0.3845698019404841
46.0, 0.3992120391076016
47.0, 0.41375235570234487
48.0, 0.42814619811585575
49.0, 0.44239659537118
50.0, 0.45647525281159523
51.0, 0.4703808103974427
52.0, 0.484081366536858
53.0, 0.49757021757162745
54.0, 0.5108032429857264
55.0, 0.5237675649130701
56.0, 0.5364219488224596
57.0, 0.5487764585898702
58.0, 0.560797126238215
59.0, 0.5725211434256963
60.0, 0.5838942928113398
61.0, 0.594974015428517
62.0, 0.6056908402283967
63.0, 0.6161038270781792
64.0, 0.6261500256848419
65.0, 0.635881731934489
66.0, 0.6452463620098225
67.0, 0.654284592899667
68.0, 0.6629487068618996
69.0, 0.6712689925112751
70.0, 0.6792033852416364
71.0, 0.6867784008688327
72.0, 0.6939560699770381
73.0, 0.7007604494747257
74.0, 0.7071560546871938
75.0, 0.7131633157167143
76.0, 0.718749757805307
77.0, 0.7239321385434507
78.0, 0.7286797872301198
79.0, 0.7330070127256844
80.0, 0.7368834133980539
81.0, 0.7403215609114203
82.0, 0.7432909632151247
83.0, 0.745803321077186
84.0, 0.7478284349614899
85.0, 0.7493785200518012
86.0, 0.7698697491264804
87.0, 0.8151856865361802
88.0, 0.8545019811616307
89.0, 0.8885807392361256
90.0, 0.913639208781291
91.0, 0.9126649342013354
92.0, 0.9129751639100542
93.0, 0.9128531826808377
94.0, 0.9132430925981646
95.0, 0.9128444014187812
96.0, 0.9132433551826533
97.0, 0.9128450946415222
98.0, 0.9132433551826533
99.0, 0.9128452964333256
100.0, 0.9132433551826533
101.0, 0.9128452964333256
102.0, 0.9132433551826533
103.0, 0.9128452964333256
104.0, 0.9132433919434544
105.0, 0.9128452404200332
106.0, 0.9132433551826533
107.0, 0.9128453186946988
108.0, 0.9132434112003345
109.0, 0.9128452964333256
110.0, 0.9132433551826533
111.0, 0.9128452964333256
112.0, 0.9132433551826533
113.0, 0.9128452964333256
114.0, 0.9132433551826533
115.0, 0.9092933449608285
116.0, 0.9131400906916616
117.0, 0.9130115232628335
118.0, 0.9132422800048285
119.0, 0.9128694642712402
120.0, 0.9132476236789742
121.0, 0.9127982860459152
122.0, 0.9129898405884179
123.0, 0.9128497004045732
124.0, 0.9132443726862323
125.0, 0.912844000966718
126.0, 0.9132440557370477
127.0, 0.9128454380514753
128.0, 0.9132439997190482
129.0, 0.9128458686846236
130.0, 0.9132439629577386
131.0, 0.9128459777023044
132.0, 0.9132439629577386
133.0, 0.9128459777023044
134.0, 0.9132439629577386
135.0, 0.9128459024197643
136.0, 0.9132439997190482
137.0, 0.9128457934020785
138.0, 0.9132439629577386
139.0, 0.912845846406155
140.0, 0.9132439629577386
141.0, 0.9128459024197643
142.0, 0.9132439629577386
143.0, 1.632838527012438
144.0, 1.627328413384435
145.0, 1.6209094595223827
146.0, 1.6118730236105336
147.0, 1.6019630476439288
148.0, 1.589535463031865
149.0, 1.5762826029993044
150.0, 1.560654763872808
151.0, 1.6284414339251234
152.0, 1.6968669894444266
153.0, 1.7673312989054086
154.0, 1.838104190660844
155.0, 1.910668552948467
156.0, 1.9832931248937589
157.0, 2.0575238076949818
158.0, 2.1316267801848388
159.0, 2.207195043501119
160.0, 2.282491841917216
161.0, 2.3591462866363573
162.0, 2.4354180136112853
163.0, 2.512963887881148
164.0, 2.5900403431542953
165.0, 2.66832574638694
166.0, 2.746072127849492
167.0, 2.735922715026131
168.0, 2.812016223782415
169.0, 2.8893340192722508
170.0, 2.9661494972335034
171.0, 3.044139223250594
172.0, 3.121571092067999
173.0, 3.200136214587514
174.0, 3.188665150509133
175.0, 3.2653794290902662
176.0, 3.341586440411802
177.0, 3.3294658145803355
178.0, 3.314581885070391
179.0, 3.29862467533707
180.0, 3.2801266310581036
181.0, 3.3451874232123564
182.0, 3.362583984315226
183.0, 3.3789455927415943
184.0, 3.392620242725078
185.0, 3.4051598232405262
186.0, 3.414826513086114
187.0, 3.4232838629212616
188.0, 3.4287449343785523
189.0, 3.4329464427491656
190.0, 3.4340915323459855
191.0, 3.433950789787805
192.0, 3.430757579013939
193.0, 3.4262776479172943
194.0, 3.4188111699549366
195.0, 3.4977843602889527
196.0, 3.576137797883026
197.0, 3.6555318638031173
198.0, 3.6465541830699055
199.0, 3.7241304977907808
200.0, 3.80114876366761
201.0, 3.8792329870952034
202.0, 3.9567236346795314
203.0, 4.035257539065413
204.0, 4.113167563224726
205.0, 4.192101350067
206.0, 4.270385037596621
207.0, 4.349675796667552
208.0, 4.428293810229866
209.0, 4.5079043491772905
210.0, 4.586821848589076
211.0, 4.666719991489466
212.0, 4.745907922630217
213.0, 4.826065442891806
214.0, 4.905497548402118
215.0, 4.985890079867886
216.0, 5.065543311059599
217.0, 5.146148843562508
218.0, 5.226002921915336
219.0, 5.218929258349944
220.0, 5.297050185111059
221.0, 5.376145352420062
222.0, 5.454547895138588
223.0, 5.46203793145646
224.0, 5.466437881626252
225.0, 5.4694428269635695
226.0, 5.469285981077404
227.0, 5.4677364422329635
228.0, 5.463028187082203
229.0, 5.4569589087801065
230.0, 5.44780654213945
231.0, 5.437355699068225
232.0, 5.423970602626902
233.0, 5.409377855295299
234.0, 5.392071170677994
235.0, 5.373678501663621
236.0, 5.352857025596563
237.0, 5.331101569499747
238.0, 5.307266464573328
239.0, 5.307548803588746
240.0, 5.307266464573328
241.0, 5.307548803588746
242.0, 5.307266464573328
243.0, 5.30563304803312
244.0, 5.303810888305869
245.0, 5.301493820819868
246.0, 5.298059619589629
247.0, 5.294079137824271
248.0, 5.28891633850998
249.0, 5.283164911301689
250.0, 5.27619693553488
251.0, 5.268672391935747
252.0, 5.259960129798976
253.0, 5.250812282420787
254.0, 5.240574234931438
255.0, 5.228098819714262
256.0, 5.217401240202255
257.0, 5.205686823774776
258.0, 5.193261650595216
259.0, 5.180928044680271
260.0, 5.167586660010339
261.0, 5.155599687009909
262.0, 5.142369083012008
263.0, 5.166743933657127
264.0, 5.197349533797941
265.0, 5.2284302407260554
266.0, 5.26006279188648
267.0, 5.2919771168060405
268.0, 5.323919087506966
269.0, 5.355571593415709
270.0, 5.386851617877254
271.0, 5.417461536042556
272.0, 5.447150638470005
273.0, 5.4756749223348695
274.0, 5.503659436334079
275.0, 5.535667161604532
276.0, 5.5755231797652645
277.0, 5.6052722607283725
278.0, 5.627726716902631
279.0, 5.643862184653016
280.0, 5.6594101924196245
281.0, 5.678056695711569
282.0, 5.686000702069757
spot_hold
0, 0
1, 0
2, 0
3, 0
4, 0
5, 0
6, 0
7, 0
8, 0
9, 0
10, 0
11, 0
12, 0
13, 0
14, 0
15, 0
16, 0
17, 0
18, 0
19, 0
20, 0
21, 0
22, 0
23, 0
24, 0
25, 0
26, 0
27, 0
28, 0
29, 0
30, 0
31, 0
32, 0
33, 0
34, 0
35, 0
36, 0
37, 0
38, 0
39, 0
40, 0
41, 1
42, 1
43, 1
44, 1
45, 1
46, 1
47, 1
48, 1
49, 1
50, 1
51, 1
52, 1
53, 1
54, 1
55, 1
56, 1
57, 1
58, 1
59, 1
60, 1
61, 1
62, 1
63, 1
64, 1
65, 1
66, 1
67, 1
68, 1
69, 1
70, 1
71, 1
72, 1
73, 1
74, 1
75, 1
76, 1
77, 1
78, 1
79, 1
80, 1
81, 1
82, 1
83, 1
84, 1
85, 1
86, 1
87, 1
88, 1
89, 1
90, 1
91, 1
92, 1
93, 1
94, 1
95, 1
96, 1
97, 1
98, 1
99, 1
100, 1
101, 1
102, 1
103, 1
104, 1
105, 1
106, 1
107, 1
108, 1
109, 1
110, 1
111, 1
112, 1
113, 1
114, 1
115, 1
116, 1
117, 1
118, 1
119, 1
120, 1
121, 1
122, 1
123, 1
124, 1
125, 1
126, 1
127, 1
128, 1
129, 1
130, 1
131, 1
132, 1
133, 1
134, 1
135, 1
136, 1
137, 1
138, 1
139, 1
140, 1
141, 1
142, 1
143, 1
144, 1
145, 1
146, 1
147, 1
148, 1
149, 1
150, 1
151, 1
152, 1
153, 1
154, 1
155, 1
156, 1
157, 1
158, 1
159, 1
160, 1
161, 1
162, 1
163, 1
164, 1
165, 1
166, 1
167, 1
168, 1
169, 1
170, 1
171, 1
172, 1
173, 1
174, 1
175, 1
176, 1
177, 1
178, 1
179, 1
180, 1
181, 1
182, 1
183, 1
184, 1
185, 1
186, 1
187, 1
188, 1
189, 1
190, 1
191, 1
192, 1
193, 1
194, 1
195, 1
196, 1
197, 1
198, 1
199, 1
200, 1
201, 1
202, 1
203, 1
204, 1
205, 1
206, 1
207, 1
208, 1
209, 1
210, 1
211, 1
212, 1
213, 1
214, 1
215, 1
216, 1
217, 1
218, 1
219, 1
220, 1
221, 1
222, 1
223, 1
224, 1
225, 1
226, 1
227, 1
228, 1
229, 1
230, 1
231, 1
232, 1
233, 1
234, 1
235, 1
236, 1
237, 1
238, 1
239, 1
240, 1
241, 1
242, 1
243, 1
244, 1
245, 1
246, 1
247, 1
248, 1
249, 1
250, 1
251, 1
252, 1
253, 1
254, 1
255, 1
256, 1
257, 1
258, 1
259, 1
260, 1
261, 1
262, 1
263, 1
264, 1
265, 1
266, 1
267, 1
268, 1
269, 1
270, 1
271, 1
272, 1
273, 1
274, 1
275, 1
276, 1
277, 1
278, 1
279, 1
280, 1
281, 1
282, 1
