bot_dist
0.0, 3.210760802879038
1.0, 3.2156664796752477
2.0, 3.220595734228077
3.0, 3.2255484584435714
4.0, 3.2305245443775608
5.0, 3.235523884242322
6.0, 3.240546370413133
7.0, 3.2455918954347096
8.0, 3.2506603520275292
9.0, 3.2557516330940444
10.0, 3.2608656317247835
11.0, 3.2660022412043332
12.0, 3.271161355017224
13.0, 3.2763428668536876
14.0, 3.28154667061532
15.0, 3.2867726604206253
16.0, 3.2920207306104534
17.0, 3.2972907757533347
18.0, 3.302582690650697
19.0, 3.307896370341989
20.0, 3.3132317101096835
21.0, 3.3185886054841904
22.0, 3.3239669522486524
23.0, 3.3293666464436478
24.0, 3.334787584371781
25.0, 3.3402296626021792
26.0, 3.3456927779748815
27.0, 3.351176827605137
28.0, 3.356681708887589
29.0, 3.362207319500378
30.0, 3.3677535574091304
31.0, 3.3733203208708664
32.0, 3.378907508437797
33.0, 3.3845150189610402
34.0, 3.390142751594232
35.0, 3.3957906057970515
36.0, 3.401458481338649
37.0, 3.4071462783009885
38.0, 3.412853897082097
39.0, 3.418581238399224
40.0, 3.4243282032919122
41.0, 3.430094693124986
42.0, 3.435880609591447
43.0, 3.4416858547152915
44.0, 3.447510330854237
45.0, 3.4533539407023697
46.0, 3.4592165872927088
47.0, 3.465098173999688
48.0, 3.4709986045415606
49.0, 3.4769177829827203
50.0, 3.4828556137359503
51.0, 3.488812001564587
52.0, 3.4947868515846157
53.0, 3.500780069266684
54.0, 3.5067915604380473
55.0, 3.512821231284438
56.0, 3.5188689883518602
57.0, 3.5249347385483194
58.0, 3.531018389145474
59.0, 3.5371198477802275
60.0, 3.5432390224562433
61.0, 3.549375821545396
62.0, 3.55553015378916
63.0, 3.561701928299926
64.0, 3.5678910545622586
65.0, 3.5740974424340886
66.0, 3.580321002147842
67.0, 3.5865616443115114
68.0, 3.5928192799096634
69.0, 3.599093820304385
70.0, 3.605385177236182
71.0, 3.6116932628248017
72.0, 3.618017989570018
73.0, 3.6243592703523504
74.0, 3.6307170184337285
75.0, 3.6370911474581047
76.0, 3.6434815714520163
77.0, 3.6498882048250905
78.0, 3.6563109623705046
79.0, 3.6627497592653873
80.0, 3.669204511071183
81.0, 3.675675133733952
82.0, 3.6821615435846415
83.0, 3.688663657339292
84.0, 3.6951813920992116
85.0, 3.7017146653510964
86.0, 3.7082633949671133
87.0, 3.714827499204936
88.0, 3.721406896707736
89.0, 3.7280015065041403
90.0, 3.734611248008138
91.0, 3.7412360410189573
92.0, 3.7478758057208923
93.0, 3.7545304626831015
94.0, 3.7611999328593626
95.0, 3.7678841375877905
96.0, 3.7745829985905246
97.0, 3.781296437973373
98.0, 3.788024378225426
99.0, 3.79476674221864
100.0, 3.8015234532073765
101.0, 3.8015234532073765
102.0, 3.8015234532073765
103.0, 3.8015234532073765
104.0, 3.8015234532073765
105.0, 3.8015234532073765
106.0, 3.8015234532073765
107.0, 3.8015234532073765
108.0, 3.8015234532073765
109.0, 3.8015234532073765
110.0, 3.8015234532073765
111.0, 3.8015234532073765
112.0, 3.8015234532073765
113.0, 3.8015234532073765
114.0, 3.8015234532073765
115.0, 3.8015234532073765
116.0, 3.8015234532073765
117.0, 3.8015234532073765
118.0, 3.8015234532073765
119.0, 3.8015234532073765
120.0, 3.8015234532073765
121.0, 3.8015234532073765
122.0, 3.8015234532073765
123.0, 3.8015234532073765
124.0, 3.8015234532073765
125.0, 3.8015234532073765
126.0, 3.8015234532073765
127.0, 3.8015234532073765
128.0, 3.8015234532073765
129.0, 3.8015234532073765
130.0, 3.8015234532073765
131.0, 3.79476674221864
132.0, 3.788024378225426
133.0, 3.781296437973373
134.0, 3.7745829985905246
135.0, 3.7678841375877905
136.0, 3.7611999328593626
137.0, 3.7545304626831015
138.0, 3.7478758057208923
139.0, 3.7412360410189573
140.0, 3.734611248008138
141.0, 3.7280015065041403
142.0, 3.721406896707736
143.0, 3.7191945167029083
144.0, 3.7126381335482734
145.0, 3.7060971341694704
146.0, 3.699571600164004
147.0, 3.6930616135124885
148.0, 3.6865672565785927
149.0, 3.680088612108938
150.0, 3.6736257632329536
151.0, 3.5839952184204575
152.0, 3.494376825866948
153.0, 3.4047714995863227
154.0, 3.3151803482408764
155.0, 3.2256045529571016
156.0, 3.136045429594499
157.0, 3.0465044484837667
158.0, 2.9569832577324644
159.0, 2.8674837108720763
160.0, 2.778007899817991
161.0, 2.6885581943698957
162.0, 2.5991372898144
163.0, 2.5097482646317038
164.0, 2.4203946508922534
165.0, 2.3310805207117355
166.0, 2.241810593191012
167.0, 2.235642026147249
168.0, 2.1467907171406244
169.0, 2.058079035551456
170.0, 1.9695256366443066
171.0, 1.8811528735510583
172.0, 1.7929874560038446
173.0, 1.7050615486111833
174.0, 1.6993638905106736
175.0, 1.613187929737025
176.0, 1.5275702813614975
177.0, 1.5222163947844822
178.0, 1.5169095359384552
179.0, 1.5116502001157222
180.0, 1.5064388850588386
181.0, 1.434956994264699
182.0, 1.430142051207218
183.0, 1.4253810008175813
184.0, 1.420674384921049
185.0, 1.4160227463103838
186.0, 1.411426628551599
187.0, 1.4068865757832776
188.0, 1.3215805687414572
189.0, 1.3172742932009687
190.0, 1.2314595655140355
191.0, 1.1461680285451465
192.0, 1.0615256753706186
193.0, 0.9777011255654542
194.0, 0.8949242113395934
195.0, 0.8135147932278544
196.0, 0.7339280722306873
197.0, 0.6568269431630194
198.0, 0.5831980563843027
199.0, 0.5145341915994591
200.0, 0.4530982424688031
201.0, 0.4022160140778291
202.0, 0.3663120913673521
203.0, 0.35002642219140956
204.0, 0.356061182707752
205.0, 0.3833637399119747
206.0, 0.4278820748480567
207.0, 0.48489741649362134
208.0, 0.5505406985110435
209.0, 0.622086600531466
210.0, 0.6977216766401145
211.0, 0.776251435572329
212.0, 0.8568805639473668
213.0, 0.865344065970439
214.0, 0.9443108171070331
215.0, 1.0248486588251045
216.0, 1.0330010798728673
217.0, 1.0411857126180393
218.0, 1.049401803371754
219.0, 1.0576486190121819
220.0, 1.0659254464057943
221.0, 1.0742315918417864
222.0, 1.0825663804797447
223.0, 1.0909291558105976
224.0, 1.099319279130845
225.0, 1.1077361290300274
226.0, 1.1161791008913526
227.0, 1.1246476064053832
228.0, 1.1331410730966456
229.0, 1.1416589438630118
230.0, 1.1502006765276782
231.0, 1.1502006765276782
232.0, 1.1502006765276782
233.0, 1.1502006765276782
234.0, 1.1502006765276782
235.0, 1.1502006765276782
236.0, 1.1502006765276782
237.0, 1.1502006765276782
238.0, 1.1502006765276782
239.0, 1.1502006765276782
240.0, 1.1502006765276782
241.0, 1.1502006765276782
242.0, 1.1502006765276782
243.0, 1.1502006765276782
244.0, 1.1502006765276782
245.0, 1.1502006765276782
246.0, 1.1502006765276782
247.0, 1.1502006765276782
248.0, 1.1502006765276782
249.0, 1.1502006765276782
250.0, 1.1502006765276782
251.0, 1.1502006765276782
252.0, 1.1502006765276782
253.0, 1.1502006765276782
254.0, 1.1502006765276782
255.0, 1.1502006765276782
256.0, 1.1502006765276782
257.0, 1.1502006765276782
258.0, 1.1502006765276782
259.0, 1.1502006765276782
260.0, 1.1502006765276782
261.0, 1.1416589438630118
262.0, 1.1331410730966456
263.0, 1.1246476064053832
264.0, 1.1161791008913526
265.0, 1.1077361290300274
266.0, 1.099319279130845
267.0, 1.0909291558105976
268.0, 1.0825663804797447
269.0, 1.0742315918417864
270.0, 1.0659254464057943
271.0, 1.0576486190121819
272.0, 1.049401803371754
273.0, 1.0411857126180393
274.0, 1.0330010798728673
275.0, 1.0248486588251045
276.0, 1.0167292243224109
277.0, 1.008643572975815
278.0, 1.0005925237768445
279.0, 0.9925769187268775
280.0, 0.984597623478292
281.0, 0.9766555279869095
282.0, 0.9687515471751297
ee_dist
0.0, 0.8922543192929631
1.0, 0.8961336653440607
2.0, 0.9709465728761947
3.0, 1.0465360131989798
4.0, 1.0725317684579392
5.0, 1.0977218661301904
6.0, 1.1326839366179746
7.0, 1.169091604512095
8.0, 1.2055567701702496
9.0, 1.2471742484343251
10.0, 1.2838756447186963
11.0, 1.3180418677091763
12.0, 1.350824397400983
13.0, 1.381148602470612
14.0, 1.4097236346890474
15.0, 1.4352704466488737
16.0, 1.4599324452792921
17.0, 1.481590092800608
18.0, 1.5028919243647036
19.0, 1.521168567341159
20.0, 1.5396581511187668
21.0, 1.515726572428392
22.0, 1.4819322158203385
23.0, 1.4451824958295232
24.0, 1.404996912432574
25.0, 1.3615562809836983
26.0, 1.31486850944808
27.0, 1.2651436044353888
28.0, 1.2124109888987598
29.0, 1.1569505781542975
30.0, 1.0988242894231983
31.0, 1.0383971933259146
32.0, 0.9757878467156433
33.0, 0.9114720693898806
34.0, 0.8456807037018071
35.0, 0.7790933197568635
36.0, 0.7122023977865621
37.0, 0.6461044375161832
38.0, 0.5812680782035534
39.0, 0.5213889323462563
40.0, 0.46694209341713816
41.0, 0.48268209221205993
42.0, 0.7047848482017263
43.0, 1.208935697733535
44.0, 1.168866796820358
45.0, 1.1276101152775573
46.0, 1.0833265154976124
47.0, 1.0373739106146105
48.0, 0.9886134082251535
49.0, 0.9380315852438587
50.0, 0.8854700937993446
51.0, 0.8318181094404639
52.0, 0.777083023673516
53.0, 0.7213999772415053
54.0, 0.6648487630202026
55.0, 0.6075757736020954
56.0, 0.5504869376909588
57.0, 0.49385682545121296
58.0, 0.5465049794294078
59.0, 0.6212194128718579
60.0, 0.7047702102291686
61.0, 0.7967535170191807
62.0, 0.891595003295566
63.0, 0.9841803813600031
64.0, 1.0704771573284946
65.0, 1.1370381465589763
66.0, 1.193336710190879
67.0, 1.2508128913079557
68.0, 1.3036694248659977
69.0, 1.3560774332550225
70.0, 1.4088761336428426
71.0, 1.4600119457472491
72.0, 1.5162801831864705
73.0, 1.577823534656411
74.0, 1.6441086189734497
75.0, 1.7214652078523707
76.0, 1.8080466490028448
77.0, 1.9039709714046555
78.0, 2.0040825876645263
79.0, 2.1032126059320344
80.0, 2.196970036189031
81.0, 2.27547590056565
82.0, 2.3389884842708195
83.0, 2.4014383177935685
84.0, 2.4613658015429443
85.0, 2.5206357665302557
86.0, 2.5693578244919353
87.0, 2.5976892958188933
88.0, 2.628462421599952
89.0, 2.667991428830206
90.0, 2.718988163994223
91.0, 2.803642515053667
92.0, 2.896488951023963
93.0, 2.9992863868609243
94.0, 3.1059537740269985
95.0, 3.2144584456044156
96.0, 3.3151657113473445
97.0, 3.4062292244616597
98.0, 3.4772484034648614
99.0, 3.5456557397080912
100.0, 3.61024675738678
101.0, 3.6749945194511673
102.0, 3.7369486693336134
103.0, 3.800431775082169
104.0, 3.8633773698386245
105.0, 3.9340671548022152
106.0, 4.007708302225196
107.0, 4.0900557173623735
108.0, 4.18070278259822
109.0, 4.281944555293336
110.0, 4.387799489106398
111.0, 4.497473760003495
112.0, 4.5997021740423465
113.0, 4.6955325337040845
114.0, 4.769296474553897
115.0, 4.839278596487983
116.0, 4.881852776557628
117.0, 4.927433497507165
118.0, 4.970116807068959
119.0, 5.01325142330458
120.0, 5.052914614023556
121.0, 5.092531460249739
122.0, 5.128221018456426
123.0, 5.163427206274016
124.0, 5.194317627642394
125.0, 5.224351531759064
126.0, 5.249750338572583
127.0, 5.273987346087448
128.0, 5.293341059168665
129.0, 5.31129162360076
130.0, 5.3241811319667836
131.0, 5.335497506604093
132.0, 5.341645762218873
133.0, 5.346115960465656
134.0, 5.345380475766636
135.0, 5.342933529093215
136.0, 5.335312576765972
137.0, 5.326013923310417
138.0, 5.3116416928056704
139.0, 5.295695919473497
140.0, 5.27484972883021
141.0, 5.252599966215365
142.0, 5.23611670434864
143.0, 4.610874543061194
144.0, 4.599845141711863
145.0, 4.589464056588859
146.0, 4.583466235355363
147.0, 4.578137192950223
148.0, 4.577379890846359
149.0, 4.577283070989881
150.0, 4.5817954641178655
151.0, 4.498302137786057
152.0, 4.416816186749262
153.0, 4.333387446547405
154.0, 4.251968531661044
155.0, 4.1686120100654005
156.0, 4.087268424648359
157.0, 4.003993136009924
158.0, 3.9227344506358595
159.0, 3.8395509620467223
160.0, 3.7583884284982565
161.0, 3.67530920621374
162.0, 3.5942560356316413
163.0, 3.5112960974605305
164.0, 3.430368160783909
165.0, 3.3475448077431125
166.0, 3.266761485255957
167.0, 3.273507584497315
168.0, 3.1946207706232643
169.0, 3.113992906123452
170.0, 3.03548216918334
171.0, 2.955268211223414
172.0, 2.8771961658071534
173.0, 2.797467466642119
174.0, 2.8100549275998543
175.0, 2.733567324317397
176.0, 2.659372128957091
177.0, 2.673242883071946
178.0, 2.691127251127263
179.0, 2.709494965689583
180.0, 2.731336352287073
181.0, 2.6744857027645907
182.0, 2.653643310007076
183.0, 2.633203153526354
184.0, 2.616457600433938
185.0, 2.60024898916408
186.0, 2.5882315691296416
187.0, 2.5768696741206796
188.0, 2.4981649573449363
189.0, 2.489146421427461
190.0, 2.4087124499217367
191.0, 2.326458261529075
192.0, 2.246308415178464
193.0, 2.164375515998485
194.0, 2.0845773858287644
195.0, 2.003045345677279
196.0, 1.9236891148595923
197.0, 1.8408810465231795
198.0, 1.792733016883225
199.0, 1.737272292135262
200.0, 1.7439743235671714
201.0, 1.5259235630524846
202.0, 1.409240220703627
203.0, 1.3751197796311494
204.0, 1.301269740160381
205.0, 1.2234465056190122
206.0, 1.1437024915474747
207.0, 1.0703500240084678
208.0, 0.9930731601117083
209.0, 0.9291924688725995
210.0, 0.8613063054449644
211.0, 0.7960202815383066
212.0, 0.7365242558910122
213.0, 0.7099085833907715
214.0, 0.6544403614370701
215.0, 0.5825358077262892
216.0, 0.5772087370402789
217.0, 0.5592837616328972
218.0, 0.5448504112514417
219.0, 0.5330372729167292
220.0, 0.5262358110704072
221.0, 0.5216189038426431
222.0, 0.5228466558826669
223.0, 0.5261402428134266
224.0, 0.5350874345579201
225.0, 0.5458965756834812
226.0, 0.5616294044989788
227.0, 0.5788234475656626
228.0, 0.5999066246695572
229.0, 0.5993284412819728
230.0, 0.5999066246695572
231.0, 0.5993284412819728
232.0, 0.5999066246695572
233.0, 0.5993284412819728
234.0, 0.5999066246695572
235.0, 0.5993284412819728
236.0, 0.5999066246695572
237.0, 0.5988366272119388
238.0, 0.5999059433135646
239.0, 0.5993255743987621
240.0, 0.5999069875384666
241.0, 0.5993284412819728
242.0, 0.5999066246695572
243.0, 0.6056793825190209
244.0, 0.6174150528627905
245.0, 0.6302937380762653
246.0, 0.6452327389337253
247.0, 0.6611744389656509
248.0, 0.6788670691381716
249.0, 0.697211726743196
250.0, 0.7170327192944709
251.0, 0.7372193067454575
252.0, 0.7585986467333892
253.0, 0.7800968061788477
254.0, 0.8024764733625255
255.0, 0.8247434721916687
256.0, 0.8475651450986906
257.0, 0.870064347881645
258.0, 0.8928079740450033
259.0, 0.915047651045552
260.0, 0.9465385155410106
261.0, 0.9760083696411578
262.0, 1.0048037139604358
263.0, 0.981896536910948
264.0, 0.9578351635187364
265.0, 0.9326255223516622
266.0, 0.9063252198001324
267.0, 0.8791369137224218
268.0, 0.8511236494252793
269.0, 0.8225377761655616
270.0, 0.7934665179113579
271.0, 0.7628561444375237
272.0, 0.7325399476435956
273.0, 0.7015274943873963
274.0, 0.6735909915524962
275.0, 0.6433671372595848
276.0, 0.6174138929301851
277.0, 0.5912166936202594
278.0, 0.568542584535093
279.0, 0.5489247479642559
280.0, 0.5316423304810772
281.0, 0.5183714425911197
282.0, 0.5223559540954306
ee_box_dist
0.0, 0.6767797296123506
1.0, 0.7250288248741754
2.0, 0.7561245332126336
3.0, 0.7929236452253979
4.0, 0.8283203715727184
5.0, 0.8654119039994711
6.0, 0.9033264256561158
7.0, 0.9381332615289072
8.0, 0.9715268749688396
9.0, 1.0093461185638266
10.0, 1.041867069870941
11.0, 1.071779685495181
12.0, 1.1003099155621032
13.0, 1.1266519616525976
14.0, 1.1513840967901732
15.0, 1.1734323358759315
16.0, 1.194757073357445
17.0, 1.213430031009529
18.0, 1.2319072081592348
19.0, 1.2476697384198316
20.0, 1.2637840035563435
21.0, 1.2419080426955007
22.0, 1.2114977516597476
23.0, 1.1784508111448675
24.0, 1.1432583266612246
25.0, 1.1046023176455866
26.0, 1.0635219804395672
27.0, 1.018330292357922
28.0, 0.9707812904385709
29.0, 0.9221188620095659
30.0, 0.8720293120768797
31.0, 0.8177083327147109
32.0, 0.7623626585124609
33.0, 0.7036449026143624
34.0, 0.6422289813640225
35.0, 0.5821222330873509
36.0, 0.5151717107641316
37.0, 0.450562014231926
38.0, 0.38582941634791723
39.0, 0.3355836221775988
40.0, 0.280296840273605
41.0, 0.2938436852294798
42.0, 0.28906244202800646
43.0, 0.3024218505069469
44.0, 0.31419172161891495
45.0, 0.32675848556615894
46.0, 0.338586359039262
47.0, 0.35102921747712484
48.0, 0.3628743633605485
49.0, 0.3750369001730359
50.0, 0.38684689560607743
51.0, 0.3987042424612671
52.0, 0.41043359648126876
53.0, 0.4220418366893631
54.0, 0.43349316128927184
55.0, 0.44469370743896414
56.0, 0.45566373782225245
57.0, 0.4663127321896674
58.0, 0.47664929657470095
59.0, 0.48670311744392963
60.0, 0.49641749961485154
61.0, 0.5058722125398113
62.0, 0.5149762188232523
63.0, 0.5238169585398362
64.0, 0.5323141361671442
65.0, 0.5405443588706146
66.0, 0.5484433275131682
67.0, 0.5560668285835517
68.0, 0.5633557961100163
69.0, 0.5703493966768777
70.0, 0.5769956183507662
71.0, 0.583329303090956
72.0, 0.5893045515690992
73.0, 0.5949525124729156
74.0, 0.6002307098127972
75.0, 0.6051666907831349
76.0, 0.6097202339505156
77.0, 0.6139155311764035
78.0, 0.6177142364599916
79.0, 0.6211372581495929
80.0, 0.6241471515093338
81.0, 0.6267627918756429
82.0, 0.6289466839081371
83.0, 0.6306598442024003
84.0, 0.6320338478923309
85.0, 0.6329134518923286
86.0, 0.6545774009334995
87.0, 0.700912317807612
88.0, 0.7402605326541066
89.0, 0.7739902200242705
90.0, 0.798977412536526
91.0, 0.7975603152660846
92.0, 0.7985314273634236
93.0, 0.7975919588339565
94.0, 0.7985302344049892
95.0, 0.7975922333187464
96.0, 0.7985302122200397
97.0, 0.7975921784217871
98.0, 0.7985302122200397
99.0, 0.797592200628534
100.0, 0.7985302122200397
101.0, 0.7975921784217871
102.0, 0.7985302122200397
103.0, 0.7975921784217871
104.0, 0.7985302122200397
105.0, 0.7975921784217871
106.0, 0.7985302122200397
107.0, 0.7975921784217871
108.0, 0.7985302122200397
109.0, 0.7975921784217871
110.0, 0.7985302122200397
111.0, 0.7975921784217871
112.0, 0.7985302122200397
113.0, 0.7975921784217871
114.0, 0.7985302122200397
115.0, 0.7949849264737449
116.0, 0.7984904599191507
117.0, 0.7975960840320431
118.0, 0.7985303428994385
119.0, 0.7975928366309644
120.0, 0.798530814871623
121.0, 0.7975927817340589
122.0, 0.798530814871623
123.0, 0.7975927817340589
124.0, 0.798530814871623
125.0, 0.7975927817340589
126.0, 0.798530814871623
127.0, 0.7975927817340589
128.0, 0.798530814871623
129.0, 0.7975927817340589
130.0, 0.798530814871623
131.0, 0.7975927817340589
132.0, 0.798530814871623
133.0, 0.7975927817340589
134.0, 0.798530814871623
135.0, 0.7975927817340589
136.0, 0.798530814871623
137.0, 0.7975927817340589
138.0, 0.798530814871623
139.0, 0.7975927817340589
140.0, 0.798530814871623
141.0, 0.7975927817340589
142.0, 0.798530814871623
143.0, 1.516415635373348
144.0, 1.5106782562197696
145.0, 1.5050407041336586
146.0, 1.4958985310057482
147.0, 1.486858312008797
148.0, 1.4744447047337232
149.0, 1.4621302787156627
150.0, 1.4466301701931685
151.0, 1.5149026470325995
152.0, 1.5830659570188512
153.0, 1.6542057995591557
154.0, 1.7248224295321362
155.0, 1.798171176029039
156.0, 1.8706904117861145
157.0, 1.9457641027355814
158.0, 2.0197793033562097
159.0, 2.096218481664871
160.0, 2.171425768008182
161.0, 2.248960096675481
162.0, 2.3251295496873663
163.0, 2.4035528280912435
164.0, 2.480508035486788
165.0, 2.5596617167315694
166.0, 2.6372653297660253
167.0, 2.6282792835270734
168.0, 2.7043570152930467
169.0, 2.78263943828536
170.0, 2.8594094411392286
171.0, 2.9383440879108327
172.0, 3.015701159558184
173.0, 3.0951906823640134
174.0, 3.083859831430883
175.0, 3.161598634237873
176.0, 3.2378214422406257
177.0, 3.226822227275925
178.0, 3.212077232973134
179.0, 3.197178856058396
180.0, 3.1788214555704806
181.0, 3.2453100406108533
182.0, 3.261676898130103
183.0, 3.277894726304042
184.0, 3.2904638809199818
185.0, 3.302864246864915
186.0, 3.3113787114219555
187.0, 3.319705021041557
188.0, 3.399800612687704
189.0, 3.405888336733209
190.0, 3.4869655066666856
191.0, 3.5700448298807546
192.0, 3.651235525696489
193.0, 3.7344238092057847
194.0, 3.8157134110473323
195.0, 3.8989969298628595
196.0, 3.980373394305906
197.0, 4.065205745456506
198.0, 4.122315998251782
199.0, 4.204451249810835
200.0, 4.359031487895227
201.0, 4.449862346250223
202.0, 4.516732278846706
203.0, 4.556639486934928
204.0, 4.638630763189406
205.0, 4.718535059241933
206.0, 4.806076534100212
207.0, 4.8890043939020655
208.0, 4.977874801238651
209.0, 5.05363973627091
210.0, 5.136688802544003
211.0, 5.220290335785601
212.0, 5.301389441855998
213.0, 5.311386011703994
214.0, 5.386847591644348
215.0, 5.4883024493097
216.0, 5.469087939503228
217.0, 5.466892798866557
218.0, 5.461765290510673
219.0, 5.455177434629924
220.0, 5.445025978030384
221.0, 5.434292947169597
222.0, 5.419796462314788
223.0, 5.404933043305286
224.0, 5.386635584468581
225.0, 5.367975624626113
226.0, 5.346312352069348
227.0, 5.324299837426288
228.0, 5.2997961355088785
229.0, 5.300266855481925
230.0, 5.2997961355088785
231.0, 5.300266855481925
232.0, 5.2997961355088785
233.0, 5.300266855481925
234.0, 5.2997961355088785
235.0, 5.300266855481925
236.0, 5.2997961355088785
237.0, 5.300567096291138
238.0, 5.299794616800835
239.0, 5.300266729178664
240.0, 5.299794047638108
241.0, 5.300265186615355
242.0, 5.299794474102902
243.0, 5.298562377612478
244.0, 5.299051131530794
245.0, 5.298823859686678
246.0, 5.297505268241259
247.0, 5.295455752824436
248.0, 5.292199823410449
249.0, 5.288131286304999
250.0, 5.282793089134038
251.0, 5.276659428236994
252.0, 5.26927355991414
253.0, 5.261215670575809
254.0, 5.251997015235289
255.0, 5.24230132956148
256.0, 5.231588176092513
257.0, 5.220614635423831
258.0, 5.208795815238664
259.0, 5.196930657443801
260.0, 5.179242127144077
261.0, 5.163160641288253
262.0, 5.146744306217794
263.0, 5.173663532200234
264.0, 5.201447127413663
265.0, 5.229783659039598
266.0, 5.2584450506732905
267.0, 5.287201858313187
268.0, 5.315831460497131
269.0, 5.344105511889431
270.0, 5.371812018993511
271.0, 5.400216462155901
272.0, 5.426878392696979
273.0, 5.453438650306853
274.0, 5.4757252281117355
275.0, 5.498840725542769
276.0, 5.517961042824811
277.0, 5.537810010980959
278.0, 5.55419914677801
279.0, 5.568299241437268
280.0, 5.580906018972528
281.0, 5.590859821336315
282.0, 5.598496405764609
spot_hold
0, 0
1, 0
2, 0
3, 0
4, 0
5, 0
6, 0
7, 0
8, 0
9, 0
10, 0
11, 0
12, 0
13, 0
14, 0
15, 0
16, 0
17, 0
18, 0
19, 0
20, 0
21, 0
22, 0
23, 0
24, 0
25, 0
26, 0
27, 0
28, 0
29, 0
30, 0
31, 0
32, 0
33, 0
34, 0
35, 0
36, 0
37, 0
38, 0
39, 0
40, 0
41, 1
42, 1
43, 1
44, 1
45, 1
46, 1
47, 1
48, 1
49, 1
50, 1
51, 1
52, 1
53, 1
54, 1
55, 1
56, 1
57, 1
58, 1
59, 1
60, 1
61, 1
62, 1
63, 1
64, 1
65, 1
66, 1
67, 1
68, 1
69, 1
70, 1
71, 1
72, 1
73, 1
74, 1
75, 1
76, 1
77, 1
78, 1
79, 1
80, 1
81, 1
82, 1
83, 1
84, 1
85, 1
86, 1
87, 1
88, 1
89, 1
90, 1
91, 1
92, 1
93, 1
94, 1
95, 1
96, 1
97, 1
98, 1
99, 1
100, 1
101, 1
102, 1
103, 1
104, 1
105, 1
106, 1
107, 1
108, 1
109, 1
110, 1
111, 1
112, 1
113, 1
114, 1
115, 1
116, 1
117, 1
118, 1
119, 1
120, 1
121, 1
122, 1
123, 1
124, 1
125, 1
126, 1
127, 1
128, 1
129, 1
130, 1
131, 1
132, 1
133, 1
134, 1
135, 1
136, 1
137, 1
138, 1
139, 1
140, 1
141, 1
142, 1
143, 1
144, 1
145, 1
146, 1
147, 1
148, 1
149, 1
150, 1
151, 1
152, 1
153, 1
154, 1
155, 1
156, 1
157, 1
158, 1
159, 1
160, 1
161, 1
162, 1
163, 1
164, 1
165, 1
166, 1
167, 1
168, 1
169, 1
170, 1
171, 1
172, 1
173, 1
174, 1
175, 1
176, 1
177, 1
178, 1
179, 1
180, 1
181, 1
182, 1
183, 1
184, 1
185, 1
186, 1
187, 1
188, 1
189, 1
190, 1
191, 1
192, 1
193, 1
194, 1
195, 1
196, 1
197, 1
198, 1
199, 1
200, 1
201, 1
202, 1
203, 1
204, 1
205, 1
206, 1
207, 1
208, 1
209, 1
210, 1
211, 1
212, 1
213, 1
214, 1
215, 1
216, 1
217, 1
218, 1
219, 1
220, 1
221, 1
222, 1
223, 1
224, 1
225, 1
226, 1
227, 1
228, 1
229, 1
230, 1
231, 1
232, 1
233, 1
234, 1
235, 1
236, 1
237, 1
238, 1
239, 1
240, 1
241, 1
242, 1
243, 1
244, 1
245, 1
246, 1
247, 1
248, 1
249, 1
250, 1
251, 1
252, 1
253, 1
254, 1
255, 1
256, 1
257, 1
258, 1
259, 1
260, 1
261, 1
262, 1
263, 1
264, 1
265, 1
266, 1
267, 1
268, 1
269, 1
270, 1
271, 1
272, 1
273, 1
274, 1
275, 1
276, 1
277, 1
278, 1
279, 1
280, 1
281, 1
282, 1
