bot_dist
0.0, 2.9643041084336943
1.0, 2.9676022465891747
2.0, 2.9709303845429864
3.0, 2.9742884215885543
4.0, 2.977676256570904
5.0, 2.9810937878993107
6.0, 2.984540913559905
7.0, 2.9880175311282064
8.0, 2.9915235377816085
9.0, 2.9950588303117947
10.0, 2.998623305137092
11.0, 3.0022168583147555
12.0, 3.0058393855531804
13.0, 3.0094907822240464
14.0, 3.0131709433743814
15.0, 3.016879763738554
16.0, 3.0206171377501825
17.0, 3.0243829595539644
18.0, 3.0281771230174215
19.0, 3.0319995217425606
20.0, 3.035850049077448
21.0, 3.039728598127693
22.0, 3.0436350617678407
23.0, 3.047569332652678
24.0, 3.0515313032284346
25.0, 3.055520865743899
26.0, 3.059537912261432
27.0, 3.0635823346678825
28.0, 3.0676540246854054
29.0, 3.0717528738821738
30.0, 3.075878773682995
31.0, 3.0800316153798146
32.0, 3.0842112901421253
33.0, 3.088417689027262
34.0, 3.0926507029905945
35.0, 3.0969102228956067
36.0, 3.1011961395238767
37.0, 3.1055083435849355
38.0, 3.1098467257260256
39.0, 3.1142111765417413
40.0, 3.1186015865835586
41.0, 3.1230178463692546
42.0, 3.1274598463922128
43.0, 3.131927477130613
44.0, 3.1364206290565093
45.0, 3.1409391926447907
46.0, 3.1454830583820304
47.0, 3.1500521167752145
48.0, 3.154646258360361
49.0, 3.159265373711018
50.0, 3.163909353446649
51.0, 3.168578088240898
52.0, 3.1732714688297428
53.0, 3.177989273246573
54.0, 3.182731503986823
55.0, 3.187498052029005
56.0, 3.1922888084453924
57.0, 3.197103664409591
58.0, 3.2019425112039888
59.0, 3.206805240227086
60.0, 3.211691743000723
61.0, 3.216601911177179
62.0, 3.221535636546159
63.0, 3.2264928110416706
64.0, 3.2314733267487803
65.0, 3.2364770759102575
66.0, 3.241503950933103
67.0, 3.2465538443949695
68.0, 3.2516266490504595
69.0, 3.2567222578373216
70.0, 3.2618405638825223
71.0, 3.266981460508219
72.0, 3.27214484123761
73.0, 3.277330599800686
74.0, 3.2825386301398614
75.0, 3.287768826415501
76.0, 3.2930210830113396
77.0, 3.29829529453979
78.0, 3.303591355847147
79.0, 3.3089091620186846
80.0, 3.3142486083836453
81.0, 3.3196095905201255
82.0, 3.324992004259858
83.0, 3.330395745692892
84.0, 3.3358207111721656
85.0, 3.3412667973179815
86.0, 3.34673390102238
87.0, 3.352221919453413
88.0, 3.3577307500593165
89.0, 3.363260290572588
90.0, 3.368810439013963
91.0, 3.374381093696298
92.0, 3.3799721532283544
93.0, 3.3855835165184973
94.0, 3.3912150827782823
95.0, 3.396866751525971
96.0, 3.402538422589938
97.0, 3.4082299961119964
98.0, 3.413941372550627
99.0, 3.419672452684127
100.0, 3.425423137613661
101.0, 3.425423137613661
102.0, 3.425423137613661
103.0, 3.425423137613661
104.0, 3.425423137613661
105.0, 3.425423137613661
106.0, 3.425423137613661
107.0, 3.425423137613661
108.0, 3.425423137613661
109.0, 3.425423137613661
110.0, 3.425423137613661
111.0, 3.425423137613661
112.0, 3.425423137613661
113.0, 3.425423137613661
114.0, 3.425423137613661
115.0, 3.425423137613661
116.0, 3.425423137613661
117.0, 3.425423137613661
118.0, 3.425423137613661
119.0, 3.425423137613661
120.0, 3.425423137613661
121.0, 3.425423137613661
122.0, 3.425423137613661
123.0, 3.425423137613661
124.0, 3.425423137613661
125.0, 3.425423137613661
126.0, 3.425423137613661
127.0, 3.425423137613661
128.0, 3.425423137613661
129.0, 3.425423137613661
130.0, 3.425423137613661
131.0, 3.419672452684127
132.0, 3.413941372550627
133.0, 3.4082299961119964
134.0, 3.402538422589938
135.0, 3.396866751525971
136.0, 3.3912150827782823
137.0, 3.3855835165184973
138.0, 3.3799721532283544
139.0, 3.374381093696298
140.0, 3.368810439013963
141.0, 3.363260290572588
142.0, 3.3577307500593165
143.0, 3.3570606639570437
144.0, 3.3515805686983358
145.0, 3.3461213837939803
146.0, 3.3406832117560854
147.0, 3.3352661553694776
148.0, 3.329870317687428
149.0, 3.324495802027275
150.0, 3.3191427119659545
151.0, 3.2310786013551684
152.0, 3.1431165603580933
153.0, 3.0552653540410155
154.0, 2.9675348808290916
155.0, 2.879936174292612
156.0, 2.792481634816759
157.0, 2.7051852445454583
158.0, 2.6180628234540024
159.0, 2.5311323358381106
160.0, 2.4444142589230893
161.0, 2.357932028421435
162.0, 2.2717125799300852
163.0, 2.185787010368911
164.0, 2.1001913906380536
165.0, 2.0149677698789175
166.0, 1.9301654239259682
167.0, 1.9261051493717523
168.0, 1.8440347303116087
169.0, 1.7627849971009817
170.0, 1.682474602738687
171.0, 1.6032447146847517
172.0, 1.5252637230708572
173.0, 1.4487333150427817
174.0, 1.4461648990757519
175.0, 1.3754014104126153
176.0, 1.307143132095029
177.0, 1.305471909012121
178.0, 1.3038752403028562
179.0, 1.3023533647860341
180.0, 1.300906584048046
181.0, 1.2592646363351045
182.0, 1.2585364746126129
183.0, 1.257887395871301
184.0, 1.2573175225887852
185.0, 1.256826962505617
186.0, 1.2564158085239017
187.0, 1.2560841386196313
188.0, 1.1910743513235873
189.0, 1.1913255172087558
190.0, 1.125820776322805
191.0, 1.0637741824324316
192.0, 1.0058259178566775
193.0, 0.9527241037506093
194.0, 0.9053219503112198
195.0, 0.8645574732636077
196.0, 0.8314075958573697
197.0, 0.8068114595960099
198.0, 0.7915668305546225
199.0, 0.7862178693885505
200.0, 0.7909653621178288
201.0, 0.8056308366784618
202.0, 0.8296885324969987
203.0, 0.8623527421650279
204.0, 0.902689657576067
205.0, 0.9497221482532594
206.0, 1.0025082916781831
207.0, 1.0601890236636893
208.0, 1.122009728978835
209.0, 1.1873239124022081
210.0, 1.255586511959151
211.0, 1.3263423057835135
212.0, 1.3992132235797228
213.0, 1.408664773213634
214.0, 1.4788720411174083
215.0, 1.5509603217984793
216.0, 1.5601978049903027
217.0, 1.5694446376840607
218.0, 1.5787006555928595
219.0, 1.587965698098915
220.0, 1.5972396081563975
221.0, 1.60652223219718
222.0, 1.6158134200393914
223.0, 1.625113024798693
224.0, 1.6344209028021817
225.0, 1.6437369135048403
226.0, 1.6530609194084518
227.0, 1.6623927859829013
228.0, 1.6717323815897824
229.0, 1.6810795774082432
230.0, 1.6904342473629932
231.0, 1.6904342473629932
232.0, 1.6904342473629932
233.0, 1.6904342473629932
234.0, 1.6904342473629932
235.0, 1.6904342473629932
236.0, 1.6904342473629932
237.0, 1.6904342473629932
238.0, 1.6904342473629932
239.0, 1.6904342473629932
240.0, 1.6904342473629932
241.0, 1.6904342473629932
242.0, 1.6904342473629932
243.0, 1.6904342473629932
244.0, 1.6904342473629932
245.0, 1.6904342473629932
246.0, 1.6904342473629932
247.0, 1.6904342473629932
248.0, 1.6904342473629932
249.0, 1.6904342473629932
250.0, 1.6904342473629932
251.0, 1.6904342473629932
252.0, 1.6904342473629932
253.0, 1.6904342473629932
254.0, 1.6904342473629932
255.0, 1.6904342473629932
256.0, 1.6904342473629932
257.0, 1.6904342473629932
258.0, 1.6904342473629932
259.0, 1.6904342473629932
260.0, 1.6904342473629932
261.0, 1.6810795774082432
262.0, 1.6717323815897824
263.0, 1.6623927859829013
264.0, 1.6530609194084518
265.0, 1.6437369135048403
266.0, 1.6344209028021817
267.0, 1.625113024798693
268.0, 1.6158134200393914
269.0, 1.60652223219718
270.0, 1.5972396081563975
271.0, 1.587965698098915
272.0, 1.5787006555928595
273.0, 1.5694446376840607
274.0, 1.5601978049903027
275.0, 1.5509603217984793
276.0, 1.541732356164748
277.0, 1.5325140800177812
278.0, 1.5233056692652218
279.0, 1.514107303903446
280.0, 1.5049191681307466
281.0, 1.495741450464047
282.0, 1.4865743438592713
ee_dist
0.0, 0.9335518476346467
1.0, 0.9455659676796144
2.0, 1.0254986498008294
3.0, 1.1035970393846
4.0, 1.1304549772268173
5.0, 1.1557558224442253
6.0, 1.190377629527355
7.0, 1.2262358208682287
8.0, 1.2623702402469552
9.0, 1.3037056682391646
10.0, 1.3401837361673952
11.0, 1.374193701501908
12.0, 1.4068850555199155
13.0, 1.4371529529139802
14.0, 1.465714535941716
15.0, 1.4912638765838693
16.0, 1.5159565323643829
17.0, 1.5376465414152642
18.0, 1.5589995958733442
19.0, 1.5773228884468073
20.0, 1.5958734786897815
21.0, 1.571265552153773
22.0, 1.5365668529855012
23.0, 1.498874889826008
24.0, 1.4577088513085141
25.0, 1.4132592890696947
26.0, 1.3655476914635538
27.0, 1.3147968293341605
28.0, 1.2610550178504507
29.0, 1.2046208343480596
30.0, 1.1455829847750854
31.0, 1.0843343892643027
32.0, 1.02103371449823
33.0, 0.956199210615802
34.0, 0.8901233178244106
35.0, 0.8235501891437723
36.0, 0.7570638799904225
37.0, 0.6912461798188139
38.0, 0.6282981644531691
39.0, 0.5707806195207434
40.0, 0.5191545007307684
41.0, 0.5345145997430377
42.0, 0.7117037095518839
43.0, 1.1606171356475026
44.0, 1.1196274657376057
45.0, 1.0777975770360997
46.0, 1.0325607606330114
47.0, 0.9860134012970849
48.0, 0.9366384001790148
49.0, 0.8855812020207519
50.0, 0.8325686330334503
51.0, 0.7785906880871895
52.0, 0.7236238847369982
53.0, 0.667820728313993
54.0, 0.6113590709046839
55.0, 0.5543249348091004
56.0, 0.4977950348468974
57.0, 0.4420718247906026
58.0, 0.49149753740941043
59.0, 0.5648818424692026
60.0, 0.6473734442533386
61.0, 0.7393142458292339
62.0, 0.8332385954511472
63.0, 0.9256782552961659
64.0, 1.0119634720081716
65.0, 1.078719778031793
66.0, 1.1354576052317948
67.0, 1.1932706955272308
68.0, 1.2463455200495575
69.0, 1.2988680954074339
70.0, 1.3516459100914793
71.0, 1.4027276898162804
72.0, 1.4586636102527448
73.0, 1.5199782619893363
74.0, 1.5860026026290128
75.0, 1.6631217193977896
76.0, 1.7494743294571404
77.0, 1.8451880830148994
78.0, 1.9451409698192879
79.0, 2.044186588954906
80.0, 2.137920766321185
81.0, 2.216489564579392
82.0, 2.280137430709787
83.0, 2.3427133890945013
84.0, 2.402814822950516
85.0, 2.462110666584947
86.0, 2.510487300856825
87.0, 2.5388494629803495
88.0, 2.570576019270161
89.0, 2.6104503712678775
90.0, 2.659529703764588
91.0, 2.744069187169112
92.0, 2.8370138934654463
93.0, 2.939384092480708
94.0, 3.0462039471419975
95.0, 3.1544067686062607
96.0, 3.2553135008822043
97.0, 3.3460940571332816
98.0, 3.4174887590146374
99.0, 3.485851398643117
100.0, 3.5506967428090306
101.0, 3.6151046403011144
102.0, 3.6774647365083477
103.0, 3.7408922740442927
104.0, 3.803806704864481
105.0, 3.8768837646684204
106.0, 3.947967298697018
107.0, 4.02967079026114
108.0, 4.121066274311112
109.0, 4.2221020489666
110.0, 4.327754760291186
111.0, 4.436371712473431
112.0, 4.539884490890724
113.0, 4.635618657514208
114.0, 4.709232055635523
115.0, 4.77637955986432
116.0, 4.843217309912693
117.0, 4.888464972781318
118.0, 4.930524491198123
119.0, 4.972986079803652
120.0, 5.014197735028189
121.0, 5.0547233143205865
122.0, 5.091584758604831
123.0, 5.127692910829547
124.0, 5.161694657133314
125.0, 5.194365297673383
126.0, 5.222172241131239
127.0, 5.248610297538795
128.0, 5.27220918762587
129.0, 5.29364841138818
130.0, 5.310132167730777
131.0, 5.324646112374162
132.0, 5.335981504378547
133.0, 5.345047079352216
134.0, 5.348491313190677
135.0, 5.34987969632038
136.0, 5.347904430431846
137.0, 5.343351179638049
138.0, 5.333648378291989
139.0, 5.321816480106061
140.0, 5.3068229374034
141.0, 5.289666958628143
142.0, 5.267263539100533
143.0, 4.641686180473645
144.0, 4.629701562748161
145.0, 4.619346340286762
146.0, 4.61350810041476
147.0, 4.609033019422
148.0, 4.607126610591179
149.0, 4.606736658845777
150.0, 4.611560879099995
151.0, 4.528935964366195
152.0, 4.44636639978554
153.0, 4.368745969652845
154.0, 4.280413952422417
155.0, 4.198727002810631
156.0, 4.096527038260559
157.0, 4.035239219223936
158.0, 3.9519901489641587
159.0, 3.8687648227912166
160.0, 3.7877200226598604
161.0, 3.705521310992076
162.0, 3.6233101059877293
163.0, 3.5402578193994163
164.0, 3.4594521648573746
165.0, 3.3774823263658713
166.0, 3.2955414795879525
167.0, 3.302224712908378
168.0, 3.2235154324311974
169.0, 3.1435967212990565
170.0, 3.0638770362751107
171.0, 2.9834574442946784
172.0, 2.905497856676508
173.0, 2.8264935934353352
174.0, 2.837995819033582
175.0, 2.761395382838256
176.0, 2.68718934414616
177.0, 2.701762997080894
178.0, 2.7185913999266247
179.0, 2.7366760575779403
180.0, 2.7587316412235063
181.0, 2.702203428944322
182.0, 2.6806887946181637
183.0, 2.660377587744948
184.0, 2.643879069520378
185.0, 2.616605412837495
186.0, 2.5948106673149063
187.0, 2.606644311719054
188.0, 2.5256515795002232
189.0, 2.517057565138285
190.0, 2.436255589210536
191.0, 2.3542054771892094
192.0, 2.2735319729382053
193.0, 2.1915477430602226
194.0, 2.111410282868137
195.0, 2.030172628998599
196.0, 1.9498270191438367
197.0, 1.8688283857628185
198.0, 1.7896919105091018
199.0, 1.7096512540408768
200.0, 1.6303325182831716
201.0, 1.5505054709771877
202.0, 1.4731501047266518
203.0, 1.3951808215154395
204.0, 1.3177347272465085
205.0, 1.2402690290570277
206.0, 1.1658998455916036
207.0, 1.0914443897889496
208.0, 1.0183832869403047
209.0, 0.9462888473765948
210.0, 0.8781760179885569
211.0, 0.8116166018716598
212.0, 0.7483926777384068
213.0, 0.728632375707657
214.0, 0.6647828741600029
215.0, 0.6042101362026897
216.0, 0.5846753873333984
217.0, 0.5671599647618165
218.0, 0.5546308030347582
219.0, 0.5444434491741318
220.0, 0.5378428512441675
221.0, 0.5340984056164751
222.0, 0.5368931224598166
223.0, 0.5421980482750959
224.0, 0.5512606604687611
225.0, 0.5631831549115044
226.0, 0.5800805053804196
227.0, 0.5987706414566997
228.0, 0.6198582226851961
229.0, 0.6191193397453945
230.0, 0.6199458457549122
231.0, 0.6199049247948192
232.0, 0.6198337190453173
233.0, 0.6192943812319373
234.0, 0.6200187723401377
235.0, 0.6199811881270104
236.0, 0.6198586095623526
237.0, 0.619118697337802
238.0, 0.6199458196018698
239.0, 0.6199048986305825
240.0, 0.6198337190453173
241.0, 0.6192947676229206
242.0, 0.6200187723401377
243.0, 0.625699308567108
244.0, 0.6362398004878506
245.0, 0.6480065528557455
246.0, 0.6617636688739178
247.0, 0.6765719979823815
248.0, 0.7001086344674418
249.0, 0.7221985588078826
250.0, 0.7445263758944349
251.0, 0.7668490551437951
252.0, 0.7894527947957078
253.0, 0.8118590128785226
254.0, 0.8346106126687131
255.0, 0.8570149056407591
256.0, 0.879682508595422
257.0, 0.9018537267605271
258.0, 0.9241172238348468
259.0, 0.94574983684927
260.0, 0.9672907390830051
261.0, 0.9880863157427029
262.0, 1.008629486435294
263.0, 0.9874861365417257
264.0, 0.9624761934496143
265.0, 0.9365398702944422
266.0, 0.9095442200457818
267.0, 0.8817187478544389
268.0, 0.8531493190265245
269.0, 0.8241016465005954
270.0, 0.7946912959507546
271.0, 0.7652460383730456
272.0, 0.7359238747003605
273.0, 0.7071215038072454
274.0, 0.6790621507279702
275.0, 0.6522010349474784
276.0, 0.6268807107306805
277.0, 0.6025909136496679
278.0, 0.581378243792345
279.0, 0.5625431484676906
280.0, 0.5470291602156665
281.0, 0.5355354432209382
282.0, 0.5338035261867898
ee_box_dist
0.0, 0.803761940464027
1.0, 0.8499281516297332
2.0, 0.8834225800779384
3.0, 0.9125817297414778
4.0, 0.9468647345376183
5.0, 0.9817086606811747
6.0, 1.0170659560979283
7.0, 1.0518276851056232
8.0, 1.0835905275696525
9.0, 1.120767467436943
10.0, 1.15313814948188
11.0, 1.1824811331544434
12.0, 1.211614433504705
13.0, 1.238063724212662
14.0, 1.2633587954238865
15.0, 1.2858442981592968
16.0, 1.3076354423867487
17.0, 1.3272435083658185
18.0, 1.3460620559113492
19.0, 1.3627798113976457
20.0, 1.3792147649779785
21.0, 1.3567252634488955
22.0, 1.3250656782958827
23.0, 1.2905704992673037
24.0, 1.2528029059984518
25.0, 1.2118840562252247
26.0, 1.1678982531634234
27.0, 1.1210370704835957
28.0, 1.0713251981396856
29.0, 1.019035569360752
30.0, 0.964212149263819
31.0, 0.9072020153238918
32.0, 0.8481131357459583
33.0, 0.7874298934062083
34.0, 0.7254110087816183
35.0, 0.6626615741595068
36.0, 0.5996492260226672
37.0, 0.5475526953811389
38.0, 0.492166459788951
39.0, 0.45044904572499517
40.0, 0.4066487471687682
41.0, 0.417463490349863
42.0, 0.4270822019849673
43.0, 0.43828470124308055
44.0, 0.4482138583250142
45.0, 0.45975462187617666
46.0, 0.4694472825064833
47.0, 0.4807891174116063
48.0, 0.4912150282026009
49.0, 0.5025282994867079
50.0, 0.5134618816288169
51.0, 0.5245442176231188
52.0, 0.5358359124381146
53.0, 0.5468942268012589
54.0, 0.5577553886045487
55.0, 0.568540326751379
56.0, 0.579234609569035
57.0, 0.5895334192099669
58.0, 0.5996274245395377
59.0, 0.609379783948289
60.0, 0.6189344659302126
61.0, 0.6272629505538634
62.0, 0.6364851103221374
63.0, 0.645083162384442
64.0, 0.6533744043403542
65.0, 0.6614184436827055
66.0, 0.6691566019055496
67.0, 0.6766407662424317
68.0, 0.683819694672931
69.0, 0.6907173977777589
70.0, 0.6972906988564733
71.0, 0.7036531304191085
72.0, 0.7095522399090212
73.0, 0.7152902283790726
74.0, 0.7205048789370208
75.0, 0.7254280176110329
76.0, 0.7300015152498633
77.0, 0.7342251722788113
78.0, 0.7380638916421501
79.0, 0.741531695650815
80.0, 0.74459646051779
81.0, 0.7472707949028142
82.0, 0.7495229285580786
83.0, 0.7513640130467573
84.0, 0.7527796714988131
85.0, 0.7537801181896928
86.0, 0.7747892462280015
87.0, 0.8186949604776576
88.0, 0.8556179228114922
89.0, 0.888114221461675
90.0, 0.9144505180567757
91.0, 0.9129981742806224
92.0, 0.9137316804236583
93.0, 0.9131006637883371
94.0, 0.9137665223841023
95.0, 0.9130759122494194
96.0, 0.9138003398518109
97.0, 0.9132029569366867
98.0, 0.9138373022221336
99.0, 0.9130920123828824
100.0, 0.9138687891908049
101.0, 0.9133590176300237
102.0, 0.9139109752410021
103.0, 0.9130270321181657
104.0, 0.9139341721779458
105.0, 0.9104036347883391
106.0, 0.9140265630315946
107.0, 0.9136960541687961
108.0, 0.913764426345613
109.0, 0.912964154646856
110.0, 0.9140583729159966
111.0, 0.9141801613645841
112.0, 0.9137601004526795
113.0, 0.9129659184451467
114.0, 0.9141328368743034
115.0, 0.9140938522477831
116.0, 0.9139457819255392
117.0, 0.9127163352635659
118.0, 0.9140855700005279
119.0, 0.9140471282399947
120.0, 0.9139649373379768
121.0, 0.9131607144523399
122.0, 0.9144008616875653
123.0, 0.9142146263832807
124.0, 0.9140287266433058
125.0, 0.9128921906356244
126.0, 0.914268837430726
127.0, 0.914189249007524
128.0, 0.914022609456386
129.0, 0.9131527397191769
130.0, 0.9143008220214662
131.0, 0.9142531692091779
132.0, 0.9140681635067944
133.0, 0.9128858477950378
134.0, 0.91419796236931
135.0, 0.9141405295105959
136.0, 0.914042846811104
137.0, 0.9131777695364474
138.0, 0.9143254355382089
139.0, 0.9142785988623379
140.0, 0.9140920492156351
141.0, 0.9129147028247343
142.0, 0.9142236693375645
143.0, 1.6158411798549692
144.0, 1.608312989082922
145.0, 1.5998485748526576
146.0, 1.587884285910019
147.0, 1.5753776585451018
148.0, 1.5611947251091456
149.0, 1.5463627139674347
150.0, 1.5281383531654396
151.0, 1.59099296056589
152.0, 1.6555771342246732
153.0, 1.7181918107755532
154.0, 1.7902775889580278
155.0, 1.8586058030281871
156.0, 1.94388170700261
157.0, 1.9987148898941305
158.0, 2.071446370188868
159.0, 2.1450981120880175
160.0, 2.2176666296419576
161.0, 2.29193765707806
162.0, 2.3668200164674817
163.0, 2.4431045262034727
164.0, 2.5179494168544836
165.0, 2.594348157345636
166.0, 2.6711548461171826
167.0, 2.6603308021289203
168.0, 2.734146716193923
169.0, 2.8096985849390292
170.0, 2.8856256306583448
171.0, 2.962842266767005
172.0, 3.038351595098197
173.0, 3.115402554842089
174.0, 3.1034844499586933
175.0, 3.1792802782028096
176.0, 3.253606117464638
177.0, 3.2403609758346374
178.0, 3.225184903788544
179.0, 3.209121657055352
180.0, 3.1892776770315603
181.0, 3.2521342074328192
182.0, 3.2705841180147033
183.0, 3.2880345481803976
184.0, 3.301871491957744
185.0, 3.3260016694904895
186.0, 3.3451383858480264
187.0, 3.3333416110566376
188.0, 3.414486286668936
189.0, 3.4216876073976223
190.0, 3.5024070363312902
191.0, 3.5846617263427163
192.0, 3.665518792149303
193.0, 3.748136162272228
194.0, 3.829078473773298
195.0, 3.911355157319115
196.0, 3.9930097173912413
197.0, 4.075633482697991
198.0, 4.1567421462418235
199.0, 4.2391649880850695
200.0, 4.321168948444141
201.0, 4.404179126399112
202.0, 4.4852608009211945
203.0, 4.5676117856839795
204.0, 4.6500330650962125
205.0, 4.7333577451950815
206.0, 4.814533435068201
207.0, 4.897002945926213
208.0, 4.979453846755701
209.0, 5.062818158045116
210.0, 5.1441116387090595
211.0, 5.226717007843228
212.0, 5.309328059648878
213.0, 5.313389857481557
214.0, 5.394995002212467
215.0, 5.478057601699292
216.0, 5.47855404547432
217.0, 5.477636849289338
218.0, 5.47241646543168
219.0, 5.466176232529918
220.0, 5.457757035388713
221.0, 5.44813596443504
222.0, 5.434184121319932
223.0, 5.419452775988883
224.0, 5.402724794819078
225.0, 5.384751258691473
226.0, 5.363622840229781
227.0, 5.341766648811717
228.0, 5.318415890399207
229.0, 5.319055197680784
230.0, 5.318376583000937
231.0, 5.318427447002223
232.0, 5.3184542415902785
233.0, 5.3189077517272585
234.0, 5.318306230389538
235.0, 5.318371990179071
236.0, 5.318412307446529
237.0, 5.319047679094946
238.0, 5.318377331196487
239.0, 5.318421130206912
240.0, 5.318447716948938
241.0, 5.318907768380455
242.0, 5.3182982576556554
243.0, 5.317559864293729
244.0, 5.317461866307035
245.0, 5.316698862623243
246.0, 5.314870879628353
247.0, 5.31230775101134
248.0, 5.304522532319786
249.0, 5.296892775458553
250.0, 5.289081231807265
251.0, 5.280879474196734
252.0, 5.271763756635293
253.0, 5.262304246211328
254.0, 5.251830919220827
255.0, 5.240945652074668
256.0, 5.229302262445856
257.0, 5.217189546398751
258.0, 5.204651362311113
259.0, 5.191890304952543
260.0, 5.1787059016869135
261.0, 5.165653223282699
262.0, 5.152338338906325
263.0, 5.176007882031569
264.0, 5.205675918388559
265.0, 5.235552413459508
266.0, 5.265964033940732
267.0, 5.296507669462254
268.0, 5.327028271225223
269.0, 5.3571871222005045
270.0, 5.38683485121889
271.0, 5.415730014039564
272.0, 5.443628135325187
273.0, 5.470239862683269
274.0, 5.495513581102126
275.0, 5.51919236671369
276.0, 5.540986627291777
277.0, 5.56200247048518
278.0, 5.580119119743531
279.0, 5.596640771766482
280.0, 5.610839029757234
281.0, 5.622476025261805
282.0, 5.631252961572814
spot_hold
0, 0
1, 0
2, 0
3, 0
4, 0
5, 0
6, 0
7, 0
8, 0
9, 0
10, 0
11, 0
12, 0
13, 0
14, 0
15, 0
16, 0
17, 0
18, 0
19, 0
20, 0
21, 0
22, 0
23, 0
24, 0
25, 0
26, 0
27, 0
28, 0
29, 0
30, 0
31, 0
32, 0
33, 0
34, 0
35, 0
36, 0
37, 0
38, 0
39, 0
40, 0
41, 1
42, 1
43, 1
44, 1
45, 1
46, 1
47, 1
48, 1
49, 1
50, 1
51, 1
52, 1
53, 1
54, 1
55, 1
56, 1
57, 1
58, 1
59, 1
60, 1
61, 1
62, 1
63, 1
64, 1
65, 1
66, 1
67, 1
68, 1
69, 1
70, 1
71, 1
72, 1
73, 1
74, 1
75, 1
76, 1
77, 1
78, 1
79, 1
80, 1
81, 1
82, 1
83, 1
84, 1
85, 1
86, 1
87, 1
88, 1
89, 1
90, 1
91, 1
92, 1
93, 1
94, 1
95, 1
96, 1
97, 1
98, 1
99, 1
100, 1
101, 1
102, 1
103, 1
104, 1
105, 1
106, 1
107, 1
108, 1
109, 1
110, 1
111, 1
112, 1
113, 1
114, 1
115, 1
116, 1
117, 1
118, 1
119, 1
120, 1
121, 1
122, 1
123, 1
124, 1
125, 1
126, 1
127, 1
128, 1
129, 1
130, 1
131, 1
132, 1
133, 1
134, 1
135, 1
136, 1
137, 1
138, 1
139, 1
140, 1
141, 1
142, 1
143, 1
144, 1
145, 1
146, 1
147, 1
148, 1
149, 1
150, 1
151, 1
152, 1
153, 1
154, 1
155, 1
156, 1
157, 1
158, 1
159, 1
160, 1
161, 1
162, 1
163, 1
164, 1
165, 1
166, 1
167, 1
168, 1
169, 1
170, 1
171, 1
172, 1
173, 1
174, 1
175, 1
176, 1
177, 1
178, 1
179, 1
180, 1
181, 1
182, 1
183, 1
184, 1
185, 1
186, 1
187, 1
188, 1
189, 1
190, 1
191, 1
192, 1
193, 1
194, 1
195, 1
196, 1
197, 1
198, 1
199, 1
200, 1
201, 1
202, 1
203, 1
204, 1
205, 1
206, 1
207, 1
208, 1
209, 1
210, 1
211, 1
212, 1
213, 1
214, 1
215, 1
216, 1
217, 1
218, 1
219, 1
220, 1
221, 1
222, 1
223, 1
224, 1
225, 1
226, 1
227, 1
228, 1
229, 1
230, 1
231, 1
232, 1
233, 1
234, 1
235, 1
236, 1
237, 1
238, 1
239, 1
240, 1
241, 1
242, 1
243, 1
244, 1
245, 1
246, 1
247, 1
248, 1
249, 1
250, 1
251, 1
252, 1
253, 1
254, 1
255, 1
256, 1
257, 1
258, 1
259, 1
260, 1
261, 1
262, 1
263, 1
264, 1
265, 1
266, 1
267, 1
268, 1
269, 1
270, 1
271, 1
272, 1
273, 1
274, 1
275, 1
276, 1
277, 1
278, 1
279, 1
280, 1
281, 1
282, 1
