Error weights
segment 0:
average: 2.2466666666666666 max: 3 percentage: 0.9133333333333333 [3, 3, 3, 2, 2, 3, 3, 0, 3, 2, 3, 2, 3, 0, 3, 3, 3, 0, 3, 2, 3, 2, 3, 2, 1, 1, 3, 2, 3, 2, 3, 3, 3, 2, 3, 2, 3, 2, 3, 2, 3, 2, 3, 2, 3, 2, 3, 2, 3, 2, 1, 3, 2, 3, 1, 2, 2, 3, 1, 2, 3, 2, 3, 0, 3, 2, 2, 3, 3, 0, 3, 2, 1, 2, 3, 2, 1, 0, 1, 0, 3, 3, 3, 0, 3, 3, 3, 0, 3, 3, 2, 2, 3, 0, 3, 3, 3, 2, 1, 0, 2, 2, 3, 2, 2, 1, 3, 2, 3, 1, 3, 2, 3, 2, 3, 2, 3, 2, 1, 2, 3, 2, 3, 3, 3, 2, 3, 2, 3, 2, 3, 3, 3, 2, 3, 3, 3, 2, 3, 2, 3, 2, 3, 0, 3, 0, 3, 3, 3, 2]
segment 1:
average: 2.5733333333333333 max: 3 percentage: 1.0 [1, 3, 1, 3, 3, 1, 3, 3, 1, 3, 3, 3, 3, 3, 3, 3, 1, 3, 3, 3, 3, 3, 3, 3, 3, 3, 1, 3, 1, 3, 3, 3, 3, 3, 1, 3, 3, 3, 1, 3, 1, 3, 1, 3, 1, 3, 1, 3, 3, 3, 3, 3, 3, 1, 3, 3, 1, 3, 3, 3, 3, 3, 3, 3, 3, 3, 1, 3, 3, 3, 3, 3, 3, 3, 3, 1, 3, 3, 3, 3, 1, 3, 3, 3, 1, 3, 3, 3, 3, 3, 1, 3, 3, 3, 3, 3, 3, 1, 3, 3, 3, 1, 3, 1, 3, 3, 3, 3, 1, 1, 3, 3, 1, 3, 1, 3, 1, 3, 3, 3, 3, 3, 3, 3, 1, 3, 3, 3, 3, 3, 3, 1, 3, 3, 3, 3, 3, 3, 3, 3, 3, 3, 3, 3, 1, 3, 1, 3, 3, 3]

Counterexample types
segment 0:
Types: 4
(1, 1) : 75
(1, 0) : 12
(0, 1) : 50
(0, 0) : 13
segment 1:
Types: 2
(1, 1) : 118
(0, 1) : 32

