Error weights
segment 0:
average: 2.34 max: 3 percentage: 0.9 [3, 3, 3, 2, 3, 2, 3, 2, 3, 2, 3, 3, 3, 2, 3, 2, 3, 3, 1, 2, 3, 0, 3, 2, 3, 2, 3, 0, 3, 2, 3, 2, 3, 0, 3, 2, 3, 2, 3, 0, 1, 2, 3, 2, 3, 0, 3, 0, 3, 2, 1, 3, 2, 2, 3, 2, 3, 2, 3, 3, 3, 3, 3, 3, 3, 2, 3, 3, 3, 0, 3, 2, 2, 2, 3, 2, 3, 2, 3, 3, 3, 0, 3, 2, 3, 3, 3, 2, 3, 2, 3, 2, 3, 3, 3, 2, 3, 2, 3, 2, 2, 2, 2, 3, 3, 0, 3, 2, 3, 3, 3, 3, 3, 2, 3, 0, 3, 3, 3, 1, 2, 0, 3, 0, 3, 1, 3, 1, 3, 2, 3, 2, 3, 3, 3, 0, 3, 3, 3, 0, 3, 3, 3, 3, 3, 2, 3, 0, 3, 3]
segment 1:
average: 2.6333333333333333 max: 3 percentage: 1.0 [1, 1, 1, 3, 3, 3, 3, 3, 3, 3, 1, 3, 3, 3, 1, 3, 1, 3, 3, 3, 3, 3, 1, 3, 3, 3, 1, 3, 3, 3, 1, 3, 3, 3, 1, 3, 3, 3, 1, 3, 1, 3, 3, 3, 1, 3, 3, 3, 1, 3, 3, 3, 3, 3, 1, 3, 3, 3, 3, 3, 3, 3, 3, 3, 3, 3, 3, 1, 3, 3, 3, 3, 3, 3, 3, 3, 3, 3, 3, 3, 3, 2, 3, 3, 3, 3, 3, 3, 3, 3, 3, 3, 3, 3, 1, 3, 3, 3, 3, 3, 3, 1, 1, 3, 3, 3, 3, 3, 3, 3, 3, 3, 3, 3, 1, 3, 1, 1, 3, 3, 3, 3, 3, 3, 3, 3, 3, 3, 1, 3, 3, 3, 3, 3, 3, 3, 1, 3, 3, 3, 3, 3, 1, 3, 1, 3, 3, 3, 1, 3]

Counterexample types
segment 0:
Types: 4
(1, 1) : 87
(1, 0) : 6
(0, 1) : 42
(0, 0) : 15
segment 1:
Types: 3
(1, 1) : 122
(1, 0) : 1
(0, 1) : 27

