bot_dist
0.0, 3.26952150807295
1.0, 3.274695922658252
2.0, 3.2798926628193286
3.0, 3.285111622605248
4.0, 3.2903526962857086
5.0, 3.295615778356408
6.0, 3.300900763544296
7.0, 3.3062075468127317
8.0, 3.3115360233665174
9.0, 3.3168860886568483
10.0, 3.322257638386141
11.0, 3.327650568512764
12.0, 3.3330647752556675
13.0, 3.3385001550989086
14.0, 3.3439566047960745
15.0, 3.349434021374607
16.0, 3.3549323021400275
17.0, 3.360451344680061
18.0, 3.365991046868664
19.0, 3.371551306869956
20.0, 3.377132023142054
21.0, 3.3827330944408116
22.0, 3.3883544198234645
23.0, 3.3939958986521823
24.0, 3.399657430597529
25.0, 3.4053389156418308
26.0, 3.4110402540824545
27.0, 3.416761346534997
28.0, 3.4225020939363824
29.0, 3.428262397547879
30.0, 3.4340421589580226
31.0, 3.439841280085455
32.0, 3.4456596631816883
33.0, 3.4514972108337676
34.0, 3.457353825966868
35.0, 3.4632294118467994
36.0, 3.4691238720824393
37.0, 3.4750371106280733
38.0, 3.4809690317856736
39.0, 3.4869195402070874
40.0, 3.492888540896152
41.0, 3.498875939210738
42.0, 3.5048816408647143
43.0, 3.5109055519298393
44.0, 3.516947578837582
45.0, 3.523007628380874
46.0, 3.52908560771578
47.0, 3.5351814243631137
48.0, 3.5412949862099747
49.0, 3.54742620151122
50.0, 3.553574978890873
51.0, 3.559741227343464
52.0, 3.565924856235302
53.0, 3.5721257753056936
54.0, 3.578343894668087
55.0, 3.5845791248111643
56.0, 3.590831376599868
57.0, 3.5971005612763687
58.0, 3.6033865904609734
59.0, 3.6096893761529794
60.0, 3.616008830731465
61.0, 3.622344866956033
62.0, 3.6286973979674904
63.0, 3.635066337288479
64.0, 3.6414515988240534
65.0, 3.6478530968622023
66.0, 3.6542707460743244
67.0, 3.660704461515648
68.0, 3.667154158625604
69.0, 3.6736197532281554
70.0, 3.6801011615320642
71.0, 3.6865983001311298
72.0, 3.693111086004367
73.0, 3.6996394365161462
74.0, 3.706183269416285
75.0, 3.7127425028401038
76.0, 3.719317055308426
77.0, 3.7259068457275486
78.0, 3.7325117933891665
79.0, 3.739131817970255
80.0, 3.745766839532916
81.0, 3.7524167785241818
82.0, 3.7590815557757886
83.0, 3.765761092503902
84.0, 3.772455310308813
85.0, 3.779164131174601
86.0, 3.785887477468753
87.0, 3.7926252719417586
88.0, 3.799377437726661
89.0, 3.8061438983385854
90.0, 3.8129245776742304
91.0, 3.819719400011329
92.0, 3.826528290008077
93.0, 3.8333511727025344
94.0, 3.840187973511998
95.0, 3.8470386182323413
96.0, 3.8539030330373327
97.0, 3.860781144477919
98.0, 3.867672879481491
99.0, 3.8745781653511115
100.0, 3.881496929764734
101.0, 3.881496929764734
102.0, 3.881496929764734
103.0, 3.881496929764734
104.0, 3.881496929764734
105.0, 3.881496929764734
106.0, 3.881496929764734
107.0, 3.881496929764734
108.0, 3.881496929764734
109.0, 3.881496929764734
110.0, 3.881496929764734
111.0, 3.881496929764734
112.0, 3.881496929764734
113.0, 3.881496929764734
114.0, 3.881496929764734
115.0, 3.881496929764734
116.0, 3.881496929764734
117.0, 3.881496929764734
118.0, 3.881496929764734
119.0, 3.881496929764734
120.0, 3.881496929764734
121.0, 3.881496929764734
122.0, 3.881496929764734
123.0, 3.881496929764734
124.0, 3.881496929764734
125.0, 3.881496929764734
126.0, 3.881496929764734
127.0, 3.881496929764734
128.0, 3.881496929764734
129.0, 3.881496929764734
130.0, 3.881496929764734
131.0, 3.8745781653511115
132.0, 3.867672879481491
133.0, 3.860781144477919
134.0, 3.8539030330373327
135.0, 3.8470386182323413
136.0, 3.840187973511998
137.0, 3.8333511727025344
138.0, 3.826528290008077
139.0, 3.819719400011329
140.0, 3.8129245776742304
141.0, 3.8061438983385854
142.0, 3.799377437726661
143.0, 3.7969028111863863
144.0, 3.790172620907722
145.0, 3.7834568894835394
146.0, 3.776755694044949
147.0, 3.770069112103909
148.0, 3.76339722155362
149.0, 3.756740100668874
150.0, 3.75009782810638
151.0, 3.6603743313232133
152.0, 3.5706580581980942
153.0, 3.4809495226854663
154.0, 3.391249386895815
155.0, 3.301558335466176
156.0, 3.2118771294336605
157.0, 3.122206617185947
158.0, 3.032547747348472
159.0, 2.9429015840195456
160.0, 2.853269324867368
161.0, 2.763652322735496
162.0, 2.6740521115755
163.0, 2.5844704377511
164.0, 2.4949092980557848
165.0, 2.405370986182575
166.0, 2.315858149917766
167.0, 2.3093815156774076
168.0, 2.219963518153422
169.0, 2.1306329759396934
170.0, 2.041401165336848
171.0, 1.9522816243982684
172.0, 1.8632904624709312
173.0, 1.77444699485632
174.0, 1.7683122932484034
175.0, 1.6806864905658054
176.0, 1.5934377290184063
177.0, 1.5875701765247285
178.0, 1.5817440798500586
179.0, 1.5759598987630332
180.0, 1.5702180964745638
181.0, 1.4950194767694602
182.0, 1.4896145233722848
183.0, 1.4842572621286978
184.0, 1.4789482113111492
185.0, 1.4736878919627614
186.0, 1.468476827775426
187.0, 1.4633155449620696
188.0, 1.3762807832536572
189.0, 1.3712945122350695
190.0, 1.283999793709966
191.0, 1.1969919578303796
192.0, 1.110338302330827
193.0, 1.0241287349665227
194.0, 0.9384856459180853
195.0, 0.8535795633995521
196.0, 0.7696544394475896
197.0, 0.6870698384577256
198.0, 0.6063737224881992
199.0, 0.5284319647589414
200.0, 0.4546632963883527
201.0, 0.38745865125891793
202.0, 0.33084259314206405
203.0, 0.2910610899578979
204.0, 0.2755057465588015
205.0, 0.2881273960165785
206.0, 0.32566623701666514
207.0, 0.38082374030360017
208.0, 0.4471264542318893
209.0, 0.5203311759044122
210.0, 0.5979081207101002
211.0, 0.6783588008465811
212.0, 0.7607722793510459
213.0, 0.7687743451417189
214.0, 0.8498420856488267
215.0, 0.9322759434453827
216.0, 0.9399884963814564
217.0, 0.9477438005866852
218.0, 0.9555408151356218
219.0, 0.9633785272924308
220.0, 0.9712559518091756
221.0, 0.9791721302303762
222.0, 0.9871261302050354
223.0, 0.9951170448071798
224.0, 1.0031439918658294
225.0, 1.0112061133051848
226.0, 1.0193025744957065
227.0, 1.0274325636166608
228.0, 1.035595291030604
229.0, 1.0437899886702071
230.0, 1.0520159094377184
231.0, 1.0520159094377184
232.0, 1.0520159094377184
233.0, 1.0520159094377184
234.0, 1.0520159094377184
235.0, 1.0520159094377184
236.0, 1.0520159094377184
237.0, 1.0520159094377184
238.0, 1.0520159094377184
239.0, 1.0520159094377184
240.0, 1.0520159094377184
241.0, 1.0520159094377184
242.0, 1.0520159094377184
243.0, 1.0520159094377184
244.0, 1.0520159094377184
245.0, 1.0520159094377184
246.0, 1.0520159094377184
247.0, 1.0520159094377184
248.0, 1.0520159094377184
249.0, 1.0520159094377184
250.0, 1.0520159094377184
251.0, 1.0520159094377184
252.0, 1.0520159094377184
253.0, 1.0520159094377184
254.0, 1.0520159094377184
255.0, 1.0520159094377184
256.0, 1.0520159094377184
257.0, 1.0520159094377184
258.0, 1.0520159094377184
259.0, 1.0520159094377184
260.0, 1.0520159094377184
261.0, 1.0437899886702071
262.0, 1.035595291030604
263.0, 1.0274325636166608
264.0, 1.0193025744957065
265.0, 1.0112061133051848
266.0, 1.0031439918658294
267.0, 0.9951170448071798
268.0, 0.9871261302050354
269.0, 0.9791721302303762
270.0, 0.9712559518091756
271.0, 0.9633785272924308
272.0, 0.9555408151356218
273.0, 0.9477438005866852
274.0, 0.9399884963814564
275.0, 0.9322759434453827
276.0, 0.9246072116001561
277.0, 0.9169834002737367
278.0, 0.9094056392120529
279.0, 0.9018750891904662
280.0, 0.8943929427228675
281.0, 0.8869604247660436
282.0, 0.8795787934167015
ee_dist
0.0, 1.0165405031982702
1.0, 1.041798308442093
2.0, 1.1298268487054215
3.0, 1.2119004949451777
4.0, 1.2401412502380693
5.0, 1.2656081823809815
6.0, 1.299654267545575
7.0, 1.3348281623783718
8.0, 1.3702372444791144
9.0, 1.408894247328812
10.0, 1.4421311569215498
11.0, 1.4748329001471256
12.0, 1.506177673011857
13.0, 1.5347723190218456
14.0, 1.562472537143666
15.0, 1.5872285532587376
16.0, 1.6115269104565917
17.0, 1.6538843247526565
18.0, 1.682640436164745
19.0, 1.7081564283774187
20.0, 1.7310623528582374
21.0, 1.7018901622538565
22.0, 1.6647242773067097
23.0, 1.6242306423281632
24.0, 1.5801202948972992
25.0, 1.532603546212383
26.0, 1.4817374810993411
27.0, 1.4277856677983847
28.0, 1.370840694942504
29.0, 1.3114789970878393
30.0, 1.2493818576822773
31.0, 1.185288322884831
32.0, 1.1194097693945078
33.0, 1.0523679323444195
34.0, 0.9845760633341685
35.0, 0.917407012177688
36.0, 0.8520814708055
37.0, 0.7882338946960714
38.0, 0.7274000871905716
39.0, 0.6715743942783033
40.0, 0.62311873971772
41.0, 0.6130934763039998
42.0, 0.7322544528541556
43.0, 1.086133323904154
44.0, 1.043610541117527
45.0, 1.0001771494726734
46.0, 0.9538188553130867
47.0, 0.9059848024640779
48.0, 0.8554906418820948
49.0, 0.803397199228352
50.0, 0.7495064492355126
51.0, 0.6948350344746357
52.0, 0.6394145767771862
53.0, 0.5834710023845592
54.0, 0.5272367364696021
55.0, 0.4710372889338454
56.0, 0.41614383265358307
57.0, 0.36312018141245705
58.0, 0.4059467721138958
59.0, 0.4761785641273359
60.0, 0.5564147921389713
61.0, 0.6459172820188618
62.0, 0.7392169367250342
63.0, 0.8309849936768791
64.0, 0.916943048664083
65.0, 0.9837341847688357
66.0, 1.0409560379498117
67.0, 1.0990147836395636
68.0, 1.1521243237233774
69.0, 1.20446158575568
70.0, 1.2568339236845614
71.0, 1.3074299435908874
72.0, 1.3623577019575865
73.0, 1.422818450580035
74.0, 1.4879219228411495
75.0, 1.56408924751153
76.0, 1.649510237103141
77.0, 1.7442825492212142
78.0, 1.8434156286983294
79.0, 1.941754512955106
80.0, 2.0349335461661404
81.0, 2.1130750312758386
82.0, 2.176452768823405
83.0, 2.2388139999148025
84.0, 2.298559727869991
85.0, 2.357434531297236
86.0, 2.4155832915990647
87.0, 2.4745746500993673
88.0, 2.512578799772171
89.0, 2.554183074972059
90.0, 2.59604023604123
91.0, 2.6512605182281215
92.0, 2.745542899648843
93.0, 2.8468590595606513
94.0, 2.9542517603945884
95.0, 3.061436312473816
96.0, 3.1631838321935164
97.0, 3.253215325611517
98.0, 3.3255095238081993
99.0, 3.3931384141446417
100.0, 3.4590382805855824
101.0, 3.5228146759636347
102.0, 3.5859410421252966
103.0, 3.6483300997487134
104.0, 3.712159553577688
105.0, 3.781649383513403
106.0, 3.856164192004739
107.0, 3.9371868630454263
108.0, 4.028699677517349
109.0, 4.128583946482348
110.0, 4.235317404166935
111.0, 4.343723270575238
112.0, 4.447011630452731
113.0, 4.541767430037078
114.0, 4.61675238846275
115.0, 4.689482066244187
116.0, 4.750572415704347
117.0, 4.814664185585187
118.0, 4.85793499865795
119.0, 4.900218293561967
120.0, 4.940538799552068
121.0, 4.981019909491912
122.0, 5.020993512775343
123.0, 5.059484089518298
124.0, 5.0954194008338245
125.0, 5.129188699200839
126.0, 5.161045349330291
127.0, 5.190196722358004
128.0, 5.217150427208167
129.0, 5.241080896853972
130.0, 5.2625423397505875
131.0, 5.280737773534835
132.0, 5.296254607765123
133.0, 5.308332461846879
134.0, 5.317584368275149
135.0, 5.323289575087196
136.0, 5.326089683778865
137.0, 5.325302240430323
138.0, 5.321595554545725
139.0, 5.314329806745629
140.0, 5.3041963447150176
141.0, 5.290597966137433
142.0, 5.274249089758129
143.0, 4.608003781622141
144.0, 4.595172795678445
145.0, 4.585647757688965
146.0, 4.578221948020466
147.0, 4.574065703121809
148.0, 4.57217568133454
149.0, 4.573624759841698
150.0, 4.577334978290151
151.0, 4.495218033037848
152.0, 4.412600865933259
153.0, 4.330554993838704
154.0, 4.248014467100155
155.0, 4.166051127484964
156.0, 4.0835969380162584
157.0, 4.001726259148967
158.0, 3.919369414312146
159.0, 3.837603382801857
160.0, 3.755356823752111
161.0, 3.6737095705034113
162.0, 3.5915885060997805
163.0, 3.5100771207184307
164.0, 3.428099706017863
165.0, 3.3467439167139528
166.0, 3.264932265930814
167.0, 3.2737661474950515
168.0, 3.194023842527599
169.0, 3.1150108011625246
170.0, 3.0356818270644617
171.0, 2.9571201227582913
172.0, 2.8667654831542215
173.0, 2.8010761184147928
174.0, 2.8128218291615448
175.0, 2.7381552613023437
176.0, 2.6634946627567064
177.0, 2.679849591476907
178.0, 2.698132462489667
179.0, 2.7191070512314957
180.0, 2.741676788926001
181.0, 2.6870749926442152
182.0, 2.6636140862486233
183.0, 2.6425570170765647
184.0, 2.623220490412214
185.0, 2.6067361735193835
186.0, 2.592270029709228
187.0, 2.5810001390053428
188.0, 2.5015087298494207
189.0, 2.492742153728398
190.0, 2.4113563965448894
191.0, 2.330688692335866
192.0, 2.2496372265192055
193.0, 2.1693386961841683
194.0, 2.088696223221135
195.0, 2.008857435309194
196.0, 1.9287273473473812
197.0, 1.8526767272769222
198.0, 1.8201283094906124
199.0, 1.8006263938483613
200.0, 1.8687009530576875
201.0, 1.6924780623591236
202.0, 1.1708141640232719
203.0, 1.4189356097731516
204.0, 1.354407216717167
205.0, 1.2447561653813322
206.0, 1.1546733784382979
207.0, 1.0852348277117656
208.0, 1.0153749222164539
209.0, 0.9477065939227538
210.0, 0.8813131697631302
211.0, 0.8193477100220861
212.0, 0.76072393379839
213.0, 0.7393860369024426
214.0, 0.6790210438533482
215.0, 0.6246141652133029
216.0, 0.6016113562452815
217.0, 0.5818284013203234
218.0, 0.5644313003489029
219.0, 0.5511826044578455
220.0, 0.5410147901620764
221.0, 0.535685584520299
222.0, 0.5338545561874772
223.0, 0.5370868047497891
224.0, 0.5292175948337776
225.0, 0.5561967884641755
226.0, 0.5696913499713433
227.0, 0.5880789001679098
228.0, 0.6088039303168044
229.0, 0.6088584008159156
230.0, 0.6086093681158924
231.0, 0.6088721926728577
232.0, 0.6086008841671494
233.0, 0.6088726903605886
234.0, 0.6086002606050278
235.0, 0.6088727191096032
236.0, 0.6085996950323468
237.0, 0.6088727478586398
238.0, 0.6085996950323468
239.0, 0.6088727191096032
240.0, 0.6085997236528723
241.0, 0.6088727191096032
242.0, 0.6085996950323468
243.0, 0.6194579454222495
244.0, 0.63123962181327
245.0, 0.6441656654410474
246.0, 0.65913024985179
247.0, 0.6753017044505535
248.0, 0.6931817534631949
249.0, 0.7119111206930542
250.0, 0.7320513503814137
251.0, 0.7527254543802968
252.0, 0.7745003447282539
253.0, 0.7964953664979845
254.0, 0.8192607327748578
255.0, 0.842024890358036
256.0, 0.8652505024631266
257.0, 0.8882125147411711
258.0, 0.9113428742858609
259.0, 0.9339986341939371
260.0, 0.964277482228875
261.0, 0.9938965629041822
262.0, 1.0214721264788518
263.0, 0.9897620161581588
264.0, 0.9565993177548809
265.0, 0.9298305702980005
266.0, 0.9005771400131931
267.0, 0.8705217293075154
268.0, 0.8395361243882923
269.0, 0.8080228000031117
270.0, 0.7759523701412577
271.0, 0.7437979157682283
272.0, 0.7115687819108095
273.0, 0.6798286414857656
274.0, 0.6486533031071742
275.0, 0.6186295972335297
276.0, 0.5899074482367422
277.0, 0.5631891251824103
278.0, 0.538586191756113
279.0, 0.5170093643912531
280.0, 0.4987505053828071
281.0, 0.4852314540814614
282.0, 0.46254142648591356
ee_box_dist
0.0, 0.5575707657653017
1.0, 0.613147673732866
2.0, 0.643669054619358
3.0, 0.6829850393465733
4.0, 0.7215914679964378
5.0, 0.7593088885288988
6.0, 0.7975661661888243
7.0, 0.8328362825215163
8.0, 0.8660464782427012
9.0, 0.9013652888594973
10.0, 0.9307204761727563
11.0, 0.9590745836543988
12.0, 0.985857640325808
13.0, 1.0101167904838344
14.0, 1.0334207491915246
15.0, 1.0541611608893697
16.0, 1.0744812010395823
17.0, 1.1115942990592027
18.0, 1.1364331141073092
19.0, 1.1582126239954966
20.0, 1.1776154719114595
21.0, 1.1556552305392171
22.0, 1.1278671933730637
23.0, 1.0972762870839832
24.0, 1.0636365196092497
25.0, 1.027115925175642
26.0, 0.9876938118775146
27.0, 0.9455631843126577
28.0, 0.9006966327166536
29.0, 0.8535007136742097
30.0, 0.8035614992677587
31.0, 0.7514681318999951
32.0, 0.697273393403297
33.0, 0.6406667230426294
34.0, 0.5823275418039634
35.0, 0.52280644463506
36.0, 0.4644829563822046
37.0, 0.4096368625721611
38.0, 0.3499034964549701
39.0, 0.28927784867894335
40.0, 0.22937304843894255
41.0, 0.08127931241915823
42.0, 0.0829001222549838
43.0, 0.0830030622205712
44.0, 0.08295122649364352
45.0, 0.08300643211961335
46.0, 0.08295910607999778
47.0, 0.08300640699258961
48.0, 0.08296582955725652
49.0, 0.08300654052620371
50.0, 0.08297165422240796
51.0, 0.08300627031938827
52.0, 0.08297649466959492
53.0, 0.08300584148125094
54.0, 0.08298083128096351
55.0, 0.08300519600572552
56.0, 0.08298455173172514
57.0, 0.0830050109189925
58.0, 0.08298781139260783
59.0, 0.08300453032914702
60.0, 0.08299050966570037
61.0, 0.0830035557780323
62.0, 0.08299249081366196
63.0, 0.08300243090253628
64.0, 0.08299421987578155
65.0, 0.08300119931987075
66.0, 0.0829958995664372
67.0, 0.08300025501032046
68.0, 0.08299760887884684
69.0, 0.08299966141816859
70.0, 0.08299943528679803
71.0, 0.08299965247591383
72.0, 0.08300158283509657
73.0, 0.08300000939982263
74.0, 0.08300403743555855
75.0, 0.08300109125541481
76.0, 0.08300690797871399
77.0, 0.0830029253987332
78.0, 0.08301039017781447
79.0, 0.08300546581428452
80.0, 0.08301447582079656
81.0, 0.08300916536453251
82.0, 0.083019176582171
83.0, 0.08301375904764412
84.0, 0.08302466476287125
85.0, 0.08301930579379826
86.0, 0.08601466727733172
87.0, 0.12253344920173868
88.0, 0.1348798727468361
89.0, 0.13369368915810015
90.0, 0.12921599662170483
91.0, 0.12298252693169091
92.0, 0.1218142156772032
93.0, 0.12239506639436458
94.0, 0.12178768004128283
95.0, 0.12239169216588697
96.0, 0.12178743085577633
97.0, 0.12239152140465916
98.0, 0.12178741685806836
99.0, 0.12239133986389597
100.0, 0.12178747693888047
101.0, 0.12239143120570248
102.0, 0.12178729925463788
103.0, 0.12239142127752337
104.0, 0.12178741161424032
105.0, 0.12239146808087488
106.0, 0.12178734628960161
107.0, 0.12239144964328644
108.0, 0.121787458649219
109.0, 0.12239143120570248
110.0, 0.121787458649219
111.0, 0.12239150637490175
112.0, 0.12178733583399866
113.0, 0.12239151488423755
114.0, 0.12178728879906005
115.0, 0.08274326914923524
116.0, 0.12032294029569254
117.0, 0.1223678572991038
118.0, 0.1217894789802543
119.0, 0.12239108824361324
120.0, 0.12162213856918071
121.0, 0.12292503780887781
122.0, 0.12057230110205565
123.0, 0.12238588422647244
124.0, 0.12178848692350876
125.0, 0.12239300420772721
126.0, 0.1217875370597517
127.0, 0.12239160229194201
128.0, 0.12178740389158009
129.0, 0.12239145899944803
130.0, 0.12178737765675517
131.0, 0.12239142127752337
132.0, 0.1217873750349169
133.0, 0.12239144964328644
134.0, 0.121787458649219
135.0, 0.12239150637490175
136.0, 0.12178736457927265
137.0, 0.12239136596475028
138.0, 0.12178738286894823
139.0, 0.12239142127752337
140.0, 0.12178733583399866
141.0, 0.12239146808087488
142.0, 0.12178734628960161
143.0, 0.11863909200808842
144.0, 0.11857749926554798
145.0, 0.11869824035784184
146.0, 0.1185326407170469
147.0, 0.11869779940891469
148.0, 0.11853175104708669
149.0, 0.11869661036905736
150.0, 0.118530874261223
151.0, 0.11869635170035284
152.0, 0.11853071556415881
153.0, 0.11869647114553938
154.0, 0.11853065633252496
155.0, 0.11869612533138389
156.0, 0.11853060924769052
157.0, 0.11869607849252373
158.0, 0.11853060924769052
159.0, 0.11869612533138389
160.0, 0.11853065633252496
161.0, 0.11869612533138389
162.0, 0.11853060924769052
163.0, 0.118696484029567
164.0, 0.1185309631351452
165.0, 0.11869681659869231
166.0, 0.11853082188068163
167.0, 0.11869537833417755
168.0, 0.11853004445459016
169.0, 0.11869551883948415
170.0, 0.11852980691422885
171.0, 0.11869510297920702
172.0, 0.10402554964429925
173.0, 0.11810638969598379
174.0, 0.11852574032631098
175.0, 0.1187080204364589
176.0, 0.11853074028839741
177.0, 0.11869541239241964
178.0, 0.11852776336459762
179.0, 0.11869260594217398
180.0, 0.11852552356800485
181.0, 0.1186917393423656
182.0, 0.11852652574797697
183.0, 0.11869300444563866
184.0, 0.11852816934186063
185.0, 0.11869471337665632
186.0, 0.11852993164715235
187.0, 0.1186961576469243
188.0, 0.11853058645680103
189.0, 0.11869712418882053
190.0, 0.11853096786137286
191.0, 0.11869700956077897
192.0, 0.11853130980294252
193.0, 0.11869680712206042
194.0, 0.11853151049048224
195.0, 0.11869702702835754
196.0, 0.11853130980294252
197.0, 0.11312448218515184
198.0, 0.10771493051284001
199.0, 0.09344635806258156
200.0, 0.9397482555208405
201.0, 0.4839327978518281
202.0, 0.9107842559014926
203.0, 0.3571866895886387
204.0, 0.09419636435030848
205.0, 0.10712659823137338
206.0, 0.10777922457824654
207.0, 0.11743036900580989
208.0, 0.11844463819267621
209.0, 0.11877587213332179
210.0, 0.11856252705339859
211.0, 0.11869834406018781
212.0, 0.11853149383643
213.0, 0.11869788609962216
214.0, 0.11853169663181722
215.0, 0.11869734564243462
216.0, 0.11853202325382994
217.0, 0.11869798303192361
218.0, 0.11853246511360588
219.0, 0.11869836769478578
220.0, 0.11853268472199077
221.0, 0.11869852179447368
222.0, 0.11853252833911285
223.0, 0.11869857532683134
224.0, 0.1039408775503782
225.0, 0.11810622264421358
226.0, 0.11852735162053113
227.0, 0.11870979296008666
228.0, 0.11853268318115262
229.0, 0.12231741800583507
230.0, 0.12178638500091744
231.0, 0.12239227821195633
232.0, 0.12178859833251637
233.0, 0.12239216123862144
234.0, 0.12178858290488508
235.0, 0.12239235586138779
236.0, 0.12178837517715821
237.0, 0.12239212357952872
238.0, 0.12178842221261071
239.0, 0.12239202997107398
240.0, 0.12178846924807424
241.0, 0.12239207677529579
242.0, 0.12178838369923378
243.0, 0.07561688968196462
244.0, 0.07434382587437405
245.0, 0.07299460918314764
246.0, 0.07276390850052902
247.0, 0.07149848484942212
248.0, 0.07154836283241446
249.0, 0.07039581572620413
250.0, 0.07068651255080581
251.0, 0.06964792268728445
252.0, 0.07000397630483168
253.0, 0.06895171775622837
254.0, 0.06938489858590023
255.0, 0.06827986999216457
256.0, 0.06870298040750261
257.0, 0.06750511454311584
258.0, 0.06788633626844279
259.0, 0.0665809315090673
260.0, 0.08105198448234809
261.0, 0.08180624140351897
262.0, 0.07881083429598032
263.0, 0.07976936835271992
264.0, 0.08042456904811204
265.0, 0.08119946876301798
266.0, 0.08146332918815379
267.0, 0.08159036247387559
268.0, 0.08182104927880723
269.0, 0.08191255109084886
270.0, 0.08209894268980045
271.0, 0.08214926163067292
272.0, 0.08228806825546181
273.0, 0.08229341188778272
274.0, 0.08238241267269637
275.0, 0.08234081356139111
276.0, 0.08238154784092949
277.0, 0.08229223063574291
278.0, 0.08228618520604468
279.0, 0.08214919935341898
280.0, 0.08209794822824511
281.0, 0.0819139711954072
282.0, 0.08180931519900457
spot_hold
0, 0
1, 0
2, 0
3, 0
4, 0
5, 0
6, 0
7, 0
8, 0
9, 0
10, 0
11, 0
12, 0
13, 0
14, 0
15, 0
16, 0
17, 0
18, 0
19, 0
20, 0
21, 0
22, 0
23, 0
24, 0
25, 0
26, 0
27, 0
28, 0
29, 0
30, 0
31, 0
32, 0
33, 0
34, 0
35, 0
36, 0
37, 0
38, 0
39, 0
40, 0
41, 1
42, 1
43, 1
44, 1
45, 1
46, 1
47, 1
48, 1
49, 1
50, 1
51, 1
52, 1
53, 1
54, 1
55, 1
56, 1
57, 1
58, 1
59, 1
60, 1
61, 1
62, 1
63, 1
64, 1
65, 1
66, 1
67, 1
68, 1
69, 1
70, 1
71, 1
72, 1
73, 1
74, 1
75, 1
76, 1
77, 1
78, 1
79, 1
80, 1
81, 1
82, 1
83, 1
84, 1
85, 1
86, 1
87, 1
88, 1
89, 1
90, 1
91, 1
92, 1
93, 1
94, 1
95, 1
96, 1
97, 1
98, 1
99, 1
100, 1
101, 1
102, 1
103, 1
104, 1
105, 1
106, 1
107, 1
108, 1
109, 1
110, 1
111, 1
112, 1
113, 1
114, 1
115, 1
116, 1
117, 1
118, 1
119, 1
120, 1
121, 1
122, 1
123, 1
124, 1
125, 1
126, 1
127, 1
128, 1
129, 1
130, 1
131, 1
132, 1
133, 1
134, 1
135, 1
136, 1
137, 1
138, 1
139, 1
140, 1
141, 1
142, 1
143, 1
144, 1
145, 1
146, 1
147, 1
148, 1
149, 1
150, 1
151, 1
152, 1
153, 1
154, 1
155, 1
156, 1
157, 1
158, 1
159, 1
160, 1
161, 1
162, 1
163, 1
164, 1
165, 1
166, 1
167, 1
168, 1
169, 1
170, 1
171, 1
172, 1
173, 1
174, 1
175, 1
176, 1
177, 1
178, 1
179, 1
180, 1
181, 1
182, 1
183, 1
184, 1
185, 1
186, 1
187, 1
188, 1
189, 1
190, 1
191, 1
192, 1
193, 1
194, 1
195, 1
196, 1
197, 1
198, 1
199, 1
200, 1
201, 1
202, 1
203, 1
204, 1
205, 1
206, 1
207, 1
208, 1
209, 1
210, 1
211, 1
212, 1
213, 1
214, 1
215, 1
216, 1
217, 1
218, 1
219, 1
220, 1
221, 1
222, 1
223, 1
224, 1
225, 1
226, 1
227, 1
228, 1
229, 1
230, 1
231, 1
232, 1
233, 1
234, 1
235, 1
236, 1
237, 1
238, 1
239, 1
240, 1
241, 1
242, 1
243, 1
244, 1
245, 1
246, 1
247, 1
248, 1
249, 1
250, 1
251, 1
252, 1
253, 1
254, 1
255, 1
256, 1
257, 1
258, 1
259, 1
260, 1
261, 1
262, 1
263, 1
264, 1
265, 1
266, 1
267, 1
268, 1
269, 1
270, 1
271, 1
272, 1
273, 1
274, 1
275, 1
276, 1
277, 1
278, 1
279, 1
280, 1
281, 1
282, 1
