bot_dist
0.0, 2.9622519028357717
1.0, 2.9655311834655023
2.0, 2.9688405267905233
3.0, 2.972179832391832
4.0, 2.9755489993940656
5.0, 2.9789479264781873
6.0, 2.982376511894119
7.0, 2.985834653473322
8.0, 2.9893222486413125
9.0, 2.9928391944301205
10.0, 2.9963853874906823
11.0, 2.9999607241051707
12.0, 3.0035651001992503
13.0, 3.0071984113542665
14.0, 3.010860552819358
15.0, 3.014551419523498
16.0, 3.018270906087451
17.0, 3.0220189068356547
18.0, 3.025795315808019
19.0, 3.0296000267716376
20.0, 3.0334329332324197
21.0, 3.0372939284466294
22.0, 3.041182905432334
23.0, 3.0450997569807674
24.0, 3.049044375667592
25.0, 3.053016653864077
26.0, 3.0570164837481686
27.0, 3.0610437573154683
28.0, 3.065098366390117
29.0, 3.0691802026355677
30.0, 3.073289157565266
31.0, 3.077425122553223
32.0, 3.081587988844485
33.0, 3.085777647565497
34.0, 3.089993989734363
35.0, 3.0942369062709942
36.0, 3.0985062880071563
37.0, 3.102802025696395
38.0, 3.1071240100238673
39.0, 3.111472131616049
40.0, 3.115846281050338
41.0, 3.120246348864541
42.0, 3.124672225566253
43.0, 3.1291238016421143
44.0, 3.133600967566964
45.0, 3.1381036138128717
46.0, 3.142631630858058
47.0, 3.1471849091956967
48.0, 3.151763339342606
49.0, 3.156366811847818
50.0, 3.1609952173010387
51.0, 3.165648446340987
52.0, 3.1703263896636176
53.0, 3.1750289380302292
54.0, 3.179755869285387
55.0, 3.184507186174794
56.0, 3.1892827797110535
57.0, 3.194082541003372
58.0, 3.1989063612650783
59.0, 3.2037541318210327
60.0, 3.208625744114921
61.0, 3.2135210897164255
62.0, 3.2184400603282937
63.0, 3.223382547793275
64.0, 3.228348444100958
65.0, 3.2333376413944794
66.0, 3.2383500319771303
67.0, 3.2433855083188434
68.0, 3.248443963062563
69.0, 3.2535252890305113
70.0, 3.2586293792303325
71.0, 3.263756126861132
72.0, 3.268905425319404
73.0, 3.274077168204838
74.0, 3.279271249326034
75.0, 3.2844875627060865
76.0, 3.289726002588079
77.0, 3.2949864634404564
78.0, 3.300268839962296
79.0, 3.3055730270884722
80.0, 3.3108989199947105
81.0, 3.316246414102542
82.0, 3.321615405084147
83.0, 3.3270057888671016
84.0, 3.3324174616390168
85.0, 3.3378503198520706
86.0, 3.3433042602274545
87.0, 3.3487791797597017
88.0, 3.3542749757209225
89.0, 3.359791545664949
90.0, 3.3653287874313658
91.0, 3.370886599149457
92.0, 3.3764648792420537
93.0, 3.382063526429278
94.0, 3.3876824397322087
95.0, 3.3933215184764354
96.0, 3.3989806622955365
97.0, 3.404659771134454
98.0, 3.4103587452527866
99.0, 3.416077485227982
100.0, 3.421815891958455
101.0, 3.421815891958455
102.0, 3.421815891958455
103.0, 3.421815891958455
104.0, 3.421815891958455
105.0, 3.421815891958455
106.0, 3.421815891958455
107.0, 3.421815891958455
108.0, 3.421815891958455
109.0, 3.421815891958455
110.0, 3.421815891958455
111.0, 3.421815891958455
112.0, 3.421815891958455
113.0, 3.421815891958455
114.0, 3.421815891958455
115.0, 3.421815891958455
116.0, 3.421815891958455
117.0, 3.421815891958455
118.0, 3.421815891958455
119.0, 3.421815891958455
120.0, 3.421815891958455
121.0, 3.421815891958455
122.0, 3.421815891958455
123.0, 3.421815891958455
124.0, 3.421815891958455
125.0, 3.421815891958455
126.0, 3.421815891958455
127.0, 3.421815891958455
128.0, 3.421815891958455
129.0, 3.421815891958455
130.0, 3.421815891958455
131.0, 3.416077485227982
132.0, 3.4103587452527866
133.0, 3.404659771134454
134.0, 3.3989806622955365
135.0, 3.3933215184764354
136.0, 3.3876824397322087
137.0, 3.382063526429278
138.0, 3.3764648792420537
139.0, 3.370886599149457
140.0, 3.3653287874313658
141.0, 3.359791545664949
142.0, 3.3542749757209225
143.0, 3.3536228915928876
144.0, 3.348155892529324
145.0, 3.342709868050225
146.0, 3.337284920839155
147.0, 3.3318811538497277
148.0, 3.3264986703012682
149.0, 3.32113757367438
150.0, 3.3157979677064047
151.0, 3.227762203372119
152.0, 3.139830205363469
153.0, 3.052010891732209
154.0, 2.9643143324754115
155.0, 2.8767517539603813
156.0, 2.7893357739499547
157.0, 2.702080620464115
158.0, 2.6150023925163737
159.0, 2.528119372176254
160.0, 2.441452399865136
161.0, 2.3550253279677245
162.0, 2.2688655719675466
163.0, 2.1830047837047064
164.0, 2.0974796784292145
165.0, 2.012333056652722
166.0, 1.9276150741522367
167.0, 1.9235820053978565
168.0, 1.84162670631047
169.0, 1.7605038876842445
170.0, 1.6803338760955275
171.0, 1.6012597900417638
172.0, 1.5234522896049159
173.0, 1.4471156918670394
174.0, 1.444587795021885
175.0, 1.3740703352703592
176.0, 1.306086780648882
177.0, 1.304462261124004
178.0, 1.3029124331543285
179.0, 1.3014376033428934
180.0, 1.300038026934995
181.0, 1.2587989220362623
182.0, 1.2581203210177891
183.0, 1.2575208814773344
184.0, 1.2570007166666763
185.0, 1.2565599250353807
186.0, 1.2561985901379937
187.0, 1.2559167805550748
188.0, 1.255714549828241
189.0, 1.2555919364093728
190.0, 1.2555489636240849
191.0, 1.2555856396495486
192.0, 1.1786279113923241
193.0, 1.1790684681538437
194.0, 1.1014766501422035
195.0, 1.025287926100666
196.0, 0.9508396365279446
197.0, 0.8785743336581479
198.0, 0.8090771703110887
199.0, 0.7431251830343348
200.0, 0.6817481204551143
201.0, 0.6262922714565069
202.0, 0.5784633437230018
203.0, 0.5402903746820967
204.0, 0.513929847722374
205.0, 0.5012485179267089
206.0, 0.5032818740927609
207.0, 0.5198568769718798
208.0, 0.5496599942349205
209.0, 0.5906919471330401
210.0, 0.6407997205024173
211.0, 0.6980311514125428
212.0, 0.7607806269820833
213.0, 0.827793750537125
214.0, 0.8981170548660857
215.0, 0.9710312871921903
216.0, 1.0459950889974476
217.0, 1.0533081798280655
218.0, 1.125859468843898
219.0, 1.2001272719087999
220.0, 1.206985292383905
221.0, 1.2138869520833648
222.0, 1.2208315108977161
223.0, 1.227818240913018
224.0, 1.2348464263186953
225.0, 1.241915363308123
226.0, 1.2490243599725421
227.0, 1.2561727361888844
228.0, 1.2633598235020367
229.0, 1.2705849650020669
230.0, 1.2778475151968987
231.0, 1.2778475151968987
232.0, 1.2778475151968987
233.0, 1.2778475151968987
234.0, 1.2778475151968987
235.0, 1.2778475151968987
236.0, 1.2778475151968987
237.0, 1.2778475151968987
238.0, 1.2778475151968987
239.0, 1.2778475151968987
240.0, 1.2778475151968987
241.0, 1.2778475151968987
242.0, 1.2778475151968987
243.0, 1.2778475151968987
244.0, 1.2778475151968987
245.0, 1.2778475151968987
246.0, 1.2778475151968987
247.0, 1.2778475151968987
248.0, 1.2778475151968987
249.0, 1.2778475151968987
250.0, 1.2778475151968987
251.0, 1.2778475151968987
252.0, 1.2778475151968987
253.0, 1.2778475151968987
254.0, 1.2778475151968987
255.0, 1.2778475151968987
256.0, 1.2778475151968987
257.0, 1.2778475151968987
258.0, 1.2778475151968987
259.0, 1.2778475151968987
260.0, 1.2778475151968987
261.0, 1.2705849650020669
262.0, 1.2633598235020367
263.0, 1.2561727361888844
264.0, 1.2490243599725421
265.0, 1.241915363308123
266.0, 1.2348464263186953
267.0, 1.227818240913018
268.0, 1.2208315108977161
269.0, 1.2138869520833648
270.0, 1.206985292383905
271.0, 1.2001272719087999
272.0, 1.1933136430473064
273.0, 1.1865451705442098
274.0, 1.1798226315663385
275.0, 1.173146815759149
276.0, 1.1665185252926416
277.0, 1.159938574895837
278.0, 1.1534077918790173
279.0, 1.1469270161428988
280.0, 1.1404971001738913
281.0, 1.1341189090245496
282.0, 1.1277933202783177
ee_dist
0.0, 1.4555079768813808
1.0, 1.5186167896714176
2.0, 1.6286315568545946
3.0, 1.721685914584774
4.0, 1.7538821590407683
5.0, 1.7797357653966284
6.0, 1.8118977913578511
7.0, 1.845165300126762
8.0, 1.8799451158179952
9.0, 1.9130104541597652
10.0, 1.9502514849252253
11.0, 1.9838841771396547
12.0, 2.014217543169686
13.0, 2.0496870743677986
14.0, 2.0755614326363285
15.0, 2.1020395550961966
16.0, 2.12699214281697
17.0, 2.154438977031243
18.0, 2.175843394676958
19.0, 2.1950766515863673
20.0, 2.2142819598460095
21.0, 2.1842067704730628
22.0, 2.1427764595001606
23.0, 2.098125125008417
24.0, 2.049825908464967
25.0, 1.9981767908453174
26.0, 1.9433375792520586
27.0, 1.8856701626454784
28.0, 1.8254042657294107
29.0, 1.7630200277020447
30.0, 1.6988450191851612
31.0, 1.6335046032647889
32.0, 1.5674644489982572
33.0, 1.5015297098524407
34.0, 1.4363620254969567
35.0, 1.3730018857942714
36.0, 1.312383945212307
37.0, 1.2558232898655166
38.0, 1.204542152708863
39.0, 1.1600172693268302
40.0, 1.123643340491244
41.0, 1.1238623627566318
42.0, 1.0039331428262799
43.0, 0.7492741127481064
44.0, 0.7025297551955002
45.0, 0.6547803412633549
46.0, 0.6066413989733241
47.0, 0.5577835165611226
48.0, 0.5093296958822706
49.0, 0.46282553070354837
50.0, 0.41876869946420525
51.0, 0.37846876541368935
52.0, 0.34421021491922166
53.0, 0.31820754729179707
54.0, 0.3045160157210003
55.0, 0.30389869745809733
56.0, 0.31765137320660675
57.0, 0.2985597126995771
58.0, 0.290461170136737
59.0, 0.30493706198133835
60.0, 0.34605935633091156
61.0, 0.40977007840904034
62.0, 0.48587604749657853
63.0, 0.5643787014058449
64.0, 0.6325204844838551
65.0, 0.6952783254482594
66.0, 0.7560896562828743
67.0, 0.8110114293815793
68.0, 0.8637333780727664
69.0, 0.9142209750286707
70.0, 0.9653637320992471
71.0, 1.0159688089741747
72.0, 1.0738222898793368
73.0, 1.1360625004556604
74.0, 1.2077984640495678
75.0, 1.2903283513780053
76.0, 1.3825612375997671
77.0, 1.4800383329705022
78.0, 1.5768903695617489
79.0, 1.6691619820281187
80.0, 1.7502937596537353
81.0, 1.8155270208510481
82.0, 1.8797928382058016
83.0, 1.9404592199040513
84.0, 1.999590798262514
85.0, 2.057272171255106
86.0, 2.1205250747746556
87.0, 2.168024075052099
88.0, 2.2060011431776125
89.0, 2.2543084842537136
90.0, 2.3052287646536587
91.0, 2.371485772678727
92.0, 2.469799806468878
93.0, 2.5744793534147568
94.0, 2.6806359262361386
95.0, 2.782357455376665
96.0, 2.8746060070433015
97.0, 2.9486119185863453
98.0, 3.0173710061848262
99.0, 3.0847175485936753
100.0, 3.149458662444473
101.0, 3.212338913694234
102.0, 3.274811287642743
103.0, 3.336182578782581
104.0, 3.404771959606754
105.0, 3.477861587881867
106.0, 3.555760858067138
107.0, 3.6446307280195347
108.0, 3.742878127115211
109.0, 3.8479953281564807
110.0, 3.9549484102530896
111.0, 4.058529019746976
112.0, 4.155847922781759
113.0, 4.232414367980803
114.0, 4.3005887776732745
115.0, 4.368899127778462
116.0, 4.433319197096142
117.0, 4.496482411930527
118.0, 4.5390241743145925
119.0, 4.5811050647910125
120.0, 4.622795146488964
121.0, 4.663475915460521
122.0, 4.7032370135363895
123.0, 4.741486864477718
124.0, 4.77793409400617
125.0, 4.812960025966049
126.0, 4.846311168029341
127.0, 4.877050399663339
128.0, 4.905651708400082
129.0, 4.931520479640962
130.0, 4.9549755772221005
131.0, 4.975442666493929
132.0, 4.9932346757504575
133.0, 5.007897663289588
134.0, 5.019687049268742
135.0, 5.028214991833587
136.0, 5.033763202680711
137.0, 5.035980720697106
138.0, 5.035175562892231
139.0, 5.031036715128206
140.0, 5.023898606311023
141.0, 5.0134832677522025
142.0, 5.000157514152556
143.0, 4.363736738747284
144.0, 4.345936431009236
145.0, 4.33091736014223
146.0, 4.318295385195204
147.0, 4.308697653019521
148.0, 4.301674829365913
149.0, 4.297838856715486
150.0, 4.2966637063714215
151.0, 4.213539762286395
152.0, 4.113288522414628
153.0, 4.047631177010369
154.0, 3.963511209115186
155.0, 3.8675866523356124
156.0, 3.7980502152633018
157.0, 3.7139286754268825
158.0, 3.6306075450629964
159.0, 3.547514915423967
160.0, 3.464133764945981
161.0, 3.3810489907259873
162.0, 3.2976772646465964
163.0, 3.2146033586170213
164.0, 3.1312424642812466
165.0, 3.0481817954699486
166.0, 2.964833735976497
167.0, 2.966659601731578
168.0, 2.883462540452017
169.0, 2.8005782283509997
170.0, 2.717414354975388
171.0, 2.6345695887684046
172.0, 2.551447114991763
173.0, 2.468649506907485
174.0, 2.4736739175025573
175.0, 2.3919498364975347
176.0, 2.3100244671755616
177.0, 2.318806349316911
178.0, 2.3302739049505363
179.0, 2.3448887907868907
180.0, 2.361926188331485
181.0, 2.2925460871229455
182.0, 2.2745654444310834
183.0, 2.2488255465251936
184.0, 2.2480713416285525
185.0, 2.227218891147022
186.0, 2.2326945797527213
187.0, 2.2291468545677895
188.0, 2.2292475682938075
189.0, 2.232731736045713
190.0, 2.2390509871192608
191.0, 2.248725024349216
192.0, 2.171611520895661
193.0, 2.184662384912817
194.0, 2.1116236233563215
195.0, 2.0396455839895036
196.0, 1.9682853866408596
197.0, 1.8981774011373629
198.0, 1.8289051411339299
199.0, 1.7611238044428201
200.0, 1.6944602756530445
201.0, 1.6295986104892286
202.0, 1.5662224836192895
203.0, 1.5050521054003454
204.0, 1.4458443009367483
205.0, 1.389362328753703
206.0, 1.335452726127115
207.0, 1.2849237927122865
208.0, 1.237722989574141
209.0, 1.1946909880478753
210.0, 1.1558711199994016
211.0, 1.1220958690434129
212.0, 1.093468575271053
213.0, 1.0707321577565925
214.0, 1.0539755928999566
215.0, 1.043738969949252
216.0, 1.0400052402437074
217.0, 1.0722269771966386
218.0, 1.0819265021692097
219.0, 1.0978928063759354
220.0, 1.0660850347662123
221.0, 1.0339984807809905
222.0, 1.0017802499580517
223.0, 0.9697837122570023
224.0, 0.9380811973016046
225.0, 0.9071734776808656
226.0, 0.8770739727333711
227.0, 0.848441902718339
228.0, 0.821228251854522
229.0, 0.7962457089840469
230.0, 0.7733669031559225
231.0, 0.75352774863591
232.0, 0.7364887138954758
233.0, 0.723242650695929
234.0, 0.7133864490697536
235.0, 0.7078686407928652
236.0, 0.706074007770047
237.0, 0.7088082295846576
238.0, 0.7152373885955969
239.0, 0.7259722935931916
240.0, 0.7400198328474481
241.0, 0.7578080110074693
242.0, 0.7573983126737753
243.0, 0.7741785820661387
244.0, 0.7916968648394062
245.0, 0.81187216912537
246.0, 0.8347640870739189
247.0, 0.8600498228811922
248.0, 0.8849082097352547
249.0, 0.9136421122177502
250.0, 0.9442356323050408
251.0, 0.9760527260148995
252.0, 1.008838818804971
253.0, 1.0395331288364118
254.0, 1.0651954493028628
255.0, 1.087445780416191
256.0, 1.1076847364635687
257.0, 1.1256407752001063
258.0, 1.1431367599810809
259.0, 1.1584395691639064
260.0, 1.1738621842691723
261.0, 1.186759120739357
262.0, 1.2002479998559914
263.0, 1.1787665174764994
264.0, 1.1466371313605532
265.0, 1.1130528148243901
266.0, 1.0774289243716575
267.0, 1.04011414430994
268.0, 1.0010354134951736
269.0, 0.9605756971588311
270.0, 0.9186639495308122
271.0, 0.8757717168738947
272.0, 0.8318510409430021
273.0, 0.7956994850183319
274.0, 0.7460449029537426
275.0, 0.6934028223031922
276.0, 0.6270319501221623
277.0, 0.5818439877922764
278.0, 0.5238420997670626
279.0, 0.49135156030603866
280.0, 0.4538928976809325
281.0, 0.40877488639784
282.0, 0.3817768565399978
ee_box_dist
0.0, 0.5575707657653017
1.0, 0.613147673732866
2.0, 0.643669054619358
3.0, 0.6829850393465733
4.0, 0.7215914679964378
5.0, 0.7593088885288988
6.0, 0.7975661661888243
7.0, 0.8340325932988084
8.0, 0.8685607790639858
9.0, 0.900194600470691
10.0, 0.9347090773206512
11.0, 0.9650106462915947
12.0, 0.9915569962529335
13.0, 1.0227306984263254
14.0, 1.0446581099994867
15.0, 1.0670897416995868
16.0, 1.087893334531548
17.0, 1.1110065797595232
18.0, 1.1287440578766348
19.0, 1.144483369467692
20.0, 1.1602823450134405
21.0, 1.140379148687529
22.0, 1.113082159030544
23.0, 1.0831585098920848
24.0, 1.0502245846078708
25.0, 1.0144508344242587
26.0, 0.975809033946529
27.0, 0.9344916322371827
28.0, 0.890465109428312
29.0, 0.8439590515063428
30.0, 0.7949369833414888
31.0, 0.7436717544690897
32.0, 0.690129642136158
33.0, 0.6346395843258325
34.0, 0.5771889868807135
35.0, 0.5181480599378655
36.0, 0.4575145840365608
37.0, 0.3956942501024078
38.0, 0.33285253714289836
39.0, 0.2697110973060497
40.0, 0.2070390363503972
41.0, 0.08025340332550794
42.0, 0.08268976487226591
43.0, 0.08321000083773701
44.0, 0.08297694393708821
45.0, 0.08303391352431572
46.0, 0.08298614672454459
47.0, 0.08303204671496203
48.0, 0.08299162751876202
49.0, 0.08248538649376105
50.0, 0.0826418823261865
51.0, 0.0825107110072853
52.0, 0.08277043902841626
53.0, 0.08289447061380599
54.0, 0.08275123275776695
55.0, 0.08277163185303642
56.0, 0.08275405527501471
57.0, 0.08278875458899845
58.0, 0.08276030805396654
59.0, 0.08281846629406917
60.0, 0.08279080207920123
61.0, 0.08279303155226057
62.0, 0.08280841497266986
63.0, 0.0828368742667276
64.0, 0.08293848695755504
65.0, 0.08210307558398172
66.0, 0.08290296786965717
67.0, 0.08292081279097634
68.0, 0.08292427764576656
69.0, 0.08292687538673836
70.0, 0.08256880694208171
71.0, 0.08201074959540992
72.0, 0.08245012669223127
73.0, 0.08189908091469168
74.0, 0.08235488916288917
75.0, 0.08185496412406383
76.0, 0.08226464882339216
77.0, 0.0816955529914862
78.0, 0.0827309415988432
79.0, 0.0827495020566299
80.0, 0.08277366497709815
81.0, 0.08277588886708602
82.0, 0.08279806614601289
83.0, 0.08280036139665074
84.0, 0.08282314827944283
85.0, 0.08282621200521743
86.0, 0.11226583635302273
87.0, 0.1404101137188141
88.0, 0.1342427705180652
89.0, 0.1323483230204439
90.0, 0.12801741045167536
91.0, 0.123090598573836
92.0, 0.12139411327340875
93.0, 0.12245178186390157
94.0, 0.12133556501114576
95.0, 0.12244026671050104
96.0, 0.12133329773475343
97.0, 0.12243968810088648
98.0, 0.12133327723188986
99.0, 0.12243963428014301
100.0, 0.1213332112554632
101.0, 0.12243961968217093
102.0, 0.12133324513447277
103.0, 0.12186137192730617
104.0, 0.12113580455022764
105.0, 0.12240884524894075
106.0, 0.12228191487870446
107.0, 0.12212981514268458
108.0, 0.12136631231434314
109.0, 0.12242857227875426
110.0, 0.12098305116364796
111.0, 0.12233489859619917
112.0, 0.12139776803827797
113.0, 0.12243738709901217
114.0, 0.12141811032485857
115.0, 0.12244203558893758
116.0, 0.12133337530576692
117.0, 0.12243966848945793
118.0, 0.12133319609756474
119.0, 0.12243965138479804
120.0, 0.1213332112554632
121.0, 0.12243961968217093
122.0, 0.12133319609756474
123.0, 0.1224397172967545
124.0, 0.12184098888144664
125.0, 0.12209578305685594
126.0, 0.12136365151198611
127.0, 0.12242824316335561
128.0, 0.12141631319061524
129.0, 0.12244157169786118
130.0, 0.12141908915609288
131.0, 0.12244226753448043
132.0, 0.12133339402682768
133.0, 0.12243960257750423
134.0, 0.1213332112554632
135.0, 0.12243961968217093
136.0, 0.12133324513447277
137.0, 0.12243966848945793
138.0, 0.12133324513447277
139.0, 0.12243961968217093
140.0, 0.12133324513447277
141.0, 0.12243960257750423
142.0, 0.1213332112554632
143.0, 0.11857335281528045
144.0, 0.11794302693202849
145.0, 0.11855733202599343
146.0, 0.11794818943487809
147.0, 0.11855947218942076
148.0, 0.11794834648947836
149.0, 0.11855944504850909
150.0, 0.11794800760145523
151.0, 0.11855918203662003
152.0, 0.09826822859923236
153.0, 0.11864280504785893
154.0, 0.11807192620898788
155.0, 0.09876344564736195
156.0, 0.11739909371014323
157.0, 0.11862294301586078
158.0, 0.11795686762359872
159.0, 0.11856124482716647
160.0, 0.11794799816681505
161.0, 0.11855924170329368
162.0, 0.11794787496108243
163.0, 0.11855918439898412
164.0, 0.11794789096172878
165.0, 0.11855897816217716
166.0, 0.11794803844452692
167.0, 0.11855861286686338
168.0, 0.11794703444058689
169.0, 0.11855791239062763
170.0, 0.11794707132201977
171.0, 0.11855824227747358
172.0, 0.11794743284591154
173.0, 0.11855824227747358
174.0, 0.11794636235810535
175.0, 0.1185580380852431
176.0, 0.11794656239137297
177.0, 0.11855687052870999
178.0, 0.11794470914011751
179.0, 0.11855517627078348
180.0, 0.11794272272523135
181.0, 0.11855422367774524
182.0, 0.1175922037557087
183.0, 0.07870475206297423
184.0, 0.11715702990902155
185.0, 0.07869298032817777
186.0, 0.11716430597774237
187.0, 0.11862604504515394
188.0, 0.1179565309671652
189.0, 0.11856124482205742
190.0, 0.11794861483977571
191.0, 0.11855942001175131
192.0, 0.11794838286778285
193.0, 0.11855930685241858
194.0, 0.1179484538666229
195.0, 0.11855959083997859
196.0, 0.1179484866658094
197.0, 0.11855972364113546
198.0, 0.1179484866658094
199.0, 0.11855972364113546
200.0, 0.1179484866658094
201.0, 0.11855972364113546
202.0, 0.1179484866658094
203.0, 0.11855972364113546
204.0, 0.1179484866658094
205.0, 0.11855972364113546
206.0, 0.11794822442676325
207.0, 0.11855985644262301
208.0, 0.11794822442676325
209.0, 0.1185601220465902
210.0, 0.11794822442676325
211.0, 0.1185601220465902
212.0, 0.11794822442676325
213.0, 0.11855990529807375
214.0, 0.11794822442676325
215.0, 0.11855985644262301
216.0, 0.11794822442676325
217.0, 0.11855969095484535
218.0, 0.11794791531549441
219.0, 0.11855969317929757
220.0, 0.1179481735700425
221.0, 0.11855942515945053
222.0, 0.11794885058105095
223.0, 0.11855979268540194
224.0, 0.11794823097704762
225.0, 0.11855891651557493
226.0, 0.11794723606623221
227.0, 0.11855764681124177
228.0, 0.11794572875406806
229.0, 0.11855608847793381
230.0, 0.11794401912069279
231.0, 0.11855461287979056
232.0, 0.11794201505478545
233.0, 0.11855262371712148
234.0, 0.11794058630284694
235.0, 0.11855225447197631
236.0, 0.11794030820454467
237.0, 0.11855239813358621
238.0, 0.11794115167229169
239.0, 0.11855332870890042
240.0, 0.11794268759048515
241.0, 0.11855467925532145
242.0, 0.12114481556988566
243.0, 0.08391925704479268
244.0, 0.08315758940455933
245.0, 0.08318131086958232
246.0, 0.08299568129254002
247.0, 0.08303271568074944
248.0, 0.0827502088741363
249.0, 0.08288701721873427
250.0, 0.08267967900734634
251.0, 0.08270364126260911
252.0, 0.08247856284459161
253.0, 0.07924014358907167
254.0, 0.07191719401159832
255.0, 0.06510357323550088
256.0, 0.060929668508153546
257.0, 0.05561708190205673
258.0, 0.05391337859225668
259.0, 0.04938402359981342
260.0, 0.04905181080698709
261.0, 0.04488302521919921
262.0, 0.04542007239392868
263.0, 0.07894188164798344
264.0, 0.0800910175738589
265.0, 0.08031727993395145
266.0, 0.08069061267304421
267.0, 0.08087349739328487
268.0, 0.08120599754720055
269.0, 0.08135393316635989
270.0, 0.08163550448194876
271.0, 0.08174054255929782
272.0, 0.08196502371098541
273.0, 0.08341654375565177
274.0, 0.0816867645245973
275.0, 0.08230082144243184
276.0, 0.081672474194047
277.0, 0.08222397356257341
278.0, 0.08245051141358435
279.0, 0.08213471822266592
280.0, 0.08212506571158171
281.0, 0.08230656532575675
282.0, 0.081887978948964
spot_hold
0, 0
1, 0
2, 0
3, 0
4, 0
5, 0
6, 0
7, 0
8, 0
9, 0
10, 0
11, 0
12, 0
13, 0
14, 0
15, 0
16, 0
17, 0
18, 0
19, 0
20, 0
21, 0
22, 0
23, 0
24, 0
25, 0
26, 0
27, 0
28, 0
29, 0
30, 0
31, 0
32, 0
33, 0
34, 0
35, 0
36, 0
37, 0
38, 0
39, 0
40, 0
41, 1
42, 1
43, 1
44, 1
45, 1
46, 1
47, 1
48, 1
49, 1
50, 1
51, 1
52, 1
53, 1
54, 1
55, 1
56, 1
57, 1
58, 1
59, 1
60, 1
61, 1
62, 1
63, 1
64, 1
65, 1
66, 1
67, 1
68, 1
69, 1
70, 1
71, 1
72, 1
73, 1
74, 1
75, 1
76, 1
77, 1
78, 1
79, 1
80, 1
81, 1
82, 1
83, 1
84, 1
85, 1
86, 1
87, 1
88, 1
89, 1
90, 1
91, 1
92, 1
93, 1
94, 1
95, 1
96, 1
97, 1
98, 1
99, 1
100, 1
101, 1
102, 1
103, 1
104, 1
105, 1
106, 1
107, 1
108, 1
109, 1
110, 1
111, 1
112, 1
113, 1
114, 1
115, 1
116, 1
117, 1
118, 1
119, 1
120, 1
121, 1
122, 1
123, 1
124, 1
125, 1
126, 1
127, 1
128, 1
129, 1
130, 1
131, 1
132, 1
133, 1
134, 1
135, 1
136, 1
137, 1
138, 1
139, 1
140, 1
141, 1
142, 1
143, 1
144, 1
145, 1
146, 1
147, 1
148, 1
149, 1
150, 1
151, 1
152, 1
153, 1
154, 1
155, 1
156, 1
157, 1
158, 1
159, 1
160, 1
161, 1
162, 1
163, 1
164, 1
165, 1
166, 1
167, 1
168, 1
169, 1
170, 1
171, 1
172, 1
173, 1
174, 1
175, 1
176, 1
177, 1
178, 1
179, 1
180, 1
181, 1
182, 1
183, 1
184, 1
185, 1
186, 1
187, 1
188, 1
189, 1
190, 1
191, 1
192, 1
193, 1
194, 1
195, 1
196, 1
197, 1
198, 1
199, 1
200, 1
201, 1
202, 1
203, 1
204, 1
205, 1
206, 1
207, 1
208, 1
209, 1
210, 1
211, 1
212, 1
213, 1
214, 1
215, 1
216, 1
217, 1
218, 1
219, 1
220, 1
221, 1
222, 1
223, 1
224, 1
225, 1
226, 1
227, 1
228, 1
229, 1
230, 1
231, 1
232, 1
233, 1
234, 1
235, 1
236, 1
237, 1
238, 1
239, 1
240, 1
241, 1
242, 1
243, 1
244, 1
245, 1
246, 1
247, 1
248, 1
249, 1
250, 1
251, 1
252, 1
253, 1
254, 1
255, 1
256, 1
257, 1
258, 1
259, 1
260, 1
261, 1
262, 1
263, 1
264, 1
265, 1
266, 1
267, 1
268, 1
269, 1
270, 1
271, 1
272, 1
273, 1
274, 1
275, 1
276, 1
277, 1
278, 1
279, 1
280, 1
281, 1
282, 1
