bot_dist
0.0, 3.0855568315300657
1.0, 3.089771774298222
2.0, 3.0940132971681753
3.0, 3.098281290976073
4.0, 3.102575646479328
5.0, 3.1068962543664465
6.0, 3.1112430052667484
7.0, 3.115615789759973
8.0, 3.120014498385774
9.0, 3.1244390216531
10.0, 3.128889250049465
11.0, 3.1333650740501033
12.0, 3.137866384127006
13.0, 3.1423930707578505
14.0, 3.146945024434808
15.0, 3.1515221356732384
16.0, 3.156124295020272
17.0, 3.1607513930632667
18.0, 3.165403320438161
19.0, 3.1700799678376983
20.0, 3.1747812260195465
21.0, 3.179506872854772
22.0, 3.1842569110537893
23.0, 3.1890312316243374
24.0, 3.193829725670357
25.0, 3.1986522843995213
26.0, 3.203498799130645
27.0, 3.2083691613009915
28.0, 3.213263262473447
29.0, 3.2181809943435904
30.0, 3.223122248746646
31.0, 3.228086917664315
32.0, 3.2330748932315023
33.0, 3.2380860677429215
34.0, 3.2431203336595873
35.0, 3.2481775836151963
36.0, 3.2532577104223965
37.0, 3.258360607078937
38.0, 3.263486166773715
39.0, 3.268634282892704
40.0, 3.2738048490247764
41.0, 3.2789977589674115
42.0, 3.2842129067322974
43.0, 3.289450186550822
44.0, 3.2947094928794547
45.0, 3.2999907204050265
46.0, 3.305293764049892
47.0, 3.310618518976999
48.0, 3.315964880594838
49.0, 3.321332744562301
50.0, 3.3267220067934273
51.0, 3.3321325634620487
52.0, 3.3375643110063318
53.0, 3.3430171461332203
54.0, 3.3484909658227786
55.0, 3.353985667332429
56.0, 3.3595011482010966
57.0, 3.365037306253252
58.0, 3.37059403960286
59.0, 3.3761712466572313
60.0, 3.3817688261207755
61.0, 3.3873866769986662
62.0, 3.393024698600406
63.0, 3.398682790543303
64.0, 3.404360852755856
65.0, 3.410058785481048
66.0, 3.4157764892795472
67.0, 3.421513865032826
68.0, 3.427270813946187
69.0, 3.4330472375517034
70.0, 3.4388430377110746
71.0, 3.4446581166183985
72.0, 3.4504923768028566
73.0, 3.4563457211313175
74.0, 3.462218052810863
75.0, 3.4681092753912246
76.0, 3.4740192927671516
77.0, 3.47994800918069
78.0, 3.4858953292233887
79.0, 3.4918611578384335
80.0, 3.4978454003226926
81.0, 3.503847962328703
82.0, 3.509868749866571
83.0, 3.515907669305804
84.0, 3.521964627377076
85.0, 3.5280395311739148
86.0, 3.5341322881543213
87.0, 3.5402428061423223
88.0, 3.546370993329458
89.0, 3.5525167582761936
90.0, 3.558680009913276
91.0, 3.5648606575430195
92.0, 3.571058610840526
93.0, 3.5772737798548517
94.0, 3.5835060750101007
95.0, 3.5897554071064666
96.0, 3.5960216873212065
97.0, 3.6023048272095646
98.0, 3.608604738705631
99.0, 3.6149213341231463
100.0, 3.6212545261562505
101.0, 3.6212545261562505
102.0, 3.6212545261562505
103.0, 3.6212545261562505
104.0, 3.6212545261562505
105.0, 3.6212545261562505
106.0, 3.6212545261562505
107.0, 3.6212545261562505
108.0, 3.6212545261562505
109.0, 3.6212545261562505
110.0, 3.6212545261562505
111.0, 3.6212545261562505
112.0, 3.6212545261562505
113.0, 3.6212545261562505
114.0, 3.6212545261562505
115.0, 3.6212545261562505
116.0, 3.6212545261562505
117.0, 3.6212545261562505
118.0, 3.6212545261562505
119.0, 3.6212545261562505
120.0, 3.6212545261562505
121.0, 3.6212545261562505
122.0, 3.6212545261562505
123.0, 3.6212545261562505
124.0, 3.6212545261562505
125.0, 3.6212545261562505
126.0, 3.6212545261562505
127.0, 3.6212545261562505
128.0, 3.6212545261562505
129.0, 3.6212545261562505
130.0, 3.6212545261562505
131.0, 3.6149213341231463
132.0, 3.608604738705631
133.0, 3.6023048272095646
134.0, 3.5960216873212065
135.0, 3.5897554071064666
136.0, 3.5835060750101007
137.0, 3.5772737798548517
138.0, 3.571058610840526
139.0, 3.5648606575430195
140.0, 3.558680009913276
141.0, 3.5525167582761936
142.0, 3.546370993329458
143.0, 3.5448249083228704
144.0, 3.5387223025265317
145.0, 3.5326374619750665
146.0, 3.526570478626385
147.0, 3.5205214448014877
148.0, 3.514490453182894
149.0, 3.5084775968130093
150.0, 3.5024829690924126
151.0, 3.413317995198884
152.0, 3.324190837187016
153.0, 3.235104572571305
154.0, 3.146062727065894
155.0, 3.057069181998126
156.0, 2.9681282819548036
157.0, 2.879244905610694
158.0, 2.790424549877343
159.0, 2.701673430368498
160.0, 2.6129986019682216
161.0, 2.5244081043176343
162.0, 2.4359111383893093
163.0, 2.347518282110179
164.0, 2.259241755386491
165.0, 2.171095748107397
166.0, 2.0830968290855036
167.0, 2.0777802527714586
168.0, 1.99111527763528
169.0, 1.904802650698514
170.0, 1.818892303252462
171.0, 1.7334440478427624
172.0, 1.6485297408962472
173.0, 1.564236340737834
174.0, 1.5597871404883101
175.0, 1.4788196383288275
176.0, 1.3990843882172608
177.0, 1.3952085003803893
178.0, 1.3913936873985928
179.0, 1.3876404529812978
180.0, 1.38394929812698
181.0, 1.323894247598734
182.0, 1.3207568043344065
183.0, 1.3176877828927378
184.0, 1.3146876624477981
185.0, 1.3117569157502706
186.0, 1.308896008804137
187.0, 1.306105400542647
188.0, 1.227604981285424
189.0, 1.2252135324336366
190.0, 1.1459463966643557
191.0, 1.0682534095960965
192.0, 0.9925042427356564
193.0, 0.9191795897602387
194.0, 0.8489079374491981
195.0, 0.7825122209560892
196.0, 0.7210639273156989
197.0, 0.6659340209474034
198.0, 0.6188135218976251
199.0, 0.5816522596538563
200.0, 0.5564491433064304
201.0, 0.5448661015895668
202.0, 0.5477678430551515
203.0, 0.56493121064259
204.0, 0.5951235647156315
205.0, 0.6364934905012836
206.0, 0.687024738470241
207.0, 0.7448551139239278
208.0, 0.8084197003141874
209.0, 0.876471793398089
210.0, 0.9480455258255128
211.0, 1.0224017002472647
212.0, 1.0989756431018274
213.0, 1.1080712307518192
214.0, 1.1824634720047607
215.0, 1.258692658245045
216.0, 1.2675101849134827
217.0, 1.2763451488348372
218.0, 1.285197190397027
219.0, 1.2940659591419517
220.0, 1.3029511135000136
221.0, 1.3118523205327834
222.0, 1.3207692556835773
223.0, 1.3297016025357085
224.0, 1.3386490525781916
225.0, 1.3476113049786749
226.0, 1.356588066363383
227.0, 1.3655790506038585
228.0, 1.374583978610295
229.0, 1.3836025781312555
230.0, 1.3926345835595872
231.0, 1.3926345835595872
232.0, 1.3926345835595872
233.0, 1.3926345835595872
234.0, 1.3926345835595872
235.0, 1.3926345835595872
236.0, 1.3926345835595872
237.0, 1.3926345835595872
238.0, 1.3926345835595872
239.0, 1.3926345835595872
240.0, 1.3926345835595872
241.0, 1.3926345835595872
242.0, 1.3926345835595872
243.0, 1.3926345835595872
244.0, 1.3926345835595872
245.0, 1.3926345835595872
246.0, 1.3926345835595872
247.0, 1.3926345835595872
248.0, 1.3926345835595872
249.0, 1.3926345835595872
250.0, 1.3926345835595872
251.0, 1.3926345835595872
252.0, 1.3926345835595872
253.0, 1.3926345835595872
254.0, 1.3926345835595872
255.0, 1.3926345835595872
256.0, 1.3926345835595872
257.0, 1.3926345835595872
258.0, 1.3926345835595872
259.0, 1.3926345835595872
260.0, 1.3926345835595872
261.0, 1.3836025781312555
262.0, 1.374583978610295
263.0, 1.3655790506038585
264.0, 1.356588066363383
265.0, 1.3476113049786749
266.0, 1.3386490525781916
267.0, 1.3297016025357085
268.0, 1.3207692556835773
269.0, 1.3118523205327834
270.0, 1.3029511135000136
271.0, 1.2940659591419517
272.0, 1.285197190397027
273.0, 1.2763451488348372
274.0, 1.2675101849134827
275.0, 1.258692658245045
276.0, 1.2498929378694494
277.0, 1.2411114025369547
278.0, 1.2323484409995205
279.0, 1.2236044523112966
280.0, 1.2148798461384922
281.0, 1.2061752503733316
282.0, 1.1974908886047453
ee_dist
0.0, 0.8595536211012457
1.0, 0.8559881679751015
2.0, 0.9260017365830312
3.0, 0.999238437210517
4.0, 1.0244320625864174
5.0, 1.049514329475049
6.0, 1.084705409226181
7.0, 1.1223714980686426
8.0, 1.1590430439699684
9.0, 1.1949726189164789
10.0, 1.2302151367091945
11.0, 1.2631386332892365
12.0, 1.2946336995245384
13.0, 1.3232833713191336
14.0, 1.3510347211274774
15.0, 1.375792247044346
16.0, 1.4000049073357907
17.0, 1.421158821365812
18.0, 1.4422581599760889
19.0, 1.4604367734483794
20.0, 1.4790114778599186
21.0, 1.4563145227882586
22.0, 1.4238063549890565
23.0, 1.388446696649745
24.0, 1.3497429546942383
25.0, 1.307863759643215
26.0, 1.2628016551103973
27.0, 1.2147509586299865
28.0, 1.163720964698526
29.0, 1.1099694451640425
30.0, 1.053532263476318
31.0, 0.9947423746074234
32.0, 0.9336802287555388
33.0, 0.8707750415690774
34.0, 0.8061964120826529
35.0, 0.7405523390156163
36.0, 0.6742377943225679
37.0, 0.6082383498226598
38.0, 0.5434635706481381
39.0, 0.4806311176445614
40.0, 0.4238214324952783
41.0, 0.42487859364599706
42.0, 0.6952232492913856
43.0, 1.2571658697489378
44.0, 1.2185776145475626
45.0, 1.1777756345817045
46.0, 1.1347543365411992
47.0, 1.0892925798519821
48.0, 1.0415681022053558
49.0, 0.991531836967657
50.0, 0.9397091213061971
51.0, 0.8865654292311883
52.0, 0.8322815633277985
53.0, 0.7769170865137979
54.0, 0.7205801367789737
55.0, 0.6633683878592551
56.0, 0.6061431601737881
57.0, 0.5490521449973554
58.0, 0.6048110121907986
59.0, 0.680841905118684
60.0, 0.7655060867347294
61.0, 0.8582456660743317
62.0, 0.9535283989824365
63.0, 1.0462044917090498
64.0, 1.1324158585756097
65.0, 1.1986519326016543
66.0, 1.2543931141351852
67.0, 1.3113638626714332
68.0, 1.3638411781748903
69.0, 1.4159309033460379
70.0, 1.4685504945605798
71.0, 1.5194988910745146
72.0, 1.5758727839214808
73.0, 1.6373692702391258
74.0, 1.7036441025748237
75.0, 1.7809206336765515
76.0, 1.8674108363873085
77.0, 1.96317077956669
78.0, 2.063075436108576
79.0, 2.1618811738928025
80.0, 2.2552744170898
81.0, 2.3332947188593787
82.0, 2.398490530211406
83.0, 2.459876738732127
84.0, 2.519318576354701
85.0, 2.5780210725400483
86.0, 2.6365968276493805
87.0, 2.6937965080044948
88.0, 2.73016458897642
89.0, 2.770400639614349
90.0, 2.8128964212834933
91.0, 2.8709281772751147
92.0, 2.965059921368081
93.0, 3.0681264550422482
94.0, 3.1745152381877237
95.0, 3.283479518879806
96.0, 3.383812889028063
97.0, 3.4752502982337687
98.0, 3.5457990085631765
99.0, 3.6144743123963448
100.0, 3.6785852433606903
101.0, 3.746913673859028
102.0, 3.8050858301903108
103.0, 3.869102540747936
104.0, 3.9318214058958803
105.0, 4.002955738027564
106.0, 4.076294802964633
107.0, 4.159123692539306
108.0, 4.24944360756207
109.0, 4.351153783303196
110.0, 4.456669853883445
111.0, 4.566785526834345
112.0, 4.668630881421957
113.0, 4.764850948334246
114.0, 4.838170188043622
115.0, 4.885393504966299
116.0, 4.931908101809663
117.0, 4.978371197424243
118.0, 5.020808616910386
119.0, 5.063816108720926
120.0, 5.102195270163723
121.0, 5.140890051259536
122.0, 5.174472387080194
123.0, 5.207971813926695
124.0, 5.236013233983583
125.0, 5.263626769761401
126.0, 5.285510410839779
127.0, 5.30669255098379
128.0, 5.321944862364697
129.0, 5.336292311519959
130.0, 5.344582462530519
131.0, 5.351834011728965
132.0, 5.352972771824593
133.0, 5.353009443786377
134.0, 5.346951127173178
135.0, 5.339795299389647
136.0, 5.326634161583677
137.0, 5.312453778048013
138.0, 5.292427539059653
139.0, 5.271530909294754
140.0, 5.245018206460284
141.0, 5.2162412269372025
142.0, 5.215025535052149
143.0, 4.55519551702277
144.0, 4.543620875389261
145.0, 4.532447296776335
146.0, 4.526224315556938
147.0, 4.520400065781803
148.0, 4.519740100126036
149.0, 4.519467163820943
150.0, 4.524396805323481
151.0, 4.440684526059546
152.0, 4.359406168771692
153.0, 4.275756950999837
154.0, 4.1945454136623
155.0, 4.110968754042533
156.0, 4.029833089085097
157.0, 3.9463384475427636
158.0, 3.8652883254268433
159.0, 3.781886545696149
160.0, 3.7009334722017373
161.0, 3.6176373727430304
162.0, 3.5367951096326777
163.0, 3.453619859356231
164.0, 3.372904619414458
165.0, 3.289868430525392
166.0, 3.209300096594175
167.0, 3.216298215640728
168.0, 3.137636144420301
169.0, 3.056819994005002
170.0, 2.9785366167319047
171.0, 2.8981448949347492
172.0, 2.8203105962930795
173.0, 2.7404189719968386
174.0, 2.7539301876819255
175.0, 2.677337148335352
176.0, 2.6034332360657593
177.0, 2.6180434706478932
178.0, 2.6371759115263975
179.0, 2.656580275893914
180.0, 2.679877200000078
181.0, 2.623230953619097
182.0, 2.6012047012091264
183.0, 2.5793670520915866
184.0, 2.5616752013690802
185.0, 2.5281877427519683
186.0, 2.532994332352832
187.0, 2.520979277251251
188.0, 2.4324827872220247
189.0, 2.4330576630742846
190.0, 2.3493056436875093
191.0, 2.2705409404818093
192.0, 2.188597111473612
193.0, 2.1066328902943927
194.0, 2.0271140689924203
195.0, 1.9454564299209463
196.0, 1.8664112120301641
197.0, 1.7852948326602454
198.0, 1.7068521944961248
199.0, 1.626441202030568
200.0, 1.5487910152770021
201.0, 1.4693195294133277
202.0, 1.3927377347625427
203.0, 1.3145509982810335
204.0, 1.239450948781886
205.0, 1.1630753743250768
206.0, 1.0900981585346887
207.0, 1.0163664836325117
208.0, 0.9465439796996947
209.0, 0.8768191370896681
210.0, 0.811869745431397
211.0, 0.7484510387546602
212.0, 0.69128510561045
213.0, 0.669203295189778
214.0, 0.61090964877749
215.0, 0.557099884542636
216.0, 0.5354990570073341
217.0, 0.5147915812260904
218.0, 0.49911854686410356
219.0, 0.484919196986613
220.0, 0.4768640446100968
221.0, 0.4707623407551601
222.0, 0.4713869878992386
223.0, 0.4741279858174567
224.0, 0.48340730376947977
225.0, 0.49456838520055446
226.0, 0.5113805460105575
227.0, 0.52959468831956
228.0, 0.5521911126216206
229.0, 0.5756887642477974
230.0, 0.5763403919736384
231.0, 0.5757046912511651
232.0, 0.576330352568916
233.0, 0.5757060532765294
234.0, 0.5763303770375078
235.0, 0.5757060532765294
236.0, 0.5763303770375078
237.0, 0.5757060532765294
238.0, 0.5763303770375078
239.0, 0.5757060532765294
240.0, 0.5763303770375078
241.0, 0.5757060532765294
242.0, 0.5763303770375078
243.0, 0.5848241104128612
244.0, 0.5975619144506098
245.0, 0.6112413483899802
246.0, 0.6265396287043432
247.0, 0.6427797544651944
248.0, 0.6603361971759578
249.0, 0.6784724427345263
250.0, 0.6976904831740197
251.0, 0.717203413523172
252.0, 0.7375776603550297
253.0, 0.758022844766373
254.0, 0.7791168034970828
255.0, 0.8000456830570134
256.0, 0.821342058551288
257.0, 0.8422928326321626
258.0, 0.8633402365499955
259.0, 0.8838904745194445
260.0, 0.9042980474632362
261.0, 0.9241011033333328
262.0, 0.9435706981848053
263.0, 0.9272455394551072
264.0, 0.9075056287278295
265.0, 0.887017295029464
266.0, 0.8656140861580809
267.0, 0.8368495259288886
268.0, 0.807094707404531
269.0, 0.7755473168357898
270.0, 0.7447839697135813
271.0, 0.7157090181257361
272.0, 0.6945374885256548
273.0, 0.6726631823620307
274.0, 0.6409448909310878
275.0, 0.6134265394139475
276.0, 0.5927720216391508
277.0, 0.5754292037718902
278.0, 0.5597838803633062
279.0, 0.5467681759778719
280.0, 0.5366823049032569
281.0, 0.5305089402219315
282.0, 0.5502576002960572
ee_box_dist
0.0, 0.5575707657653017
1.0, 0.613147673732866
2.0, 0.643669054619358
3.0, 0.6829850393465733
4.0, 0.7215914679964378
5.0, 0.7593088885288988
6.0, 0.797504748831866
7.0, 0.8332694126078585
8.0, 0.8665981160343993
9.0, 0.8983793666287504
10.0, 0.9287244732101065
11.0, 0.9567829545160188
12.0, 0.9833940716366667
13.0, 1.0074995655934118
14.0, 1.0307870754012187
15.0, 1.0515097315218305
16.0, 1.0718177789020986
17.0, 1.0894769799791055
18.0, 1.1072153740356365
19.0, 1.1224024253900997
20.0, 1.1381003135109002
21.0, 1.1192223897012226
22.0, 1.0926125446777863
23.0, 1.0634725865645336
24.0, 1.0313993195653997
25.0, 0.9965576141472575
26.0, 0.9589164074430384
27.0, 0.9186539395119758
28.0, 0.8757344471244267
29.0, 0.8303779443975492
30.0, 0.7821124403448637
31.0, 0.7317681594984674
32.0, 0.6794522698174861
33.0, 0.6249967239533545
34.0, 0.5687508272128686
35.0, 0.5111581609541724
36.0, 0.4520564053414613
37.0, 0.39170171220050015
38.0, 0.3304535667764538
39.0, 0.2787257933347073
40.0, 0.2322982740301704
41.0, 0.08057629417234058
42.0, 0.08288574570879585
43.0, 0.08302490966512945
44.0, 0.08295668407029408
45.0, 0.08301294169048895
46.0, 0.08296572461097808
47.0, 0.08301224429455886
48.0, 0.08297203377021731
49.0, 0.0830117502198656
50.0, 0.08297694905465366
51.0, 0.08301071699528922
52.0, 0.0829813504414794
53.0, 0.08301000001607121
54.0, 0.0829852645842679
55.0, 0.08300895119742822
56.0, 0.08298862374187595
57.0, 0.0830081140452508
58.0, 0.08299154347379745
59.0, 0.08300724860551803
60.0, 0.08299368299735568
61.0, 0.08300551010648305
62.0, 0.08299505548960961
63.0, 0.08300420134186394
64.0, 0.08299625171533302
65.0, 0.08300199057060088
66.0, 0.08299729307387599
67.0, 0.08300039486119255
68.0, 0.08299855496775702
69.0, 0.0829994662201811
70.0, 0.08299984114537712
71.0, 0.08299908320697474
72.0, 0.08300130535152002
73.0, 0.0829989387835209
74.0, 0.08300326080829067
75.0, 0.08299944325734362
76.0, 0.08300567073539573
77.0, 0.0830008828778969
78.0, 0.08300858284051903
79.0, 0.08300295610612517
80.0, 0.08301180358641645
81.0, 0.08300619627532982
82.0, 0.08282594919727382
83.0, 0.0830168426663355
84.0, 0.08301208701713662
85.0, 0.08300703153668008
86.0, 0.08972118421977521
87.0, 0.12567373445384927
88.0, 0.13547054992428328
89.0, 0.13361908574475978
90.0, 0.12742482235056193
91.0, 0.12322692164216344
92.0, 0.12200857554428106
93.0, 0.12187925937694098
94.0, 0.12207167095453139
95.0, 0.12188481972879964
96.0, 0.12207231375127872
97.0, 0.12188504367896552
98.0, 0.1220724005331584
99.0, 0.12188503461607629
100.0, 0.12207235083856388
101.0, 0.12183023219666436
102.0, 0.12228796915907711
103.0, 0.1218967319725896
104.0, 0.12204973762426688
105.0, 0.1218820420458896
106.0, 0.12207259655053825
107.0, 0.12188512782154573
108.0, 0.12207246569769645
109.0, 0.12188496945816518
110.0, 0.1220724005331584
111.0, 0.12188494141065219
112.0, 0.12207237891581219
113.0, 0.12188503461607629
114.0, 0.12207240699309037
115.0, 0.08711186284500115
116.0, 0.121013683499317
117.0, 0.12198812765980717
118.0, 0.1220274689794751
119.0, 0.12187874567048097
120.0, 0.12207299399808214
121.0, 0.12188510926637361
122.0, 0.12207244715405452
123.0, 0.1218849228554517
124.0, 0.12207237891581219
125.0, 0.12188496945816518
126.0, 0.12207231375127872
127.0, 0.12188498801335856
128.0, 0.12207239745944991
129.0, 0.12188496945816518
130.0, 0.12207239745944991
131.0, 0.12188494141065219
132.0, 0.12207243454673872
133.0, 0.1218849228554517
134.0, 0.12207240699309037
135.0, 0.12188501606089
136.0, 0.12207240699309037
137.0, 0.12188501606089
138.0, 0.12207244715405452
139.0, 0.12188496945816518
140.0, 0.12207240699309037
141.0, 0.12188496945816518
142.0, 0.1220724005331584
143.0, 0.11808516973562622
144.0, 0.11871962274906159
145.0, 0.1181532089172589
146.0, 0.11871958959619586
147.0, 0.11815273707312672
148.0, 0.11871908862684323
149.0, 0.11815178661348964
150.0, 0.11871859574640993
151.0, 0.11815138237531685
152.0, 0.11871842985311667
153.0, 0.11815160237641484
154.0, 0.11871838312546171
155.0, 0.11815154174474261
156.0, 0.11871842985311667
157.0, 0.11815138789685777
158.0, 0.11871842985311667
159.0, 0.11815138789685777
160.0, 0.11871842985311667
161.0, 0.11815138789685777
162.0, 0.1187186714731551
163.0, 0.11815142048166566
164.0, 0.1187186714731551
165.0, 0.11815129921894538
166.0, 0.1187186714731551
167.0, 0.1181503455921953
168.0, 0.11871771430343063
169.0, 0.11815042032264633
170.0, 0.11871742665892807
171.0, 0.11815053401311434
172.0, 0.11871747338677993
173.0, 0.11815053401311434
174.0, 0.1187166460936889
175.0, 0.11814961881241112
176.0, 0.11871673042003854
177.0, 0.1181481858456686
178.0, 0.11871451856022915
179.0, 0.11814586108804488
180.0, 0.11871215808752204
181.0, 0.11814495244012263
182.0, 0.11871365159205421
183.0, 0.11814688797619137
184.0, 0.11871554882278293
185.0, 0.09441268458480952
186.0, 0.11844609560548086
187.0, 0.11739955581432979
188.0, 0.08024473065504567
189.0, 0.11908469370811517
190.0, 0.08720549706422918
191.0, 0.1185636805903501
192.0, 0.11875174858513471
193.0, 0.1181522746193395
194.0, 0.118719065041034
195.0, 0.11815180686975368
196.0, 0.1187191458226221
197.0, 0.1181516788753213
198.0, 0.11871905236758806
199.0, 0.11815185347794394
200.0, 0.11871905236758806
201.0, 0.11815185347794394
202.0, 0.1187191458226221
203.0, 0.11815180686975368
204.0, 0.11871905236758806
205.0, 0.11815172548356206
206.0, 0.11871892485831512
207.0, 0.11815198147266827
208.0, 0.1187190183134495
209.0, 0.11815193486452849
210.0, 0.11871892485831512
211.0, 0.11815201038707446
212.0, 0.11871897158587656
213.0, 0.11815223549018514
214.0, 0.11871971066029866
215.0, 0.11815207125823123
216.0, 0.11871975782070326
217.0, 0.1181527874990124
218.0, 0.11872033133274985
219.0, 0.11815276709191089
220.0, 0.11871995367471168
221.0, 0.118153450855098
222.0, 0.11871954369581744
223.0, 0.1181537080986405
224.0, 0.1187195714464092
225.0, 0.11815281314764411
226.0, 0.11871964967586791
227.0, 0.11815271737667822
228.0, 0.11871848518832373
229.0, 0.11815120717229766
230.0, 0.12202063597233855
231.0, 0.12188771766124332
232.0, 0.1220726108339463
233.0, 0.12188570555700644
234.0, 0.12207279732123538
235.0, 0.12188570555700644
236.0, 0.12207316548605632
237.0, 0.12188570555700644
238.0, 0.12207294157412886
239.0, 0.12188570555700644
240.0, 0.12207302123342743
241.0, 0.12188570555700644
242.0, 0.12207302123342743
243.0, 0.07720116185198023
244.0, 0.07551264084494301
245.0, 0.07390929101912769
246.0, 0.07331474829501126
247.0, 0.07183544790201311
248.0, 0.07164615092701286
249.0, 0.07032926433055285
250.0, 0.07048516564340433
251.0, 0.06931669687789369
252.0, 0.06963424545329885
253.0, 0.06849478054271257
254.0, 0.06890871532242808
255.0, 0.06773775709365694
256.0, 0.06816417419716166
257.0, 0.06690900795800576
258.0, 0.06730483860937478
259.0, 0.0659459971200894
260.0, 0.06630526208586532
261.0, 0.06484706402881665
262.0, 0.06518876559023552
263.0, 0.07996852029240344
264.0, 0.08064561074390679
265.0, 0.08082945608094
266.0, 0.08113965463740347
267.0, 0.08002957999613927
268.0, 0.08096149458394179
269.0, 0.08064189833095955
270.0, 0.08164124527229576
271.0, 0.08107067026441189
272.0, 0.08243252862042821
273.0, 0.08243841080721363
274.0, 0.08228223565039375
275.0, 0.08222304726206124
276.0, 0.08249342488406716
277.0, 0.08231562735022159
278.0, 0.0822659956050373
279.0, 0.08210320116182754
280.0, 0.0820118500245706
281.0, 0.08180230156763102
282.0, 0.08734875383692364
spot_hold
0, 0
1, 0
2, 0
3, 0
4, 0
5, 0
6, 0
7, 0
8, 0
9, 0
10, 0
11, 0
12, 0
13, 0
14, 0
15, 0
16, 0
17, 0
18, 0
19, 0
20, 0
21, 0
22, 0
23, 0
24, 0
25, 0
26, 0
27, 0
28, 0
29, 0
30, 0
31, 0
32, 0
33, 0
34, 0
35, 0
36, 0
37, 0
38, 0
39, 0
40, 0
41, 1
42, 1
43, 1
44, 1
45, 1
46, 1
47, 1
48, 1
49, 1
50, 1
51, 1
52, 1
53, 1
54, 1
55, 1
56, 1
57, 1
58, 1
59, 1
60, 1
61, 1
62, 1
63, 1
64, 1
65, 1
66, 1
67, 1
68, 1
69, 1
70, 1
71, 1
72, 1
73, 1
74, 1
75, 1
76, 1
77, 1
78, 1
79, 1
80, 1
81, 1
82, 1
83, 1
84, 1
85, 1
86, 1
87, 1
88, 1
89, 1
90, 1
91, 1
92, 1
93, 1
94, 1
95, 1
96, 1
97, 1
98, 1
99, 1
100, 1
101, 1
102, 1
103, 1
104, 1
105, 1
106, 1
107, 1
108, 1
109, 1
110, 1
111, 1
112, 1
113, 1
114, 1
115, 1
116, 1
117, 1
118, 1
119, 1
120, 1
121, 1
122, 1
123, 1
124, 1
125, 1
126, 1
127, 1
128, 1
129, 1
130, 1
131, 1
132, 1
133, 1
134, 1
135, 1
136, 1
137, 1
138, 1
139, 1
140, 1
141, 1
142, 1
143, 1
144, 1
145, 1
146, 1
147, 1
148, 1
149, 1
150, 1
151, 1
152, 1
153, 1
154, 1
155, 1
156, 1
157, 1
158, 1
159, 1
160, 1
161, 1
162, 1
163, 1
164, 1
165, 1
166, 1
167, 1
168, 1
169, 1
170, 1
171, 1
172, 1
173, 1
174, 1
175, 1
176, 1
177, 1
178, 1
179, 1
180, 1
181, 1
182, 1
183, 1
184, 1
185, 1
186, 1
187, 1
188, 1
189, 1
190, 1
191, 1
192, 1
193, 1
194, 1
195, 1
196, 1
197, 1
198, 1
199, 1
200, 1
201, 1
202, 1
203, 1
204, 1
205, 1
206, 1
207, 1
208, 1
209, 1
210, 1
211, 1
212, 1
213, 1
214, 1
215, 1
216, 1
217, 1
218, 1
219, 1
220, 1
221, 1
222, 1
223, 1
224, 1
225, 1
226, 1
227, 1
228, 1
229, 1
230, 1
231, 1
232, 1
233, 1
234, 1
235, 1
236, 1
237, 1
238, 1
239, 1
240, 1
241, 1
242, 1
243, 1
244, 1
245, 1
246, 1
247, 1
248, 1
249, 1
250, 1
251, 1
252, 1
253, 1
254, 1
255, 1
256, 1
257, 1
258, 1
259, 1
260, 1
261, 1
262, 1
263, 1
264, 1
265, 1
266, 1
267, 1
268, 1
269, 1
270, 1
271, 1
272, 1
273, 1
274, 1
275, 1
276, 1
277, 1
278, 1
279, 1
280, 1
281, 1
282, 1
