bot_dist
0.0, 4.035253406829074
1.0, 4.042460217668299
2.0, 4.049678896549026
3.0, 4.056909380118907
4.0, 4.064151605373198
5.0, 4.071405509653496
6.0, 4.078671030646462
7.0, 4.085948106382536
8.0, 4.093236675234639
9.0, 4.100536675916866
10.0, 4.10784804748317
11.0, 4.115170729326035
12.0, 4.122504661175144
13.0, 4.129849783096031
14.0, 4.137206035488734
15.0, 4.144573359086434
16.0, 4.15195169495409
17.0, 4.159340984487063
18.0, 4.166741169409734
19.0, 4.174152191774125
20.0, 4.181573993958493
21.0, 4.189006518665943
22.0, 4.196449708923018
23.0, 4.203903508078288
24.0, 4.211367859800935
25.0, 4.2188427080793405
26.0, 4.22632799721965
27.0, 4.233823671844356
28.0, 4.24132967689086
29.0, 4.248845957610038
30.0, 4.256372459564802
31.0, 4.263909128628659
32.0, 4.271455910984266
33.0, 4.279012753121984
34.0, 4.286579601838424
35.0, 4.294156404235001
36.0, 4.301743107716478
37.0, 4.309339659989509
38.0, 4.316946009061185
39.0, 4.324562103237579
40.0, 4.332187891122279
41.0, 4.339823321614936
42.0, 4.3474683439098
43.0, 4.355122907494262
44.0, 4.362786962147391
45.0, 4.370460457938474
46.0, 4.378143345225557
47.0, 4.38583557465398
48.0, 4.3935370971549235
49.0, 4.401247863943946
50.0, 4.408967826519527
51.0, 4.416696936661608
52.0, 4.4244351464301355
53.0, 4.432182408163614
54.0, 4.439938674477645
55.0, 4.447703898263477
56.0, 4.455478032686558
57.0, 4.463261031185087
58.0, 4.471052847468567
59.0, 4.4788534355163625
60.0, 4.486662749576258
61.0, 4.494480744163023
62.0, 4.502307374056966
63.0, 4.510142594302513
64.0, 4.517986360206767
65.0, 4.525838627338089
66.0, 4.533699351524666
67.0, 4.541568488853093
68.0, 4.549445995666954
69.0, 4.557331828565409
70.0, 4.565225944401778
71.0, 4.573128300282141
72.0, 4.581038853563923
73.0, 4.588957561854504
74.0, 4.596884383009815
75.0, 4.604819275132952
76.0, 4.6127621965727785
77.0, 4.620713105922549
78.0, 4.628671962018527
79.0, 4.636638723938602
80.0, 4.644613351000928
81.0, 4.652595802762549
82.0, 4.660586039018036
83.0, 4.668584019798135
84.0, 4.676589705368401
85.0, 4.684603056227864
86.0, 4.6926240331076725
87.0, 4.700652596969755
88.0, 4.708688709005495
89.0, 4.716732330634387
90.0, 4.7247834235027195
91.0, 4.732841949482255
92.0, 4.740907870668914
93.0, 4.748981149381457
94.0, 4.757061748160196
95.0, 4.765149629765678
96.0, 4.773244757177402
97.0, 4.781347093592521
98.0, 4.7894566024245675
99.0, 4.797573247302165
100.0, 4.805696992067762
101.0, 4.805696992067762
102.0, 4.805696992067762
103.0, 4.805696992067762
104.0, 4.805696992067762
105.0, 4.805696992067762
106.0, 4.805696992067762
107.0, 4.805696992067762
108.0, 4.805696992067762
109.0, 4.805696992067762
110.0, 4.805696992067762
111.0, 4.805696992067762
112.0, 4.805696992067762
113.0, 4.805696992067762
114.0, 4.805696992067762
115.0, 4.805696992067762
116.0, 4.805696992067762
117.0, 4.805696992067762
118.0, 4.805696992067762
119.0, 4.805696992067762
120.0, 4.805696992067762
121.0, 4.805696992067762
122.0, 4.805696992067762
123.0, 4.805696992067762
124.0, 4.805696992067762
125.0, 4.805696992067762
126.0, 4.805696992067762
127.0, 4.805696992067762
128.0, 4.805696992067762
129.0, 4.805696992067762
130.0, 4.805696992067762
131.0, 4.797573247302165
132.0, 4.7894566024245675
133.0, 4.781347093592521
134.0, 4.773244757177402
135.0, 4.765149629765678
136.0, 4.757061748160196
137.0, 4.748981149381457
138.0, 4.740907870668914
139.0, 4.732841949482255
140.0, 4.7247834235027195
141.0, 4.716732330634387
142.0, 4.708688709005495
143.0, 4.70410452069491
144.0, 4.696081858349947
145.0, 4.688066797587597
146.0, 4.680059377463228
147.0, 4.672059637262595
148.0, 4.664067616503176
149.0, 4.656083354935506
150.0, 4.648106892544518
151.0, 4.640138269550895
152.0, 4.550135142867302
153.0, 4.460150164362401
154.0, 4.370184455085222
155.0, 4.2802392300869965
156.0, 4.1903158084544865
157.0, 4.100415624652224
158.0, 4.010540241376621
159.0, 3.92069136416156
160.0, 3.8308708580192947
161.0, 3.741080766454072
162.0, 3.6513233332511548
163.0, 3.5616010275235372
164.0, 3.4719165725964327
165.0, 3.3822729794301707
166.0, 3.2926735854314164
167.0, 3.2031220996884837
168.0, 3.1136226558991362
169.0, 3.0241798745518875
170.0, 2.93479893629216
171.0, 2.8454856026237376
172.0, 2.75624665071858
173.0, 2.6670894000582916
174.0, 2.5780223272223033
175.0, 2.489055112860621
176.0, 2.4001988612417064
177.0, 2.3114663691262884
178.0, 2.222872660031487
179.0, 2.1344347892408804
180.0, 2.0461729633686336
181.0, 1.9581109882262804
182.0, 1.8702770939347286
183.0, 1.8616041389236333
184.0, 1.772113601506391
185.0, 1.6827837645993173
186.0, 1.5936416521046688
187.0, 1.5047206276965484
188.0, 1.4160623413807876
189.0, 1.3277194271030797
190.0, 1.2397593051499036
191.0, 1.1522696418258014
192.0, 1.0653663479806832
193.0, 0.9792055547814177
194.0, 0.894001966881851
195.0, 0.8100576832739758
196.0, 0.7278085729383323
197.0, 0.647900549947761
198.0, 0.5713167786538733
199.0, 0.4995883662466682
200.0, 0.4902798648598928
201.0, 0.42160883958038153
202.0, 0.41262968229107766
203.0, 0.40369852045986737
204.0, 0.3948186112050275
205.0, 0.3859934917907008
206.0, 0.37722700761506917
207.0, 0.36852334317135393
208.0, 0.35988705626723233
209.0, 0.35132311579759024
210.0, 0.3428369433670917
211.0, 0.33443445904898067
212.0, 0.32612213153971736
213.0, 0.31790703291868755
214.0, 0.3097968981394887
215.0, 0.3018001892528639
216.0, 0.29392616417701
217.0, 0.28618494957122964
218.0, 0.27858761701284274
219.0, 0.27114626120090957
220.0, 0.263874078287542
221.0, 0.25678544164243094
222.0, 0.24989597136694144
223.0, 0.24322259267980548
224.0, 0.23678357690700674
225.0, 0.2305985572686799
226.0, 0.2246885100632593
227.0, 0.21907569037441957
228.0, 0.2137835103326264
229.0, 0.20883634761645845
230.0, 0.20425927273921934
231.0, 0.20425927273921934
232.0, 0.20425927273921934
233.0, 0.20425927273921934
234.0, 0.20425927273921934
235.0, 0.20425927273921934
236.0, 0.20425927273921934
237.0, 0.20425927273921934
238.0, 0.20425927273921934
239.0, 0.20425927273921934
240.0, 0.20425927273921934
241.0, 0.20425927273921934
242.0, 0.20425927273921934
243.0, 0.20425927273921934
244.0, 0.20425927273921934
245.0, 0.20425927273921934
246.0, 0.20425927273921934
247.0, 0.20425927273921934
248.0, 0.20425927273921934
249.0, 0.20425927273921934
250.0, 0.20425927273921934
251.0, 0.20425927273921934
252.0, 0.20425927273921934
253.0, 0.20425927273921934
254.0, 0.20425927273921934
255.0, 0.20425927273921934
256.0, 0.20425927273921934
257.0, 0.20425927273921934
258.0, 0.20425927273921934
259.0, 0.20425927273921934
260.0, 0.20425927273921934
261.0, 0.20883634761645845
262.0, 0.2137835103326264
263.0, 0.21907569037441957
264.0, 0.2246885100632593
265.0, 0.2305985572686799
266.0, 0.23678357690700674
267.0, 0.24322259267980548
268.0, 0.24989597136694144
269.0, 0.25678544164243094
270.0, 0.263874078287542
271.0, 0.27114626120090957
272.0, 0.27858761701284274
273.0, 0.28618494957122964
274.0, 0.29392616417701
275.0, 0.3018001892528639
276.0, 0.3097968981394887
277.0, 0.31790703291868755
278.0, 0.32612213153971736
279.0, 0.33443445904898067
280.0, 0.3428369433670917
281.0, 0.35132311579759024
282.0, 0.35988705626723233
ee_dist
0.0, 1.394122847936185
1.0, 1.4537464746150095
2.0, 1.5617857772774295
3.0, 1.6538352466482054
4.0, 1.6856592858374666
5.0, 1.7114824715982047
6.0, 1.7438380258518045
7.0, 1.7774158976171592
8.0, 1.8124037934534507
9.0, 1.845650207638231
10.0, 1.883051125055238
11.0, 1.9168075739720996
12.0, 1.9472285704627368
13.0, 1.9827662197281612
14.0, 2.008684571215693
15.0, 2.035189584447636
16.0, 2.0601507533450074
17.0, 2.0875912619458936
18.0, 2.1089878532431188
19.0, 2.1282073646923854
20.0, 2.147390388813329
21.0, 2.1176961737674955
22.0, 2.07675947128488
23.0, 2.0326069761693253
24.0, 1.984806999407582
25.0, 1.9336473350283878
26.0, 1.8792748879714944
27.0, 1.822039084672219
28.0, 1.7621535713322782
29.0, 1.7000835160300927
30.0, 1.63613732791529
31.0, 1.5709236944515528
32.0, 1.5048873077478284
33.0, 1.4388177578062757
34.0, 1.3733583407482937
35.0, 1.3095431650094662
36.0, 1.248302569316258
37.0, 1.1909704762958453
38.0, 1.1387974425527363
39.0, 1.0933197782366153
40.0, 1.0560070584436505
41.0, 1.0562457727762284
42.0, 0.9512910742227044
43.0, 0.7753541058603035
44.0, 0.7286386180038853
45.0, 0.6810714314771967
46.0, 0.6325463005743968
47.0, 0.5829130229338498
48.0, 0.5329095534169643
49.0, 0.4828175421955128
50.0, 0.433921716898708
51.0, 0.3877853123903373
52.0, 0.3463358423412347
53.0, 0.31157381357354486
54.0, 0.2867299871282729
55.0, 0.27486507456429926
56.0, 0.27859544590412333
57.0, 0.2706261043674785
58.0, 0.28059909593567123
59.0, 0.31387576953555774
60.0, 0.37066388559167013
61.0, 0.4448967326642998
62.0, 0.5272024077137453
63.0, 0.6094227689246675
64.0, 0.6791440934349542
65.0, 0.7404122805747008
66.0, 0.8014589963032176
67.0, 0.8568275085064674
68.0, 0.9101884370106843
69.0, 0.9615312620222686
70.0, 1.012267239124679
71.0, 1.062141887000708
72.0, 1.1193032791915447
73.0, 1.180589845257944
74.0, 1.2512564917292945
75.0, 1.3326262449528443
76.0, 1.423325500256615
77.0, 1.5192880749843618
78.0, 1.6167115716229834
79.0, 1.709390167832602
80.0, 1.790850616939555
81.0, 1.8561729386903634
82.0, 1.920498153674452
83.0, 1.9812913224225452
84.0, 2.0406690485199923
85.0, 2.098787228550402
86.0, 2.157232001301306
87.0, 2.2143740787682984
88.0, 2.2575567987396856
89.0, 2.3035040405086145
90.0, 2.352361863380169
91.0, 2.419998279972574
92.0, 2.519991033287545
93.0, 2.6234591083052807
94.0, 2.7312532342379687
95.0, 2.831625898442006
96.0, 2.9253854319284542
97.0, 2.997907268100408
98.0, 3.0680165572511386
99.0, 3.133864756584838
100.0, 3.2000339838910627
101.0, 3.2614941906051462
102.0, 3.325470504370834
103.0, 3.3858910626142897
104.0, 3.455803491481281
105.0, 3.5274602142781717
106.0, 3.6066757183840252
107.0, 3.694684025899104
108.0, 3.794284560198516
109.0, 3.898033699352181
110.0, 4.006989103772112
111.0, 4.108772121634031
112.0, 4.207509960531933
113.0, 4.282584684877307
114.0, 4.352139519124869
115.0, 4.425474062915595
116.0, 4.483452267584173
117.0, 4.526651766280472
118.0, 4.5710417791736795
119.0, 4.611729160399346
120.0, 4.6545909628906
121.0, 4.69313333857102
122.0, 4.733337124732335
123.0, 4.768765308631773
124.0, 4.805389176306883
125.0, 4.836844656929129
126.0, 4.869088550605489
127.0, 4.89583645410529
128.0, 4.923023872497597
129.0, 4.944459133608334
130.0, 4.966040777923699
131.0, 4.981681288569973
132.0, 4.997241593290012
133.0, 5.006738169320548
134.0, 5.0159882693035795
135.0, 5.019120680359079
136.0, 5.02190260907759
137.0, 5.018577801033775
138.0, 5.014864720121742
139.0, 5.005122792967811
140.0, 4.995017833887542
141.0, 4.979025788263986
142.0, 4.962761440106897
143.0, 4.359034402075774
144.0, 4.327215865412924
145.0, 4.328723860635096
146.0, 4.314822286875605
147.0, 4.306320106469014
148.0, 4.298728721475278
149.0, 4.295660639536949
150.0, 4.2935755785335115
151.0, 4.296128485690035
152.0, 4.212051697684048
153.0, 4.129839829787349
154.0, 4.045774962935459
155.0, 3.9635813702426224
156.0, 3.8795318505686787
157.0, 3.7973589217489945
158.0, 3.7133266467406636
159.0, 3.6311772257250943
160.0, 3.5471650671109116
161.0, 3.465042145580354
162.0, 3.381052933344096
163.0, 3.298960718806018
164.0, 3.2149983382388467
165.0, 3.1329414891152743
166.0, 3.049010668492961
167.0, 2.966994891502199
168.0, 2.883101263259188
169.0, 2.8011338408933892
170.0, 2.7172845872146296
171.0, 2.635374476341013
172.0, 2.551578712014825
173.0, 2.4697373240636638
174.0, 2.3860070562228746
175.0, 2.303640762139475
176.0, 2.2205686939914324
177.0, 2.1389498227453263
178.0, 2.0553940932375347
179.0, 1.9738673340863908
180.0, 1.8904469454291626
181.0, 1.8090825675791886
182.0, 1.7258296772174657
183.0, 1.7339614813784074
184.0, 1.652500901518494
185.0, 1.5733176430792901
186.0, 1.4924881249569297
187.0, 1.4140634344472496
188.0, 1.3341056803573947
189.0, 1.2567329078374254
190.0, 1.1780112441808677
191.0, 1.102150362465111
192.0, 1.0252507680220544
193.0, 0.9516558496442634
194.0, 0.877566604351682
195.0, 0.8075381759904722
196.0, 0.7380126633373106
197.0, 0.6739010090818957
198.0, 0.5985470947058376
199.0, 0.5584685928823078
200.0, 0.5737560199358496
201.0, 0.5389127720771358
202.0, 0.5163808933792926
203.0, 0.4921299511795474
204.0, 0.4683088386944741
205.0, 0.4494440751878876
206.0, 0.4315310280418464
207.0, 0.4198739618157114
208.0, 0.4099023652011324
209.0, 0.40712507829995076
210.0, 0.4064733645832369
211.0, 0.41311755552913687
212.0, 0.42309284997442975
213.0, 0.4424846984291276
214.0, 0.4608098835955818
215.0, 0.48748566688085687
216.0, 0.5121115557701528
217.0, 0.5468103685940588
218.0, 0.5459238126463302
219.0, 0.5454590765493509
220.0, 0.5528212249119734
221.0, 0.5533468141414836
222.0, 0.512037349478832
223.0, 0.50096811599995
224.0, 0.5129132561880712
225.0, 0.46623590192282743
226.0, 0.4966726420120132
227.0, 0.5088654459003613
228.0, 0.4769628845457627
229.0, 0.5095343970422876
230.0, 0.5120032902807234
231.0, 0.514974254199761
232.0, 0.5039100919353675
233.0, 0.4922124792981047
234.0, 0.5055592231597973
235.0, 0.5427282941065328
236.0, 0.547000556029432
237.0, 0.6184818343743597
238.0, 0.516911568963496
239.0, 0.5371657932076551
240.0, 0.5258455773869462
241.0, 0.5238383800667474
242.0, 0.5230224697741505
243.0, 0.5108720088658179
244.0, 0.4692991596541815
245.0, 0.43308662879410414
246.0, 0.43881724989461357
247.0, 0.4575745018732752
248.0, 0.478256336183489
249.0, 0.4967029560231541
250.0, 0.5140668295042232
251.0, 0.5369637898938968
252.0, 0.5594678383637212
253.0, 0.5698049678519903
254.0, 0.6054239895930537
255.0, 0.6321374929264512
256.0, 0.6558011222317887
257.0, 0.6495267328987477
258.0, 0.6579196043191701
259.0, 0.6772394227133448
260.0, 0.685777720538234
261.0, 0.7053817844324302
262.0, 0.7314164767272872
263.0, 0.7164774659176817
264.0, 0.6958608659153521
265.0, 0.6694905494301081
266.0, 0.6486863906220786
267.0, 0.62583734415579
268.0, 0.6023727041520766
269.0, 0.5775326709328543
270.0, 0.5527365928634529
271.0, 0.527926714971665
272.0, 0.5045951601531184
273.0, 0.4796785834929133
274.0, 0.4623226619972602
275.0, 0.44757188601415343
276.0, 0.43618391081878083
277.0, 0.42735065928293825
278.0, 0.3996921328745839
279.0, 0.37278014830995587
280.0, 0.34800795596937023
281.0, 0.32337367299165864
282.0, 0.299232449993015
ee_box_dist
0.0, 0.5575707657653017
1.0, 0.613147673732866
2.0, 0.643669054619358
3.0, 0.6829850393465733
4.0, 0.7215914679964378
5.0, 0.7593088885288988
6.0, 0.7975661661888243
7.0, 0.8340325932988084
8.0, 0.8685607790639858
9.0, 0.900194600470691
10.0, 0.9347090773206512
11.0, 0.9650106462915947
12.0, 0.9915569962529335
13.0, 1.0227306984263254
14.0, 1.0446581099994867
15.0, 1.0670897416995868
16.0, 1.087893334531548
17.0, 1.1110065797595232
18.0, 1.1287440578766348
19.0, 1.144483369467692
20.0, 1.1602823450134405
21.0, 1.140379148687529
22.0, 1.113082159030544
23.0, 1.0831585098920848
24.0, 1.0502245846078708
25.0, 1.0144508344242587
26.0, 0.975809033946529
27.0, 0.9344916322371827
28.0, 0.890465109428312
29.0, 0.8439590515063428
30.0, 0.7949369833414888
31.0, 0.7436717544690897
32.0, 0.690129642136158
33.0, 0.6346395843258325
34.0, 0.5771889868807135
35.0, 0.5181480599378655
36.0, 0.4575145840365608
37.0, 0.3956942501024078
38.0, 0.33285253714289836
39.0, 0.2697110973060497
40.0, 0.2070390363503972
41.0, 0.08025340332550794
42.0, 0.08290185061703789
43.0, 0.08302858005835495
44.0, 0.08297737647886301
45.0, 0.08303003543992653
46.0, 0.08298390890810392
47.0, 0.08302941075315312
48.0, 0.08298907921650843
49.0, 0.0830283848402698
50.0, 0.08299337014618302
51.0, 0.083026937355386
52.0, 0.08299690502761438
53.0, 0.08302512434587032
54.0, 0.08299957313525068
55.0, 0.08302304637147413
56.0, 0.08300183401483063
57.0, 0.08302113659597535
58.0, 0.08300334757409635
59.0, 0.08301914034402252
60.0, 0.08300442208645396
61.0, 0.08301652575015882
62.0, 0.08300543362170287
63.0, 0.08301432413965845
64.0, 0.0830060165454796
65.0, 0.08301189314713141
66.0, 0.08300621814745793
67.0, 0.08300971760762513
68.0, 0.08300652312720055
69.0, 0.08300776516162187
70.0, 0.0830072087140388
71.0, 0.08300631042526495
72.0, 0.08300774806720271
73.0, 0.08300545931468016
74.0, 0.08300897415448678
75.0, 0.08300503207088539
76.0, 0.08301032439806415
77.0, 0.08300561635104932
78.0, 0.08301261216549113
79.0, 0.08300705285182246
80.0, 0.08301551366640775
81.0, 0.0830093485688658
82.0, 0.08301873171330863
83.0, 0.08301266233749842
84.0, 0.0830232241458392
85.0, 0.08301708094082373
86.0, 0.08876280248302927
87.0, 0.12455164551518683
88.0, 0.13506216666655393
89.0, 0.13331044268686565
90.0, 0.12889338324062194
91.0, 0.11566662462296422
92.0, 0.11521247120901479
93.0, 0.11675581962159058
94.0, 0.11529134981995155
95.0, 0.11674798021403521
96.0, 0.11529146364037215
97.0, 0.1167480890353996
98.0, 0.11529152807414564
99.0, 0.1167480890353996
100.0, 0.1152915084807016
101.0, 0.1167480890353996
102.0, 0.1152915084807016
103.0, 0.1167480890353996
104.0, 0.1152915084807016
105.0, 0.1167480890353996
106.0, 0.1152915084807016
107.0, 0.1167480890353996
108.0, 0.1152915084807016
109.0, 0.1167480890353996
110.0, 0.1152915084807016
111.0, 0.1167480890353996
112.0, 0.1152915084807016
113.0, 0.1167480890353996
114.0, 0.11529152807414564
115.0, 0.08219681717680175
116.0, 0.11228945640540987
117.0, 0.11663503445478261
118.0, 0.11529082004756427
119.0, 0.11674831663730484
120.0, 0.11529138526660931
121.0, 0.11674800496593932
122.0, 0.11529146364037215
123.0, 0.1167480890353996
124.0, 0.1152915084807016
125.0, 0.1167480890353996
126.0, 0.1152915084807016
127.0, 0.1167480890353996
128.0, 0.1152915084807016
129.0, 0.1167480890353996
130.0, 0.1152915084807016
131.0, 0.1167480890353996
132.0, 0.1152915084807016
133.0, 0.1167481285804365
134.0, 0.1152915084807016
135.0, 0.1167480890353996
136.0, 0.11529152807414564
137.0, 0.1167480890353996
138.0, 0.1152915084807016
139.0, 0.1167480890353996
140.0, 0.1152915084807016
141.0, 0.1167480890353996
142.0, 0.1152915084807016
143.0, 0.11233592557090538
144.0, 0.09051994913084946
145.0, 0.11203795496974468
146.0, 0.11136549516314734
147.0, 0.11258811853792446
148.0, 0.11137181898655427
149.0, 0.11258555711284017
150.0, 0.11137121031752431
151.0, 0.11258458845605497
152.0, 0.1113709470622998
153.0, 0.11258496949325769
154.0, 0.11137097565768173
155.0, 0.11258490868418418
156.0, 0.111370775778867
157.0, 0.1125849982904857
158.0, 0.11137071489341165
159.0, 0.11258490868418418
160.0, 0.11137098703105029
161.0, 0.1125849982904857
162.0, 0.111370775778867
163.0, 0.11258490868418418
164.0, 0.1113708975500606
165.0, 0.11258496949325769
166.0, 0.11137104791673964
167.0, 0.11258496949325769
168.0, 0.11137083666441665
169.0, 0.11258496949325769
170.0, 0.11137095843579889
171.0, 0.11258496949325769
172.0, 0.11137093660355901
173.0, 0.11258486981739202
174.0, 0.111371058374832
175.0, 0.1097649148522874
176.0, 0.11132414783282941
177.0, 0.11259960885412668
178.0, 0.1113704827267191
179.0, 0.1125851011818375
180.0, 0.1113711373977361
181.0, 0.11258506916954004
182.0, 0.11137082620681388
183.0, 0.11258356075964265
184.0, 0.11137024201046339
185.0, 0.11258428962156632
186.0, 0.11137011203353787
187.0, 0.11258442236743611
188.0, 0.1113699990049193
189.0, 0.11258442236743611
190.0, 0.11136988927644564
191.0, 0.11258462142873642
192.0, 0.11137011203353787
193.0, 0.11258442236743611
194.0, 0.11137011203353787
195.0, 0.11258442236743611
196.0, 0.11136988927644564
197.0, 0.11258451197374603
198.0, 0.1126189002981358
199.0, 0.11271893268143089
200.0, 0.11096161543592231
201.0, 0.1114680920728387
202.0, 0.11154930894404624
203.0, 0.11259194397973905
204.0, 0.11137072496044263
205.0, 0.11258598639617047
206.0, 0.11137156960630834
207.0, 0.11258656249013857
208.0, 0.11137256309320218
209.0, 0.11258624393347409
210.0, 0.11137203964762553
211.0, 0.11258701820090014
212.0, 0.11164327608332603
213.0, 0.11292444873282899
214.0, 0.11173851995506315
215.0, 0.11054239066622146
216.0, 0.10922190156652725
217.0, 0.10692532960824187
218.0, 0.10591630745521297
219.0, 0.10730232718987386
220.0, 0.10384074174024584
221.0, 0.09620477379250986
222.0, 0.12303242827154305
223.0, 0.10400830398881437
224.0, 0.10411792600309763
225.0, 0.04687788957023683
226.0, 0.11198134751620632
227.0, 0.11653484643501809
228.0, 0.07449241672524116
229.0, 0.11521884191189234
230.0, 0.11513273938668349
231.0, 0.11729305969080736
232.0, 0.1143051870508072
233.0, 0.10609943842853031
234.0, 0.10880341595832903
235.0, 0.11355532208474083
236.0, 0.1089079048877412
237.0, 0.1030502209096905
238.0, 0.11339549177511106
239.0, 0.11300434070573247
240.0, 0.11420404113339079
241.0, 0.11678100377190405
242.0, 0.11529061569079237
243.0, 0.07788078824529712
244.0, 0.07124833791061705
245.0, 0.08234955044666095
246.0, 0.08062391684617995
247.0, 0.08198867474804844
248.0, 0.08263127788832052
249.0, 0.08158452700144292
250.0, 0.082959007437499
251.0, 0.08306848060186402
252.0, 0.08301246707461683
253.0, 0.07162921297190777
254.0, 0.08262369981450583
255.0, 0.08278374107139674
256.0, 0.08431561895784502
257.0, 0.08615048807000773
258.0, 0.0768978612381503
259.0, 0.07490107715728914
260.0, 0.07406130417036048
261.0, 0.08162841098614233
262.0, 0.08154330178506179
263.0, 0.08010913111226947
264.0, 0.08007391824491887
265.0, 0.08032267070577546
266.0, 0.08073496336225146
267.0, 0.08081253599700627
268.0, 0.08111494429573199
269.0, 0.0816129729829001
270.0, 0.08170778303998728
271.0, 0.08180542674498169
272.0, 0.08206055476654865
273.0, 0.08205967298579582
274.0, 0.08229592614863812
275.0, 0.08235293242758594
276.0, 0.0823930109170257
277.0, 0.08242473343701878
278.0, 0.08238541036588252
279.0, 0.08233930642661631
280.0, 0.08223193969099803
281.0, 0.08207740753711927
282.0, 0.08193377180790934
spot_hold
0, 0
1, 0
2, 0
3, 0
4, 0
5, 0
6, 0
7, 0
8, 0
9, 0
10, 0
11, 0
12, 0
13, 0
14, 0
15, 0
16, 0
17, 0
18, 0
19, 0
20, 0
21, 0
22, 0
23, 0
24, 0
25, 0
26, 0
27, 0
28, 0
29, 0
30, 0
31, 0
32, 0
33, 0
34, 0
35, 0
36, 0
37, 0
38, 0
39, 0
40, 0
41, 1
42, 1
43, 1
44, 1
45, 1
46, 1
47, 1
48, 1
49, 1
50, 1
51, 1
52, 1
53, 1
54, 1
55, 1
56, 1
57, 1
58, 1
59, 1
60, 1
61, 1
62, 1
63, 1
64, 1
65, 1
66, 1
67, 1
68, 1
69, 1
70, 1
71, 1
72, 1
73, 1
74, 1
75, 1
76, 1
77, 1
78, 1
79, 1
80, 1
81, 1
82, 1
83, 1
84, 1
85, 1
86, 1
87, 1
88, 1
89, 1
90, 1
91, 1
92, 1
93, 1
94, 1
95, 1
96, 1
97, 1
98, 1
99, 1
100, 1
101, 1
102, 1
103, 1
104, 1
105, 1
106, 1
107, 1
108, 1
109, 1
110, 1
111, 1
112, 1
113, 1
114, 1
115, 1
116, 1
117, 1
118, 1
119, 1
120, 1
121, 1
122, 1
123, 1
124, 1
125, 1
126, 1
127, 1
128, 1
129, 1
130, 1
131, 1
132, 1
133, 1
134, 1
135, 1
136, 1
137, 1
138, 1
139, 1
140, 1
141, 1
142, 1
143, 1
144, 1
145, 1
146, 1
147, 1
148, 1
149, 1
150, 1
151, 1
152, 1
153, 1
154, 1
155, 1
156, 1
157, 1
158, 1
159, 1
160, 1
161, 1
162, 1
163, 1
164, 1
165, 1
166, 1
167, 1
168, 1
169, 1
170, 1
171, 1
172, 1
173, 1
174, 1
175, 1
176, 1
177, 1
178, 1
179, 1
180, 1
181, 1
182, 1
183, 1
184, 1
185, 1
186, 1
187, 1
188, 1
189, 1
190, 1
191, 1
192, 1
193, 1
194, 1
195, 1
196, 1
197, 1
198, 1
199, 1
200, 1
201, 1
202, 1
203, 1
204, 1
205, 1
206, 1
207, 1
208, 1
209, 1
210, 1
211, 1
212, 1
213, 1
214, 1
215, 1
216, 1
217, 1
218, 1
219, 1
220, 1
221, 1
222, 1
223, 1
224, 1
225, 1
226, 1
227, 1
228, 1
229, 1
230, 1
231, 1
232, 1
233, 1
234, 1
235, 1
236, 1
237, 1
238, 1
239, 1
240, 1
241, 1
242, 1
243, 1
244, 1
245, 1
246, 1
247, 1
248, 1
249, 1
250, 1
251, 1
252, 1
253, 1
254, 1
255, 1
256, 1
257, 1
258, 1
259, 1
260, 1
261, 1
262, 1
263, 1
264, 1
265, 1
266, 1
267, 1
268, 1
269, 1
270, 1
271, 1
272, 1
273, 1
274, 1
275, 1
276, 1
277, 1
278, 1
279, 1
280, 1
281, 1
282, 1
