bot_dist
0.0, 3.0718675968639975
1.0, 3.075994249665569
2.0, 3.080147841328996
3.0, 3.0843282630205042
4.0, 3.0885354057944467
5.0, 3.092769160603493
6.0, 3.0970294183087086
7.0, 3.1013160696895277
8.0, 3.1056290054536135
9.0, 3.109968116246608
10.0, 3.114333292661775
11.0, 3.118724425249523
12.0, 3.1231414045268235
13.0, 3.127584120986511
14.0, 3.132052465106474
15.0, 3.136546327358722
16.0, 3.1410655982183515
17.0, 3.1456101681723876
18.0, 3.1501799277285096
19.0, 3.154774767423668
20.0, 3.159394577832578
21.0, 3.1640392495761036
22.0, 3.168708673329517
23.0, 3.1734027398306504
24.0, 3.178121227098728
25.0, 3.182864137647866
26.0, 3.187631362459091
27.0, 3.1924227926074007
28.0, 3.1972383192693345
29.0, 3.2020778337304194
30.0, 3.206941227392501
31.0, 3.211828391780961
32.0, 3.216739218551818
33.0, 3.2216735994987102
34.0, 3.226631426559768
35.0, 3.231612591824367
36.0, 3.2366169875397692
37.0, 3.2416445061176513
38.0, 3.2466950401405152
39.0, 3.2517684823679898
40.0, 3.2568647257430188
41.0, 3.2619836633979347
42.0, 3.2671251886604225
43.0, 3.272289195059373
44.0, 3.2774755763306263
45.0, 3.2826842264226017
46.0, 3.2879150395018226
47.0, 3.2931679099583295
48.0, 3.298442732410991
49.0, 3.3037394017127
50.0, 3.309057812955468
51.0, 3.314397861475413
52.0, 3.3197594428576425
53.0, 3.325142452941033
54.0, 3.3305467878229047
55.0, 3.335972343863593
56.0, 3.341419017690923
57.0, 3.3468867062045766
58.0, 3.3523753065803654
59.0, 3.3578847162744
60.0, 3.3634148330271643
61.0, 3.36896555486749
62.0, 3.3745367801164377
63.0, 3.3801284073910782
64.0, 3.3857403356081823
65.0, 3.391372463987817
66.0, 3.3970246920568474
67.0, 3.4026969196523473
68.0, 3.408389046924919
69.0, 3.414100974341923
70.0, 3.419832602690622
71.0, 3.425583833081229
72.0, 3.431354566949879
73.0, 3.4371447060615044
74.0, 3.4429541525126344
75.0, 3.4487828087341024
76.0, 3.4546305774936794
77.0, 3.460497361898615
78.0, 3.4663830653981043
79.0, 3.4722875917856775
80.0, 3.4782108452014984
81.0, 3.4841527301346025
82.0, 3.4901131514250388
83.0, 3.4960920142659506
84.0, 3.5020892242055774
85.0, 3.5081046871491766
86.0, 3.514138309360882
87.0, 3.5201899974654802
88.0, 3.526259658450127
89.0, 3.5323471996659856
90.0, 3.5384525288297968
91.0, 3.544575554025385
92.0, 3.5507161837050956
93.0, 3.556874326691165
94.0, 3.5630498921770233
95.0, 3.569242789728545
96.0, 3.575452929285217
97.0, 3.5816802211612644
98.0, 3.587924576046701
99.0, 3.5941859050083274
100.0, 3.600464119490664
101.0, 3.600464119490664
102.0, 3.600464119490664
103.0, 3.600464119490664
104.0, 3.600464119490664
105.0, 3.600464119490664
106.0, 3.600464119490664
107.0, 3.600464119490664
108.0, 3.600464119490664
109.0, 3.600464119490664
110.0, 3.600464119490664
111.0, 3.600464119490664
112.0, 3.600464119490664
113.0, 3.600464119490664
114.0, 3.600464119490664
115.0, 3.600464119490664
116.0, 3.600464119490664
117.0, 3.600464119490664
118.0, 3.600464119490664
119.0, 3.600464119490664
120.0, 3.600464119490664
121.0, 3.600464119490664
122.0, 3.600464119490664
123.0, 3.600464119490664
124.0, 3.600464119490664
125.0, 3.600464119490664
126.0, 3.600464119490664
127.0, 3.600464119490664
128.0, 3.600464119490664
129.0, 3.600464119490664
130.0, 3.600464119490664
131.0, 3.5941859050083274
132.0, 3.587924576046701
133.0, 3.5816802211612644
134.0, 3.575452929285217
135.0, 3.569242789728545
136.0, 3.5630498921770233
137.0, 3.556874326691165
138.0, 3.5507161837050956
139.0, 3.544575554025385
140.0, 3.5384525288297968
141.0, 3.5323471996659856
142.0, 3.526259658450127
143.0, 3.52479816762319
144.0, 3.5187544048344064
145.0, 3.512728711446673
146.0, 3.506721180607407
147.0, 3.500731905821686
148.0, 3.4947609809504563
149.0, 3.4888085002086586
150.0, 3.482874558163286
151.0, 3.3937918946994916
152.0, 3.304751709172458
153.0, 3.2157574818031063
154.0, 3.1268131888545745
155.0, 3.0379232162688123
156.0, 2.9490924759361237
157.0, 2.860326486439781
158.0, 2.7716314690381747
159.0, 2.6830144623211325
160.0, 2.594483459884429
161.0, 2.5060475765498302
162.0, 2.417717250212803
163.0, 2.3295044884588036
164.0, 2.241423171837649
165.0, 2.1534894293865623
166.0, 2.0657221070212834
167.0, 2.0605205017729635
168.0, 1.9742128667499403
169.0, 1.888293400800099
170.0, 1.802817371565097
171.0, 1.71785097327331
172.0, 1.6334737344024621
173.0, 1.5497818875689846
174.0, 1.5455041340332945
175.0, 1.465359357943129
176.0, 1.3865536668592942
177.0, 1.382880775985656
178.0, 1.3792706078645174
179.0, 1.3757236562863022
180.0, 1.3722404114553246
181.0, 1.3138226811468916
182.0, 1.3109123274254193
183.0, 1.3080719485236214
184.0, 1.3053020012439143
185.0, 1.3026029348987673
186.0, 1.2999751909867077
187.0, 1.2974192028691045
188.0, 1.2949353954482083
189.0, 1.292524184846939
190.0, 1.290185978090915
191.0, 1.2879211727932374
192.0, 1.2857301568425374
193.0, 1.2836133080948071
194.0, 1.2815709940695377
195.0, 1.1977110040596342
196.0, 1.113987456293196
197.0, 1.0304336094283444
198.0, 1.0284817212062407
199.0, 0.9462045651040597
200.0, 0.8642470769447039
201.0, 0.7827096804093183
202.0, 0.7017388263597363
203.0, 0.6215559667884406
204.0, 0.5425106101222138
205.0, 0.4651829824438235
206.0, 0.3905946172578097
207.0, 0.3206627601102277
208.0, 0.25918432397451135
209.0, 0.21358823535399324
210.0, 0.19533270894562021
211.0, 0.21161595521446208
212.0, 0.2559282521206233
213.0, 0.3167155512137013
214.0, 0.3862767439836021
215.0, 0.4606543386642888
216.0, 0.5378537983557279
217.0, 0.6168164953768063
218.0, 0.6969433703106431
219.0, 0.6970922908744903
220.0, 0.7776656949403956
221.0, 0.8587224938683683
222.0, 0.9401376639417169
223.0, 0.9404542573287128
224.0, 0.9408770388573583
225.0, 0.9414058654616826
226.0, 0.9420405585523939
227.0, 0.942780904317186
228.0, 0.9436266540787909
229.0, 0.9445775247093885
230.0, 0.9456331990997751
231.0, 0.9456331990997751
232.0, 0.9456331990997751
233.0, 0.9456331990997751
234.0, 0.9456331990997751
235.0, 0.9456331990997751
236.0, 0.9456331990997751
237.0, 0.9456331990997751
238.0, 0.9456331990997751
239.0, 0.9456331990997751
240.0, 0.9456331990997751
241.0, 0.9456331990997751
242.0, 0.9456331990997751
243.0, 0.9456331990997751
244.0, 0.9456331990997751
245.0, 0.9456331990997751
246.0, 0.9456331990997751
247.0, 0.9456331990997751
248.0, 0.9456331990997751
249.0, 0.9456331990997751
250.0, 0.9456331990997751
251.0, 0.9456331990997751
252.0, 0.9456331990997751
253.0, 0.9456331990997751
254.0, 0.9456331990997751
255.0, 0.9456331990997751
256.0, 0.9456331990997751
257.0, 0.9456331990997751
258.0, 0.9456331990997751
259.0, 0.9456331990997751
260.0, 0.9456331990997751
261.0, 0.9445775247093885
262.0, 0.9436266540787909
263.0, 0.942780904317186
264.0, 0.9420405585523939
265.0, 0.9414058654616826
266.0, 0.9408770388573583
267.0, 0.9404542573287128
268.0, 0.9401376639417169
269.0, 0.9399273659976365
270.0, 0.9398234348515149
271.0, 0.9398259057912386
272.0, 0.9399347779776653
273.0, 0.9401500144460468
274.0, 0.940471542168746
275.0, 0.9408992521789964
276.0, 0.9414329997552182
277.0, 0.942072604665161
278.0, 0.94281785146892
279.0, 0.9436684898796392
280.0, 0.9446242351805005
281.0, 0.945684768696393
282.0, 0.9468497383184584
ee_dist
0.0, 1.1275498234304027
1.0, 1.1661806624183146
2.0, 1.2621370455039052
3.0, 1.3481280474640955
4.0, 1.377754072486345
5.0, 1.40337197132593
6.0, 1.4367999074255962
7.0, 1.4707709297704155
8.0, 1.5057027478609946
9.0, 1.5399920839737462
10.0, 1.5739678497910434
11.0, 1.6059024293938946
12.0, 1.6367417750271755
13.0, 1.6649145378972854
14.0, 1.692437525623105
15.0, 1.7170510257866345
16.0, 1.7412933205455092
17.0, 1.7625100480770015
18.0, 1.7837942778924467
19.0, 1.8021538196060285
20.0, 1.8210038320893347
21.0, 1.794774428090618
22.0, 1.7575264322671362
23.0, 1.7172627875707334
24.0, 1.6734952160444765
25.0, 1.6264503583437662
26.0, 1.5762014669724893
27.0, 1.5230189259026792
28.0, 1.4670226718225787
29.0, 1.4085787365742284
30.0, 1.3478763823741087
31.0, 1.285404050885494
32.0, 1.2214615420664523
33.0, 1.156698659833317
34.0, 1.091599699870833
35.0, 1.0270745482939985
36.0, 0.9637542796355503
37.0, 0.9033422004586911
38.0, 0.8509366285347572
39.0, 0.7975800865441153
40.0, 0.753550280117024
41.0, 0.7538993320966222
42.0, 0.7493569092085406
43.0, 0.9541577195779165
44.0, 0.9119441685333847
45.0, 0.8679489017701033
46.0, 0.8226921280497225
47.0, 0.7751857270669942
48.0, 0.7251075874608527
49.0, 0.6732916980151692
50.0, 0.6200962152776129
51.0, 0.5662194830075115
52.0, 0.5120604691364886
53.0, 0.4577860887620199
54.0, 0.4040188350180484
55.0, 0.35144062289023087
56.0, 0.302233877297002
57.0, 0.25822145222063636
58.0, 0.2887051092965963
59.0, 0.3503567739819289
60.0, 0.4251530833184189
61.0, 0.5113451305601363
62.0, 0.6029424883560208
63.0, 0.6940759123554998
64.0, 0.7800118621490988
65.0, 0.8474808433539927
66.0, 0.9060904247157715
67.0, 0.9652847040394607
68.0, 1.0192478749810698
69.0, 1.0721705500996088
70.0, 1.1247498160280192
71.0, 1.1754766172629487
72.0, 1.2298295714540601
73.0, 1.2899588008498595
74.0, 1.3546572445541294
75.0, 1.4304428889431364
76.0, 1.5155109014130617
77.0, 1.6099689503298191
78.0, 1.708902730792761
79.0, 1.807215754950499
80.0, 1.9005041467184922
81.0, 1.9789735079149193
82.0, 2.042869075311904
83.0, 2.1058435835095017
84.0, 2.1659844956270575
85.0, 2.2250876535350277
86.0, 2.2838912119885877
87.0, 2.3410140396538077
88.0, 2.377190835889171
89.0, 2.4174920844323524
90.0, 2.459602552934466
91.0, 2.5153090602753707
92.0, 2.6079145636236225
93.0, 2.709432953695362
94.0, 2.8165534631362403
95.0, 2.924154224870553
96.0, 3.0242495851024116
97.0, 3.115153409416446
98.0, 3.187710296850937
99.0, 3.2560855919116154
100.0, 3.3207504479844263
101.0, 3.3858218685525174
102.0, 3.4477244000162166
103.0, 3.5109459100196414
104.0, 3.5746239546091174
105.0, 3.6447151316292983
106.0, 3.717416362094242
107.0, 3.799039624146849
108.0, 3.8902853452949318
109.0, 3.9906154803928464
110.0, 4.095554815500533
111.0, 4.204638103459602
112.0, 4.307943457165824
113.0, 4.403174385667735
114.0, 4.476799389927662
115.0, 4.545229703439365
116.0, 4.6111486243573205
117.0, 4.6760945791281765
118.0, 4.739253970371486
119.0, 4.803351427352006
120.0, 4.843983351891209
121.0, 4.886364211277065
122.0, 4.930236411834369
123.0, 4.968230087984836
124.0, 5.006026306905215
125.0, 5.044572981395741
126.0, 5.0800380166721135
127.0, 5.114932382407451
128.0, 5.146298381682455
129.0, 5.176922691115749
130.0, 5.204325328321989
131.0, 5.230134800141925
132.0, 5.251231453531668
133.0, 5.271510954241835
134.0, 5.288524665874098
135.0, 5.302629935703026
136.0, 5.312091479536585
137.0, 5.320287989035582
138.0, 5.325024707135212
139.0, 5.326922558558681
140.0, 5.323700950493847
141.0, 5.319326716269147
142.0, 5.311232180091476
143.0, 4.633324681716072
144.0, 4.6227757124413875
145.0, 4.6136479388896765
146.0, 4.608381249082647
147.0, 4.6048288389974035
148.0, 4.604995490824118
149.0, 4.607158081287332
150.0, 4.612391035611142
151.0, 4.53002330948303
152.0, 4.4486142258392976
153.0, 4.36633005194039
154.0, 4.284772344912214
155.0, 4.202669295108402
156.0, 4.121096653871187
157.0, 4.039097880808369
158.0, 3.957937143707289
159.0, 3.8760971699062443
160.0, 3.7945727691682776
161.0, 3.712838540981174
162.0, 3.6321110828045167
163.0, 3.5505384484161757
164.0, 3.4698078396231145
165.0, 3.388541834264904
166.0, 3.3076474744232596
167.0, 3.3173749187216193
168.0, 3.239367255644062
169.0, 3.160747186985134
170.0, 3.0829705414085056
171.0, 3.004959255136168
172.0, 2.92774279282853
173.0, 2.8503703119423776
174.0, 2.864964229902023
175.0, 2.791344370648563
176.0, 2.7186381332048692
177.0, 2.7359408055084207
178.0, 2.7561417568508886
179.0, 2.777906639683392
180.0, 2.8016697746249064
181.0, 2.7491350882637904
182.0, 2.7273440835776324
183.0, 2.702481560886844
184.0, 2.682436998434426
185.0, 2.6521808277181393
186.0, 2.6495641529012315
187.0, 2.6350255287861173
188.0, 2.6250614632637324
189.0, 2.617150695706623
190.0, 2.612376010208139
191.0, 2.6102425689183053
192.0, 2.611970188558513
193.0, 2.615722082434172
194.0, 2.6230456677004335
195.0, 2.5439280301287406
196.0, 2.465486644127083
197.0, 2.386950242389217
198.0, 2.398196601991779
199.0, 2.3232383293156076
200.0, 2.2491241141734943
201.0, 2.175394759347774
202.0, 2.103182989185362
203.0, 2.0310050089438314
204.0, 1.9682629326368004
205.0, 1.8846858162983753
206.0, 1.791084397118459
207.0, 1.7238209120652315
208.0, 1.64054585764069
209.0, 1.610289874800171
210.0, 1.5505367933583099
211.0, 1.4977081991152545
212.0, 1.4409736484547395
213.0, 1.3845165469011755
214.0, 1.3316255350176602
215.0, 1.2815354342756933
216.0, 1.2351941551375658
217.0, 1.1927717491347911
218.0, 1.155112291492721
219.0, 1.1828879375490138
220.0, 1.1572428212075518
221.0, 1.1371698051177428
222.0, 1.122977931054729
223.0, 1.0930293165022242
224.0, 1.0637772659444518
225.0, 1.035546423493165
226.0, 1.0088586235032526
227.0, 0.9835777062359847
228.0, 0.96020280716675
229.0, 0.9390078442425982
230.0, 0.9209450145247431
231.0, 0.905111806963219
232.0, 0.892858088949912
233.0, 0.8835281014812175
234.0, 0.8778530352703977
235.0, 0.8755610427405961
236.0, 0.8775896390154747
237.0, 0.8825735451784655
238.0, 0.8819897085429861
239.0, 0.8812794566724494
240.0, 0.8826923371090815
241.0, 0.8821068499146189
242.0, 0.8816196511577141
243.0, 0.9019500968954545
244.0, 0.9211188781998377
245.0, 0.94026764450592
246.0, 0.9599271757650442
247.0, 0.9800520574182163
248.0, 1.001132046791184
249.0, 1.0224781338473268
250.0, 1.0449006903561064
251.0, 1.0674593541275001
252.0, 1.0910357830137147
253.0, 1.1145941583157242
254.0, 1.1388368049439799
255.0, 1.1628906649457353
256.0, 1.1874431157526046
257.0, 1.2115556680689727
258.0, 1.2359066404428904
259.0, 1.2595780565774826
260.0, 1.2832443298135792
261.0, 1.3060676896461327
262.0, 1.328688726855035
263.0, 1.30066405819041
264.0, 1.2638402896190408
265.0, 1.2251312887530825
266.0, 1.1840174658222573
267.0, 1.1408460838433907
268.0, 1.095489388000808
269.0, 1.0483327112754657
270.0, 0.9992321428964303
271.0, 0.9486538034030577
272.0, 0.8964533006281011
273.0, 0.8430258436415974
274.0, 0.7898584560149697
275.0, 0.7348295999467712
276.0, 0.6794692010232214
277.0, 0.6226177885932813
278.0, 0.5679127995155575
279.0, 0.515103736128793
280.0, 0.46487815834284174
281.0, 0.41685718019879053
282.0, 0.3777380714544705
ee_box_dist
0.0, 0.5575707657653017
1.0, 0.613147673732866
2.0, 0.643669054619358
3.0, 0.6829850393465733
4.0, 0.7215914679964378
5.0, 0.7593088885288988
6.0, 0.7975661661888243
7.0, 0.8326245027208131
8.0, 0.865973971332361
9.0, 0.8976440300372465
10.0, 0.9279010964529412
11.0, 0.9558745211718852
12.0, 0.98242303033058
13.0, 1.0064762549529596
14.0, 1.029736223710608
15.0, 1.0504399874689818
16.0, 1.070748256359969
17.0, 1.0884137271887655
18.0, 1.106170080346277
19.0, 1.121378325185592
20.0, 1.1371040409178221
21.0, 1.1182623752749916
22.0, 1.091683008085559
23.0, 1.0625777458262649
24.0, 1.030542631505886
25.0, 0.9957425893757532
26.0, 0.9581462043177361
27.0, 0.9179310121272798
28.0, 0.8750611197783238
29.0, 0.8297562744780193
30.0, 0.7819751886682543
31.0, 0.7319806198615463
32.0, 0.679735159893669
33.0, 0.625555757463626
34.0, 0.5694287148701368
35.0, 0.5117137510050552
36.0, 0.45290433941144503
37.0, 0.3923861891819433
38.0, 0.33650136315519275
39.0, 0.27320140383119557
40.0, 0.21186597686224878
41.0, 0.08025024553619207
42.0, 0.08220503102186644
43.0, 0.08281566769575262
44.0, 0.08291430958421081
45.0, 0.08297016684411572
46.0, 0.082681339934333
47.0, 0.08294589575058159
48.0, 0.08290854137685151
49.0, 0.08294733831569831
50.0, 0.08291584756607791
51.0, 0.08294926180377514
52.0, 0.08292246804819192
53.0, 0.0829505609368696
54.0, 0.08292807081533884
55.0, 0.08295152913481013
56.0, 0.08293316664410347
57.0, 0.08295233162155999
58.0, 0.08293770207923443
59.0, 0.08295338424227842
60.0, 0.08294193482000677
61.0, 0.08295401759317651
62.0, 0.0829459491781487
63.0, 0.08295521565829428
64.0, 0.08294945842334149
65.0, 0.08295602190941805
66.0, 0.0829531175572599
67.0, 0.0829569996282895
68.0, 0.08295657081059091
69.0, 0.08295835047930139
70.0, 0.0829606061663228
71.0, 0.0829602410160914
72.0, 0.08296451268012353
73.0, 0.08296274526054119
74.0, 0.08296894771392099
75.0, 0.08296574995864818
76.0, 0.08297362764623524
77.0, 0.08296953419200723
78.0, 0.08297866514870438
79.0, 0.08297404951300856
80.0, 0.08298464020679401
81.0, 0.08297984311545317
82.0, 0.08299152090035773
83.0, 0.08298616977546028
84.0, 0.08299872640449465
85.0, 0.08299383740533633
86.0, 0.09028780546291436
87.0, 0.12604667040453887
88.0, 0.1355761848208619
89.0, 0.1336787123521887
90.0, 0.12756699515901607
91.0, 0.1250642454949811
92.0, 0.12467890253312762
93.0, 0.1252153583782276
94.0, 0.12404522128030754
95.0, 0.12473926297016415
96.0, 0.12456077300513438
97.0, 0.1251565740401602
98.0, 0.12399570088678946
99.0, 0.12485891342598143
100.0, 0.12473237710008513
101.0, 0.08848352309985076
102.0, 0.12316545544670418
103.0, 0.1252197708222096
104.0, 0.12405873452039601
105.0, 0.12470597287509957
106.0, 0.12451686609066952
107.0, 0.12514238368048522
108.0, 0.12405159433980191
109.0, 0.12473055413590085
110.0, 0.12454953218162663
111.0, 0.12514828269341027
112.0, 0.12400083082401046
113.0, 0.12484685748399411
114.0, 0.12471658657834835
115.0, 0.08848781303245064
116.0, 0.12316540873662281
117.0, 0.12521975215146422
118.0, 0.12405890403812385
119.0, 0.12470580553186927
120.0, 0.12451668216175762
121.0, 0.12514210436570217
122.0, 0.1220399537008482
123.0, 0.12391510277349398
124.0, 0.12412925014088592
125.0, 0.12497987912549349
126.0, 0.12440507889566824
127.0, 0.12494214220929259
128.0, 0.12452915693090316
129.0, 0.12507219365559535
130.0, 0.12422695860167465
131.0, 0.12475452849672554
132.0, 0.12458353827470998
133.0, 0.12517367365645246
134.0, 0.12401085348755614
135.0, 0.12482156750293114
136.0, 0.12468332082124138
137.0, 0.12523490038654195
138.0, 0.12406451777760547
139.0, 0.12469412253955306
140.0, 0.12450070778290355
141.0, 0.12513114806660564
142.0, 0.12407572117959124
143.0, 0.12074534155054173
144.0, 0.12076600948860153
145.0, 0.12151824559815282
146.0, 0.12127386538492241
147.0, 0.12163302052423346
148.0, 0.12145370337261305
149.0, 0.1217306434029405
150.0, 0.12127717429046736
151.0, 0.12157333985747404
152.0, 0.12135491449493181
153.0, 0.12167053374306791
154.0, 0.12142682342837267
155.0, 0.12169669840692003
156.0, 0.12136640898122936
157.0, 0.12163972945324901
158.0, 0.12147943597788811
159.0, 0.12173245076166359
160.0, 0.1212617034629751
161.0, 0.12155867240765018
162.0, 0.12133511965250472
163.0, 0.12165685061714109
164.0, 0.12146082668826749
165.0, 0.12172846500371302
166.0, 0.12128350105697944
167.0, 0.12157876191784842
168.0, 0.12136163126442348
169.0, 0.12167522448262862
170.0, 0.12141221750676263
171.0, 0.1216828453347465
172.0, 0.12139953994433952
173.0, 0.12167073838702204
174.0, 0.12142906755493536
175.0, 0.12169879959059877
176.0, 0.12135419768132
177.0, 0.12164357093683974
178.0, 0.12146144942850483
179.0, 0.12173248492590341
180.0, 0.12124723626607874
181.0, 0.12154373450158495
182.0, 0.12316976149197807
183.0, 0.12155886139223464
184.0, 0.12146042626445966
185.0, 0.10137297938527143
186.0, 0.12077665596849403
187.0, 0.12164543319283172
188.0, 0.12149001608162144
189.0, 0.12172434157314037
190.0, 0.12127432127235951
191.0, 0.12157052779435983
192.0, 0.12135085457536479
193.0, 0.12166608536557898
194.0, 0.12143566126898586
195.0, 0.12170382548529454
196.0, 0.12134377521664015
197.0, 0.12163481336175494
198.0, 0.12145048719108473
199.0, 0.12172738507745229
200.0, 0.12128097532851687
201.0, 0.12157585724935462
202.0, 0.12135883804717265
203.0, 0.12167207638569706
204.0, 0.11147997317176747
205.0, 0.10232428442697365
206.0, 0.06808223018489652
207.0, 0.08156422091584514
208.0, 0.097798936553528
209.0, 0.0984588086440877
210.0, 0.11685122939105917
211.0, 0.1198276533093605
212.0, 0.12056876832945462
213.0, 0.12156060507963974
214.0, 0.12140780525240503
215.0, 0.12170757292126666
216.0, 0.1213287912941151
217.0, 0.12162068090047949
218.0, 0.12141728977525418
219.0, 0.12171422437994638
220.0, 0.12131314155550084
221.0, 0.12160539608026949
222.0, 0.12139734209576031
223.0, 0.12170013808012228
224.0, 0.12134888309948556
225.0, 0.12163944240206073
226.0, 0.12145752591337251
227.0, 0.12173357198873562
228.0, 0.12127044877213763
229.0, 0.1215668511778344
230.0, 0.12134591358972328
231.0, 0.12166345625403893
232.0, 0.12144334389926502
233.0, 0.12171072589930901
234.0, 0.12132139005834082
235.0, 0.12161283124085101
236.0, 0.12140545298608019
237.0, 0.12170237106891366
238.0, 0.12413047403580486
239.0, 0.1247501678263559
240.0, 0.12458236722324964
241.0, 0.12517133972781397
242.0, 0.12400770721158617
243.0, 0.08395113774392711
244.0, 0.08141260222619139
245.0, 0.07876286094563491
246.0, 0.07642056546831304
247.0, 0.07390701520116409
248.0, 0.07249458223489964
249.0, 0.07035656752331769
250.0, 0.0697817742467355
251.0, 0.06799712320724717
252.0, 0.06798600470310193
253.0, 0.06638706648201675
254.0, 0.0666311183030583
255.0, 0.0650857543065341
256.0, 0.06546995805653334
257.0, 0.06387823683894285
258.0, 0.06430044720872635
259.0, 0.06262287630799951
260.0, 0.0630555451699382
261.0, 0.06129084374375332
262.0, 0.061742167105139426
263.0, 0.07978685646270159
264.0, 0.08054795747452485
265.0, 0.08074049783714435
266.0, 0.08106320890372369
267.0, 0.08121884325142774
268.0, 0.08150182924209483
269.0, 0.08162337189429075
270.0, 0.08185885071295486
271.0, 0.08194009886064717
272.0, 0.08212527719141303
273.0, 0.08156552248609475
274.0, 0.08227965942550595
275.0, 0.08217251525243707
276.0, 0.08235150813143273
277.0, 0.08222779859563363
278.0, 0.08231173718589163
279.0, 0.08219571211185167
280.0, 0.08213985650905478
281.0, 0.08174703081398331
282.0, 0.08185768633569866
spot_hold
0, 0
1, 0
2, 0
3, 0
4, 0
5, 0
6, 0
7, 0
8, 0
9, 0
10, 0
11, 0
12, 0
13, 0
14, 0
15, 0
16, 0
17, 0
18, 0
19, 0
20, 0
21, 0
22, 0
23, 0
24, 0
25, 0
26, 0
27, 0
28, 0
29, 0
30, 0
31, 0
32, 0
33, 0
34, 0
35, 0
36, 0
37, 0
38, 0
39, 0
40, 0
41, 1
42, 1
43, 1
44, 1
45, 1
46, 1
47, 1
48, 1
49, 1
50, 1
51, 1
52, 1
53, 1
54, 1
55, 1
56, 1
57, 1
58, 1
59, 1
60, 1
61, 1
62, 1
63, 1
64, 1
65, 1
66, 1
67, 1
68, 1
69, 1
70, 1
71, 1
72, 1
73, 1
74, 1
75, 1
76, 1
77, 1
78, 1
79, 1
80, 1
81, 1
82, 1
83, 1
84, 1
85, 1
86, 1
87, 1
88, 1
89, 1
90, 1
91, 1
92, 1
93, 1
94, 1
95, 1
96, 1
97, 1
98, 1
99, 1
100, 1
101, 1
102, 1
103, 1
104, 1
105, 1
106, 1
107, 1
108, 1
109, 1
110, 1
111, 1
112, 1
113, 1
114, 1
115, 1
116, 1
117, 1
118, 1
119, 1
120, 1
121, 1
122, 1
123, 1
124, 1
125, 1
126, 1
127, 1
128, 1
129, 1
130, 1
131, 1
132, 1
133, 1
134, 1
135, 1
136, 1
137, 1
138, 1
139, 1
140, 1
141, 1
142, 1
143, 1
144, 1
145, 1
146, 1
147, 1
148, 1
149, 1
150, 1
151, 1
152, 1
153, 1
154, 1
155, 1
156, 1
157, 1
158, 1
159, 1
160, 1
161, 1
162, 1
163, 1
164, 1
165, 1
166, 1
167, 1
168, 1
169, 1
170, 1
171, 1
172, 1
173, 1
174, 1
175, 1
176, 1
177, 1
178, 1
179, 1
180, 1
181, 1
182, 1
183, 1
184, 1
185, 1
186, 1
187, 1
188, 1
189, 1
190, 1
191, 1
192, 1
193, 1
194, 1
195, 1
196, 1
197, 1
198, 1
199, 1
200, 1
201, 1
202, 1
203, 1
204, 1
205, 1
206, 1
207, 1
208, 1
209, 1
210, 1
211, 1
212, 1
213, 1
214, 1
215, 1
216, 1
217, 1
218, 1
219, 1
220, 1
221, 1
222, 1
223, 1
224, 1
225, 1
226, 1
227, 1
228, 1
229, 1
230, 1
231, 1
232, 1
233, 1
234, 1
235, 1
236, 1
237, 1
238, 1
239, 1
240, 1
241, 1
242, 1
243, 1
244, 1
245, 1
246, 1
247, 1
248, 1
249, 1
250, 1
251, 1
252, 1
253, 1
254, 1
255, 1
256, 1
257, 1
258, 1
259, 1
260, 1
261, 1
262, 1
263, 1
264, 1
265, 1
266, 1
267, 1
268, 1
269, 1
270, 1
271, 1
272, 1
273, 1
274, 1
275, 1
276, 1
277, 1
278, 1
279, 1
280, 1
281, 1
282, 1
