bot_dist
0.0, 4.079536533941157
1.0, 4.0868149807968095
2.0, 4.094104913456463
3.0, 4.101406270674731
4.0, 4.1087189915459295
5.0, 4.116043015502743
6.0, 4.123378282314899
7.0, 4.130724732087814
8.0, 4.13808230526125
9.0, 4.145450942607945
10.0, 4.152830585232254
11.0, 4.160221174568772
12.0, 4.167622652380947
13.0, 4.175034960759701
14.0, 4.182458042122032
15.0, 4.189891839209609
16.0, 4.197336295087378
17.0, 4.204791353142141
18.0, 4.212256957081147
19.0, 4.219733050930671
20.0, 4.227219579034586
21.0, 4.234716486052939
22.0, 4.242223716960515
23.0, 4.249741217045405
24.0, 4.257268931907562
25.0, 4.264806807457365
26.0, 4.272354789914169
27.0, 4.279912825804858
28.0, 4.2874808619624005
29.0, 4.295058845524389
30.0, 4.302646723931593
31.0, 4.310244444926504
32.0, 4.317851956551872
33.0, 4.325469207149254
34.0, 4.333096145357555
35.0, 4.340732720111563
36.0, 4.348378880640496
37.0, 4.356034576466534
38.0, 4.363699757403367
39.0, 4.371374373554724
40.0, 4.379058375312922
41.0, 4.386751713357397
42.0, 4.3944543386532535
43.0, 4.4021662024497985
44.0, 4.409887256279087
45.0, 4.41761745195446
46.0, 4.425356741569101
47.0, 4.433105077494564
48.0, 4.440862412379336
49.0, 4.448628699147376
50.0, 4.45640389099667
51.0, 4.4641879413977845
52.0, 4.471980804092413
53.0, 4.479782433091948
54.0, 4.487592782676022
55.0, 4.495411807391084
56.0, 4.503239462048953
57.0, 4.511075701725392
58.0, 4.518920481758676
59.0, 4.526773757748163
60.0, 4.534635485552871
61.0, 4.542505621290055
62.0, 4.550384121333792
63.0, 4.558270942313564
64.0, 4.566166041112851
65.0, 4.574069374867717
66.0, 4.581980900965414
67.0, 4.589900577042975
68.0, 4.597828360985822
69.0, 4.605764210926373
70.0, 4.613708085242654
71.0, 4.621659942556913
72.0, 4.629619741734241
73.0, 4.6375874418812
74.0, 4.645563002344446
75.0, 4.6535463827093615
76.0, 4.661537542798703
77.0, 4.6695364426712285
78.0, 4.677543042620358
79.0, 4.685557303172813
80.0, 4.693579185087282
81.0, 4.701608649353072
82.0, 4.709645657188785
83.0, 4.71769017004098
84.0, 4.725742149582847
85.0, 4.733801557712899
86.0, 4.741868356553643
87.0, 4.749942508450283
88.0, 4.758023975969405
89.0, 4.766112721897688
90.0, 4.7742087092406
91.0, 4.782311901221116
92.0, 4.790422261278435
93.0, 4.798539753066697
94.0, 4.806664340453712
95.0, 4.814795987519698
96.0, 4.82293465855601
97.0, 4.83108031806389
98.0, 4.839232930753214
99.0, 4.847392461541249
100.0, 4.855558875551407
101.0, 4.855558875551407
102.0, 4.855558875551407
103.0, 4.855558875551407
104.0, 4.855558875551407
105.0, 4.855558875551407
106.0, 4.855558875551407
107.0, 4.855558875551407
108.0, 4.855558875551407
109.0, 4.855558875551407
110.0, 4.855558875551407
111.0, 4.855558875551407
112.0, 4.855558875551407
113.0, 4.855558875551407
114.0, 4.855558875551407
115.0, 4.855558875551407
116.0, 4.855558875551407
117.0, 4.855558875551407
118.0, 4.855558875551407
119.0, 4.855558875551407
120.0, 4.855558875551407
121.0, 4.855558875551407
122.0, 4.855558875551407
123.0, 4.855558875551407
124.0, 4.855558875551407
125.0, 4.855558875551407
126.0, 4.855558875551407
127.0, 4.855558875551407
128.0, 4.855558875551407
129.0, 4.855558875551407
130.0, 4.855558875551407
131.0, 4.847392461541249
132.0, 4.839232930753214
133.0, 4.83108031806389
134.0, 4.82293465855601
135.0, 4.814795987519698
136.0, 4.806664340453712
137.0, 4.798539753066697
138.0, 4.790422261278435
139.0, 4.782311901221116
140.0, 4.7742087092406
141.0, 4.766112721897688
142.0, 4.758023975969405
143.0, 4.753358637616852
144.0, 4.745290298296673
145.0, 4.737229326518703
146.0, 4.7291757599572986
147.0, 4.721129636509155
148.0, 4.713090994294611
149.0, 4.705059871658957
150.0, 4.697036307173745
151.0, 4.608660664508034
152.0, 4.520343832982437
153.0, 4.432089293315865
154.0, 4.3439008797618515
155.0, 4.255782703122225
156.0, 4.167739218439745
157.0, 4.0797752613808305
158.0, 3.991896089273516
159.0, 3.9041074275008416
160.0, 3.8164155220710914
161.0, 3.728827199331039
162.0, 3.6413499339619424
163.0, 3.5539919266067836
164.0, 3.4667621927290653
165.0, 3.379670664608158
166.0, 3.292728308746129
167.0, 3.284284985845236
168.0, 3.195394086218286
169.0, 3.106593421012641
170.0, 3.0178908171381464
171.0, 2.9292951828557605
172.0, 2.840816526262242
173.0, 2.7524661282048277
174.0, 2.743858625081117
175.0, 2.653882637767468
176.0, 2.5639781510822495
177.0, 2.555336253211489
178.0, 2.546704296604779
179.0, 2.538082382692115
180.0, 2.529470614167608
181.0, 2.4384655665126123
182.0, 2.4298984855354853
183.0, 2.4213423922622233
184.0, 2.412797403584307
185.0, 2.4042636379022024
186.0, 2.3957412151467494
187.0, 2.3872302568008488
188.0, 2.3787308859214398
189.0, 2.370243227161778
190.0, 2.3617674067940078
191.0, 2.3533035527320387
192.0, 2.344851794554724
193.0, 2.3364122635293443
194.0, 2.327985092635399
195.0, 2.27017115908442
196.0, 2.2140931684716074
197.0, 2.1598863379665327
198.0, 2.1510512449940262
199.0, 2.104817555113445
200.0, 2.0609667452077973
201.0, 2.0196540328002697
202.0, 1.981038213254771
203.0, 1.945279901546358
204.0, 1.9125393829043238
205.0, 1.882974081015239
206.0, 1.8567356815674134
207.0, 1.833966983195532
208.0, 1.8147985845576156
209.0, 1.7993455511348062
210.0, 1.787704233110221
211.0, 1.7799494207946136
212.0, 1.7761320218129184
213.0, 1.7762774220393338
214.0, 1.7803846505739844
215.0, 1.7884264683174078
216.0, 1.8003501169065126
217.0, 1.8160791383088177
218.0, 1.8355157073814137
219.0, 1.82626851560085
220.0, 1.8556459734935686
221.0, 1.888227047027015
222.0, 1.9238489799408196
223.0, 1.9151296119899792
224.0, 1.9064228186425427
225.0, 1.8977287729756314
226.0, 1.8890476509968575
227.0, 1.8803796317000523
228.0, 1.871724897122073
229.0, 1.8630836324006967
230.0, 1.8544560258336256
231.0, 1.8544560258336256
232.0, 1.8544560258336256
233.0, 1.8544560258336256
234.0, 1.8544560258336256
235.0, 1.8544560258336256
236.0, 1.8544560258336256
237.0, 1.8544560258336256
238.0, 1.8544560258336256
239.0, 1.8544560258336256
240.0, 1.8544560258336256
241.0, 1.8544560258336256
242.0, 1.8544560258336256
243.0, 1.8544560258336256
244.0, 1.8544560258336256
245.0, 1.8544560258336256
246.0, 1.8544560258336256
247.0, 1.8544560258336256
248.0, 1.8544560258336256
249.0, 1.8544560258336256
250.0, 1.8544560258336256
251.0, 1.8544560258336256
252.0, 1.8544560258336256
253.0, 1.8544560258336256
254.0, 1.8544560258336256
255.0, 1.8544560258336256
256.0, 1.8544560258336256
257.0, 1.8544560258336256
258.0, 1.8544560258336256
259.0, 1.8544560258336256
260.0, 1.8544560258336256
261.0, 1.8630836324006967
262.0, 1.871724897122073
263.0, 1.8803796317000523
264.0, 1.8890476509968575
265.0, 1.8977287729756314
266.0, 1.9064228186425427
267.0, 1.9151296119899792
268.0, 1.9238489799408196
269.0, 1.9325807522937573
270.0, 1.9413247616696718
271.0, 1.9500808434590198
272.0, 1.9588488357702354
273.0, 1.9676285793791217
274.0, 1.9764199176792177
275.0, 1.9852226966331212
276.0, 1.994036764724755
277.0, 2.0028619729125583
278.0, 2.011698174583586
279.0, 2.0205452255085032
280.0, 2.0294029837974557
281.0, 2.0382713098567997
282.0, 2.0471500663466817
ee_dist
0.0, 1.4555079768813808
1.0, 1.5186167896714176
2.0, 1.6286315568545946
3.0, 1.721685914584774
4.0, 1.7538821590407683
5.0, 1.7797357653966284
6.0, 1.8118977913578511
7.0, 1.845165300126762
8.0, 1.8799451158179952
9.0, 1.9130104541597652
10.0, 1.9502514849252253
11.0, 1.9838841771396547
12.0, 2.014217543169686
13.0, 2.0496870743677986
14.0, 2.0755614326363285
15.0, 2.1020395550961966
16.0, 2.12699214281697
17.0, 2.154438977031243
18.0, 2.175843394676958
19.0, 2.1950766515863673
20.0, 2.2142819598460095
21.0, 2.1842067704730628
22.0, 2.1427764595001606
23.0, 2.098125125008417
24.0, 2.049825908464967
25.0, 1.9981767908453174
26.0, 1.9433375792520586
27.0, 1.8856701626454784
28.0, 1.8254042657294107
29.0, 1.7630200277020447
30.0, 1.6988450191851612
31.0, 1.6335046032647889
32.0, 1.5674644489982572
33.0, 1.5015297098524407
34.0, 1.4363620254969567
35.0, 1.3730018857942714
36.0, 1.312383945212307
37.0, 1.2558232898655166
38.0, 1.204542152708863
39.0, 1.1600172693268302
40.0, 1.123643340491244
41.0, 1.1238623627566318
42.0, 1.0036738638563247
43.0, 0.7492830158262844
44.0, 0.7021651579366063
45.0, 0.6545214961343941
46.0, 0.6063346159980768
47.0, 0.5575392659543821
48.0, 0.5090704662674544
49.0, 0.46143963204062727
50.0, 0.41622333266470357
51.0, 0.37540143406355425
52.0, 0.34134446010201985
53.0, 0.3163175690517013
54.0, 0.30328012520510494
55.0, 0.30405951441199697
56.0, 0.31924254734053675
57.0, 0.34651012557251903
58.0, 0.31986794625091974
59.0, 0.28037131818858224
60.0, 0.2579908347136179
61.0, 0.2671067234271397
62.0, 0.311016865323111
63.0, 0.3769700072948912
64.0, 0.44988167939460166
65.0, 0.5132334666830353
66.0, 0.5731623860010175
67.0, 0.6325035380350917
68.0, 0.6856693385692642
69.0, 0.7369359549796038
70.0, 0.7866929066526523
71.0, 0.8347263284413187
72.0, 0.8829346458466019
73.0, 0.9385150429538012
74.0, 0.9984423298417912
75.0, 1.0697839677003136
76.0, 1.150728390183961
77.0, 1.2415390161306419
78.0, 1.3377019622831687
79.0, 1.434296992078679
80.0, 1.5267107320261413
81.0, 1.6053074154239622
82.0, 1.6701008156096429
83.0, 1.7344081868976624
84.0, 1.7952504927874335
85.0, 1.8546503305859943
86.0, 1.912997310309123
87.0, 1.9694636797010703
88.0, 2.004874576048643
89.0, 2.04495036515749
90.0, 2.0847451612077075
91.0, 2.141588023480394
92.0, 2.235166232454911
93.0, 2.3396890891000175
94.0, 2.4331228391676767
95.0, 2.5449969747920758
96.0, 2.647280131776829
97.0, 2.7358209845627077
98.0, 2.81012366469439
99.0, 2.877317837892165
100.0, 2.945370857069813
101.0, 3.00795012572724
102.0, 3.072671220574107
103.0, 3.133269039673979
104.0, 3.1976545217629817
105.0, 3.2649622050976377
106.0, 3.339994117542369
107.0, 3.4185321494223304
108.0, 3.510595286860964
109.0, 3.607950737464807
110.0, 3.7153068391048083
111.0, 3.821509249129466
112.0, 3.926041426441758
113.0, 4.019257295522807
114.0, 4.096107118582078
115.0, 4.1693944291173475
116.0, 4.230003277472607
117.0, 4.294308054124998
118.0, 4.358894405126269
119.0, 4.42064627310539
120.0, 4.484301015641099
121.0, 4.550813456140779
122.0, 4.6258482191741574
123.0, 4.701136084923607
124.0, 4.747593313286823
125.0, 4.790709365201977
126.0, 4.836889941531607
127.0, 4.879127225391188
128.0, 4.923842079389931
129.0, 4.964063850583207
130.0, 5.006224325697221
131.0, 5.043401075899011
132.0, 5.082028360918711
133.0, 5.115246257462321
134.0, 5.149485590471992
135.0, 5.177959703052628
136.0, 5.207087684339836
137.0, 5.23015841609661
138.0, 5.253581750471381
139.0, 5.270728613500523
140.0, 5.287987831834877
141.0, 5.298822278957021
142.0, 5.309596040322313
143.0, 4.623790751760154
144.0, 4.613156178270223
145.0, 4.606810380700791
146.0, 4.601425199578717
147.0, 4.600627482716676
148.0, 4.600766580965883
149.0, 4.605548543643804
150.0, 4.611201030694635
151.0, 4.530882489591624
152.0, 4.448771184700681
153.0, 4.368607208306159
154.0, 4.2866614584964315
155.0, 4.206675436279284
156.0, 4.124915203921919
157.0, 4.045128198210726
158.0, 3.9635766610306873
159.0, 3.8840134936097552
160.0, 3.802697747129935
161.0, 3.723387813543781
162.0, 3.642339459457641
163.0, 3.5633168227677463
164.0, 3.482573482009101
165.0, 3.403879137269338
166.0, 3.323485374464042
167.0, 3.3362403633878017
168.0, 3.2587620385990377
169.0, 3.183458411994504
170.0, 3.1066808590501878
171.0, 3.032132063040689
172.0, 2.956172475909236
173.0, 2.882498865650372
174.0, 2.897801560082234
175.0, 2.828446611475753
176.0, 2.7580580772617598
177.0, 2.778243039339868
178.0, 2.798901060289182
179.0, 2.8230606453607874
180.0, 2.8474776805825788
181.0, 2.800806194348542
182.0, 2.774581163441222
183.0, 2.751437511164342
184.0, 2.7286353911954087
185.0, 2.709546020341558
186.0, 2.6910001120354887
187.0, 2.6766814730270774
188.0, 2.663087950876896
189.0, 2.654101885112705
190.0, 2.6459888072113436
191.0, 2.642701980786642
192.0, 2.6403899744674484
193.0, 2.6429446244014136
194.0, 2.6465198886000563
195.0, 2.566684978806947
196.0, 2.4851601073783196
197.0, 2.405677156753007
198.0, 2.4128874408277654
199.0, 2.3360709660732772
200.0, 2.257863448509818
201.0, 2.18187998070894
202.0, 2.1046111119996334
203.0, 2.02966147737512
204.0, 1.9535571873350683
205.0, 1.8798956396512478
206.0, 1.805253133782422
207.0, 1.7332181061400271
208.0, 1.660435953027588
209.0, 1.590483535015719
210.0, 1.5201027172614334
211.0, 1.452854511330436
212.0, 1.385616065120309
213.0, 1.3219262884017815
214.0, 1.2588514329419362
215.0, 1.1998952434757106
216.0, 1.142382029747425
217.0, 1.089753605863526
218.0, 1.0396741405411558
219.0, 1.0653881941814787
220.0, 1.0271369133113404
221.0, 0.9954938513636526
222.0, 0.969024176806794
223.0, 0.9411537787589643
224.0, 0.9135057760887262
225.0, 0.8885631840785098
226.0, 0.8641400539605338
227.0, 0.8434245302756611
228.0, 0.8235421998828437
229.0, 0.8083280888393005
230.0, 0.7942526163121303
231.0, 0.7856451616243619
232.0, 0.7783921903867154
233.0, 0.7771083734764395
234.0, 0.7772286752323024
235.0, 0.7834169994145379
236.0, 0.7908593556479316
237.0, 0.8040523992653524
238.0, 0.818185258257067
239.0, 0.8196863933718269
240.0, 0.817483907641037
241.0, 0.8197030550174946
242.0, 0.817482616153525
243.0, 0.8287867617392106
244.0, 0.8422337578904205
245.0, 0.8565872517182547
246.0, 0.8730986301942228
247.0, 0.8907198305291698
248.0, 0.9101700169256839
249.0, 0.9304359273583382
250.0, 0.9522190082381603
251.0, 0.974549480515038
252.0, 0.9980340150522908
253.0, 1.02175300452761
254.0, 1.0462700615601506
255.0, 1.0708398611780579
256.0, 1.0959075194284749
257.0, 1.120731388759993
258.0, 1.1457623503902599
259.0, 1.1703181746143132
260.0, 1.1948134950453235
261.0, 1.2186804578623025
262.0, 1.2422568816008859
263.0, 1.216231125386105
264.0, 1.1836182987848658
265.0, 1.149354077233135
266.0, 1.1130757011102757
267.0, 1.0751204961403578
268.0, 1.0353915753059701
269.0, 0.9942780777042012
270.0, 0.951678014191539
271.0, 0.9080635471887519
272.0, 0.863350790226534
273.0, 0.8181039078223127
274.0, 0.7722983294067765
275.0, 0.7238480658727064
276.0, 0.6727236864933076
277.0, 0.6187466987956513
278.0, 0.5741013285176043
279.0, 0.5324018992802909
280.0, 0.49443371759050286
281.0, 0.4313390901415151
282.0, 0.38863254349965043
ee_box_dist
0.0, 0.5575707657653017
1.0, 0.613147673732866
2.0, 0.643669054619358
3.0, 0.6829850393465733
4.0, 0.7215914679964378
5.0, 0.7593088885288988
6.0, 0.7975661661888243
7.0, 0.8340325932988084
8.0, 0.8685607790639858
9.0, 0.900194600470691
10.0, 0.9347090773206512
11.0, 0.9650106462915947
12.0, 0.9915569962529335
13.0, 1.0227306984263254
14.0, 1.0446581099994867
15.0, 1.0670897416995868
16.0, 1.087893334531548
17.0, 1.1110065797595232
18.0, 1.1287440578766348
19.0, 1.144483369467692
20.0, 1.1602823450134405
21.0, 1.140379148687529
22.0, 1.113082159030544
23.0, 1.0831585098920848
24.0, 1.0502245846078708
25.0, 1.0144508344242587
26.0, 0.975809033946529
27.0, 0.9344916322371827
28.0, 0.890465109428312
29.0, 0.8439590515063428
30.0, 0.7949369833414888
31.0, 0.7436717544690897
32.0, 0.690129642136158
33.0, 0.6346395843258325
34.0, 0.5771889868807135
35.0, 0.5181480599378655
36.0, 0.4575145840365608
37.0, 0.3956942501024078
38.0, 0.33285253714289836
39.0, 0.2697110973060497
40.0, 0.2070390363503972
41.0, 0.08025340332550794
42.0, 0.08290185061703789
43.0, 0.08302858005835495
44.0, 0.08297737647886301
45.0, 0.08303003543992653
46.0, 0.08298390890810392
47.0, 0.08302941075315312
48.0, 0.08298907921650843
49.0, 0.0830283848402698
50.0, 0.08299337014618302
51.0, 0.083026937355386
52.0, 0.08299690502761438
53.0, 0.08302512434587032
54.0, 0.08299957313525068
55.0, 0.08302304637147413
56.0, 0.08300183401483063
57.0, 0.08302113659597535
58.0, 0.08300334757409635
59.0, 0.08301914034402252
60.0, 0.08300442208645396
61.0, 0.08301652575015882
62.0, 0.08300543362170287
63.0, 0.08301432413965845
64.0, 0.0830060165454796
65.0, 0.08301189314713141
66.0, 0.08300621814745793
67.0, 0.08300971760762513
68.0, 0.08300652312720055
69.0, 0.08300776516162187
70.0, 0.0830072087140388
71.0, 0.08300631042526495
72.0, 0.08300774806720271
73.0, 0.08300545931468016
74.0, 0.08300897415448678
75.0, 0.08300503207088539
76.0, 0.08301032439806415
77.0, 0.08300561635104932
78.0, 0.08301261216549113
79.0, 0.08300705285182246
80.0, 0.08301551366640775
81.0, 0.0830093485688658
82.0, 0.08301873171330863
83.0, 0.08301266233749842
84.0, 0.0830232241458392
85.0, 0.08301708094082373
86.0, 0.08876280248302927
87.0, 0.12455164551518683
88.0, 0.13506216666655393
89.0, 0.13331044268686565
90.0, 0.12889338324062194
91.0, 0.11566662462296422
92.0, 0.11521247120901479
93.0, 0.08217943069457573
94.0, 0.11709370235996132
95.0, 0.11675306391428991
96.0, 0.11529019906284817
97.0, 0.11674873185655403
98.0, 0.1152913208328254
99.0, 0.11674800496593932
100.0, 0.1152915084807016
101.0, 0.1167480890353996
102.0, 0.08613484196230592
103.0, 0.11339368201905248
104.0, 0.11520882667519779
105.0, 0.11675548469089628
106.0, 0.1152911949861921
107.0, 0.11674814835296132
108.0, 0.11529140486004348
109.0, 0.1167480890353996
110.0, 0.11529152807414564
111.0, 0.1167480890353996
112.0, 0.11529152807414564
113.0, 0.1167480890353996
114.0, 0.1152915084807016
115.0, 0.08219679760329583
116.0, 0.11228939822986567
117.0, 0.11663503445478261
118.0, 0.11529079480330909
119.0, 0.11674831663730484
120.0, 0.11529138526660931
121.0, 0.11674809884926189
122.0, 0.11529146364037215
123.0, 0.1167480890353996
124.0, 0.1152915084807016
125.0, 0.1167481285804365
126.0, 0.1152915084807016
127.0, 0.1167480890353996
128.0, 0.1152915084807016
129.0, 0.1167480890353996
130.0, 0.1152915084807016
131.0, 0.1167480890353996
132.0, 0.1152915084807016
133.0, 0.1167480890353996
134.0, 0.1152915084807016
135.0, 0.1167480890353996
136.0, 0.1152915084807016
137.0, 0.1167480890353996
138.0, 0.1152915084807016
139.0, 0.1167480890353996
140.0, 0.1152915084807016
141.0, 0.1167480890353996
142.0, 0.1152915084807016
143.0, 0.11233583581741427
144.0, 0.11136829749419246
145.0, 0.11258747082157855
146.0, 0.1113718272387826
147.0, 0.11258604521079348
148.0, 0.11137176459904181
149.0, 0.11258575770024672
150.0, 0.11137121031752431
151.0, 0.1125856963791353
152.0, 0.11137153322673359
153.0, 0.112585737065897
154.0, 0.11137122464791152
155.0, 0.11258580181291579
156.0, 0.11137149303985777
157.0, 0.11258580181291579
158.0, 0.11137140355889186
159.0, 0.112585737065897
160.0, 0.1113713141290212
161.0, 0.11258580181291579
162.0, 0.11137155787368162
163.0, 0.1125856723189672
164.0, 0.11137146839276779
165.0, 0.1125856723189672
166.0, 0.11137146839276779
167.0, 0.11258461214497816
168.0, 0.11137092614545524
169.0, 0.11258477014194299
170.0, 0.11137092614545524
171.0, 0.11258509111168492
172.0, 0.11137104791673964
173.0, 0.11258496949325769
174.0, 0.11137016829043458
175.0, 0.1125841268153487
176.0, 0.11137044782050401
177.0, 0.11258293816621327
178.0, 0.11136815598872846
179.0, 0.11258150249332237
180.0, 0.11136655297032114
181.0, 0.11258131285355412
182.0, 0.11136764936636413
183.0, 0.11258253012294205
184.0, 0.11136928880220073
185.0, 0.11258421568449195
186.0, 0.11137063862712585
187.0, 0.11258533466578531
188.0, 0.11137161492682843
189.0, 0.11258628994786415
190.0, 0.11137199891474883
191.0, 0.11258646979934031
192.0, 0.11137202508052117
193.0, 0.11258700883384429
194.0, 0.11137205509413359
195.0, 0.1125876117827293
196.0, 0.1113720417588628
197.0, 0.11258746080963629
198.0, 0.1113719164113861
199.0, 0.11258727942704425
200.0, 0.11137198598242612
201.0, 0.11258750369862422
202.0, 0.11137193603624085
203.0, 0.11258718982407288
204.0, 0.1113721827403215
205.0, 0.11258718982407288
206.0, 0.1113721827403215
207.0, 0.11258718982407288
208.0, 0.1113721827403215
209.0, 0.11258750369862422
210.0, 0.1113720932613133
211.0, 0.11258750369862422
212.0, 0.1113721827403215
213.0, 0.11258718982407288
214.0, 0.1113721827403215
215.0, 0.11258718982407288
216.0, 0.1113720932613133
217.0, 0.11258718982407288
218.0, 0.1113720932613133
219.0, 0.1125873079110326
220.0, 0.11137188825728896
221.0, 0.11258702463590294
222.0, 0.11137171189325001
223.0, 0.11258686572908053
224.0, 0.11137196306025302
225.0, 0.11258614376697557
226.0, 0.1113720446456409
227.0, 0.11258684435628699
228.0, 0.11137139406318199
229.0, 0.11258579258555008
230.0, 0.11137163943824877
231.0, 0.11258516678501496
232.0, 0.1113708258186564
233.0, 0.11258365036676457
234.0, 0.11136920907643304
235.0, 0.11258255191404735
236.0, 0.11136728002961978
237.0, 0.11258059346270591
238.0, 0.11136540801337495
239.0, 0.1166704490897403
240.0, 0.11528304725094769
241.0, 0.11674079822232065
242.0, 0.11528497504804595
243.0, 0.07441939417120637
244.0, 0.07354047145185105
245.0, 0.07237166328407574
246.0, 0.07240100741189458
247.0, 0.07128465870256448
248.0, 0.07150198793039458
249.0, 0.07046775604016232
250.0, 0.07085274366744787
251.0, 0.06989747686869303
252.0, 0.07029837665571573
253.0, 0.0693097905079734
254.0, 0.06975788602206542
255.0, 0.06870119054293898
256.0, 0.06911976972102632
257.0, 0.06796060105928686
258.0, 0.06832676679376769
259.0, 0.06705440068267624
260.0, 0.06737399202670033
261.0, 0.06600041201295845
262.0, 0.06629588400721545
263.0, 0.08001815610873167
264.0, 0.08066999468540471
265.0, 0.08085134666440352
266.0, 0.08115916945616258
267.0, 0.08130630587102601
268.0, 0.08157476326390246
269.0, 0.08168778777530891
270.0, 0.08191005637935822
271.0, 0.08198332253206608
272.0, 0.08215722339753631
273.0, 0.08218624470148285
274.0, 0.08230936430247819
275.0, 0.08237596877408697
276.0, 0.08271483732020421
277.0, 0.08209656472233211
278.0, 0.08230680210918243
279.0, 0.08218500029237577
280.0, 0.08215498144202035
281.0, 0.08158369186924526
282.0, 0.08152229863964164
spot_hold
0, 0
1, 0
2, 0
3, 0
4, 0
5, 0
6, 0
7, 0
8, 0
9, 0
10, 0
11, 0
12, 0
13, 0
14, 0
15, 0
16, 0
17, 0
18, 0
19, 0
20, 0
21, 0
22, 0
23, 0
24, 0
25, 0
26, 0
27, 0
28, 0
29, 0
30, 0
31, 0
32, 0
33, 0
34, 0
35, 0
36, 0
37, 0
38, 0
39, 0
40, 0
41, 1
42, 1
43, 1
44, 1
45, 1
46, 1
47, 1
48, 1
49, 1
50, 1
51, 1
52, 1
53, 1
54, 1
55, 1
56, 1
57, 1
58, 1
59, 1
60, 1
61, 1
62, 1
63, 1
64, 1
65, 1
66, 1
67, 1
68, 1
69, 1
70, 1
71, 1
72, 1
73, 1
74, 1
75, 1
76, 1
77, 1
78, 1
79, 1
80, 1
81, 1
82, 1
83, 1
84, 1
85, 1
86, 1
87, 1
88, 1
89, 1
90, 1
91, 1
92, 1
93, 1
94, 1
95, 1
96, 1
97, 1
98, 1
99, 1
100, 1
101, 1
102, 1
103, 1
104, 1
105, 1
106, 1
107, 1
108, 1
109, 1
110, 1
111, 1
112, 1
113, 1
114, 1
115, 1
116, 1
117, 1
118, 1
119, 1
120, 1
121, 1
122, 1
123, 1
124, 1
125, 1
126, 1
127, 1
128, 1
129, 1
130, 1
131, 1
132, 1
133, 1
134, 1
135, 1
136, 1
137, 1
138, 1
139, 1
140, 1
141, 1
142, 1
143, 1
144, 1
145, 1
146, 1
147, 1
148, 1
149, 1
150, 1
151, 1
152, 1
153, 1
154, 1
155, 1
156, 1
157, 1
158, 1
159, 1
160, 1
161, 1
162, 1
163, 1
164, 1
165, 1
166, 1
167, 1
168, 1
169, 1
170, 1
171, 1
172, 1
173, 1
174, 1
175, 1
176, 1
177, 1
178, 1
179, 1
180, 1
181, 1
182, 1
183, 1
184, 1
185, 1
186, 1
187, 1
188, 1
189, 1
190, 1
191, 1
192, 1
193, 1
194, 1
195, 1
196, 1
197, 1
198, 1
199, 1
200, 1
201, 1
202, 1
203, 1
204, 1
205, 1
206, 1
207, 1
208, 1
209, 1
210, 1
211, 1
212, 1
213, 1
214, 1
215, 1
216, 1
217, 1
218, 1
219, 1
220, 1
221, 1
222, 1
223, 1
224, 1
225, 1
226, 1
227, 1
228, 1
229, 1
230, 1
231, 1
232, 1
233, 1
234, 1
235, 1
236, 1
237, 1
238, 1
239, 1
240, 1
241, 1
242, 1
243, 1
244, 1
245, 1
246, 1
247, 1
248, 1
249, 1
250, 1
251, 1
252, 1
253, 1
254, 1
255, 1
256, 1
257, 1
258, 1
259, 1
260, 1
261, 1
262, 1
263, 1
264, 1
265, 1
266, 1
267, 1
268, 1
269, 1
270, 1
271, 1
272, 1
273, 1
274, 1
275, 1
276, 1
277, 1
278, 1
279, 1
280, 1
281, 1
282, 1
