bot_dist
0.0, 3.2534099457149566
1.0, 3.2585135214926306
2.0, 3.2636397571181384
3.0, 3.268788545983437
4.0, 3.2739597816835517
5.0, 3.279153358022287
6.0, 3.284369169017819
7.0, 3.2896071089081884
8.0, 3.2948670721566766
9.0, 3.3001489534570805
10.0, 3.3054526477388753
11.0, 3.3107780501722788
12.0, 3.316125056173199
13.0, 3.3214935614080865
14.0, 3.3268834617986816
15.0, 3.332294653526652
16.0, 3.3377270330381386
17.0, 3.3431804970481878
18.0, 3.3486549425450955
19.0, 3.354150266794639
20.0, 3.3596663673442246
21.0, 3.3652031420269197
22.0, 3.3707604889654057
23.0, 3.3763383065758203
24.0, 3.381936493571514
25.0, 3.3875549489667067
26.0, 3.3931935720800532
27.0, 3.3988522625381195
28.0, 3.4045309202787575
29.0, 3.410229445554402
30.0, 3.4159477389352686
31.0, 3.421685701312468
32.0, 3.4274432339010295
33.0, 3.4332202382428405
34.0, 3.4390166162095004
35.0, 3.444832270005085
36.0, 3.450667102168834
37.0, 3.4565210155777533
38.0, 3.4623939134491324
39.0, 3.4682856993429856
40.0, 3.4741962771644124
41.0, 3.480125551165875
42.0, 3.486073425949408
43.0, 3.492039806468739
44.0, 3.4980245980313436
45.0, 3.5040277063004215
46.0, 3.5100490372967967
47.0, 3.516088497400752
48.0, 3.522145993353785
49.0, 3.528221432260295
50.0, 3.534314721589206
51.0, 3.5404257691755117
52.0, 3.5465544832217617
53.0, 3.5527007722994726
54.0, 3.5588645453504815
55.0, 3.565045711688231
56.0, 3.571244180998987
57.0, 3.577459863343003
58.0, 3.583692669155613
59.0, 3.5899425092482686
60.0, 3.5962092948095163
61.0, 3.602492937405915
62.0, 3.6087933489828927
63.0, 3.615110441865554
64.0, 3.6214441287594212
65.0, 3.627794322751132
66.0, 3.6341609373090686
67.0, 3.64054388628395
68.0, 3.6469430839093575
69.0, 3.653358444802217
70.0, 3.659789883963229
71.0, 3.6662373167772464
72.0, 3.6727006590136084
73.0, 3.6791798268264206
74.0, 3.685674736754794
75.0, 3.692185305723033
76.0, 3.6987114510407775
77.0, 3.70525309040311
78.0, 3.7118101418906044
79.0, 3.718382523969345
80.0, 3.724970155490893
81.0, 3.7315729556922226
82.0, 3.738190844195607
83.0, 3.74482374100847
84.0, 3.751471566523197
85.0, 3.7581342415169092
86.0, 3.764811687151201
87.0, 3.7715038249718367
88.0, 3.7782105769084193
89.0, 3.7849318652740163
90.0, 3.791667612764752
91.0, 3.7984177424593795
92.0, 3.8051821778187946
93.0, 3.811960842685546
94.0, 3.818753661283291
95.0, 3.825560558216234
96.0, 3.832381458468534
97.0, 3.8392162874036724
98.0, 3.8460649707638064
99.0, 3.8529274346690845
100.0, 3.8598036056169382
101.0, 3.8598036056169382
102.0, 3.8598036056169382
103.0, 3.8598036056169382
104.0, 3.8598036056169382
105.0, 3.8598036056169382
106.0, 3.8598036056169382
107.0, 3.8598036056169382
108.0, 3.8598036056169382
109.0, 3.8598036056169382
110.0, 3.8598036056169382
111.0, 3.8598036056169382
112.0, 3.8598036056169382
113.0, 3.8598036056169382
114.0, 3.8598036056169382
115.0, 3.8598036056169382
116.0, 3.8598036056169382
117.0, 3.8598036056169382
118.0, 3.8598036056169382
119.0, 3.8598036056169382
120.0, 3.8598036056169382
121.0, 3.8598036056169382
122.0, 3.8598036056169382
123.0, 3.8598036056169382
124.0, 3.8598036056169382
125.0, 3.8598036056169382
126.0, 3.8598036056169382
127.0, 3.8598036056169382
128.0, 3.8598036056169382
129.0, 3.8598036056169382
130.0, 3.8598036056169382
131.0, 3.8529274346690845
132.0, 3.8460649707638064
133.0, 3.8392162874036724
134.0, 3.832381458468534
135.0, 3.825560558216234
136.0, 3.818753661283291
137.0, 3.811960842685546
138.0, 3.8051821778187946
139.0, 3.7984177424593795
140.0, 3.791667612764752
141.0, 3.7849318652740163
142.0, 3.7782105769084193
143.0, 3.775805292384789
144.0, 3.7691207919001553
145.0, 3.762450993898214
146.0, 3.755795976707972
147.0, 3.7491558190403946
148.0, 3.7425305999886826
149.0, 3.7359203990285144
150.0, 3.729325296018253
151.0, 3.639621347203466
152.0, 3.5499256522693785
153.0, 3.460238808233506
154.0, 3.3705615699907
155.0, 3.280894725211248
156.0, 3.1912391499960777
157.0, 3.101595821628643
158.0, 3.011965833595845
159.0, 2.922350413362682
160.0, 2.8327509435072553
161.0, 2.743168986980083
162.0, 2.653606317456547
163.0, 2.564064956019862
164.0, 2.4745472157671307
165.0, 2.3850557564049644
166.0, 2.2955936515393858
167.0, 2.2891969392451843
168.0, 2.19991332400734
169.0, 2.1107293665674907
170.0, 2.0216580492465277
171.0, 1.9327149455425752
172.0, 1.8439186090528774
173.0, 1.7552913138128525
174.0, 1.749269054346787
175.0, 1.6619952477765887
176.0, 1.5751419575202052
177.0, 1.5694062108713773
178.0, 1.5637133761406707
179.0, 1.5580639237012663
180.0, 1.5524583271624546
181.0, 1.4781982533954894
182.0, 1.4729448964278107
183.0, 1.4677408691940557
184.0, 1.4625866982544458
185.0, 1.4574829125371211
186.0, 1.4524300431976298
187.0, 1.4474286234723217
188.0, 1.4424791885255817
189.0, 1.4375822752908407
190.0, 1.4327384223053041
191.0, 1.4279481695383498
192.0, 1.4232120582135632
193.0, 1.4185306306243723
194.0, 1.41390442994327
195.0, 1.3333572909033435
196.0, 1.253366091979872
197.0, 1.1740444723146495
198.0, 1.168972689697986
199.0, 1.0936678312258463
200.0, 1.0197122161041507
201.0, 0.9474218622668157
202.0, 0.8772085666165682
203.0, 0.8096129052857036
204.0, 0.7453473997272086
205.0, 0.6853495013278668
206.0, 0.6308380413988127
207.0, 0.5833530944434213
208.0, 0.544735287945283
209.0, 0.5169755679761242
210.0, 0.5018789143318657
211.0, 0.5005923034095896
212.0, 0.5132196085792079
213.0, 0.5387834275873401
214.0, 0.5755625942246595
215.0, 0.6215695637051094
216.0, 0.6749197933582094
217.0, 0.7340138382190107
218.0, 0.7975760052907233
219.0, 0.7927613284449729
220.0, 0.8630386849441758
221.0, 0.9354224360448123
222.0, 1.009459563486995
223.0, 1.005852575702921
224.0, 1.002332378704578
225.0, 0.9988998900638066
226.0, 0.995556016986449
227.0, 0.9923016553270941
228.0, 0.9891376885906177
229.0, 0.986064986922474
230.0, 0.9830844060898222
231.0, 0.9830844060898222
232.0, 0.9830844060898222
233.0, 0.9830844060898222
234.0, 0.9830844060898222
235.0, 0.9830844060898222
236.0, 0.9830844060898222
237.0, 0.9830844060898222
238.0, 0.9830844060898222
239.0, 0.9830844060898222
240.0, 0.9830844060898222
241.0, 0.9830844060898222
242.0, 0.9830844060898222
243.0, 0.9830844060898222
244.0, 0.9830844060898222
245.0, 0.9830844060898222
246.0, 0.9830844060898222
247.0, 0.9830844060898222
248.0, 0.9830844060898222
249.0, 0.9830844060898222
250.0, 0.9830844060898222
251.0, 0.9830844060898222
252.0, 0.9830844060898222
253.0, 0.9830844060898222
254.0, 0.9830844060898222
255.0, 0.9830844060898222
256.0, 0.9830844060898222
257.0, 0.9830844060898222
258.0, 0.9830844060898222
259.0, 0.9830844060898222
260.0, 0.9830844060898222
261.0, 0.986064986922474
262.0, 0.9891376885906177
263.0, 0.9923016553270941
264.0, 0.995556016986449
265.0, 0.9988998900638066
266.0, 1.002332378704578
267.0, 1.005852575702921
268.0, 1.009459563486995
269.0, 1.01315241508918
270.0, 1.0169301950995715
271.0, 1.0207919606011784
272.0, 1.0247367620854015
273.0, 1.0287636443464936
274.0, 1.0328716473538304
275.0, 1.0370598071009607
276.0, 1.041327156430523
277.0, 1.0456727258342386
278.0, 1.0500955442273168
279.0, 1.0545946396967194
280.0, 1.05916904022284
281.0, 1.0638177743742685
282.0, 1.068539871975399
ee_dist
0.0, 1.2680357285989725
1.0, 1.319152124358634
2.0, 1.422337644610713
3.0, 1.5119369583514513
4.0, 1.5428631556146326
5.0, 1.5686075315629826
6.0, 1.601415265572174
7.0, 1.635719667356118
8.0, 1.6711886516935655
9.0, 1.7048510276289004
10.0, 1.7426154083305074
11.0, 1.7766504902411022
12.0, 1.8072660270777832
13.0, 1.8429509570652416
14.0, 1.8689630852760184
15.0, 1.8955213918989877
16.0, 1.9204944822447765
17.0, 1.9479114001489313
18.0, 1.9692832854602618
19.0, 1.9883879286850237
20.0, 2.00756149686377
21.0, 1.978757092264706
22.0, 1.9389809168924876
23.0, 1.8960066592428948
24.0, 1.8493935940515347
25.0, 1.7994067059264511
26.0, 1.7461644426418887
27.0, 1.68998741502416
28.0, 1.6310530262524081
29.0, 1.5697919418763464
30.0, 1.506466411055033
31.0, 1.4416447566349453
32.0, 1.3757194882062085
33.0, 1.3094373625828035
34.0, 1.2433912777526321
35.0, 1.1785891569884595
36.0, 1.1159375355069794
37.0, 1.0568008916379013
38.0, 1.0024847678208517
39.0, 0.9546619715743149
40.0, 0.9149881529125317
41.0, 0.9152772876562884
42.0, 0.8494033800176422
43.0, 0.8462005316458104
44.0, 0.801164248282174
45.0, 0.754809394040339
46.0, 0.7069094068260637
47.0, 0.6572496769508549
48.0, 0.6062837234005827
49.0, 0.5540167682969647
50.0, 0.5013191385946062
51.0, 0.4490747259462916
52.0, 0.3982544434869954
53.0, 0.349687880742184
54.0, 0.30524627996019804
55.0, 0.2674585884571361
56.0, 0.24097687908209411
57.0, 0.22941071694907292
58.0, 0.22785050272955706
59.0, 0.2509413857962364
60.0, 0.2990541690345205
61.0, 0.368742495134623
62.0, 0.45116488888301165
63.0, 0.5376578107413651
64.0, 0.6213042694575021
65.0, 0.6884834155698161
66.0, 0.7483061695499981
67.0, 0.8082289659708777
68.0, 0.8624416362340634
69.0, 0.9152433598924272
70.0, 0.9672418379527806
71.0, 1.0173743227993315
72.0, 1.0697295622723832
73.0, 1.1284502322204248
74.0, 1.1915815849203415
75.0, 1.265897686187995
76.0, 1.349571522442945
77.0, 1.442787661520956
78.0, 1.5408010993302472
79.0, 1.6385961707343861
80.0, 1.7316984834816798
81.0, 1.810363324194431
82.0, 1.8747467350572065
83.0, 1.9383922652933359
84.0, 1.9989433201796192
85.0, 2.0582958821556785
86.0, 2.116841814400387
87.0, 2.173851288090585
88.0, 2.209889004610854
89.0, 2.2503184788670083
90.0, 2.2875826763856577
91.0, 2.360697461695689
92.0, 2.4587777540470652
93.0, 2.558096302857017
94.0, 2.665434680667767
95.0, 2.771290450164957
96.0, 2.873551031539006
97.0, 2.962872242832733
98.0, 3.036220047093728
99.0, 3.1037152650480264
100.0, 3.170740658276342
101.0, 3.2339641799393157
102.0, 3.297887475572865
103.0, 3.3593855370845285
104.0, 3.4234432877355374
105.0, 3.491854259653676
106.0, 3.5665855241203466
107.0, 3.6463578095770885
108.0, 3.7381178925094556
109.0, 3.8367366367929434
110.0, 3.943758105759774
111.0, 4.05106968199352
112.0, 4.154974009498504
113.0, 4.248988042983136
114.0, 4.324926372778419
115.0, 4.394517198175399
116.0, 4.459185330435647
117.0, 4.52313764968251
118.0, 4.586957457618828
119.0, 4.649512529709012
120.0, 4.712180824854544
121.0, 4.780048663339688
122.0, 4.824003301246458
123.0, 4.8659443054506415
124.0, 4.909201538013568
125.0, 4.949882022735483
126.0, 4.99133285925158
127.0, 5.0296908237401015
128.0, 5.068322183250652
129.0, 5.103405423661514
130.0, 5.138316191657074
131.0, 5.169282387148676
132.0, 5.1996915822966345
133.0, 5.225823710591715
134.0, 5.251076642431546
135.0, 5.271786880221434
136.0, 5.291355421410213
137.0, 5.306184583230306
138.0, 5.319676963068197
139.0, 5.328296348823117
140.0, 5.3354482509817265
141.0, 5.337664519223736
142.0, 5.3383449935595575
143.0, 4.627626435775555
144.0, 4.615425505373826
145.0, 4.608058278366313
146.0, 4.601411485380573
147.0, 4.599863972655036
148.0, 4.598999602404677
149.0, 4.603331816859786
150.0, 4.608275198070791
151.0, 4.527742278168318
152.0, 4.4449829291398295
153.0, 4.364575363702464
154.0, 4.281947333370837
155.0, 4.201683311406009
156.0, 4.119202492878829
157.0, 4.0390992569437145
158.0, 3.956783951138651
159.0, 3.8768619500473576
160.0, 3.7947340636098175
161.0, 3.7150168190996067
162.0, 3.6331018087704043
163.0, 3.553617230057112
164.0, 3.471945637023588
165.0, 3.392727235575669
166.0, 3.311335059185298
167.0, 3.3238364330559422
168.0, 3.2450891466131093
169.0, 3.168913229195347
170.0, 3.0907646955761936
171.0, 3.0152369803394183
172.0, 2.9377885635564325
173.0, 2.8630152760081917
174.0, 2.8777847112033017
175.0, 2.8070295858592367
176.0, 2.7347111525663688
177.0, 2.7550272797566224
178.0, 2.7755664437818903
179.0, 2.8002270287297524
180.0, 2.8249123699753884
181.0, 2.7760020458033416
182.0, 2.749063087619593
183.0, 2.7258059685853295
184.0, 2.702649411774965
185.0, 2.683847667492514
186.0, 2.6653355082678836
187.0, 2.65171517094538
188.0, 2.638558072121321
189.0, 2.6306697797206144
190.0, 2.6233885871803215
191.0, 2.621566395568016
192.0, 2.6204525686785645
193.0, 2.6247831455741313
194.0, 2.629872519929661
195.0, 2.551227952205229
196.0, 2.4705811298340645
197.0, 2.3924269072690563
198.0, 2.4014584650337407
199.0, 2.3264416808785033
200.0, 2.249801500807545
201.0, 2.1758511823024542
202.0, 2.100412671163674
203.0, 2.0277772115751573
204.0, 1.9538211995067594
205.0, 1.8828138400470402
206.0, 1.810706370175114
207.0, 1.7417379185728457
208.0, 1.6719603802884024
209.0, 1.6055745021483383
210.0, 1.5387668219986947
211.0, 1.475684068876508
212.0, 1.4126953585217359
213.0, 1.3538733118558754
214.0, 1.2958276923018435
215.0, 1.242520484832829
216.0, 1.1908759204986312
217.0, 1.1446821253199677
218.0, 1.1012526095473376
219.0, 1.1299534439516024
220.0, 1.098834133927327
221.0, 1.0692364036187938
222.0, 1.0553991654675685
223.0, 1.0193457735386424
224.0, 0.9858680378277537
225.0, 0.9672176343812064
226.0, 0.9333799405501816
227.0, 0.9152386473588537
228.0, 0.891561028876192
229.0, 0.8727303256558272
230.0, 0.8545636974600693
231.0, 0.8421228543915845
232.0, 0.8305901496219854
233.0, 0.8255229821022699
234.0, 0.821473406346301
235.0, 0.8242414450355384
236.0, 0.8279578542236626
237.0, 0.8383840980438843
238.0, 0.8495124861707699
239.0, 0.8509005153613702
240.0, 0.8495250871422027
241.0, 0.8509012672131826
242.0, 0.8495249659870023
243.0, 0.8616152655100116
244.0, 0.8752094509421532
245.0, 0.8899582262949508
246.0, 0.9072560838606902
247.0, 0.9259501974236786
248.0, 0.9467498045571544
249.0, 0.96861564173395
250.0, 0.9921518014504969
251.0, 1.0197890426672729
252.0, 1.0442246581580807
253.0, 1.070301057716618
254.0, 1.0970145861663574
255.0, 1.1237611537197985
256.0, 1.150932538655379
257.0, 1.1777950345555759
258.0, 1.2047844233363805
259.0, 1.2312123777980262
260.0, 1.2574988619180774
261.0, 1.2830545370227637
262.0, 1.3082461251738935
263.0, 1.2801695209526758
264.0, 1.2452559345870045
265.0, 1.2084949105624987
266.0, 1.169507764395904
267.0, 1.128639886148202
268.0, 1.085781715588516
269.0, 1.0413300118358706
270.0, 0.9951664952797755
271.0, 0.947769412198366
272.0, 0.8990331040012918
273.0, 0.849528839277614
274.0, 0.7992019702345884
275.0, 0.7458330556639925
276.0, 0.6901521736884292
277.0, 0.6308014554935032
278.0, 0.580348524661822
279.0, 0.5325980785184268
280.0, 0.48798129823925895
281.0, 0.43638561254846114
282.0, 0.39184235806297046
ee_box_dist
0.0, 0.5575707657653017
1.0, 0.613147673732866
2.0, 0.643669054619358
3.0, 0.6829850393465733
4.0, 0.7215914679964378
5.0, 0.7593088885288988
6.0, 0.7975661661888243
7.0, 0.8340325932988084
8.0, 0.8685607790639858
9.0, 0.900194600470691
10.0, 0.9347090773206512
11.0, 0.9650106462915947
12.0, 0.9915569962529335
13.0, 1.0227306984263254
14.0, 1.0446581099994867
15.0, 1.0670897416995868
16.0, 1.087893334531548
17.0, 1.1110065797595232
18.0, 1.1287440578766348
19.0, 1.1443998494533076
20.0, 1.1601856176947243
21.0, 1.1402818682640823
22.0, 1.1129904698747044
23.0, 1.083055530178118
24.0, 1.0501188429025952
25.0, 1.0143440177702014
26.0, 0.9757334006638008
27.0, 0.9343944772235523
28.0, 0.890381004044839
29.0, 0.8438714570946843
30.0, 0.7948505774980436
31.0, 0.7436131467966437
32.0, 0.6900475040369914
33.0, 0.6345906372184901
34.0, 0.5771102636342079
35.0, 0.5181108036082724
36.0, 0.45747661264729084
37.0, 0.3956949583952035
38.0, 0.33286071307174037
39.0, 0.269725835562939
40.0, 0.20707453835975037
41.0, 0.08025356375237407
42.0, 0.08290160045491028
43.0, 0.08302875969575893
44.0, 0.08297747541563363
45.0, 0.08302999599496377
46.0, 0.08298387938983984
47.0, 0.08302963558135602
48.0, 0.08298905615499809
49.0, 0.08302845176625688
50.0, 0.08299344869582158
51.0, 0.0830269153562312
52.0, 0.08299682158167461
53.0, 0.08302541655824949
54.0, 0.08299972056210948
55.0, 0.08302326562266413
56.0, 0.08300177329542181
57.0, 0.08302111091649796
58.0, 0.08300316872442488
59.0, 0.08301913353503632
60.0, 0.08300446715407667
61.0, 0.08301645520453106
62.0, 0.08300534134599744
63.0, 0.08301409931385988
64.0, 0.08300587164319131
65.0, 0.08301184805275276
66.0, 0.08300612823221878
67.0, 0.08300968144727086
68.0, 0.08300623733516113
69.0, 0.08300777926547336
70.0, 0.08300728766505
71.0, 0.08300639170909886
72.0, 0.08300767531010618
73.0, 0.08300536623598677
74.0, 0.0830090176128036
75.0, 0.08300526225313672
76.0, 0.08301043794642446
77.0, 0.08300557277340438
78.0, 0.0830127115516467
79.0, 0.08300697641783249
80.0, 0.08301539746390191
81.0, 0.08300939798221227
82.0, 0.08301894094231983
83.0, 0.0830129163555394
84.0, 0.08302301819375245
85.0, 0.0830170438611973
86.0, 0.08876280759401635
87.0, 0.12455127215478183
88.0, 0.1350621562089169
89.0, 0.1333104704641225
90.0, 0.08974501194087682
91.0, 0.1141566619373251
92.0, 0.10923671833591013
93.0, 0.1108817504798104
94.0, 0.10904894888771499
95.0, 0.11087250341056122
96.0, 0.10904862992294496
97.0, 0.11087245142303985
98.0, 0.10904867824326543
99.0, 0.11087245142303985
100.0, 0.10904867824326543
101.0, 0.11087256557076672
102.0, 0.10904867824326543
103.0, 0.11087245142303985
104.0, 0.10904867824326543
105.0, 0.11087245142303985
106.0, 0.10904867824326543
107.0, 0.11087245142303985
108.0, 0.10904867824326543
109.0, 0.11087245142303985
110.0, 0.10904867824326543
111.0, 0.11087251716148207
112.0, 0.10904866085115555
113.0, 0.11087249983232114
114.0, 0.10904867824326543
115.0, 0.08352984546039703
116.0, 0.1067298922466272
117.0, 0.11077286654610745
118.0, 0.10904651033552737
119.0, 0.11087230081934615
120.0, 0.10797990868236039
121.0, 0.11086583368243788
122.0, 0.10905056257910588
123.0, 0.11087256971241251
124.0, 0.10904862992294496
125.0, 0.11087249983232114
126.0, 0.10904867824326543
127.0, 0.11087245142303985
128.0, 0.10904867824326543
129.0, 0.11087245142303985
130.0, 0.10904867824326543
131.0, 0.11087245142303985
132.0, 0.10904867824326543
133.0, 0.11087245142303985
134.0, 0.10904867824326543
135.0, 0.11087245142303985
136.0, 0.10904867824326543
137.0, 0.11087245142303985
138.0, 0.10904867824326543
139.0, 0.11087245142303985
140.0, 0.10904867824326543
141.0, 0.11087245142303985
142.0, 0.10904867824326543
143.0, 0.10762033556877751
144.0, 0.10617197373136761
145.0, 0.10762835954774212
146.0, 0.10617210293377537
147.0, 0.10762827848203638
148.0, 0.1061724192268916
149.0, 0.10762810220023926
150.0, 0.1061720972645201
151.0, 0.10762780000408728
152.0, 0.10617234119437424
153.0, 0.10762759784449785
154.0, 0.10617249566767827
155.0, 0.10762754940042345
156.0, 0.10617255367923203
157.0, 0.10762754940042345
158.0, 0.10617249566767827
159.0, 0.10762759784449785
160.0, 0.10617249566767827
161.0, 0.10762754940042345
162.0, 0.10617255367923203
163.0, 0.10762736643994643
164.0, 0.10617255367923203
165.0, 0.10762731799576786
166.0, 0.10617255367923203
167.0, 0.1076272090294732
168.0, 0.10617135771870079
169.0, 0.10762759573830526
170.0, 0.10617180093738272
171.0, 0.10762726594428156
172.0, 0.10617173687650058
173.0, 0.10762737484600174
174.0, 0.10617103468350861
175.0, 0.10762675804799189
176.0, 0.10617107735319327
177.0, 0.10762589619122587
178.0, 0.10616942920315613
179.0, 0.10762415815864511
180.0, 0.10616778196391707
181.0, 0.1076232462220157
182.0, 0.10616907753677352
183.0, 0.10762484399470623
184.0, 0.10617029908440652
185.0, 0.10762657364155255
186.0, 0.10617142239015954
187.0, 0.10762776678211379
188.0, 0.10617238563953289
189.0, 0.10762826871006854
190.0, 0.10617233882064699
191.0, 0.10762845744691692
192.0, 0.10617235265695138
193.0, 0.10762833118950134
194.0, 0.1061720480806239
195.0, 0.10762836933533153
196.0, 0.10617188808426653
197.0, 0.1076284598048197
198.0, 0.10617180175198002
199.0, 0.1076284882419017
200.0, 0.10617193161056727
201.0, 0.10762849210470268
202.0, 0.10617197579524607
203.0, 0.10762849210470268
204.0, 0.10617197579524607
205.0, 0.10762849210470268
206.0, 0.1061719537018382
207.0, 0.10762849210470268
208.0, 0.10617197579524607
209.0, 0.10762876903491306
210.0, 0.1061719537018382
211.0, 0.10762876903491306
212.0, 0.10617197579524607
213.0, 0.10762876903491306
214.0, 0.10617197579524607
215.0, 0.10762876903491306
216.0, 0.10617197579524607
217.0, 0.10762876903491306
218.0, 0.10617197579524607
219.0, 0.10762754070482387
220.0, 0.10617194073254627
221.0, 0.08155307089265866
222.0, 0.10436760899022318
223.0, 0.07705373356443686
224.0, 0.08003279292644896
225.0, 0.10472208953603873
226.0, 0.0792334542304285
227.0, 0.10521161787261285
228.0, 0.10610930429480282
229.0, 0.10762768661353372
230.0, 0.10617250979412544
231.0, 0.1076276714747949
232.0, 0.10617166256550764
233.0, 0.10762665841421744
234.0, 0.10617070517268408
235.0, 0.10762524023492193
236.0, 0.10616874794998743
237.0, 0.10762337912825445
238.0, 0.1061666869095801
239.0, 0.11079848465206538
240.0, 0.10904459180731267
241.0, 0.11086897552443492
242.0, 0.10904620543964992
243.0, 0.0721873192017776
244.0, 0.07220195019429604
245.0, 0.07148221646290319
246.0, 0.07204955138717119
247.0, 0.07129641321685899
248.0, 0.07183588240721216
249.0, 0.07105935962687575
250.0, 0.0715522724143437
251.0, 0.07245551689984979
252.0, 0.07158343810769999
253.0, 0.07057371072361712
254.0, 0.07086419716136373
255.0, 0.06978934722275622
256.0, 0.07006050937259214
257.0, 0.068878065866008
258.0, 0.06911344414961612
259.0, 0.06782132380275453
260.0, 0.06803234894358315
261.0, 0.06664367712144632
262.0, 0.06685042965787993
263.0, 0.0799464730087812
264.0, 0.08059064887611707
265.0, 0.08077648565329991
266.0, 0.08109298205950563
267.0, 0.08124505672253951
268.0, 0.08152179103859988
269.0, 0.08163987006051576
270.0, 0.08187021442197877
271.0, 0.0819473980465511
272.0, 0.08212781589502033
273.0, 0.08215976329122963
274.0, 0.08228857748873873
275.0, 0.0824081469100928
276.0, 0.08263091177491252
277.0, 0.08205208173843566
278.0, 0.08229550415933834
279.0, 0.0821636835245036
280.0, 0.08213762700970119
281.0, 0.08179548756891242
282.0, 0.08171565240971021
spot_hold
0, 0
1, 0
2, 0
3, 0
4, 0
5, 0
6, 0
7, 0
8, 0
9, 0
10, 0
11, 0
12, 0
13, 0
14, 0
15, 0
16, 0
17, 0
18, 0
19, 0
20, 0
21, 0
22, 0
23, 0
24, 0
25, 0
26, 0
27, 0
28, 0
29, 0
30, 0
31, 0
32, 0
33, 0
34, 0
35, 0
36, 0
37, 0
38, 0
39, 0
40, 0
41, 1
42, 1
43, 1
44, 1
45, 1
46, 1
47, 1
48, 1
49, 1
50, 1
51, 1
52, 1
53, 1
54, 1
55, 1
56, 1
57, 1
58, 1
59, 1
60, 1
61, 1
62, 1
63, 1
64, 1
65, 1
66, 1
67, 1
68, 1
69, 1
70, 1
71, 1
72, 1
73, 1
74, 1
75, 1
76, 1
77, 1
78, 1
79, 1
80, 1
81, 1
82, 1
83, 1
84, 1
85, 1
86, 1
87, 1
88, 1
89, 1
90, 1
91, 1
92, 1
93, 1
94, 1
95, 1
96, 1
97, 1
98, 1
99, 1
100, 1
101, 1
102, 1
103, 1
104, 1
105, 1
106, 1
107, 1
108, 1
109, 1
110, 1
111, 1
112, 1
113, 1
114, 1
115, 1
116, 1
117, 1
118, 1
119, 1
120, 1
121, 1
122, 1
123, 1
124, 1
125, 1
126, 1
127, 1
128, 1
129, 1
130, 1
131, 1
132, 1
133, 1
134, 1
135, 1
136, 1
137, 1
138, 1
139, 1
140, 1
141, 1
142, 1
143, 1
144, 1
145, 1
146, 1
147, 1
148, 1
149, 1
150, 1
151, 1
152, 1
153, 1
154, 1
155, 1
156, 1
157, 1
158, 1
159, 1
160, 1
161, 1
162, 1
163, 1
164, 1
165, 1
166, 1
167, 1
168, 1
169, 1
170, 1
171, 1
172, 1
173, 1
174, 1
175, 1
176, 1
177, 1
178, 1
179, 1
180, 1
181, 1
182, 1
183, 1
184, 1
185, 1
186, 1
187, 1
188, 1
189, 1
190, 1
191, 1
192, 1
193, 1
194, 1
195, 1
196, 1
197, 1
198, 1
199, 1
200, 1
201, 1
202, 1
203, 1
204, 1
205, 1
206, 1
207, 1
208, 1
209, 1
210, 1
211, 1
212, 1
213, 1
214, 1
215, 1
216, 1
217, 1
218, 1
219, 1
220, 1
221, 1
222, 1
223, 1
224, 1
225, 1
226, 1
227, 1
228, 1
229, 1
230, 1
231, 1
232, 1
233, 1
234, 1
235, 1
236, 1
237, 1
238, 1
239, 1
240, 1
241, 1
242, 1
243, 1
244, 1
245, 1
246, 1
247, 1
248, 1
249, 1
250, 1
251, 1
252, 1
253, 1
254, 1
255, 1
256, 1
257, 1
258, 1
259, 1
260, 1
261, 1
262, 1
263, 1
264, 1
265, 1
266, 1
267, 1
268, 1
269, 1
270, 1
271, 1
272, 1
273, 1
274, 1
275, 1
276, 1
277, 1
278, 1
279, 1
280, 1
281, 1
282, 1
