bot_dist
0.0, 3.621251955887415
1.0, 3.627601650937322
2.0, 3.633967769170011
3.0, 3.6403502244246067
4.0, 3.646748930923081
5.0, 3.6531638032707363
6.0, 3.659594756456638
7.0, 3.6660417058539934
8.0, 3.6725045672204852
9.0, 3.6789832566985576
10.0, 3.68547769081565
11.0, 3.6919877864843915
12.0, 3.698513461002746
13.0, 3.705054632054112
14.0, 3.7116112177073823
15.0, 3.7181831364169597
16.0, 3.7247703070227263
17.0, 3.731372648749977
18.0, 3.7379900812093108
19.0, 3.7446225243964837
20.0, 3.7512698986922186
21.0, 3.7579321248619824
22.0, 3.7646091240557222
23.0, 3.771300817807566
24.0, 3.77800712803549
25.0, 3.7847279770409474
26.0, 3.7914632875084626
27.0, 3.798212982505197
28.0, 3.8049769854804776
29.0, 3.811755220265293
30.0, 3.818547611071761
31.0, 3.8253540824925634
32.0, 3.8321745595003525
33.0, 3.839008967447126
34.0, 3.845857232063576
35.0, 3.852719279458406
36.0, 3.8595950361176263
37.0, 3.866484428903817
38.0, 3.8733873850553673
39.0, 3.8803038321856924
40.0, 3.8872336982824196
41.0, 3.8941769117065537
42.0, 3.9011334011916197
43.0, 3.9081030958427814
44.0, 3.915085925135934
45.0, 3.9220818189167845
46.0, 3.9290907073998964
47.0, 3.9361125211677286
48.0, 3.9431471911696447
49.0, 3.9501946487209056
50.0, 3.9572548255016415
51.0, 3.9643276535558094
52.0, 3.9714130652901263
53.0, 3.978510993472992
54.0, 3.9856213712333894
55.0, 3.9927441320597694
56.0, 3.999879209798923
57.0, 4.007026538654831
58.0, 4.014186053187508
59.0, 4.021357688311825
60.0, 4.0285413792963185
61.0, 4.035737061761986
62.0, 4.042944671681074
63.0, 4.050164145375843
64.0, 4.057395419517329
65.0, 4.064638431124091
66.0, 4.071893117560939
67.0, 4.079159416537665
68.0, 4.086437266107752
69.0, 4.093726604667077
70.0, 4.101027370952599
71.0, 4.1083395040410515
72.0, 4.1156629433476075
73.0, 4.122997628624547
74.0, 4.130343499959915
75.0, 4.137700497776165
76.0, 4.145068562828806
77.0, 4.1524476362050295
78.0, 4.159837659322337
79.0, 4.16723857392716
80.0, 4.1746503220934725
81.0, 4.182072846221395
82.0, 4.189506089035801
83.0, 4.196949993584901
84.0, 4.2044045032388455
85.0, 4.2118695616883
86.0, 4.2193451129430315
87.0, 4.226831101330478
88.0, 4.234327471494325
89.0, 4.241834168393074
90.0, 4.249351137298603
91.0, 4.256878323794729
92.0, 4.26441567377577
93.0, 4.271963133445092
94.0, 4.27952064931367
95.0, 4.2870881681986335
96.0, 4.294665637221816
97.0, 4.302253003808301
98.0, 4.309850215684966
99.0, 4.317457220879032
100.0, 4.325073967716595
101.0, 4.325073967716595
102.0, 4.325073967716595
103.0, 4.325073967716595
104.0, 4.325073967716595
105.0, 4.325073967716595
106.0, 4.325073967716595
107.0, 4.325073967716595
108.0, 4.325073967716595
109.0, 4.325073967716595
110.0, 4.325073967716595
111.0, 4.325073967716595
112.0, 4.325073967716595
113.0, 4.325073967716595
114.0, 4.325073967716595
115.0, 4.325073967716595
116.0, 4.325073967716595
117.0, 4.325073967716595
118.0, 4.325073967716595
119.0, 4.325073967716595
120.0, 4.325073967716595
121.0, 4.325073967716595
122.0, 4.325073967716595
123.0, 4.325073967716595
124.0, 4.325073967716595
125.0, 4.325073967716595
126.0, 4.325073967716595
127.0, 4.325073967716595
128.0, 4.325073967716595
129.0, 4.325073967716595
130.0, 4.325073967716595
131.0, 4.317457220879032
132.0, 4.309850215684966
133.0, 4.302253003808301
134.0, 4.294665637221816
135.0, 4.2870881681986335
136.0, 4.27952064931367
137.0, 4.271963133445092
138.0, 4.26441567377577
139.0, 4.256878323794729
140.0, 4.249351137298603
141.0, 4.241834168393074
142.0, 4.234327471494325
143.0, 4.2306696471597025
144.0, 4.223190462948602
145.0, 4.215721730486985
146.0, 4.20826350542345
147.0, 4.200815843723227
148.0, 4.193378801669583
149.0, 4.185952435865237
150.0, 4.178536803233749
151.0, 4.089053388347602
152.0, 3.999587179654739
153.0, 3.9101393185287088
154.0, 3.820711136251685
155.0, 3.7313040477531447
156.0, 3.6419196065547963
157.0, 3.552559522114353
158.0, 3.4632256798323664
159.0, 3.373920164210059
160.0, 3.284645285750652
161.0, 3.1954036123270275
162.0, 3.106198005901929
163.0, 3.0170316656928726
164.0, 2.927908179135024
165.0, 2.8388315823285315
166.0, 2.7498064320846183
167.0, 2.7421367421418057
168.0, 2.6519766483525835
169.0, 2.561837269121636
170.0, 2.471720701649216
171.0, 2.3816295354041688
172.0, 2.2915667662769845
173.0, 2.2015358793688393
174.0, 2.1938233614640295
175.0, 2.1031835609626546
176.0, 2.0125752767222718
177.0, 2.004901243917852
178.0, 1.9972477940584896
179.0, 1.989615164673356
180.0, 1.98200359629931
181.0, 1.895369833449606
182.0, 1.88789021983022
183.0, 1.8804340345592923
184.0, 1.87300155743283
185.0, 1.8655930718088576
186.0, 1.858208864642277
187.0, 1.8508492265194378
188.0, 1.8435144516923632
189.0, 1.836204838112599
190.0, 1.8289206874646506
191.0, 1.8216623051989504
192.0, 1.8144300005643281
193.0, 1.8072240866399252
194.0, 1.800044880366511
195.0, 1.731220616857737
196.0, 1.6638680970139343
197.0, 1.5981734046767746
198.0, 1.5904342308664843
199.0, 1.531735980828455
200.0, 1.4754798168841359
201.0, 1.4219556139049019
202.0, 1.3714832658892273
203.0, 1.3244117305913543
204.0, 1.281115927017177
205.0, 1.241990784024369
206.0, 1.2074417996579139
207.0, 1.1778717223603377
208.0, 1.153663465628675
209.0, 1.1351601174864767
210.0, 1.1226437972717567
211.0, 1.116315905820963
212.0, 1.1162816895570289
213.0, 1.1225417239938136
214.0, 1.1349918663096235
215.0, 1.15343177331695
216.0, 1.1775800427543568
217.0, 1.2070941308687613
218.0, 1.241591441155445
219.0, 1.2333281929078477
220.0, 1.2780689134214396
221.0, 1.326512713018871
222.0, 1.378269176344235
223.0, 1.37097148081279
224.0, 1.3637080624392972
225.0, 1.3564794718462945
226.0, 1.3492862687870917
227.0, 1.3421290222452205
228.0, 1.3350083105310475
229.0, 1.3279247213752527
230.0, 1.3208788520188572
231.0, 1.3208788520188572
232.0, 1.3208788520188572
233.0, 1.3208788520188572
234.0, 1.3208788520188572
235.0, 1.3208788520188572
236.0, 1.3208788520188572
237.0, 1.3208788520188572
238.0, 1.3208788520188572
239.0, 1.3208788520188572
240.0, 1.3208788520188572
241.0, 1.3208788520188572
242.0, 1.3208788520188572
243.0, 1.3208788520188572
244.0, 1.3208788520188572
245.0, 1.3208788520188572
246.0, 1.3208788520188572
247.0, 1.3208788520188572
248.0, 1.3208788520188572
249.0, 1.3208788520188572
250.0, 1.3208788520188572
251.0, 1.3208788520188572
252.0, 1.3208788520188572
253.0, 1.3208788520188572
254.0, 1.3208788520188572
255.0, 1.3208788520188572
256.0, 1.3208788520188572
257.0, 1.3208788520188572
258.0, 1.3208788520188572
259.0, 1.3208788520188572
260.0, 1.3208788520188572
261.0, 1.3279247213752527
262.0, 1.3350083105310475
263.0, 1.3421290222452205
264.0, 1.3492862687870917
265.0, 1.3564794718462945
266.0, 1.3637080624392972
267.0, 1.37097148081279
268.0, 1.378269176344235
269.0, 1.385600607439874
270.0, 1.3929652414304567
271.0, 1.4003625544649512
272.0, 1.407792031402482
273.0, 1.4152531657027239
274.0, 1.4227454593149704
275.0, 1.4302684225660864
276.0, 1.4378215740475333
277.0, 1.4454044405016548
278.0, 1.453016556707393
279.0, 1.460657465365595
280.0, 1.4683267169840686
281.0, 1.476023869762515
282.0, 1.4837484894774917
ee_dist
0.0, 1.1533235883574133
1.0, 1.1945524373701797
2.0, 1.2920251918951977
3.0, 1.3787696718988183
4.0, 1.4086651636558982
5.0, 1.4343105031580738
6.0, 1.4676133035748629
7.0, 1.5013853010834346
8.0, 1.5361890235882893
9.0, 1.5703685602675368
10.0, 1.6042566136189758
11.0, 1.6361222229757808
12.0, 1.6669133907759623
13.0, 1.6950499400111576
14.0, 1.722552005652933
15.0, 1.7471505957426863
16.0, 1.771388655349897
17.0, 1.7926038912335327
18.0, 1.8138942601503694
19.0, 1.8322602974581845
20.0, 1.851122723845251
21.0, 1.824653703235089
22.0, 1.7870884202872142
23.0, 1.7465000047247297
24.0, 1.702401575993916
25.0, 1.6550251315858375
26.0, 1.6044505256498947
27.0, 1.55095468961698
28.0, 1.4946666182828914
29.0, 1.435961117956711
30.0, 1.3750392948247636
31.0, 1.3124011013568515
32.0, 1.2483617291603541
33.0, 1.1835849526287403
34.0, 1.118573532636812
35.0, 1.0542513637880873
36.0, 0.9914400463810801
37.0, 0.9314574008426905
38.0, 0.8763263145907325
39.0, 0.8257361102015341
40.0, 0.7833491138133876
41.0, 0.7836993020979173
42.0, 0.7659302670275953
43.0, 0.9291588970490446
44.0, 0.8862833866251955
45.0, 0.8417914884596008
46.0, 0.7954379410634498
47.0, 0.746992365873997
48.0, 0.6967856817397328
49.0, 0.644719001560521
50.0, 0.5915077086187929
51.0, 0.5377280280898584
52.0, 0.48391249513296997
53.0, 0.43028454663230226
54.0, 0.3776109888900566
55.0, 0.326808703274969
56.0, 0.28048720126269827
57.0, 0.2411190687062144
58.0, 0.2662160365290043
59.0, 0.3227570276409106
60.0, 0.39404376718383616
61.0, 0.4780290604563231
62.0, 0.5683764250031003
63.0, 0.6589405329961138
64.0, 0.7446535212005911
65.0, 0.8121830170153781
66.0, 0.8710724503839309
67.0, 0.9304780264805727
68.0, 0.9845554080668252
69.0, 1.037549560633859
70.0, 1.0901607402348987
71.0, 1.1409268719667296
72.0, 1.194959628428995
73.0, 1.254911024347704
74.0, 1.3193568161171685
75.0, 1.3949041356421574
76.0, 1.479731278402907
77.0, 1.5739808173412162
78.0, 1.6727867999986399
79.0, 1.7710733428204113
80.0, 1.8644231368299828
81.0, 1.943031264172266
82.0, 2.007115639140602
83.0, 2.0703241638413736
84.0, 2.130650149544322
85.0, 2.1899164452702324
86.0, 2.2485087421887333
87.0, 2.3058538897783016
88.0, 2.335134649612869
89.0, 2.4029367711247636
90.0, 2.448340777395778
91.0, 2.510530227776353
92.0, 2.6037212125357576
93.0, 2.705860714290702
94.0, 2.8114606256381993
95.0, 2.9197984858418033
96.0, 3.0200139112936393
97.0, 3.111506810321952
98.0, 3.182535209649441
99.0, 3.251905724807392
100.0, 3.31658318318413
101.0, 3.381882154019738
102.0, 3.4436245731836284
103.0, 3.5073546447083195
104.0, 3.5695197674902324
105.0, 3.6402577748472407
106.0, 3.713099929025282
107.0, 3.795294544038858
108.0, 3.885142661211495
109.0, 3.986204602529831
110.0, 4.091281036587755
111.0, 4.200962379817083
112.0, 4.30274599194699
113.0, 4.398955158915327
114.0, 4.472605461958222
115.0, 4.537263488827209
116.0, 4.607814178373431
117.0, 4.672524717821786
118.0, 4.7341499771262745
119.0, 4.798898560689467
120.0, 4.8396763513031695
121.0, 4.882629670932949
122.0, 4.922443658788142
123.0, 4.963888096498216
124.0, 5.001676660380269
125.0, 5.0405940710059305
126.0, 5.075393260131093
127.0, 5.110872275641923
128.0, 5.141829443349277
129.0, 5.173073399900249
130.0, 5.199453446364306
131.0, 5.225790240320674
132.0, 5.2469852345649
133.0, 5.267865254665331
134.0, 5.283393210261405
135.0, 5.2983983469659695
136.0, 5.307905131645498
137.0, 5.316746550710813
138.0, 5.320011185261507
139.0, 5.322529725199475
140.0, 5.319459293908359
141.0, 5.315628126183348
142.0, 5.306260811949441
143.0, 4.578059711162044
144.0, 4.5667183390897215
145.0, 4.555966471110692
146.0, 4.550639096167108
147.0, 4.545769125178239
148.0, 4.546510872967056
149.0, 4.547698600727467
150.0, 4.554487814030839
151.0, 4.471170807217393
152.0, 4.390461218235654
153.0, 4.30724376480066
154.0, 4.2266379844531405
155.0, 4.143534968163968
156.0, 4.063046519940832
157.0, 3.9800717165167794
158.0, 3.899715503593913
159.0, 3.816885552256224
160.0, 3.7366790882981094
161.0, 3.6540136046084455
162.0, 3.5739776985957925
163.0, 3.4915000506571086
164.0, 3.411659037356656
165.0, 3.3293966954023557
166.0, 3.2497805769745205
167.0, 3.259284284030407
168.0, 3.182016377025557
169.0, 3.1025464371802736
170.0, 3.0257896669872455
171.0, 2.946893797040121
172.0, 2.870737649669183
173.0, 2.792512160674239
174.0, 2.8091205985311176
175.0, 2.7347515224853245
176.0, 2.6632521393047806
177.0, 2.6811157002280037
178.0, 2.7036037077521815
179.0, 2.7263924602220255
180.0, 2.753064068666278
181.0, 2.700446545249459
182.0, 2.6749950774820044
183.0, 2.649762187969184
184.0, 2.628700275872332
185.0, 2.6079896114511376
186.0, 2.592140351328278
187.0, 2.5767564947028596
188.0, 2.5667609739563284
189.0, 2.557325360272259
190.0, 2.553605226686772
191.0, 2.5505080858567313
192.0, 2.5532290143764134
193.0, 2.5565954805490976
194.0, 2.565650108586818
195.0, 2.485694429206643
196.0, 2.4084964314009776
197.0, 2.329195884314303
198.0, 2.342355208767102
199.0, 2.2667657590016863
200.0, 2.194125915816006
201.0, 2.119897579396567
202.0, 2.0487247647708466
203.0, 1.9761730623386682
204.0, 1.9068070886557782
205.0, 1.8363306903397028
206.0, 1.7692113692668592
207.0, 1.701327575294518
208.0, 1.637027778985724
209.0, 1.5724111041566198
210.0, 1.5116765490472388
211.0, 1.451203873906608
212.0, 1.3950011171698842
213.0, 1.3397997468689937
214.0, 1.289358650300105
215.0, 1.2408426541216047
216.0, 1.197672014112314
217.0, 1.1575286673161207
218.0, 1.1233639569597211
219.0, 1.153568194307401
220.0, 1.1318836695884469
221.0, 1.1153733141927613
222.0, 1.1053558290195098
223.0, 1.0725042313224973
224.0, 1.040766054136497
225.0, 1.0092816667159197
226.0, 0.9799997868863685
227.0, 0.9511634706228642
228.0, 0.9256708134833445
229.0, 0.9008924260634132
230.0, 0.88060431407254
231.0, 0.8613434325074246
232.0, 0.8476106106359954
233.0, 0.8351991445266885
234.0, 0.8290864051937508
235.0, 0.824482083988439
236.0, 0.8265276914964236
237.0, 0.8300881769528223
238.0, 0.8416917228680454
239.0, 0.8388553971040437
240.0, 0.8399288279448226
241.0, 0.8387730653050202
242.0, 0.8399582841114323
243.0, 0.8505885217080229
244.0, 0.8608538516576605
245.0, 0.8725360874510462
246.0, 0.888275071178757
247.0, 0.9059258087533815
248.0, 0.9266353065526828
249.0, 0.9491189377919531
250.0, 0.9737948183496599
251.0, 0.9996860934302597
252.0, 1.027102927801456
253.0, 1.055378879506724
254.0, 1.0846839059217457
255.0, 1.1143165499364265
256.0, 1.144547065539774
257.0, 1.1746842577559093
258.0, 1.205034719311469
259.0, 1.2349772714356764
260.0, 1.2647999200437254
261.0, 1.2939946299809357
262.0, 1.3227873021417509
263.0, 1.29215628002544
264.0, 1.255275873187261
265.0, 1.2164248372467774
266.0, 1.1752557838393665
267.0, 1.1321164646308297
268.0, 1.0868802303410918
269.0, 1.0399483534289682
270.0, 0.9911801659787808
271.0, 0.9410576156681576
272.0, 0.889445036122711
273.0, 0.8369141397296849
274.0, 0.783425987092986
275.0, 0.7275845390667267
276.0, 0.668774944896555
277.0, 0.6102459966992608
278.0, 0.5559681550832828
279.0, 0.503478863751455
280.0, 0.4540928390308477
281.0, 0.40487299463676873
282.0, 0.3664226096586438
ee_box_dist
0.0, 0.5575707657653017
1.0, 0.613147673732866
2.0, 0.643669054619358
3.0, 0.6829850393465733
4.0, 0.7215914679964378
5.0, 0.7593088885288988
6.0, 0.7975661661888243
7.0, 0.8326245027208131
8.0, 0.865973971332361
9.0, 0.8976440300372465
10.0, 0.9279010964529412
11.0, 0.9558745211718852
12.0, 0.98242303033058
13.0, 1.0064762549529596
14.0, 1.029736223710608
15.0, 1.0504399874689818
16.0, 1.070748256359969
17.0, 1.0884137271887655
18.0, 1.106170080346277
19.0, 1.121378325185592
20.0, 1.1371040409178221
21.0, 1.1182623752749916
22.0, 1.091683008085559
23.0, 1.0625777458262649
24.0, 1.030542631505886
25.0, 0.9957425893757532
26.0, 0.9581462043177361
27.0, 0.9179310121272798
28.0, 0.8750611197783238
29.0, 0.8297562744780193
30.0, 0.7819751886682543
31.0, 0.7319806198615463
32.0, 0.679735159893669
33.0, 0.625555757463626
34.0, 0.5694287148701368
35.0, 0.5117137510050552
36.0, 0.4524283286076406
37.0, 0.391950346924078
38.0, 0.3308763506300277
39.0, 0.2688086173680522
40.0, 0.20741012262563494
41.0, 0.08025570329963451
42.0, 0.08290435359940478
43.0, 0.08303135204101665
44.0, 0.08298001176975033
45.0, 0.0830326484317188
46.0, 0.08298614228961418
47.0, 0.08303185926944669
48.0, 0.08299114416985735
49.0, 0.08303041702972255
50.0, 0.08299515695629558
51.0, 0.08302888551240577
52.0, 0.08299836531480652
53.0, 0.08302717470933459
54.0, 0.08300099078166281
55.0, 0.08302477407599392
56.0, 0.08300297583260666
57.0, 0.08302269508675002
58.0, 0.08300435098667085
59.0, 0.083020177894819
60.0, 0.08300536176045602
61.0, 0.08301766843296715
62.0, 0.0830061753810999
63.0, 0.0830149916984436
64.0, 0.08300637558054305
65.0, 0.08301252154715807
66.0, 0.08300677480250704
67.0, 0.08300998843430167
68.0, 0.08300700323768467
69.0, 0.08300807282533562
70.0, 0.08300750207017432
71.0, 0.08300661533920402
72.0, 0.08300790093789626
73.0, 0.08300552433019114
74.0, 0.0830091991815501
75.0, 0.08300522092037271
76.0, 0.08301053541513165
77.0, 0.08300554308601153
78.0, 0.08301242929692121
79.0, 0.08300684502423603
80.0, 0.08301521124435643
81.0, 0.08300913079403419
82.0, 0.08301842045421971
83.0, 0.08301248872590081
84.0, 0.083023043908093
85.0, 0.08301667720407072
86.0, 0.08865108505182137
87.0, 0.12448844609143056
88.0, 0.091554085965735
89.0, 0.11926733483261391
90.0, 0.131213009985844
91.0, 0.12067890353308382
92.0, 0.11908180852083719
93.0, 0.11941529063173804
94.0, 0.11897614121927018
95.0, 0.1194020127915106
96.0, 0.11897460606882959
97.0, 0.11940192030050253
98.0, 0.1189746866386879
99.0, 0.11940165376650701
100.0, 0.11897459200997602
101.0, 0.11940179920394384
102.0, 0.1189746866386879
103.0, 0.11940157532960056
104.0, 0.11897459200997602
105.0, 0.11940179920394384
106.0, 0.1189746866386879
107.0, 0.11940192030050253
108.0, 0.11897473909082842
109.0, 0.11940181325987997
110.0, 0.11897473909082842
111.0, 0.11940192030050253
112.0, 0.11897459200997602
113.0, 0.11940185165855767
114.0, 0.1189746866386879
115.0, 0.08705062029081305
116.0, 0.11786289413812837
117.0, 0.11945579211101037
118.0, 0.11898356270570955
119.0, 0.119403712315773
120.0, 0.11897499593505373
121.0, 0.11940190624456413
122.0, 0.11897467257982892
123.0, 0.11940185378997428
124.0, 0.11897473909082842
125.0, 0.11940181325987997
126.0, 0.11897473909082842
127.0, 0.11940192030050253
128.0, 0.11897476720855138
129.0, 0.11940179920394384
130.0, 0.11897460606882959
131.0, 0.11940186571448762
132.0, 0.1189746866386879
133.0, 0.11940157532960056
134.0, 0.11897465852097577
135.0, 0.11940168023879359
136.0, 0.1189746866386879
137.0, 0.11940169429473631
138.0, 0.11897460606882959
139.0, 0.11940186571448762
140.0, 0.118974753149687
141.0, 0.11940179920394384
142.0, 0.11897459200997602
143.0, 0.1158212086813738
144.0, 0.11579862727291831
145.0, 0.11587197378358413
146.0, 0.11579537948290437
147.0, 0.11587102014226258
148.0, 0.1157938454404566
149.0, 0.11586945995898763
150.0, 0.11579225010688501
151.0, 0.11586884875709616
152.0, 0.1157927153570434
153.0, 0.11586892738665275
154.0, 0.11579248414404067
155.0, 0.11586882241412026
156.0, 0.11579248414404067
157.0, 0.11586882241412026
158.0, 0.11579248414404067
159.0, 0.11586882241412026
160.0, 0.11579248414404067
161.0, 0.11586892738665275
162.0, 0.11579253213731248
163.0, 0.11586907180382501
164.0, 0.11579253213731248
165.0, 0.11586887055311866
166.0, 0.11579253213731248
167.0, 0.11586824311259701
168.0, 0.11579185063301337
169.0, 0.11586815120946724
170.0, 0.11579166464946518
171.0, 0.11586827115065061
172.0, 0.11579166464946518
173.0, 0.11586808477048069
174.0, 0.11579048777726828
175.0, 0.11586751280286788
176.0, 0.11579083215198643
177.0, 0.11586698964771092
178.0, 0.11578929610295928
179.0, 0.11586564404445047
180.0, 0.11578776847476481
181.0, 0.11586560999924919
182.0, 0.11578894797248664
183.0, 0.11586654768700241
184.0, 0.11579014582668948
185.0, 0.11586746916288942
186.0, 0.11579173489617497
187.0, 0.1158691167066504
188.0, 0.11579320696297028
189.0, 0.11587027820031008
190.0, 0.115794748831536
191.0, 0.11587160731280377
192.0, 0.1157959679106045
193.0, 0.11587270945756434
194.0, 0.11579678238141375
195.0, 0.11587314961722045
196.0, 0.11579690451505878
197.0, 0.11587328461426183
198.0, 0.11579706420978571
199.0, 0.11587322054640892
200.0, 0.1157969426114239
201.0, 0.11587333277869409
202.0, 0.11579691653442765
203.0, 0.11587338526478415
204.0, 0.11579691653442765
205.0, 0.11587344501136114
206.0, 0.11579691653442765
207.0, 0.11587344501136114
208.0, 0.11579691653442765
209.0, 0.11587333277869409
210.0, 0.11579691653442765
211.0, 0.11587333277869409
212.0, 0.11579686400020862
213.0, 0.11587333277869409
214.0, 0.11579686400020862
215.0, 0.11587333277869409
216.0, 0.11579686400020862
217.0, 0.11587333277869409
218.0, 0.11579686400020862
219.0, 0.11587361452181334
220.0, 0.11579670761193113
221.0, 0.1158733186723697
222.0, 0.11579676806953094
223.0, 0.11587317742057748
224.0, 0.1157968917919533
225.0, 0.11587232906503499
226.0, 0.11579608071453255
227.0, 0.11587124778592034
228.0, 0.11579460476036399
229.0, 0.11586981197792451
230.0, 0.11579335668238179
231.0, 0.11586873855999653
232.0, 0.11579166159401882
233.0, 0.11586732517763168
234.0, 0.11578971368044427
235.0, 0.11586628109871878
236.0, 0.11578849721531667
237.0, 0.11586516966438419
238.0, 0.115549408030545
239.0, 0.11950535035864698
240.0, 0.11903734072016402
241.0, 0.1194133386828791
242.0, 0.11897250392372237
243.0, 0.062413923033636215
244.0, 0.06532735706993593
245.0, 0.06619187419331161
246.0, 0.06893993173854134
247.0, 0.06933143837897912
248.0, 0.07119470670494162
249.0, 0.07132257434218105
250.0, 0.07251882051479842
251.0, 0.07233198019149038
252.0, 0.07316050575379016
253.0, 0.07274552538219954
254.0, 0.07331002831164127
255.0, 0.07270850018276144
256.0, 0.073086319127655
257.0, 0.0723281870541038
258.0, 0.07257683414183724
259.0, 0.07168584724901067
260.0, 0.07185202971191129
261.0, 0.07085435639409221
262.0, 0.07097492885646735
263.0, 0.08018547912519781
264.0, 0.08072370537364064
265.0, 0.08089814812592837
266.0, 0.08119811300497627
267.0, 0.08134104197316852
268.0, 0.08160219256065054
269.0, 0.08171076162687768
270.0, 0.08192721485458633
271.0, 0.08199625980468077
272.0, 0.08216481027634205
273.0, 0.0821902269679184
274.0, 0.08228719910813345
275.0, 0.0825647930371421
276.0, 0.08229570328252545
277.0, 0.08236202333512838
278.0, 0.08223410016516323
279.0, 0.08215574930459582
280.0, 0.08212782300219364
281.0, 0.08187350986176349
282.0, 0.08183491570658998
spot_hold
0, 0
1, 0
2, 0
3, 0
4, 0
5, 0
6, 0
7, 0
8, 0
9, 0
10, 0
11, 0
12, 0
13, 0
14, 0
15, 0
16, 0
17, 0
18, 0
19, 0
20, 0
21, 0
22, 0
23, 0
24, 0
25, 0
26, 0
27, 0
28, 0
29, 0
30, 0
31, 0
32, 0
33, 0
34, 0
35, 0
36, 0
37, 0
38, 0
39, 0
40, 0
41, 1
42, 1
43, 1
44, 1
45, 1
46, 1
47, 1
48, 1
49, 1
50, 1
51, 1
52, 1
53, 1
54, 1
55, 1
56, 1
57, 1
58, 1
59, 1
60, 1
61, 1
62, 1
63, 1
64, 1
65, 1
66, 1
67, 1
68, 1
69, 1
70, 1
71, 1
72, 1
73, 1
74, 1
75, 1
76, 1
77, 1
78, 1
79, 1
80, 1
81, 1
82, 1
83, 1
84, 1
85, 1
86, 1
87, 1
88, 1
89, 1
90, 1
91, 1
92, 1
93, 1
94, 1
95, 1
96, 1
97, 1
98, 1
99, 1
100, 1
101, 1
102, 1
103, 1
104, 1
105, 1
106, 1
107, 1
108, 1
109, 1
110, 1
111, 1
112, 1
113, 1
114, 1
115, 1
116, 1
117, 1
118, 1
119, 1
120, 1
121, 1
122, 1
123, 1
124, 1
125, 1
126, 1
127, 1
128, 1
129, 1
130, 1
131, 1
132, 1
133, 1
134, 1
135, 1
136, 1
137, 1
138, 1
139, 1
140, 1
141, 1
142, 1
143, 1
144, 1
145, 1
146, 1
147, 1
148, 1
149, 1
150, 1
151, 1
152, 1
153, 1
154, 1
155, 1
156, 1
157, 1
158, 1
159, 1
160, 1
161, 1
162, 1
163, 1
164, 1
165, 1
166, 1
167, 1
168, 1
169, 1
170, 1
171, 1
172, 1
173, 1
174, 1
175, 1
176, 1
177, 1
178, 1
179, 1
180, 1
181, 1
182, 1
183, 1
184, 1
185, 1
186, 1
187, 1
188, 1
189, 1
190, 1
191, 1
192, 1
193, 1
194, 1
195, 1
196, 1
197, 1
198, 1
199, 1
200, 1
201, 1
202, 1
203, 1
204, 1
205, 1
206, 1
207, 1
208, 1
209, 1
210, 1
211, 1
212, 1
213, 1
214, 1
215, 1
216, 1
217, 1
218, 1
219, 1
220, 1
221, 1
222, 1
223, 1
224, 1
225, 1
226, 1
227, 1
228, 1
229, 1
230, 1
231, 1
232, 1
233, 1
234, 1
235, 1
236, 1
237, 1
238, 1
239, 1
240, 1
241, 1
242, 1
243, 1
244, 1
245, 1
246, 1
247, 1
248, 1
249, 1
250, 1
251, 1
252, 1
253, 1
254, 1
255, 1
256, 1
257, 1
258, 1
259, 1
260, 1
261, 1
262, 1
263, 1
264, 1
265, 1
266, 1
267, 1
268, 1
269, 1
270, 1
271, 1
272, 1
273, 1
274, 1
275, 1
276, 1
277, 1
278, 1
279, 1
280, 1
281, 1
282, 1
