bot_dist
0.0, 3.2534099457149566
1.0, 3.2585135214926306
2.0, 3.2636397571181384
3.0, 3.268788545983437
4.0, 3.2739597816835517
5.0, 3.279153358022287
6.0, 3.284369169017819
7.0, 3.2896071089081884
8.0, 3.2948670721566766
9.0, 3.3001489534570805
10.0, 3.3054526477388753
11.0, 3.3107780501722788
12.0, 3.316125056173199
13.0, 3.3214935614080865
14.0, 3.3268834617986816
15.0, 3.332294653526652
16.0, 3.3377270330381386
17.0, 3.3431804970481878
18.0, 3.3486549425450955
19.0, 3.354150266794639
20.0, 3.3596663673442246
21.0, 3.3652031420269197
22.0, 3.3707604889654057
23.0, 3.3763383065758203
24.0, 3.381936493571514
25.0, 3.3875549489667067
26.0, 3.3931935720800532
27.0, 3.3988522625381195
28.0, 3.4045309202787575
29.0, 3.410229445554402
30.0, 3.4159477389352686
31.0, 3.421685701312468
32.0, 3.4274432339010295
33.0, 3.4332202382428405
34.0, 3.4390166162095004
35.0, 3.444832270005085
36.0, 3.450667102168834
37.0, 3.4565210155777533
38.0, 3.4623939134491324
39.0, 3.4682856993429856
40.0, 3.4741962771644124
41.0, 3.480125551165875
42.0, 3.486073425949408
43.0, 3.492039806468739
44.0, 3.4980245980313436
45.0, 3.5040277063004215
46.0, 3.5100490372967967
47.0, 3.516088497400752
48.0, 3.522145993353785
49.0, 3.528221432260295
50.0, 3.534314721589206
51.0, 3.5404257691755117
52.0, 3.5465544832217617
53.0, 3.5527007722994726
54.0, 3.5588645453504815
55.0, 3.565045711688231
56.0, 3.571244180998987
57.0, 3.577459863343003
58.0, 3.583692669155613
59.0, 3.5899425092482686
60.0, 3.5962092948095163
61.0, 3.602492937405915
62.0, 3.6087933489828927
63.0, 3.615110441865554
64.0, 3.6214441287594212
65.0, 3.627794322751132
66.0, 3.6341609373090686
67.0, 3.64054388628395
68.0, 3.6469430839093575
69.0, 3.653358444802217
70.0, 3.659789883963229
71.0, 3.6662373167772464
72.0, 3.6727006590136084
73.0, 3.6791798268264206
74.0, 3.685674736754794
75.0, 3.692185305723033
76.0, 3.6987114510407775
77.0, 3.70525309040311
78.0, 3.7118101418906044
79.0, 3.718382523969345
80.0, 3.724970155490893
81.0, 3.7315729556922226
82.0, 3.738190844195607
83.0, 3.74482374100847
84.0, 3.751471566523197
85.0, 3.7581342415169092
86.0, 3.764811687151201
87.0, 3.7715038249718367
88.0, 3.7782105769084193
89.0, 3.7849318652740163
90.0, 3.791667612764752
91.0, 3.7984177424593795
92.0, 3.8051821778187946
93.0, 3.811960842685546
94.0, 3.818753661283291
95.0, 3.825560558216234
96.0, 3.832381458468534
97.0, 3.8392162874036724
98.0, 3.8460649707638064
99.0, 3.8529274346690845
100.0, 3.8598036056169382
101.0, 3.8598036056169382
102.0, 3.8598036056169382
103.0, 3.8598036056169382
104.0, 3.8598036056169382
105.0, 3.8598036056169382
106.0, 3.8598036056169382
107.0, 3.8598036056169382
108.0, 3.8598036056169382
109.0, 3.8598036056169382
110.0, 3.8598036056169382
111.0, 3.8598036056169382
112.0, 3.8598036056169382
113.0, 3.8598036056169382
114.0, 3.8598036056169382
115.0, 3.8598036056169382
116.0, 3.8598036056169382
117.0, 3.8598036056169382
118.0, 3.8598036056169382
119.0, 3.8598036056169382
120.0, 3.8598036056169382
121.0, 3.8598036056169382
122.0, 3.8598036056169382
123.0, 3.8598036056169382
124.0, 3.8598036056169382
125.0, 3.8598036056169382
126.0, 3.8598036056169382
127.0, 3.8598036056169382
128.0, 3.8598036056169382
129.0, 3.8598036056169382
130.0, 3.8598036056169382
131.0, 3.8529274346690845
132.0, 3.8460649707638064
133.0, 3.8392162874036724
134.0, 3.832381458468534
135.0, 3.825560558216234
136.0, 3.818753661283291
137.0, 3.811960842685546
138.0, 3.8051821778187946
139.0, 3.7984177424593795
140.0, 3.791667612764752
141.0, 3.7849318652740163
142.0, 3.7782105769084193
143.0, 3.775805292384789
144.0, 3.7691207919001553
145.0, 3.762450993898214
146.0, 3.755795976707972
147.0, 3.7491558190403946
148.0, 3.7425305999886826
149.0, 3.7359203990285144
150.0, 3.729325296018253
151.0, 3.639621391986121
152.0, 3.549925741899878
153.0, 3.4602389876311803
154.0, 3.3705618393023684
155.0, 3.2808950845948925
156.0, 3.191239599621993
157.0, 3.101596361680739
158.0, 3.0119664642731183
159.0, 2.922351134880898
160.0, 2.832751756100856
161.0, 2.74316989090438
162.0, 2.653607312990236
163.0, 2.564066043467918
164.0, 2.474548395464158
165.0, 2.3850570287190838
166.0, 2.2955950168767614
167.0, 2.2891983083977254
168.0, 2.1999147908821954
169.0, 2.1107308403637406
170.0, 2.0216595304923346
171.0, 1.9327164348258237
172.0, 1.8439201070297737
173.0, 1.755292821217883
174.0, 1.7492705669414002
175.0, 1.6619969665210566
176.0, 1.5751438877966315
177.0, 1.5694081482024227
178.0, 1.5637153205247296
179.0, 1.558065875135544
180.0, 1.5524602856429373
181.0, 1.4782004579215355
182.0, 1.4729471088164352
183.0, 1.4677430894269214
184.0, 1.4625889263114236
185.0, 1.4574851483962543
186.0, 1.4524322868350976
187.0, 1.447430874862403
188.0, 1.3608019940053948
189.0, 1.3559905276481192
190.0, 1.269028391909249
191.0, 1.1824055915314589
192.0, 1.0962025731180705
193.0, 1.0105267709215981
194.0, 0.9255246097217085
195.0, 0.8414002773142778
196.0, 0.7584459276318261
197.0, 0.6770917209882227
198.0, 0.5979910928542496
199.0, 0.5221691973373964
200.0, 0.451281696034391
201.0, 0.38804232077971434
202.0, 0.33678730865231765
203.0, 0.30364735275508464
204.0, 0.2947963931492458
205.0, 0.3123063992382691
206.0, 0.35226813027759984
207.0, 0.40813914199218093
208.0, 0.4743305364992704
209.0, 0.5471092500570542
210.0, 0.6241752799919534
211.0, 0.7041222932281076
212.0, 0.7860717540411432
213.0, 0.7942146053644044
214.0, 0.8747212314270398
215.0, 0.9566540197163755
216.0, 0.9644974630322861
217.0, 0.9723804803524512
218.0, 0.980302116984219
219.0, 0.9882614442421346
220.0, 0.9962575587697633
221.0, 1.0042895818710644
222.0, 1.0123566588520851
223.0, 1.0204579583736348
224.0, 1.0285926718154996
225.0, 1.0367600126526575
226.0, 1.0449592158438819
227.0, 1.0531895372330244
228.0, 1.061450252963225
229.0, 1.069740658904207
230.0, 1.0780600700927803
231.0, 1.0780600700927803
232.0, 1.0780600700927803
233.0, 1.0780600700927803
234.0, 1.0780600700927803
235.0, 1.0780600700927803
236.0, 1.0780600700927803
237.0, 1.0780600700927803
238.0, 1.0780600700927803
239.0, 1.0780600700927803
240.0, 1.0780600700927803
241.0, 1.0780600700927803
242.0, 1.0780600700927803
243.0, 1.0780600700927803
244.0, 1.0780600700927803
245.0, 1.0780600700927803
246.0, 1.0780600700927803
247.0, 1.0780600700927803
248.0, 1.0780600700927803
249.0, 1.0780600700927803
250.0, 1.0780600700927803
251.0, 1.0780600700927803
252.0, 1.0780600700927803
253.0, 1.0780600700927803
254.0, 1.0780600700927803
255.0, 1.0780600700927803
256.0, 1.0780600700927803
257.0, 1.0780600700927803
258.0, 1.0780600700927803
259.0, 1.0780600700927803
260.0, 1.0780600700927803
261.0, 1.069740658904207
262.0, 1.061450252963225
263.0, 1.0531895372330244
264.0, 1.0449592158438819
265.0, 1.0367600126526575
266.0, 1.0285926718154996
267.0, 1.0204579583736348
268.0, 1.0123566588520851
269.0, 1.0042895818710644
270.0, 0.9962575587697633
271.0, 0.9882614442421346
272.0, 0.980302116984219
273.0, 0.9723804803524512
274.0, 0.9644974630322861
275.0, 0.9566540197163755
276.0, 0.9488511317913959
277.0, 0.941089808032505
278.0, 0.9333710853042491
279.0, 0.9256960292665928
280.0, 0.9180657350845699
281.0, 0.9104813281398678
282.0, 0.9029439647424606
ee_dist
0.0, 0.9520368145883773
1.0, 0.9673184810502546
2.0, 1.0492744811191619
3.0, 1.1283650193258996
4.0, 1.1555660763307047
5.0, 1.1809093684219663
6.0, 1.2153147805029683
7.0, 1.2513117008125256
8.0, 1.2873622559665459
9.0, 1.3226140958682966
10.0, 1.3573482881427492
11.0, 1.389884216977414
12.0, 1.4211341046422576
13.0, 1.4496128650106552
14.0, 1.4772979241856432
15.0, 1.5020209515921916
16.0, 1.5262716517475527
17.0, 1.5474738855421315
18.0, 1.568672210497729
19.0, 1.586944764668376
20.0, 1.6056525762772185
21.0, 1.5814339774654473
22.0, 1.5468755104663225
23.0, 1.5093824588272768
24.0, 1.4684601835366726
25.0, 1.4242987454424738
26.0, 1.3769198157522595
27.0, 1.3265461726385361
28.0, 1.27322865791944
29.0, 1.2172651479808612
30.0, 1.1587521167424217
31.0, 1.0980823953844754
32.0, 1.0354266232306875
33.0, 0.9713073685169417
34.0, 0.9060327837848863
35.0, 0.840355560295701
36.0, 0.7748793255539872
37.0, 0.710739904848201
38.0, 0.6490236206444174
39.0, 0.5921891882313961
40.0, 0.5414006140986147
41.0, 0.5419602922315839
42.0, 0.7060405650048286
43.0, 1.1448146065482718
44.0, 1.1042502328175061
45.0, 1.0617635125922484
46.0, 1.0171207626907741
47.0, 0.9701982675592152
48.0, 0.9211062038574032
49.0, 0.8698853322515073
50.0, 0.8170066056595698
51.0, 0.7630333665653413
52.0, 0.7081541462977972
53.0, 0.6524643510308548
54.0, 0.596132438887374
55.0, 0.5393334798092602
56.0, 0.4831057602238547
57.0, 0.4277444562030486
58.0, 0.47653885777022864
59.0, 0.5500787029598526
60.0, 0.6327859312244849
61.0, 0.7241034435903424
62.0, 0.8185703767357991
63.0, 0.9109813650712332
64.0, 0.9972615152556311
65.0, 1.06398915842114
66.0, 1.1207299331826772
67.0, 1.1784889767911324
68.0, 1.2314933443600213
69.0, 1.283894141155482
70.0, 1.3365416688899776
71.0, 1.3874527541200659
72.0, 1.4431510680590982
73.0, 1.5042068731019829
74.0, 1.5699568471805307
75.0, 1.646741079528613
76.0, 1.7327603374006242
77.0, 1.8280932254211586
78.0, 1.9276891723964713
79.0, 2.026359827510589
80.0, 2.119758995402724
81.0, 2.197975337424649
82.0, 2.2613085140656795
83.0, 2.3235473973067307
84.0, 2.385520907465015
85.0, 2.4433020454275467
86.0, 2.5014643378857175
87.0, 2.558989668178678
88.0, 2.59568515820573
89.0, 2.6362846542839824
90.0, 2.6772430839889285
91.0, 2.7333338950057313
92.0, 2.8292668593549752
93.0, 2.9294558746286157
94.0, 3.038297266498977
95.0, 3.1443375110794607
96.0, 3.24738381203454
97.0, 3.3361249756540228
98.0, 3.409583106675722
99.0, 3.4757919207420978
100.0, 3.5428271991688995
101.0, 3.6052986095505877
102.0, 3.669629763388412
103.0, 3.730802349558912
104.0, 3.7959774352460642
105.0, 3.8643088899292284
106.0, 3.940170153071884
107.0, 4.020087680240861
108.0, 4.112956591134531
109.0, 4.211730688763532
110.0, 4.319829541074475
111.0, 4.42706306728114
112.0, 4.5316378217538436
113.0, 4.625120730448325
114.0, 4.701301223197847
115.0, 4.771547128793952
116.0, 4.833598959437929
117.0, 4.877784105879145
118.0, 4.92250027600303
119.0, 4.963473761692072
120.0, 5.004978830089685
121.0, 5.044270133099891
122.0, 5.083729160271255
123.0, 5.11835471334592
124.0, 5.153661840891328
125.0, 5.1838153258990864
126.0, 5.214266402124136
127.0, 5.239249401487632
128.0, 5.26421139665248
129.0, 5.283460375932185
130.0, 5.302433653911864
131.0, 5.31551571065505
132.0, 5.3281330921901
133.0, 5.334751786217552
134.0, 5.340782437442731
135.0, 5.340775281642373
136.0, 5.340123941768217
137.0, 5.333464022434694
138.0, 5.32617053488019
139.0, 5.312966191392426
140.0, 5.299207622878506
141.0, 5.27970226941364
142.0, 5.275208375170525
143.0, 4.6157711582989664
144.0, 4.6024052944989595
145.0, 4.593885813064982
146.0, 4.585547184731161
147.0, 4.582493444358253
148.0, 4.579588117865823
149.0, 4.582111845826365
150.0, 4.58473526146772
151.0, 4.503685411247645
152.0, 4.419996676453333
153.0, 4.339018956721405
154.0, 4.255404663363548
155.0, 4.174511663779374
156.0, 4.090980860089813
157.0, 4.0101824408972435
158.0, 3.92674616388901
159.0, 3.8460541515556588
160.0, 3.76272533716771
161.0, 3.6821543739819487
162.0, 3.598947515679752
163.0, 3.518514405800709
164.0, 3.4354478912574935
165.0, 3.355172294871388
166.0, 3.272267376679856
167.0, 3.282093346836643
168.0, 3.2012490915049954
169.0, 3.1232795283198644
170.0, 3.0428430259028514
171.0, 2.965321931501807
172.0, 2.8853680145898783
173.0, 2.8083712703904364
174.0, 2.8197042816074536
175.0, 2.7460367904655016
176.0, 2.670249862684666
177.0, 2.687450442457274
178.0, 2.704536536878417
179.0, 2.726212905600661
180.0, 2.7476529936297918
181.0, 2.6936881871424174
182.0, 2.669626059651287
183.0, 2.6497271091476193
184.0, 2.6296420939021883
185.0, 2.614370397063585
186.0, 2.599024808300274
187.0, 2.588980422768529
188.0, 2.5083645057276107
189.0, 2.5008245484563165
190.0, 2.4183242808171257
191.0, 2.33877228565424
192.0, 2.256598255614778
193.0, 2.1774208407988636
194.0, 2.095647214207769
195.0, 2.0169338853462646
196.0, 1.9356633817689948
197.0, 1.8604044186539186
198.0, 1.827959370430012
199.0, 1.8051185113143677
200.0, 1.7355961052253748
201.0, 1.4561736648353638
202.0, 1.955408648411543
203.0, 1.4609541998393216
204.0, 1.3362900194623086
205.0, 1.22506418273396
206.0, 1.16414785701943
207.0, 1.0935233721540538
208.0, 1.0216156049743006
209.0, 0.9547812932983405
210.0, 0.8875530660829346
211.0, 0.8263865044566806
212.0, 0.7663232731180017
213.0, 0.7467558370500771
214.0, 0.6849731525299675
215.0, 0.6314218467015352
216.0, 0.6079669649078339
217.0, 0.5902178642998834
218.0, 0.5721897540848063
219.0, 0.561044713892259
220.0, 0.5500299574055677
221.0, 0.5241072203821484
222.0, 0.5467519935380994
223.0, 0.5298500687146301
224.0, 0.5247509212484363
225.0, 0.5686819882833256
226.0, 0.5697988963723781
227.0, 0.600358338800955
228.0, 0.6187245280278968
229.0, 0.6200454861983254
230.0, 0.6185460527192159
231.0, 0.6200796054156805
232.0, 0.618543929409547
233.0, 0.6200798381824143
234.0, 0.6185438317627784
235.0, 0.620079774506499
236.0, 0.618543929409547
237.0, 0.6200798381824143
238.0, 0.6185438317627784
239.0, 0.620079774506499
240.0, 0.618543929409547
241.0, 0.6200798381824143
242.0, 0.6185438317627784
243.0, 0.6282375832802232
244.0, 0.641235006864241
245.0, 0.6552458315741349
246.0, 0.6711262790446709
247.0, 0.6880733433653428
248.0, 0.7065760698913055
249.0, 0.7257912656582339
250.0, 0.7462903558188259
251.0, 0.7702421396602085
252.0, 0.791251229699839
253.0, 0.8135609486723587
254.0, 0.8364382779338633
255.0, 0.8591953311135841
256.0, 0.8823241662525831
257.0, 0.9050995457013377
258.0, 0.9279698812407535
259.0, 0.950303909145181
260.0, 0.9724844327351959
261.0, 0.9940012415622107
262.0, 1.0151609745021426
263.0, 0.9954155290860214
264.0, 0.9711701042357699
265.0, 0.9458529529274533
266.0, 0.9192316573622491
267.0, 0.8916095033376793
268.0, 0.862934213185198
269.0, 0.8335598857860416
270.0, 0.803443668689351
271.0, 0.7730112245098425
272.0, 0.7422475635074172
273.0, 0.7116587121304567
274.0, 0.6812798168884799
275.0, 0.6516455045254701
276.0, 0.6228346383310457
277.0, 0.5954952509502741
278.0, 0.5696647763910053
279.0, 0.5461934031940024
280.0, 0.5252289084471854
281.0, 0.5081545425216332
282.0, 0.5000510086907399
ee_box_dist
0.0, 0.5575707657653017
1.0, 0.613147673732866
2.0, 0.643669054619358
3.0, 0.6829850393465733
4.0, 0.7215914679964378
5.0, 0.7593088885288988
6.0, 0.797504748831866
7.0, 0.832878832209322
8.0, 0.8663252917407659
9.0, 0.8980579452169444
10.0, 0.9283697806018562
11.0, 0.956396008821389
12.0, 0.9829835429333162
13.0, 1.0070696256969904
14.0, 1.0303475998391365
15.0, 1.0510637345011686
16.0, 1.0713728267312745
17.0, 1.0890357996342779
18.0, 1.1067823128819754
19.0, 1.1219786502254958
20.0, 1.1376884198462942
21.0, 1.1188253648403528
22.0, 1.092227820765292
23.0, 1.0631022798075676
24.0, 1.031044603118626
25.0, 0.9962202374484629
26.0, 0.9585971754978101
27.0, 0.9183542622743571
28.0, 0.8754555862034121
29.0, 0.8301198859434988
30.0, 0.7823077571946326
31.0, 0.7322805671176754
32.0, 0.6800022805392172
33.0, 0.6257893723432993
34.0, 0.5696289482054123
35.0, 0.5118803655032795
36.0, 0.45256078622243456
37.0, 0.39734727480713006
38.0, 0.3385937055028524
39.0, 0.2828735096102306
40.0, 0.22543547150697213
41.0, 0.08017886057843696
42.0, 0.08289920701020578
43.0, 0.08302900465117345
44.0, 0.08297690864176462
45.0, 0.08302981824985624
46.0, 0.08298286880358441
47.0, 0.08302860693763388
48.0, 0.08298773468836047
49.0, 0.08302697972734896
50.0, 0.08299157580576154
51.0, 0.08302533503813439
52.0, 0.08299477049725433
53.0, 0.08302340518322475
54.0, 0.08299777830430169
55.0, 0.08302146989149557
56.0, 0.08300024098252727
57.0, 0.0830196350807786
58.0, 0.0830018066090493
59.0, 0.08301736130788279
60.0, 0.08300324613705314
61.0, 0.08301499129908158
62.0, 0.08300362718177084
63.0, 0.08301245303774925
64.0, 0.08300409710191628
65.0, 0.08301002307180783
66.0, 0.08300427692056948
67.0, 0.08300758849239522
68.0, 0.08300484538892419
69.0, 0.08300605871426715
70.0, 0.08300561293316332
71.0, 0.08300465543193544
72.0, 0.08300654981489645
73.0, 0.0830039541948991
74.0, 0.08300776750549267
75.0, 0.08300415406421097
76.0, 0.08300965210509002
77.0, 0.08300503002938123
78.0, 0.08301220669223704
79.0, 0.08300674558704156
80.0, 0.08301540469302306
81.0, 0.08300942231946362
82.0, 0.08301921648368384
83.0, 0.08301340031863765
84.0, 0.08284640232372688
85.0, 0.08329712084671292
86.0, 0.08882969462262391
87.0, 0.1246621773293679
88.0, 0.1351578522809993
89.0, 0.13339904993189786
90.0, 0.12880718262323473
91.0, 0.11932674801582492
92.0, 0.11820464533739951
93.0, 0.1195757219573517
94.0, 0.11828034395983317
95.0, 0.11958919638284662
96.0, 0.11828200129430938
97.0, 0.11958933523180552
98.0, 0.11828195657896858
99.0, 0.11958933523180552
100.0, 0.11828195657896858
101.0, 0.11958935985415955
102.0, 0.11828195657896858
103.0, 0.11958933523180552
104.0, 0.1182819762694659
105.0, 0.11958937968973016
106.0, 0.11828195657896858
107.0, 0.11958931539622757
108.0, 0.11828195657896858
109.0, 0.11958937968973016
110.0, 0.11828195657896858
111.0, 0.11958931539622757
112.0, 0.11828195657896858
113.0, 0.11958933523180552
114.0, 0.11828191186364087
115.0, 0.08684849631295433
116.0, 0.1155219425341629
117.0, 0.11960634856109893
118.0, 0.11828578393924889
119.0, 0.11959032368573812
120.0, 0.11678508098192711
121.0, 0.11976336075429732
122.0, 0.11830759740922218
123.0, 0.11959307116797313
124.0, 0.11828230034057287
125.0, 0.11958929556065373
126.0, 0.11828195657896858
127.0, 0.11958933523180552
128.0, 0.11828195657896858
129.0, 0.11958937968973016
130.0, 0.11828195657896858
131.0, 0.11958933523180552
132.0, 0.11828195657896858
133.0, 0.11958933523180552
134.0, 0.11828195657896858
135.0, 0.11958935985415955
136.0, 0.11828195657896858
137.0, 0.11958937968973016
138.0, 0.11828195657896858
139.0, 0.11958931539622757
140.0, 0.11828195657896858
141.0, 0.11958937968973016
142.0, 0.11828195657896858
143.0, 0.11503695823293877
144.0, 0.11460142560268229
145.0, 0.11515426920096837
146.0, 0.11462584140350757
147.0, 0.11515614769454774
148.0, 0.11462617942284714
149.0, 0.11515536936016023
150.0, 0.1146253358919387
151.0, 0.11515558407540742
152.0, 0.1146256249961693
153.0, 0.11515519465802553
154.0, 0.11462568208498493
155.0, 0.11515546891414388
156.0, 0.11462563696810536
157.0, 0.1151553791598859
158.0, 0.11462545382530812
159.0, 0.11515519465802553
160.0, 0.11462583534554355
161.0, 0.11515546891414388
162.0, 0.11462589837239265
163.0, 0.11515525223560026
164.0, 0.11462602442635884
165.0, 0.1151553791598859
166.0, 0.11462563696810536
167.0, 0.11515440645253838
168.0, 0.11462527165972748
169.0, 0.11515441571052783
170.0, 0.11462503567443548
171.0, 0.11515482212917486
172.0, 0.11462515366689426
173.0, 0.11515491188362019
174.0, 0.11462461157047427
175.0, 0.11515424969499326
176.0, 0.11462440958293871
177.0, 0.11515269181520302
178.0, 0.11462225888479027
179.0, 0.115150558483602
180.0, 0.11462077737561786
181.0, 0.11515022275536539
182.0, 0.11462175247530079
183.0, 0.11515194794235883
184.0, 0.11462343428582872
185.0, 0.11515391055493507
186.0, 0.11462509178826545
187.0, 0.11515520109587532
188.0, 0.11462545248853223
189.0, 0.1151556430520222
190.0, 0.1146262862140092
191.0, 0.11515607544251115
192.0, 0.11462641209117837
193.0, 0.11515616519634983
194.0, 0.11462645509718104
195.0, 0.11515620960680283
196.0, 0.11462641209117837
197.0, 0.10551866739189066
198.0, 0.10665208178406438
199.0, 0.08563757043243393
200.0, 0.5384814617758703
201.0, 1.0207700647079228
202.0, 0.3763759427392342
203.0, 0.2249984458089694
204.0, 0.09533313678217636
205.0, 0.11688994247856284
206.0, 0.11052636578408744
207.0, 0.1149840801247249
208.0, 0.1146184044566183
209.0, 0.11515532080238716
210.0, 0.11462635342286057
211.0, 0.11515616519634983
212.0, 0.11462681181071022
213.0, 0.1151562964952596
214.0, 0.11462628987145779
215.0, 0.11515653802708439
216.0, 0.1146264954278425
217.0, 0.11515629568078709
218.0, 0.11462620422350621
219.0, 0.11515683851385827
220.0, 0.11462605637887345
221.0, 0.08975411365717255
222.0, 0.11322759108926087
223.0, 0.0772817069571992
224.0, 0.08027791410294235
225.0, 0.11440318776408108
226.0, 0.0799342453520921
227.0, 0.11490292734164306
228.0, 0.11467140481705829
229.0, 0.11946400233853431
230.0, 0.11827496645318943
231.0, 0.11958951887961194
232.0, 0.11828299889288175
233.0, 0.11959013289281152
234.0, 0.11828313761330596
235.0, 0.11959026972400129
236.0, 0.1182831800439882
237.0, 0.11959017735231119
238.0, 0.11828313761330596
239.0, 0.11959026972400129
240.0, 0.11828309061108719
241.0, 0.11959008843332505
242.0, 0.11828283647455622
243.0, 0.07617443293048887
244.0, 0.0747844044153743
245.0, 0.0733430034471553
246.0, 0.072979180420447
247.0, 0.07163727124055837
248.0, 0.07160040323350995
249.0, 0.0703891788856413
250.0, 0.07062976252907709
251.0, 0.0713926094031253
252.0, 0.07032150853717041
253.0, 0.06913217357781218
254.0, 0.06943885480438879
255.0, 0.06825283650115155
256.0, 0.06860915987679693
257.0, 0.06735357500531006
258.0, 0.06770016066548194
259.0, 0.06635077971598742
260.0, 0.06667513898987894
261.0, 0.06523383509041107
262.0, 0.06554722143832528
263.0, 0.07995370916553618
264.0, 0.08062585570936745
265.0, 0.08080894828619403
266.0, 0.08112152033958195
267.0, 0.08127182748650093
268.0, 0.0815461359618117
269.0, 0.08166286331337311
270.0, 0.0818913611696143
271.0, 0.08196799001429746
272.0, 0.08214685460121897
273.0, 0.08217768295603442
274.0, 0.08230241947812963
275.0, 0.08228372877014244
276.0, 0.08235586918821201
277.0, 0.08228736375156578
278.0, 0.0823067603997028
279.0, 0.08218781809643257
280.0, 0.08215808726132028
281.0, 0.08198961033055366
282.0, 0.08303049239431803
spot_hold
0, 0
1, 0
2, 0
3, 0
4, 0
5, 0
6, 0
7, 0
8, 0
9, 0
10, 0
11, 0
12, 0
13, 0
14, 0
15, 0
16, 0
17, 0
18, 0
19, 0
20, 0
21, 0
22, 0
23, 0
24, 0
25, 0
26, 0
27, 0
28, 0
29, 0
30, 0
31, 0
32, 0
33, 0
34, 0
35, 0
36, 0
37, 0
38, 0
39, 0
40, 0
41, 1
42, 1
43, 1
44, 1
45, 1
46, 1
47, 1
48, 1
49, 1
50, 1
51, 1
52, 1
53, 1
54, 1
55, 1
56, 1
57, 1
58, 1
59, 1
60, 1
61, 1
62, 1
63, 1
64, 1
65, 1
66, 1
67, 1
68, 1
69, 1
70, 1
71, 1
72, 1
73, 1
74, 1
75, 1
76, 1
77, 1
78, 1
79, 1
80, 1
81, 1
82, 1
83, 1
84, 1
85, 1
86, 1
87, 1
88, 1
89, 1
90, 1
91, 1
92, 1
93, 1
94, 1
95, 1
96, 1
97, 1
98, 1
99, 1
100, 1
101, 1
102, 1
103, 1
104, 1
105, 1
106, 1
107, 1
108, 1
109, 1
110, 1
111, 1
112, 1
113, 1
114, 1
115, 1
116, 1
117, 1
118, 1
119, 1
120, 1
121, 1
122, 1
123, 1
124, 1
125, 1
126, 1
127, 1
128, 1
129, 1
130, 1
131, 1
132, 1
133, 1
134, 1
135, 1
136, 1
137, 1
138, 1
139, 1
140, 1
141, 1
142, 1
143, 1
144, 1
145, 1
146, 1
147, 1
148, 1
149, 1
150, 1
151, 1
152, 1
153, 1
154, 1
155, 1
156, 1
157, 1
158, 1
159, 1
160, 1
161, 1
162, 1
163, 1
164, 1
165, 1
166, 1
167, 1
168, 1
169, 1
170, 1
171, 1
172, 1
173, 1
174, 1
175, 1
176, 1
177, 1
178, 1
179, 1
180, 1
181, 1
182, 1
183, 1
184, 1
185, 1
186, 1
187, 1
188, 1
189, 1
190, 1
191, 1
192, 1
193, 1
194, 1
195, 1
196, 1
197, 1
198, 1
199, 1
200, 1
201, 1
202, 1
203, 1
204, 1
205, 1
206, 1
207, 1
208, 1
209, 1
210, 1
211, 1
212, 1
213, 1
214, 1
215, 1
216, 1
217, 1
218, 1
219, 1
220, 1
221, 1
222, 1
223, 1
224, 1
225, 1
226, 1
227, 1
228, 1
229, 1
230, 1
231, 1
232, 1
233, 1
234, 1
235, 1
236, 1
237, 1
238, 1
239, 1
240, 1
241, 1
242, 1
243, 1
244, 1
245, 1
246, 1
247, 1
248, 1
249, 1
250, 1
251, 1
252, 1
253, 1
254, 1
255, 1
256, 1
257, 1
258, 1
259, 1
260, 1
261, 1
262, 1
263, 1
264, 1
265, 1
266, 1
267, 1
268, 1
269, 1
270, 1
271, 1
272, 1
273, 1
274, 1
275, 1
276, 1
277, 1
278, 1
279, 1
280, 1
281, 1
282, 1
