bot_dist
0.0, 3.029516453448734
1.0, 3.0333487439553717
2.0, 3.0372091255542557
3.0, 3.041097491268545
4.0, 3.045013733894317
5.0, 3.048957746011833
6.0, 3.0529294199967154
7.0, 3.0569286480310245
8.0, 3.060955322114237
9.0, 3.0650093340741282
10.0, 3.0690905755775555
11.0, 3.0731989381411333
12.0, 3.077334313141811
13.0, 3.0814965918273476
14.0, 3.085685665326673
15.0, 3.0899014246601526
16.0, 3.0941437607497413
17.0, 3.0984125644290237
18.0, 3.1027077264531546
19.0, 3.107029137508682
20.0, 3.1113766882232636
21.0, 3.11575026917527
22.0, 3.1201497709032724
23.0, 3.1245750839154276
24.0, 3.1290260986987364
25.0, 3.1335027057282
26.0, 3.138004795475851
27.0, 3.1425322584196818
28.0, 3.1470849850524463
29.0, 3.151662865890351
30.0, 3.1562657914816334
31.0, 3.16089365241502
32.0, 3.1655463393280665
33.0, 3.1702237429153897
34.0, 3.1749257539367717
35.0, 3.1796521502478137
36.0, 3.1844029345795177
37.0, 3.1891779979424584
38.0, 3.193977231443647
39.0, 3.198800526294053
40.0, 3.203647773816018
41.0, 3.2085188654505488
42.0, 3.213413692764496
43.0, 3.2183321474576183
44.0, 3.223274121369528
45.0, 3.228239506486527
46.0, 3.2332281949483206
47.0, 3.2382400790546253
48.0, 3.2432750512716564
49.0, 3.248333004238506
50.0, 3.253413830773405
51.0, 3.2585174238798746
52.0, 3.263643676752767
53.0, 3.2687924827841903
54.0, 3.273963735569329
55.0, 3.2791573289121474
56.0, 3.284373156830989
57.0, 3.2896111135640624
58.0, 3.2948710935748236
59.0, 3.3001529915572476
60.0, 3.305456702440992
61.0, 3.3107821213964588
62.0, 3.3161291438397456
63.0, 3.321497665437497
64.0, 3.3268875821116484
65.0, 3.3322987900440695
66.0, 3.3377311856811027
67.0, 3.343184665738003
68.0, 3.3486591272032733
69.0, 3.3541544673429087
70.0, 3.3596705837045278
71.0, 3.36520737412142
72.0, 3.3707647367164886
73.0, 3.3763425699060963
74.0, 3.381940772403821
75.0, 3.3875592432241146
76.0, 3.393197881685867
77.0, 3.3988565874158763
78.0, 3.4045352603522367
79.0, 3.4102338007476227
80.0, 3.4159521091724945
81.0, 3.4216900865182076
82.0, 3.4274476340000404
83.0, 3.433224653160131
84.0, 3.43902104587033
85.0, 3.44483671433497
86.0, 3.4506715610935457
87.0, 3.4565254890233224
88.0, 3.4623984013418494
89.0, 3.468290201609405
90.0, 3.4742007937313506
91.0, 3.480130081960417
92.0, 3.486077970898904
93.0, 3.492044365500809
94.0, 3.49802917107388
95.0, 3.5040322932815853
96.0, 3.5100536381450254
97.0, 3.516093112044757
98.0, 3.5221506217225533
99.0, 3.528226074283092
100.0, 3.5343193771955765
101.0, 3.5343193771955765
102.0, 3.5343193771955765
103.0, 3.5343193771955765
104.0, 3.5343193771955765
105.0, 3.5343193771955765
106.0, 3.5343193771955765
107.0, 3.5343193771955765
108.0, 3.5343193771955765
109.0, 3.5343193771955765
110.0, 3.5343193771955765
111.0, 3.5343193771955765
112.0, 3.5343193771955765
113.0, 3.5343193771955765
114.0, 3.5343193771955765
115.0, 3.5343193771955765
116.0, 3.5343193771955765
117.0, 3.5343193771955765
118.0, 3.5343193771955765
119.0, 3.5343193771955765
120.0, 3.5343193771955765
121.0, 3.5343193771955765
122.0, 3.5343193771955765
123.0, 3.5343193771955765
124.0, 3.5343193771955765
125.0, 3.5343193771955765
126.0, 3.5343193771955765
127.0, 3.5343193771955765
128.0, 3.5343193771955765
129.0, 3.5343193771955765
130.0, 3.5343193771955765
131.0, 3.528226074283092
132.0, 3.5221506217225533
133.0, 3.516093112044757
134.0, 3.5100536381450254
135.0, 3.5040322932815853
136.0, 3.49802917107388
137.0, 3.492044365500809
138.0, 3.486077970898904
139.0, 3.480130081960417
140.0, 3.4742007937313506
141.0, 3.468290201609405
142.0, 3.4623984013418494
143.0, 3.4612184213787636
144.0, 3.4553724440013047
145.0, 3.449545548714197
146.0, 3.4437378323796426
147.0, 3.437949392194464
148.0, 3.432180325687486
149.0, 3.426430730716844
150.0, 3.4207007054671994
151.0, 3.3319291461827936
152.0, 3.2432179292332566
153.0, 3.154572145368807
154.0, 3.065997470105368
155.0, 2.977500249465535
156.0, 2.8890876011227453
157.0, 2.800767534243798
158.0, 2.7125490921467286
159.0, 2.6244425229478834
160.0, 2.5364594847399218
161.0, 2.448613293624826
162.0, 2.3609192252646802
163.0, 2.273394883704014
164.0, 2.186060655333664
165.0, 2.098940271390103
166.0, 2.0120615098568733
167.0, 2.007252789622644
168.0, 1.9222670792348897
169.0, 1.8378033321663405
170.0, 1.7539368389371006
171.0, 1.6707575424600438
172.0, 1.588373406929578
173.0, 1.5069148540785307
174.0, 1.5032254767431763
175.0, 1.4260778923980426
176.0, 1.3506544438246681
177.0, 1.3476761196011344
178.0, 1.344765563093266
179.0, 1.3419232152543072
180.0, 1.339149510403486
181.0, 1.286433045362326
182.0, 1.2842921786377988
183.0, 1.2822257288164163
184.0, 1.2802340562513896
185.0, 1.278317510461119
186.0, 1.2764764298394506
187.0, 1.274711141372177
188.0, 1.2013310237564505
189.0, 1.2000517910327309
190.0, 1.1259672586864964
191.0, 1.0542330905069501
192.0, 0.9853627380911166
193.0, 0.9199995745269366
194.0, 0.8589446336370001
195.0, 0.8031810040025793
196.0, 0.7538837720365895
197.0, 0.7123967124445245
198.0, 0.6801504527971617
199.0, 0.6585039326802609
200.0, 0.6485194281186359
201.0, 0.6507339673907022
202.0, 0.6650256930085725
203.0, 0.6906452611752204
204.0, 0.7263950781653277
205.0, 0.7708670253413389
206.0, 0.822647774148307
207.0, 0.8804487368612051
208.0, 0.9431637315686955
209.0, 1.009877665477086
210.0, 1.0798496202199082
211.0, 1.1524863269147614
212.0, 1.227314749173432
213.0, 1.2365961275384474
214.0, 1.309022821170386
215.0, 1.3833296227347234
216.0, 1.3923612343391671
217.0, 1.401406000344284
218.0, 1.4104636676876208
219.0, 1.4195339894092167
220.0, 1.428616724480242
221.0, 1.4377116376369228
222.0, 1.4468184992195834
223.0, 1.45593708501664
224.0, 1.4650671761133933
225.0, 1.474208558745462
226.0, 1.4833610241567126
227.0, 1.4925243684615364
228.0, 1.5016983925113399
229.0, 1.5108829017651089
230.0, 1.5200777061639141
231.0, 1.5200777061639141
232.0, 1.5200777061639141
233.0, 1.5200777061639141
234.0, 1.5200777061639141
235.0, 1.5200777061639141
236.0, 1.5200777061639141
237.0, 1.5200777061639141
238.0, 1.5200777061639141
239.0, 1.5200777061639141
240.0, 1.5200777061639141
241.0, 1.5200777061639141
242.0, 1.5200777061639141
243.0, 1.5200777061639141
244.0, 1.5200777061639141
245.0, 1.5200777061639141
246.0, 1.5200777061639141
247.0, 1.5200777061639141
248.0, 1.5200777061639141
249.0, 1.5200777061639141
250.0, 1.5200777061639141
251.0, 1.5200777061639141
252.0, 1.5200777061639141
253.0, 1.5200777061639141
254.0, 1.5200777061639141
255.0, 1.5200777061639141
256.0, 1.5200777061639141
257.0, 1.5200777061639141
258.0, 1.5200777061639141
259.0, 1.5200777061639141
260.0, 1.5200777061639141
261.0, 1.5108829017651089
262.0, 1.5016983925113399
263.0, 1.4925243684615364
264.0, 1.4833610241567126
265.0, 1.474208558745462
266.0, 1.4650671761133933
267.0, 1.45593708501664
268.0, 1.4468184992195834
269.0, 1.4377116376369228
270.0, 1.428616724480242
271.0, 1.4195339894092167
272.0, 1.4104636676876208
273.0, 1.401406000344284
274.0, 1.3923612343391671
275.0, 1.3833296227347234
276.0, 1.374311424872716
277.0, 1.3653069065566668
278.0, 1.3563163402401277
279.0, 1.34734000522095
280.0, 1.3383781878417569
281.0, 1.3294311816968032
282.0, 1.3204992878454382
ee_dist
0.0, 0.9520368145883773
1.0, 0.9673184810502546
2.0, 1.0492744811191619
3.0, 1.1283650193258996
4.0, 1.1555660763307047
5.0, 1.1809093684219663
6.0, 1.2153147805029683
7.0, 1.2513117008125256
8.0, 1.2873622559665459
9.0, 1.3226140958682966
10.0, 1.3573482881427492
11.0, 1.389884216977414
12.0, 1.4211341046422576
13.0, 1.4496128650106552
14.0, 1.4772979241856432
15.0, 1.5020209515921916
16.0, 1.5262716517475527
17.0, 1.5474738855421315
18.0, 1.568672210497729
19.0, 1.586944764668376
20.0, 1.6056525762772185
21.0, 1.5814339774654473
22.0, 1.5468755104663225
23.0, 1.5093824588272768
24.0, 1.4684601835366726
25.0, 1.4242987454424738
26.0, 1.3769198157522595
27.0, 1.3265461726385361
28.0, 1.27322865791944
29.0, 1.2172651479808612
30.0, 1.1587521167424217
31.0, 1.0980823953844754
32.0, 1.0354266232306875
33.0, 0.9713073685169417
34.0, 0.9060327837848863
35.0, 0.840355560295701
36.0, 0.7748793255539872
37.0, 0.710739904848201
38.0, 0.6490236206444174
39.0, 0.5921891882313961
40.0, 0.5414006140986147
41.0, 0.5419602922315839
42.0, 0.7060405650048286
43.0, 1.1448146065482718
44.0, 1.1042502328175061
45.0, 1.0617635125922484
46.0, 1.0171207626907741
47.0, 0.9701982675592152
48.0, 0.9211062038574032
49.0, 0.8698853322515073
50.0, 0.8170066056595698
51.0, 0.7630376706869677
52.0, 0.7083035647070284
53.0, 0.6526746012877551
54.0, 0.5963378842521965
55.0, 0.5395330868576186
56.0, 0.4832989088575932
57.0, 0.42792900189294947
58.0, 0.47673273046551273
59.0, 0.5502869346569679
60.0, 0.6330106698005026
61.0, 0.7243411161948923
62.0, 0.8188169144236429
63.0, 0.9112295202110027
64.0, 0.9975089794144759
65.0, 1.064234018645039
66.0, 1.120972030610597
67.0, 1.1787278442785794
68.0, 1.2317304156608533
69.0, 1.2841278056392464
70.0, 1.3367710206535612
71.0, 1.3876766975453407
72.0, 1.443376957871594
73.0, 1.5044314729021584
74.0, 1.5701827741863017
75.0, 1.6469689257191904
76.0, 1.7329904737390818
77.0, 1.8283251462842327
78.0, 1.927921776053529
79.0, 2.0265912540788693
80.0, 2.119987458938165
81.0, 2.1982000570345916
82.0, 2.2615292537826277
83.0, 2.32376393473908
84.0, 2.385728235825523
85.0, 2.4436769918234913
86.0, 2.50237375043726
87.0, 2.5594306932993964
88.0, 2.5957524229307425
89.0, 2.6361698366062836
90.0, 2.6777930282361755
91.0, 2.7336945206193017
92.0, 2.828138017121349
93.0, 2.929661623373544
94.0, 3.0372785750633873
95.0, 3.144545429531018
96.0, 3.246357329734103
97.0, 3.33633412997554
98.0, 3.4231621429565244
99.0, 3.4746320027094697
100.0, 3.55290713577275
101.0, 3.604938020875336
102.0, 3.6685414421531366
103.0, 3.740395513329596
104.0, 3.8022091538808716
105.0, 3.863467201773111
106.0, 3.955144459614966
107.0, 4.035642979257275
108.0, 4.110905726506953
109.0, 4.212010160256862
110.0, 4.318809736371481
111.0, 4.427276393822256
112.0, 4.5306146697640655
113.0, 4.625334422283053
114.0, 4.70028186526674
115.0, 4.768687212990871
116.0, 4.833933628341483
117.0, 4.877974524128308
118.0, 4.921490733600544
119.0, 4.963686769065423
120.0, 5.0050563240048085
121.0, 5.044548757178095
122.0, 5.082726047967126
123.0, 5.118566289500091
124.0, 5.15266138566056
125.0, 5.184023775345702
126.0, 5.213271461574994
127.0, 5.23945576119672
128.0, 5.263222745874567
129.0, 5.283664434390815
130.0, 5.30145197432867
131.0, 5.315717136451319
132.0, 5.327158956900613
133.0, 5.334950514041676
134.0, 5.33981623501593
135.0, 5.340971029788095
136.0, 5.339166128313223
137.0, 5.333656940457816
138.0, 5.325221077764212
139.0, 5.313156169223039
140.0, 5.29826651075498
141.0, 5.27988931891986
142.0, 5.258855141396754
143.0, 4.602935027908435
144.0, 4.590047196701733
145.0, 4.580184211005165
146.0, 4.572566935822789
147.0, 4.568073908311759
148.0, 4.565924554950543
149.0, 4.566966571206849
150.0, 4.570357987230965
151.0, 4.488025907687102
152.0, 4.405305133664305
153.0, 4.323031980519196
154.0, 4.240375609726814
155.0, 4.158171332458349
156.0, 4.0755873788709
157.0, 3.9934606015404444
158.0, 3.9109583407917303
159.0, 3.828919153004453
160.0, 3.7465094812846758
161.0, 3.6645697707812177
162.0, 3.5822656144756277
163.0, 3.500439627783829
164.0, 3.418256189480265
165.0, 3.3365608534525375
166.0, 3.2545168599624135
167.0, 3.262721264046721
168.0, 3.182589990052302
169.0, 3.103046498787415
170.0, 3.023282907211307
171.0, 2.931321341081302
172.0, 2.8654841054282163
173.0, 2.786115221648131
174.0, 2.7980748483423272
175.0, 2.7226100783131613
176.0, 2.6471997597507215
177.0, 2.662806942742821
178.0, 2.6804528061826
179.0, 2.700698756578491
180.0, 2.7226609718780326
181.0, 2.6666465346045527
182.0, 2.643892226004282
183.0, 2.6234637774114766
184.0, 2.604879160083007
185.0, 2.5890457965653546
186.0, 2.575350988620321
187.0, 2.564730400730301
188.0, 2.4847326570177652
189.0, 2.4766262410038262
190.0, 2.3948834786449975
191.0, 2.3137041321420604
192.0, 2.232236087737406
193.0, 2.151360429068594
194.0, 2.070228461180317
195.0, 1.9897314038388305
196.0, 1.9090231806442093
197.0, 1.8290068753573523
198.0, 1.748842136862253
199.0, 1.669448102759792
200.0, 1.5899951753899717
201.0, 1.5114243323877834
202.0, 1.4329254674576937
203.0, 1.3554725317324683
204.0, 1.2643788838750714
205.0, 1.2031500942443947
206.0, 1.1271683877266347
207.0, 1.03828555172261
208.0, 0.981644404487759
209.0, 0.9106299704776935
210.0, 0.8423739204846821
211.0, 0.777478413549464
212.0, 0.7159364174933539
213.0, 0.6959928904113513
214.0, 0.6327245820140833
215.0, 0.575102922900592
216.0, 0.5536442580350802
217.0, 0.5354930967107798
218.0, 0.5201174999303917
219.0, 0.5089637342047344
220.0, 0.5012714211632738
221.0, 0.4984019154416023
222.0, 0.4993098551991291
223.0, 0.5051034623893521
224.0, 0.5144799477042866
225.0, 0.5282346313690746
226.0, 0.5449595123170945
227.0, 0.5651969713048228
228.0, 0.587614067773062
229.0, 0.5877307293855939
230.0, 0.587453166622695
231.0, 0.587740867647398
232.0, 0.5874476225971471
233.0, 0.5877409262996893
234.0, 0.5874469528816363
235.0, 0.5877413284919654
236.0, 0.5874469528816363
237.0, 0.5877409262996893
238.0, 0.5874469237010925
239.0, 0.587741357818101
240.0, 0.5874470357536109
241.0, 0.5877409262996893
242.0, 0.5881061394057209
243.0, 0.5987768351850123
244.0, 0.6106762364076715
245.0, 0.6236815884435405
246.0, 0.6384447199842599
247.0, 0.654268412956615
248.0, 0.6715652274100462
249.0, 0.6895584113331167
250.0, 0.7087888626806731
251.0, 0.7284241351101822
252.0, 0.7490552289223777
253.0, 0.7698362936482608
254.0, 0.7913444912800196
255.0, 0.8127788243816597
256.0, 0.8346628267105153
257.0, 0.8562499822131517
258.0, 0.8780076168740774
259.0, 0.8992886340791815
260.0, 0.9204884228786374
261.0, 0.9410852694376719
262.0, 0.96139373881817
263.0, 0.9424344674695536
264.0, 0.9191701422538147
265.0, 0.8950901524758729
266.0, 0.8699777855412841
267.0, 0.844142894485879
268.0, 0.8175572899282032
269.0, 0.7905812437507117
270.0, 0.7632025655515408
271.0, 0.7358515661720044
272.0, 0.7085477386961633
273.0, 0.6817977223882664
274.0, 0.6556746351182122
275.0, 0.6306899290841042
276.0, 0.606951203417599
277.0, 0.5850555674562335
278.0, 0.5650312927049517
279.0, 0.5476248637901656
280.0, 0.5329151939163709
281.0, 0.5220986318630422
282.0, 0.5155895377042183
ee_box_dist
0.0, 0.5575707657653017
1.0, 0.613147673732866
2.0, 0.643669054619358
3.0, 0.6829850393465733
4.0, 0.7215914679964378
5.0, 0.7593088885288988
6.0, 0.797504748831866
7.0, 0.832878832209322
8.0, 0.8663252917407659
9.0, 0.8980579452169444
10.0, 0.9283697806018562
11.0, 0.956396008821389
12.0, 0.9829835429333162
13.0, 1.0070696256969904
14.0, 1.0303475998391365
15.0, 1.0510637345011686
16.0, 1.0713728267312745
17.0, 1.0890357996342779
18.0, 1.1067823128819754
19.0, 1.1219786502254958
20.0, 1.1376884198462942
21.0, 1.1188253648403528
22.0, 1.092227820765292
23.0, 1.0631022798075676
24.0, 1.031044603118626
25.0, 0.9962202374484629
26.0, 0.9585971754978101
27.0, 0.9183542622743571
28.0, 0.8754555862034121
29.0, 0.8301198859434988
30.0, 0.7823077571946326
31.0, 0.7322805671176754
32.0, 0.6800022805392172
33.0, 0.6257893723432993
34.0, 0.5696289482054123
35.0, 0.5118803655032795
36.0, 0.45256078622243456
37.0, 0.39734727480713006
38.0, 0.3385937055028524
39.0, 0.2828735096102306
40.0, 0.22543547150697213
41.0, 0.08017886057843696
42.0, 0.08289920701020578
43.0, 0.08302900465117345
44.0, 0.08297690864176462
45.0, 0.08302981824985624
46.0, 0.08298286880358441
47.0, 0.08302860693763388
48.0, 0.08298773468836047
49.0, 0.08302697972734896
50.0, 0.08299157580576154
51.0, 0.08294748343153475
52.0, 0.08298334449853814
53.0, 0.08302445135267035
54.0, 0.08299458480952966
55.0, 0.08301828293115644
56.0, 0.0829970599272467
57.0, 0.08301654049091878
58.0, 0.08299902320751364
59.0, 0.08301463226846408
60.0, 0.08300041878911422
61.0, 0.08301256661455228
62.0, 0.08300128369635575
63.0, 0.08300972082418791
64.0, 0.0830014768589655
65.0, 0.08300768151907069
66.0, 0.08300168015776968
67.0, 0.08300536687383418
68.0, 0.08300267356442362
69.0, 0.08300391794429979
70.0, 0.08300361509603442
71.0, 0.08300296893798335
72.0, 0.08300467919087562
73.0, 0.08300228257237513
74.0, 0.08300626312624665
75.0, 0.08300261612448108
76.0, 0.08300817005419456
77.0, 0.0830034947779825
78.0, 0.08301081769330901
79.0, 0.0830053298667444
80.0, 0.08301420693999254
81.0, 0.0830084165607555
82.0, 0.08301802167107211
83.0, 0.08301259124718571
84.0, 0.08284437740526351
85.0, 0.08339367669685353
86.0, 0.08969508773066835
87.0, 0.12537120867894486
88.0, 0.13528586883387533
89.0, 0.13350206680798
90.0, 0.12810476253911074
91.0, 0.12302934176422574
92.0, 0.12162447604788612
93.0, 0.12237900518184514
94.0, 0.12164207553082591
95.0, 0.12238000898721202
96.0, 0.12164209191117231
97.0, 0.12238011795244096
98.0, 0.0999469693152933
99.0, 0.12118241082054579
100.0, 0.09571503622219865
101.0, 0.12142719173950535
102.0, 0.12158591613394537
103.0, 0.1072054347515853
104.0, 0.10774424360626579
105.0, 0.12152039311845146
106.0, 0.09692940662997417
107.0, 0.08281909489213649
108.0, 0.11966635306027139
109.0, 0.1223474743804104
110.0, 0.12164026211429592
111.0, 0.12238023645978291
112.0, 0.12164203107408082
113.0, 0.12238009113623599
114.0, 0.12164202058202733
115.0, 0.08807353999285308
116.0, 0.11972524846734305
117.0, 0.12235724541106481
118.0, 0.12164032693564385
119.0, 0.12238025461352768
120.0, 0.12164208344535044
121.0, 0.12238018628285825
122.0, 0.12164198284636848
123.0, 0.12238012140805618
124.0, 0.12164206669352809
125.0, 0.1223801672535252
126.0, 0.12164204782570365
127.0, 0.12238014822419645
128.0, 0.12164211280504059
129.0, 0.12238012140805618
130.0, 0.1216420855613569
131.0, 0.12238023212833199
132.0, 0.12164200171419572
133.0, 0.12238017504036712
134.0, 0.1216420855613569
135.0, 0.1223802053121956
136.0, 0.12164209393722328
137.0, 0.12238017504036712
138.0, 0.12164204782570365
139.0, 0.12238017504036712
140.0, 0.1216420855613569
141.0, 0.12238014822419645
142.0, 0.12164204782570365
143.0, 0.1186182459201075
144.0, 0.11837341828085111
145.0, 0.11865468881528857
146.0, 0.11837214027586661
147.0, 0.11865380089985353
148.0, 0.11837202775333289
149.0, 0.11865270368019326
150.0, 0.11837092909912876
151.0, 0.11865262363420093
152.0, 0.11837111727497929
153.0, 0.11865261544539912
154.0, 0.11837127924750497
155.0, 0.11865266132105133
156.0, 0.11837121816626532
157.0, 0.11865261544539912
158.0, 0.11837121816626532
159.0, 0.11865270719671574
160.0, 0.11837127924750497
161.0, 0.11865261544539912
162.0, 0.11837127924750497
163.0, 0.11865280031326113
164.0, 0.1183713104933355
165.0, 0.11865289206443476
166.0, 0.11837121816626532
167.0, 0.11865202437193469
168.0, 0.11837060538995899
169.0, 0.11865161270360178
170.0, 0.1183702241204378
171.0, 0.10464917343472177
172.0, 0.11745773058688784
173.0, 0.11866533718660288
174.0, 0.11836844480031271
175.0, 0.118651477659138
176.0, 0.1183696136004751
177.0, 0.11865001921968167
178.0, 0.11836786404733804
179.0, 0.11864819145003658
180.0, 0.11836614866417018
181.0, 0.11864776685672056
182.0, 0.11836673944570875
183.0, 0.11864933119797971
184.0, 0.11836906228683566
185.0, 0.11865121852148738
186.0, 0.11837044352320931
187.0, 0.11865243536211585
188.0, 0.11837122204794841
189.0, 0.11865335779072947
190.0, 0.1183716411061681
191.0, 0.11865320418378209
192.0, 0.11837145148253009
193.0, 0.11865325567106785
194.0, 0.1183715438096584
195.0, 0.11865325567106785
196.0, 0.1183715438096584
197.0, 0.11865325567106785
198.0, 0.11837145148253009
199.0, 0.11865325567106785
200.0, 0.11837171907447595
201.0, 0.11865325567106785
202.0, 0.11837180201256929
203.0, 0.11865325567106785
204.0, 0.09411121645964943
205.0, 0.11854855730500105
206.0, 0.1183742526085345
207.0, 0.07798855669515359
208.0, 0.1174264902737899
209.0, 0.11867625350595477
210.0, 0.11837066879569741
211.0, 0.11865370013596689
212.0, 0.11837183381781233
213.0, 0.11865322518786535
214.0, 0.11837236042967422
215.0, 0.11865343950846868
216.0, 0.11837257707171898
217.0, 0.11865429833685417
218.0, 0.11837265173382797
219.0, 0.11865452617928521
220.0, 0.11837263981791686
221.0, 0.11865446012239203
222.0, 0.11837224750034266
223.0, 0.11865486742726605
224.0, 0.11837217993799308
225.0, 0.11865452687315327
226.0, 0.11837186606899734
227.0, 0.1186535251646662
228.0, 0.11837147310156272
229.0, 0.1223071583995232
230.0, 0.1216396843197303
231.0, 0.12238131774357663
232.0, 0.12164282490749238
233.0, 0.12238116419561756
234.0, 0.12164293047795327
235.0, 0.12238136867758964
236.0, 0.12164293047795327
237.0, 0.122381347580647
238.0, 0.12164308358000588
239.0, 0.12238159508853894
240.0, 0.12164279618460906
241.0, 0.12238130173437187
242.0, 0.12080241811010005
243.0, 0.07781563692143594
244.0, 0.07586935389569016
245.0, 0.07416225285900316
246.0, 0.07343100521175136
247.0, 0.07186299155582623
248.0, 0.07158735719101741
249.0, 0.07020217825618957
250.0, 0.07031490191235104
251.0, 0.06910133857490072
252.0, 0.06942174454484916
253.0, 0.06825472517184442
254.0, 0.0686758844328856
255.0, 0.06749226019904711
256.0, 0.06793671844818322
257.0, 0.06667445953367342
258.0, 0.06709152434265028
259.0, 0.06572899067641665
260.0, 0.0661099179148871
261.0, 0.064648510826646
262.0, 0.0650093117089934
263.0, 0.07997138828699911
264.0, 0.08065202768666241
265.0, 0.08083463021360103
266.0, 0.08114495755076455
267.0, 0.08129403003368695
268.0, 0.08156509544678046
269.0, 0.08168146035238374
270.0, 0.08190725037602115
271.0, 0.08198290257365753
272.0, 0.0821587970390825
273.0, 0.08218847063828978
274.0, 0.08231205892734726
275.0, 0.08229283130693675
276.0, 0.0823631359571457
277.0, 0.08229455165638065
278.0, 0.08231318000535222
279.0, 0.08219448124537851
280.0, 0.0821637589963599
281.0, 0.08199577219590669
282.0, 0.08191746829930513
spot_hold
0, 0
1, 0
2, 0
3, 0
4, 0
5, 0
6, 0
7, 0
8, 0
9, 0
10, 0
11, 0
12, 0
13, 0
14, 0
15, 0
16, 0
17, 0
18, 0
19, 0
20, 0
21, 0
22, 0
23, 0
24, 0
25, 0
26, 0
27, 0
28, 0
29, 0
30, 0
31, 0
32, 0
33, 0
34, 0
35, 0
36, 0
37, 0
38, 0
39, 0
40, 0
41, 1
42, 1
43, 1
44, 1
45, 1
46, 1
47, 1
48, 1
49, 1
50, 1
51, 1
52, 1
53, 1
54, 1
55, 1
56, 1
57, 1
58, 1
59, 1
60, 1
61, 1
62, 1
63, 1
64, 1
65, 1
66, 1
67, 1
68, 1
69, 1
70, 1
71, 1
72, 1
73, 1
74, 1
75, 1
76, 1
77, 1
78, 1
79, 1
80, 1
81, 1
82, 1
83, 1
84, 1
85, 1
86, 1
87, 1
88, 1
89, 1
90, 1
91, 1
92, 1
93, 1
94, 1
95, 1
96, 1
97, 1
98, 1
99, 1
100, 1
101, 1
102, 1
103, 1
104, 1
105, 1
106, 1
107, 1
108, 1
109, 1
110, 1
111, 1
112, 1
113, 1
114, 1
115, 1
116, 1
117, 1
118, 1
119, 1
120, 1
121, 1
122, 1
123, 1
124, 1
125, 1
126, 1
127, 1
128, 1
129, 1
130, 1
131, 1
132, 1
133, 1
134, 1
135, 1
136, 1
137, 1
138, 1
139, 1
140, 1
141, 1
142, 1
143, 1
144, 1
145, 1
146, 1
147, 1
148, 1
149, 1
150, 1
151, 1
152, 1
153, 1
154, 1
155, 1
156, 1
157, 1
158, 1
159, 1
160, 1
161, 1
162, 1
163, 1
164, 1
165, 1
166, 1
167, 1
168, 1
169, 1
170, 1
171, 1
172, 1
173, 1
174, 1
175, 1
176, 1
177, 1
178, 1
179, 1
180, 1
181, 1
182, 1
183, 1
184, 1
185, 1
186, 1
187, 1
188, 1
189, 1
190, 1
191, 1
192, 1
193, 1
194, 1
195, 1
196, 1
197, 1
198, 1
199, 1
200, 1
201, 1
202, 1
203, 1
204, 1
205, 1
206, 1
207, 1
208, 1
209, 1
210, 1
211, 1
212, 1
213, 1
214, 1
215, 1
216, 1
217, 1
218, 1
219, 1
220, 1
221, 1
222, 1
223, 1
224, 1
225, 1
226, 1
227, 1
228, 1
229, 1
230, 1
231, 1
232, 1
233, 1
234, 1
235, 1
236, 1
237, 1
238, 1
239, 1
240, 1
241, 1
242, 1
243, 1
244, 1
245, 1
246, 1
247, 1
248, 1
249, 1
250, 1
251, 1
252, 1
253, 1
254, 1
255, 1
256, 1
257, 1
258, 1
259, 1
260, 1
261, 1
262, 1
263, 1
264, 1
265, 1
266, 1
267, 1
268, 1
269, 1
270, 1
271, 1
272, 1
273, 1
274, 1
275, 1
276, 1
277, 1
278, 1
279, 1
280, 1
281, 1
282, 1
