bot_dist
0.0, 3.731715117411574
1.0, 3.73833332951456
2.0, 3.744966548210983
3.0, 3.7516146939015056
4.0, 3.75827768737152
5.0, 3.7649554497908846
6.0, 3.7716479027136227
7.0, 3.7783549680775885
8.0, 3.7850765682040897
9.0, 3.791812625797487
10.0, 3.7985630639447523
11.0, 3.8053278061149984
12.0, 3.8121067761589735
13.0, 3.818899898308526
14.0, 3.825707097176038
15.0, 3.83252829775383
16.0, 3.839363425413537
17.0, 3.8462124059054505
18.0, 3.8530751653578403
19.0, 3.859951630276244
20.0, 3.8668417275427314
21.0, 3.8737453844151406
22.0, 3.8806625285262935
23.0, 3.887593087883182
24.0, 3.894536990866133
25.0, 3.901494166227947
26.0, 3.908464543093017
27.0, 3.915448050956421
28.0, 3.9224446196829983
29.0, 3.929454179506397
30.0, 3.9364766610281103
31.0, 3.9435119952164808
32.0, 3.9505601134056993
33.0, 3.9576209472947714
34.0, 3.964694428946475
35.0, 3.971780490786291
36.0, 3.978879065601327
37.0, 3.985990086539219
38.0, 3.993113487107009
39.0, 4.000249201170021
40.0, 4.007397162950713
41.0, 4.01455730702751
42.0, 4.021729568333638
43.0, 4.02891388215592
44.0, 4.036110184133584
45.0, 4.04331841025704
46.0, 4.050538496866648
47.0, 4.057770380651481
48.0, 4.065013998648066
49.0, 4.072269288239119
50.0, 4.079536187152269
51.0, 4.0868146334587685
52.0, 4.094104565572199
53.0, 4.101405922247157
54.0, 4.108718642577939
55.0, 4.1160426659972185
56.0, 4.123377932274702
57.0, 4.130724381515795
58.0, 4.138081954160239
59.0, 4.145450590980759
60.0, 4.152830233081695
61.0, 4.160220821897623
62.0, 4.1676222991919785
63.0, 4.175034607055665
64.0, 4.182457687905666
65.0, 4.189891484483638
66.0, 4.197335939854508
67.0, 4.204790997405064
68.0, 4.21225660084254
69.0, 4.219732694193196
70.0, 4.227219221800888
71.0, 4.234716128325649
72.0, 4.24222335874225
73.0, 4.249740858338766
74.0, 4.2572685727151365
75.0, 4.264806447781724
76.0, 4.272354429757869
77.0, 4.279912465170444
78.0, 4.287480500852398
79.0, 4.295058483941313
80.0, 4.302646361877942
81.0, 4.310244082404762
82.0, 4.31785159356451
83.0, 4.325468843698728
84.0, 4.333095781446306
85.0, 4.340732355742021
86.0, 4.3483785158150745
87.0, 4.356034211187633
88.0, 4.3636993916733715
89.0, 4.371374007376008
90.0, 4.379058008687841
91.0, 4.386751346288299
92.0, 4.394453971142469
93.0, 4.4021658344996455
94.0, 4.409886887891869
95.0, 4.41761708313247
96.0, 4.4253563723146145
97.0, 4.433104707809847
98.0, 4.440862042266638
99.0, 4.448628328608937
100.0, 4.456403520034716
101.0, 4.456403520034716
102.0, 4.456403520034716
103.0, 4.456403520034716
104.0, 4.456403520034716
105.0, 4.456403520034716
106.0, 4.456403520034716
107.0, 4.456403520034716
108.0, 4.456403520034716
109.0, 4.456403520034716
110.0, 4.456403520034716
111.0, 4.456403520034716
112.0, 4.456403520034716
113.0, 4.456403520034716
114.0, 4.456403520034716
115.0, 4.456403520034716
116.0, 4.456403520034716
117.0, 4.456403520034716
118.0, 4.456403520034716
119.0, 4.456403520034716
120.0, 4.456403520034716
121.0, 4.456403520034716
122.0, 4.456403520034716
123.0, 4.456403520034716
124.0, 4.456403520034716
125.0, 4.456403520034716
126.0, 4.456403520034716
127.0, 4.456403520034716
128.0, 4.456403520034716
129.0, 4.456403520034716
130.0, 4.456403520034716
131.0, 4.448628328608937
132.0, 4.440862042266638
133.0, 4.433104707809847
134.0, 4.4253563723146145
135.0, 4.41761708313247
136.0, 4.409886887891869
137.0, 4.4021658344996455
138.0, 4.394453971142469
139.0, 4.386751346288299
140.0, 4.379058008687841
141.0, 4.371374007376008
142.0, 4.3636993916733715
143.0, 4.359759001740904
144.0, 4.3521098585658295
145.0, 4.344470265568572
146.0, 4.33684027321869
147.0, 4.3292199322778915
148.0, 4.321609293801484
149.0, 4.3140084091398165
150.0, 4.306417329939735
151.0, 4.217157383711277
152.0, 4.1279237833195115
153.0, 4.038718275061809
154.0, 3.9495427624296795
155.0, 3.860399324127251
156.0, 3.771290234615026
157.0, 3.6822179875996253
158.0, 3.593185322971925
159.0, 3.504195257795794
160.0, 3.4152511220721764
161.0, 3.326356600154444
162.0, 3.237515778878284
163.0, 3.148733203702679
164.0, 3.060013944450689
165.0, 2.9713636726063406
166.0, 2.882788752589352
167.0, 2.874880716751432
168.0, 2.784924895457625
169.0, 2.695002339976577
170.0, 2.605116414877899
171.0, 2.515271047243383
172.0, 2.4254707441201733
173.0, 2.335720703233244
174.0, 2.3277202498351945
175.0, 2.237038436657032
176.0, 2.1463826133402306
177.0, 2.1383913863140855
178.0, 2.1304171232164477
179.0, 2.1224600152521
180.0, 2.1145202560894454
181.0, 2.0262614341476075
182.0, 2.0184220869077767
183.0, 2.0106019103589103
184.0, 2.002801129063789
185.0, 1.995019970536136
186.0, 1.987258665276202
187.0, 1.9795174468064762
188.0, 1.8908793503286403
189.0, 1.883122059642867
190.0, 1.7964405184462886
191.0, 1.7100220922930442
192.0, 1.623908787758021
193.0, 1.5381518523207989
194.0, 1.4528143947699648
195.0, 1.3679749213770211
196.0, 1.2837321684817478
197.0, 1.2002117939288748
198.0, 1.1175757670913502
199.0, 1.036035720960627
200.0, 0.9558721724350634
201.0, 0.8774624664210905
202.0, 0.8013216114223888
203.0, 0.7281616887066352
204.0, 0.6589762817282259
205.0, 0.5951530978440356
206.0, 0.5386017590753679
207.0, 0.4918370409978734
208.0, 0.4578675244311846
209.0, 0.43966901184035434
210.0, 0.43920631260188014
211.0, 0.45653335595413147
212.0, 0.4897656584335794
213.0, 0.48634778388069416
214.0, 0.5383833176731646
215.0, 0.5990561860184959
216.0, 0.5981074206154039
217.0, 0.5973245841265258
218.0, 0.596708329611019
219.0, 0.5962591735738317
220.0, 0.5959774938143685
221.0, 0.5958635278434925
222.0, 0.5959173718842741
223.0, 0.5961389804662652
224.0, 0.5965281666172911
225.0, 0.5970846026508685
226.0, 0.5978078215415343
227.0, 0.5986972188746619
228.0, 0.5997520553518805
229.0, 0.6009714598280735
230.0, 0.6023544328512052
231.0, 0.6023544328512052
232.0, 0.6023544328512052
233.0, 0.6023544328512052
234.0, 0.6023544328512052
235.0, 0.6023544328512052
236.0, 0.6023544328512052
237.0, 0.6023544328512052
238.0, 0.6023544328512052
239.0, 0.6023544328512052
240.0, 0.6023544328512052
241.0, 0.6023544328512052
242.0, 0.6023544328512052
243.0, 0.6023544328512052
244.0, 0.6023544328512052
245.0, 0.6023544328512052
246.0, 0.6023544328512052
247.0, 0.6023544328512052
248.0, 0.6023544328512052
249.0, 0.6023544328512052
250.0, 0.6023544328512052
251.0, 0.6023544328512052
252.0, 0.6023544328512052
253.0, 0.6023544328512052
254.0, 0.6023544328512052
255.0, 0.6023544328512052
256.0, 0.6023544328512052
257.0, 0.6023544328512052
258.0, 0.6023544328512052
259.0, 0.6023544328512052
260.0, 0.6023544328512052
261.0, 0.6009714598280735
262.0, 0.5997520553518805
263.0, 0.5986972188746619
264.0, 0.5978078215415343
265.0, 0.5970846026508685
266.0, 0.5965281666172911
267.0, 0.5961389804662652
268.0, 0.5959173718842741
269.0, 0.5958635278434925
270.0, 0.5959774938143685
271.0, 0.5962591735738317
272.0, 0.596708329611019
273.0, 0.5973245841265258
274.0, 0.5981074206154039
275.0, 0.5990561860184959
276.0, 0.6001700934213337
277.0, 0.6014482252748348
278.0, 0.6028895371074664
279.0, 0.6044928616944886
280.0, 0.6062569136464009
281.0, 0.6081802943758187
282.0, 0.6102614973997506
ee_dist
0.0, 0.831039369802224
1.0, 0.8200526825196622
2.0, 0.8851609477846337
3.0, 0.9559888279892602
4.0, 0.9803668190234408
5.0, 1.0053347862124606
6.0, 1.0408997996462168
7.0, 1.0783095911784815
8.0, 1.115339137533507
9.0, 1.1513754025441942
10.0, 1.1866883212193653
11.0, 1.2196358081299938
12.0, 1.2511267367000245
13.0, 1.2797573511516749
14.0, 1.3074801628787531
15.0, 1.3322103168662969
16.0, 1.356392377591442
17.0, 1.377522118778358
18.0, 1.3985933037151677
19.0, 1.4167525349113712
20.0, 1.4353015719017614
21.0, 1.4132372807743412
22.0, 1.3815610814396615
23.0, 1.3470750674057477
24.0, 1.3092880297433318
25.0, 1.2683615472128946
26.0, 1.2242788540016318
27.0, 1.177224113965413
28.0, 1.1271933962302132
29.0, 1.07443091453392
30.0, 1.0189529886016915
31.0, 0.9610717687061877
32.0, 0.9008378498273664
33.0, 0.8386458958723451
34.0, 0.7746323125661883
35.0, 0.709304500416209
36.0, 0.6430169589856823
37.0, 0.5766438391038422
38.0, 0.5109924862965085
39.0, 0.44750768921599277
40.0, 0.3883521147350467
41.0, 0.38916723851593793
42.0, 0.643204318452172
43.0, 1.2663841760263221
44.0, 1.230360735961983
45.0, 1.1921928113616018
46.0, 1.1515952011831458
47.0, 1.1084633559053063
48.0, 1.0629295415165991
49.0, 1.0149045897956674
50.0, 0.9649781707967404
51.0, 0.9134936841166775
52.0, 0.8606905702470472
53.0, 0.8065634425055821
54.0, 0.7512431545868294
55.0, 0.6947726315597622
56.0, 0.6379848938165723
57.0, 0.5809971323901462
58.0, 0.6399289725685763
59.0, 0.7174859498869491
60.0, 0.8035148833551745
61.0, 0.8973781650597209
62.0, 0.9934639608946944
63.0, 1.0866141047773592
64.0, 1.1731077641660212
65.0, 1.2394233396095637
66.0, 1.2950027225127356
67.0, 1.3519453729311228
68.0, 1.4045367893992313
69.0, 1.4568440482468028
70.0, 1.5097926734199658
71.0, 1.56109292617975
72.0, 1.6181041008776464
73.0, 1.680106064176873
74.0, 1.7469094996341288
75.0, 1.824677881934259
76.0, 1.9116346775657158
77.0, 2.007822130436592
78.0, 2.108081284522564
79.0, 2.2071524725728615
80.0, 2.3007400005823877
81.0, 2.3788726337156083
82.0, 2.4419030638125885
83.0, 2.5036845237331034
84.0, 2.563169081391651
85.0, 2.6219787104867205
86.0, 2.68050676098122
87.0, 2.73836479289096
88.0, 2.775619353718724
89.0, 2.816646857258089
90.0, 2.857830765705071
91.0, 2.9187574828449963
92.0, 3.012870160049989
93.0, 3.1131960797990286
94.0, 3.222229056202409
95.0, 3.3286556349848984
96.0, 3.431583255589618
97.0, 3.5204150456866024
98.0, 3.5935005660593613
99.0, 3.6595236380675256
100.0, 3.7261491607094226
101.0, 3.78865351102843
102.0, 3.8527386220529327
103.0, 3.914112727169677
104.0, 3.979345651429907
105.0, 4.047982897422683
106.0, 4.123912243616182
107.0, 4.204238229884919
108.0, 4.29716794822568
109.0, 4.396365564803155
110.0, 4.504509674642794
111.0, 4.612072947812872
112.0, 4.7165153758127145
113.0, 4.810135982718663
114.0, 4.886011124841702
115.0, 4.9321624406829345
116.0, 4.9798248060281125
117.0, 5.023660295273608
118.0, 5.068436998864388
119.0, 5.108865382810205
120.0, 5.149723191863495
121.0, 5.186446269890772
122.0, 5.222322180813801
123.0, 5.2526657096939715
124.0, 5.283147487330749
125.0, 5.308124004662693
126.0, 5.332396137683047
127.0, 5.350947606946
128.0, 5.3685546939853745
129.0, 5.380279692862042
130.0, 5.391370170966327
131.0, 5.395515745612378
132.0, 5.398955271878367
133.0, 5.39639877054778
134.0, 5.392594624249642
135.0, 5.382865343724833
136.0, 5.371931299435483
137.0, 5.3552002393394975
138.0, 5.337376151205679
139.0, 5.313957478087051
140.0, 5.289628396799237
141.0, 5.258753570800687
142.0, 5.259883564161018
143.0, 4.596985615759771
144.0, 4.583989535885331
145.0, 4.575219807433347
146.0, 4.567288546405572
147.0, 4.56400045988505
148.0, 4.561538626900727
149.0, 4.563849780690649
150.0, 4.566937471686919
151.0, 4.48546089695081
152.0, 4.402003686831346
153.0, 4.320592884488976
154.0, 4.237203249390861
155.0, 4.155867785586503
156.0, 4.07255451694222
157.0, 3.991304144683146
158.0, 3.9080768490806745
159.0, 3.826922521923455
160.0, 3.743792797755389
161.0, 3.662747423942308
162.0, 3.5797289150316676
163.0, 3.4988078181265863
164.0, 3.415917037657086
165.0, 3.335138868109743
166.0, 3.2523953686700167
167.0, 3.261949187484121
168.0, 3.1811683493985417
169.0, 3.1025929534299306
170.0, 3.022196502137462
171.0, 2.94404216799752
172.0, 2.864098975340282
173.0, 2.78643833776056
174.0, 2.798130087038187
175.0, 2.723707863818679
176.0, 2.647778467912869
177.0, 2.664710287706147
178.0, 2.682139410111016
179.0, 2.7036044814092524
180.0, 2.725373907226327
181.0, 2.670404372936804
182.0, 2.646518383549545
183.0, 2.626284926033857
184.0, 2.606436168793243
185.0, 2.5908219759359388
186.0, 2.5757702726141605
187.0, 2.5653849444905124
188.0, 2.484782820000158
189.0, 2.476915169388665
190.0, 2.3945205241946605
191.0, 2.314366209116581
192.0, 2.2322673413114402
193.0, 2.152450192650317
194.0, 2.070715297224814
195.0, 1.9913184648489597
196.0, 1.9100423999411376
197.0, 1.831177859214727
198.0, 1.7504907380522563
199.0, 1.672313129389896
200.0, 1.5923973767443693
201.0, 1.515125664888298
202.0, 1.4362439604537063
203.0, 1.3601970758306938
204.0, 1.2827391587688157
205.0, 1.2083965064561037
206.0, 1.1329598611383376
207.0, 1.0610677970342006
208.0, 0.9886017834349088
209.0, 0.9203598334738049
210.0, 0.8524221915531243
211.0, 0.7898197916377073
212.0, 0.7290194963892006
213.0, 0.7092927857461168
214.0, 0.6469304943250176
215.0, 0.5922416130810182
216.0, 0.5692841573660482
217.0, 0.5513725998283218
218.0, 0.5341041171102344
219.0, 0.5229966619759212
220.0, 0.5130736194793635
221.0, 0.49466543650465544
222.0, 0.5104772081496058
223.0, 0.49526659108498083
224.0, 0.5065223575806993
225.0, 0.5204865005486246
226.0, 0.5342944009360955
227.0, 0.5538866768286668
228.0, 0.5800398355171732
229.0, 0.5878742323035907
230.0, 0.5895283668185742
231.0, 0.5911832741602587
232.0, 0.5899246844353114
233.0, 0.5911769180653109
234.0, 0.5899244325253954
235.0, 0.5911776701885276
236.0, 0.5899245444361689
237.0, 0.5911768827493682
238.0, 0.5899244325253954
239.0, 0.5911776701885276
240.0, 0.5899245444361689
241.0, 0.5911768827493682
242.0, 0.5899244325253954
243.0, 0.5980634935471624
244.0, 0.6104292881292195
245.0, 0.6238880015423204
246.0, 0.6393527698367296
247.0, 0.655988478948022
248.0, 0.6742694357621704
249.0, 0.6933544083258636
250.0, 0.713769371820881
251.0, 0.7346641622573243
252.0, 0.7565761710076092
253.0, 0.7786772574842062
254.0, 0.801483144953968
255.0, 0.824226737625083
256.0, 0.8473612164361795
257.0, 0.8701907285747977
258.0, 0.893112437405223
259.0, 0.9155327670117788
260.0, 0.937786375299418
261.0, 0.9594003719738761
262.0, 0.9882951504455049
263.0, 0.9681163539136195
264.0, 0.9453216708227912
265.0, 0.921497736886149
266.0, 0.8965279092073936
267.0, 0.8707017076424758
268.0, 0.8439741630522278
269.0, 0.8166920760184908
270.0, 0.7888188804367292
271.0, 0.7607700687439751
272.0, 0.7325341206017173
273.0, 0.7045982280245826
274.0, 0.6769413378462729
275.0, 0.6501264148445604
276.0, 0.6241783718541585
277.0, 0.599800058125696
278.0, 0.576829216058264
279.0, 0.5561157731385273
280.0, 0.5377864652168234
281.0, 0.5230593189131775
282.0, 0.5226607177131598
ee_box_dist
0.0, 0.5575707657653017
1.0, 0.613147673732866
2.0, 0.643669054619358
3.0, 0.6829850393465733
4.0, 0.7215914679964378
5.0, 0.7593088885288988
6.0, 0.7975661661888243
7.0, 0.8326245027208131
8.0, 0.865973971332361
9.0, 0.8976440300372465
10.0, 0.9279010964529412
11.0, 0.9558745211718852
12.0, 0.98242303033058
13.0, 1.0064762549529596
14.0, 1.029736223710608
15.0, 1.0504399874689818
16.0, 1.070748256359969
17.0, 1.0884137271887655
18.0, 1.106170080346277
19.0, 1.121378325185592
20.0, 1.1371040409178221
21.0, 1.1182623752749916
22.0, 1.091683008085559
23.0, 1.0625777458262649
24.0, 1.030542631505886
25.0, 0.9952631057850784
26.0, 0.9581443216783039
27.0, 0.9137701634049631
28.0, 0.8679397579096859
29.0, 0.8218031230035161
30.0, 0.7709648024519113
31.0, 0.7225988197530123
32.0, 0.6681890507123122
33.0, 0.6157616328825891
34.0, 0.5611573498804396
35.0, 0.5035220017967763
36.0, 0.4460247931032419
37.0, 0.38639866469940354
38.0, 0.3278304152441668
39.0, 0.26956950388969336
40.0, 0.21344704187201716
41.0, 0.08025351722005492
42.0, 0.08290219301508128
43.0, 0.08302931094291267
44.0, 0.08297784820672831
45.0, 0.08303040954556941
46.0, 0.08298416284498238
47.0, 0.08302979642469131
48.0, 0.08298927437153916
49.0, 0.08302857698685025
50.0, 0.08299371386678879
51.0, 0.08302735588121499
52.0, 0.08299713994656077
53.0, 0.08302524521374692
54.0, 0.08299964614921064
55.0, 0.08302351617600631
56.0, 0.08300174988259389
57.0, 0.0830213684794737
58.0, 0.08300334193436289
59.0, 0.08301918283318692
60.0, 0.08300467046368326
61.0, 0.08301649119936759
62.0, 0.08300532487311187
63.0, 0.08301416376469321
64.0, 0.08300606370442211
65.0, 0.0830116193779015
66.0, 0.08300609604167297
67.0, 0.08300970922685548
68.0, 0.08300659548483857
69.0, 0.08300755071228003
70.0, 0.08300712530228822
71.0, 0.08300602664246756
72.0, 0.08300770019496187
73.0, 0.083005420637259
74.0, 0.08300888455377767
75.0, 0.0830049075513662
76.0, 0.08301017779148283
77.0, 0.08300571856017995
78.0, 0.083012515723127
79.0, 0.08300670605555618
80.0, 0.08301516489697054
81.0, 0.08300923607704982
82.0, 0.08301855061232663
83.0, 0.08301264365559784
84.0, 0.08302295403427366
85.0, 0.08301706605987114
86.0, 0.0886345453742161
87.0, 0.12447002500801707
88.0, 0.135069948370634
89.0, 0.13333948136572993
90.0, 0.1289529442207273
91.0, 0.11230790319542831
92.0, 0.11491251010303283
93.0, 0.11663832835731981
94.0, 0.1145772640762185
95.0, 0.11664298921584193
96.0, 0.11457667976111129
97.0, 0.1166431178308833
98.0, 0.11457665500654943
99.0, 0.11664307328240978
100.0, 0.11457661047993738
101.0, 0.11664306825207446
102.0, 0.11457665500654943
103.0, 0.11664309304146249
104.0, 0.11457665500654943
105.0, 0.11664313758992848
106.0, 0.11457665500654943
107.0, 0.11664307328240978
108.0, 0.11457665500654943
109.0, 0.11664307328240978
110.0, 0.11457665500654943
111.0, 0.1166431178308833
112.0, 0.11457665500654943
113.0, 0.1166431178308833
114.0, 0.11457665500654943
115.0, 0.11664302873394966
116.0, 0.11457665500654943
117.0, 0.1166431178308833
118.0, 0.11457665500654943
119.0, 0.11664307328240978
120.0, 0.11457661047993738
121.0, 0.11297164099260326
122.0, 0.11500376449072004
123.0, 0.1166318002146982
124.0, 0.11457730804737837
125.0, 0.11664292993871232
126.0, 0.11457671930524346
127.0, 0.1166431178308833
128.0, 0.11457665500654943
129.0, 0.11664307328240978
130.0, 0.1150447550832186
131.0, 0.1166202273053258
132.0, 0.1145777435825205
133.0, 0.116642860600811
134.0, 0.11457659070785808
135.0, 0.11664313255958073
136.0, 0.11457665500654943
137.0, 0.11664307328240978
138.0, 0.11457661047993738
139.0, 0.11664311280051948
140.0, 0.11457665500654943
141.0, 0.11664311280051948
142.0, 0.11457665500654943
143.0, 0.11220509829601474
144.0, 0.11119878668062079
145.0, 0.11246019303160379
146.0, 0.11120378958327133
147.0, 0.11245847463409371
148.0, 0.11120393504689201
149.0, 0.11245802080004103
150.0, 0.1112032160726465
151.0, 0.11245845228486265
152.0, 0.11120318065336544
153.0, 0.1124583137564169
154.0, 0.11120305111943132
155.0, 0.11245820020789339
156.0, 0.11120320544190504
157.0, 0.11245813551718645
158.0, 0.11120320544190504
159.0, 0.11245813551718645
160.0, 0.11120320544190504
161.0, 0.11245813551718645
162.0, 0.11120314067503519
163.0, 0.11245787675525018
164.0, 0.11120298635259938
165.0, 0.11245800613604
166.0, 0.11120307590825539
167.0, 0.11245695868900925
168.0, 0.11120271123449704
169.0, 0.11245705249098253
170.0, 0.11120303252927927
171.0, 0.11245745081103434
172.0, 0.11120314262475536
173.0, 0.11245757232373363
174.0, 0.11120219934014187
175.0, 0.11245699926495792
176.0, 0.11120203643036398
177.0, 0.11245563967073331
178.0, 0.1112005037069973
179.0, 0.1124539521559375
180.0, 0.1111860202434521
181.0, 0.11245392952343283
182.0, 0.11118678899407317
183.0, 0.11245516412476557
184.0, 0.1112013105884006
185.0, 0.11245700535508941
186.0, 0.11120273484872993
187.0, 0.11245740923486783
188.0, 0.1112032949975124
189.0, 0.11245817092820792
190.0, 0.11120376451844974
191.0, 0.11245879313011965
192.0, 0.11120402188744284
193.0, 0.1124586567779121
194.0, 0.11120406885497323
195.0, 0.1124586567779121
196.0, 0.11120406885497323
197.0, 0.1124586567779121
198.0, 0.11120406885497323
199.0, 0.1124586567779121
200.0, 0.11120406885497323
201.0, 0.11245857873856109
202.0, 0.11120397929986128
203.0, 0.1124586567779121
204.0, 0.11120406885497323
205.0, 0.1124586567779121
206.0, 0.1112037375466589
207.0, 0.11245892948266735
208.0, 0.11120401059105199
209.0, 0.11245885144350558
210.0, 0.11120401059105199
211.0, 0.11245892948266735
212.0, 0.11120401059105199
213.0, 0.11245849402055887
214.0, 0.11120414401452013
215.0, 0.11245919799145872
216.0, 0.11120372147941118
217.0, 0.11245937678077511
218.0, 0.11120411665075941
219.0, 0.11245905263979555
220.0, 0.1112041762394947
221.0, 0.10266254582897351
222.0, 0.11019937648116787
223.0, 0.09200818236000641
224.0, 0.09254416201029457
225.0, 0.09338631999925764
226.0, 0.09031333775430392
227.0, 0.09006582147936025
228.0, 0.09253069541421707
229.0, 0.11535636803955603
230.0, 0.11505442429654465
231.0, 0.11663306550950289
232.0, 0.11457841911376594
233.0, 0.1166437858493001
234.0, 0.11457757936355231
235.0, 0.11664402445988603
236.0, 0.11457757308462285
237.0, 0.11664369674958727
238.0, 0.11457757936355231
239.0, 0.11664406900948872
240.0, 0.11457757308462285
241.0, 0.11664369674958727
242.0, 0.11457757936355231
243.0, 0.07435318062434931
244.0, 0.0735500802340602
245.0, 0.07238302640309187
246.0, 0.07241113325997324
247.0, 0.07129526030670719
248.0, 0.07151134794227905
249.0, 0.07047907369036376
250.0, 0.07086047553331792
251.0, 0.06990404807727525
252.0, 0.07030307151707042
253.0, 0.06931297231090207
254.0, 0.06975895803458212
255.0, 0.06869985333887081
256.0, 0.0691161165196708
257.0, 0.0679547085769082
258.0, 0.06831782000112234
259.0, 0.06704440634571122
260.0, 0.06736280053280005
261.0, 0.06598736516885263
262.0, 0.07630163341208579
263.0, 0.08026702212761132
264.0, 0.08069623817857717
265.0, 0.08086864987555206
266.0, 0.08117305391982994
267.0, 0.08131740463866044
268.0, 0.08158315328058903
269.0, 0.08169460848133665
270.0, 0.08191562260438892
271.0, 0.08198747520935283
272.0, 0.08215962198678989
273.0, 0.08218655498476812
274.0, 0.0822530248197976
275.0, 0.08221148636204359
276.0, 0.08227539170115082
277.0, 0.08228214858514853
278.0, 0.08225813304553033
279.0, 0.08217813385901279
280.0, 0.08214898830467561
281.0, 0.08197929332916323
282.0, 0.08324849785646662
spot_hold
0, 0
1, 0
2, 0
3, 0
4, 0
5, 0
6, 0
7, 0
8, 0
9, 0
10, 0
11, 0
12, 0
13, 0
14, 0
15, 0
16, 0
17, 0
18, 0
19, 0
20, 0
21, 0
22, 0
23, 0
24, 0
25, 0
26, 0
27, 0
28, 0
29, 0
30, 0
31, 0
32, 0
33, 0
34, 0
35, 0
36, 0
37, 0
38, 0
39, 0
40, 0
41, 1
42, 1
43, 1
44, 1
45, 1
46, 1
47, 1
48, 1
49, 1
50, 1
51, 1
52, 1
53, 1
54, 1
55, 1
56, 1
57, 1
58, 1
59, 1
60, 1
61, 1
62, 1
63, 1
64, 1
65, 1
66, 1
67, 1
68, 1
69, 1
70, 1
71, 1
72, 1
73, 1
74, 1
75, 1
76, 1
77, 1
78, 1
79, 1
80, 1
81, 1
82, 1
83, 1
84, 1
85, 1
86, 1
87, 1
88, 1
89, 1
90, 1
91, 1
92, 1
93, 1
94, 1
95, 1
96, 1
97, 1
98, 1
99, 1
100, 1
101, 1
102, 1
103, 1
104, 1
105, 1
106, 1
107, 1
108, 1
109, 1
110, 1
111, 1
112, 1
113, 1
114, 1
115, 1
116, 1
117, 1
118, 1
119, 1
120, 1
121, 1
122, 1
123, 1
124, 1
125, 1
126, 1
127, 1
128, 1
129, 1
130, 1
131, 1
132, 1
133, 1
134, 1
135, 1
136, 1
137, 1
138, 1
139, 1
140, 1
141, 1
142, 1
143, 1
144, 1
145, 1
146, 1
147, 1
148, 1
149, 1
150, 1
151, 1
152, 1
153, 1
154, 1
155, 1
156, 1
157, 1
158, 1
159, 1
160, 1
161, 1
162, 1
163, 1
164, 1
165, 1
166, 1
167, 1
168, 1
169, 1
170, 1
171, 1
172, 1
173, 1
174, 1
175, 1
176, 1
177, 1
178, 1
179, 1
180, 1
181, 1
182, 1
183, 1
184, 1
185, 1
186, 1
187, 1
188, 1
189, 1
190, 1
191, 1
192, 1
193, 1
194, 1
195, 1
196, 1
197, 1
198, 1
199, 1
200, 1
201, 1
202, 1
203, 1
204, 1
205, 1
206, 1
207, 1
208, 1
209, 1
210, 1
211, 1
212, 1
213, 1
214, 1
215, 1
216, 1
217, 1
218, 1
219, 1
220, 1
221, 1
222, 1
223, 1
224, 1
225, 1
226, 1
227, 1
228, 1
229, 1
230, 1
231, 1
232, 1
233, 1
234, 1
235, 1
236, 1
237, 1
238, 1
239, 1
240, 1
241, 1
242, 1
243, 1
244, 1
245, 1
246, 1
247, 1
248, 1
249, 1
250, 1
251, 1
252, 1
253, 1
254, 1
255, 1
256, 1
257, 1
258, 1
259, 1
260, 1
261, 1
262, 1
263, 1
264, 1
265, 1
266, 1
267, 1
268, 1
269, 1
270, 1
271, 1
272, 1
273, 1
274, 1
275, 1
276, 1
277, 1
278, 1
279, 1
280, 1
281, 1
282, 1
