bot_dist
0.0, 3.229145166893615
1.0, 3.2341380824128247
2.0, 3.2391541740046796
3.0, 3.24419333416637
4.0, 3.249255455569107
5.0, 3.2543404310643704
6.0, 3.2594481536900375
7.0, 3.2645785166764
8.0, 3.2697314134520745
9.0, 3.2749067376498
10.0, 3.280104383112119
11.0, 3.2853242438969623
12.0, 3.290566214283112
13.0, 3.2958301887755628
14.0, 3.301116062110777
15.0, 3.306423729261829
16.0, 3.311753085443443
17.0, 3.3171040261169313
18.0, 3.3224764469950245
19.0, 3.327870244046594
20.0, 3.333285313501279
21.0, 3.3387215518540083
22.0, 3.3441788558694174
23.0, 3.3496571225861707
24.0, 3.3551562493211806
25.0, 3.3606761336737296
26.0, 3.366216673529495
27.0, 3.3717777670644717
28.0, 3.377359312748809
29.0, 3.38296120935054
30.0, 3.388583355939227
31.0, 3.394225651889511
32.0, 3.399887996884563
33.0, 3.4055702909194534
34.0, 3.411272434304423
35.0, 3.4169943276680694
36.0, 3.422735871960446
37.0, 3.428496968456067
38.0, 3.434277518756831
39.0, 3.4400774247948607
40.0, 3.4458965888352533
41.0, 3.451734913478751
42.0, 3.4575923016643264
43.0, 3.4634686566716897
44.0, 3.4693638821237127
45.0, 3.475277881988772
46.0, 3.4812105605830195
47.0, 3.4871618225725705
48.0, 3.493131572975614
49.0, 3.4991197171644552
50.0, 3.505126160867474
51.0, 3.5111508101710167
52.0, 3.517193571521213
53.0, 3.523254351725722
54.0, 3.5293330579554065
55.0, 3.5354295977459387
56.0, 3.54154387899934
57.0, 3.547675809985448
58.0, 3.5538252993433215
59.0, 3.5599922560825776
60.0, 3.566176589584667
61.0, 3.5723782096040813
62.0, 3.578597026269503
63.0, 3.584832950084888
64.0, 3.5910858919304958
65.0, 3.5973557630638515
66.0, 3.6036424751206506
67.0, 3.6099459401156144
68.0, 3.6162660704432765
69.0, 3.622602778878721
70.0, 3.628955978578266
71.0, 3.6353255830800877
72.0, 3.6417115063047962
73.0, 3.6481136625559585
74.0, 3.6545319665205667
75.0, 3.6609663332694606
76.0, 3.6674166782576987
77.0, 3.6738829173248773
78.0, 3.68036496669541
79.0, 3.6868627429787497
80.0, 3.6933761631695736
81.0, 3.69990514464792
82.0, 3.706449605179277
83.0, 3.7130094629146346
84.0, 3.719584636390488
85.0, 3.726175044528803
86.0, 3.732780606636937
87.0, 3.7394012424075256
88.0, 3.7460368719183212
89.0, 3.752687415632001
90.0, 3.759352794395933
91.0, 3.766032929441902
92.0, 3.7727277423858103
93.0, 3.779437155227329
94.0, 3.786161090349522
95.0, 3.7928994705184382
96.0, 3.7996522188826645
97.0, 3.806419258972845
98.0, 3.8132005147011805
99.0, 3.8199959103608783
100.0, 3.82680537062559
101.0, 3.82680537062559
102.0, 3.82680537062559
103.0, 3.82680537062559
104.0, 3.82680537062559
105.0, 3.82680537062559
106.0, 3.82680537062559
107.0, 3.82680537062559
108.0, 3.82680537062559
109.0, 3.82680537062559
110.0, 3.82680537062559
111.0, 3.82680537062559
112.0, 3.82680537062559
113.0, 3.82680537062559
114.0, 3.82680537062559
115.0, 3.82680537062559
116.0, 3.82680537062559
117.0, 3.82680537062559
118.0, 3.82680537062559
119.0, 3.82680537062559
120.0, 3.82680537062559
121.0, 3.82680537062559
122.0, 3.82680537062559
123.0, 3.82680537062559
124.0, 3.82680537062559
125.0, 3.82680537062559
126.0, 3.82680537062559
127.0, 3.82680537062559
128.0, 3.82680537062559
129.0, 3.82680537062559
130.0, 3.82680537062559
131.0, 3.8199959103608783
132.0, 3.8132005147011805
133.0, 3.806419258972845
134.0, 3.7996522188826645
135.0, 3.7928994705184382
136.0, 3.786161090349522
137.0, 3.779437155227329
138.0, 3.7727277423858103
139.0, 3.766032929441902
140.0, 3.759352794395933
141.0, 3.752687415632001
142.0, 3.7460368719183212
143.0, 3.7437395951031003
144.0, 3.7371266450989595
145.0, 3.7305287784298096
146.0, 3.7239460752669262
147.0, 3.717378616164542
148.0, 3.7108264820599475
149.0, 3.7042897542735407
150.0, 3.6977685145088492
151.0, 3.608102227468299
152.0, 3.5184461881566236
153.0, 3.428801155183851
154.0, 3.3391680638078443
155.0, 3.249547902192891
156.0, 3.15994177045497
157.0, 3.0703508969519815
158.0, 2.980776657498757
159.0, 2.891220598137224
160.0, 2.8016844622520125
161.0, 2.712170223028711
162.0, 2.6226801225217584
163.0, 2.5332167189535446
164.0, 2.4437829443362307
165.0, 2.3543821751362772
166.0, 2.2650183195502147
167.0, 2.2587482969982444
168.0, 2.1696960251643493
169.0, 2.080764675133966
170.0, 1.9919702328107802
171.0, 1.9033318593904225
172.0, 1.8148724222337134
173.0, 1.7266194237427719
174.0, 1.7207767810576342
175.0, 1.634095863762826
176.0, 1.547909511980089
177.0, 1.542384839556039
178.0, 1.5369053740958514
179.0, 1.531471600838762
180.0, 1.5260840078596924
181.0, 1.4533491384052593
182.0, 1.448338281378825
183.0, 1.4433793112449536
184.0, 1.438472764626107
185.0, 1.4336191797791789
186.0, 1.4288190964250533
187.0, 1.4240730555718046
188.0, 1.3381493376145743
189.0, 1.3336173969971634
190.0, 1.247256858588722
191.0, 1.1613317308025193
192.0, 1.0759462013919985
193.0, 0.9912397234069549
194.0, 0.9074024861542149
195.0, 0.8246996278322992
196.0, 0.7435097861249332
197.0, 0.6643878758897426
198.0, 0.5881690393449425
199.0, 0.516140978519968
200.0, 0.45031913374858523
201.0, 0.39382769885005686
202.0, 0.3511983943470055
203.0, 0.327883347627212
204.0, 0.32802711589054384
205.0, 0.3516009236572596
206.0, 0.3944258509818248
207.0, 0.45105145602000213
208.0, 0.5169624760867272
209.0, 0.5890501753115813
210.0, 0.6653098060576127
211.0, 0.7444602882089442
212.0, 0.8256708544401434
213.0, 0.8340046519495314
214.0, 0.9136423275335299
215.0, 0.994791502398103
216.0, 1.0028170016151587
217.0, 1.0108777096325205
218.0, 1.0189727908800579
219.0, 1.0271014326221282
220.0, 1.0352628443315701
221.0, 1.0434562570760153
222.0, 1.0516809229168382
223.0, 1.0599361143209853
224.0, 1.0682211235858683
225.0, 1.0765352622774471
226.0, 1.0848778606815694
227.0, 1.0932482672686001
228.0, 1.101645848171319
229.0, 1.11006998667604
230.0, 1.1185200827268647
231.0, 1.1185200827268647
232.0, 1.1185200827268647
233.0, 1.1185200827268647
234.0, 1.1185200827268647
235.0, 1.1185200827268647
236.0, 1.1185200827268647
237.0, 1.1185200827268647
238.0, 1.1185200827268647
239.0, 1.1185200827268647
240.0, 1.1185200827268647
241.0, 1.1185200827268647
242.0, 1.1185200827268647
243.0, 1.1185200827268647
244.0, 1.1185200827268647
245.0, 1.1185200827268647
246.0, 1.1185200827268647
247.0, 1.1185200827268647
248.0, 1.1185200827268647
249.0, 1.1185200827268647
250.0, 1.1185200827268647
251.0, 1.1185200827268647
252.0, 1.1185200827268647
253.0, 1.1185200827268647
254.0, 1.1185200827268647
255.0, 1.1185200827268647
256.0, 1.1185200827268647
257.0, 1.1185200827268647
258.0, 1.1185200827268647
259.0, 1.1185200827268647
260.0, 1.1185200827268647
261.0, 1.11006998667604
262.0, 1.101645848171319
263.0, 1.0932482672686001
264.0, 1.0848778606815694
265.0, 1.0765352622774471
266.0, 1.0682211235858683
267.0, 1.0599361143209853
268.0, 1.0516809229168382
269.0, 1.0434562570760153
270.0, 1.0352628443315701
271.0, 1.0271014326221282
272.0, 1.0189727908800579
273.0, 1.0108777096325205
274.0, 1.0028170016151587
275.0, 0.994791502398103
276.0, 0.9868020710239023
277.0, 0.9788495906569001
278.0, 0.9709349692434759
279.0, 0.9630591401824753
280.0, 0.9552230630050336
281.0, 0.9474277240628747
282.0, 0.939674137224032
ee_dist
0.0, 0.8517266301210393
1.0, 0.8461605741638607
2.0, 0.9138021870280182
3.0, 0.9863793725958262
4.0, 1.011320002455768
5.0, 1.0358332966525898
6.0, 1.0710686999431849
7.0, 1.109090740373367
8.0, 1.1505678462608768
9.0, 1.190030644234166
10.0, 1.22726716827348
11.0, 1.2628552806251094
12.0, 1.2965451372512027
13.0, 1.3272969813661735
14.0, 1.3561658155435163
15.0, 1.3819314283800463
16.0, 1.4066623113234256
17.0, 1.4443250560646428
18.0, 1.462926954027435
19.0, 1.4980647147267758
20.0, 1.5242525200623323
21.0, 1.4958611875361967
22.0, 1.4617551845272674
23.0, 1.42431948480813
24.0, 1.3833804130168956
25.0, 1.3391052653230413
26.0, 1.2915010315545374
27.0, 1.2407856760391267
28.0, 1.1869781941036464
29.0, 1.1303659700284203
30.0, 1.0709927128946233
31.0, 1.009224272832259
32.0, 0.9451488217301458
33.0, 0.8792308972630217
34.0, 0.8116506065130624
35.0, 0.743055864413024
36.0, 0.6738635240149539
37.0, 0.6051182377663771
38.0, 0.5377934566431973
39.0, 0.47348494732647517
40.0, 0.41446939134106453
41.0, 0.4147159476867215
42.0, 0.6861868647233692
43.0, 1.2621717549511136
44.0, 1.2238658703900094
45.0, 1.1837041326386082
46.0, 1.1410415080854053
47.0, 1.0961054551576948
48.0, 1.0487447543311832
49.0, 0.999120682652235
50.0, 0.9476451091783502
51.0, 0.8948191015294051
52.0, 0.8408121784553454
53.0, 0.7856759288434388
54.0, 0.7295196886691455
55.0, 0.6724298482089631
56.0, 0.6152585376222462
57.0, 0.5581475687577636
58.0, 0.6146819527846091
59.0, 0.691064936720632
60.0, 0.776048135794162
61.0, 0.8690519212850507
62.0, 0.9645236900122647
63.0, 1.0573122556974608
64.0, 1.1435917476999475
65.0, 1.2098499370211127
66.0, 1.265560794664493
67.0, 1.3225275134405177
68.0, 1.3750337005845936
69.0, 1.4271739740781022
70.0, 1.4798664962985792
71.0, 1.530892666087106
72.0, 1.587419320455749
73.0, 1.6490349769339145
74.0, 1.7154394339205148
75.0, 1.7928375948062079
76.0, 1.8794458504690439
77.0, 1.9753137382884502
78.0, 2.075307580290707
79.0, 2.1741790041125126
80.0, 2.267619522853479
81.0, 2.3456647239094126
82.0, 2.4086537105493
83.0, 2.470427780276205
84.0, 2.5298689580284157
85.0, 2.5886191147372553
86.0, 2.6470526106197045
87.0, 2.704763421168389
88.0, 2.741641257297995
89.0, 2.782272650049287
90.0, 2.823758296827127
91.0, 2.8794846824412246
92.0, 2.975462898401597
93.0, 3.076269171018677
94.0, 3.1850963300102784
95.0, 3.291623067882071
96.0, 3.39440893676052
97.0, 3.483393067114599
98.0, 3.5563783980053008
99.0, 3.622599996020399
100.0, 3.689132748920768
101.0, 3.7517973117625725
102.0, 3.815767120633905
103.0, 3.8772735772285207
104.0, 3.9423385308654066
105.0, 4.011089149592293
106.0, 4.0868472812422425
107.0, 4.167265752902645
108.0, 4.260021818654488
109.0, 4.359307167100103
110.0, 4.467278751198337
111.0, 4.574949027387391
112.0, 4.679250935136529
113.0, 4.7730151903742675
114.0, 4.848778408705723
115.0, 4.8950859486199585
116.0, 4.942642562909822
117.0, 4.986650680105322
118.0, 5.031337060992239
119.0, 5.071951566705955
120.0, 5.112734857640321
121.0, 5.149588635039572
122.0, 5.185284730694602
123.0, 5.216025813808757
124.0, 5.246464641699676
125.0, 5.2716655889483315
126.0, 5.295906727464719
127.0, 5.314693079067992
128.0, 5.332280163050262
129.0, 5.344248011211822
130.0, 5.354849789579976
131.0, 5.359742605567565
132.0, 5.363168582193377
133.0, 5.360866878321062
134.0, 5.35707048312622
135.0, 5.347599583405523
136.0, 5.33667766553822
137.0, 5.320204471814012
138.0, 5.302393010459723
139.0, 5.261919752090787
140.0, 5.262939588519901
141.0, 5.261919752175406
142.0, 5.262939588519901
143.0, 4.602794357574193
144.0, 4.58985300638612
145.0, 4.58169699966928
146.0, 4.573796340064486
147.0, 4.571092056450927
148.0, 4.568613656462161
149.0, 4.571466029659685
150.0, 4.57448893664604
151.0, 4.493486375823545
152.0, 4.409937126927157
153.0, 4.329012931309503
154.0, 4.2455459750483415
155.0, 4.164713832252776
156.0, 4.081339749871676
157.0, 4.000610611376287
158.0, 3.9173413555244627
159.0, 3.83672840286379
160.0, 3.7535780332514883
161.0, 3.6730967894969964
162.0, 3.590081951975501
163.0, 3.5097507149927507
164.0, 3.426891361902004
165.0, 3.346732216453067
166.0, 3.264052083659688
167.0, 3.2742426123247346
168.0, 3.193708771549565
169.0, 3.1159638916491152
170.0, 3.0358683412962817
171.0, 2.958600446960171
172.0, 2.8611367291897225
173.0, 2.803206616797737
174.0, 2.8140676725087457
175.0, 2.7408474564599232
176.0, 2.6655877709840774
177.0, 2.6831295856577295
178.0, 2.7006213491853868
179.0, 2.7225539874641123
180.0, 2.7443071589791326
181.0, 2.69106326544487
182.0, 2.666796832404389
183.0, 2.6465390332992413
184.0, 2.6261599218048564
185.0, 2.610438116724728
186.0, 2.5947158470111855
187.0, 2.5841446084431188
188.0, 2.5039359248749133
189.0, 2.4958256611023315
190.0, 2.413649381098421
191.0, 2.3343252261807126
192.0, 2.252516439522201
193.0, 2.1736083028688706
194.0, 2.0922511391735386
195.0, 2.0138589239436873
196.0, 1.9330687779128972
197.0, 1.8562774586063808
198.0, 1.8182509004362595
199.0, 1.8081795754582333
200.0, 1.4914397234498376
201.0, 2.388355534673211
202.0, 1.575799279732423
203.0, 1.3930477023309227
204.0, 1.313346477170756
205.0, 1.2432455502304989
206.0, 1.16888746432497
207.0, 1.099286081056688
208.0, 1.0290158701955845
209.0, 0.9636234451415037
210.0, 0.8983268676169488
211.0, 0.839086001081274
212.0, 0.7814569579024552
213.0, 0.7608248813195687
214.0, 0.701591314725819
215.0, 0.6505591931356977
216.0, 0.6095066002822892
217.0, 0.5866638013033736
218.0, 0.5895393655954752
219.0, 0.574868512946061
220.0, 0.5622925966161977
221.0, 0.5568291303890902
222.0, 0.5519894780082117
223.0, 0.5546960417562393
224.0, 0.5581337780583913
225.0, 0.5687900393847618
226.0, 0.5800347995501126
227.0, 0.5975962377829757
228.0, 0.6154518445757257
229.0, 0.6383979343334352
230.0, 0.6372986761518665
231.0, 0.6384180859731847
232.0, 0.6373035649597258
233.0, 0.6384174198996858
234.0, 0.6373035976283528
235.0, 0.6384174778994458
236.0, 0.6373035976283528
237.0, 0.6384174198996858
238.0, 0.6373035649597258
239.0, 0.6384174198996858
240.0, 0.6373035649597258
241.0, 0.6384174778994458
242.0, 0.6373035649597258
243.0, 0.6457740854822102
244.0, 0.6576465379546701
245.0, 0.6705360060916125
246.0, 0.685350116324957
247.0, 0.7012970314928416
248.0, 0.7188828513337886
249.0, 0.7372682705769594
250.0, 0.7569953022309228
251.0, 0.7772241377480356
252.0, 0.7984891064042713
253.0, 0.8199751956142531
254.0, 0.8421903791540437
255.0, 0.8643890704799316
256.0, 0.8870141833776233
257.0, 0.9093809446139314
258.0, 0.9318819462060307
259.0, 0.9539303206311371
260.0, 0.9758534074140057
261.0, 0.9969435376788418
262.0, 1.0172700510181163
263.0, 0.9984451882483926
264.0, 0.975418620203938
265.0, 0.951403164431353
266.0, 0.9200472142373529
267.0, 0.8852356297897094
268.0, 0.8501357683041478
269.0, 0.8210477418952508
270.0, 0.7919512416975187
271.0, 0.7637268630262245
272.0, 0.7354074239770529
273.0, 0.7075668317758125
274.0, 0.6703481243695933
275.0, 0.6359924576777625
276.0, 0.602788929567539
277.0, 0.577645755526388
278.0, 0.554676281479231
279.0, 0.5342537035325278
280.0, 0.5171286977828871
281.0, 0.5046000619437763
282.0, 0.5195839963977859
ee_box_dist
0.0, 0.5575707657653017
1.0, 0.6130670760896746
2.0, 0.642436669502132
3.0, 0.6811465149101117
4.0, 0.7204334363379372
5.0, 0.7577490802798543
6.0, 0.795922714547446
7.0, 0.8319597413368726
8.0, 0.8698742298781049
9.0, 0.905144064855891
10.0, 0.9375659722820243
11.0, 0.9681581655326722
12.0, 0.9968175227666338
13.0, 1.0228222029997298
14.0, 1.0470648464616765
15.0, 1.0686201331140786
16.0, 1.0892998359716317
17.0, 1.1223445390087905
18.0, 1.1377896046825564
19.0, 1.1686886297070733
20.0, 1.1915317245998485
21.0, 1.167991607647201
22.0, 1.1397983454286476
23.0, 1.1086655861576742
24.0, 1.0744525107017469
25.0, 1.037324066637385
26.0, 0.9972636511215284
27.0, 0.9545263169642828
28.0, 0.9088892746555074
29.0, 0.8611584872667957
30.0, 0.8076933283994794
31.0, 0.7458704434872245
32.0, 0.681622994864335
33.0, 0.622050861032521
34.0, 0.56134170609355
35.0, 0.5002467958229361
36.0, 0.4380269530136863
37.0, 0.37492820119599574
38.0, 0.31123172447688763
39.0, 0.2488525727130759
40.0, 0.21262894601765703
41.0, 0.08103535813820259
42.0, 0.0828930957696681
43.0, 0.08300238359014064
44.0, 0.08295288091275443
45.0, 0.08300476806091771
46.0, 0.082960297468579
47.0, 0.08300550035626768
48.0, 0.08296667274877094
49.0, 0.08300573557252519
50.0, 0.08297202717438679
51.0, 0.08300568884208148
52.0, 0.08297669339325467
53.0, 0.08300542156126803
54.0, 0.08298137164456644
55.0, 0.08300536295580274
56.0, 0.08298545809371313
57.0, 0.083005418245861
58.0, 0.08298905561610763
59.0, 0.08300495196933043
60.0, 0.08299148528324621
61.0, 0.08300376727241776
62.0, 0.08299343055937843
63.0, 0.0830024618979634
64.0, 0.08299489544134542
65.0, 0.08300129859883351
66.0, 0.08299640345063623
67.0, 0.08300004189924545
68.0, 0.08299780908563562
69.0, 0.08299921133512825
70.0, 0.08299965814880253
71.0, 0.0829989774784144
72.0, 0.08300120324458342
73.0, 0.08299898171740504
74.0, 0.08300338382667155
75.0, 0.08299983951780308
76.0, 0.08300589699528028
77.0, 0.08300122476551662
78.0, 0.08300897829464123
79.0, 0.08300367249171332
80.0, 0.083012541944274
81.0, 0.08300683345515124
82.0, 0.08301671699460804
83.0, 0.08301112057765937
84.0, 0.08302192782861358
85.0, 0.0830162246342341
86.0, 0.08855417088726336
87.0, 0.12458486845408176
88.0, 0.13516979503062518
89.0, 0.1335622133782974
90.0, 0.12862479771692972
91.0, 0.12082070309717195
92.0, 0.12002805506977142
93.0, 0.12113998220199686
94.0, 0.1200651033578266
95.0, 0.12113370420761604
96.0, 0.12006532327024987
97.0, 0.12113367923527174
98.0, 0.12006538173573851
99.0, 0.12113365953307885
100.0, 0.12006536224723807
101.0, 0.12113367923527174
102.0, 0.12006536224723807
103.0, 0.12113365953307885
104.0, 0.12006536224723807
105.0, 0.12113365953307885
106.0, 0.12006536224723807
107.0, 0.12113365953307885
108.0, 0.12006536224723807
109.0, 0.12113365953307885
110.0, 0.12006536224723807
111.0, 0.12113365953307885
112.0, 0.12006536224723807
113.0, 0.12113365953307885
114.0, 0.12006536224723807
115.0, 0.12113365953307885
116.0, 0.12006536224723807
117.0, 0.12113365953307885
118.0, 0.12006536224723807
119.0, 0.12113365953307885
120.0, 0.12006536224723807
121.0, 0.11737437477653967
122.0, 0.12018130862342478
123.0, 0.12116117503769466
124.0, 0.12006504107251874
125.0, 0.12113374087281953
126.0, 0.12006532327024987
127.0, 0.12113365953307885
128.0, 0.12006536224723807
129.0, 0.12113365953307885
130.0, 0.12006536224723807
131.0, 0.12113365953307885
132.0, 0.12006536224723807
133.0, 0.12113365953307885
134.0, 0.12006536224723807
135.0, 0.12113367923527174
136.0, 0.12006536224723807
137.0, 0.12113365953307885
138.0, 0.12006536224723807
139.0, 0.12113365953307885
140.0, 0.12006536224723807
141.0, 0.12113365953307885
142.0, 0.12006536224723807
143.0, 0.1172421314670309
144.0, 0.11690807164942345
145.0, 0.11748935207959742
146.0, 0.11690581095448498
147.0, 0.1174881038225961
148.0, 0.11690596080186196
149.0, 0.11748777438564333
150.0, 0.1169049826279634
151.0, 0.11748745898141116
152.0, 0.11690554297497009
153.0, 0.11748742501397415
154.0, 0.11690528051669091
155.0, 0.11748736067005618
156.0, 0.11690528051669091
157.0, 0.11748736067005618
158.0, 0.11690528051669091
159.0, 0.11748736067005618
160.0, 0.11690528051669091
161.0, 0.11748736067005618
162.0, 0.11690534419781562
163.0, 0.11748742501397415
164.0, 0.11690534419781562
165.0, 0.11748742501397415
166.0, 0.11690534419781562
167.0, 0.11748661293378325
168.0, 0.11690460048874678
169.0, 0.11748710171897879
170.0, 0.11690467667049287
171.0, 0.11748694981907029
172.0, 0.09207330093641786
173.0, 0.11685501363691435
174.0, 0.11690671224448448
175.0, 0.11748153788573205
176.0, 0.11690382343481172
177.0, 0.11748521296216165
178.0, 0.1169016970644403
179.0, 0.1174833060898092
180.0, 0.1168999554621683
181.0, 0.11748262807376544
182.0, 0.11690085950691335
183.0, 0.11748357824945986
184.0, 0.11690281829461618
185.0, 0.1174852288511096
186.0, 0.11690457277076595
187.0, 0.11748695704158674
188.0, 0.11690568894484468
189.0, 0.11748737959266398
190.0, 0.11690556385171756
191.0, 0.11748806471223235
192.0, 0.11690566497939898
193.0, 0.1174878394749073
194.0, 0.11690566497939898
195.0, 0.1174878394749073
196.0, 0.11690566497939898
197.0, 0.10664936459119632
198.0, 0.10378307541273603
199.0, 0.10254182667394804
200.0, 1.0998826567261812
201.0, 0.6842457371605454
202.0, 0.14860133915828724
203.0, 0.08241886841714442
204.0, 0.09648305196061012
205.0, 0.11630264943568575
206.0, 0.11613865891901706
207.0, 0.11753902672240295
208.0, 0.11690343425157682
209.0, 0.11748791139203482
210.0, 0.11690599183371574
211.0, 0.11748800900049339
212.0, 0.11690553055990269
213.0, 0.11748766401930767
214.0, 0.11690589027510499
215.0, 0.11748797484160624
216.0, 0.09205349590269611
217.0, 0.09264355767565581
218.0, 0.11614102822922427
219.0, 0.11751488157906939
220.0, 0.11690733611603558
221.0, 0.11748944794596376
222.0, 0.11690669135938749
223.0, 0.11748887661193287
224.0, 0.11690663249836382
225.0, 0.1174886044447796
226.0, 0.11690619336157838
227.0, 0.11748787404097147
228.0, 0.11690523094345952
229.0, 0.11748662651371064
230.0, 0.11998060974072008
231.0, 0.12113253252546952
232.0, 0.12006594498875309
233.0, 0.12113390011187448
234.0, 0.12006588737269283
235.0, 0.12113390011187448
236.0, 0.12006588737269283
237.0, 0.12113400382297594
238.0, 0.12006579727551181
239.0, 0.12113400382297594
240.0, 0.12006588737269283
241.0, 0.12113390011187448
242.0, 0.12006579727551181
243.0, 0.07407833802535915
244.0, 0.07292697391174816
245.0, 0.07203994349255137
246.0, 0.0721568271153172
247.0, 0.07108317448806616
248.0, 0.07135682293595762
249.0, 0.070354593737025
250.0, 0.07077880087692658
251.0, 0.06984588354090274
252.0, 0.0702720146406846
253.0, 0.06930005271407
254.0, 0.06976643976084719
255.0, 0.06872516314645699
256.0, 0.06915888630342908
257.0, 0.0680178512913912
258.0, 0.0683966342899513
259.0, 0.06714679416932175
260.0, 0.06747661713278204
261.0, 0.06707692753288093
262.0, 0.06628111845770014
263.0, 0.08002858940104977
264.0, 0.0806727551135329
265.0, 0.08085828014508364
266.0, 0.08055578150065067
267.0, 0.08022677545335513
268.0, 0.08108493798273052
269.0, 0.08218619517569908
270.0, 0.08219028684446474
271.0, 0.08223763439916774
272.0, 0.08236697574172025
273.0, 0.08236811950407516
274.0, 0.08185843810977049
275.0, 0.08197596323147449
276.0, 0.08204748892392116
277.0, 0.08230513800369443
278.0, 0.08229460297363876
279.0, 0.08214930584532616
280.0, 0.08208349396706201
281.0, 0.08189178855159258
282.0, 0.08588956824027975
spot_hold
0, 0
1, 0
2, 0
3, 0
4, 0
5, 0
6, 0
7, 0
8, 0
9, 0
10, 0
11, 0
12, 0
13, 0
14, 0
15, 0
16, 0
17, 0
18, 0
19, 0
20, 0
21, 0
22, 0
23, 0
24, 0
25, 0
26, 0
27, 0
28, 0
29, 0
30, 0
31, 0
32, 0
33, 0
34, 0
35, 0
36, 0
37, 0
38, 0
39, 0
40, 0
41, 1
42, 1
43, 1
44, 1
45, 1
46, 1
47, 1
48, 1
49, 1
50, 1
51, 1
52, 1
53, 1
54, 1
55, 1
56, 1
57, 1
58, 1
59, 1
60, 1
61, 1
62, 1
63, 1
64, 1
65, 1
66, 1
67, 1
68, 1
69, 1
70, 1
71, 1
72, 1
73, 1
74, 1
75, 1
76, 1
77, 1
78, 1
79, 1
80, 1
81, 1
82, 1
83, 1
84, 1
85, 1
86, 1
87, 1
88, 1
89, 1
90, 1
91, 1
92, 1
93, 1
94, 1
95, 1
96, 1
97, 1
98, 1
99, 1
100, 1
101, 1
102, 1
103, 1
104, 1
105, 1
106, 1
107, 1
108, 1
109, 1
110, 1
111, 1
112, 1
113, 1
114, 1
115, 1
116, 1
117, 1
118, 1
119, 1
120, 1
121, 1
122, 1
123, 1
124, 1
125, 1
126, 1
127, 1
128, 1
129, 1
130, 1
131, 1
132, 1
133, 1
134, 1
135, 1
136, 1
137, 1
138, 1
139, 1
140, 1
141, 1
142, 1
143, 1
144, 1
145, 1
146, 1
147, 1
148, 1
149, 1
150, 1
151, 1
152, 1
153, 1
154, 1
155, 1
156, 1
157, 1
158, 1
159, 1
160, 1
161, 1
162, 1
163, 1
164, 1
165, 1
166, 1
167, 1
168, 1
169, 1
170, 1
171, 1
172, 1
173, 1
174, 1
175, 1
176, 1
177, 1
178, 1
179, 1
180, 1
181, 1
182, 1
183, 1
184, 1
185, 1
186, 1
187, 1
188, 1
189, 1
190, 1
191, 1
192, 1
193, 1
194, 1
195, 1
196, 1
197, 1
198, 1
199, 1
200, 1
201, 1
202, 1
203, 1
204, 1
205, 1
206, 1
207, 1
208, 1
209, 1
210, 1
211, 1
212, 1
213, 1
214, 1
215, 1
216, 1
217, 1
218, 1
219, 1
220, 1
221, 1
222, 1
223, 1
224, 1
225, 1
226, 1
227, 1
228, 1
229, 1
230, 1
231, 1
232, 1
233, 1
234, 1
235, 1
236, 1
237, 1
238, 1
239, 1
240, 1
241, 1
242, 1
243, 1
244, 1
245, 1
246, 1
247, 1
248, 1
249, 1
250, 1
251, 1
252, 1
253, 1
254, 1
255, 1
256, 1
257, 1
258, 1
259, 1
260, 1
261, 1
262, 1
263, 1
264, 1
265, 1
266, 1
267, 1
268, 1
269, 1
270, 1
271, 1
272, 1
273, 1
274, 1
275, 1
276, 1
277, 1
278, 1
279, 1
280, 1
281, 1
282, 1
