bot_dist
0.0, 2.8894913491957914
1.0, 2.8919771223059088
2.0, 2.8944953107510107
3.0, 2.897045830002314
4.0, 2.899628594745088
5.0, 2.9022435188916065
6.0, 2.9048905155941207
7.0, 2.907569497257872
8.0, 2.9102803755541298
9.0, 2.9130230614332526
10.0, 2.9157974651377647
11.0, 2.918603496215449
12.0, 2.921441063532456
13.0, 2.924310075286414
14.0, 2.9272104390195457
15.0, 2.9301420616317806
16.0, 2.9331048493938745
17.0, 2.9360987079605074
18.0, 2.9391235423833812
19.0, 2.9421792571242995
20.0, 2.945265756068224
21.0, 2.948382942536322
22.0, 2.951530719298976
23.0, 2.9547089885887745
24.0, 2.9579176521134665
25.0, 2.9611566110688856
26.0, 2.964425766151831
27.0, 2.9677250175729144
28.0, 2.971054265069356
29.0, 2.9744134079177442
30.0, 2.9778023449467335
31.0, 2.9812209745497
32.0, 2.984669194697334
33.0, 2.9881469029501853
34.0, 2.9916539964711344
35.0, 2.995190372037814
36.0, 2.9987559260549537
37.0, 3.0023505545666658
38.0, 3.005974153268655
39.0, 3.0096266175203574
40.0, 3.0133078423570043
41.0, 3.01701772250161
42.0, 3.0207561523768773
43.0, 3.024523026117025
44.0, 3.0283182375795312
45.0, 3.032141680356788
46.0, 3.0359932477876748
47.0, 3.039872832969037
48.0, 3.043780328767078
49.0, 3.047715627828657
50.0, 3.0516786225924912
51.0, 3.0556692053002665
52.0, 3.059687268007647
53.0, 3.0637327025951877
54.0, 3.0678054007791475
55.0, 3.0719052541222
56.0, 3.076032154044042
57.0, 3.0801859918318986
58.0, 3.084366658650923
59.0, 3.0885740455544926
60.0, 3.0928080434943914
61.0, 3.0970685433308938
62.0, 3.101355435842732
63.0, 3.1056686117369576
64.0, 3.1100079616586895
65.0, 3.114373376200755
66.0, 3.118764745913215
67.0, 3.1231819613127785
68.0, 3.1276249128921005
69.0, 3.132093491128974
70.0, 3.1365875864953985
71.0, 3.141107089466539
72.0, 3.1456518905295687
73.0, 3.1502218801923987
74.0, 3.1548169489922846
75.0, 3.159436987504328
76.0, 3.164081886349852
77.0, 3.1687515362046654
78.0, 3.1734458278072113
79.0, 3.1781645391720645
80.0, 3.1829076728194767
81.0, 3.1876751197312974
82.0, 3.192466770983422
83.0, 3.1972825177533535
84.0, 3.20212225132765
85.0, 3.206985863109257
86.0, 3.2118732446247193
87.0, 3.216784287531284
88.0, 3.2217188836238813
89.0, 3.2266769248419953
90.0, 3.231658303276418
91.0, 3.236662911175887
92.0, 3.241690640953613
93.0, 3.2467413851936926
94.0, 3.251815036657405
95.0, 3.2569114882893992
96.0, 3.26203063322377
97.0, 3.267172364790019
98.0, 3.2723365765189043
99.0, 3.277523162148188
100.0, 3.2827320156282607
101.0, 3.2827320156282607
102.0, 3.2827320156282607
103.0, 3.2827320156282607
104.0, 3.2827320156282607
105.0, 3.2827320156282607
106.0, 3.2827320156282607
107.0, 3.2827320156282607
108.0, 3.2827320156282607
109.0, 3.2827320156282607
110.0, 3.2827320156282607
111.0, 3.2827320156282607
112.0, 3.2827320156282607
113.0, 3.2827320156282607
114.0, 3.2827320156282607
115.0, 3.2827320156282607
116.0, 3.2827320156282607
117.0, 3.2827320156282607
118.0, 3.2827320156282607
119.0, 3.2827320156282607
120.0, 3.2827320156282607
121.0, 3.2827320156282607
122.0, 3.2827320156282607
123.0, 3.2827320156282607
124.0, 3.2827320156282607
125.0, 3.2827320156282607
126.0, 3.2827320156282607
127.0, 3.2827320156282607
128.0, 3.2827320156282607
129.0, 3.2827320156282607
130.0, 3.2827320156282607
131.0, 3.277523162148188
132.0, 3.2723365765189043
133.0, 3.267172364790019
134.0, 3.26203063322377
135.0, 3.2569114882893992
136.0, 3.251815036657405
137.0, 3.2467413851936926
138.0, 3.241690640953613
139.0, 3.236662911175887
140.0, 3.231658303276418
141.0, 3.2266769248419953
142.0, 3.2217188836238813
143.0, 3.22182644733262
144.0, 3.2169231019345035
145.0, 3.2120434041909225
146.0, 3.2071874620407583
147.0, 3.202355383550521
148.0, 3.19754727690727
149.0, 3.1927632504114247
150.0, 3.1880034124694534
151.0, 3.101371267341509
152.0, 3.0149285092667677
153.0, 2.9286917468725076
154.0, 2.842679906860193
155.0, 2.7569140410959756
156.0, 2.671417840693503
157.0, 2.58621804989774
158.0, 2.5013449574411215
159.0, 2.4168329820393697
160.0, 2.3327213726650746
161.0, 2.2490550492065498
162.0, 2.165885615329778
163.0, 2.0832725830964507
164.0, 2.001284858466729
165.0, 1.9200025485485588
166.0, 1.8395191655961778
167.0, 1.83667243758688
168.0, 1.7603017751548289
169.0, 1.6853257605697596
170.0, 1.6119387538207952
171.0, 1.540367884662992
172.0, 1.4708782890964998
173.0, 1.4037790815410576
174.0, 1.4029800554773453
175.0, 1.3438505403013192
176.0, 1.2884384289691444
177.0, 1.2887591083089136
178.0, 1.2891572838134506
179.0, 1.289632883701691
180.0, 1.2901858223510223
181.0, 1.2660813462776472
182.0, 1.2674073681414249
183.0, 1.2688108241189877
184.0, 1.2702914575557904
185.0, 1.271848998911546
186.0, 1.273483165998188
187.0, 1.2751936642269723
188.0, 1.2769801868642423
189.0, 1.2788424152953466
190.0, 1.2807800192962155
191.0, 1.2827926573120738
192.0, 1.2848799767427723
193.0, 1.2870416142342174
194.0, 1.28927719597537
195.0, 1.2136816140444675
196.0, 1.1393767664033532
197.0, 1.0666324365556508
198.0, 1.0698993006175914
199.0, 0.9966362705311084
200.0, 0.9251890133530527
201.0, 0.8560123115558135
202.0, 0.7897030815793695
203.0, 0.727046318326192
204.0, 0.6690689451336701
205.0, 0.6170912980327846
206.0, 0.572749159133547
207.0, 0.5379340488233446
208.0, 0.5145833216240701
209.0, 0.5042920397138339
210.0, 0.5078547431684676
211.0, 0.5249894583832847
212.0, 0.5544392979247884
213.0, 0.594376523062598
214.0, 0.6428495000134381
215.0, 0.698082532651231
216.0, 0.75860039349171
217.0, 0.823238412312368
218.0, 0.8911004443356487
219.0, 0.8973662991895127
220.0, 0.9630859163508959
221.0, 1.0313179950547287
222.0, 1.1015957738080984
223.0, 1.1068456551330812
224.0, 1.1121606758276767
225.0, 1.1175399064835885
226.0, 1.122982424379206
227.0, 1.1284873138415108
228.0, 1.1340536665842742
229.0, 1.1396805820231484
230.0, 1.1453671675682808
231.0, 1.1453671675682808
232.0, 1.1453671675682808
233.0, 1.1453671675682808
234.0, 1.1453671675682808
235.0, 1.1453671675682808
236.0, 1.1453671675682808
237.0, 1.1453671675682808
238.0, 1.1453671675682808
239.0, 1.1453671675682808
240.0, 1.1453671675682808
241.0, 1.1453671675682808
242.0, 1.1453671675682808
243.0, 1.1453671675682808
244.0, 1.1453671675682808
245.0, 1.1453671675682808
246.0, 1.1453671675682808
247.0, 1.1453671675682808
248.0, 1.1453671675682808
249.0, 1.1453671675682808
250.0, 1.1453671675682808
251.0, 1.1453671675682808
252.0, 1.1453671675682808
253.0, 1.1453671675682808
254.0, 1.1453671675682808
255.0, 1.1453671675682808
256.0, 1.1453671675682808
257.0, 1.1453671675682808
258.0, 1.1453671675682808
259.0, 1.1453671675682808
260.0, 1.1453671675682808
261.0, 1.1396805820231484
262.0, 1.1340536665842742
263.0, 1.1284873138415108
264.0, 1.122982424379206
265.0, 1.1175399064835885
266.0, 1.1121606758276767
267.0, 1.1068456551330812
268.0, 1.1015957738080984
269.0, 1.0964119675615207
270.0, 1.0912951779916213
271.0, 1.0862463521498165
272.0, 1.0812664420785374
273.0, 1.0763564043229146
274.0, 1.071517199415906
275.0, 1.06674979133658
276.0, 1.0620551469413186
277.0, 1.0574342353677761
278.0, 1.0528880274115093
279.0, 1.048417494875273
280.0, 1.0440236098910622
281.0, 1.0397073442150753
282.0, 1.0354696684958682
ee_dist
0.0, 1.347364993251793
1.0, 1.4040675647046121
2.0, 1.5104456892193812
3.0, 1.6016537199135639
4.0, 1.6331679502106773
5.0, 1.6589650825867204
6.0, 1.6914796384574307
7.0, 1.7253118589120988
8.0, 1.7604690438041972
9.0, 1.7938621352360176
10.0, 1.8313924755018394
11.0, 1.8652479014435916
12.0, 1.8957387279226716
13.0, 1.9313294690833085
14.0, 1.9572824643763642
15.0, 1.9838074672807764
16.0, 2.008773992711636
17.0, 2.0362076776609315
18.0, 2.0575966150801026
19.0, 2.0768032190376275
20.0, 2.095967330781237
21.0, 2.066585325571924
22.0, 2.0260534515335165
23.0, 1.982311194793617
24.0, 1.9349233328772713
25.0, 1.8841691632807336
26.0, 1.830185987700366
27.0, 1.7733125057953434
28.0, 1.7137500950990388
29.0, 1.651951220544631
30.0, 1.5882078444845336
31.0, 1.5231158976058399
32.0, 1.4571015683955435
33.0, 1.3909402837717244
34.0, 1.3252591885323897
35.0, 1.2610847487641768
36.0, 1.1993415006953994
37.0, 1.1413766930398819
38.0, 1.0884619093910775
39.0, 1.0421822781493197
40.0, 1.0040699683272631
41.0, 1.0043255615239826
42.0, 0.9124952277470493
43.0, 0.7989996055558871
44.0, 0.7527950490514063
45.0, 0.7055362520536104
46.0, 0.6570656726194868
47.0, 0.6071936223791355
48.0, 0.556534429807197
49.0, 0.5052385081822249
50.0, 0.45440132687102053
51.0, 0.40528767676609234
52.0, 0.35943317113618967
53.0, 0.31840537821093734
54.0, 0.28511253750608906
55.0, 0.2629190291587594
56.0, 0.2559104704633847
57.0, 0.26488264745159484
58.0, 0.24814602056707497
59.0, 0.2402750421529574
60.0, 0.260166774214639
61.0, 0.31037121689023034
62.0, 0.38187565852451155
63.0, 0.4627722194233637
64.0, 0.5435135278475193
65.0, 0.6110356768807774
66.0, 0.6722859205240919
67.0, 0.7336839814616786
68.0, 0.7873093641855978
69.0, 0.8399019825191634
70.0, 0.891012523759897
71.0, 0.9403482039535465
72.0, 0.9911911952121083
73.0, 1.048744710170398
74.0, 1.1107064555347712
75.0, 1.183932930411714
76.0, 1.2666126141813077
77.0, 1.3589419397337335
78.0, 1.456255199283583
79.0, 1.5535759505719313
80.0, 1.64638212985571
81.0, 1.7249907021064372
82.0, 1.789512151334626
83.0, 1.8533923322880528
84.0, 1.914024451308797
85.0, 1.9733538517715064
86.0, 2.0320162510913353
87.0, 2.0881560141625832
88.0, 2.1233619097562304
89.0, 2.1632608627029324
90.0, 2.20439793245301
91.0, 2.2571021979689667
92.0, 2.3533933914128196
93.0, 2.4531559180622033
94.0, 2.55930065988708
95.0, 2.6774523619026636
96.0, 2.7828957503681027
97.0, 2.873342260657551
98.0, 2.929330058515576
99.0, 2.9983421859786956
100.0, 3.0646677786905943
101.0, 3.1287384898409116
102.0, 3.1919027954025756
103.0, 3.254139926251569
104.0, 3.335389909360214
105.0, 3.4000276600015713
106.0, 3.468161256705093
107.0, 3.5410050001979867
108.0, 3.6311661512526934
109.0, 3.7361083823063375
110.0, 3.8347908213661834
111.0, 3.9440467520483335
112.0, 4.041995288035974
113.0, 4.141782041935294
114.0, 4.216996541657318
115.0, 4.284728839666178
116.0, 4.352341716610471
117.0, 4.416609322885003
118.0, 4.479707961667426
119.0, 4.543052298221796
120.0, 4.605184548002609
121.0, 4.673428445446438
122.0, 4.74704052767374
123.0, 4.790767761491317
124.0, 4.834646291418953
125.0, 4.877921192070348
126.0, 4.920763356146886
127.0, 4.9624362028342714
128.0, 5.003139512746512
129.0, 5.042162464817685
130.0, 5.077473954805365
131.0, 5.114662975326151
132.0, 5.148702621248191
133.0, 5.179731745533674
134.0, 5.20851235470312
135.0, 5.234436219399863
136.0, 5.257813192238861
137.0, 5.278074840758794
138.0, 5.295556702647995
139.0, 5.309728143827274
140.0, 5.320952364144511
141.0, 5.328737757847082
142.0, 5.333476266145255
143.0, 4.650250958962319
144.0, 4.6399726556793155
145.0, 4.632567576532082
146.0, 4.627712721972152
147.0, 4.625806574443397
148.0, 4.6265004879663625
149.0, 4.630159909600465
150.0, 4.63637791046408
151.0, 4.555020682778896
152.0, 4.473539717182729
153.0, 4.392320857303948
154.0, 4.310988978037717
155.0, 4.229929462515403
156.0, 4.148764992185785
157.0, 4.067883923662356
158.0, 3.9869076275767648
159.0, 3.9062272833402396
160.0, 3.8254630812742496
161.0, 3.7450099033272166
162.0, 3.664486269639253
163.0, 3.5842911661499812
164.0, 3.504041533535694
165.0, 3.4241410525578044
166.0, 3.3442054559039835
167.0, 3.355725921821912
168.0, 3.278546752132214
169.0, 3.2018712743922855
170.0, 3.1253335821473
171.0, 3.0493550996368497
172.0, 2.9735673810967587
173.0, 2.8983979803272915
174.0, 2.9140513848290914
175.0, 2.843063916217589
176.0, 2.7725550030516626
177.0, 2.791546781441741
178.0, 2.812521368723995
179.0, 2.8356508194766836
180.0, 2.860370339755255
181.0, 2.8117469375254505
182.0, 2.786444340029538
183.0, 2.763002643724888
184.0, 2.7413034171218076
185.0, 2.721906293753576
186.0, 2.7046166226135235
187.0, 2.6899884205517406
188.0, 2.67776443201699
189.0, 2.6684740460071015
190.0, 2.6617971034909265
191.0, 2.6582171958416874
192.0, 2.6573547918730633
193.0, 2.659632692480205
194.0, 2.664620213502156
195.0, 2.5844005892548965
196.0, 2.5041751499671405
197.0, 2.4243634309501374
198.0, 2.4329983086299465
199.0, 2.3560873567747884
200.0, 2.2794234601389136
201.0, 2.203441402092509
202.0, 2.1278106080043586
203.0, 2.052976688973638
204.0, 1.978620959378517
205.0, 1.9052105253344571
206.0, 1.8324462618261623
207.0, 1.7608224373675652
208.0, 1.690068989213759
209.0, 1.620716047172625
210.0, 1.552533852310721
211.0, 1.4861028545649466
212.0, 1.42124817530329
213.0, 1.3586160282845305
214.0, 1.2981089604758613
215.0, 1.2404544172754257
216.0, 1.1856568373762622
217.0, 1.1345370517688527
218.0, 1.0872135029011816
219.0, 1.112908472164252
220.0, 1.077301650181098
221.0, 1.0472771245512926
222.0, 1.0230208701214436
223.0, 0.9945154111751949
224.0, 0.9669933114225113
225.0, 0.941098484028447
226.0, 0.9167810872639927
227.0, 0.8947597143840952
228.0, 0.8749143512285819
229.0, 0.8580246170051236
230.0, 0.8438694135868404
231.0, 0.8332357559485923
232.0, 0.8257625432553551
233.0, 0.8221810236530757
234.0, 0.8219606139970619
235.0, 0.8257203505043823
236.0, 0.8327644875828443
237.0, 0.8435758411733477
238.0, 0.8573337799099314
239.0, 0.8572437051950708
240.0, 0.8569674114741422
241.0, 0.8572540106582549
242.0, 0.8569596121654185
243.0, 0.871303653581522
244.0, 0.8868742969686271
245.0, 0.9029573647618094
246.0, 0.9205909937318134
247.0, 0.9390143613133771
248.0, 0.9588635272027709
249.0, 0.979259470733464
250.0, 0.9998886217033198
251.0, 1.0220736866481073
252.0, 1.0451052840753305
253.0, 1.0682744927409142
254.0, 1.0921780423578078
255.0, 1.1160553600374963
256.0, 1.140435235181879
257.0, 1.1645039682910558
258.0, 1.1887995381404965
259.0, 1.2125596122824451
260.0, 1.2472687559343056
261.0, 1.2816162274033933
262.0, 1.313401107497807
263.0, 1.2814680070492008
264.0, 1.2466571696192252
265.0, 1.2098587891463264
266.0, 1.1708674142463777
267.0, 1.1300975502085926
268.0, 1.087451600051195
269.0, 1.0432690313170425
270.0, 0.9975497364803645
271.0, 0.9506896967705997
272.0, 0.9026554411297584
273.0, 0.8540281448298174
274.0, 0.8047736065796414
275.0, 0.7512546036224804
276.0, 0.6965149863153584
277.0, 0.6325568956762906
278.0, 0.584560539795354
279.0, 0.5380851223204368
280.0, 0.49601069607499637
281.0, 0.4668385785558526
282.0, 0.38930601802703035
ee_box_dist
0.0, 0.5575707657653017
1.0, 0.613147673732866
2.0, 0.643669054619358
3.0, 0.6829850393465733
4.0, 0.7215914679964378
5.0, 0.7593088885288988
6.0, 0.7975661661888243
7.0, 0.8340325932988084
8.0, 0.8685607790639858
9.0, 0.900194600470691
10.0, 0.9347090773206512
11.0, 0.9650106462915947
12.0, 0.9915569962529335
13.0, 1.0227306984263254
14.0, 1.0446581099994867
15.0, 1.0670897416995868
16.0, 1.087893334531548
17.0, 1.1110065797595232
18.0, 1.1287440578766348
19.0, 1.144483369467692
20.0, 1.1602823450134405
21.0, 1.140379148687529
22.0, 1.113082159030544
23.0, 1.0831585098920848
24.0, 1.0502245846078708
25.0, 1.0144508344242587
26.0, 0.975809033946529
27.0, 0.9344916322371827
28.0, 0.890465109428312
29.0, 0.8439590515063428
30.0, 0.7949369833414888
31.0, 0.7436717544690897
32.0, 0.690129642136158
33.0, 0.6346395843258325
34.0, 0.5771889868807135
35.0, 0.5181480599378655
36.0, 0.4575145840365608
37.0, 0.3956942501024078
38.0, 0.33285253714289836
39.0, 0.2697110973060497
40.0, 0.2070390363503972
41.0, 0.08025340332550794
42.0, 0.08290185061703789
43.0, 0.08302858005835495
44.0, 0.08297737647886301
45.0, 0.08303003543992653
46.0, 0.08298390890810392
47.0, 0.08302941075315312
48.0, 0.08298907921650843
49.0, 0.0830283848402698
50.0, 0.08299337014618302
51.0, 0.083026937355386
52.0, 0.08299690502761438
53.0, 0.08302512434587032
54.0, 0.08299957313525068
55.0, 0.08302304637147413
56.0, 0.08300183401483063
57.0, 0.08302113659597535
58.0, 0.08300334757409635
59.0, 0.08301914034402252
60.0, 0.08300442208645396
61.0, 0.08301652575015882
62.0, 0.08300543362170287
63.0, 0.08301432413965845
64.0, 0.0830060165454796
65.0, 0.08250117277042132
66.0, 0.0827546313638399
67.0, 0.08209871432999055
68.0, 0.08282170573484125
69.0, 0.08297764998858011
70.0, 0.0829624247943141
71.0, 0.08298151217576448
72.0, 0.08298767716951622
73.0, 0.08298570112930344
74.0, 0.08299048803421234
75.0, 0.08298699602750291
76.0, 0.0829935670961459
77.0, 0.08298928256284754
78.0, 0.08299724024400477
79.0, 0.08299199358086796
80.0, 0.08300134817124408
81.0, 0.0829960427723886
82.0, 0.08300628940596717
83.0, 0.08300096762895408
84.0, 0.0830120560195578
85.0, 0.08300696561438645
86.0, 0.09034524006470011
87.0, 0.12586225806625873
88.0, 0.1353202968148318
89.0, 0.13341854615495427
90.0, 0.12772904983943678
91.0, 0.08865267477949343
92.0, 0.1200809661418474
93.0, 0.12250332864993256
94.0, 0.12165055797279252
95.0, 0.10303308747160196
96.0, 0.09660052353113817
97.0, 0.09800392414788997
98.0, 0.12051113895610639
99.0, 0.1226475419754454
100.0, 0.12166085791038599
101.0, 0.12263373369175766
102.0, 0.1216554767068044
103.0, 0.12212003356032235
104.0, 0.0945151458018402
105.0, 0.10371070596411489
106.0, 0.08269601135796782
107.0, 0.12490773477753345
108.0, 0.12151803308649217
109.0, 0.1018198989008544
110.0, 0.12070883971128064
111.0, 0.122323164020351
112.0, 0.09567644733352355
113.0, 0.12245779200340767
114.0, 0.12169521399501029
115.0, 0.1223277649451153
116.0, 0.12162272880668307
117.0, 0.12262543180937938
118.0, 0.12165380093739973
119.0, 0.12263196258697978
120.0, 0.12165503569628
121.0, 0.12263234305602878
122.0, 0.12165505529508613
123.0, 0.1226322237288219
124.0, 0.12165511053445312
125.0, 0.1226322237288219
126.0, 0.12165511053445312
127.0, 0.1226322237288219
128.0, 0.12165505529508613
129.0, 0.1226322237288219
130.0, 0.08796765622424889
131.0, 0.12105171936542079
132.0, 0.1216125891705846
133.0, 0.12262718847963093
134.0, 0.12165424457978717
135.0, 0.12263211217094923
136.0, 0.12165506420519304
137.0, 0.12263228866665506
138.0, 0.12165511053445312
139.0, 0.12263223205190853
140.0, 0.12165506420519304
141.0, 0.12263224260041551
142.0, 0.12165511053445312
143.0, 0.11882699338620217
144.0, 0.11825006623189091
145.0, 0.11879672715429788
146.0, 0.11825802084501824
147.0, 0.11879832217237199
148.0, 0.118257611491677
149.0, 0.11879720833194517
150.0, 0.11825653773518373
151.0, 0.11879733782726411
152.0, 0.11825707723041645
153.0, 0.11879730623820242
154.0, 0.1182569540672885
155.0, 0.11879736842530361
156.0, 0.1182569540672885
157.0, 0.11879736842530361
158.0, 0.11825701564880842
159.0, 0.11879730623820242
160.0, 0.1182569540672885
161.0, 0.11879736842530361
162.0, 0.11825704696298335
163.0, 0.11879747673866425
164.0, 0.1182569540672885
165.0, 0.11879743061249187
166.0, 0.11825704696298335
167.0, 0.11879624776620211
168.0, 0.11825632623719333
169.0, 0.11879664080078915
170.0, 0.11825606703625367
171.0, 0.11879659854119388
172.0, 0.11825611348417323
173.0, 0.11879659854119388
174.0, 0.11825525198057983
175.0, 0.11879577778502247
176.0, 0.11825553828957541
177.0, 0.11879432346199892
178.0, 0.11825330438059169
179.0, 0.11879258675948821
180.0, 0.11825155575985749
181.0, 0.11879213125215618
182.0, 0.118252467335454
183.0, 0.11879360559606655
184.0, 0.11825444297488298
185.0, 0.11879542386983909
186.0, 0.11825610286209297
187.0, 0.11879710561959267
188.0, 0.11825734319837636
189.0, 0.11879791853698117
190.0, 0.11825815053450531
191.0, 0.11879836567081369
192.0, 0.1182579691464348
193.0, 0.11879836254844973
194.0, 0.1182582207581259
195.0, 0.11879867150370436
196.0, 0.11825841469230687
197.0, 0.11879882763639299
198.0, 0.1182580831253012
199.0, 0.11879829759183407
200.0, 0.11825801095631573
201.0, 0.11879854819247404
202.0, 0.11825808652413701
203.0, 0.11879865276590425
204.0, 0.11825808652413701
205.0, 0.11879848283289517
206.0, 0.11825808652413701
207.0, 0.11879850206707654
208.0, 0.11825813297147367
209.0, 0.11879869889124324
210.0, 0.11825823562843518
211.0, 0.11879863353174726
212.0, 0.11825793742013153
213.0, 0.11879867965709372
214.0, 0.11825793742013153
215.0, 0.11879830524309215
216.0, 0.11825793742013153
217.0, 0.11879828600887889
218.0, 0.11825793742013153
219.0, 0.11879861193339009
220.0, 0.11825787352038304
221.0, 0.11879802190392004
222.0, 0.11825787817900985
223.0, 0.1187982091493153
224.0, 0.11825848435159811
225.0, 0.11879863760718727
226.0, 0.11825806747984302
227.0, 0.1187983087671921
228.0, 0.11825820539728887
229.0, 0.11879761353297444
230.0, 0.11825791208498708
231.0, 0.1187972612124034
232.0, 0.11825587233320291
233.0, 0.11879505064206503
234.0, 0.11825413916642641
235.0, 0.11879351610800296
236.0, 0.11825258419961701
237.0, 0.11879191250972931
238.0, 0.11825061843610542
239.0, 0.12250969938651066
240.0, 0.12164036634540046
241.0, 0.12262424551168394
242.0, 0.12164768108494149
243.0, 0.07922043021652585
244.0, 0.07697473486480223
245.0, 0.07508794740109603
246.0, 0.07406907223302218
247.0, 0.07235092701213879
248.0, 0.07187769834327308
249.0, 0.07037341370871304
250.0, 0.06999269721073195
251.0, 0.06889242234900539
252.0, 0.06917906841421721
253.0, 0.06795524122557797
254.0, 0.06835449586015407
255.0, 0.06710511569532567
256.0, 0.06752910171088723
257.0, 0.06619532108064725
258.0, 0.06659492023647268
259.0, 0.06515575796874333
260.0, 0.07586269394952123
261.0, 0.08064747922440026
262.0, 0.08022576316371922
263.0, 0.08037349611669542
264.0, 0.08070005717299578
265.0, 0.08081049685763389
266.0, 0.08116814233378222
267.0, 0.08131177945965114
268.0, 0.08158002260757773
269.0, 0.08168185977584738
270.0, 0.08188939081909949
271.0, 0.08196735965477274
272.0, 0.08213767694669499
273.0, 0.08216172515183025
274.0, 0.08228210737715357
275.0, 0.0824113643581912
276.0, 0.08256632429684994
277.0, 0.08213064595864726
278.0, 0.08227705935720349
279.0, 0.08214736135210338
280.0, 0.08212013844168166
281.0, 0.08497336335832872
282.0, 0.08365588212149265
spot_hold
0, 0
1, 0
2, 0
3, 0
4, 0
5, 0
6, 0
7, 0
8, 0
9, 0
10, 0
11, 0
12, 0
13, 0
14, 0
15, 0
16, 0
17, 0
18, 0
19, 0
20, 0
21, 0
22, 0
23, 0
24, 0
25, 0
26, 0
27, 0
28, 0
29, 0
30, 0
31, 0
32, 0
33, 0
34, 0
35, 0
36, 0
37, 0
38, 0
39, 0
40, 0
41, 1
42, 1
43, 1
44, 1
45, 1
46, 1
47, 1
48, 1
49, 1
50, 1
51, 1
52, 1
53, 1
54, 1
55, 1
56, 1
57, 1
58, 1
59, 1
60, 1
61, 1
62, 1
63, 1
64, 1
65, 1
66, 1
67, 1
68, 1
69, 1
70, 1
71, 1
72, 1
73, 1
74, 1
75, 1
76, 1
77, 1
78, 1
79, 1
80, 1
81, 1
82, 1
83, 1
84, 1
85, 1
86, 1
87, 1
88, 1
89, 1
90, 1
91, 1
92, 1
93, 1
94, 1
95, 1
96, 1
97, 1
98, 1
99, 1
100, 1
101, 1
102, 1
103, 1
104, 1
105, 1
106, 1
107, 1
108, 1
109, 1
110, 1
111, 1
112, 1
113, 1
114, 1
115, 1
116, 1
117, 1
118, 1
119, 1
120, 1
121, 1
122, 1
123, 1
124, 1
125, 1
126, 1
127, 1
128, 1
129, 1
130, 1
131, 1
132, 1
133, 1
134, 1
135, 1
136, 1
137, 1
138, 1
139, 1
140, 1
141, 1
142, 1
143, 1
144, 1
145, 1
146, 1
147, 1
148, 1
149, 1
150, 1
151, 1
152, 1
153, 1
154, 1
155, 1
156, 1
157, 1
158, 1
159, 1
160, 1
161, 1
162, 1
163, 1
164, 1
165, 1
166, 1
167, 1
168, 1
169, 1
170, 1
171, 1
172, 1
173, 1
174, 1
175, 1
176, 1
177, 1
178, 1
179, 1
180, 1
181, 1
182, 1
183, 1
184, 1
185, 1
186, 1
187, 1
188, 1
189, 1
190, 1
191, 1
192, 1
193, 1
194, 1
195, 1
196, 1
197, 1
198, 1
199, 1
200, 1
201, 1
202, 1
203, 1
204, 1
205, 1
206, 1
207, 1
208, 1
209, 1
210, 1
211, 1
212, 1
213, 1
214, 1
215, 1
216, 1
217, 1
218, 1
219, 1
220, 1
221, 1
222, 1
223, 1
224, 1
225, 1
226, 1
227, 1
228, 1
229, 1
230, 1
231, 1
232, 1
233, 1
234, 1
235, 1
236, 1
237, 1
238, 1
239, 1
240, 1
241, 1
242, 1
243, 1
244, 1
245, 1
246, 1
247, 1
248, 1
249, 1
250, 1
251, 1
252, 1
253, 1
254, 1
255, 1
256, 1
257, 1
258, 1
259, 1
260, 1
261, 1
262, 1
263, 1
264, 1
265, 1
266, 1
267, 1
268, 1
269, 1
270, 1
271, 1
272, 1
273, 1
274, 1
275, 1
276, 1
277, 1
278, 1
279, 1
280, 1
281, 1
282, 1
