bot_dist
0.0, 2.911057888360944
1.0, 2.913809612372567
2.0, 2.916593028531137
3.0, 2.919408046189069
4.0, 2.92225457402087
5.0, 2.9251325200362626
6.0, 2.9280417915932953
7.0, 2.93098229541146
8.0, 2.933953937584802
9.0, 2.936956623595023
10.0, 2.939990258324569
11.0, 2.9430547460697087
12.0, 2.9461499905535837
13.0, 2.949275894939249
14.0, 2.9524323618426744
15.0, 2.955619293345727
16.0, 2.958836591009117
17.0, 2.96208415588531
18.0, 2.9653618885313997
19.0, 2.9686696890219366
20.0, 2.9720074569617205
21.0, 2.975375091498537
22.0, 2.9787724913358447
23.0, 2.9821995547454168
24.0, 2.9856561795799177
25.0, 2.989142263285425
26.0, 2.9926577029138923
27.0, 2.996202395135545
28.0, 2.99977623625121
29.0, 3.003379122204579
30.0, 3.0070109485944023
31.0, 3.0106716106865985
32.0, 3.014361003426306
33.0, 3.0180790214498425
34.0, 3.021825559096588
35.0, 3.0256005104207913
36.0, 3.0294037692032862
37.0, 3.0332352289631244
38.0, 3.0370947829691226
39.0, 3.040982324251313
40.0, 3.0448977456123143
41.0, 3.0488409396385987
42.0, 3.052811798711667
43.0, 3.0568102150191363
44.0, 3.060836080565715
45.0, 3.0648892871840925
46.0, 3.068969726545721
47.0, 3.0730772901714993
48.0, 3.0772118694423476
49.0, 3.081373355609688
50.0, 3.085561639805811
51.0, 3.089776613054142
52.0, 3.0940181662793935
53.0, 3.098286190317617
54.0, 3.102580575926141
55.0, 3.1069012137933987
56.0, 3.111247994548648
57.0, 3.1156208087715758
58.0, 3.1200195470017964
59.0, 3.1244440997482283
60.0, 3.1288943574983668
61.0, 3.133370210727436
62.0, 3.13787154990743
63.0, 3.1423982655160363
64.0, 3.1469502480454477
65.0, 3.1515273880110573
66.0, 3.1561295759600347
67.0, 3.1607567024797905
68.0, 3.1654086582063212
69.0, 3.1700853338324433
70.0, 3.1747866201158987
71.0, 3.1795122949271812
72.0, 3.184262360977471
73.0, 3.1890367092746135
74.0, 3.193835230922663
75.0, 3.1986578171294164
76.0, 3.2035043592138206
77.0, 3.208374748613277
78.0, 3.2132688768908215
79.0, 3.2181866357421876
80.0, 3.223127917002763
81.0, 3.228092612654422
82.0, 3.2330806148322475
83.0, 3.23809181583114
84.0, 3.2431261081123073
85.0, 3.2481833843096486
86.0, 3.2532635372360197
87.0, 3.2583664598893844
88.0, 3.2634920454588627
89.0, 3.2686401873306576
90.0, 3.273810779093876
91.0, 3.2790037145462403
92.0, 3.284218887699685
93.0, 3.289456192785854
94.0, 3.294715524261477
95.0, 3.2999967768136513
96.0, 3.305299845365005
97.0, 3.3106246250787623
98.0, 3.315971011363699
99.0, 3.3213388998789966
100.0, 3.326728186538988
101.0, 3.326728186538988
102.0, 3.326728186538988
103.0, 3.326728186538988
104.0, 3.326728186538988
105.0, 3.326728186538988
106.0, 3.326728186538988
107.0, 3.326728186538988
108.0, 3.326728186538988
109.0, 3.326728186538988
110.0, 3.326728186538988
111.0, 3.326728186538988
112.0, 3.326728186538988
113.0, 3.326728186538988
114.0, 3.326728186538988
115.0, 3.326728186538988
116.0, 3.326728186538988
117.0, 3.326728186538988
118.0, 3.326728186538988
119.0, 3.326728186538988
120.0, 3.326728186538988
121.0, 3.326728186538988
122.0, 3.326728186538988
123.0, 3.326728186538988
124.0, 3.326728186538988
125.0, 3.326728186538988
126.0, 3.326728186538988
127.0, 3.326728186538988
128.0, 3.326728186538988
129.0, 3.326728186538988
130.0, 3.326728186538988
131.0, 3.3213388998789966
132.0, 3.315971011363699
133.0, 3.3106246250787623
134.0, 3.305299845365005
135.0, 3.2999967768136513
136.0, 3.294715524261477
137.0, 3.289456192785854
138.0, 3.284218887699685
139.0, 3.2790037145462403
140.0, 3.273810779093876
141.0, 3.2686401873306576
142.0, 3.2634920454588627
143.0, 3.2633443721366375
144.0, 3.2582492456736944
145.0, 3.253176878426543
146.0, 3.2481273770194825
147.0, 3.243100848258714
148.0, 3.2380973991261977
149.0, 3.2331171367734015
150.0, 3.2281601685149317
151.0, 3.141011333413209
152.0, 3.0540200585126396
153.0, 2.9672001494184608
154.0, 2.880567157583416
155.0, 2.7941384693166773
156.0, 2.70793364686256
157.0, 2.6219747709757364
158.0, 2.5362868483639707
159.0, 2.450898298269983
160.0, 2.3658415360013514
161.0, 2.2811535796580054
162.0, 2.1968771943287497
163.0, 2.113061625318797
164.0, 2.0297639592538834
165.0, 1.9470506671977028
166.0, 1.8649995022631956
167.0, 1.8617467649857218
168.0, 1.7833453159185977
169.0, 1.7061371274571366
170.0, 1.6302914852163952
171.0, 1.5560076487771433
172.0, 1.4835202481056236
173.0, 1.4131057629308117
174.0, 1.4117252617348715
175.0, 1.348578736968208
176.0, 1.2887664943505244
177.0, 1.2884442254371784
178.0, 1.2881995095169299
179.0, 1.2880323907931372
180.0, 1.28794289947198
181.0, 1.2581026780409035
182.0, 1.2587790914285983
183.0, 1.2595345420818358
184.0, 1.2603688878785333
185.0, 1.2612819722498292
186.0, 1.262273624325584
187.0, 1.2633436590924303
188.0, 1.2644918775640412
189.0, 1.2657180669632537
190.0, 1.267022000915665
191.0, 1.2684034396542978
192.0, 1.1976001721220522
193.0, 1.199456255073211
194.0, 1.1279215540958092
195.0, 1.0586004529278426
196.0, 0.9919571402382447
197.0, 0.9285683494421478
198.0, 0.8691464511158453
199.0, 0.8145600590345058
200.0, 0.7658439784405566
201.0, 0.724183592054904
202.0, 0.6908568253999401
203.0, 0.6671134598330496
204.0, 0.653998482529844
205.0, 0.6521530262453225
206.0, 0.6616718107662033
207.0, 0.6820787924082339
208.0, 0.7124393751299448
209.0, 0.7515478005601834
210.0, 0.7981195708476884
211.0, 0.850929739791868
212.0, 0.9088919317313157
213.0, 0.9710835395315711
214.0, 1.0367441531145816
215.0, 1.1052553196559949
216.0, 1.1761193538853216
217.0, 1.1840690716995461
218.0, 1.2523052108138581
219.0, 1.3225587392659353
220.0, 1.3300676984824373
221.0, 1.337609268598051
222.0, 1.3451829011282583
223.0, 1.3527880575654263
224.0, 1.3604242092269676
225.0, 1.3680908371030698
226.0, 1.3757874317042278
227.0, 1.3835134929087718
228.0, 1.391268529810591
229.0, 1.3990520605672236
230.0, 1.4068636122484808
231.0, 1.4068636122484808
232.0, 1.4068636122484808
233.0, 1.4068636122484808
234.0, 1.4068636122484808
235.0, 1.4068636122484808
236.0, 1.4068636122484808
237.0, 1.4068636122484808
238.0, 1.4068636122484808
239.0, 1.4068636122484808
240.0, 1.4068636122484808
241.0, 1.4068636122484808
242.0, 1.4068636122484808
243.0, 1.4068636122484808
244.0, 1.4068636122484808
245.0, 1.4068636122484808
246.0, 1.4068636122484808
247.0, 1.4068636122484808
248.0, 1.4068636122484808
249.0, 1.4068636122484808
250.0, 1.4068636122484808
251.0, 1.4068636122484808
252.0, 1.4068636122484808
253.0, 1.4068636122484808
254.0, 1.4068636122484808
255.0, 1.4068636122484808
256.0, 1.4068636122484808
257.0, 1.4068636122484808
258.0, 1.4068636122484808
259.0, 1.4068636122484808
260.0, 1.4068636122484808
261.0, 1.3990520605672236
262.0, 1.391268529810591
263.0, 1.3835134929087718
264.0, 1.3757874317042278
265.0, 1.3680908371030698
266.0, 1.3604242092269676
267.0, 1.3527880575654263
268.0, 1.3451829011282583
269.0, 1.337609268598051
270.0, 1.3300676984824373
271.0, 1.3225587392659353
272.0, 1.3150829495611336
273.0, 1.30764089825896
274.0, 1.3002331646777692
275.0, 1.2928603387109578
276.0, 1.2855230209728008
277.0, 1.2782218229421831
278.0, 1.2709573671038765
279.0, 1.263730287086994
280.0, 1.256541227800231
281.0, 1.24939084556348
282.0, 1.242279808235375
ee_dist
0.0, 1.4971566188787353
1.0, 1.5624323366806903
2.0, 1.6736721289249001
3.0, 1.7673522937742492
4.0, 1.7997818529816636
5.0, 1.825654262690485
6.0, 1.857693650476737
7.0, 1.8907644881862256
8.0, 1.9254113947815097
9.0, 1.958360837420398
10.0, 1.9954994722210806
11.0, 2.0290521332370233
12.0, 2.05932867260208
13.0, 2.094753382723723
14.0, 2.120599429083223
15.0, 2.1470597846674337
16.0, 2.1720064386888134
17.0, 2.199456377074556
18.0, 2.220865275822894
19.0, 2.2401064942184283
20.0, 2.2593260987263872
21.0, 2.2290089609448214
22.0, 2.187265574688194
23.0, 2.1422989416632805
24.0, 2.0936845002949864
25.0, 2.0417278247499038
26.0, 1.9865971805616427
27.0, 1.9286614931749773
28.0, 1.8681617465900402
29.0, 1.8055872687461785
30.0, 1.7412773046535204
31.0, 1.6758685144591572
32.0, 1.6098388455234358
33.0, 1.544002430848774
34.0, 1.4790310101199713
35.0, 1.4159688485363968
36.0, 1.3557509817448163
37.0, 1.2996790807869103
38.0, 1.2489570340235643
39.0, 1.2050238898181054
40.0, 1.1692264995756483
41.0, 1.1694338859077498
42.0, 1.0400061717181033
43.0, 0.7349508818090784
44.0, 0.6877667575424709
45.0, 0.6403196664809419
46.0, 0.5926704173168643
47.0, 0.5448317685263903
48.0, 0.49789206727834007
49.0, 0.4525460335431478
50.0, 0.4105672178936659
51.0, 0.3741775785497851
52.0, 0.34589307993130625
53.0, 0.3278558495486602
54.0, 0.3224462375591262
55.0, 0.3305125044406541
56.0, 0.35167141775191857
57.0, 0.3266464933079919
58.0, 0.30616848239198163
59.0, 0.3051027347406426
60.0, 0.3312189679115478
61.0, 0.38412776816136157
62.0, 0.45387763797938435
63.0, 0.5288611814572364
64.0, 0.5955730858504807
65.0, 0.6560822879121604
66.0, 0.7169641909319576
67.0, 0.7715975075356026
68.0, 0.8239528898791653
69.0, 0.8740928254930429
70.0, 0.9232488212865504
71.0, 0.9705426694839101
72.0, 1.02569480956579
73.0, 1.0848407516470695
74.0, 1.15349013259638
75.0, 1.2329788956915757
76.0, 1.321948603551014
77.0, 1.4165279469770133
78.0, 1.512987533767378
79.0, 1.6051401269547503
80.0, 1.6865082864189667
81.0, 1.7520395255643708
82.0, 1.816800237041935
83.0, 1.8778145430533444
84.0, 1.937222882485991
85.0, 1.9952541107958741
86.0, 2.0527639058727742
87.0, 2.1139985248412727
88.0, 2.18201629243366
89.0, 2.2515451767238117
90.0, 2.323691123556093
91.0, 2.4087608244941467
92.0, 2.507117286861316
93.0, 2.6038204094810347
94.0, 2.7189834930226287
95.0, 2.8206853774328855
96.0, 2.91245982357094
97.0, 2.9868599004968344
98.0, 3.054972811237574
99.0, 3.1226534685424046
100.0, 3.186867469936796
101.0, 3.250090555539209
102.0, 3.311977689883059
103.0, 3.374260774952664
104.0, 3.4421372448580274
105.0, 3.5156854695902595
106.0, 3.5930642935045256
107.0, 3.6830936468537225
108.0, 3.780945338178542
109.0, 3.886794873390654
110.0, 3.9939149413846935
111.0, 4.097677283671767
112.0, 4.194423955447309
113.0, 4.271413854935249
114.0, 4.338965472781748
115.0, 4.397294231188518
116.0, 4.472002497420632
117.0, 4.535096389398525
118.0, 4.598258029341327
119.0, 4.6407661722920635
120.0, 4.6822533032004765
121.0, 4.7239859759127265
122.0, 4.764155935072714
123.0, 4.804040478131165
124.0, 4.84186107220116
125.0, 4.878916469910033
126.0, 4.91346340050533
127.0, 4.946820373952987
128.0, 4.9772801771836885
129.0, 5.006186964700453
130.0, 5.031870663271356
131.0, 5.055699659249961
132.0, 5.076042867786329
133.0, 5.094290696754224
134.0, 5.108854862053366
135.0, 5.12312641859462
136.0, 5.129446099276457
137.0, 5.135722164120703
138.0, 5.1417630245770996
139.0, 5.137482896813516
140.0, 5.133613309729002
141.0, 5.126367859534395
142.0, 5.1164060290925395
143.0, 4.323163256244972
144.0, 4.30109050259055
145.0, 4.282041523296994
146.0, 4.266561121950404
147.0, 4.254339351358288
148.0, 4.245961694045116
149.0, 4.241029215987101
150.0, 4.240069849251933
151.0, 4.156652485461744
152.0, 4.073476128989129
153.0, 3.9900616887394977
154.0, 3.9068885347857583
155.0, 3.8234775207397336
156.0, 3.7403077708734247
157.0, 3.6569009803505357
158.0, 3.573735025524147
159.0, 3.4903330532717916
160.0, 3.4071714747934623
161.0, 3.323775034448135
162.0, 3.24061862937413
163.0, 3.1572284036187876
164.0, 3.0740780283197853
165.0, 2.990695255130096
166.0, 2.907551884582025
167.0, 2.9100626719162217
168.0, 2.8272458125035618
169.0, 2.744223376931237
170.0, 2.661455042466311
171.0, 2.578488419053922
172.0, 2.495780430933928
173.0, 2.41288205100185
174.0, 2.420277138068205
175.0, 2.3387568267634826
176.0, 2.25758730215367
177.0, 2.269269841191221
178.0, 2.284949878705378
179.0, 2.3040458479345975
180.0, 2.3267039771616083
181.0, 2.259285082414183
182.0, 2.2361004390190464
183.0, 2.2160805610930865
184.0, 2.199828239250047
185.0, 2.18715175952433
186.0, 2.1786141038871403
187.0, 2.1738939669746093
188.0, 2.173491293672205
189.0, 2.176961777656254
190.0, 2.184714946724237
191.0, 2.1962034104163095
192.0, 2.1189276592295103
193.0, 2.134765470168938
194.0, 2.061600041477445
195.0, 1.9890073022104873
196.0, 1.9175029738446525
197.0, 1.846778285636634
198.0, 1.7773563231318665
199.0, 1.7089728563714996
200.0, 1.6421718315114204
201.0, 1.5767498714295582
202.0, 1.5132801396207616
203.0, 1.451636637418517
204.0, 1.3924298437120646
205.0, 1.3356317470159416
206.0, 1.28189726198229
207.0, 1.2313132718061242
208.0, 1.184574160964054
209.0, 1.1418875219045568
210.0, 1.1039596583652898
211.0, 1.0710919559310639
212.0, 1.0439317715735241
213.0, 1.0228019085921622
214.0, 1.0081744311912524
215.0, 1.000282922520513
216.0, 0.9992963262701521
217.0, 1.0393261324622756
218.0, 1.051814764694875
219.0, 1.0707057806174625
220.0, 1.0314305353574613
221.0, 0.9917135577685495
222.0, 0.9516958888741031
223.0, 0.9117154047799162
224.0, 0.8720303807581942
225.0, 0.832981661654303
226.0, 0.7949896918933611
227.0, 0.7584197402183042
228.0, 0.7238773138065117
229.0, 0.6917657282715941
230.0, 0.6628719225534581
231.0, 0.6376164941360543
232.0, 0.6168917096264477
233.0, 0.6010326149603707
234.0, 0.5908454568394003
235.0, 0.5863895755663381
236.0, 0.588132372326109
237.0, 0.5957139006427621
238.0, 0.6091376152629607
239.0, 0.6276947998742707
240.0, 0.6510368310340708
241.0, 0.6508211659469398
242.0, 0.6509758037708749
243.0, 0.6877937467432718
244.0, 0.7075364171534045
245.0, 0.7291819069784239
246.0, 0.7525775216170002
247.0, 0.7773801079605314
248.0, 0.8037035947048818
249.0, 0.8300715819860313
250.0, 0.8579295283065472
251.0, 0.8860334445102828
252.0, 0.9146919602665787
253.0, 0.9431242739548988
254.0, 0.9717658383326194
255.0, 0.9997554970247826
256.0, 1.027664721711224
257.0, 1.0546072953940246
258.0, 1.0812688165366167
259.0, 1.1067560670876633
260.0, 1.1300824432548013
261.0, 1.1534039672502727
262.0, 1.1766406787909078
263.0, 1.1521812240571678
264.0, 1.1206791587905534
265.0, 1.0875532667512806
266.0, 1.0524298413585356
267.0, 1.0156343412792057
268.0, 0.9770812470477069
269.0, 0.9371463915570792
270.0, 0.8957412003639008
271.0, 0.8533158821466237
272.0, 0.8098066112106806
273.0, 0.7657745827248669
274.0, 0.7200429060909652
275.0, 0.6715427757498595
276.0, 0.6171755683697465
277.0, 0.5735439501574693
278.0, 0.517257709295556
279.0, 0.47706041186595144
280.0, 0.4407958033868296
281.0, 0.41151041333998606
282.0, 0.3811567217141376
ee_box_dist
0.0, 0.5575707657653017
1.0, 0.613147673732866
2.0, 0.643669054619358
3.0, 0.6829850393465733
4.0, 0.7215914679964378
5.0, 0.7593088885288988
6.0, 0.7975661661888243
7.0, 0.8340325932988084
8.0, 0.8685607790639858
9.0, 0.900194600470691
10.0, 0.9347090773206512
11.0, 0.9650106462915947
12.0, 0.9915569962529335
13.0, 1.0227306984263254
14.0, 1.0446581099994867
15.0, 1.0670897416995868
16.0, 1.087893334531548
17.0, 1.1110065797595232
18.0, 1.1287440578766348
19.0, 1.144483369467692
20.0, 1.1602823450134405
21.0, 1.140379148687529
22.0, 1.113082159030544
23.0, 1.0831585098920848
24.0, 1.0502245846078708
25.0, 1.0144508344242587
26.0, 0.975809033946529
27.0, 0.9344916322371827
28.0, 0.890465109428312
29.0, 0.8439590515063428
30.0, 0.7949369833414888
31.0, 0.7436717544690897
32.0, 0.690129642136158
33.0, 0.6346395843258325
34.0, 0.5771889868807135
35.0, 0.5181480599378655
36.0, 0.4575145840365608
37.0, 0.3956942501024078
38.0, 0.33285253714289836
39.0, 0.2697110973060497
40.0, 0.2070390363503972
41.0, 0.08025340332550794
42.0, 0.08290185061703789
43.0, 0.08302858005835495
44.0, 0.08297737647886301
45.0, 0.08303003543992653
46.0, 0.08298390890810392
47.0, 0.08302941075315312
48.0, 0.08298907921650843
49.0, 0.0830283848402698
50.0, 0.08299337014618302
51.0, 0.083026937355386
52.0, 0.08299690502761438
53.0, 0.08302512434587032
54.0, 0.08299957313525068
55.0, 0.08302304637147413
56.0, 0.08300183401483063
57.0, 0.0828708068716549
58.0, 0.08282930833552482
59.0, 0.08289471825657599
60.0, 0.08285587640033851
61.0, 0.08300647766621319
62.0, 0.08300062683330561
63.0, 0.0830094237356652
64.0, 0.08300142822573457
65.0, 0.08300748630466655
66.0, 0.08291029869531281
67.0, 0.08287627371916793
68.0, 0.08284741608786769
69.0, 0.08286048794253133
70.0, 0.08290384653451062
71.0, 0.08288800410498953
72.0, 0.08285320941011322
73.0, 0.08288368865607089
74.0, 0.08286694710679682
75.0, 0.08286265440431229
76.0, 0.08285893046506061
77.0, 0.08288087510115302
78.0, 0.08286755746365775
79.0, 0.0828738619456695
80.0, 0.08290813465528654
81.0, 0.08300015241806749
82.0, 0.08301236393514662
83.0, 0.08300693403442808
84.0, 0.08301790268853218
85.0, 0.08301227485093281
86.0, 0.08355501467872668
87.0, 0.09386886437737359
88.0, 0.11010358785420092
89.0, 0.09485441976240772
90.0, 0.09980220406320978
91.0, 0.1426932553861244
92.0, 0.13999349456452306
93.0, 0.0920223829037551
94.0, 0.1402401018845255
95.0, 0.14311315752173479
96.0, 0.14218092061245022
97.0, 0.1431945288078039
98.0, 0.1421697475462073
99.0, 0.143196707607223
100.0, 0.14216921955227452
101.0, 0.1431967861640192
102.0, 0.1421691000819721
103.0, 0.14319676511750024
104.0, 0.1421691592172964
105.0, 0.14319666763276173
106.0, 0.1421692187525035
107.0, 0.1431967271638343
108.0, 0.1421691592172964
109.0, 0.1431967271638343
110.0, 0.1421692187525035
111.0, 0.1431967271638343
112.0, 0.1421691592172964
113.0, 0.1431967271638343
114.0, 0.1421692187525035
115.0, 0.08953743485328301
116.0, 0.13994938846099123
117.0, 0.14312348279236858
118.0, 0.14217673279365733
119.0, 0.14319529028996494
120.0, 0.14216953683046343
121.0, 0.14319665019958344
122.0, 0.14216916041696281
123.0, 0.1431967861640192
124.0, 0.1421691592172964
125.0, 0.1431967271638343
126.0, 0.1421692187525035
127.0, 0.14319680986658584
128.0, 0.14216921835262736
129.0, 0.1431967276947284
130.0, 0.1421692187525035
131.0, 0.14319676511750024
132.0, 0.14216921835262736
133.0, 0.14319672663294636
134.0, 0.1421691592172964
135.0, 0.10971874501344815
136.0, 0.14060651600513938
137.0, 0.1431276948600655
138.0, 0.10199221287604152
139.0, 0.14187303543801505
140.0, 0.14209329222566536
141.0, 0.11017346288047708
142.0, 0.13991741170226654
143.0, 0.1386221995866923
144.0, 0.13820729543122473
145.0, 0.13864544774161094
146.0, 0.13820401641309868
147.0, 0.13864667471446349
148.0, 0.13820519273678802
149.0, 0.13864887820820326
150.0, 0.1382067865874189
151.0, 0.13864977671560538
152.0, 0.1382068162116213
153.0, 0.13864976699829612
154.0, 0.13820679743915334
155.0, 0.13864975728139614
156.0, 0.13820679743915334
157.0, 0.13864975728139614
158.0, 0.13820679743915334
159.0, 0.138649762139795
160.0, 0.13820685697667281
161.0, 0.13864975728139614
162.0, 0.13820686569668666
163.0, 0.13864987148977598
164.0, 0.13820680615917094
165.0, 0.13864987148977598
166.0, 0.13820680615917094
167.0, 0.13865087393056114
168.0, 0.13820762593107677
169.0, 0.13865083099626108
170.0, 0.13820758718508258
171.0, 0.13865082077701088
172.0, 0.13820763743381737
173.0, 0.13865082638895837
174.0, 0.13820823644370314
175.0, 0.13865164055028043
176.0, 0.13820823326490791
177.0, 0.13865236591158603
178.0, 0.13820927978774003
179.0, 0.13865352941526238
180.0, 0.13821011905168543
181.0, 0.13865392780358024
182.0, 0.1382096980414435
183.0, 0.13865297091070844
184.0, 0.1382086426687745
185.0, 0.13865157524542132
186.0, 0.13820747393052324
187.0, 0.13864984368449085
188.0, 0.13820592923621478
189.0, 0.1386474642868932
190.0, 0.13820438980171904
191.0, 0.1386456544077393
192.0, 0.13820388782253834
193.0, 0.1386449379782337
194.0, 0.13820339216159783
195.0, 0.13864499937401886
196.0, 0.1382033326267502
197.0, 0.1386450091960054
198.0, 0.1382032730892291
199.0, 0.13864499937401886
200.0, 0.1382033326267502
201.0, 0.1386450091960054
202.0, 0.1382032730892291
203.0, 0.13864499937401886
204.0, 0.1382032730892291
205.0, 0.1386450091960054
206.0, 0.13820333768721418
207.0, 0.1386449930951876
208.0, 0.13820339722473313
209.0, 0.13864501547524594
210.0, 0.13820333768721418
211.0, 0.1386449930951876
212.0, 0.13820333768721418
213.0, 0.13864500291717458
214.0, 0.1382033275666973
215.0, 0.13864501273957083
216.0, 0.1382033275666973
217.0, 0.13864436325146592
218.0, 0.13820307475610075
219.0, 0.13864458726670234
220.0, 0.1382034224523881
221.0, 0.13864571746593626
222.0, 0.1382045829045649
223.0, 0.13864759002907678
224.0, 0.13820606790907597
225.0, 0.13864979216594944
226.0, 0.13820764123521653
227.0, 0.13865159463678978
228.0, 0.13820870856968706
229.0, 0.13865310184408378
230.0, 0.13820982739083987
231.0, 0.13865389685468021
232.0, 0.1382104516899275
233.0, 0.13865446017853292
234.0, 0.1382108048242576
235.0, 0.1386549222624704
236.0, 0.138210897057648
237.0, 0.13865496272000544
238.0, 0.13821087664086995
239.0, 0.13865462429165532
240.0, 0.13821073182184682
241.0, 0.14315021137085773
242.0, 0.1421714831202176
243.0, 0.08344880069608289
244.0, 0.08048499838618599
245.0, 0.07874724123559895
246.0, 0.07749858225934791
247.0, 0.07592995554572869
248.0, 0.07561706553159482
249.0, 0.07365412538543828
250.0, 0.0731333662096273
251.0, 0.07156054704454423
252.0, 0.07120043885698374
253.0, 0.06951963304454292
254.0, 0.06925577365261945
255.0, 0.06743914125958352
256.0, 0.06725144570098886
257.0, 0.06530530495908352
258.0, 0.06520694083971766
259.0, 0.0631631596533689
260.0, 0.0628210284605099
261.0, 0.060539882814077135
262.0, 0.060837281677734376
263.0, 0.07939181765992086
264.0, 0.08019439944760788
265.0, 0.0804076908871946
266.0, 0.08077154405898683
267.0, 0.08095083501114979
268.0, 0.08127336518203944
269.0, 0.0814171115112102
270.0, 0.08168924907717749
271.0, 0.08178657259270168
272.0, 0.08200271256514169
273.0, 0.08205542339149433
274.0, 0.08187946019833915
275.0, 0.08242113076151861
276.0, 0.08169540123902524
277.0, 0.08224638911581499
278.0, 0.08164344382046533
279.0, 0.08216110685686331
280.0, 0.08215144501600923
281.0, 0.0819805992964727
282.0, 0.08221331341866149
spot_hold
0, 0
1, 0
2, 0
3, 0
4, 0
5, 0
6, 0
7, 0
8, 0
9, 0
10, 0
11, 0
12, 0
13, 0
14, 0
15, 0
16, 0
17, 0
18, 0
19, 0
20, 0
21, 0
22, 0
23, 0
24, 0
25, 0
26, 0
27, 0
28, 0
29, 0
30, 0
31, 0
32, 0
33, 0
34, 0
35, 0
36, 0
37, 0
38, 0
39, 0
40, 0
41, 1
42, 1
43, 1
44, 1
45, 1
46, 1
47, 1
48, 1
49, 1
50, 1
51, 1
52, 1
53, 1
54, 1
55, 1
56, 1
57, 1
58, 1
59, 1
60, 1
61, 1
62, 1
63, 1
64, 1
65, 1
66, 1
67, 1
68, 1
69, 1
70, 1
71, 1
72, 1
73, 1
74, 1
75, 1
76, 1
77, 1
78, 1
79, 1
80, 1
81, 1
82, 1
83, 1
84, 1
85, 1
86, 1
87, 1
88, 1
89, 1
90, 1
91, 1
92, 1
93, 1
94, 1
95, 1
96, 1
97, 1
98, 1
99, 1
100, 1
101, 1
102, 1
103, 1
104, 1
105, 1
106, 1
107, 1
108, 1
109, 1
110, 1
111, 1
112, 1
113, 1
114, 1
115, 1
116, 1
117, 1
118, 1
119, 1
120, 1
121, 1
122, 1
123, 1
124, 1
125, 1
126, 1
127, 1
128, 1
129, 1
130, 1
131, 1
132, 1
133, 1
134, 1
135, 1
136, 1
137, 1
138, 1
139, 1
140, 1
141, 1
142, 1
143, 1
144, 1
145, 1
146, 1
147, 1
148, 1
149, 1
150, 1
151, 1
152, 1
153, 1
154, 1
155, 1
156, 1
157, 1
158, 1
159, 1
160, 1
161, 1
162, 1
163, 1
164, 1
165, 1
166, 1
167, 1
168, 1
169, 1
170, 1
171, 1
172, 1
173, 1
174, 1
175, 1
176, 1
177, 1
178, 1
179, 1
180, 1
181, 1
182, 1
183, 1
184, 1
185, 1
186, 1
187, 1
188, 1
189, 1
190, 1
191, 1
192, 1
193, 1
194, 1
195, 1
196, 1
197, 1
198, 1
199, 1
200, 1
201, 1
202, 1
203, 1
204, 1
205, 1
206, 1
207, 1
208, 1
209, 1
210, 1
211, 1
212, 1
213, 1
214, 1
215, 1
216, 1
217, 1
218, 1
219, 1
220, 1
221, 1
222, 1
223, 1
224, 1
225, 1
226, 1
227, 1
228, 1
229, 1
230, 1
231, 1
232, 1
233, 1
234, 1
235, 1
236, 1
237, 1
238, 1
239, 1
240, 1
241, 1
242, 1
243, 1
244, 1
245, 1
246, 1
247, 1
248, 1
249, 1
250, 1
251, 1
252, 1
253, 1
254, 1
255, 1
256, 1
257, 1
258, 1
259, 1
260, 1
261, 1
262, 1
263, 1
264, 1
265, 1
266, 1
267, 1
268, 1
269, 1
270, 1
271, 1
272, 1
273, 1
274, 1
275, 1
276, 1
277, 1
278, 1
279, 1
280, 1
281, 1
282, 1
