bot_dist
0.0, 3.034653626376633
1.0, 3.038523501904054
2.0, 3.0424213252475534
3.0, 3.0463469891288257
4.0, 3.0503003860575473
5.0, 3.0542814083425194
6.0, 3.0582899481027104
7.0, 3.062325897278207
8.0, 3.0663891476410567
9.0, 3.0704795908060194
10.0, 3.0745971182412064
11.0, 3.0787416212786254
12.0, 3.0829129911246156
13.0, 3.0871111188701787
14.0, 3.0913358955012042
15.0, 3.0955872119085828
16.0, 3.099864958898218
17.0, 3.104169027200924
18.0, 3.108499307482211
19.0, 3.112855690351967
20.0, 3.1172380663740187
21.0, 3.121646326075589
22.0, 3.1260803599566325
23.0, 3.1305400584990664
24.0, 3.135025312175878
25.0, 3.139536011460127
26.0, 3.144072046833826
27.0, 3.148633308796708
28.0, 3.1532196878748784
29.0, 3.1578310746293505
30.0, 3.1624673596644683
31.0, 3.167128433636206
32.0, 3.171814187260357
33.0, 3.1765243987282767
34.0, 3.181259070328057
35.0, 3.186018093010703
36.0, 3.1908013578186143
37.0, 3.1956087558931863
38.0, 3.2004401784822996
39.0, 3.20529551694769
40.0, 3.2101746627722045
41.0, 3.2150775075669396
42.0, 3.220003943078266
43.0, 3.2249538611947375
44.0, 3.229927153953885
45.0, 3.2349237135488953
46.0, 3.2399434323351746
47.0, 3.244986202836804
48.0, 3.2500519177528755
49.0, 3.255140469963714
50.0, 3.2602517525369987
51.0, 3.265385658733756
52.0, 3.2705420820142534
53.0, 3.2757209160437797
54.0, 3.280922054698313
55.0, 3.2861453920700825
56.0, 3.291390822473016
57.0, 3.2966582404480893
58.0, 3.301947540768557
59.0, 3.307258618445082
60.0, 3.3125913687307644
61.0, 3.317945687126053
62.0, 3.323321469383562
63.0, 3.3287186115127843
64.0, 3.3341370097846914
65.0, 3.3395765607362473
66.0, 3.345037161174807
67.0, 3.350518708182422
68.0, 3.3560210991200483
69.0, 3.361544231631646
70.0, 3.3670880036481945
71.0, 3.3726523133915993
72.0, 3.378237059378509
73.0, 3.3838421404240386
74.0, 3.3894674556453923
75.0, 3.395112904465402
76.0, 3.400778386615962
77.0, 3.4064638021413893
78.0, 3.4121690514016745
79.0, 3.4178940350756584
80.0, 3.4236386541641135
81.0, 3.429402809992738
82.0, 3.435186404215067
83.0, 3.440989338815296
84.0, 3.4468115161110195
85.0, 3.4526528387558875
86.0, 3.4585132097421813
87.0, 3.464392532403304
88.0, 3.4702907104161915
89.0, 3.47620764780365
90.0, 3.4821432489366058
91.0, 3.488097418536287
92.0, 3.4940700616763216
93.0, 3.500061083784762
94.0, 3.506070390646041
95.0, 3.512097888402846
96.0, 3.5181434835579286
97.0, 3.524207082975833
98.0, 3.5302885938845665
99.0, 3.536387923877193
100.0, 3.5425049809133573
101.0, 3.5425049809133573
102.0, 3.5425049809133573
103.0, 3.5425049809133573
104.0, 3.5425049809133573
105.0, 3.5425049809133573
106.0, 3.5425049809133573
107.0, 3.5425049809133573
108.0, 3.5425049809133573
109.0, 3.5425049809133573
110.0, 3.5425049809133573
111.0, 3.5425049809133573
112.0, 3.5425049809133573
113.0, 3.5425049809133573
114.0, 3.5425049809133573
115.0, 3.5425049809133573
116.0, 3.5425049809133573
117.0, 3.5425049809133573
118.0, 3.5425049809133573
119.0, 3.5425049809133573
120.0, 3.5425049809133573
121.0, 3.5425049809133573
122.0, 3.5425049809133573
123.0, 3.5425049809133573
124.0, 3.5425049809133573
125.0, 3.5425049809133573
126.0, 3.5425049809133573
127.0, 3.5425049809133573
128.0, 3.5425049809133573
129.0, 3.5425049809133573
130.0, 3.5425049809133573
131.0, 3.536387923877193
132.0, 3.5302885938845665
133.0, 3.524207082975833
134.0, 3.5181434835579286
135.0, 3.512097888402846
136.0, 3.506070390646041
137.0, 3.500061083784762
138.0, 3.4940700616763216
139.0, 3.488097418536287
140.0, 3.4821432489366058
141.0, 3.47620764780365
142.0, 3.4702907104161915
143.0, 3.4690748223114993
144.0, 3.4632034485696837
145.0, 3.457351027765748
146.0, 3.451517656309949
147.0, 3.4457034309505383
148.0, 3.4399084487712495
149.0, 3.4341328071887185
150.0, 3.4283766039498116
151.0, 3.3395621525656773
152.0, 3.250805561904805
153.0, 3.162111655131328
154.0, 3.073485912030742
155.0, 2.9849344041558723
156.0, 2.8964639401351406
157.0, 2.8080821799977422
158.0, 2.7197977712444796
159.0, 2.631620511593547
160.0, 2.5435615446340596
161.0, 2.455633596318963
162.0, 2.367851262458747
163.0, 2.280231360325622
164.0, 2.1927933614057826
165.0, 2.105559927612126
166.0, 2.018557580410966
167.0, 2.013697888103496
168.0, 1.928532062297852
169.0, 1.843869969742716
170.0, 1.7597840773159357
171.0, 1.6763610934634237
172.0, 1.5937051220437752
173.0, 1.5119419631145692
174.0, 1.5081761148591069
175.0, 1.4306241761350833
176.0, 1.3547449489940235
177.0, 1.35167659248143
178.0, 1.3486754035416115
179.0, 1.3457418315533551
180.0, 1.3428763196532878
181.0, 1.289412607866825
182.0, 1.2871726886294255
183.0, 1.2850066875310848
184.0, 1.2829149789694752
185.0, 1.2808979269041767
186.0, 1.2789558845593996
187.0, 1.2770891941322444
188.0, 1.2031691183254298
189.0, 1.2017804445616
190.0, 1.1271451855296744
191.0, 1.0547812571732391
192.0, 0.9851892474819862
193.0, 0.9189990902461297
194.0, 0.8569993722525325
195.0, 0.80016475919537
196.0, 0.7496709153515712
197.0, 0.7068779544156611
198.0, 0.6732559136038875
199.0, 0.6502291282260318
200.0, 0.6389440415226516
201.0, 0.6400220560369378
202.0, 0.6534019828887367
203.0, 0.6783562819675597
204.0, 0.7136718534028816
205.0, 0.7579016812271178
206.0, 0.8095860531697748
207.0, 0.8673934352875112
208.0, 0.9301829608660122
209.0, 0.9970137836578723
210.0, 1.0671268921430324
211.0, 1.139916720691308
212.0, 1.214902368966435
213.0, 1.2241684408261508
214.0, 1.296772846783049
215.0, 1.3712551169937783
216.0, 1.380268696278645
217.0, 1.3892957788488594
218.0, 1.3983361031894814
219.0, 1.4073894141261714
220.0, 1.416455462646479
221.0, 1.4255340057266508
222.0, 1.4346248061637823
223.0, 1.4437276324131387
224.0, 1.4528422584304885
225.0, 1.461968463519284
226.0, 1.471106032182537
227.0, 1.4802547539792388
228.0, 1.4894144233851792
229.0, 1.4985848396580195
230.0, 1.5077658067064914
231.0, 1.5077658067064914
232.0, 1.5077658067064914
233.0, 1.5077658067064914
234.0, 1.5077658067064914
235.0, 1.5077658067064914
236.0, 1.5077658067064914
237.0, 1.5077658067064914
238.0, 1.5077658067064914
239.0, 1.5077658067064914
240.0, 1.5077658067064914
241.0, 1.5077658067064914
242.0, 1.5077658067064914
243.0, 1.5077658067064914
244.0, 1.5077658067064914
245.0, 1.5077658067064914
246.0, 1.5077658067064914
247.0, 1.5077658067064914
248.0, 1.5077658067064914
249.0, 1.5077658067064914
250.0, 1.5077658067064914
251.0, 1.5077658067064914
252.0, 1.5077658067064914
253.0, 1.5077658067064914
254.0, 1.5077658067064914
255.0, 1.5077658067064914
256.0, 1.5077658067064914
257.0, 1.5077658067064914
258.0, 1.5077658067064914
259.0, 1.5077658067064914
260.0, 1.5077658067064914
261.0, 1.4985848396580195
262.0, 1.4894144233851792
263.0, 1.4802547539792388
264.0, 1.471106032182537
265.0, 1.461968463519284
266.0, 1.4528422584304885
267.0, 1.4437276324131387
268.0, 1.4346248061637823
269.0, 1.4255340057266508
270.0, 1.416455462646479
271.0, 1.4073894141261714
272.0, 1.3983361031894814
273.0, 1.3892957788488594
274.0, 1.380268696278645
275.0, 1.3712551169937783
276.0, 1.362255309034202
277.0, 1.353269547155147
278.0, 1.3442981130234846
279.0, 1.335341295420345
280.0, 1.326399390450194
281.0, 1.3174727017565815
282.0, 1.3085615407447615
ee_dist
0.0, 1.4933194395565594
1.0, 1.5584016411274322
2.0, 1.669532123598937
3.0, 1.7631561473012707
4.0, 1.7955649844786647
5.0, 1.8214357271400614
6.0, 1.8534862222209267
7.0, 1.8865748880436313
8.0, 1.9212337784059468
9.0, 1.9541939711328866
10.0, 1.9913418440684512
11.0, 2.0249016361371863
12.0, 2.0551833018039436
13.0, 2.090611963671165
14.0, 2.1164604074098405
15.0, 2.142922322585139
16.0, 2.167869225458296
17.0, 2.195318847520086
18.0, 2.2167274651763718
19.0, 2.2359679155068295
20.0, 2.2551859586867637
21.0, 2.224890499177099
22.0, 2.1831750429293035
23.0, 2.138236508305563
24.0, 2.0896506319531487
25.0, 2.0377216586808884
26.0, 1.9826169262834061
27.0, 1.9247053862785652
28.0, 1.8642268481482849
29.0, 1.801669446499882
30.0, 1.7373717117874883
31.0, 1.6719687615146996
32.0, 1.6059375435138665
33.0, 1.5400916260059796
34.0, 1.4751027662838827
35.0, 1.4120137203221241
36.0, 1.3517598646347186
37.0, 1.295644196185435
38.0, 1.244872259169588
39.0, 1.2008856666947214
40.0, 1.1650367833840414
41.0, 1.1652448880974444
42.0, 1.0367293317638173
43.0, 0.7362190236317921
44.0, 0.6892373927668377
45.0, 0.642396800509113
46.0, 0.594795902972272
47.0, 0.5466289412168468
48.0, 0.4995737760503529
49.0, 0.45382031765112646
50.0, 0.41152431374710696
51.0, 0.3747761024472281
52.0, 0.3456568399417167
53.0, 0.3265278373018589
54.0, 0.31986213767003296
55.0, 0.3267630776453515
56.0, 0.34692749665503536
57.0, 0.37753167207240623
58.0, 0.34947790943975915
59.0, 0.3034533637459038
60.0, 0.270396361627272
61.0, 0.26533872005399733
62.0, 0.2969692018635964
63.0, 0.3553259116783361
64.0, 0.4240538721888738
65.0, 0.48565467298079806
66.0, 0.5450895517698762
67.0, 0.6038569121346674
68.0, 0.6564611185526624
69.0, 0.7070865530767316
70.0, 0.7560425060703015
71.0, 0.803339948404484
72.0, 0.8504919515202862
73.0, 0.9052218395034438
74.0, 0.9643506909298701
75.0, 1.034957814075166
76.0, 1.1152515510338394
77.0, 1.2054901633350952
78.0, 1.3011937833779346
79.0, 1.3974540572102987
80.0, 1.4896289760880246
81.0, 1.5681211830183661
82.0, 1.6329222747080014
83.0, 1.6972845849010045
84.0, 1.7581070114268202
85.0, 1.817439096265299
86.0, 1.8756725856924985
87.0, 1.9327074417722636
88.0, 1.9685485112613101
89.0, 2.0088539224139925
90.0, 2.0488031618026668
91.0, 2.1004120746221004
92.0, 2.1938433875276058
93.0, 2.291486525826195
94.0, 2.3983662836821638
95.0, 2.502857707373146
96.0, 2.605372198695692
97.0, 2.6940206974566308
98.0, 2.768213442523086
99.0, 2.835627888411976
100.0, 2.903586313569208
101.0, 2.9662140298440116
102.0, 3.0308926457821914
103.0, 3.0916037835730203
104.0, 3.1557385567282696
105.0, 3.2231715591582657
106.0, 3.297968192298767
107.0, 3.376556057103873
108.0, 3.468387784877863
109.0, 3.567485322901932
110.0, 3.687643767384744
111.0, 3.7783712247019574
112.0, 3.8836332972397742
113.0, 3.9769027025059587
114.0, 4.053638030968913
115.0, 4.125087005497029
116.0, 4.187962574895655
117.0, 4.252093673664318
118.0, 4.316558492234272
119.0, 4.378444298480007
120.0, 4.4419491581900115
121.0, 4.508543755993394
122.0, 4.5833889745397824
123.0, 4.658770013428194
124.0, 4.749621047511336
125.0, 4.793947305820585
126.0, 4.841304484262672
127.0, 4.885217859808248
128.0, 4.931547937855007
129.0, 4.973848224841179
130.0, 5.017992810044201
131.0, 5.057581590228537
132.0, 5.098496392496062
133.0, 5.134391309751367
134.0, 5.171152968128827
135.0, 5.202500169040407
136.0, 5.234316033105353
137.0, 5.260390796807777
138.0, 5.286601780760176
139.0, 5.30681593734554
140.0, 5.326901194539755
141.0, 5.34080438422788
142.0, 5.3543763058581995
143.0, 4.667244593619255
144.0, 4.6561022721230625
145.0, 4.650600982727845
146.0, 4.644851841255443
147.0, 4.644911507516841
148.0, 4.644668439083693
149.0, 4.650304222457721
150.0, 4.655568903478852
151.0, 4.576042070299703
152.0, 4.4935058525862335
153.0, 4.414144679438752
154.0, 4.331785798507849
155.0, 4.25261520738457
156.0, 4.1704551741675475
157.0, 4.091497844215744
158.0, 4.009561089385432
159.0, 3.93084337467566
160.0, 3.849158286362454
161.0, 3.7707106049215615
162.0, 3.689310845079068
163.0, 3.6111694309506057
164.0, 3.5300943201871986
165.0, 3.452301492006712
166.0, 3.3715978563178037
167.0, 3.385236975912522
168.0, 3.3075647114977937
169.0, 3.2332646994590317
170.0, 3.1563218950378293
171.0, 3.082802043487589
172.0, 3.0067097781951806
173.0, 2.917288640040555
174.0, 2.950974847325928
175.0, 2.880806661442609
176.0, 2.800451048981688
177.0, 2.8326106948653726
178.0, 2.8517467983702867
179.0, 2.876658585474624
180.0, 2.9008205442497235
181.0, 2.8553573143732365
182.0, 2.828559102056863
183.0, 2.805686427976471
184.0, 2.782178865439457
185.0, 2.7633810690237217
186.0, 2.7440161570726556
187.0, 2.7299977340044315
188.0, 2.653490194468337
189.0, 2.6417180713333197
190.0, 2.562502771271738
191.0, 2.48680210308288
192.0, 2.4083669198376216
193.0, 2.333514177312715
194.0, 2.256013978325206
195.0, 2.182188471248633
196.0, 2.105830599375382
197.0, 2.0332634320458713
198.0, 1.9583159877420533
199.0, 1.887307446033359
200.0, 1.8141212898094996
201.0, 1.7450656604622248
202.0, 1.6741045822013414
203.0, 1.5912975036234256
204.0, 1.5412872699150815
205.0, 1.4759372272431617
206.0, 1.411555405433825
207.0, 1.3522439882626143
208.0, 1.2925673649169434
209.0, 1.2385916570394988
210.0, 1.1851340141156883
211.0, 1.1380737008783905
212.0, 1.0926620613758866
213.0, 1.0678338587155274
214.0, 1.020157109244981
215.0, 0.9799797429389484
216.0, 0.9520435363996467
217.0, 0.9284060293578673
218.0, 0.9037913044418251
219.0, 0.8845974206985103
220.0, 0.8646289410980041
221.0, 0.8510717692215514
222.0, 0.836982191967935
223.0, 0.83005359530032
224.0, 0.822809992493552
225.0, 0.823094319184285
226.0, 0.8232035159142316
227.0, 0.8307399997228733
228.0, 0.8381291389503652
229.0, 0.8401334043036337
230.0, 0.8381316724329616
231.0, 0.8401343529790433
232.0, 0.8381311390637346
233.0, 0.8401343779433694
234.0, 0.8381310897646151
235.0, 0.8401343779433694
236.0, 0.8381310897646151
237.0, 0.8401343779433694
238.0, 0.8381311144141669
239.0, 0.8401343779433694
240.0, 0.8376633310192503
241.0, 0.8401255390454826
242.0, 0.8381243367614246
243.0, 0.8539647953861685
244.0, 0.8695389390392699
245.0, 0.8858274518188324
246.0, 0.9036423252428545
247.0, 0.9223524920293994
248.0, 0.9425290198002423
249.0, 0.9633495926567853
250.0, 0.9855460935264525
251.0, 1.0081666814911363
252.0, 1.031950078229634
253.0, 1.0558996433419106
254.0, 1.0805819636784422
255.0, 1.1052353032533988
256.0, 1.1303982202703111
257.0, 1.1551981828913194
258.0, 1.180213001211751
259.0, 1.2045968985722388
260.0, 1.2289246509094456
261.0, 1.252441960968297
262.0, 1.2756808911990727
263.0, 1.249197873747682
264.0, 1.2150898508180366
265.0, 1.179245523104003
266.0, 1.1412201774088675
267.0, 1.1013530859388028
268.0, 1.0595320325165276
269.0, 1.0161397013084046
270.0, 0.9710598439984462
271.0, 0.924753795972471
272.0, 0.8771144031125564
273.0, 0.8286986451963427
274.0, 0.7794435715557261
275.0, 0.7299829972291987
276.0, 0.6712696652932482
277.0, 0.6213957587423429
278.0, 0.5714683806027492
279.0, 0.5249682663960482
280.0, 0.48036796779261604
281.0, 0.43009205979526643
282.0, 0.37104046083848286
ee_box_dist
0.0, 0.5575707657653017
1.0, 0.613147673732866
2.0, 0.643669054619358
3.0, 0.6829850393465733
4.0, 0.7215914679964378
5.0, 0.7593088885288988
6.0, 0.7975661661888243
7.0, 0.8340325932988084
8.0, 0.8685607790639858
9.0, 0.900194600470691
10.0, 0.9347090773206512
11.0, 0.9650106462915947
12.0, 0.9915569962529335
13.0, 1.0227306984263254
14.0, 1.0446581099994867
15.0, 1.0670897416995868
16.0, 1.087893334531548
17.0, 1.1110065797595232
18.0, 1.1287440578766348
19.0, 1.144483369467692
20.0, 1.1602823450134405
21.0, 1.140379148687529
22.0, 1.113082159030544
23.0, 1.0831585098920848
24.0, 1.0502245846078708
25.0, 1.0144508344242587
26.0, 0.975809033946529
27.0, 0.9344916322371827
28.0, 0.890465109428312
29.0, 0.8439590515063428
30.0, 0.7949369833414888
31.0, 0.7436717544690897
32.0, 0.690129642136158
33.0, 0.6346395843258325
34.0, 0.5771889868807135
35.0, 0.5181480599378655
36.0, 0.4575145840365608
37.0, 0.3956942501024078
38.0, 0.33285253714289836
39.0, 0.2697110973060497
40.0, 0.2070390363503972
41.0, 0.08025340332550794
42.0, 0.08271622833294716
43.0, 0.08289976059370412
44.0, 0.08294117808326783
45.0, 0.08239894495520507
46.0, 0.08295869318164105
47.0, 0.08301441858936323
48.0, 0.08297607832572773
49.0, 0.0830152486197911
50.0, 0.0828881187883016
51.0, 0.08317338034790876
52.0, 0.08294072490416668
53.0, 0.0830006839450753
54.0, 0.08297310992292334
55.0, 0.08299703954277354
56.0, 0.08293040386322978
57.0, 0.0829646800002911
58.0, 0.08297162772841019
59.0, 0.08298749614494971
60.0, 0.08297460853971456
61.0, 0.08298711789514927
62.0, 0.08297699796938612
63.0, 0.08298635997889965
64.0, 0.08297930791454344
65.0, 0.08298552026084685
66.0, 0.08298135312412813
67.0, 0.0829851581624888
68.0, 0.08298351189554383
69.0, 0.08298515752727412
70.0, 0.08298587672345097
71.0, 0.08298557431678183
72.0, 0.08298841588253102
73.0, 0.08298615308268635
74.0, 0.08299114366061922
75.0, 0.08298777582055518
76.0, 0.08299418662967441
77.0, 0.08298992757281505
78.0, 0.08299801496832
79.0, 0.08299308315979684
80.0, 0.08300222451586833
81.0, 0.0829969632996396
82.0, 0.08300735116705349
83.0, 0.08300193200742456
84.0, 0.08301329606828098
85.0, 0.08300797473112474
86.0, 0.08829233774228865
87.0, 0.12419641579127207
88.0, 0.13520348784195077
89.0, 0.1335893508600686
90.0, 0.12913330483458893
91.0, 0.12439467019391329
92.0, 0.12265802940548388
93.0, 0.12492999340254043
94.0, 0.12270228167025743
95.0, 0.12492264407990683
96.0, 0.12270235683237238
97.0, 0.124922396216465
98.0, 0.12270231747584429
99.0, 0.1249225002455693
100.0, 0.12270227275619519
101.0, 0.12421256237411192
102.0, 0.12268574388291603
103.0, 0.12492287877202328
104.0, 0.12270238187376087
105.0, 0.1249225002455693
106.0, 0.12270250530645956
107.0, 0.12492248034296627
108.0, 0.12270227275619519
109.0, 0.12316258606361864
110.0, 0.09390354745475608
111.0, 0.12281679545467329
112.0, 0.12263533031488474
113.0, 0.12492929809091051
114.0, 0.12270238697126666
115.0, 0.08623742470759715
116.0, 0.12020362875691701
117.0, 0.12478454094165209
118.0, 0.12270360095301915
119.0, 0.1249225258841594
120.0, 0.12270243554547752
121.0, 0.1249225201481763
122.0, 0.12270237651064254
123.0, 0.1249225002455693
124.0, 0.12270227275619519
125.0, 0.1249224360216734
126.0, 0.12270231747584429
127.0, 0.1249224360216734
128.0, 0.12270231747584429
129.0, 0.1249224360216734
130.0, 0.12270235683237238
131.0, 0.1249224559242835
132.0, 0.12270235683237238
133.0, 0.1249225201481763
134.0, 0.12270246594993565
135.0, 0.12492248034296627
136.0, 0.12270227275619519
137.0, 0.1249224360216734
138.0, 0.12270227275619519
139.0, 0.1249224559242835
140.0, 0.12270235683237238
141.0, 0.1249224360216734
142.0, 0.12270231747584429
143.0, 0.12033797193162411
144.0, 0.11939410719088565
145.0, 0.12073209113028638
146.0, 0.11941747855410687
147.0, 0.12073637054739156
148.0, 0.11941824605752939
149.0, 0.1207360549038029
150.0, 0.11941768990455019
151.0, 0.12073586738491092
152.0, 0.11941821811812559
153.0, 0.1207362207734493
154.0, 0.11941817334395995
155.0, 0.12073597815104722
156.0, 0.11941817334395995
157.0, 0.12073597815104722
158.0, 0.11941821811812559
159.0, 0.12073613177276968
160.0, 0.11941817334395995
161.0, 0.12073597815104722
162.0, 0.11941821811812559
163.0, 0.1207362610151136
164.0, 0.11941828226277246
165.0, 0.1207362610151136
166.0, 0.11941828226277246
167.0, 0.12073475658177439
168.0, 0.11941733168574235
169.0, 0.12073505507339806
170.0, 0.11941770651849246
171.0, 0.12073498379642744
172.0, 0.11941741393140078
173.0, 0.09159667233587356
174.0, 0.11787369849300096
175.0, 0.12081736910694725
176.0, 0.07888469305532331
177.0, 0.11886113212775047
178.0, 0.1193247658143884
179.0, 0.12071219813491711
180.0, 0.11940980827181634
181.0, 0.12072924954848997
182.0, 0.1194129778528656
183.0, 0.12073139129128858
184.0, 0.11941545601761808
185.0, 0.12073377187357917
186.0, 0.11941709197780712
187.0, 0.12073503068594808
188.0, 0.11941829151517774
189.0, 0.12073577725856216
190.0, 0.11941851208853098
191.0, 0.1207363173834115
192.0, 0.11941863702474495
193.0, 0.12073645383265166
194.0, 0.11941846731453508
195.0, 0.12073645383265166
196.0, 0.11941846731453508
197.0, 0.12073659028220841
198.0, 0.11941846731453508
199.0, 0.12073645383265166
200.0, 0.11941846731453508
201.0, 0.12073645383265166
202.0, 0.11941846731453508
203.0, 0.09146163956369179
204.0, 0.11787506755436453
205.0, 0.12081944918028395
206.0, 0.11942537097016354
207.0, 0.12073786598612302
208.0, 0.11941863702474495
209.0, 0.12073659028220841
210.0, 0.11941855686253984
211.0, 0.1207363173834115
212.0, 0.11941846731453508
213.0, 0.1207360107536615
214.0, 0.1194186599939444
215.0, 0.12073668163164572
216.0, 0.11941885115253399
217.0, 0.12073626158008144
218.0, 0.11941791928227935
219.0, 0.12073669164931382
220.0, 0.11941803863151539
221.0, 0.12073609828510005
222.0, 0.11941706006704061
223.0, 0.12073639892415143
224.0, 0.119417402696942
225.0, 0.1207359951266181
226.0, 0.11941786005267323
227.0, 0.12073546430346685
228.0, 0.11941762616258308
229.0, 0.12484910972592854
230.0, 0.12270277279132001
231.0, 0.12492418532303537
232.0, 0.12270445525750844
233.0, 0.12492406631857994
234.0, 0.12270413853052356
235.0, 0.12492406631857994
236.0, 0.12270413853052356
237.0, 0.12492406631857994
238.0, 0.12270436581549603
239.0, 0.12492406631857994
240.0, 0.12065645627447143
241.0, 0.12456729327668686
242.0, 0.12270534379457629
243.0, 0.08109215739893127
244.0, 0.07828108598758807
245.0, 0.07617361030741163
246.0, 0.0747474483388149
247.0, 0.07280047335485296
248.0, 0.07205793202767398
249.0, 0.07037170333772387
250.0, 0.07019475891468788
251.0, 0.06874690514298212
252.0, 0.06890866739777686
253.0, 0.06755247581449023
254.0, 0.06788482965832866
255.0, 0.06653590004031987
256.0, 0.06693320680159767
257.0, 0.06551619165262386
258.0, 0.06591503175333413
259.0, 0.06440048984324546
260.0, 0.06478461485145316
261.0, 0.06317500707752753
262.0, 0.0635597236067152
263.0, 0.07987025988394728
264.0, 0.08058767497556164
265.0, 0.08077580802392155
266.0, 0.08109289675365759
267.0, 0.081246582276907
268.0, 0.08152524107369177
269.0, 0.0816449743588785
270.0, 0.08187806513090365
271.0, 0.0819575725952508
272.0, 0.08213938164692093
273.0, 0.08217280602898297
274.0, 0.08230059944765956
275.0, 0.0822844004969114
276.0, 0.08196190686248485
277.0, 0.082271431744865
278.0, 0.08230455849500369
279.0, 0.08218725211293418
280.0, 0.08215899324007442
281.0, 0.08266643677759815
282.0, 0.0821808634345981
spot_hold
0, 0
1, 0
2, 0
3, 0
4, 0
5, 0
6, 0
7, 0
8, 0
9, 0
10, 0
11, 0
12, 0
13, 0
14, 0
15, 0
16, 0
17, 0
18, 0
19, 0
20, 0
21, 0
22, 0
23, 0
24, 0
25, 0
26, 0
27, 0
28, 0
29, 0
30, 0
31, 0
32, 0
33, 0
34, 0
35, 0
36, 0
37, 0
38, 0
39, 0
40, 0
41, 1
42, 1
43, 1
44, 1
45, 1
46, 1
47, 1
48, 1
49, 1
50, 1
51, 1
52, 1
53, 1
54, 1
55, 1
56, 1
57, 1
58, 1
59, 1
60, 1
61, 1
62, 1
63, 1
64, 1
65, 1
66, 1
67, 1
68, 1
69, 1
70, 1
71, 1
72, 1
73, 1
74, 1
75, 1
76, 1
77, 1
78, 1
79, 1
80, 1
81, 1
82, 1
83, 1
84, 1
85, 1
86, 1
87, 1
88, 1
89, 1
90, 1
91, 1
92, 1
93, 1
94, 1
95, 1
96, 1
97, 1
98, 1
99, 1
100, 1
101, 1
102, 1
103, 1
104, 1
105, 1
106, 1
107, 1
108, 1
109, 1
110, 1
111, 1
112, 1
113, 1
114, 1
115, 1
116, 1
117, 1
118, 1
119, 1
120, 1
121, 1
122, 1
123, 1
124, 1
125, 1
126, 1
127, 1
128, 1
129, 1
130, 1
131, 1
132, 1
133, 1
134, 1
135, 1
136, 1
137, 1
138, 1
139, 1
140, 1
141, 1
142, 1
143, 1
144, 1
145, 1
146, 1
147, 1
148, 1
149, 1
150, 1
151, 1
152, 1
153, 1
154, 1
155, 1
156, 1
157, 1
158, 1
159, 1
160, 1
161, 1
162, 1
163, 1
164, 1
165, 1
166, 1
167, 1
168, 1
169, 1
170, 1
171, 1
172, 1
173, 1
174, 1
175, 1
176, 1
177, 1
178, 1
179, 1
180, 1
181, 1
182, 1
183, 1
184, 1
185, 1
186, 1
187, 1
188, 1
189, 1
190, 1
191, 1
192, 1
193, 1
194, 1
195, 1
196, 1
197, 1
198, 1
199, 1
200, 1
201, 1
202, 1
203, 1
204, 1
205, 1
206, 1
207, 1
208, 1
209, 1
210, 1
211, 1
212, 1
213, 1
214, 1
215, 1
216, 1
217, 1
218, 1
219, 1
220, 1
221, 1
222, 1
223, 1
224, 1
225, 1
226, 1
227, 1
228, 1
229, 1
230, 1
231, 1
232, 1
233, 1
234, 1
235, 1
236, 1
237, 1
238, 1
239, 1
240, 1
241, 1
242, 1
243, 1
244, 1
245, 1
246, 1
247, 1
248, 1
249, 1
250, 1
251, 1
252, 1
253, 1
254, 1
255, 1
256, 1
257, 1
258, 1
259, 1
260, 1
261, 1
262, 1
263, 1
264, 1
265, 1
266, 1
267, 1
268, 1
269, 1
270, 1
271, 1
272, 1
273, 1
274, 1
275, 1
276, 1
277, 1
278, 1
279, 1
280, 1
281, 1
282, 1
