bot_dist
0.0, 3.093404120526522
1.0, 3.0976683293756886
2.0, 3.1019589155724248
3.0, 3.1062757698145087
4.0, 3.110618782739144
5.0, 3.114987844932589
6.0, 3.1193828469396583
7.0, 3.12380367927313
8.0, 3.1282502324230226
9.0, 3.132722396865772
10.0, 3.1372200630732836
11.0, 3.141743121521876
12.0, 3.14629146270111
13.0, 3.1508649771224935
14.0, 3.155463555328084
15.0, 3.1600870878989635
16.0, 3.1647354654636035
17.0, 3.169408578706111
18.0, 3.174106318374358
19.0, 3.1788284624118113
20.0, 3.183575013432758
21.0, 3.1883458624317815
22.0, 3.1931409004985776
23.0, 3.1979600188255017
24.0, 3.202803108715001
25.0, 3.2076700615869256
26.0, 3.2125607689857323
27.0, 3.2174751225875635
28.0, 3.222413014207218
29.0, 3.227374335805
30.0, 3.2323589794934624
31.0, 3.2373668375440245
32.0, 3.2423978023934863
33.0, 3.2474517666504226
34.0, 3.2525286231014667
35.0, 3.2576282647174812
36.0, 3.262750584659615
37.0, 3.2678954762852537
38.0, 3.2730628331538516
39.0, 3.278252549032661
40.0, 3.2834645179023476
41.0, 3.288698633962495
42.0, 3.2939547916370073
43.0, 3.2992328855793955
44.0, 3.304532810677966
45.0, 3.3098544620608967
46.0, 3.315197735101206
47.0, 3.320562525421624
48.0, 3.3259487288993546
49.0, 3.3313562416707345
50.0, 3.336784960135792
51.0, 3.3422347809627038
52.0, 3.347705601092147
53.0, 3.353197317741558
54.0, 3.3587098284092898
55.0, 3.364243030878667
56.0, 3.3697968232219457
57.0, 3.3753711038041865
58.0, 3.380965771287014
59.0, 3.3865807246322994
60.0, 3.3922158631057355
61.0, 3.397871086280332
62.0, 3.403546294039808
63.0, 3.4092413865818982
64.0, 3.414956264421574
65.0, 3.4206908283941666
66.0, 3.4264449796584087
67.0, 3.432218619699391
68.0, 3.438011650331424
69.0, 3.443823973700825
70.0, 3.4496554922886147
71.0, 3.455506108913137
72.0, 3.4613757267325855
73.0, 3.467264249247466
74.0, 3.473171580302964
75.0, 3.4790976240912395
76.0, 3.4850422851536473
77.0, 3.491005468382876
78.0, 3.4969870790250073
79.0, 3.5029870226815136
80.0, 3.5090052053111673
81.0, 3.5150415332318867
82.0, 3.5210959131225046
83.0, 3.527168252024472
84.0, 3.5332584573434853
85.0, 3.539366436851049
86.0, 3.545492098685971
87.0, 3.5516353513557855
88.0, 3.55779610373812
89.0, 3.5639742650819883
90.0, 3.5701697450090206
91.0, 3.5763824535146385
92.0, 3.5826123009691577
93.0, 3.5888591981188385
94.0, 3.595123056086869
95.0, 3.6014037863742967
96.0, 3.607701300860893
97.0, 3.614015511805971
98.0, 3.620346331849136
99.0, 3.626693674010992
100.0, 3.6330574516937837
101.0, 3.6330574516937837
102.0, 3.6330574516937837
103.0, 3.6330574516937837
104.0, 3.6330574516937837
105.0, 3.6330574516937837
106.0, 3.6330574516937837
107.0, 3.6330574516937837
108.0, 3.6330574516937837
109.0, 3.6330574516937837
110.0, 3.6330574516937837
111.0, 3.6330574516937837
112.0, 3.6330574516937837
113.0, 3.6330574516937837
114.0, 3.6330574516937837
115.0, 3.6330574516937837
116.0, 3.6330574516937837
117.0, 3.6330574516937837
118.0, 3.6330574516937837
119.0, 3.6330574516937837
120.0, 3.6330574516937837
121.0, 3.6330574516937837
122.0, 3.6330574516937837
123.0, 3.6330574516937837
124.0, 3.6330574516937837
125.0, 3.6330574516937837
126.0, 3.6330574516937837
127.0, 3.6330574516937837
128.0, 3.6330574516937837
129.0, 3.6330574516937837
130.0, 3.6330574516937837
131.0, 3.626693674010992
132.0, 3.620346331849136
133.0, 3.614015511805971
134.0, 3.607701300860893
135.0, 3.6014037863742967
136.0, 3.595123056086869
137.0, 3.5888591981188385
138.0, 3.5826123009691577
139.0, 3.5763824535146385
140.0, 3.5701697450090206
141.0, 3.5639742650819883
142.0, 3.55779610373812
143.0, 3.5562027744806564
144.0, 3.5500674255665103
145.0, 3.543949672121696
146.0, 3.53784960542602
147.0, 3.5317673171251176
148.0, 3.525702899229002
149.0, 3.5196564441105544
150.0, 3.51362804450395
151.0, 3.424419357734304
152.0, 3.3352460236464787
153.0, 3.246110907935515
154.0, 3.1570172994005117
155.0, 3.0679688141404147
156.0, 2.978969498684078
157.0, 2.890023895639942
158.0, 2.801137121666404
159.0, 2.712314960529677
160.0, 2.6235639747443806
161.0, 2.5348916402418165
162.0, 2.4463065097585455
163.0, 2.3578184122900776
164.0, 2.269438698160638
165.0, 2.1811805422320902
166.0, 2.0930593218164115
167.0, 2.087679178709125
168.0, 2.000822598664716
169.0, 1.9142992474242686
170.0, 1.8281562103655997
171.0, 1.7424498941877757
172.0, 1.6572480567070118
173.0, 1.572632694754511
174.0, 1.5680889119149872
175.0, 1.48667779889118
176.0, 1.4064412264055255
177.0, 1.4024532814413422
178.0, 1.3985254697489886
179.0, 1.3946582993931527
180.0, 1.3908522762012876
181.0, 1.3298995268275011
182.0, 1.326636332209664
183.0, 1.3234406537657586
184.0, 1.3203129817432295
185.0, 1.3172538005631214
186.0, 1.3142635884992047
187.0, 1.3113428173556134
188.0, 1.2322482592054727
189.0, 1.2297148577652963
190.0, 1.1498546159043799
191.0, 1.0714755769472084
192.0, 0.9949277903049171
193.0, 0.9206681408067872
194.0, 0.8492970415120705
195.0, 0.7816061831860175
196.0, 0.7186362836073625
197.0, 0.6617364371774592
198.0, 0.6126003902288686
199.0, 0.5732281269945985
200.0, 0.5457369830750318
201.0, 0.531972128464329
202.0, 0.5329980843106551
203.0, 0.5487318944108466
204.0, 0.5779736565428683
205.0, 0.6188113808102428
206.0, 0.6691252678175842
207.0, 0.7269503729227719
208.0, 0.7906403651484593
209.0, 0.8588915245597373
210.0, 0.9307009383082941
211.0, 1.0053063094685326
212.0, 1.0821296463985215
213.0, 1.0911954868971845
214.0, 1.165868092510584
215.0, 1.2423681268981732
216.0, 1.2511522906478354
217.0, 1.2599545845821407
218.0, 1.2687746313593924
219.0, 1.277612063307226
220.0, 1.2864665221413696
221.0, 1.295337658692996
222.0, 1.3042251326444267
223.0, 1.3131286122729453
224.0, 1.3220477742024859
225.0, 1.330982303162969
226.0, 1.339931891757053
227.0, 1.3488962402340832
228.0, 1.3578750562710231
229.0, 1.3668680547601524
230.0, 1.3758749576033238
231.0, 1.3758749576033238
232.0, 1.3758749576033238
233.0, 1.3758749576033238
234.0, 1.3758749576033238
235.0, 1.3758749576033238
236.0, 1.3758749576033238
237.0, 1.3758749576033238
238.0, 1.3758749576033238
239.0, 1.3758749576033238
240.0, 1.3758749576033238
241.0, 1.3758749576033238
242.0, 1.3758749576033238
243.0, 1.3758749576033238
244.0, 1.3758749576033238
245.0, 1.3758749576033238
246.0, 1.3758749576033238
247.0, 1.3758749576033238
248.0, 1.3758749576033238
249.0, 1.3758749576033238
250.0, 1.3758749576033238
251.0, 1.3758749576033238
252.0, 1.3758749576033238
253.0, 1.3758749576033238
254.0, 1.3758749576033238
255.0, 1.3758749576033238
256.0, 1.3758749576033238
257.0, 1.3758749576033238
258.0, 1.3758749576033238
259.0, 1.3758749576033238
260.0, 1.3758749576033238
261.0, 1.3668680547601524
262.0, 1.3578750562710231
263.0, 1.3488962402340832
264.0, 1.339931891757053
265.0, 1.330982303162969
266.0, 1.3220477742024859
267.0, 1.3131286122729453
268.0, 1.3042251326444267
269.0, 1.295337658692996
270.0, 1.2864665221413696
271.0, 1.277612063307226
272.0, 1.2687746313593924
273.0, 1.2599545845821407
274.0, 1.2511522906478354
275.0, 1.2423681268981732
276.0, 1.2336024806342611
277.0, 1.2248557494157868
278.0, 1.2161283413695252
279.0, 1.207420882870895
280.0, 1.1987335958092613
281.0, 1.1900669219289315
282.0, 1.1814213148726969
ee_dist
0.0, 1.0297553058285256
1.0, 1.0568260415802515
2.0, 1.1459425152464364
3.0, 1.2285520285495226
4.0, 1.2569807110180302
5.0, 1.2824690401100802
6.0, 1.31635555558871
7.0, 1.3515211115044272
8.0, 1.3870538798340724
9.0, 1.4218739062481536
10.0, 1.4562745283684202
11.0, 1.488554952755675
12.0, 1.5196372741626447
13.0, 1.5479960248315325
14.0, 1.575624596102146
15.0, 1.600312148750457
16.0, 1.6245706110579416
17.0, 1.6457881928372462
18.0, 1.66703259936121
19.0, 1.6853487035706518
20.0, 1.7041251218843654
21.0, 1.6789016482996977
22.0, 1.64300137030767
23.0, 1.6041205262302047
24.0, 1.5617665433813288
25.0, 1.5161463166308884
26.0, 1.4673053895692711
27.0, 1.4154888028107087
28.0, 1.360779986290426
29.0, 1.3035083540492416
30.0, 1.2438148639630833
31.0, 1.1821386889605998
32.0, 1.1187138088696056
33.0, 1.0541270263171938
34.0, 0.9887772181521499
35.0, 0.923502240656431
36.0, 0.8575238152663697
37.0, 0.7956432845863752
38.0, 0.7364958824435627
39.0, 0.6826744363737678
40.0, 0.6360514723585032
41.0, 0.6364571953125121
42.0, 0.7250341544952941
43.0, 1.0598537537496706
44.0, 1.0178773754945925
45.0, 0.9744592381918432
46.0, 0.9286413435484856
47.0, 0.8809059341726
48.0, 0.8309024366394293
49.0, 0.7790275874293108
50.0, 0.7255581281442867
51.0, 0.6712169990506579
52.0, 0.6162017432026751
53.0, 0.56066358932728
54.0, 0.5048809736586474
55.0, 0.4491699784687017
56.0, 0.39486946111076493
57.0, 0.34263908333957327
58.0, 0.3845405079096739
59.0, 0.45435679735140844
60.0, 0.5343495779790169
61.0, 0.6237866482078418
62.0, 0.7171531660755018
63.0, 0.8090858873767237
64.0, 0.8952553634750944
65.0, 0.9623035944018625
66.0, 1.019831648023786
67.0, 1.0781930660214083
68.0, 1.1315834650984662
69.0, 1.1841866911358552
70.0, 1.2368004744419339
71.0, 1.287631086251989
72.0, 1.34269934998669
73.0, 1.4033274222951915
74.0, 1.4685794802913035
75.0, 1.544894529226152
76.0, 1.630460242723606
77.0, 1.7253795755748378
78.0, 1.8246692594402256
79.0, 1.9231806291910019
80.0, 2.0165441069644565
81.0, 2.0948870005285385
82.0, 2.1584816129274182
83.0, 2.2210666330069238
84.0, 2.2810069973888893
85.0, 2.340050154001334
86.0, 2.3999241910789504
87.0, 2.4603672452887704
88.0, 2.496925879889821
89.0, 2.5381675398279286
90.0, 2.579661690263759
91.0, 2.634003718670539
92.0, 2.72851692719028
93.0, 2.8297322529917044
94.0, 2.9370069637499086
95.0, 3.0442346296178324
96.0, 3.145883146295708
97.0, 3.236011449813572
98.0, 3.308236055050432
99.0, 3.3759993913074933
100.0, 3.441834137065078
101.0, 3.505717954323824
102.0, 3.5687586981297357
103.0, 3.6312361600829703
104.0, 3.6949409553528674
105.0, 3.764506331433229
106.0, 3.838894006708142
107.0, 3.919981088756849
108.0, 4.011368592529675
109.0, 4.111312387922277
110.0, 4.217921359322899
111.0, 4.326399548135744
112.0, 4.429588137310005
113.0, 4.524439719940012
114.0, 4.599345314727111
115.0, 4.670297952815122
116.0, 4.733002846584639
117.0, 4.7975214614572765
118.0, 4.8405843698576625
119.0, 4.882992534167795
120.0, 4.9247576032462215
121.0, 4.965280849928969
122.0, 5.004642864991051
123.0, 5.042274876047469
124.0, 5.078282613949612
125.0, 5.112128198304447
126.0, 5.1439440094516025
127.0, 5.173229609750269
128.0, 5.200141771014802
129.0, 5.224218349942173
130.0, 5.2456436543972575
131.0, 5.263993008113183
132.0, 5.2794789634672785
133.0, 5.291714829801612
134.0, 5.300940879650548
135.0, 5.306808758108275
136.0, 5.3095854084076395
137.0, 5.308964356817246
138.0, 5.305238406438315
139.0, 5.2981384709152355
140.0, 5.287985904577595
141.0, 5.274551587176835
142.0, 5.258184090712886
143.0, 4.5920511999396245
144.0, 4.579323805878368
145.0, 4.569813261347474
146.0, 4.562471387187653
147.0, 4.558381001427291
148.0, 4.556573588216222
149.0, 4.558082872379566
150.0, 4.561865101112827
151.0, 4.479736466899099
152.0, 4.397117885090246
153.0, 4.315060705650807
154.0, 4.232518082404632
155.0, 4.15054370752762
156.0, 4.068086311526777
157.0, 3.98620483832161
158.0, 3.9038441019547814
159.0, 3.82206782961023
160.0, 3.739816428768791
161.0, 3.658159812827537
162.0, 3.576032919128933
163.0, 3.494512312020924
164.0, 3.412528609149995
165.0, 3.3311644544374204
166.0, 3.249345539786436
167.0, 3.258243161182949
168.0, 3.178485685986645
169.0, 3.0994679202754285
170.0, 3.020123778672827
171.0, 2.941560099798647
172.0, 2.86270492392726
173.0, 2.7846738719463877
174.0, 2.7972679706772974
175.0, 2.7226317867357457
176.0, 2.647952327924532
177.0, 2.6643893701157455
178.0, 2.682701704418834
179.0, 2.703743824049926
180.0, 2.7263226850620725
181.0, 2.671755217090774
182.0, 2.6482340320787103
183.0, 2.6271528300838707
184.0, 2.6077471238453604
185.0, 2.5912191292274143
186.0, 2.5766768033360816
187.0, 2.5496021115655343
188.0, 2.487164293453375
189.0, 2.476966846105121
190.0, 2.3925160549382993
191.0, 2.315340980036575
192.0, 2.2339325500162457
193.0, 2.1536281309468674
194.0, 2.072991612083095
195.0, 1.9931709268068916
196.0, 1.913043573178059
197.0, 1.8338192565616402
198.0, 1.754351796119864
199.0, 1.675891188965644
200.0, 1.5972859693363173
201.0, 1.5198303437873393
202.0, 1.4423766143792078
203.0, 1.366276746990382
204.0, 1.290400588689764
205.0, 1.216181022985637
206.0, 1.1425295134668128
207.0, 1.0709976487778379
208.0, 1.0005833786332374
209.0, 0.9330226140980825
210.0, 0.8674769869850363
211.0, 0.8059664911537439
212.0, 0.7479456683190995
213.0, 0.7263999047206745
214.0, 0.666751029273413
215.0, 0.6134697583279377
216.0, 0.5900178775991549
217.0, 0.5698975412969198
218.0, 0.5519466544489686
219.0, 0.5382766514779368
220.0, 0.5275066182830379
221.0, 0.5217380185742898
222.0, 0.5193347698488179
223.0, 0.5221833941003359
224.0, 0.5284119309075922
225.0, 0.5395595547345885
226.0, 0.5536504181727678
227.0, 0.5718766502153952
228.0, 0.5923510374669696
229.0, 0.615984042115193
230.0, 0.6155073004366983
231.0, 0.615872398897208
232.0, 0.6156008778982858
233.0, 0.6158605546973258
234.0, 0.6156099959805567
235.0, 0.6158588233424327
236.0, 0.615611965117566
237.0, 0.6158587948552625
238.0, 0.6156123654094071
239.0, 0.6158587663681143
240.0, 0.6156123239907556
241.0, 0.6158587663681143
242.0, 0.6156123239907556
243.0, 0.6250326709189855
244.0, 0.6360902137060311
245.0, 0.6482507719726948
246.0, 0.6623183427390356
247.0, 0.6775458074481018
248.0, 0.6943781318186079
249.0, 0.7120343626467754
250.0, 0.731025237224087
251.0, 0.750540259882729
252.0, 0.7711072018770678
253.0, 0.7919135665623829
254.0, 0.8134757508736682
255.0, 0.8440213279673946
256.0, 0.8703810717756268
257.0, 0.8962862417473924
258.0, 0.9213942275878009
259.0, 0.9456462353045471
260.0, 0.9691562910379614
261.0, 0.991764571930357
262.0, 1.0135542283166215
263.0, 0.9926582839393254
264.0, 0.9681656359359205
265.0, 0.9427444151372918
266.0, 0.9162300396895818
267.0, 0.8889539491678262
268.0, 0.8608435141886408
269.0, 0.8323407416059889
270.0, 0.8034203980152363
271.0, 0.7745662612429338
272.0, 0.7457686712799996
273.0, 0.7175543170119697
274.0, 0.689952792924535
275.0, 0.6610895022179826
276.0, 0.6236861101214297
277.0, 0.5959079591589505
278.0, 0.5730589470926835
279.0, 0.5514516821571372
280.0, 0.5335238374681732
281.0, 0.5196915062616684
282.0, 0.5106208394668312
ee_box_dist
0.0, 0.5575707657653017
1.0, 0.613147673732866
2.0, 0.643669054619358
3.0, 0.6829850393465733
4.0, 0.7215914679964378
5.0, 0.7593088885288988
6.0, 0.797504748831866
7.0, 0.832878832209322
8.0, 0.8663252917407659
9.0, 0.8980579452169444
10.0, 0.9283697806018562
11.0, 0.956396008821389
12.0, 0.9829835429333162
13.0, 1.0070696256969904
14.0, 1.0303475998391365
15.0, 1.0510637345011686
16.0, 1.0713728267312745
17.0, 1.0890357996342779
18.0, 1.1067823128819754
19.0, 1.1219786502254958
20.0, 1.1376884198462942
21.0, 1.1188253648403528
22.0, 1.092227820765292
23.0, 1.0631022798075676
24.0, 1.031044603118626
25.0, 0.9962202374484629
26.0, 0.9585971754978101
27.0, 0.9183542622743571
28.0, 0.8754555862034121
29.0, 0.8301198859434988
30.0, 0.7823077571946326
31.0, 0.7322805671176754
32.0, 0.6800022805392172
33.0, 0.6257893723432993
34.0, 0.5696289482054123
35.0, 0.5118803655032795
36.0, 0.45596031925389857
37.0, 0.3988739764338052
38.0, 0.33776237619429056
39.0, 0.27779489675967944
40.0, 0.21892796204002932
41.0, 0.08024538991470907
42.0, 0.08289231930464906
43.0, 0.08301833340879228
44.0, 0.08296854438398295
45.0, 0.0830205887078787
46.0, 0.08297552966009998
47.0, 0.08302081163692195
48.0, 0.08298114720522272
49.0, 0.08302031668793
50.0, 0.08298576540971643
51.0, 0.08301951088498205
52.0, 0.08298954316693591
53.0, 0.08301845401945057
54.0, 0.08299294430271328
55.0, 0.08301761612795094
56.0, 0.08299639174331587
57.0, 0.08301652622835705
58.0, 0.08299909187376121
59.0, 0.08301489874598096
60.0, 0.08300089895660151
61.0, 0.08301307465362985
62.0, 0.08300208419872329
63.0, 0.08301075745006835
64.0, 0.08300265236683167
65.0, 0.0830088432465495
66.0, 0.08300353241274654
67.0, 0.08300687783314066
68.0, 0.08300448282769067
69.0, 0.08300569962344796
70.0, 0.08300540648220196
71.0, 0.08300497999672254
72.0, 0.08300655842945592
73.0, 0.08300452461053164
74.0, 0.08300824949108787
75.0, 0.08300456080400966
76.0, 0.08301027506082452
77.0, 0.08300578919622208
78.0, 0.08301294576008669
79.0, 0.083007603726197
80.0, 0.08301609983663694
81.0, 0.08301059880721083
82.0, 0.0830203097923504
83.0, 0.08301442446364564
84.0, 0.08302514167656094
85.0, 0.08301945431118248
86.0, 0.0832724126343538
87.0, 0.1295019549246292
88.0, 0.13578363952957698
89.0, 0.13397579544747093
90.0, 0.12945993828316424
91.0, 0.12327382907385802
92.0, 0.12231328602457736
93.0, 0.12299015599031723
94.0, 0.12228785307934696
95.0, 0.12299147625394245
96.0, 0.12228705477826152
97.0, 0.12299175703215587
98.0, 0.1222868344187585
99.0, 0.12299185966739028
100.0, 0.12228695640472911
101.0, 0.12299184104162877
102.0, 0.12228697483745973
103.0, 0.12299178529386207
104.0, 0.12228687273301524
105.0, 0.12299185966739028
106.0, 0.12228691953928128
107.0, 0.122991794541962
108.0, 0.12228690959847716
109.0, 0.12299187829315615
110.0, 0.12228691953928128
111.0, 0.12299183179350347
112.0, 0.12228693797200295
113.0, 0.12299186891555683
114.0, 0.12228690110656408
115.0, 0.08742497721957172
116.0, 0.12013528046483213
117.0, 0.12295551009205372
118.0, 0.12228523889421916
119.0, 0.1229918219005784
120.0, 0.12228689965773036
121.0, 0.12299193404099626
122.0, 0.12228692803121485
123.0, 0.122991794541962
124.0, 0.12228690110656408
125.0, 0.12299184104162877
126.0, 0.12228691953928128
127.0, 0.12299189691892644
128.0, 0.12228690110656408
129.0, 0.12299183179350347
130.0, 0.12228689116574394
131.0, 0.12299185966739028
132.0, 0.1222868443594961
133.0, 0.1229918224158717
134.0, 0.12228693797200295
135.0, 0.12299185966739028
136.0, 0.12228691953928128
137.0, 0.12299189691892644
138.0, 0.12228693797200295
139.0, 0.12299184104162877
140.0, 0.12228696634555845
141.0, 0.12299187829315615
142.0, 0.12228687273301524
143.0, 0.11917763910527893
144.0, 0.11903687692540775
145.0, 0.11924430537030678
146.0, 0.11903491049251193
147.0, 0.11924615091889994
148.0, 0.11903439270802597
149.0, 0.11924575659694941
150.0, 0.11903335918571248
151.0, 0.11924506547652827
152.0, 0.11903366733727945
153.0, 0.11924505316000349
154.0, 0.11903373240747753
155.0, 0.11924513347024816
156.0, 0.11903373240747753
157.0, 0.119244959969777
158.0, 0.11903367258018357
159.0, 0.11924506693921941
160.0, 0.11903368553665199
161.0, 0.11924513347024816
162.0, 0.11903385206233333
163.0, 0.11924505316000349
164.0, 0.1190339118898952
165.0, 0.11924505316000349
166.0, 0.1190337453640588
167.0, 0.11924436392639808
168.0, 0.11903295007366783
169.0, 0.11924446968155888
170.0, 0.11903277371729704
171.0, 0.11924435657406321
172.0, 0.11903277371729704
173.0, 0.11924435657406321
174.0, 0.11903203590183288
175.0, 0.11924391329550381
176.0, 0.1190320816758452
177.0, 0.11924284469899267
178.0, 0.11903000133087537
179.0, 0.11924078997461406
180.0, 0.11902816468751563
181.0, 0.1192401461321208
182.0, 0.11902925099538982
183.0, 0.11924198057488845
184.0, 0.11903117574125377
185.0, 0.11924360079561681
186.0, 0.11903279249755962
187.0, 0.09706563630574049
188.0, 0.11779768017201384
189.0, 0.11925457175235175
190.0, 0.08332699639626608
191.0, 0.11905142766269784
192.0, 0.11904148002313199
193.0, 0.11924757624153914
194.0, 0.11903431486276238
195.0, 0.11924626427327224
196.0, 0.11903403032786036
197.0, 0.11924584640641216
198.0, 0.11903407420351478
199.0, 0.1192459097934691
200.0, 0.11903405997964021
201.0, 0.11924604957824902
202.0, 0.11903401310870487
203.0, 0.11924587543163054
204.0, 0.11903401310870487
205.0, 0.1192460029833108
206.0, 0.11903405997964021
207.0, 0.11924574788029053
208.0, 0.11903401310870487
209.0, 0.11924574788029053
210.0, 0.11903376033065059
211.0, 0.11924549277863128
212.0, 0.11903376033065059
213.0, 0.11924613036445289
214.0, 0.11903445147827187
215.0, 0.11924624944652085
216.0, 0.11903502254679232
217.0, 0.11924659924280852
218.0, 0.11903513983095804
219.0, 0.11924739642783395
220.0, 0.11903499235706988
221.0, 0.11924769445553757
222.0, 0.11903507118141927
223.0, 0.11924722611966619
224.0, 0.11903523740785225
225.0, 0.11924715113715378
226.0, 0.1190344588991453
227.0, 0.11924626202325402
228.0, 0.11903390423045661
229.0, 0.11924513457309423
230.0, 0.1222530480024043
231.0, 0.12297831290865599
232.0, 0.12229154209951089
233.0, 0.12299110051432664
234.0, 0.12228791115748552
235.0, 0.12299245543988437
236.0, 0.12228797488979315
237.0, 0.12299287195085358
238.0, 0.12228789154619271
239.0, 0.12299282968428961
240.0, 0.12228771459078194
241.0, 0.12299310238393138
242.0, 0.12228771459078194
243.0, 0.07561493895437808
244.0, 0.07429635290134819
245.0, 0.07295501060917693
246.0, 0.07274105064688118
247.0, 0.07148713318286505
248.0, 0.07154969204425711
249.0, 0.070407286182734
250.0, 0.07070269722459213
251.0, 0.06966753886527119
252.0, 0.07002308705669034
253.0, 0.06897066522717248
254.0, 0.0694002348462082
255.0, 0.08125968486174795
256.0, 0.07958748380797594
257.0, 0.0768817614413372
258.0, 0.0749203729394343
259.0, 0.07266569172657575
260.0, 0.07153329286129075
261.0, 0.06951284260813975
262.0, 0.0688472345032434
263.0, 0.07994409173762372
264.0, 0.08054936065421428
265.0, 0.08073229255239635
266.0, 0.08095775617803724
267.0, 0.08111626276022782
268.0, 0.0813416067383513
269.0, 0.08146611226376266
270.0, 0.08183300087670783
271.0, 0.0819126728506215
272.0, 0.08209547289425027
273.0, 0.08212572971632782
274.0, 0.08214130604706717
275.0, 0.08172721394688545
276.0, 0.08218648685727033
277.0, 0.0821227267629381
278.0, 0.08210325286091008
279.0, 0.08202518193501665
280.0, 0.08193968579700237
281.0, 0.0817812783323364
282.0, 0.08165721925802842
spot_hold
0, 0
1, 0
2, 0
3, 0
4, 0
5, 0
6, 0
7, 0
8, 0
9, 0
10, 0
11, 0
12, 0
13, 0
14, 0
15, 0
16, 0
17, 0
18, 0
19, 0
20, 0
21, 0
22, 0
23, 0
24, 0
25, 0
26, 0
27, 0
28, 0
29, 0
30, 0
31, 0
32, 0
33, 0
34, 0
35, 0
36, 0
37, 0
38, 0
39, 0
40, 0
41, 1
42, 1
43, 1
44, 1
45, 1
46, 1
47, 1
48, 1
49, 1
50, 1
51, 1
52, 1
53, 1
54, 1
55, 1
56, 1
57, 1
58, 1
59, 1
60, 1
61, 1
62, 1
63, 1
64, 1
65, 1
66, 1
67, 1
68, 1
69, 1
70, 1
71, 1
72, 1
73, 1
74, 1
75, 1
76, 1
77, 1
78, 1
79, 1
80, 1
81, 1
82, 1
83, 1
84, 1
85, 1
86, 1
87, 1
88, 1
89, 1
90, 1
91, 1
92, 1
93, 1
94, 1
95, 1
96, 1
97, 1
98, 1
99, 1
100, 1
101, 1
102, 1
103, 1
104, 1
105, 1
106, 1
107, 1
108, 1
109, 1
110, 1
111, 1
112, 1
113, 1
114, 1
115, 1
116, 1
117, 1
118, 1
119, 1
120, 1
121, 1
122, 1
123, 1
124, 1
125, 1
126, 1
127, 1
128, 1
129, 1
130, 1
131, 1
132, 1
133, 1
134, 1
135, 1
136, 1
137, 1
138, 1
139, 1
140, 1
141, 1
142, 1
143, 1
144, 1
145, 1
146, 1
147, 1
148, 1
149, 1
150, 1
151, 1
152, 1
153, 1
154, 1
155, 1
156, 1
157, 1
158, 1
159, 1
160, 1
161, 1
162, 1
163, 1
164, 1
165, 1
166, 1
167, 1
168, 1
169, 1
170, 1
171, 1
172, 1
173, 1
174, 1
175, 1
176, 1
177, 1
178, 1
179, 1
180, 1
181, 1
182, 1
183, 1
184, 1
185, 1
186, 1
187, 1
188, 1
189, 1
190, 1
191, 1
192, 1
193, 1
194, 1
195, 1
196, 1
197, 1
198, 1
199, 1
200, 1
201, 1
202, 1
203, 1
204, 1
205, 1
206, 1
207, 1
208, 1
209, 1
210, 1
211, 1
212, 1
213, 1
214, 1
215, 1
216, 1
217, 1
218, 1
219, 1
220, 1
221, 1
222, 1
223, 1
224, 1
225, 1
226, 1
227, 1
228, 1
229, 1
230, 1
231, 1
232, 1
233, 1
234, 1
235, 1
236, 1
237, 1
238, 1
239, 1
240, 1
241, 1
242, 1
243, 1
244, 1
245, 1
246, 1
247, 1
248, 1
249, 1
250, 1
251, 1
252, 1
253, 1
254, 1
255, 1
256, 1
257, 1
258, 1
259, 1
260, 1
261, 1
262, 1
263, 1
264, 1
265, 1
266, 1
267, 1
268, 1
269, 1
270, 1
271, 1
272, 1
273, 1
274, 1
275, 1
276, 1
277, 1
278, 1
279, 1
280, 1
281, 1
282, 1
