bot_dist
0.0, 2.883317171664067
1.0, 2.885720144735706
2.0, 2.8881557444517134
3.0, 2.8906238883398125
4.0, 2.89312449310905
5.0, 2.8956574746626362
6.0, 2.8982227481108276
7.0, 2.9008202277838477
8.0, 2.9034498272448537
9.0, 2.906111459302926
10.0, 2.9088050360260955
11.0, 2.9115304687543877
12.0, 2.9142876681128946
13.0, 2.9170765440248596
14.0, 2.919897005724778
15.0, 2.922748961771504
16.0, 2.9256323200613688
17.0, 2.9285469878412926
18.0, 2.9314928717219026
19.0, 2.93446987769064
20.0, 2.9374779111248643
21.0, 2.940516876804935
22.0, 2.943586678927287
23.0, 2.9466872211174855
24.0, 2.949818406443246
25.0, 2.9529801374274496
26.0, 2.9561723160611058
27.0, 2.9593948438162996
28.0, 2.9626476216590967
29.0, 2.9659305500624047
30.0, 2.969243529018803
31.0, 2.9725864580533186
32.0, 2.9759592362361555
33.0, 2.979361762195382
34.0, 2.98279393412955
35.0, 2.986255649820271
36.0, 2.9897468066447224
37.0, 2.9932673015881015
38.0, 2.996817031256012
39.0, 3.000395891886779
40.0, 3.004003779363701
41.0, 3.007640589227229
42.0, 3.011306216687072
43.0, 3.015000556634224
44.0, 3.018723503652915
45.0, 3.0224749520324834
46.0, 3.026254795779161
47.0, 3.0300629286277796
48.0, 3.033899244053388
49.0, 3.0377636352827815
50.0, 3.041655995305942
51.0, 3.045576216887386
52.0, 3.0495241925774184
53.0, 3.0534998147232972
54.0, 3.057502975480293
55.0, 3.061533566822656
56.0, 3.065591480554486
57.0, 3.0696766083204943
58.0, 3.0737888416166714
59.0, 3.077928071800847
60.0, 3.082094190103149
61.0, 3.08628708763635
62.0, 3.0905066554061205
63.0, 3.0947527843211584
64.0, 3.0990253652032242
65.0, 3.1033242887970585
66.0, 3.107649445780193
67.0, 3.1120007267726484
68.0, 3.116378022346522
69.0, 3.1207812230354643
70.0, 3.125210219344038
71.0, 3.129664901756971
72.0, 3.134145160748288
73.0, 3.138650886790331
74.0, 3.1431819703626656
75.0, 3.147738301960871
76.0, 3.1523197721052125
77.0, 3.156926271349205
78.0, 3.1615576902880487
79.0, 3.166213919566963
80.0, 3.17089484988939
81.0, 3.175600372025092
82.0, 3.1803302637576296
83.0, 3.1850845279141304
84.0, 3.189863055518499
85.0, 3.1946657376921577
86.0, 3.199492465661557
87.0, 3.2043431307655705
88.0, 3.209217624462768
89.0, 3.2141158383385835
90.0, 3.219037664112359
91.0, 3.2239829936442748
92.0, 3.2289517189421675
93.0, 3.233943732168231
94.0, 3.2389589256456035
95.0, 3.2439971918648434
96.0, 3.2490584234902875
97.0, 3.2541425133662973
98.0, 3.259249354523397
99.0, 3.264378840184296
100.0, 3.2695308637697997
101.0, 3.2695308637697997
102.0, 3.2695308637697997
103.0, 3.2695308637697997
104.0, 3.2695308637697997
105.0, 3.2695308637697997
106.0, 3.2695308637697997
107.0, 3.2695308637697997
108.0, 3.2695308637697997
109.0, 3.2695308637697997
110.0, 3.2695308637697997
111.0, 3.2695308637697997
112.0, 3.2695308637697997
113.0, 3.2695308637697997
114.0, 3.2695308637697997
115.0, 3.2695308637697997
116.0, 3.2695308637697997
117.0, 3.2695308637697997
118.0, 3.2695308637697997
119.0, 3.2695308637697997
120.0, 3.2695308637697997
121.0, 3.2695308637697997
122.0, 3.2695308637697997
123.0, 3.2695308637697997
124.0, 3.2695308637697997
125.0, 3.2695308637697997
126.0, 3.2695308637697997
127.0, 3.2695308637697997
128.0, 3.2695308637697997
129.0, 3.2695308637697997
130.0, 3.2695308637697997
131.0, 3.264378840184296
132.0, 3.259249354523397
133.0, 3.2541425133662973
134.0, 3.2490584234902875
135.0, 3.2439971918648434
136.0, 3.2389589256456035
137.0, 3.233943732168231
138.0, 3.2289517189421675
139.0, 3.2239829936442748
140.0, 3.219037664112359
141.0, 3.2141158383385835
142.0, 3.209217624462768
143.0, 3.209404836400088
144.0, 3.2045618330824657
145.0, 3.1997427521299207
146.0, 3.1949477017919388
147.0, 3.1901767904274148
148.0, 3.1854301264972773
149.0, 3.180707818557009
150.0, 3.1760098635361382
151.0, 3.0895481523521884
152.0, 3.0032863957638662
153.0, 2.9172422783738616
154.0, 2.831435699241898
155.0, 2.74588892703418
156.0, 2.6606270224769037
157.0, 2.5756782753903176
158.0, 2.4910747231584396
159.0, 2.406852768005987
160.0, 2.3230539145304387
161.0, 2.2397256540099373
162.0, 2.1569225283035123
163.0, 2.074707413934341
164.0, 1.9931530764652667
165.0, 1.9123440567716157
166.0, 1.8323789643996724
167.0, 1.8296601130026715
168.0, 1.753953447279672
169.0, 1.679706267280213
170.0, 1.6071206055113323
171.0, 1.5364319653600997
172.0, 1.4679144303752825
173.0, 1.4018863765762848
174.0, 1.4012677533819167
175.0, 1.3434211221532095
176.0, 1.2894058237041472
177.0, 1.2899234123581678
178.0, 1.2905182875312875
179.0, 1.2911903424015425
180.0, 1.2919394565244595
181.0, 1.2696049097895306
182.0, 1.271127320897279
183.0, 1.2727264883142353
184.0, 1.2744021230903748
185.0, 1.2761539240127744
186.0, 1.2779815778658659
187.0, 1.2798847596995724
188.0, 1.2304982447250288
189.0, 1.233055438010325
190.0, 1.1834457768186133
191.0, 1.1386786739752937
192.0, 1.0993459480414662
193.0, 1.0660492856322268
194.0, 1.0393689529380348
195.0, 1.019824365407479
196.0, 1.0078307532709856
197.0, 1.0036588530030965
198.0, 1.0074058438370086
199.0, 1.018984371909184
200.0, 1.0381324295127705
201.0, 1.0644415940904202
202.0, 1.0973969419795906
203.0, 1.1364204170619665
204.0, 1.1809106043122675
205.0, 1.2302745715700096
206.0, 1.2839502959768776
207.0, 1.3414202841164982
208.0, 1.4022180892257792
209.0, 1.465929717236655
210.0, 1.532191723321797
211.0, 1.6006873602299156
212.0, 1.671142089475238
213.0, 1.680760567966769
214.0, 1.7481974961618088
215.0, 1.8174493719027176
216.0, 1.8268998045039444
217.0, 1.8363560605500495
218.0, 1.8458180505392783
219.0, 1.8552856867419971
220.0, 1.864758883158411
221.0, 1.8742375554774435
222.0, 1.8837216210367442
223.0, 1.8932109987837897
224.0, 1.9027056092380419
225.0, 1.9122053744541356
226.0, 1.92171021798606
227.0, 1.9312200648523095
228.0, 1.9407348415019667
229.0, 1.950254475781699
230.0, 1.9597788969036312
231.0, 1.9597788969036312
232.0, 1.9597788969036312
233.0, 1.9597788969036312
234.0, 1.9597788969036312
235.0, 1.9597788969036312
236.0, 1.9597788969036312
237.0, 1.9597788969036312
238.0, 1.9597788969036312
239.0, 1.9597788969036312
240.0, 1.9597788969036312
241.0, 1.9597788969036312
242.0, 1.9597788969036312
243.0, 1.9597788969036312
244.0, 1.9597788969036312
245.0, 1.9597788969036312
246.0, 1.9597788969036312
247.0, 1.9597788969036312
248.0, 1.9597788969036312
249.0, 1.9597788969036312
250.0, 1.9597788969036312
251.0, 1.9597788969036312
252.0, 1.9597788969036312
253.0, 1.9597788969036312
254.0, 1.9597788969036312
255.0, 1.9597788969036312
256.0, 1.9597788969036312
257.0, 1.9597788969036312
258.0, 1.9597788969036312
259.0, 1.9597788969036312
260.0, 1.9597788969036312
261.0, 1.950254475781699
262.0, 1.9407348415019667
263.0, 1.9312200648523095
264.0, 1.92171021798606
265.0, 1.9122053744541356
266.0, 1.9027056092380419
267.0, 1.8932109987837897
268.0, 1.8837216210367442
269.0, 1.8742375554774435
270.0, 1.864758883158411
271.0, 1.8552856867419971
272.0, 1.8458180505392783
273.0, 1.8363560605500495
274.0, 1.8268998045039444
275.0, 1.8174493719027176
276.0, 1.8080048540637257
277.0, 1.7985663441646467
278.0, 1.789133937289478
279.0, 1.7797077304758482
280.0, 1.7702878227636931
281.0, 1.7608743152453323
282.0, 1.7514673111169954
ee_dist
0.0, 1.520309780818498
1.0, 1.5867282020215288
2.0, 1.6986130832491815
3.0, 1.7926232813099885
4.0, 1.8251758110677785
5.0, 1.8510578209784838
6.0, 1.883031343617894
7.0, 1.915997019965917
8.0, 1.9505725350896608
9.0, 1.9834595475212247
10.0, 2.020542708858164
11.0, 2.0540516697022198
12.0, 2.084297515688226
13.0, 2.1196974061166016
14.0, 2.145527111956042
15.0, 2.171976992370268
16.0, 2.196919557831074
17.0, 2.2243700980005814
18.0, 2.2457807368361262
19.0, 2.2650257878768008
20.0, 2.2842522360992974
21.0, 2.2538057349618636
22.0, 2.2118954603301852
23.0, 2.1667606813198015
24.0, 2.117979119019744
25.0, 2.065859582388591
26.0, 2.0105749547411236
27.0, 1.9524985390063703
28.0, 1.8918761091670813
29.0, 1.829203878586499
30.0, 1.764826035385388
31.0, 1.6993846576270621
32.0, 1.6333646001210138
33.0, 1.567584385747869
34.0, 1.502722040042769
35.0, 1.4398214942510628
36.0, 1.3798178979687075
37.0, 1.3240060739120967
38.0, 1.273578655770137
39.0, 1.2299551910041255
40.0, 1.1944585263749417
41.0, 1.1946591430006825
42.0, 1.0604418409306438
43.0, 0.7281944253768305
44.0, 0.6810521781734055
45.0, 0.6338115360357346
46.0, 0.5865798678678645
47.0, 0.53941921339299
48.0, 0.49350746689258507
49.0, 0.4496434834424619
50.0, 0.4097040597160526
51.0, 0.3760029495476423
52.0, 0.3510674871847948
53.0, 0.33686471417817226
54.0, 0.3353811612434122
55.0, 0.3469860578587089
56.0, 0.3709215826587617
57.0, 0.404573543697596
58.0, 0.37576910729275126
59.0, 0.3252530049045626
60.0, 0.28420835107536807
61.0, 0.26739702538244975
62.0, 0.28752450654906453
63.0, 0.3383840810399989
64.0, 0.4030103076898849
65.0, 0.4629340289247541
66.0, 0.5218584068067523
67.0, 0.5800977497136975
68.0, 0.6321874109011925
69.0, 0.6823314319028633
70.0, 0.7307740174731574
71.0, 0.7776114874980512
72.0, 0.8238336444777948
73.0, 0.8778335896644841
74.0, 0.9362094708170652
75.0, 1.0061224907519888
76.0, 1.0857817334717053
77.0, 1.1754850347565158
78.0, 1.2708332430679432
79.0, 1.366936472342422
80.0, 1.4590688272409393
81.0, 1.5376679737926027
82.0, 1.6026104328722897
83.0, 1.6671825978532702
84.0, 1.7281619317730166
85.0, 1.7875977475079965
86.0, 1.8454680237753742
87.0, 1.9087729061025616
88.0, 1.9700828735444953
89.0, 2.0379538831192936
90.0, 2.1091299662090597
91.0, 2.1873599116930262
92.0, 2.284174652203079
93.0, 2.384789663503855
94.0, 2.4900515295467427
95.0, 2.5976226179581348
96.0, 2.6982404065124723
97.0, 2.7889308279402183
98.0, 2.8609885642539874
99.0, 2.9245219988656785
100.0, 2.991258478390505
101.0, 3.0600504152733654
102.0, 3.1218339578706407
103.0, 3.1707276398160418
104.0, 3.2412618345768043
105.0, 3.316190960521579
106.0, 3.3860976637567193
107.0, 3.4687361008945046
108.0, 3.5469593254808713
109.0, 3.654346676027392
110.0, 3.7622146141381427
111.0, 3.874556508770829
112.0, 3.977666089207549
113.0, 4.072643523667795
114.0, 4.132189709338589
115.0, 4.207339685792436
116.0, 4.276080527138067
117.0, 4.346650702505514
118.0, 4.408678437693448
119.0, 4.47313122718334
120.0, 4.533660789465806
121.0, 4.603174557683508
122.0, 4.675397135806678
123.0, 4.753689989165826
124.0, 4.842072954835028
125.0, 4.889123657147416
126.0, 4.933732114033026
127.0, 4.98031092292167
128.0, 5.02383500183278
129.0, 5.068743644184251
130.0, 5.110034955637225
131.0, 5.152174256416368
132.0, 5.190190463938524
133.0, 5.228581196697591
134.0, 5.262408039940033
135.0, 5.29619350518529
136.0, 5.32504353658689
137.0, 5.353503954710705
138.0, 5.37672535989066
139.0, 5.3992742442431
140.0, 5.416349099662648
141.0, 5.43253988121161
142.0, 5.443092535349393
143.0, 4.515986539923001
144.0, 4.502646125602717
145.0, 4.491166703634922
146.0, 4.485305209820821
147.0, 4.481463462501413
148.0, 4.483326877659357
149.0, 4.4872618186690065
150.0, 4.496780334693313
151.0, 4.414913464812656
152.0, 4.334830300701066
153.0, 4.253147164627278
154.0, 4.173249721422091
155.0, 4.091775038297677
156.0, 4.012085287354851
157.0, 3.944680839574535
158.0, 3.8502564887930983
159.0, 3.77049609902622
160.0, 3.691220111907918
161.0, 3.610545185118742
162.0, 3.5316577693896978
163.0, 3.451321413826627
164.0, 3.372780119577626
165.0, 3.2928343171425873
166.0, 3.214691103418814
167.0, 3.230150692985366
168.0, 3.1551775167322935
169.0, 3.0791196759496735
170.0, 3.0049418266368475
171.0, 2.9297799061101637
172.0, 2.8565297503247336
173.0, 2.782408711730484
174.0, 2.8055830881125736
175.0, 2.7363674881904316
176.0, 2.6692204989253963
177.0, 2.6955697612210954
178.0, 2.7259117758722406
179.0, 2.7579395051345434
180.0, 2.793051434178404
181.0, 2.748921537129578
182.0, 2.713905977033042
183.0, 2.6803721992107064
184.0, 2.650256120007417
185.0, 2.6219546147865502
186.0, 2.597942611797627
187.0, 2.57603297581061
188.0, 2.502459409447028
189.0, 2.483579549300733
190.0, 2.4071329379369706
191.0, 2.329649308873443
192.0, 2.2540767109137865
193.0, 2.1775994294480943
194.0, 2.1030905275102127
195.0, 2.0278481481586614
196.0, 1.954654245495381
197.0, 1.8809445357155092
198.0, 1.8093955540675404
199.0, 1.7376110418039616
200.0, 1.6681447260463667
201.0, 1.5988081406077344
202.0, 1.5320107643582548
203.0, 1.4658234409578692
204.0, 1.402484461658987
205.0, 1.3403898351602777
206.0, 1.2815710949549304
207.0, 1.2248293542542792
208.0, 1.1719390834603678
209.0, 1.1221962999397253
210.0, 1.0770392117144743
211.0, 1.0363385913239749
212.0, 1.0010704787398172
213.0, 0.9631824929867391
214.0, 0.9261111018346045
215.0, 0.895325693705112
216.0, 0.8564167950089576
217.0, 0.8193234096601255
218.0, 0.7846443739445065
219.0, 0.7525650261389868
220.0, 0.7244179666482069
221.0, 0.6998016910980811
222.0, 0.6806703996355843
223.0, 0.6659730120987698
224.0, 0.6579986532056725
225.0, 0.6550006556384091
226.0, 0.6592200556965254
227.0, 0.6683132489691604
228.0, 0.684175171695278
229.0, 0.6838127713837306
230.0, 0.6843591204686404
231.0, 0.683783308049828
232.0, 0.6843595770585564
233.0, 0.6837833882640033
234.0, 0.6843595770585564
235.0, 0.6837833882640033
236.0, 0.6843595770585564
237.0, 0.6837833619724515
238.0, 0.6843595770585564
239.0, 0.6837833882640033
240.0, 0.6843595770585564
241.0, 0.6837838567077225
242.0, 0.6843595770585564
243.0, 0.7210265743288078
244.0, 0.7421090346551767
245.0, 0.7676707310498954
246.0, 0.7969956651213495
247.0, 0.8294908710504185
248.0, 0.8645942329630683
249.0, 0.8983745463647874
250.0, 0.9317145743182274
251.0, 0.9646803193600233
252.0, 0.9972756572140652
253.0, 1.0287694222843737
254.0, 1.0595876250988774
255.0, 1.0887615412458163
256.0, 1.1173795563647582
257.0, 1.1439568646409668
258.0, 1.1700939986158114
259.0, 1.1937959088635788
260.0, 1.2173154353116715
261.0, 1.2383034276960767
262.0, 1.259444932332592
263.0, 1.235649379750042
264.0, 1.2020593295873063
265.0, 1.1666876363480645
266.0, 1.1289945686985967
267.0, 1.0893253268839829
268.0, 1.0475136170779664
269.0, 1.003982655525046
270.0, 0.9586158330164537
271.0, 0.9118728868065824
272.0, 0.8636713779484395
273.0, 0.8145336875723762
274.0, 0.7643939517529973
275.0, 0.7138841151423572
276.0, 0.6630191960351354
277.0, 0.6126290226495624
278.0, 0.5628400788572885
279.0, 0.5148653321467129
280.0, 0.469263882994458
281.0, 0.40273893657219634
282.0, 0.3586181451834904
ee_box_dist
0.0, 0.5575707657653017
1.0, 0.613147673732866
2.0, 0.643669054619358
3.0, 0.6829850393465733
4.0, 0.7215914679964378
5.0, 0.7593088885288988
6.0, 0.7975661661888243
7.0, 0.8340325932988084
8.0, 0.8685607790639858
9.0, 0.900194600470691
10.0, 0.9347090773206512
11.0, 0.9650106462915947
12.0, 0.9915569962529335
13.0, 1.0227306984263254
14.0, 1.0446581099994867
15.0, 1.0670897416995868
16.0, 1.087893334531548
17.0, 1.1110065797595232
18.0, 1.1287440578766348
19.0, 1.144483369467692
20.0, 1.1602823450134405
21.0, 1.140379148687529
22.0, 1.113082159030544
23.0, 1.0831585098920848
24.0, 1.0502245846078708
25.0, 1.0144508344242587
26.0, 0.975809033946529
27.0, 0.9344916322371827
28.0, 0.890465109428312
29.0, 0.8439590515063428
30.0, 0.7949369833414888
31.0, 0.7436717544690897
32.0, 0.690129642136158
33.0, 0.6346395843258325
34.0, 0.5771889868807135
35.0, 0.5181480599378655
36.0, 0.4575145840365608
37.0, 0.3956942501024078
38.0, 0.33285253714289836
39.0, 0.2697110973060497
40.0, 0.2070390363503972
41.0, 0.08025340332550794
42.0, 0.08290185061703789
43.0, 0.08302858005835495
44.0, 0.08297737647886301
45.0, 0.08303003543992653
46.0, 0.08298390890810392
47.0, 0.08302941075315312
48.0, 0.08298907921650843
49.0, 0.0830283848402698
50.0, 0.08299337014618302
51.0, 0.083026937355386
52.0, 0.08299690502761438
53.0, 0.08302512434587032
54.0, 0.08299957313525068
55.0, 0.08302304637147413
56.0, 0.08300183401483063
57.0, 0.08302113659597535
58.0, 0.08300334757409635
59.0, 0.08301914034402252
60.0, 0.08300442208645396
61.0, 0.08301652575015882
62.0, 0.08300543362170287
63.0, 0.08301432413965845
64.0, 0.0830060165454796
65.0, 0.08301189314713141
66.0, 0.08300621814745793
67.0, 0.08300971760762513
68.0, 0.08290428602506195
69.0, 0.08286729522524011
70.0, 0.08289340544882723
71.0, 0.08288402796380363
72.0, 0.08300131591153787
73.0, 0.08300279035626096
74.0, 0.08300637318080503
75.0, 0.08300262981306628
76.0, 0.08300811206063353
77.0, 0.08291695231000555
78.0, 0.0828762935652301
79.0, 0.08287221398514631
80.0, 0.08286845311659129
81.0, 0.08290769354374056
82.0, 0.08287243269222706
83.0, 0.08288831376972304
84.0, 0.08287596004132618
85.0, 0.0829376311804147
86.0, 0.08344372859499576
87.0, 0.08474409299819798
88.0, 0.09040476841060523
89.0, 0.08955005546681867
90.0, 0.08935610687391961
91.0, 0.10388848383639096
92.0, 0.13044162615072044
93.0, 0.13748390740054128
94.0, 0.13534290353022455
95.0, 0.13806978351779195
96.0, 0.1353597602279267
97.0, 0.13816943927023595
98.0, 0.12844686832204558
99.0, 0.10312490108072654
100.0, 0.10830524008001519
101.0, 0.13625896306080296
102.0, 0.13521148414011672
103.0, 0.09066614364609396
104.0, 0.09040239634935548
105.0, 0.13160376471555765
106.0, 0.1287877359130061
107.0, 0.13370496617668423
108.0, 0.08991275496345898
109.0, 0.1027755948362032
110.0, 0.09439701801221773
111.0, 0.13173363018853315
112.0, 0.13589559781357588
113.0, 0.13795031905061855
114.0, 0.08889009521409286
115.0, 0.09219705564992556
116.0, 0.09090771582994214
117.0, 0.13162048151463054
118.0, 0.13495602436796753
119.0, 0.13807598030218773
120.0, 0.13533627998655284
121.0, 0.13806866499234194
122.0, 0.13533654536028858
123.0, 0.13806861394873274
124.0, 0.13533654953539476
125.0, 0.13806861394873274
126.0, 0.13533654953539476
127.0, 0.13806861394873274
128.0, 0.13533649060522984
129.0, 0.13806861394873274
130.0, 0.13533655371050737
131.0, 0.13806861394873274
132.0, 0.13533655371050737
133.0, 0.13806861394873274
134.0, 0.13533654953539476
135.0, 0.1380686060060206
136.0, 0.13533654953539476
137.0, 0.1380686060060206
138.0, 0.13533654953539476
139.0, 0.1380686060060206
140.0, 0.13533654953539476
141.0, 0.1380686060060206
142.0, 0.13533654953539476
143.0, 0.13178101150105676
144.0, 0.1306504155540467
145.0, 0.13193354860843032
146.0, 0.1306537033248614
147.0, 0.13193226929468077
148.0, 0.13065309930187086
149.0, 0.13193160564139483
150.0, 0.13065254704404153
151.0, 0.13193137767389176
152.0, 0.13065278024687735
153.0, 0.13193125972325315
154.0, 0.13065272137578984
155.0, 0.13193134662494088
156.0, 0.13065283397129232
157.0, 0.08615905417190865
158.0, 0.1284585811346625
159.0, 0.13184133026060887
160.0, 0.13065875393255996
161.0, 0.13193143953595893
162.0, 0.13065277046900542
163.0, 0.1319313837828231
164.0, 0.13065295171342087
165.0, 0.13193123185497785
166.0, 0.13065295171342087
167.0, 0.13193095929783036
168.0, 0.13065257250796122
169.0, 0.13193106733267265
170.0, 0.13065248996956602
171.0, 0.13193118516499772
172.0, 0.13065237222734769
173.0, 0.13193121703459315
174.0, 0.1306524636122749
175.0, 0.13193098697233135
176.0, 0.1306524200208849
177.0, 0.13193073951656353
178.0, 0.13065224062599368
179.0, 0.13193056281429533
180.0, 0.13065234156943648
181.0, 0.13193036233171382
182.0, 0.13065222528478707
183.0, 0.13193031021759247
184.0, 0.13065210525753568
185.0, 0.13193042747158648
186.0, 0.1306523629787669
187.0, 0.13193105226280324
188.0, 0.1306525574765113
189.0, 0.13193120706612238
190.0, 0.13065293691532187
191.0, 0.13193171236138512
192.0, 0.13065298941808626
193.0, 0.13193162411060774
194.0, 0.13065310716034667
195.0, 0.1319315947764783
196.0, 0.13065298941808626
197.0, 0.1319315947764783
198.0, 0.13065310716034667
199.0, 0.1319315947764783
200.0, 0.13065298941808626
201.0, 0.1319315947764783
202.0, 0.13065310716034667
203.0, 0.1319315947764783
204.0, 0.13065310716034667
205.0, 0.13193162411060774
206.0, 0.1306530704193441
207.0, 0.13193162411060774
208.0, 0.13065312929046463
209.0, 0.13193162411060774
210.0, 0.1306530115482242
211.0, 0.13193172521529284
212.0, 0.1306530261595195
213.0, 0.13193167851019194
214.0, 0.13065323979308788
215.0, 0.131931979137569
216.0, 0.1306532541340971
217.0, 0.13193230504458547
218.0, 0.13065381247125624
219.0, 0.13193290307855438
220.0, 0.13065431155814256
221.0, 0.13193341188558314
222.0, 0.13065429772126133
223.0, 0.13193349358212603
224.0, 0.13065430183331392
225.0, 0.13193313123038375
226.0, 0.13065371804919731
227.0, 0.13193253363146526
228.0, 0.13065310695511537
229.0, 0.13789710857438509
230.0, 0.13533581312363133
231.0, 0.13807005939883868
232.0, 0.13533645823076215
233.0, 0.13807005405539946
234.0, 0.13533645823076215
235.0, 0.13807005405539946
236.0, 0.13533645823076215
237.0, 0.1380701279762914
238.0, 0.13533645823076215
239.0, 0.13807005405539946
240.0, 0.13533645823076215
241.0, 0.13807005405539946
242.0, 0.13533645823076215
243.0, 0.08557515176840753
244.0, 0.0844612759376021
245.0, 0.0845287403952577
246.0, 0.08431885778133374
247.0, 0.08437832856701852
248.0, 0.08412251508855359
249.0, 0.08082228179070412
250.0, 0.07744202234055768
251.0, 0.07405856147838137
252.0, 0.0717042250755263
253.0, 0.0683915894771936
254.0, 0.06670393260840461
255.0, 0.06337151079792161
256.0, 0.062362250124248245
257.0, 0.05897719337318121
258.0, 0.0584689968707097
259.0, 0.055119429524367984
260.0, 0.05510157865442287
261.0, 0.05183152998992025
262.0, 0.05225415536956412
263.0, 0.0790027906840426
264.0, 0.07999982104418954
265.0, 0.0802271982191341
266.0, 0.08061270131450725
267.0, 0.0807907756491111
268.0, 0.08110109636408064
269.0, 0.08130340291461893
270.0, 0.08156395634820546
271.0, 0.08171258009429908
272.0, 0.08194857246219192
273.0, 0.08201094837439171
274.0, 0.08218231927620052
275.0, 0.08218762170004967
276.0, 0.0822934043465331
277.0, 0.08224020116939174
278.0, 0.08228154395759052
279.0, 0.08217025744150092
280.0, 0.0821496745753556
281.0, 0.0810256234586189
282.0, 0.0824479826705207
spot_hold
0, 0
1, 0
2, 0
3, 0
4, 0
5, 0
6, 0
7, 0
8, 0
9, 0
10, 0
11, 0
12, 0
13, 0
14, 0
15, 0
16, 0
17, 0
18, 0
19, 0
20, 0
21, 0
22, 0
23, 0
24, 0
25, 0
26, 0
27, 0
28, 0
29, 0
30, 0
31, 0
32, 0
33, 0
34, 0
35, 0
36, 0
37, 0
38, 0
39, 0
40, 0
41, 1
42, 1
43, 1
44, 1
45, 1
46, 1
47, 1
48, 1
49, 1
50, 1
51, 1
52, 1
53, 1
54, 1
55, 1
56, 1
57, 1
58, 1
59, 1
60, 1
61, 1
62, 1
63, 1
64, 1
65, 1
66, 1
67, 1
68, 1
69, 1
70, 1
71, 1
72, 1
73, 1
74, 1
75, 1
76, 1
77, 1
78, 1
79, 1
80, 1
81, 1
82, 1
83, 1
84, 1
85, 1
86, 1
87, 1
88, 1
89, 1
90, 1
91, 1
92, 1
93, 1
94, 1
95, 1
96, 1
97, 1
98, 1
99, 1
100, 1
101, 1
102, 1
103, 1
104, 1
105, 1
106, 1
107, 1
108, 1
109, 1
110, 1
111, 1
112, 1
113, 1
114, 1
115, 1
116, 1
117, 1
118, 1
119, 1
120, 1
121, 1
122, 1
123, 1
124, 1
125, 1
126, 1
127, 1
128, 1
129, 1
130, 1
131, 1
132, 1
133, 1
134, 1
135, 1
136, 1
137, 1
138, 1
139, 1
140, 1
141, 1
142, 1
143, 1
144, 1
145, 1
146, 1
147, 1
148, 1
149, 1
150, 1
151, 1
152, 1
153, 1
154, 1
155, 1
156, 1
157, 1
158, 1
159, 1
160, 1
161, 1
162, 1
163, 1
164, 1
165, 1
166, 1
167, 1
168, 1
169, 1
170, 1
171, 1
172, 1
173, 1
174, 1
175, 1
176, 1
177, 1
178, 1
179, 1
180, 1
181, 1
182, 1
183, 1
184, 1
185, 1
186, 1
187, 1
188, 1
189, 1
190, 1
191, 1
192, 1
193, 1
194, 1
195, 1
196, 1
197, 1
198, 1
199, 1
200, 1
201, 1
202, 1
203, 1
204, 1
205, 1
206, 1
207, 1
208, 1
209, 1
210, 1
211, 1
212, 1
213, 1
214, 1
215, 1
216, 1
217, 1
218, 1
219, 1
220, 1
221, 1
222, 1
223, 1
224, 1
225, 1
226, 1
227, 1
228, 1
229, 1
230, 1
231, 1
232, 1
233, 1
234, 1
235, 1
236, 1
237, 1
238, 1
239, 1
240, 1
241, 1
242, 1
243, 1
244, 1
245, 1
246, 1
247, 1
248, 1
249, 1
250, 1
251, 1
252, 1
253, 1
254, 1
255, 1
256, 1
257, 1
258, 1
259, 1
260, 1
261, 1
262, 1
263, 1
264, 1
265, 1
266, 1
267, 1
268, 1
269, 1
270, 1
271, 1
272, 1
273, 1
274, 1
275, 1
276, 1
277, 1
278, 1
279, 1
280, 1
281, 1
282, 1
