bot_dist
0.0, 3.387005917546259
1.0, 3.3926425775009132
2.0, 3.398299314579167
3.0, 3.4039760286883567
4.0, 3.4096726200500855
5.0, 3.415388989203426
6.0, 3.4211250370080477
7.0, 3.4268806646472476
8.0, 3.432655773630898
9.0, 3.4384502657983065
10.0, 3.444264043320994
11.0, 3.450097008705386
12.0, 3.455949064795422
13.0, 3.4618201147750844
14.0, 3.467710062170847
15.0, 3.473618810854039
16.0, 3.4795462650431372
17.0, 3.485492329305976
18.0, 3.49145690856188
19.0, 3.4974399080837246
20.0, 3.503441233499919
21.0, 3.509460790796317
22.0, 3.5154984863180516
23.0, 3.521554226771305
24.0, 3.5276279192250004
25.0, 3.5337194711124282
26.0, 3.5398287902328027
27.0, 3.545955784752749
28.0, 3.5521003632077277
29.0, 3.5582624345033893
30.0, 3.564441907916867
31.0, 3.5706386930980023
32.0, 3.576852700070513
33.0, 3.5830838392330917
34.0, 3.589332021360454
35.0, 3.5955971576043138
36.0, 3.6018791594943127
37.0, 3.608177938938878
38.0, 3.6144934082260414
39.0, 3.620825480024179
40.0, 3.6271740673827164
41.0, 3.6335390837327677
42.0, 3.639920442887725
43.0, 3.6463180590437956
44.0, 3.652731846780487
45.0, 3.6591617210610394
46.0, 3.6656075972328144
47.0, 3.672069391027624
48.0, 3.678547018562028
49.0, 3.6850403963375635
50.0, 3.6915494412409493
51.0, 3.6980740705442274
52.0, 3.7046142019048713
53.0, 3.711169753365846
54.0, 3.7177406433556244
55.0, 3.7243267906881643
56.0, 3.730928114562842
57.0, 3.7375445345643454
58.0, 3.7441759706625315
59.0, 3.750822343212237
60.0, 3.7574835729530607
61.0, 3.764159581009098
62.0, 3.7708502888886497
63.0, 3.7775556184838845
64.0, 3.784275492070476
65.0, 3.791009832307199
66.0, 3.7977585622354937
67.0, 3.8045216052789965
68.0, 3.8112988852430454
69.0, 3.8180903263141395
70.0, 3.824895853059385
71.0, 3.831715390425896
72.0, 3.8385488637401766
73.0, 3.845396198707469
74.0, 3.852257321411077
75.0, 3.8591321583116533
76.0, 3.8660206362464766
77.0, 3.8729226824286833
78.0, 3.8798382244464906
79.0, 3.886767190262382
80.0, 3.893709508212279
81.0, 3.9006651070046767
82.0, 3.9076339157197717
83.0, 3.9146158638085544
84.0, 3.921610881091887
85.0, 3.9286188977595558
86.0, 3.935639844369307
87.0, 3.9426736518458565
88.0, 3.9497202514798886
89.0, 3.956779574927027
90.0, 3.963851554206789
91.0, 3.9709361217015284
92.0, 3.9780332101553544
93.0, 3.9851427526730308
94.0, 3.992264682718867
95.0, 3.9993989341155882
96.0, 4.006545441043189
97.0, 4.013704138037774
98.0, 4.020874959990383
99.0, 4.028057842145804
100.0, 4.035252720101369
101.0, 4.035252720101369
102.0, 4.035252720101369
103.0, 4.035252720101369
104.0, 4.035252720101369
105.0, 4.035252720101369
106.0, 4.035252720101369
107.0, 4.035252720101369
108.0, 4.035252720101369
109.0, 4.035252720101369
110.0, 4.035252720101369
111.0, 4.035252720101369
112.0, 4.035252720101369
113.0, 4.035252720101369
114.0, 4.035252720101369
115.0, 4.035252720101369
116.0, 4.035252720101369
117.0, 4.035252720101369
118.0, 4.035252720101369
119.0, 4.035252720101369
120.0, 4.035252720101369
121.0, 4.035252720101369
122.0, 4.035252720101369
123.0, 4.035252720101369
124.0, 4.035252720101369
125.0, 4.035252720101369
126.0, 4.035252720101369
127.0, 4.035252720101369
128.0, 4.035252720101369
129.0, 4.035252720101369
130.0, 4.035252720101369
131.0, 4.028057842145804
132.0, 4.020874959990383
133.0, 4.013704138037774
134.0, 4.006545441043189
135.0, 3.9993989341155882
136.0, 3.992264682718867
137.0, 3.9851427526730308
138.0, 3.9780332101553544
139.0, 3.9709361217015284
140.0, 3.963851554206789
141.0, 3.956779574927027
142.0, 3.9497202514798886
143.0, 3.9467885716343263
144.0, 3.9397621106877816
145.0, 3.9327485233685224
146.0, 3.9257478786751028
147.0, 3.918760245971342
148.0, 3.9117856949872927
149.0, 3.904824295820183
150.0, 3.8978761189353475
151.0, 3.808115467658452
152.0, 3.718359959659107
153.0, 3.628609933833707
154.0, 3.5388658533441357
155.0, 3.4491281822717834
156.0, 3.3593974342500283
157.0, 3.269674179253611
158.0, 3.1799590515347433
159.0, 3.0902527589382713
160.0, 3.0005560938834863
161.0, 2.9108699463708323
162.0, 2.8211953194623764
163.0, 2.731533347802253
164.0, 2.641885319896196
165.0, 2.5522527050701984
166.0, 2.462637186294632
167.0, 2.4556615904227064
168.0, 2.365623469702298
169.0, 2.2756183277046222
170.0, 2.1856500474255975
171.0, 2.0957233762320215
172.0, 2.0058439104293897
173.0, 1.9160182931734966
174.0, 1.9091988502035548
175.0, 1.819781078668486
176.0, 1.7305271169539822
177.0, 1.7238640586162168
178.0, 1.7172333802611164
179.0, 1.7106354584176593
180.0, 1.704070673571698
181.0, 1.6234672855394523
182.0, 1.6171462953248041
183.0, 1.6108625805347803
184.0, 1.6046165790836557
185.0, 1.598408733081632
186.0, 1.5922394888117963
187.0, 1.5861092967037944
188.0, 1.497263424627497
189.0, 1.491222829963473
190.0, 1.4027115841337712
191.0, 1.3142988996365237
192.0, 1.2260059251722273
193.0, 1.137860527998915
194.0, 1.0498998787729519
195.0, 0.962174647018865
196.0, 0.8747556624184976
197.0, 0.7877448877330148
198.0, 0.7012942813218319
199.0, 0.6156398716204449
200.0, 0.5311669753400523
201.0, 0.44854362274353027
202.0, 0.36901426661419173
203.0, 0.2950911690895847
204.0, 0.2321921377511193
205.0, 0.19150640000047092
206.0, 0.1880514166332567
207.0, 0.22356003892318896
208.0, 0.2837639306850494
209.0, 0.3563593233819624
210.0, 0.43518856604189327
211.0, 0.5174100524225066
212.0, 0.6016348503454311
213.0, 0.608154541883521
214.0, 0.6923183274850271
215.0, 0.7774616863389073
216.0, 0.7839225301467765
217.0, 0.790457078175052
218.0, 0.797063517682805
219.0, 0.8037400759096593
220.0, 0.8104850199998597
221.0, 0.8172966568410832
222.0, 0.8241733328260384
223.0, 0.8311134335444708
224.0, 0.8381153834127549
225.0, 0.8451776452478316
226.0, 0.8522987197918112
227.0, 0.8594771451931583
228.0, 0.8667114964499621
229.0, 0.8740003848204043
230.0, 0.8813424572051589
231.0, 0.8813424572051589
232.0, 0.8813424572051589
233.0, 0.8813424572051589
234.0, 0.8813424572051589
235.0, 0.8813424572051589
236.0, 0.8813424572051589
237.0, 0.8813424572051589
238.0, 0.8813424572051589
239.0, 0.8813424572051589
240.0, 0.8813424572051589
241.0, 0.8813424572051589
242.0, 0.8813424572051589
243.0, 0.8813424572051589
244.0, 0.8813424572051589
245.0, 0.8813424572051589
246.0, 0.8813424572051589
247.0, 0.8813424572051589
248.0, 0.8813424572051589
249.0, 0.8813424572051589
250.0, 0.8813424572051589
251.0, 0.8813424572051589
252.0, 0.8813424572051589
253.0, 0.8813424572051589
254.0, 0.8813424572051589
255.0, 0.8813424572051589
256.0, 0.8813424572051589
257.0, 0.8813424572051589
258.0, 0.8813424572051589
259.0, 0.8813424572051589
260.0, 0.8813424572051589
261.0, 0.8740003848204043
262.0, 0.8667114964499621
263.0, 0.8594771451931583
264.0, 0.8522987197918112
265.0, 0.8451776452478316
266.0, 0.8381153834127549
267.0, 0.8311134335444708
268.0, 0.8241733328260384
269.0, 0.8172966568410832
270.0, 0.8104850199998597
271.0, 0.8037400759096593
272.0, 0.797063517682805
273.0, 0.790457078175052
274.0, 0.7839225301467765
275.0, 0.7774616863389073
276.0, 0.7710763994551265
277.0, 0.7647685620414562
278.0, 0.7585401062539553
279.0, 0.752393003504882
280.0, 0.7463292639773437
281.0, 0.7403509359981657
282.0, 0.7344601052584729
ee_dist
0.0, 1.0607900030126076
1.0, 1.0918603581135822
2.0, 1.1833616860451812
3.0, 1.2671473522834116
4.0, 1.295990532263952
5.0, 1.3215250115418
6.0, 1.3553074547941568
7.0, 1.391184561041556
8.0, 1.4276648372936027
9.0, 1.4621894172168088
10.0, 1.5006873351318848
11.0, 1.5352722070700535
12.0, 1.5662586209370446
13.0, 1.6022019861388404
14.0, 1.6283740778132552
15.0, 1.6550048744961494
16.0, 1.6799643813365426
17.0, 1.7072903272485975
18.0, 1.7285785371216906
19.0, 1.7475772458821608
20.0, 1.7666027963230881
21.0, 1.7397285452965894
22.0, 1.7024809519116677
23.0, 1.6621003106367114
24.0, 1.61813156272297
25.0, 1.570879449410394
26.0, 1.5201926668691244
27.0, 1.4665270844174487
28.0, 1.4099268090971275
29.0, 1.3507544109257332
30.0, 1.2891755510235914
31.0, 1.2256676345795448
32.0, 1.1604992070686324
33.0, 1.0930770613776841
34.0, 1.026105354500232
35.0, 0.9597045961255347
36.0, 0.8942396211599579
37.0, 0.8317144010579527
38.0, 0.7725103501016073
39.0, 0.719067069174366
40.0, 0.6733632373763676
41.0, 0.664588331024141
42.0, 0.7348203066320027
43.0, 1.0328533477485242
44.0, 0.9902352415215153
45.0, 0.9465750881858789
46.0, 0.9002126357338041
47.0, 0.8522472592692547
48.0, 0.8018137252494064
49.0, 0.7497191551003305
50.0, 0.695967039128327
51.0, 0.6414674844808824
52.0, 0.5863643672713955
53.0, 0.530865203303108
54.0, 0.47531264740866225
55.0, 0.42012918945073136
56.0, 0.3668367931456341
57.0, 0.3163361283251978
58.0, 0.3550454354213997
59.0, 0.4227944086456966
60.0, 0.5013609704102973
61.0, 0.5897934369167029
62.0, 0.6825163846932439
63.0, 0.7740649110464674
64.0, 0.8600100405566499
65.0, 0.9270298695383667
66.0, 0.9847335219860068
67.0, 1.0431883275916274
68.0, 1.096585159984903
69.0, 1.1491167914245761
70.0, 1.201556120193367
71.0, 1.2521951682282275
72.0, 1.3068629777023815
73.0, 1.3671690067731275
74.0, 1.432073272823189
75.0, 1.5080497575707565
76.0, 1.5932839037611495
77.0, 1.6878854770877147
78.0, 1.7869010773041507
79.0, 1.8852018767674894
80.0, 1.978408290205751
81.0, 2.0566674771840643
82.0, 2.1202368933177813
83.0, 2.182836820565262
84.0, 2.2427380936099626
85.0, 2.3017105404189917
86.0, 2.359904417663769
87.0, 2.416256965497031
88.0, 2.4451849442129627
89.0, 2.485117268613387
90.0, 2.5291850329874874
91.0, 2.5901826750469374
92.0, 2.6843003998541715
93.0, 2.7855342246279355
94.0, 2.8925603000251146
95.0, 2.9998450149369162
96.0, 3.101334059430626
97.0, 3.1916048010617324
98.0, 3.263750719177201
99.0, 3.3317372389857995
100.0, 3.397505241917582
101.0, 3.4615484328254924
102.0, 3.524477020023067
103.0, 3.587060654396138
104.0, 3.6505707652988613
105.0, 3.7202132140710003
106.0, 3.7944042967073512
107.0, 3.8755404671310973
108.0, 3.9667319215023236
109.0, 4.066727116774816
110.0, 4.173141569260417
111.0, 4.281700200712179
112.0, 4.3847397938188815
113.0, 4.47972666846539
114.0, 4.554535274701302
115.0, 4.621382486657149
116.0, 4.688958052468076
117.0, 4.752962113155432
118.0, 4.815767971131095
119.0, 4.8558493992209835
120.0, 4.900228315672198
121.0, 4.948972910663284
122.0, 4.98087148927937
123.0, 5.020152899921708
124.0, 5.057543168385898
125.0, 5.093372729679143
126.0, 5.1272145725779055
127.0, 5.159055325171551
128.0, 5.188531252243133
129.0, 5.215661779113577
130.0, 5.240114297473314
131.0, 5.261940238643504
132.0, 5.280837428512449
133.0, 5.296891828926953
134.0, 5.309831835131152
135.0, 5.319779809762876
136.0, 5.326491694106166
137.0, 5.330124353443929
138.0, 5.330470277999024
139.0, 5.327715942313501
140.0, 5.321686395320661
141.0, 5.312602863346618
142.0, 5.300321357335655
143.0, 4.638920607345498
144.0, 4.627295604138348
145.0, 4.618008428383076
146.0, 4.611653684656565
147.0, 4.607733276841367
148.0, 4.606847405767017
149.0, 4.608433973221335
150.0, 4.613046701559941
151.0, 4.5306976597343995
152.0, 4.448667791289469
153.0, 4.3664031034711615
154.0, 4.284462930849374
155.0, 4.202294836675734
156.0, 4.1204557425172466
157.0, 4.038396022433272
158.0, 3.9566708304394655
159.0, 3.8747334874395274
160.0, 3.7931369879090764
161.0, 3.7113383539569558
162.0, 3.629888042174709
163.0, 3.54824734984285
164.0, 3.4669644657679535
165.0, 3.385505099367583
166.0, 3.3044142641712817
167.0, 3.3133818575575464
168.0, 3.2344906097021395
169.0, 3.1555608845255745
170.0, 3.0771249818993294
171.0, 2.998693389339506
172.0, 2.920790621761955
173.0, 2.842940628870852
174.0, 2.8563487850527554
175.0, 2.782056555905206
176.0, 2.7085227561083074
177.0, 2.7249182994062515
178.0, 2.7438444050222577
179.0, 2.7647166221869566
180.0, 2.7877070149450165
181.0, 2.7339739545276442
182.0, 2.7106940462411604
183.0, 2.689127444842325
184.0, 2.6698458232389513
185.0, 2.65262974498603
186.0, 2.6380789346052715
187.0, 2.625871382427603
188.0, 2.547341438693361
189.0, 2.5375378911570015
190.0, 2.456997561306192
191.0, 2.376389291168887
192.0, 2.2962381366209796
193.0, 2.216061533029073
194.0, 2.1363846555700583
195.0, 2.0567418344040838
196.0, 1.977656372587187
197.0, 1.89868396009396
198.0, 1.8203476823565585
199.0, 1.7423510803140119
200.0, 1.664694201652308
201.0, 1.5827659585183282
202.0, 1.5159635531255895
203.0, 2.326320974159802
204.0, 1.630167826639319
205.0, 1.3601600491828554
206.0, 0.9166514372264978
207.0, 0.9541750570369818
208.0, 1.059863144554347
209.0, 1.0013769107760195
210.0, 0.9381610235964748
211.0, 0.8860136345849969
212.0, 0.8286702940299471
213.0, 0.8067848710064367
214.0, 0.7482076007242061
215.0, 0.694604490357176
216.0, 0.671732261762193
217.0, 0.6511747603706106
218.0, 0.6334891225230433
219.0, 0.6188406637390477
220.0, 0.6077977846608703
221.0, 0.6003675429422306
222.0, 0.5970259108752707
223.0, 0.5975665397658327
224.0, 0.6022740860767429
225.0, 0.610728338609155
226.0, 0.6229966873430305
227.0, 0.6385216467953068
228.0, 0.6571971511230881
229.0, 0.6569689984441812
230.0, 0.6568886029545817
231.0, 0.6569824150272857
232.0, 0.656883948884224
233.0, 0.6569831784050085
234.0, 0.6568844194386942
235.0, 0.6569827508306384
236.0, 0.6568844194386942
237.0, 0.6569827228469133
238.0, 0.6568844194386942
239.0, 0.6569827228469133
240.0, 0.6568844194386942
241.0, 0.6569827228469133
242.0, 0.6568844194386942
243.0, 0.6647981394309426
244.0, 0.6756286213617317
245.0, 0.6876369966134565
246.0, 0.7020770364131308
247.0, 0.7179129136971185
248.0, 0.7357694493228734
249.0, 0.7546764567353789
250.0, 0.7752173532886935
251.0, 0.7964720587610505
252.0, 0.8189379786732923
253.0, 0.8417786981518458
254.0, 0.8654646447156545
255.0, 0.8892643188108477
256.0, 0.913572834207375
257.0, 0.9376980981035373
258.0, 0.9620153624976446
259.0, 0.9859106699170417
260.0, 1.0097171224661354
261.0, 1.0352242699254173
262.0, 1.0568340274769086
263.0, 1.0345548192286405
264.0, 1.0072318724583456
265.0, 0.9787246304551418
266.0, 0.9487615090246071
267.0, 0.9176592823816546
268.0, 0.885356766232903
269.0, 0.8522275563132287
270.0, 0.8182183577140834
271.0, 0.7837799970425176
272.0, 0.7488919580439384
273.0, 0.7140963095029349
274.0, 0.6794352118687983
275.0, 0.6454996872659149
276.0, 0.6123992515827305
277.0, 0.5808726036840508
278.0, 0.551032777468628
279.0, 0.5238732787625753
280.0, 0.4996780871154371
281.0, 0.48004600502165423
282.0, 0.47074145270182294
ee_box_dist
0.0, 0.5575707657653017
1.0, 0.613147673732866
2.0, 0.643669054619358
3.0, 0.6829850393465733
4.0, 0.7215914679964378
5.0, 0.7593088885288988
6.0, 0.7975661661888243
7.0, 0.8340325932988084
8.0, 0.8685607790639858
9.0, 0.900194600470691
10.0, 0.9347090773206512
11.0, 0.9650106462915947
12.0, 0.9915569962529335
13.0, 1.0227306984263254
14.0, 1.0446581099994867
15.0, 1.0670897416995868
16.0, 1.087893334531548
17.0, 1.1110065797595232
18.0, 1.1287440578766348
19.0, 1.1443998494533076
20.0, 1.1601856176947243
21.0, 1.1402818682640823
22.0, 1.1129904698747044
23.0, 1.083055530178118
24.0, 1.0501188429025952
25.0, 1.0144079297415387
26.0, 0.9757272008285447
27.0, 0.9344146812622096
28.0, 0.8903926591037721
29.0, 0.8438902885001813
30.0, 0.7948715561820836
31.0, 0.7436100088998254
32.0, 0.6900718517527261
33.0, 0.6336321937263587
34.0, 0.5758543513958423
35.0, 0.5167923946376349
36.0, 0.4605080625214594
37.0, 0.40164114676975454
38.0, 0.33928908577196837
39.0, 0.27787556858387313
40.0, 0.2175614173147642
41.0, 0.08245179425520413
42.0, 0.08291541556917313
43.0, 0.08299021015611929
44.0, 0.08294061071308181
45.0, 0.08299480634656779
46.0, 0.0829498796199402
47.0, 0.08299718817728775
48.0, 0.08295784159459432
49.0, 0.08299886570069012
50.0, 0.08296475040095971
51.0, 0.08300004699368642
52.0, 0.0829708770746451
53.0, 0.08300099762508752
54.0, 0.08297600883132315
55.0, 0.08300115418735537
56.0, 0.0829806824442145
57.0, 0.08300214369713634
58.0, 0.08298486829218531
59.0, 0.08300200364722604
60.0, 0.08298841408306577
61.0, 0.08300169913085416
62.0, 0.08299094613299221
63.0, 0.0830013767545822
64.0, 0.08299363302376325
65.0, 0.08300061669893403
66.0, 0.082995514838489
67.0, 0.08300004623198214
68.0, 0.08299778670746151
69.0, 0.08299989848986669
70.0, 0.08299990481027487
71.0, 0.08299989852164319
72.0, 0.08300213886539783
73.0, 0.0830004636979158
74.0, 0.0830046372764661
75.0, 0.08300193675391598
76.0, 0.08300759880711818
77.0, 0.08300384979145922
78.0, 0.08301098258021296
79.0, 0.08300630423789239
80.0, 0.083014717004516
81.0, 0.08301001542709821
82.0, 0.08301965062636926
83.0, 0.08301426634795966
84.0, 0.08302476177331608
85.0, 0.08301967642139182
86.0, 0.08604307051600925
87.0, 0.12835340953957433
88.0, 0.13479434608719576
89.0, 0.13221182543931517
90.0, 0.12481006707826905
91.0, 0.11879693582624719
92.0, 0.11788630001435875
93.0, 0.11826480346713986
94.0, 0.11786209783158373
95.0, 0.11826105694016392
96.0, 0.11786170110458942
97.0, 0.11826107596582781
98.0, 0.11786177027310657
99.0, 0.1182610379145045
100.0, 0.11786172418058538
101.0, 0.11826103012455841
102.0, 0.11786178914638316
103.0, 0.11826112180710949
104.0, 0.117861686434031
105.0, 0.11826107596582781
106.0, 0.11786174305386934
107.0, 0.11826107596582781
108.0, 0.11786170945051233
109.0, 0.11826103012455841
110.0, 0.11786178914638316
111.0, 0.11826108375580092
112.0, 0.11786175139983449
113.0, 0.11826107596582781
114.0, 0.117861686434031
115.0, 0.08732202497722835
116.0, 0.11635701675313166
117.0, 0.11824146801542022
118.0, 0.11786108000974317
119.0, 0.11810878287778011
120.0, 0.11761420257045567
121.0, 0.09641584044026182
122.0, 0.11663044084674061
123.0, 0.11826314839406359
124.0, 0.1178623328907056
125.0, 0.11826160958299625
126.0, 0.11786178298209556
127.0, 0.11826107596582781
128.0, 0.11786176192715782
129.0, 0.11826107596582781
130.0, 0.11786174305386934
131.0, 0.11826103012455841
132.0, 0.117861686434031
133.0, 0.11826107596582781
134.0, 0.11786171997789216
135.0, 0.1182610379145045
136.0, 0.11786173252656693
137.0, 0.11826107596582781
138.0, 0.11786175139983449
139.0, 0.11826112180710949
140.0, 0.11786174305386934
141.0, 0.11826107596582781
142.0, 0.11786174305386934
143.0, 0.11471217531773847
144.0, 0.11468602426408787
145.0, 0.11467766371036833
146.0, 0.11469234032331185
147.0, 0.1146774955600998
148.0, 0.11469196484527706
149.0, 0.11467676831141263
150.0, 0.1146910028852211
151.0, 0.11467611401030825
152.0, 0.11469109592797092
153.0, 0.11467636845247416
154.0, 0.11469108084032549
155.0, 0.11467627661745694
156.0, 0.11469108084032549
157.0, 0.11467616185278104
158.0, 0.11469108084032549
159.0, 0.11467616185278104
160.0, 0.11469108084032549
161.0, 0.11467616185278104
162.0, 0.11469089693363849
163.0, 0.11467605407000396
164.0, 0.11469089693363849
165.0, 0.11467617780057736
166.0, 0.11469089693363849
167.0, 0.11467593674704851
168.0, 0.11469019318990796
169.0, 0.11467554781633285
170.0, 0.11469029834938797
171.0, 0.11467586038282926
172.0, 0.11469020591968425
173.0, 0.11467586038282926
174.0, 0.11468965262653266
175.0, 0.11467528882674302
176.0, 0.1146896175888551
177.0, 0.11467453025834119
178.0, 0.11468800958929073
179.0, 0.11467313357838746
180.0, 0.11468678323990072
181.0, 0.11467286175439452
182.0, 0.11468745143970957
183.0, 0.11467368058193668
184.0, 0.11468881966125805
185.0, 0.11467497821560159
186.0, 0.11469013251530391
187.0, 0.11467614035952052
188.0, 0.11469121255668134
189.0, 0.11467697038490812
190.0, 0.11469149694475303
191.0, 0.11467727098301193
192.0, 0.11469152126607109
193.0, 0.11467706964830329
194.0, 0.11469148424175964
195.0, 0.1146770237307284
196.0, 0.11469142883623776
197.0, 0.11467697781316608
198.0, 0.11469151491555168
199.0, 0.11463749297551537
200.0, 0.10861950013407567
201.0, 0.09458883896402553
202.0, 0.40964018440718
203.0, 1.232623561814652
204.0, 6.586816518205839
205.0, 1.1101561136554625
206.0, 0.05014777447770001
207.0, 0.08471600098518606
208.0, 0.11286185689794877
209.0, 0.11658348913848557
210.0, 0.10468090762514022
211.0, 0.11463097313625026
212.0, 0.11532312268606694
213.0, 0.11461806433660317
214.0, 0.11468405765428624
215.0, 0.11467610257758941
216.0, 0.11469165446201131
217.0, 0.11467797809146182
218.0, 0.11469267318450745
219.0, 0.11467843411987967
220.0, 0.11469372279569935
221.0, 0.1146783549332349
222.0, 0.11469386754758969
223.0, 0.11467880100024636
224.0, 0.11469346331429049
225.0, 0.11467806971180446
226.0, 0.11469267182790055
227.0, 0.11467748430977429
228.0, 0.11469164872304727
229.0, 0.11816419522325398
230.0, 0.11785837102035392
231.0, 0.11826001356716018
232.0, 0.11786167850065969
233.0, 0.1182610273409927
234.0, 0.11786196879840723
235.0, 0.11826067238525369
236.0, 0.11786192270563212
237.0, 0.11826087278326733
238.0, 0.11786216691202772
239.0, 0.11826082694125825
240.0, 0.11786216691202772
241.0, 0.11826062654313689
242.0, 0.11786216691202772
243.0, 0.07180500457684319
244.0, 0.07168598370477763
245.0, 0.07087703856515311
246.0, 0.0714333764093444
247.0, 0.07061478019452117
248.0, 0.07118254400268255
249.0, 0.0703720539100699
250.0, 0.07096379584260121
251.0, 0.07016972799732518
252.0, 0.07068679904475683
253.0, 0.06982462719562542
254.0, 0.07033092482375566
255.0, 0.06938326377843124
256.0, 0.06982829580489561
257.0, 0.06877475913103379
258.0, 0.06914978357224043
259.0, 0.06798277713176502
260.0, 0.06830059327470948
261.0, 0.06913337840228821
262.0, 0.06766852646867752
263.0, 0.08008948487526195
264.0, 0.08070430401954282
265.0, 0.08088163406348332
266.0, 0.081185256873774
267.0, 0.08133063998902618
268.0, 0.0815950554201727
269.0, 0.08170700201920278
270.0, 0.08192743957693324
271.0, 0.08199947119457429
272.0, 0.08217105081836637
273.0, 0.0821980552125011
274.0, 0.08231769030972666
275.0, 0.0822962034673024
276.0, 0.08236352069030914
277.0, 0.08229348206037178
278.0, 0.0823103860267577
279.0, 0.08219103670506511
280.0, 0.08215933221980641
281.0, 0.08199072249320245
282.0, 0.0829242075092334
spot_hold
0, 0
1, 0
2, 0
3, 0
4, 0
5, 0
6, 0
7, 0
8, 0
9, 0
10, 0
11, 0
12, 0
13, 0
14, 0
15, 0
16, 0
17, 0
18, 0
19, 0
20, 0
21, 0
22, 0
23, 0
24, 0
25, 0
26, 0
27, 0
28, 0
29, 0
30, 0
31, 0
32, 0
33, 0
34, 0
35, 0
36, 0
37, 0
38, 0
39, 0
40, 0
41, 1
42, 1
43, 1
44, 1
45, 1
46, 1
47, 1
48, 1
49, 1
50, 1
51, 1
52, 1
53, 1
54, 1
55, 1
56, 1
57, 1
58, 1
59, 1
60, 1
61, 1
62, 1
63, 1
64, 1
65, 1
66, 1
67, 1
68, 1
69, 1
70, 1
71, 1
72, 1
73, 1
74, 1
75, 1
76, 1
77, 1
78, 1
79, 1
80, 1
81, 1
82, 1
83, 1
84, 1
85, 1
86, 1
87, 1
88, 1
89, 1
90, 1
91, 1
92, 1
93, 1
94, 1
95, 1
96, 1
97, 1
98, 1
99, 1
100, 1
101, 1
102, 1
103, 1
104, 1
105, 1
106, 1
107, 1
108, 1
109, 1
110, 1
111, 1
112, 1
113, 1
114, 1
115, 1
116, 1
117, 1
118, 1
119, 1
120, 1
121, 1
122, 1
123, 1
124, 1
125, 1
126, 1
127, 1
128, 1
129, 1
130, 1
131, 1
132, 1
133, 1
134, 1
135, 1
136, 1
137, 1
138, 1
139, 1
140, 1
141, 1
142, 1
143, 1
144, 1
145, 1
146, 1
147, 1
148, 1
149, 1
150, 1
151, 1
152, 1
153, 1
154, 1
155, 1
156, 1
157, 1
158, 1
159, 1
160, 1
161, 1
162, 1
163, 1
164, 1
165, 1
166, 1
167, 1
168, 1
169, 1
170, 1
171, 1
172, 1
173, 1
174, 1
175, 1
176, 1
177, 1
178, 1
179, 1
180, 1
181, 1
182, 1
183, 1
184, 1
185, 1
186, 1
187, 1
188, 1
189, 1
190, 1
191, 1
192, 1
193, 1
194, 1
195, 1
196, 1
197, 1
198, 1
199, 1
200, 1
201, 1
202, 1
203, 1
204, 1
205, 1
206, 1
207, 1
208, 1
209, 1
210, 1
211, 1
212, 1
213, 1
214, 1
215, 1
216, 1
217, 1
218, 1
219, 1
220, 1
221, 1
222, 1
223, 1
224, 1
225, 1
226, 1
227, 1
228, 1
229, 1
230, 1
231, 1
232, 1
233, 1
234, 1
235, 1
236, 1
237, 1
238, 1
239, 1
240, 1
241, 1
242, 1
243, 1
244, 1
245, 1
246, 1
247, 1
248, 1
249, 1
250, 1
251, 1
252, 1
253, 1
254, 1
255, 1
256, 1
257, 1
258, 1
259, 1
260, 1
261, 1
262, 1
263, 1
264, 1
265, 1
266, 1
267, 1
268, 1
269, 1
270, 1
271, 1
272, 1
273, 1
274, 1
275, 1
276, 1
277, 1
278, 1
279, 1
280, 1
281, 1
282, 1
