bot_dist
0.0, 3.63305532481933
1.0, 3.639435446364705
2.0, 3.64583183141134
3.0, 3.6522443945096277
4.0, 3.6586730505936664
5.0, 3.665117714981643
6.0, 3.6715783033761773
7.0, 3.6780547318646093
8.0, 3.6845469169192473
9.0, 3.6910547753975624
10.0, 3.697578224542342
11.0, 3.704117181981798
12.0, 3.7106715657296303
13.0, 3.717241294185047
14.0, 3.723826286132745
15.0, 3.730426460742846
16.0, 3.737041737570792
17.0, 3.7436720365572076
18.0, 3.750317278027711
19.0, 3.7569773826927015
20.0, 3.7636522716470977
21.0, 3.770341866370043
22.0, 3.777046088724581
23.0, 3.7837648609572843
24.0, 3.790498105697861
25.0, 3.7972457459587177
26.0, 3.8040077051344956
27.0, 3.810783907001573
28.0, 3.8175742757175364
29.0, 3.8243787358206176
30.0, 3.831197212229104
31.0, 3.8380296302407237
32.0, 3.8448759155319907
33.0, 3.851735994157532
34.0, 3.858609792549383
35.0, 3.8654972375162555
36.0, 3.8723982562427826
37.0, 3.8793127762887356
38.0, 3.8862407255882148
39.0, 3.893182032448823
40.0, 3.900136625550804
41.0, 3.9071044339461674
42.0, 3.914085387057789
43.0, 3.9210794146784855
44.0, 3.928086446970071
45.0, 3.9351064144623935
46.0, 3.9421392480523463
47.0, 3.9491848790028676
48.0, 3.956243238941913
49.0, 3.963314259861415
50.0, 3.970397874116221
51.0, 3.9774940144230135
52.0, 3.98460261385922
53.0, 3.991723605861895
54.0, 3.998856924226594
55.0, 4.006002503106232
56.0, 4.013160277009921
57.0, 4.020330180801799
58.0, 4.027512149699841
59.0, 4.0347061192746585
60.0, 4.041912025448283
61.0, 4.049129804492941
62.0, 4.056359393029811
63.0, 4.063600728027772
64.0, 4.0708537468021415
65.0, 4.078118387013397
66.0, 4.085394586665896
67.0, 4.092682284106573
68.0, 4.099981418023637
69.0, 4.107291927445254
70.0, 4.1146137517382275
71.0, 4.121946830606654
72.0, 4.129291104090589
73.0, 4.136646512564694
74.0, 4.144012996736875
75.0, 4.151390497646923
76.0, 4.158778956665132
77.0, 4.166178315490926
78.0, 4.1735885161514705
79.0, 4.181009501000276
80.0, 4.188441212715808
81.0, 4.19588359430007
82.0, 4.203336589077208
83.0, 4.210800140692085
84.0, 4.21827419310887
85.0, 4.225758690609607
86.0, 4.2332535777927935
87.0, 4.240758799571944
88.0, 4.24827430117416
89.0, 4.255800028138688
90.0, 4.263335926315476
91.0, 4.270881941863736
92.0, 4.278438021250489
93.0, 4.286004111249122
94.0, 4.2935801589379325
95.0, 4.301166111698677
96.0, 4.308761917215117
97.0, 4.316367523471557
98.0, 4.323982878751397
99.0, 4.331607931635661
100.0, 4.339242631001551
101.0, 4.339242631001551
102.0, 4.339242631001551
103.0, 4.339242631001551
104.0, 4.339242631001551
105.0, 4.339242631001551
106.0, 4.339242631001551
107.0, 4.339242631001551
108.0, 4.339242631001551
109.0, 4.339242631001551
110.0, 4.339242631001551
111.0, 4.339242631001551
112.0, 4.339242631001551
113.0, 4.339242631001551
114.0, 4.339242631001551
115.0, 4.339242631001551
116.0, 4.339242631001551
117.0, 4.339242631001551
118.0, 4.339242631001551
119.0, 4.339242631001551
120.0, 4.339242631001551
121.0, 4.339242631001551
122.0, 4.339242631001551
123.0, 4.339242631001551
124.0, 4.339242631001551
125.0, 4.339242631001551
126.0, 4.339242631001551
127.0, 4.339242631001551
128.0, 4.339242631001551
129.0, 4.339242631001551
130.0, 4.339242631001551
131.0, 4.331607931635661
132.0, 4.323982878751397
133.0, 4.316367523471557
134.0, 4.308761917215117
135.0, 4.301166111698677
136.0, 4.2935801589379325
137.0, 4.286004111249122
138.0, 4.278438021250489
139.0, 4.270881941863736
140.0, 4.263335926315476
141.0, 4.255800028138688
142.0, 4.24827430117416
143.0, 4.244584750051606
144.0, 4.237086305247896
145.0, 4.229598209698694
146.0, 4.222120518468423
147.0, 4.214653286935507
148.0, 4.207196570793787
149.0, 4.1997504260539404
150.0, 4.192314909044888
151.0, 4.102853290116265
152.0, 4.013409789936625
153.0, 3.9239856079558297
154.0, 3.8345821382071996
155.0, 3.7452008639856413
156.0, 3.6558434132588022
157.0, 3.5665115766901168
158.0, 3.4772073284159157
159.0, 3.3879328500786374
160.0, 3.2986905587251503
161.0, 3.209483139312436
162.0, 3.120313582729635
163.0, 3.031185230455435
164.0, 2.9421018272356187
165.0, 2.8530675835042962
166.0, 2.764087249706636
167.0, 2.7563899320429828
168.0, 2.6662462453279003
169.0, 2.5761243066343305
170.0, 2.4860263130519726
171.0, 2.3959549658933184
172.0, 2.3059133876705804
173.0, 2.215905207299145
174.0, 2.208158788606348
175.0, 2.117503654273961
176.0, 2.0268784422356614
177.0, 2.0191668102948466
178.0, 2.0114753281140185
179.0, 2.0038042277241215
180.0, 1.996153744103209
181.0, 1.909319400770585
182.0, 1.9017970148114482
183.0, 1.8942975469949432
184.0, 1.8868212705963727
185.0, 1.879368462387643
186.0, 1.8719394026725884
187.0, 1.8645343753220667
188.0, 1.775426468643368
189.0, 1.7680220896689496
190.0, 1.6804634318013951
191.0, 1.5930914369523974
192.0, 1.5059383881850263
193.0, 1.4190446269150612
194.0, 1.3324608808488987
195.0, 1.2462517668824669
196.0, 1.1605007779280656
197.0, 1.0753175188448063
198.0, 0.9908484236987933
199.0, 0.9072929806887882
200.0, 0.8249288627008006
201.0, 0.7441517492255566
202.0, 0.6655397395219942
203.0, 0.5899589693694646
204.0, 0.5187361061704558
205.0, 0.45392712168278815
206.0, 0.3986723434130889
207.0, 0.3574305032515771
208.0, 0.33541111125870027
209.0, 0.3364101426916934
210.0, 0.3602361396429063
211.0, 0.40285893583947463
212.0, 0.4590727878394131
213.0, 0.4587488161498908
214.0, 0.528176860166643
215.0, 0.6026445074065
216.0, 0.6042213666984133
217.0, 0.6059591712822774
218.0, 0.6078565407773785
219.0, 0.6099119860185629
220.0, 0.612123914604637
221.0, 0.614490636699399
222.0, 0.6170103710393294
223.0, 0.6196812511021127
224.0, 0.6225013313908645
225.0, 0.6254685937901667
226.0, 0.6285809539516996
227.0, 0.6318362676693536
228.0, 0.6352323372061439
229.0, 0.6387669175379636
230.0, 0.642437722482151
231.0, 0.642437722482151
232.0, 0.642437722482151
233.0, 0.642437722482151
234.0, 0.642437722482151
235.0, 0.642437722482151
236.0, 0.642437722482151
237.0, 0.642437722482151
238.0, 0.642437722482151
239.0, 0.642437722482151
240.0, 0.642437722482151
241.0, 0.642437722482151
242.0, 0.642437722482151
243.0, 0.642437722482151
244.0, 0.642437722482151
245.0, 0.642437722482151
246.0, 0.642437722482151
247.0, 0.642437722482151
248.0, 0.642437722482151
249.0, 0.642437722482151
250.0, 0.642437722482151
251.0, 0.642437722482151
252.0, 0.642437722482151
253.0, 0.642437722482151
254.0, 0.642437722482151
255.0, 0.642437722482151
256.0, 0.642437722482151
257.0, 0.642437722482151
258.0, 0.642437722482151
259.0, 0.642437722482151
260.0, 0.642437722482151
261.0, 0.6387669175379636
262.0, 0.6352323372061439
263.0, 0.6318362676693536
264.0, 0.6285809539516996
265.0, 0.6254685937901667
266.0, 0.6225013313908645
267.0, 0.6196812511021127
268.0, 0.6170103710393294
269.0, 0.614490636699399
270.0, 0.612123914604637
271.0, 0.6099119860185629
272.0, 0.6078565407773785
273.0, 0.6059591712822774
274.0, 0.6042213666984133
275.0, 0.6026445074065
276.0, 0.6012298597525558
277.0, 0.5999785711402227
278.0, 0.5988916655083614
279.0, 0.5979700392342624
280.0, 0.5972144574998183
281.0, 0.596625551154415
282.0, 0.5962038141041593
ee_dist
0.0, 1.0297553058285256
1.0, 1.0568260415802515
2.0, 1.1459425152464364
3.0, 1.2285520285495226
4.0, 1.2569807110180302
5.0, 1.2824690401100802
6.0, 1.3164336626528748
7.0, 1.3531621198619432
8.0, 1.3933803833108152
9.0, 1.4313785698284203
10.0, 1.4673617318632686
11.0, 1.5017613345074834
12.0, 1.5345549130015401
13.0, 1.564537933959789
14.0, 1.5895891687906074
15.0, 1.6151300881625974
16.0, 1.6395930161683203
17.0, 1.669969360466101
18.0, 1.695403601102924
19.0, 1.716563589219833
20.0, 1.7364754001391438
21.0, 1.709000457589563
22.0, 1.6720964872778243
23.0, 1.6318893911684382
24.0, 1.5880872193319782
25.0, 1.540891250812694
26.0, 1.4903854356794697
27.0, 1.4368087343745093
28.0, 1.3802623731736847
29.0, 1.3210968680351023
30.0, 1.259464103358061
31.0, 1.1958298057507701
32.0, 1.1304421562848963
33.0, 1.0639203737621465
34.0, 0.9966854568192411
35.0, 0.9296177605686073
36.0, 0.8696824156568861
37.0, 0.836065735539445
38.0, 0.7314713649269209
39.0, 0.7049668332953825
40.0, 0.6551270692635304
41.0, 0.6555775980204425
42.0, 0.6941175759223869
43.0, 1.0245161406764667
44.0, 0.9840930590993807
45.0, 0.941869811559387
46.0, 0.8975449194720636
47.0, 0.8510123215476028
48.0, 0.8024160316478002
49.0, 0.7517478114553208
50.0, 0.6995624868049345
51.0, 0.646370837424467
52.0, 0.5924569440658063
53.0, 0.5378650888956853
54.0, 0.4828599255710909
55.0, 0.42767732083803445
56.0, 0.3736476897375001
57.0, 0.32148967280627944
58.0, 0.3646382436949744
59.0, 0.4358426181881468
60.0, 0.5170747765113268
61.0, 0.6076861748777554
62.0, 0.7020432218713141
63.0, 0.7948012710208323
64.0, 0.8816700198602377
65.0, 0.949288449444949
66.0, 1.0072718952624975
67.0, 1.0661724997736797
68.0, 1.1201644807426847
69.0, 1.1734118406413299
70.0, 1.2266991316295206
71.0, 1.2781987833779476
72.0, 1.334019185352685
73.0, 1.3953437759907705
74.0, 1.4612884377660416
75.0, 1.5382756454673934
76.0, 1.6244922250415361
77.0, 1.720035869270881
78.0, 1.8199008764637274
79.0, 1.918932334179136
80.0, 2.0127621699535077
81.0, 2.091525962819179
82.0, 2.155505856825486
83.0, 2.2184430400976276
84.0, 2.278720961515978
85.0, 2.338076896471097
86.0, 2.398592303983611
87.0, 2.459582473741365
88.0, 2.496293451379381
89.0, 2.537631878409315
90.0, 2.579327579007261
91.0, 2.6360507103972357
92.0, 2.730529419574145
93.0, 2.8321177387964966
94.0, 2.9390441961756815
95.0, 3.0466253110688175
96.0, 3.147924041379582
97.0, 3.238401150169962
98.0, 3.3102767844934298
99.0, 3.3783851684787045
100.0, 3.4438733306336786
101.0, 3.5081005891147
102.0, 3.570797790100821
103.0, 3.6336155399997683
104.0, 3.6969816701185882
105.0, 3.766886576549491
106.0, 3.8409365175148493
107.0, 3.9223648975529937
108.0, 4.013412434812166
109.0, 4.113701792461236
110.0, 4.219965874248675
111.0, 4.328793576514424
112.0, 4.431633068936054
113.0, 4.526833601454027
114.0, 4.601389923052041
115.0, 4.671365378647056
116.0, 4.735493506800262
117.0, 4.799908891023711
118.0, 4.8426230870540445
119.0, 4.885380263436622
120.0, 4.926799742930523
121.0, 4.967667080633187
122.0, 5.006684007582086
123.0, 5.044658263708899
124.0, 5.080321821012107
125.0, 5.114507764206774
126.0, 5.145980739357562
127.0, 5.175604405553126
128.0, 5.2021752673957025
129.0, 5.2265872498581665
130.0, 5.247672994231206
131.0, 5.2663551212260895
132.0, 5.281503776511914
133.0, 5.294069038542743
134.0, 5.302960258738407
135.0, 5.309154361246319
136.0, 5.311598640300716
137.0, 5.31130062570778
138.0, 5.307245096554712
139.0, 5.300464756629279
140.0, 5.289985432070776
141.0, 5.276867636225677
142.0, 5.260176342452733
143.0, 4.589623299079189
144.0, 4.577449960291996
145.0, 4.567329649609571
146.0, 4.560553025243238
147.0, 4.555889805963976
148.0, 4.554702714983011
149.0, 4.555663066542005
150.0, 4.560106375315829
151.0, 4.477384551794504
152.0, 4.39536377439606
153.0, 4.312712823374406
154.0, 4.2307687994637435
155.0, 4.14820041072399
156.0, 4.06634281950937
157.0, 3.9838672050595765
158.0, 3.902106977797256
159.0, 3.81973632379606
160.0, 3.738086331367815
161.0, 3.655834793929994
162.0, 3.5743103998822128
163.0, 3.4921950277551113
164.0, 3.410814872739694
165.0, 3.328855628805809
166.0, 3.2476415230189724
167.0, 3.256037987981234
168.0, 3.1768798686287902
169.0, 3.097280573329599
170.0, 3.018536799107756
171.0, 2.939393630039063
172.0, 2.861139406844878
173.0, 2.7825314362599687
174.0, 2.7958289372953042
175.0, 2.7206385579031274
176.0, 2.646546831272116
177.0, 2.6625692723515013
178.0, 2.6815666314766875
179.0, 2.7022685756871145
180.0, 2.7254895829785153
181.0, 2.6705178813357264
182.0, 2.647278873085645
183.0, 2.625540143026496
184.0, 2.6065022575063126
185.0, 2.5892810218263875
186.0, 2.5751815979156634
187.0, 2.563146268967265
188.0, 2.4842596188760036
189.0, 2.474720896364491
190.0, 2.3939491537952065
191.0, 2.3126903447873217
192.0, 2.232255206467205
193.0, 2.1513716849619042
194.0, 2.071350098630946
195.0, 1.9909344525123671
196.0, 1.91143263211404
197.0, 1.8316100412724958
198.0, 1.752773155555471
199.0, 1.673716318275628
200.0, 1.595746659093312
201.0, 1.5176998390864611
202.0, 1.4408876100866632
203.0, 1.3610511553667841
204.0, 1.2855680022759337
205.0, 1.2143858063246187
206.0, 1.1412139733354918
207.0, 1.0691111100921147
208.0, 0.9993697173933612
209.0, 0.9312973058101934
210.0, 0.8664376050925701
211.0, 0.8044742920481636
212.0, 0.7471560468296536
213.0, 0.7248350437101458
214.0, 0.6659255211738924
215.0, 0.6122821850176925
216.0, 0.5891773908258081
217.0, 0.5682287260289589
218.0, 0.5308588674173169
219.0, 0.5380056226619634
220.0, 0.5259694101181867
221.0, 0.5040058169369209
222.0, 0.5064188936246948
223.0, 0.5211217213762405
224.0, 0.5262588444273891
225.0, 0.5371779690796745
226.0, 0.5519815576501206
227.0, 0.569730228097996
228.0, 0.5908771998725546
229.0, 0.6141893252207297
230.0, 0.6140537455619525
231.0, 0.6140518727653353
232.0, 0.6141281715352913
233.0, 0.6140522526617124
234.0, 0.6141319497333115
235.0, 0.6140525381417197
236.0, 0.6141324912252438
237.0, 0.6140525381417197
238.0, 0.6141324912252438
239.0, 0.6140525666202769
240.0, 0.6141324912252438
241.0, 0.6140525666202769
242.0, 0.6141324912252438
243.0, 0.6220562816313203
244.0, 0.6313961664254443
245.0, 0.642024722506595
246.0, 0.6549861380808695
247.0, 0.6693680846958074
248.0, 0.6856998421463132
249.0, 0.7031143334289759
250.0, 0.7221093982644908
251.0, 0.7418524301130041
252.0, 0.7627828111801604
253.0, 0.7841469674293041
254.0, 0.8063562011148719
255.0, 0.8287187357645999
256.0, 0.8515919740455177
257.0, 0.8743427950729281
258.0, 0.8972882882533938
259.0, 0.9198856630389359
260.0, 0.942399809384082
261.0, 0.9643995841237317
262.0, 0.986084198435199
263.0, 0.9668756942228377
264.0, 0.9438064537687995
265.0, 0.9199070509621983
266.0, 0.8949823406405022
267.0, 0.8693414999690743
268.0, 0.8429546171577903
269.0, 0.8161817594538878
270.0, 0.7890100631088327
271.0, 0.7618639122489632
272.0, 0.7347620646676167
273.0, 0.7082011168115656
274.0, 0.6822493787160848
275.0, 0.6544720195854856
276.0, 0.6183113767945764
277.0, 0.5887306849975134
278.0, 0.5676676879031031
279.0, 0.5488928787566085
280.0, 0.5331898546903353
281.0, 0.5217136533016401
282.0, 0.514834396032441
ee_box_dist
0.0, 0.5575707657653017
1.0, 0.613147673732866
2.0, 0.643669054619358
3.0, 0.6829850393465733
4.0, 0.7215914679964378
5.0, 0.7593088885288988
6.0, 0.7975661661888243
7.0, 0.8345180054633171
8.0, 0.8726193200662433
9.0, 0.9076311243315017
10.0, 0.9396670965067598
11.0, 0.9696604919430785
12.0, 0.997781074224881
13.0, 1.023252188578226
14.0, 1.0440335119786943
15.0, 1.065255221051586
16.0, 1.0856187262074912
17.0, 1.1119440143449522
18.0, 1.133163476946357
19.0, 1.1508839000902191
20.0, 1.167505723135743
21.0, 1.1468222113305115
22.0, 1.1195387374522745
23.0, 1.0893097624104915
24.0, 1.0561044887343871
25.0, 1.020029965130699
26.0, 0.9810890146669969
27.0, 0.9394504984547534
28.0, 0.8950901808044397
29.0, 0.8482404964065567
30.0, 0.798866078450349
31.0, 0.7472433344261312
32.0, 0.6933390344983982
33.0, 0.6374861282393066
34.0, 0.5796720364286521
35.0, 0.5202724975123473
36.0, 0.46985794231282396
37.0, 0.4262733404127228
38.0, 0.33216446310298514
39.0, 0.2882974820644755
40.0, 0.22368859147950954
41.0, 0.0800325670355758
42.0, 0.08263575709376986
43.0, 0.08276394430589064
44.0, 0.08273069601806972
45.0, 0.0827847217439431
46.0, 0.08275582264340878
47.0, 0.08280368281987471
48.0, 0.08277918597567893
49.0, 0.0828224844540714
50.0, 0.08280156659955665
51.0, 0.08284126478368103
52.0, 0.08282403045666621
53.0, 0.08286088023446826
54.0, 0.0828470534642363
55.0, 0.0828790875671483
56.0, 0.08286929240270546
57.0, 0.08289440725168538
58.0, 0.08288855976517465
59.0, 0.0829077246888289
60.0, 0.082905233473927
61.0, 0.08291961029561738
62.0, 0.0829194873032793
63.0, 0.08293025830075922
64.0, 0.0829330608930921
65.0, 0.08294055941394811
66.0, 0.08294471546333636
67.0, 0.08295121467748587
68.0, 0.08295609861919946
69.0, 0.08296082941816493
70.0, 0.08296696244643427
71.0, 0.0829698229960074
72.0, 0.08297715968239798
73.0, 0.08297767586243962
74.0, 0.08298646591860784
75.0, 0.08298580975909078
76.0, 0.08299559051448249
77.0, 0.08299379966206938
78.0, 0.08300409967279831
79.0, 0.0830011972563785
80.0, 0.08301235879368031
81.0, 0.08300875976491848
82.0, 0.0830203490558644
83.0, 0.08301641170472197
84.0, 0.0830281889287196
85.0, 0.08302394600124507
86.0, 0.0834088598765068
87.0, 0.12943556138030574
88.0, 0.13595148960766185
89.0, 0.13416900938169457
90.0, 0.12933359688587934
91.0, 0.12101677117670308
92.0, 0.1202332765659728
93.0, 0.12027345457698643
94.0, 0.12019023081871834
95.0, 0.12027220379479171
96.0, 0.12019026696936
97.0, 0.12027225786288523
98.0, 0.12019036228795439
99.0, 0.12027225786288523
100.0, 0.12019029674766461
101.0, 0.12027221041772883
102.0, 0.12019029674766461
103.0, 0.12027221041772883
104.0, 0.12019031462865187
105.0, 0.12027221041772883
106.0, 0.12019035039064059
107.0, 0.12027225786288523
108.0, 0.12019036228795439
109.0, 0.12027225786288523
110.0, 0.12019036228795439
111.0, 0.12027227588559244
112.0, 0.12019036228795439
113.0, 0.12027221041772883
114.0, 0.12019033250964387
115.0, 0.0864000019765315
116.0, 0.11804587437694015
117.0, 0.12025430250810004
118.0, 0.12019102738669424
119.0, 0.12027236569314621
120.0, 0.12019036852454931
121.0, 0.1202722711089821
122.0, 0.12019027886668207
123.0, 0.12027225786288523
124.0, 0.12019033250964387
125.0, 0.12027219239501918
126.0, 0.12019036228795439
127.0, 0.12027225786288523
128.0, 0.12019036228795439
129.0, 0.12027222844044315
130.0, 0.12019025461319112
131.0, 0.12027219239501918
132.0, 0.12019035039064059
133.0, 0.12027216297258325
134.0, 0.12019033250964387
135.0, 0.12027217437231424
136.0, 0.12019035039064059
137.0, 0.12027221041772883
138.0, 0.12019029674766461
139.0, 0.12027221041772883
140.0, 0.12019035039064059
141.0, 0.12027216297258325
142.0, 0.12019035039064059
143.0, 0.1166149128121005
144.0, 0.1169886397895145
145.0, 0.1166430682877065
146.0, 0.11698757108805563
147.0, 0.11664189254510231
148.0, 0.11698667806124671
149.0, 0.11664054491022845
150.0, 0.11698542667471713
151.0, 0.11664044748842019
152.0, 0.1169856727569498
153.0, 0.11664038025477073
154.0, 0.11698572048673686
155.0, 0.11664032186184513
156.0, 0.11698562502717363
157.0, 0.11664026346901213
158.0, 0.1169856727569498
159.0, 0.11664032186184513
160.0, 0.1169856727569498
161.0, 0.11664038025477073
162.0, 0.11698561485306157
163.0, 0.11664026346901213
164.0, 0.1169856829311783
165.0, 0.11664038025477073
166.0, 0.1169856829311783
167.0, 0.11663934374739449
168.0, 0.11698459208473097
169.0, 0.11663967153777058
170.0, 0.11698431080992104
171.0, 0.1166390777099478
172.0, 0.1169843585397475
173.0, 0.1166391252033855
174.0, 0.1169841707930541
175.0, 0.11663893419225027
176.0, 0.11698374607968551
177.0, 0.11663797245874716
178.0, 0.1169829488131893
179.0, 0.1166368070211707
180.0, 0.11698170341742435
181.0, 0.11663668106739099
182.0, 0.11698238075857072
183.0, 0.11663761209888954
184.0, 0.11698369191010143
185.0, 0.11663897686639207
186.0, 0.11698488395550428
187.0, 0.11664038895220487
188.0, 0.11698553616613247
189.0, 0.11664107441146408
190.0, 0.1169862359475326
191.0, 0.11664100415877615
192.0, 0.1169861125772239
193.0, 0.11664075893126306
194.0, 0.1169861125772239
195.0, 0.11664080642474721
196.0, 0.1169861125772239
197.0, 0.11664071143779006
198.0, 0.1169861125772239
199.0, 0.11664085391824246
200.0, 0.11698591659072592
201.0, 0.11664080642474721
202.0, 0.11698586785400658
203.0, 0.11532488604883641
204.0, 0.11734127466887431
205.0, 0.11666180785350182
206.0, 0.11698495373080683
207.0, 0.11664062557279582
208.0, 0.1169856231322209
209.0, 0.1166410325751204
210.0, 0.11698599122262976
211.0, 0.11664105323062748
212.0, 0.11698613441254489
213.0, 0.11664145946712115
214.0, 0.11698691057560084
215.0, 0.11664126092249626
216.0, 0.11698707364441657
217.0, 0.11664235078430538
218.0, 0.09889781213310052
219.0, 0.11671638220030923
220.0, 0.11704113720066772
221.0, 0.09968774787312057
222.0, 0.10333179091538591
223.0, 0.11601448303214862
224.0, 0.11698177578451538
225.0, 0.116651519988048
226.0, 0.11698806808281814
227.0, 0.11664177402960636
228.0, 0.11698648329868448
229.0, 0.11664051477295777
230.0, 0.1200789096920576
231.0, 0.12026766506557868
232.0, 0.12018810410862464
233.0, 0.12027178509269802
234.0, 0.12018948437007726
235.0, 0.12027199575482145
236.0, 0.12019008531738648
237.0, 0.1202723552621913
238.0, 0.12019003765809237
239.0, 0.12027223090115098
240.0, 0.12019008531738648
241.0, 0.12027223090115098
242.0, 0.12019013297669127
243.0, 0.07092647867232722
244.0, 0.07098673930177792
245.0, 0.07036175540540315
246.0, 0.0711599752909448
247.0, 0.07049086395503674
248.0, 0.07120630672912924
249.0, 0.07051256742418656
250.0, 0.07117683822062934
251.0, 0.07045610819793453
252.0, 0.0710116482158578
253.0, 0.07020516851285113
254.0, 0.07071528248998808
255.0, 0.06980927253937182
256.0, 0.07024221554275793
257.0, 0.06921980843257748
258.0, 0.0695749114199637
259.0, 0.06843612960819746
260.0, 0.06873000588963203
261.0, 0.06748774205189899
262.0, 0.0677460946588822
263.0, 0.08010342111238831
264.0, 0.08071858268522407
265.0, 0.0808958788598137
266.0, 0.08119638791672269
267.0, 0.08134100637965361
268.0, 0.08160370811745525
269.0, 0.08171475746322747
270.0, 0.08193355337428422
271.0, 0.08200469213586264
272.0, 0.08217472716433988
273.0, 0.08220061212134912
274.0, 0.08231930679458684
275.0, 0.08132847425206015
276.0, 0.08117746368550707
277.0, 0.08226937092576952
278.0, 0.08230614250690693
279.0, 0.08218531177276271
280.0, 0.08215712624529195
281.0, 0.0819900276931332
282.0, 0.08191359281831456
spot_hold
0, 0
1, 0
2, 0
3, 0
4, 0
5, 0
6, 0
7, 0
8, 0
9, 0
10, 0
11, 0
12, 0
13, 0
14, 0
15, 0
16, 0
17, 0
18, 0
19, 0
20, 0
21, 0
22, 0
23, 0
24, 0
25, 0
26, 0
27, 0
28, 0
29, 0
30, 0
31, 0
32, 0
33, 0
34, 0
35, 0
36, 0
37, 0
38, 0
39, 0
40, 0
41, 1
42, 1
43, 1
44, 1
45, 1
46, 1
47, 1
48, 1
49, 1
50, 1
51, 1
52, 1
53, 1
54, 1
55, 1
56, 1
57, 1
58, 1
59, 1
60, 1
61, 1
62, 1
63, 1
64, 1
65, 1
66, 1
67, 1
68, 1
69, 1
70, 1
71, 1
72, 1
73, 1
74, 1
75, 1
76, 1
77, 1
78, 1
79, 1
80, 1
81, 1
82, 1
83, 1
84, 1
85, 1
86, 1
87, 1
88, 1
89, 1
90, 1
91, 1
92, 1
93, 1
94, 1
95, 1
96, 1
97, 1
98, 1
99, 1
100, 1
101, 1
102, 1
103, 1
104, 1
105, 1
106, 1
107, 1
108, 1
109, 1
110, 1
111, 1
112, 1
113, 1
114, 1
115, 1
116, 1
117, 1
118, 1
119, 1
120, 1
121, 1
122, 1
123, 1
124, 1
125, 1
126, 1
127, 1
128, 1
129, 1
130, 1
131, 1
132, 1
133, 1
134, 1
135, 1
136, 1
137, 1
138, 1
139, 1
140, 1
141, 1
142, 1
143, 1
144, 1
145, 1
146, 1
147, 1
148, 1
149, 1
150, 1
151, 1
152, 1
153, 1
154, 1
155, 1
156, 1
157, 1
158, 1
159, 1
160, 1
161, 1
162, 1
163, 1
164, 1
165, 1
166, 1
167, 1
168, 1
169, 1
170, 1
171, 1
172, 1
173, 1
174, 1
175, 1
176, 1
177, 1
178, 1
179, 1
180, 1
181, 1
182, 1
183, 1
184, 1
185, 1
186, 1
187, 1
188, 1
189, 1
190, 1
191, 1
192, 1
193, 1
194, 1
195, 1
196, 1
197, 1
198, 1
199, 1
200, 1
201, 1
202, 1
203, 1
204, 1
205, 1
206, 1
207, 1
208, 1
209, 1
210, 1
211, 1
212, 1
213, 1
214, 1
215, 1
216, 1
217, 1
218, 1
219, 1
220, 1
221, 1
222, 1
223, 1
224, 1
225, 1
226, 1
227, 1
228, 1
229, 1
230, 1
231, 1
232, 1
233, 1
234, 1
235, 1
236, 1
237, 1
238, 1
239, 1
240, 1
241, 1
242, 1
243, 1
244, 1
245, 1
246, 1
247, 1
248, 1
249, 1
250, 1
251, 1
252, 1
253, 1
254, 1
255, 1
256, 1
257, 1
258, 1
259, 1
260, 1
261, 1
262, 1
263, 1
264, 1
265, 1
266, 1
267, 1
268, 1
269, 1
270, 1
271, 1
272, 1
273, 1
274, 1
275, 1
276, 1
277, 1
278, 1
279, 1
280, 1
281, 1
282, 1
