bot_dist
0.0, 3.5343150125643015
1.0, 3.5404260609951965
2.0, 3.5465547758816665
3.0, 3.552701065795247
4.0, 3.5588648396777924
5.0, 3.5650460068427625
6.0, 3.5712444769764424
7.0, 3.5774601601391023
8.0, 3.583692966766094
9.0, 3.589942807668888
10.0, 3.596209594036048
11.0, 3.60249323743415
12.0, 3.6087936498086424
13.0, 3.615110743484646
14.0, 3.6214444311677036
15.0, 3.627794625944468
16.0, 3.6341612412833424
17.0, 3.640544191035062
18.0, 3.6469433894332277
19.0, 3.653358751094783
20.0, 3.6597901910204462
21.0, 3.66623762459509
22.0, 3.672700967588071
23.0, 3.6791801361535135
24.0, 3.6856750468305464
25.0, 3.692185616543492
26.0, 3.6987117626020107
27.0, 3.7052534027012007
28.0, 3.7118104549216566
29.0, 3.718382837729479
30.0, 3.7249704699762494
31.0, 3.7315732708989593
32.0, 3.7381911601199005
33.0, 3.744824057646515
34.0, 3.751471883871206
35.0, 3.7581345595711144
36.0, 3.7648120059078525
37.0, 3.7715041444272033
38.0, 3.7782108970587864
39.0, 3.7849321861156877
40.0, 3.791667934294053
41.0, 3.7984180646726493
42.0, 3.805182500712394
43.0, 3.811961166255851
44.0, 3.8187539855266985
45.0, 3.825560883129159
46.0, 3.8323817840474073
47.0, 3.8392166136449437
48.0, 3.846065297663945
49.0, 3.8529277622245752
50.0, 3.8598039338242858
51.0, 3.8666937393370726
52.0, 3.8735971060127223
53.0, 3.8805139614760162
54.0, 3.887444233725927
55.0, 3.89438785113478
56.0, 3.9013447424473924
57.0, 3.908314836780192
58.0, 3.915298063620314
59.0, 3.922294352824672
60.0, 3.9293036346190107
61.0, 3.936325839596941
62.0, 3.943360898718945
63.0, 3.950408743311373
64.0, 3.957469305065413
65.0, 3.9645425160360483
66.0, 3.9716283086409887
67.0, 3.978726615659595
68.0, 3.9858373702317755
69.0, 3.9929605058568756
70.0, 4.000095956392541
71.0, 4.007243656053579
72.0, 4.014403539410791
73.0, 4.021575541389797
74.0, 4.0287595972698504
75.0, 4.035955642682628
76.0, 4.043163613611017
77.0, 4.050383446387881
78.0, 4.057615077694826
79.0, 4.064858444560933
80.0, 4.0721134843615046
81.0, 4.079380134816783
82.0, 4.086658333990661
83.0, 4.093948020289387
84.0, 4.101249132460254
85.0, 4.108561609590284
86.0, 4.115885391104902
87.0, 4.123220416766601
88.0, 4.130566626673592
89.0, 4.137923961258459
90.0, 4.145292361286798
91.0, 4.152671767855844
92.0, 4.160062122393104
93.0, 4.16746336665497
94.0, 4.174875442725337
95.0, 4.182298293014202
96.0, 4.18973186025627
97.0, 4.197176087509548
98.0, 4.204630918153931
99.0, 4.212096295889793
100.0, 4.2195721647365625
101.0, 4.2195721647365625
102.0, 4.2195721647365625
103.0, 4.2195721647365625
104.0, 4.2195721647365625
105.0, 4.2195721647365625
106.0, 4.2195721647365625
107.0, 4.2195721647365625
108.0, 4.2195721647365625
109.0, 4.2195721647365625
110.0, 4.2195721647365625
111.0, 4.2195721647365625
112.0, 4.2195721647365625
113.0, 4.2195721647365625
114.0, 4.2195721647365625
115.0, 4.2195721647365625
116.0, 4.2195721647365625
117.0, 4.2195721647365625
118.0, 4.2195721647365625
119.0, 4.2195721647365625
120.0, 4.2195721647365625
121.0, 4.2195721647365625
122.0, 4.2195721647365625
123.0, 4.2195721647365625
124.0, 4.2195721647365625
125.0, 4.2195721647365625
126.0, 4.2195721647365625
127.0, 4.2195721647365625
128.0, 4.2195721647365625
129.0, 4.2195721647365625
130.0, 4.2195721647365625
131.0, 4.212096295889793
132.0, 4.204630918153931
133.0, 4.197176087509548
134.0, 4.18973186025627
135.0, 4.182298293014202
136.0, 4.174875442725337
137.0, 4.16746336665497
138.0, 4.160062122393104
139.0, 4.152671767855844
140.0, 4.145292361286798
141.0, 4.137923961258459
142.0, 4.130566626673592
143.0, 4.127155328972333
144.0, 4.119827309115582
145.0, 4.112510547588041
146.0, 4.105205104587317
147.0, 4.097911040646829
148.0, 4.09062841663712
149.0, 4.083357293767174
150.0, 4.076097733585712
151.0, 3.986472916942234
152.0, 3.8968592609188146
153.0, 3.8072575128361876
154.0, 3.7176685775381237
155.0, 3.6280934041875157
156.0, 3.53853303790306
157.0, 3.4489886321763703
158.0, 3.3594614632646236
159.0, 3.2699529469345916
160.0, 3.180464658017792
161.0, 3.090998353341865
162.0, 3.001555998736637
163.0, 2.912139800983039
164.0, 2.8227522457904546
165.0, 2.733396143168505
166.0, 2.6440746819236667
167.0, 2.6366272673224156
168.0, 2.5463989276936227
169.0, 2.4561871814624125
170.0, 2.3659937500443236
171.0, 2.275820810952573
172.0, 2.185670900508204
173.0, 2.095546990773377
174.0, 2.088112024826386
175.0, 1.9976915987223154
176.0, 1.90732525347903
177.0, 1.8999613944700715
178.0, 1.8926217207918234
179.0, 1.8853065149115344
180.0, 1.8780160627484743
181.0, 1.793109375434483
182.0, 1.7859837158773433
183.0, 1.7788857282314603
184.0, 1.7718157450622893
185.0, 1.7647741029418547
186.0, 1.7577611424753794
187.0, 1.7507772083269202
188.0, 1.661434411029319
189.0, 1.6544765201934566
190.0, 1.5662246146831194
191.0, 1.4780914047330196
192.0, 1.390099269656993
193.0, 1.3022768061764394
194.0, 1.2146608176599092
195.0, 1.1272994480883505
196.0, 1.0402568485769699
197.0, 0.9536203112409081
198.0, 0.8675115023214696
199.0, 0.7821047480726787
200.0, 0.6976579311557579
201.0, 0.6145668901756464
202.0, 0.5334655169218779
203.0, 0.45541802186366825
204.0, 0.382299376380129
205.0, 0.3175329484824893
206.0, 0.2672613986573063
207.0, 0.24074313843070322
208.0, 0.24579052837649906
209.0, 0.28070595046536007
210.0, 0.3363120560768711
211.0, 0.4041568027146843
212.0, 0.47906878396166286
213.0, 0.4820527370236494
214.0, 0.5627831325052103
215.0, 0.6455727337705058
216.0, 0.6494863370208873
217.0, 0.65352953183787
218.0, 0.6576999282424862
219.0, 0.6619951222287429
220.0, 0.6664127007475588
221.0, 0.670950246440966
222.0, 0.6756053421186521
223.0, 0.6803755749715442
224.0, 0.6852585405195534
225.0, 0.6902518462928207
226.0, 0.6953531152478124
227.0, 0.7005599889214041
228.0, 0.7058701303276749
229.0, 0.7112812266035072
230.0, 0.7167909914102587
231.0, 0.7167909914102587
232.0, 0.7167909914102587
233.0, 0.7167909914102587
234.0, 0.7167909914102587
235.0, 0.7167909914102587
236.0, 0.7167909914102587
237.0, 0.7167909914102587
238.0, 0.7167909914102587
239.0, 0.7167909914102587
240.0, 0.7167909914102587
241.0, 0.7167909914102587
242.0, 0.7167909914102587
243.0, 0.7167909914102587
244.0, 0.7167909914102587
245.0, 0.7167909914102587
246.0, 0.7167909914102587
247.0, 0.7167909914102587
248.0, 0.7167909914102587
249.0, 0.7167909914102587
250.0, 0.7167909914102587
251.0, 0.7167909914102587
252.0, 0.7167909914102587
253.0, 0.7167909914102587
254.0, 0.7167909914102587
255.0, 0.7167909914102587
256.0, 0.7167909914102587
257.0, 0.7167909914102587
258.0, 0.7167909914102587
259.0, 0.7167909914102587
260.0, 0.7167909914102587
261.0, 0.7112812266035072
262.0, 0.7058701303276749
263.0, 0.7005599889214041
264.0, 0.6953531152478124
265.0, 0.6902518462928207
266.0, 0.6852585405195534
267.0, 0.6803755749715442
268.0, 0.6756053421186521
269.0, 0.670950246440966
270.0, 0.6664127007475588
271.0, 0.6619951222287429
272.0, 0.6576999282424862
273.0, 0.65352953183787
274.0, 0.6494863370208873
275.0, 0.6455727337705058
276.0, 0.6417910928156993
277.0, 0.638143760187111
278.0, 0.6346330515600738
279.0, 0.6312612464088762
280.0, 0.6280305819953792
281.0, 0.6249432472182992
282.0, 0.6220013763526413
ee_dist
0.0, 0.821951268656673
1.0, 0.8083789084486656
2.0, 0.8717356516871292
3.0, 0.9417209806198891
4.0, 0.9658090152910056
5.0, 0.9907351489763411
6.0, 1.0264024179837978
7.0, 1.0639871607454672
8.0, 1.10111512620371
9.0, 1.1372308955981154
10.0, 1.1726015375926482
11.0, 1.2055908093358594
12.0, 1.2371055968303568
13.0, 1.2657514198167918
14.0, 1.293476944204463
15.0, 1.318206647647013
16.0, 1.342379573659045
17.0, 1.3634999917561077
18.0, 1.38455546100056
19.0, 1.4027003182220745
20.0, 1.4212304505072424
21.0, 1.3993699635180166
22.0, 1.367969636957257
23.0, 1.3337727634057968
24.0, 1.2962887529348606
25.0, 1.2556774248368943
26.0, 1.2119185661035767
27.0, 1.1651941230831608
28.0, 1.1154953995300898
29.0, 1.0630630781120298
30.0, 1.0079064327609026
31.0, 0.9503314374392295
32.0, 0.8903789273979209
33.0, 0.8284337963379009
34.0, 0.7646000488723029
35.0, 0.6994110564710635
36.0, 0.6331485033236478
37.0, 0.5666703139373215
38.0, 0.5006952781273906
39.0, 0.4367292213765671
40.0, 0.37674364589672954
41.0, 0.37758167228967165
42.0, 0.6441131536620595
43.0, 1.2792801425794211
44.0, 1.2434680561665867
45.0, 1.2054845740785387
46.0, 1.1650687215107287
47.0, 1.122099551115646
48.0, 1.0767205591998663
49.0, 1.0288339644250613
50.0, 0.979032871918981
51.0, 0.9276560612605728
52.0, 0.8749412086509201
53.0, 0.8208831288545092
54.0, 0.7656098254974038
55.0, 0.7091619431442614
56.0, 0.6523625092985407
57.0, 0.5953255420016298
58.0, 0.6549021650144342
59.0, 0.7325749787497727
60.0, 0.8187044471017529
61.0, 0.9126449070333605
62.0, 1.0087705274421568
63.0, 1.101919465171419
64.0, 1.188387780023348
65.0, 1.254644644016837
66.0, 1.3101189557409836
67.0, 1.3669753884096558
68.0, 1.4195080180166115
69.0, 1.4717783813560084
70.0, 1.5247174484354493
71.0, 1.5760156379771861
72.0, 1.6330910181053353
73.0, 1.6951328839456985
74.0, 1.761987810206485
75.0, 1.8398035152771175
76.0, 1.926806558398093
77.0, 2.0230363230511252
78.0, 2.1233263762619337
79.0, 2.2224101067066244
80.0, 2.315995412717037
81.0, 2.3941066956350765
82.0, 2.4570992487657985
83.0, 2.5188323579980136
84.0, 2.57828534233021
85.0, 2.637076425165286
86.0, 2.6955966770479103
87.0, 2.753468982189642
88.0, 2.7907496665537126
89.0, 2.831790736398546
90.0, 2.872996057265345
91.0, 2.9318690489904142
92.0, 3.0276512438727954
93.0, 3.1284501039477672
94.0, 3.237494865765422
95.0, 3.3439440904419206
96.0, 3.44686945029021
97.0, 3.5356970800669463
98.0, 3.608758971733382
99.0, 3.6747552844493
100.0, 3.7413532611104374
101.0, 3.8038497602188097
102.0, 3.867923156311497
103.0, 3.929302978727268
104.0, 3.994552809318048
105.0, 4.063204315885203
106.0, 4.139148661608237
107.0, 4.219500733275136
108.0, 4.312444111859989
109.0, 4.4116676437392925
110.0, 4.519824674843659
111.0, 4.6274053672354425
112.0, 4.731847268145168
113.0, 4.82546817143039
114.0, 4.9013268990889385
115.0, 4.947469550621604
116.0, 4.995111189934192
117.0, 5.038932789724517
118.0, 5.083682492759947
119.0, 5.124087542409043
120.0, 5.16491003413186
121.0, 5.217333444809169
122.0, 5.237905986493634
123.0, 5.2676064403415195
124.0, 5.2986677474394
125.0, 5.323100530268421
126.0, 5.347329054638989
127.0, 5.365832346740118
128.0, 5.383379202252596
129.0, 5.395051807537062
130.0, 5.405596808510173
131.0, 5.410180620357371
132.0, 5.413539201965124
133.0, 5.410921579202933
134.0, 5.407048360288306
135.0, 5.397257208262254
136.0, 5.38625268271802
137.0, 5.369461295170971
138.0, 5.351568508192784
139.0, 5.328088414814966
140.0, 5.303694757917149
141.0, 5.27398417618144
142.0, 5.250534596422089
143.0, 4.589973850245277
144.0, 4.576771293434378
145.0, 4.567770556787816
146.0, 4.559623269007048
147.0, 4.556091989975345
148.0, 4.553406974651405
149.0, 4.555474297098085
150.0, 4.558340296030192
151.0, 4.476770006734404
152.0, 4.393235226842562
153.0, 4.311724183922305
154.0, 4.2282498630806815
155.0, 4.146807845703578
156.0, 4.063402068261216
157.0, 3.9820372615886654
158.0, 3.8987090496342827
159.0, 3.817431321410252
160.0, 3.7341909616841598
161.0, 3.653012490107921
162.0, 3.5698723288921816
163.0, 3.4888067292661917
164.0, 3.4057820069512585
165.0, 3.3248459100722734
166.0, 3.2419546545068356
167.0, 3.251190506805524
168.0, 3.1701750964064592
169.0, 3.091338190838709
170.0, 3.01068119749003
171.0, 2.9322391763345617
172.0, 2.852007489860143
173.0, 2.7740292586194064
174.0, 2.785390756395734
175.0, 2.7105507235507003
176.0, 2.6341927263285565
177.0, 2.6507932801517846
178.0, 2.6679194736957497
179.0, 2.6891032068996643
180.0, 2.710615813204425
181.0, 2.654922072890366
182.0, 2.631282557438537
183.0, 2.6113287436424515
184.0, 2.591785231807003
185.0, 2.576495014790617
186.0, 2.561796479036552
187.0, 2.55177230357246
188.0, 2.4708738240639314
189.0, 2.4633904459764686
190.0, 2.3807838387733207
191.0, 2.300387046056553
192.0, 2.21804466692994
193.0, 2.1379517371001366
194.0, 2.055935049268648
195.0, 1.976221255846955
196.0, 1.8946163888343481
197.0, 1.815383933405448
198.0, 1.7343094148915954
199.0, 1.6557000788142318
200.0, 1.5748876538679135
201.0, 1.5382041788891194
202.0, 1.471301005880333
203.0, 1.3369701849987514
204.0, 1.2705874702007751
205.0, 1.1821197990390808
206.0, 1.0915113496977151
207.0, 1.0020067193526185
208.0, 0.9637297954601236
209.0, 0.8972507724318496
210.0, 0.8269905441554524
211.0, 0.7631074521215381
212.0, 0.7008512921640041
213.0, 0.6818579543145086
214.0, 0.6180755324281197
215.0, 0.5619985252297736
216.0, 0.5397361368448496
217.0, 0.5227304839749094
218.0, 0.5064826847353069
219.0, 0.4966087804940141
220.0, 0.4880409072196632
221.0, 0.48653215026686947
222.0, 0.4866255633811622
223.0, 0.49376540638058597
224.0, 0.50241836291593
225.0, 0.5173902973599867
226.0, 0.5334865134481196
227.0, 0.5547220693134172
228.0, 0.5765953819028822
229.0, 0.577739117159277
230.0, 0.5765535297834956
231.0, 0.5777459201211411
232.0, 0.5765522263378723
233.0, 0.5777462862150898
234.0, 0.5765522621509724
235.0, 0.5777462862150898
236.0, 0.5765522621509724
237.0, 0.5777458677299656
238.0, 0.5765522621509724
239.0, 0.5777462862150898
240.0, 0.5765521372687473
241.0, 0.5777462862150898
242.0, 0.5765522621509724
243.0, 0.584168979442528
244.0, 0.5963730608020186
245.0, 0.6096606106446072
246.0, 0.624889290091159
247.0, 0.6412604380703982
248.0, 0.6592166169630206
249.0, 0.6779457410481642
250.0, 0.6979551707183475
251.0, 0.7184190837953364
252.0, 0.7398666126622477
253.0, 0.7614925504352749
254.0, 0.7838067497511052
255.0, 0.8060451328522478
256.0, 0.8286636573691548
257.0, 0.8509787770611795
258.0, 0.8733798842567839
259.0, 0.8952933632906132
260.0, 0.9183160379804345
261.0, 0.9394948558235765
262.0, 0.9603571625303575
263.0, 0.9428337725565457
264.0, 0.9217477747249706
265.0, 0.8997988180764936
266.0, 0.8768080041637384
267.0, 0.8530644845556549
268.0, 0.8285291263661387
269.0, 0.8035384831297555
270.0, 0.7780654647863673
271.0, 0.7525093676664406
272.0, 0.7268662162151845
273.0, 0.7016015502220814
274.0, 0.6767519918320227
275.0, 0.65277624332096
276.0, 0.6284851883349102
277.0, 0.6051459952684334
278.0, 0.5843655961987752
279.0, 0.5666680072449293
280.0, 0.5507844838705227
281.0, 0.5383019190635273
282.0, 0.5406614144984039
ee_box_dist
0.0, 0.5575707657653017
1.0, 0.613147673732866
2.0, 0.6436585174613225
3.0, 0.6829862609535658
4.0, 0.721592932115138
5.0, 0.7593079382479718
6.0, 0.7975649492633416
7.0, 0.8326299439273902
8.0, 0.8659818529412787
9.0, 0.897654050278715
10.0, 0.927912572615664
11.0, 0.9558873663704004
12.0, 0.9824369578562494
13.0, 1.0064910847425377
14.0, 1.0297517550110598
15.0, 1.0504561923899454
16.0, 1.0707646129519952
17.0, 1.0884302991937533
18.0, 1.106186364200525
19.0, 1.1213942986728822
20.0, 1.1371196711597134
21.0, 1.1182770826554926
22.0, 1.0916970325925606
23.0, 1.0625912089562282
24.0, 1.0301979439604565
25.0, 0.9951894630773952
26.0, 0.9544916632843986
27.0, 0.9117709017804665
28.0, 0.8701582991980537
29.0, 0.8269578925381122
30.0, 0.7816065799079821
31.0, 0.7330387118018813
32.0, 0.6756716791715965
33.0, 0.6213492718403226
34.0, 0.5627374447466275
35.0, 0.5039689466611844
36.0, 0.44457928988454637
37.0, 0.3871731255180626
38.0, 0.32814071473132184
39.0, 0.2702355578730534
40.0, 0.2148319923181941
41.0, 0.08025345093776234
42.0, 0.08290186380961621
43.0, 0.08302916515052026
44.0, 0.08297781644454033
45.0, 0.08303048553031112
46.0, 0.08298410315382862
47.0, 0.08302989743756531
48.0, 0.08298956380806152
49.0, 0.0830288999175698
50.0, 0.08299343884577143
51.0, 0.08302727935889334
52.0, 0.08299706113149441
53.0, 0.08302521125023359
54.0, 0.08299976206086163
55.0, 0.08302361849263326
56.0, 0.08300181408307489
57.0, 0.08302134862955513
58.0, 0.08300350354154236
59.0, 0.0830192165892416
60.0, 0.08300452341468197
61.0, 0.08301658433177982
62.0, 0.08300535479041887
63.0, 0.0830142757243198
64.0, 0.08300588721942523
65.0, 0.08301168278069761
66.0, 0.08300601612023345
67.0, 0.08300970793604581
68.0, 0.08300652675270999
69.0, 0.08300758241885725
70.0, 0.08300719396004827
71.0, 0.0830060713334829
72.0, 0.08300786113916855
73.0, 0.08300513668496062
74.0, 0.08300887856325931
75.0, 0.0830051154449237
76.0, 0.08301026962070941
77.0, 0.08300548146798004
78.0, 0.08301257264926422
79.0, 0.08300699454260003
80.0, 0.08301512450647601
81.0, 0.08300913122320187
82.0, 0.0830185522790971
83.0, 0.08301243834019767
84.0, 0.08302294216537594
85.0, 0.08301702050468804
86.0, 0.08862892675637414
87.0, 0.1244653322881521
88.0, 0.1350698224459132
89.0, 0.1333401928605397
90.0, 0.12895311474361648
91.0, 0.11543398091292391
92.0, 0.11451769701485898
93.0, 0.11666829271142642
94.0, 0.11459812541057783
95.0, 0.116660145276871
96.0, 0.11459817956713028
97.0, 0.11666039244224034
98.0, 0.11459811526779756
99.0, 0.11666037268407728
100.0, 0.11459811526779756
101.0, 0.11666039244224034
102.0, 0.11459811526779756
103.0, 0.11666039244224034
104.0, 0.11459813503908502
105.0, 0.11666037268407728
106.0, 0.11459811526779756
107.0, 0.11666039244224034
108.0, 0.11459807572523566
109.0, 0.11666039244224034
110.0, 0.11459807572523566
111.0, 0.11666039244224034
112.0, 0.11459811526779756
113.0, 0.11666039244224034
114.0, 0.11459811526779756
115.0, 0.11666037268407728
116.0, 0.11459811526779756
117.0, 0.11666039244224034
118.0, 0.11459811526779756
119.0, 0.11666039244224034
120.0, 0.11459811526779756
121.0, 0.09288386437737339
122.0, 0.11066145369056475
123.0, 0.1164153515097504
124.0, 0.115144195639058
125.0, 0.11663297933798968
126.0, 0.1145987334584285
127.0, 0.1166603184434232
128.0, 0.11459813503908502
129.0, 0.11666037268407728
130.0, 0.11459807572523566
131.0, 0.11666039244224034
132.0, 0.11459811526779756
133.0, 0.11666039244224034
134.0, 0.11459811526779756
135.0, 0.11666037268407728
136.0, 0.11459811526779756
137.0, 0.11666039244224034
138.0, 0.11459813503908502
139.0, 0.11666037268407728
140.0, 0.11459811526779756
141.0, 0.11666039244224034
142.0, 0.11459807572523566
143.0, 0.11222256276605821
144.0, 0.11121960699616017
145.0, 0.11247637653771979
146.0, 0.11121212507231745
147.0, 0.11247454571649673
148.0, 0.11121159986525049
149.0, 0.1124738794143507
150.0, 0.11121136528538658
151.0, 0.11247437825964594
152.0, 0.11121157325021098
153.0, 0.11247444294543288
154.0, 0.11121126502107606
155.0, 0.11247435327265932
156.0, 0.11121144372119646
157.0, 0.11247435327265932
158.0, 0.11121132978564235
159.0, 0.11247435327265932
160.0, 0.11121126502107606
161.0, 0.11247444183180678
162.0, 0.11121132978564235
163.0, 0.11247461201690487
164.0, 0.11121157325021098
165.0, 0.1124745712036494
166.0, 0.11121179192392076
167.0, 0.1124727372295576
168.0, 0.11121120385003776
169.0, 0.11247388257513653
170.0, 0.11121129340751006
171.0, 0.11247348427284558
172.0, 0.11121129340751006
173.0, 0.11247348427284558
174.0, 0.11121021250356045
175.0, 0.11247312026977943
176.0, 0.11121058737225413
177.0, 0.11247175163604631
178.0, 0.11120849169428847
179.0, 0.11247021416413458
180.0, 0.11120655245325557
181.0, 0.11247019839159308
182.0, 0.11120786744917972
183.0, 0.1124714993731404
184.0, 0.11120947326838285
185.0, 0.11247305973449029
186.0, 0.11121080628295933
187.0, 0.1124742443848045
188.0, 0.11121153307191567
189.0, 0.1124742635413785
190.0, 0.1112119708319898
191.0, 0.11247478079493439
192.0, 0.11121191257118616
193.0, 0.11247468303008558
194.0, 0.11121191257118616
195.0, 0.11247468303008558
196.0, 0.11121200212847109
197.0, 0.11247468303008558
198.0, 0.11121191257118616
199.0, 0.11247468303008558
200.0, 0.1094502221961706
201.0, 0.10353683784384274
202.0, 0.0775230336802524
203.0, 0.14049733468956543
204.0, 0.12095886334817829
205.0, 0.11229652447656567
206.0, 0.10614315648979304
207.0, 0.09043658012687211
208.0, 0.11110697800986524
209.0, 0.11247867717059938
210.0, 0.11121834693272942
211.0, 0.11247392359402052
212.0, 0.11121170476889607
213.0, 0.11247526167677441
214.0, 0.11121245459890972
215.0, 0.11247484244595171
216.0, 0.11121242300060884
217.0, 0.11247480564631888
218.0, 0.11121261820848878
219.0, 0.11247564418734797
220.0, 0.1112120311890845
221.0, 0.1124747828076426
222.0, 0.11121210371689226
223.0, 0.11247591413239773
224.0, 0.11121226119099037
225.0, 0.1124750855458367
226.0, 0.1112116744173432
227.0, 0.11247442755284258
228.0, 0.11121150132544501
229.0, 0.11656319457452073
230.0, 0.11459816444413627
231.0, 0.11666064094811693
232.0, 0.11459875586453239
233.0, 0.11666084309488431
234.0, 0.11459902931068035
235.0, 0.11666084309488431
236.0, 0.11459894025234976
237.0, 0.11666054560090498
238.0, 0.11459884492288226
239.0, 0.11666084309488431
240.0, 0.11459894652403224
241.0, 0.11666079854340385
242.0, 0.11459884492288226
243.0, 0.07435429339550845
244.0, 0.07355046255091598
245.0, 0.07238331934982771
246.0, 0.07241034596968751
247.0, 0.07129484166144559
248.0, 0.07151062341300068
249.0, 0.07047736297082105
250.0, 0.07085959206910789
251.0, 0.06990348515029192
252.0, 0.07030260580644478
253.0, 0.06931192964758079
254.0, 0.06975803135278046
255.0, 0.0686987887931202
256.0, 0.06911531380610993
257.0, 0.06795374385633664
258.0, 0.06831733655065578
259.0, 0.06704451277430853
260.0, 0.06778010179864741
261.0, 0.06632213120533256
262.0, 0.06654233804724076
263.0, 0.08001942549785979
264.0, 0.08066464716814539
265.0, 0.08084531335858884
266.0, 0.08115281516002247
267.0, 0.08130124877882311
268.0, 0.08157057751301433
269.0, 0.08168488002670111
270.0, 0.08190907223842966
271.0, 0.0819835248894451
272.0, 0.0821588526694244
273.0, 0.08218739611608021
274.0, 0.08230973955499354
275.0, 0.08229006776246259
276.0, 0.08231389271012753
277.0, 0.08233438603700355
278.0, 0.08231042413707491
279.0, 0.08218928245652206
280.0, 0.08215859572821718
281.0, 0.0819899346221529
282.0, 0.08354690426362422
spot_hold
0, 0
1, 0
2, 0
3, 0
4, 0
5, 0
6, 0
7, 0
8, 0
9, 0
10, 0
11, 0
12, 0
13, 0
14, 0
15, 0
16, 0
17, 0
18, 0
19, 0
20, 0
21, 0
22, 0
23, 0
24, 0
25, 0
26, 0
27, 0
28, 0
29, 0
30, 0
31, 0
32, 0
33, 0
34, 0
35, 0
36, 0
37, 0
38, 0
39, 0
40, 0
41, 1
42, 1
43, 1
44, 1
45, 1
46, 1
47, 1
48, 1
49, 1
50, 1
51, 1
52, 1
53, 1
54, 1
55, 1
56, 1
57, 1
58, 1
59, 1
60, 1
61, 1
62, 1
63, 1
64, 1
65, 1
66, 1
67, 1
68, 1
69, 1
70, 1
71, 1
72, 1
73, 1
74, 1
75, 1
76, 1
77, 1
78, 1
79, 1
80, 1
81, 1
82, 1
83, 1
84, 1
85, 1
86, 1
87, 1
88, 1
89, 1
90, 1
91, 1
92, 1
93, 1
94, 1
95, 1
96, 1
97, 1
98, 1
99, 1
100, 1
101, 1
102, 1
103, 1
104, 1
105, 1
106, 1
107, 1
108, 1
109, 1
110, 1
111, 1
112, 1
113, 1
114, 1
115, 1
116, 1
117, 1
118, 1
119, 1
120, 1
121, 1
122, 1
123, 1
124, 1
125, 1
126, 1
127, 1
128, 1
129, 1
130, 1
131, 1
132, 1
133, 1
134, 1
135, 1
136, 1
137, 1
138, 1
139, 1
140, 1
141, 1
142, 1
143, 1
144, 1
145, 1
146, 1
147, 1
148, 1
149, 1
150, 1
151, 1
152, 1
153, 1
154, 1
155, 1
156, 1
157, 1
158, 1
159, 1
160, 1
161, 1
162, 1
163, 1
164, 1
165, 1
166, 1
167, 1
168, 1
169, 1
170, 1
171, 1
172, 1
173, 1
174, 1
175, 1
176, 1
177, 1
178, 1
179, 1
180, 1
181, 1
182, 1
183, 1
184, 1
185, 1
186, 1
187, 1
188, 1
189, 1
190, 1
191, 1
192, 1
193, 1
194, 1
195, 1
196, 1
197, 1
198, 1
199, 1
200, 1
201, 1
202, 1
203, 1
204, 1
205, 1
206, 1
207, 1
208, 1
209, 1
210, 1
211, 1
212, 1
213, 1
214, 1
215, 1
216, 1
217, 1
218, 1
219, 1
220, 1
221, 1
222, 1
223, 1
224, 1
225, 1
226, 1
227, 1
228, 1
229, 1
230, 1
231, 1
232, 1
233, 1
234, 1
235, 1
236, 1
237, 1
238, 1
239, 1
240, 1
241, 1
242, 1
243, 1
244, 1
245, 1
246, 1
247, 1
248, 1
249, 1
250, 1
251, 1
252, 1
253, 1
254, 1
255, 1
256, 1
257, 1
258, 1
259, 1
260, 1
261, 1
262, 1
263, 1
264, 1
265, 1
266, 1
267, 1
268, 1
269, 1
270, 1
271, 1
272, 1
273, 1
274, 1
275, 1
276, 1
277, 1
278, 1
279, 1
280, 1
281, 1
282, 1
