bot_dist
0.0, 3.0855568315300657
1.0, 3.089771774298222
2.0, 3.0940132971681753
3.0, 3.098281290976073
4.0, 3.102575646479328
5.0, 3.1068962543664465
6.0, 3.1112430052667484
7.0, 3.115615789759973
8.0, 3.120014498385774
9.0, 3.1244390216531
10.0, 3.128889250049465
11.0, 3.1333650740501033
12.0, 3.137866384127006
13.0, 3.1423930707578505
14.0, 3.146945024434808
15.0, 3.1515221356732384
16.0, 3.156124295020272
17.0, 3.1607513930632667
18.0, 3.165403320438161
19.0, 3.1700799678376983
20.0, 3.1747812260195465
21.0, 3.179506872854772
22.0, 3.1842569110537893
23.0, 3.1890312316243374
24.0, 3.193829725670357
25.0, 3.1986522843995213
26.0, 3.203498799130645
27.0, 3.2083691613009915
28.0, 3.213263262473447
29.0, 3.2181809943435904
30.0, 3.223122248746646
31.0, 3.228086917664315
32.0, 3.2330748932315023
33.0, 3.2380860677429215
34.0, 3.2431203336595873
35.0, 3.2481775836151963
36.0, 3.2532577104223965
37.0, 3.258360607078937
38.0, 3.263486166773715
39.0, 3.268634282892704
40.0, 3.2738048490247764
41.0, 3.2789977589674115
42.0, 3.2842129067322974
43.0, 3.289450186550822
44.0, 3.2947094928794547
45.0, 3.2999907204050265
46.0, 3.305293764049892
47.0, 3.310618518976999
48.0, 3.315964880594838
49.0, 3.321332744562301
50.0, 3.3267220067934273
51.0, 3.3321325634620487
52.0, 3.3375643110063318
53.0, 3.3430171461332203
54.0, 3.3484909658227786
55.0, 3.353985667332429
56.0, 3.3595011482010966
57.0, 3.365037306253252
58.0, 3.37059403960286
59.0, 3.3761712466572313
60.0, 3.3817688261207755
61.0, 3.3873866769986662
62.0, 3.393024698600406
63.0, 3.398682790543303
64.0, 3.404360852755856
65.0, 3.410058785481048
66.0, 3.4157764892795472
67.0, 3.421513865032826
68.0, 3.427270813946187
69.0, 3.4330472375517034
70.0, 3.4388430377110746
71.0, 3.4446581166183985
72.0, 3.4504923768028566
73.0, 3.4563457211313175
74.0, 3.462218052810863
75.0, 3.4681092753912246
76.0, 3.4740192927671516
77.0, 3.47994800918069
78.0, 3.4858953292233887
79.0, 3.4918611578384335
80.0, 3.4978454003226926
81.0, 3.503847962328703
82.0, 3.509868749866571
83.0, 3.515907669305804
84.0, 3.521964627377076
85.0, 3.5280395311739148
86.0, 3.5341322881543213
87.0, 3.5402428061423223
88.0, 3.546370993329458
89.0, 3.5525167582761936
90.0, 3.558680009913276
91.0, 3.5648606575430195
92.0, 3.571058610840526
93.0, 3.5772737798548517
94.0, 3.5835060750101007
95.0, 3.5897554071064666
96.0, 3.5960216873212065
97.0, 3.6023048272095646
98.0, 3.608604738705631
99.0, 3.6149213341231463
100.0, 3.6212545261562505
101.0, 3.6212545261562505
102.0, 3.6212545261562505
103.0, 3.6212545261562505
104.0, 3.6212545261562505
105.0, 3.6212545261562505
106.0, 3.6212545261562505
107.0, 3.6212545261562505
108.0, 3.6212545261562505
109.0, 3.6212545261562505
110.0, 3.6212545261562505
111.0, 3.6212545261562505
112.0, 3.6212545261562505
113.0, 3.6212545261562505
114.0, 3.6212545261562505
115.0, 3.6212545261562505
116.0, 3.6212545261562505
117.0, 3.6212545261562505
118.0, 3.6212545261562505
119.0, 3.6212545261562505
120.0, 3.6212545261562505
121.0, 3.6212545261562505
122.0, 3.6212545261562505
123.0, 3.6212545261562505
124.0, 3.6212545261562505
125.0, 3.6212545261562505
126.0, 3.6212545261562505
127.0, 3.6212545261562505
128.0, 3.6212545261562505
129.0, 3.6212545261562505
130.0, 3.6212545261562505
131.0, 3.6149213341231463
132.0, 3.608604738705631
133.0, 3.6023048272095646
134.0, 3.5960216873212065
135.0, 3.5897554071064666
136.0, 3.5835060750101007
137.0, 3.5772737798548517
138.0, 3.571058610840526
139.0, 3.5648606575430195
140.0, 3.558680009913276
141.0, 3.5525167582761936
142.0, 3.546370993329458
143.0, 3.5448249083228704
144.0, 3.5387223025265317
145.0, 3.5326374619750665
146.0, 3.526570478626385
147.0, 3.5205214448014877
148.0, 3.514490453182894
149.0, 3.5084775968130093
150.0, 3.5024829690924126
151.0, 3.413317995198884
152.0, 3.324190837187016
153.0, 3.235104572571305
154.0, 3.146062727065894
155.0, 3.057069181998126
156.0, 2.9681282819548036
157.0, 2.879244905610694
158.0, 2.790424549877343
159.0, 2.701673430368498
160.0, 2.6129986019682216
161.0, 2.5244081043176343
162.0, 2.4359111383893093
163.0, 2.347518282110179
164.0, 2.259241755386491
165.0, 2.171095748107397
166.0, 2.0830968290855036
167.0, 2.0777802527714586
168.0, 1.99111527763528
169.0, 1.904802650698514
170.0, 1.818892303252462
171.0, 1.7334440478427624
172.0, 1.6485297408962472
173.0, 1.564236340737834
174.0, 1.5597871404883101
175.0, 1.4788196383288275
176.0, 1.3990843882172608
177.0, 1.3952085003803893
178.0, 1.3913936873985928
179.0, 1.3876404529812978
180.0, 1.38394929812698
181.0, 1.323894247598734
182.0, 1.3207568043344065
183.0, 1.3176877828927378
184.0, 1.3146876624477981
185.0, 1.3117569157502706
186.0, 1.308896008804137
187.0, 1.306105400542647
188.0, 1.3033855425040075
189.0, 1.300736878507254
190.0, 1.2981598443287534
191.0, 1.2956548673798296
192.0, 1.2932223663859836
193.0, 1.2908627510682205
194.0, 1.2885764218269689
195.0, 1.2047393767104118
196.0, 1.121041347958531
197.0, 1.0375159801162892
198.0, 1.0352594366066803
199.0, 0.9532196286918173
200.0, 0.8715415783419863
201.0, 0.7903374518834381
202.0, 0.7097699315522328
203.0, 0.6300832694469891
204.0, 0.5516593151154462
205.0, 0.47512374839147936
206.0, 0.4015577859197687
207.0, 0.3329357856934188
208.0, 0.27301157882604865
209.0, 0.22872671415070833
210.0, 0.2102094198045327
211.0, 0.2239454100072833
212.0, 0.264965291249619
213.0, 0.32303742335146546
214.0, 0.3906293135685104
215.0, 0.4635957922351568
216.0, 0.5397614736391164
217.0, 0.6179445202927116
218.0, 0.6974668478015991
219.0, 0.6971434852478471
220.0, 0.7775790750637657
221.0, 0.8585240324116882
222.0, 0.9398467576034546
223.0, 0.9398131438792332
224.0, 0.9398859357358146
225.0, 0.9400651084553588
226.0, 0.9403506012290106
227.0, 0.9407423172600009
228.0, 0.9412401239274965
229.0, 0.9418438530105506
230.0, 0.942553300971276
231.0, 0.942553300971276
232.0, 0.942553300971276
233.0, 0.942553300971276
234.0, 0.942553300971276
235.0, 0.942553300971276
236.0, 0.942553300971276
237.0, 0.942553300971276
238.0, 0.942553300971276
239.0, 0.942553300971276
240.0, 0.942553300971276
241.0, 0.942553300971276
242.0, 0.942553300971276
243.0, 0.942553300971276
244.0, 0.942553300971276
245.0, 0.942553300971276
246.0, 0.942553300971276
247.0, 0.942553300971276
248.0, 0.942553300971276
249.0, 0.942553300971276
250.0, 0.942553300971276
251.0, 0.942553300971276
252.0, 0.942553300971276
253.0, 0.942553300971276
254.0, 0.942553300971276
255.0, 0.942553300971276
256.0, 0.942553300971276
257.0, 0.942553300971276
258.0, 0.942553300971276
259.0, 0.942553300971276
260.0, 0.942553300971276
261.0, 0.9418438530105506
262.0, 0.9412401239274965
263.0, 0.9407423172600009
264.0, 0.9403506012290106
265.0, 0.9400651084553588
266.0, 0.9398859357358146
267.0, 0.9398131438792332
268.0, 0.9398467576034546
269.0, 0.9399867654933571
270.0, 0.9402331200202311
271.0, 0.9405857376223984
272.0, 0.9410444988467562
273.0, 0.9416092485506885
274.0, 0.9422797961635493
275.0, 0.9430559160066947
276.0, 0.9439373476708134
277.0, 0.944923796449096
278.0, 0.946014933824574
279.0, 0.9472103980097726
280.0, 0.9485097945366348
281.0, 0.9499126622172275
282.0, 0.9514185729571621
ee_dist
0.0, 1.1533235883574133
1.0, 1.1945524373701797
2.0, 1.2920251918951977
3.0, 1.3787696718988183
4.0, 1.4086651636558982
5.0, 1.4343105031580738
6.0, 1.4676303815458263
7.0, 1.501187138802402
8.0, 1.5389187851508717
9.0, 1.573756566728787
10.0, 1.6107118413106114
11.0, 1.6430728151330205
12.0, 1.6751252550773843
13.0, 1.7044267564207625
14.0, 1.7323625392864883
15.0, 1.7574024568021414
16.0, 1.7818567417089162
17.0, 1.8033793354836787
18.0, 1.8247618847399172
19.0, 1.84314450102571
20.0, 1.8618940882023538
21.0, 1.8349297965447688
22.0, 1.796966217752123
23.0, 1.7559226565357626
24.0, 1.7113215214365562
25.0, 1.6633999309146135
26.0, 1.6122418182525733
27.0, 1.5581301676813082
28.0, 1.5011987796775892
29.0, 1.4418294816263826
30.0, 1.3802287871156587
31.0, 1.316906307517175
32.0, 1.2521834766757303
33.0, 1.1867363787627343
34.0, 1.1210779253021976
35.0, 1.0561466722077046
36.0, 0.9927798458729126
37.0, 0.9323184248189964
38.0, 0.876102367723109
39.0, 0.8258081245290511
40.0, 0.7833574571418719
41.0, 0.7837106634710804
42.0, 0.7662377055785213
43.0, 0.929345212582468
44.0, 0.8866097214929596
45.0, 0.8420642154062163
46.0, 0.7957156273732421
47.0, 0.7472420572893194
48.0, 0.6970338027763133
49.0, 0.6449512327036366
50.0, 0.5917326694170524
51.0, 0.5379440206277483
52.0, 0.48412135562595315
53.0, 0.4304879587409962
54.0, 0.3778100092830747
55.0, 0.32700434903834824
56.0, 0.280678613948865
57.0, 0.24130364560852166
58.0, 0.26639310639947206
59.0, 0.32292342353557335
60.0, 0.39420064048320724
61.0, 0.478175864238889
62.0, 0.5685151661990695
63.0, 0.6590729838088538
64.0, 0.7447801582214307
65.0, 0.8123062374312152
66.0, 0.8711911419123646
67.0, 0.9305927244704171
68.0, 0.9846658119440524
69.0, 1.0376553140711224
70.0, 1.0902618231732695
71.0, 1.1410235171437961
72.0, 1.1950514886319388
73.0, 1.2549980818674071
74.0, 1.3194379139979562
75.0, 1.3949794255835573
76.0, 1.4797997851510567
77.0, 1.5740424669741107
78.0, 1.6728414502464541
79.0, 1.7711214484380813
80.0, 1.8644647696673657
81.0, 1.943066255169632
82.0, 2.0071437938197834
83.0, 2.0703454668280776
84.0, 2.1306645679240055
85.0, 2.1899236540953453
86.0, 2.2484461468739187
87.0, 2.3061891125793044
88.0, 2.342940139609545
89.0, 2.3838239400748176
90.0, 2.4246629394491674
91.0, 2.48102251691533
92.0, 2.5761485842061176
93.0, 2.675610959510079
94.0, 2.7837191518424724
95.0, 2.8893817622328792
96.0, 2.992191711951713
97.0, 3.081075611821689
98.0, 3.154748847546072
99.0, 3.221577521886347
100.0, 3.2888948013684347
101.0, 3.3516221158895556
102.0, 3.4159671392866904
103.0, 3.477113276274981
104.0, 3.541809731273524
105.0, 3.609940925876321
106.0, 3.6853140225437206
107.0, 3.7648644355023575
108.0, 3.8572544117411036
109.0, 3.9556449246726126
110.0, 4.063286647464268
111.0, 4.170297455337745
112.0, 4.274701177898131
113.0, 4.368278744986151
114.0, 4.444582975334294
115.0, 4.515475569350507
116.0, 4.577558352619073
117.0, 4.642077403620833
118.0, 4.706223832310361
119.0, 4.768376009743498
120.0, 4.81176509532858
121.0, 4.852126503381821
122.0, 4.894562770265562
123.0, 4.933433554221115
124.0, 4.973852327813791
125.0, 5.010216752277637
126.0, 5.047650282541046
127.0, 5.080598574350449
128.0, 5.114191193102515
129.0, 5.142928503739421
130.0, 5.171941624558016
131.0, 5.1957972542959165
132.0, 5.219619852793926
133.0, 5.238045162023566
134.0, 5.256191953993492
135.0, 5.268769429345104
136.0, 5.280883245110262
137.0, 5.287323808226158
138.0, 5.293180707156918
139.0, 5.293324648636827
140.0, 5.292828813721697
141.0, 5.286647813258856
142.0, 5.2798347227682285
143.0, 4.606795574171554
144.0, 4.594633955501852
145.0, 4.587003884531491
146.0, 4.5799491030817885
147.0, 4.577846133106686
148.0, 4.576275612507753
149.0, 4.5797765863521045
150.0, 4.583739274398024
151.0, 4.502841984939486
152.0, 4.41967830685625
153.0, 4.338878529214761
154.0, 4.255816751856825
155.0, 4.1751290636814105
156.0, 4.092181312873038
157.0, 4.011619887240043
158.0, 3.9288009413730127
159.0, 3.848381628059858
160.0, 3.7657084060991464
161.0, 3.6854502906437787
162.0, 3.6029431264196163
163.0, 3.522868443289502
164.0, 3.4405514323795794
165.0, 3.360686832585733
166.0, 3.2785888366292943
167.0, 3.2896618312958643
168.0, 3.209919097695094
169.0, 3.1327378136048174
170.0, 3.053498406356238
171.0, 2.976866485604696
172.0, 2.898219889213668
173.0, 2.8222296455380427
174.0, 2.8352579734386825
175.0, 2.762956512451934
176.0, 2.6889681487702144
177.0, 2.70747413997508
178.0, 2.7261089867508974
179.0, 2.7489115901395373
180.0, 2.771665382739093
181.0, 2.7201901951373135
182.0, 2.6951165724833657
183.0, 2.6737935756112132
184.0, 2.652493976242031
185.0, 2.6355745294015667
186.0, 2.618845112545795
187.0, 2.606456011301621
188.0, 2.595452146839292
189.0, 2.5891477941817684
190.0, 2.5644884992079073
191.0, 2.5842805061667984
192.0, 2.582604475391765
193.0, 2.5881394161706868
194.0, 2.594050117818034
195.0, 2.5163298431159427
196.0, 2.4366978866344886
197.0, 2.3595963676020864
198.0, 2.3693616116887855
199.0, 2.2957700661157063
200.0, 2.2207070682143604
201.0, 2.1483948656227763
202.0, 2.0747808536116863
203.0, 2.0040452149566548
204.0, 1.950816543907095
205.0, 1.9396335000053786
206.0, 1.8028981208232986
207.0, 1.6980469930265767
208.0, 1.7097961065970737
209.0, 1.5587581350843518
210.0, 1.508155381281943
211.0, 1.4700714366429195
212.0, 1.415588906236896
213.0, 1.3613114910364599
214.0, 1.3078128015074995
215.0, 1.259535882122279
216.0, 1.2134722006566143
217.0, 1.1729962625628494
218.0, 1.1358406069100866
219.0, 1.164355290545994
220.0, 1.1398001519569356
221.0, 1.1196275021625333
222.0, 1.1093747717744504
223.0, 1.0793161016610138
224.0, 1.049017722737864
225.0, 1.021841607468089
226.0, 0.994052475225204
227.0, 0.9692546682075989
228.0, 0.9447099614316785
229.0, 0.9241559533989044
230.0, 0.9040657339341055
231.0, 0.8889610589890489
232.0, 0.8745246504704672
233.0, 0.8659017249720001
234.0, 0.858083254382888
235.0, 0.8566136797665438
236.0, 0.855958270450599
237.0, 0.8618000415042243
238.0, 0.868314423867137
239.0, 0.8697609134453665
240.0, 0.8679053472629862
241.0, 0.8697880242609456
242.0, 0.8679039139097936
243.0, 0.8811038030785835
244.0, 0.8942092243445359
245.0, 0.9083660675964861
246.0, 0.9248969079289325
247.0, 0.9427106248089054
248.0, 0.9625830237635616
249.0, 0.9834476684633668
250.0, 1.0060463508033644
251.0, 1.029351552798379
252.0, 1.053991507925273
253.0, 1.078954568273413
254.0, 1.1048298351913657
255.0, 1.1308545926526958
256.0, 1.1574600236965473
257.0, 1.183856318797449
258.0, 1.2105172510758506
259.0, 1.2366880478147309
260.0, 1.2628286356461413
261.0, 1.2882885061263887
262.0, 1.3134658484200057
263.0, 1.2846221389162737
264.0, 1.248182818632475
265.0, 1.2098666964429363
266.0, 1.169232798454875
267.0, 1.1273572961197011
268.0, 1.0821476137368546
269.0, 1.0342469276935353
270.0, 0.984350968367515
271.0, 0.9352694072941542
272.0, 0.8838596849371856
273.0, 0.8318168983263693
274.0, 0.7792009064548049
275.0, 0.7235998196993992
276.0, 0.6642705905683357
277.0, 0.6086421380757182
278.0, 0.5541146282509829
279.0, 0.5024170340768662
280.0, 0.45340063271955566
281.0, 0.4035628479609404
282.0, 0.3665453665013124
ee_box_dist
0.0, 0.5575707657653017
1.0, 0.613147673732866
2.0, 0.643669054619358
3.0, 0.6829850393465733
4.0, 0.7215914679964378
5.0, 0.7593088885288988
6.0, 0.797579618517375
7.0, 0.8324014039019505
8.0, 0.8685775581016502
9.0, 0.9010921571190537
10.0, 0.934362467505468
11.0, 0.962911650305854
12.0, 0.990625605880647
13.0, 1.0156937499758407
14.0, 1.0392637178827047
15.0, 1.0602541620732637
16.0, 1.0806357442746328
17.0, 1.0984926582310524
18.0, 1.1162433452525282
19.0, 1.1313922371975136
20.0, 1.1469456996235805
21.0, 1.1277135108579146
22.0, 1.1008347573947985
23.0, 1.071387469231856
24.0, 1.0389746750100752
25.0, 1.003764591657076
26.0, 0.9657284920637933
27.0, 0.9250476345602605
28.0, 0.8816883545365337
29.0, 0.835874290703225
30.0, 0.7875663900177757
31.0, 0.7370316014966978
32.0, 0.6842345125143547
33.0, 0.6294963582986091
34.0, 0.5728048382868638
35.0, 0.5145244412864535
36.0, 0.45467241848811785
37.0, 0.393631990581497
38.0, 0.33150947490478483
39.0, 0.26911274787260664
40.0, 0.20718093761175949
41.0, 0.08025334446374108
42.0, 0.08290193315687723
43.0, 0.08310496018730039
44.0, 0.08297719372396313
45.0, 0.08303193195679563
46.0, 0.08298483056107478
47.0, 0.0830306093152528
48.0, 0.08299016401289723
49.0, 0.08302949615205432
50.0, 0.0829943601669864
51.0, 0.08302811011611798
52.0, 0.08299763746508229
53.0, 0.08302636174114757
54.0, 0.08300048967737364
55.0, 0.08302427101894906
56.0, 0.08300247912954041
57.0, 0.08302208134359694
58.0, 0.08300415807585985
59.0, 0.08302006259094703
60.0, 0.08300521401980598
61.0, 0.0830173318244077
62.0, 0.08300584891890901
63.0, 0.08301484010417068
64.0, 0.08300639235128401
65.0, 0.08301242178178823
66.0, 0.08300677349955932
67.0, 0.08301015712252882
68.0, 0.08300703338459808
69.0, 0.08300837401379531
70.0, 0.08300756245434758
71.0, 0.08300661108796642
72.0, 0.0830083730139571
73.0, 0.08300572662280736
74.0, 0.08300945091044307
75.0, 0.08300549134429926
76.0, 0.08301068252099192
77.0, 0.08300589408037874
78.0, 0.08301293381173354
79.0, 0.08300738983705348
80.0, 0.08301567027975015
81.0, 0.08300956117506891
82.0, 0.08301889632370738
83.0, 0.08301284949427926
84.0, 0.08302333730255174
85.0, 0.08301736841304354
86.0, 0.08806832368045503
87.0, 0.12400043911533447
88.0, 0.13504186511761737
89.0, 0.13342498769238806
90.0, 0.12899971255661435
91.0, 0.1181083070939378
92.0, 0.1171435225438883
93.0, 0.1182627111737845
94.0, 0.11720559085662785
95.0, 0.11825926351930019
96.0, 0.1172051153402133
97.0, 0.11825930826259844
98.0, 0.1172050058350244
99.0, 0.11825934756032329
100.0, 0.11720502533568167
101.0, 0.11825934756032329
102.0, 0.1172050058350244
103.0, 0.11825932791145874
104.0, 0.11720507033794098
105.0, 0.11825932791145874
106.0, 0.11720507033794098
107.0, 0.11825934756032329
108.0, 0.1172049803334354
109.0, 0.11825934756032329
110.0, 0.11720507033794098
111.0, 0.11825932791145874
112.0, 0.11720502533568167
113.0, 0.11825934756032329
114.0, 0.11720502533568167
115.0, 0.08637493048106307
116.0, 0.11443020563601905
117.0, 0.11817456133262956
118.0, 0.11719777494868748
119.0, 0.11825893214908631
120.0, 0.1172048828301549
121.0, 0.11825934756032329
122.0, 0.11720502533568167
123.0, 0.11825941195248114
124.0, 0.11720502533568167
125.0, 0.11825934756032329
126.0, 0.11720502533568167
127.0, 0.1182593868580651
128.0, 0.11720502533568167
129.0, 0.11825932791145874
130.0, 0.11720502533568167
131.0, 0.11825936720919206
132.0, 0.11720502533568167
133.0, 0.11825936720919206
134.0, 0.1172050898385951
135.0, 0.11825932791145874
136.0, 0.11720502533568167
137.0, 0.11825941195248114
138.0, 0.11720502533568167
139.0, 0.11825934756032329
140.0, 0.11720502533568167
141.0, 0.11825932791145874
142.0, 0.1172050058350244
143.0, 0.1138019692887924
144.0, 0.11351109699400644
145.0, 0.11390098500116588
146.0, 0.11351820840289537
147.0, 0.11389959338448047
148.0, 0.11351789308393956
149.0, 0.11389883424461437
150.0, 0.11351754700272722
151.0, 0.1138994513287375
152.0, 0.11351742056627141
153.0, 0.11389900830409276
154.0, 0.11351783463400233
155.0, 0.11389907240937429
156.0, 0.11351748666361043
157.0, 0.11389907240937429
158.0, 0.11351750500344408
159.0, 0.11389907240937429
160.0, 0.11351748666361043
161.0, 0.11389916272903891
162.0, 0.11351765945445123
163.0, 0.11389894419889994
164.0, 0.11351765945445123
165.0, 0.11389903451866622
166.0, 0.11351765945445123
167.0, 0.11389790122730904
168.0, 0.11351687659865706
169.0, 0.11389844828561037
170.0, 0.11351683122811619
171.0, 0.11389813077641152
172.0, 0.11351683122811619
173.0, 0.11389834152122322
174.0, 0.11351622168190853
175.0, 0.11389782455132227
176.0, 0.11351636539706136
177.0, 0.11389638007863451
178.0, 0.11351420857479597
179.0, 0.11389435055979759
180.0, 0.11351268235516983
181.0, 0.11389392743078598
182.0, 0.11351369079931635
183.0, 0.1138954692146607
184.0, 0.11351548380928891
185.0, 0.11389741246291621
186.0, 0.11351664004681428
187.0, 0.11203243777651137
188.0, 0.11344960538398853
189.0, 0.11390841381877487
190.0, 0.09048026270250002
191.0, 0.11420426596588493
192.0, 0.11365890861542792
193.0, 0.11390344678372724
194.0, 0.11351823576721538
195.0, 0.1139009647392057
196.0, 0.1135184682910694
197.0, 0.11390089947267776
198.0, 0.11351827742575459
199.0, 0.11390050453680681
200.0, 0.11351823448946104
201.0, 0.11390077011941434
202.0, 0.11351825440399353
203.0, 0.11390056951023753
204.0, 0.10500410112400892
205.0, 0.08856801655476619
206.0, 0.05802474377787783
207.0, 0.0809561652566591
208.0, 0.07539464886307073
209.0, 0.11195335766339731
210.0, 0.10437481916805331
211.0, 0.11463240514685559
212.0, 0.11399463377088348
213.0, 0.11394651507335997
214.0, 0.11351799076059713
215.0, 0.11390058412051919
216.0, 0.11351878814270817
217.0, 0.11390050453680681
218.0, 0.11351871731824484
219.0, 0.11390069213438742
220.0, 0.1135179993623721
221.0, 0.10756521127809082
222.0, 0.11211199096515308
223.0, 0.11394580788866118
224.0, 0.11202989679840158
225.0, 0.11403133420021924
226.0, 0.1135311269208073
227.0, 0.11389901701003227
228.0, 0.11351821442080583
229.0, 0.11389954793739691
230.0, 0.11351762738189117
231.0, 0.11389871107990546
232.0, 0.11351667143555123
233.0, 0.11389717979706747
234.0, 0.11351545470728072
235.0, 0.11389537597572916
236.0, 0.11351354902751028
237.0, 0.11389397163506826
238.0, 0.11351166468614561
239.0, 0.1181367136054509
240.0, 0.1171936252341081
241.0, 0.11825153460745691
242.0, 0.11719933779477225
243.0, 0.0746859183850287
244.0, 0.07370825473444129
245.0, 0.07249749578737637
246.0, 0.0724694497350127
247.0, 0.071317714283439
248.0, 0.07149815760411389
249.0, 0.07043824006737731
250.0, 0.07080434821432492
251.0, 0.06983443277864836
252.0, 0.07022919561785172
253.0, 0.06923061567021395
254.0, 0.06968044800566657
255.0, 0.06861807647484902
256.0, 0.06904136042031826
257.0, 0.06787812676133054
258.0, 0.06825047925433603
259.0, 0.06697632547388267
260.0, 0.06730125105665023
261.0, 0.06592433619079555
262.0, 0.06622553057972637
263.0, 0.08001835429595999
264.0, 0.08067141065764365
265.0, 0.08085372470464465
266.0, 0.08116080523995839
267.0, 0.0813145383447321
268.0, 0.08151208584504474
269.0, 0.08152679121571496
270.0, 0.08178502076510749
271.0, 0.08200667654632814
272.0, 0.08217083958258906
273.0, 0.08219729804747938
274.0, 0.0823523367724802
275.0, 0.08247182290085653
276.0, 0.08223875821557972
277.0, 0.08236227744259438
278.0, 0.0822870975505375
279.0, 0.0821905039912971
280.0, 0.08209229609980884
281.0, 0.0819545429930976
282.0, 0.08182771019388228
spot_hold
0, 0
1, 0
2, 0
3, 0
4, 0
5, 0
6, 0
7, 0
8, 0
9, 0
10, 0
11, 0
12, 0
13, 0
14, 0
15, 0
16, 0
17, 0
18, 0
19, 0
20, 0
21, 0
22, 0
23, 0
24, 0
25, 0
26, 0
27, 0
28, 0
29, 0
30, 0
31, 0
32, 0
33, 0
34, 0
35, 0
36, 0
37, 0
38, 0
39, 0
40, 0
41, 1
42, 1
43, 1
44, 1
45, 1
46, 1
47, 1
48, 1
49, 1
50, 1
51, 1
52, 1
53, 1
54, 1
55, 1
56, 1
57, 1
58, 1
59, 1
60, 1
61, 1
62, 1
63, 1
64, 1
65, 1
66, 1
67, 1
68, 1
69, 1
70, 1
71, 1
72, 1
73, 1
74, 1
75, 1
76, 1
77, 1
78, 1
79, 1
80, 1
81, 1
82, 1
83, 1
84, 1
85, 1
86, 1
87, 1
88, 1
89, 1
90, 1
91, 1
92, 1
93, 1
94, 1
95, 1
96, 1
97, 1
98, 1
99, 1
100, 1
101, 1
102, 1
103, 1
104, 1
105, 1
106, 1
107, 1
108, 1
109, 1
110, 1
111, 1
112, 1
113, 1
114, 1
115, 1
116, 1
117, 1
118, 1
119, 1
120, 1
121, 1
122, 1
123, 1
124, 1
125, 1
126, 1
127, 1
128, 1
129, 1
130, 1
131, 1
132, 1
133, 1
134, 1
135, 1
136, 1
137, 1
138, 1
139, 1
140, 1
141, 1
142, 1
143, 1
144, 1
145, 1
146, 1
147, 1
148, 1
149, 1
150, 1
151, 1
152, 1
153, 1
154, 1
155, 1
156, 1
157, 1
158, 1
159, 1
160, 1
161, 1
162, 1
163, 1
164, 1
165, 1
166, 1
167, 1
168, 1
169, 1
170, 1
171, 1
172, 1
173, 1
174, 1
175, 1
176, 1
177, 1
178, 1
179, 1
180, 1
181, 1
182, 1
183, 1
184, 1
185, 1
186, 1
187, 1
188, 1
189, 1
190, 1
191, 1
192, 1
193, 1
194, 1
195, 1
196, 1
197, 1
198, 1
199, 1
200, 1
201, 1
202, 1
203, 1
204, 1
205, 1
206, 1
207, 1
208, 1
209, 1
210, 1
211, 1
212, 1
213, 1
214, 1
215, 1
216, 1
217, 1
218, 1
219, 1
220, 1
221, 1
222, 1
223, 1
224, 1
225, 1
226, 1
227, 1
228, 1
229, 1
230, 1
231, 1
232, 1
233, 1
234, 1
235, 1
236, 1
237, 1
238, 1
239, 1
240, 1
241, 1
242, 1
243, 1
244, 1
245, 1
246, 1
247, 1
248, 1
249, 1
250, 1
251, 1
252, 1
253, 1
254, 1
255, 1
256, 1
257, 1
258, 1
259, 1
260, 1
261, 1
262, 1
263, 1
264, 1
265, 1
266, 1
267, 1
268, 1
269, 1
270, 1
271, 1
272, 1
273, 1
274, 1
275, 1
276, 1
277, 1
278, 1
279, 1
280, 1
281, 1
282, 1
