bot_dist
0.0, 2.9079881555223652
1.0, 2.9107039764323273
2.0, 2.9134515910402445
3.0, 2.916230909479954
4.0, 2.9190418411925867
5.0, 2.921884294939673
6.0, 2.9247581788162575
7.0, 2.9276634002640147
8.0, 2.9305998660843637
9.0, 2.9335674824515814
10.0, 2.9365661549259037
11.0, 2.939595788466618
12.0, 2.9426562874451427
13.0, 2.945747555658081
14.0, 2.9488694963402615
15.0, 2.9520220121777463
16.0, 2.955205005320818
17.0, 2.958418377396926
18.0, 2.9616620295236054
19.0, 2.9649358623213553
20.0, 2.9682397759264765
21.0, 2.9715736700038606
22.0, 2.974937443759742
23.0, 2.9783309959543884
24.0, 2.9817542249147477
25.0, 2.9852070285470353
26.0, 2.9886893043492604
27.0, 2.9922009494237
28.0, 2.9957418604893
29.0, 2.9993119338940177
30.0, 3.002911065627092
31.0, 3.0065391513312396
32.0, 3.010196086314791
33.0, 3.013881765563736
34.0, 3.0175960837536975
35.0, 3.0213389352618325
36.0, 3.025110214178639
37.0, 3.0289098143196904
38.0, 3.032737629237275
39.0, 3.036593552231956
40.0, 3.0404774763640385
41.0, 3.0443892944649424
42.0, 3.0483288991484905
43.0, 3.0522961828220936
44.0, 3.056291037697846
45.0, 3.060313355803521
46.0, 3.064363028993468
47.0, 3.0684399489594076
48.0, 3.0725440072411296
49.0, 3.0766750952370847
50.0, 3.0808331042148724
51.0, 3.0850179253216266
52.0, 3.089229449594289
53.0, 3.093467567969783
54.0, 3.097732171295079
55.0, 3.102023150337138
56.0, 3.1063403957927616
57.0, 3.1106837982983264
58.0, 3.1150532484393993
59.0, 3.1194486367602496
60.0, 3.1238698537732468
61.0, 3.1283167899681406
62.0, 3.1327893358212315
63.0, 3.1372873818044265
64.0, 3.1418108183941773
65.0, 3.146359536080308
66.0, 3.1509334253747197
67.0, 3.1555323768199908
68.0, 3.1601562809978483
69.0, 3.164805028537534
70.0, 3.169478510124047
71.0, 3.1741766165062737
72.0, 3.1788991256201244
73.0, 3.1836460400899003
74.0, 3.1884172509115465
75.0, 3.1932126491762354
76.0, 3.1980321260779125
77.0, 3.202875572920722
78.0, 3.207742881126323
79.0, 3.2126339422410854
80.0, 3.21754864794317
81.0, 3.2224868900494963
82.0, 3.227448560522593
83.0, 3.232433551477334
84.0, 3.237441755187561
85.0, 3.2424730640925903
86.0, 3.2475273708036085
87.0, 3.2526045681099527
88.0, 3.257704548985282
89.0, 3.262827206593631
90.0, 3.267972434295357
91.0, 3.273140125652976
92.0, 3.278330174436884
93.0, 3.283542474630972
94.0, 3.288776920438134
95.0, 3.2940334062856613
96.0, 3.2993118268305324
97.0, 3.304612076964597
98.0, 3.309934051819649
99.0, 3.3152776467723997
100.0, 3.320642757449342
101.0, 3.320642757449342
102.0, 3.320642757449342
103.0, 3.320642757449342
104.0, 3.320642757449342
105.0, 3.320642757449342
106.0, 3.320642757449342
107.0, 3.320642757449342
108.0, 3.320642757449342
109.0, 3.320642757449342
110.0, 3.320642757449342
111.0, 3.320642757449342
112.0, 3.320642757449342
113.0, 3.320642757449342
114.0, 3.320642757449342
115.0, 3.320642757449342
116.0, 3.320642757449342
117.0, 3.320642757449342
118.0, 3.320642757449342
119.0, 3.320642757449342
120.0, 3.320642757449342
121.0, 3.320642757449342
122.0, 3.320642757449342
123.0, 3.320642757449342
124.0, 3.320642757449342
125.0, 3.320642757449342
126.0, 3.320642757449342
127.0, 3.320642757449342
128.0, 3.320642757449342
129.0, 3.320642757449342
130.0, 3.320642757449342
131.0, 3.3152776467723997
132.0, 3.309934051819649
133.0, 3.304612076964597
134.0, 3.2993118268305324
135.0, 3.2940334062856613
136.0, 3.288776920438134
137.0, 3.283542474630972
138.0, 3.278330174436884
139.0, 3.273140125652976
140.0, 3.267972434295357
141.0, 3.262827206593631
142.0, 3.257704548985282
143.0, 3.2575912850929467
144.0, 3.2525218720774776
145.0, 3.2474753387192603
146.0, 3.242451791847598
147.0, 3.2374513384667503
148.0, 3.2324740857496663
149.0, 3.2275201410316026
150.0, 3.222589611803635
151.0, 3.135507779583848
152.0, 3.0485876178454223
153.0, 2.961843307684266
154.0, 2.8752908215684205
155.0, 2.7889480188137266
156.0, 2.7028349946717602
157.0, 2.616974432226547
158.0, 2.5313920208376453
159.0, 2.4461169557323736
160.0, 2.3611824390787373
161.0, 2.276626700309944
162.0, 2.1924935637242826
163.0, 2.108833609803911
164.0, 2.0257054655508813
165.0, 1.943177383808479
166.0, 1.8613291834559365
167.0, 1.8581308093574234
168.0, 1.779994317736952
169.0, 1.7030776026574026
170.0, 1.627553353157198
171.0, 1.5536246526351511
172.0, 1.4815303751123883
173.0, 1.411551625229526
174.0, 1.4102496977790604
175.0, 1.3476352919789487
176.0, 1.28840817378028
177.0, 1.2881735012689097
178.0, 1.2880164306538742
179.0, 1.2879369903270377
180.0, 1.2879351946531967
181.0, 1.2588724399709081
182.0, 1.2596381125736542
183.0, 1.2604826608618247
184.0, 1.261405926406671
185.0, 1.2624077364979256
186.0, 1.2634879043034553
187.0, 1.2646462290410858
188.0, 1.2658824961622295
189.0, 1.2671964775469406
190.0, 1.2685879317099817
191.0, 1.2700566040174834
192.0, 1.2716022269137524
193.0, 1.2732245201577699
194.0, 1.2749231910689096
195.0, 1.1974069148408022
196.0, 1.1209399982311767
197.0, 1.045752658568535
198.0, 1.0484022485455582
199.0, 0.9727826546365163
200.0, 0.8986414323760317
201.0, 0.8263765892248629
202.0, 0.7565260225992777
203.0, 0.6898235215877618
204.0, 0.6272741596913528
205.0, 0.5702462313002495
206.0, 0.5205575564936846
207.0, 0.4804904654081151
208.0, 0.45260746512671624
209.0, 0.4392350851692627
210.0, 0.4416932363233114
211.0, 0.4597280526558772
212.0, 0.49162827644335366
213.0, 0.5349190166870622
214.0, 0.5870859043131061
215.0, 0.6459822581917456
216.0, 0.7099351298827713
217.0, 0.7776980720514991
218.0, 0.848358583260263
219.0, 0.8541003757873593
220.0, 0.9226634311367206
221.0, 0.9934496865426861
222.0, 1.066016355186183
223.0, 1.0707725332872557
224.0, 1.0756006581049298
225.0, 1.0804997651755819
226.0, 1.0854688933951977
227.0, 1.0905070855652799
228.0, 1.0956133889118664
229.0, 1.100786855577948
230.0, 1.1060265430896343
231.0, 1.1060265430896343
232.0, 1.1060265430896343
233.0, 1.1060265430896343
234.0, 1.1060265430896343
235.0, 1.1060265430896343
236.0, 1.1060265430896343
237.0, 1.1060265430896343
238.0, 1.1060265430896343
239.0, 1.1060265430896343
240.0, 1.1060265430896343
241.0, 1.1060265430896343
242.0, 1.1060265430896343
243.0, 1.1060265430896343
244.0, 1.1060265430896343
245.0, 1.1060265430896343
246.0, 1.1060265430896343
247.0, 1.1060265430896343
248.0, 1.1060265430896343
249.0, 1.1060265430896343
250.0, 1.1060265430896343
251.0, 1.1060265430896343
252.0, 1.1060265430896343
253.0, 1.1060265430896343
254.0, 1.1060265430896343
255.0, 1.1060265430896343
256.0, 1.1060265430896343
257.0, 1.1060265430896343
258.0, 1.1060265430896343
259.0, 1.1060265430896343
260.0, 1.1060265430896343
261.0, 1.100786855577948
262.0, 1.0956133889118664
263.0, 1.0905070855652799
264.0, 1.0854688933951977
265.0, 1.0804997651755819
266.0, 1.0756006581049298
267.0, 1.0707725332872557
268.0, 1.066016355186183
269.0, 1.0613330910519279
270.0, 1.05672371032102
271.0, 1.0521891839886899
272.0, 1.0477304839539245
273.0, 1.043348582337295
274.0, 1.0390444507717367
275.0, 1.034819059666575
276.0, 1.0306733774451862
277.0, 1.026608369756792
278.0, 1.0226249986630034
279.0, 1.0187242217998427
280.0, 1.0149069915160998
281.0, 1.011174253988997
282.0, 1.0075269483182705
ee_dist
0.0, 1.4560242959648506
1.0, 1.519160898053056
2.0, 1.629191448038772
3.0, 1.7222537090492676
4.0, 1.754453050012864
5.0, 1.7803067774668393
6.0, 1.8124673561874487
7.0, 1.8457322412811152
8.0, 1.880510370132349
9.0, 1.9135742378684064
10.0, 1.950813965908431
11.0, 1.9844457622149883
12.0, 2.0147782943322228
13.0, 2.050247261269401
14.0, 2.0761212545366208
15.0, 2.102599151023478
16.0, 2.127551775366245
17.0, 2.154998536779436
18.0, 2.1764031254985423
19.0, 2.195636487589921
20.0, 2.214841855627396
21.0, 2.1847637030506943
22.0, 2.143329408779471
23.0, 2.0986739424685306
24.0, 2.050370823735242
25.0, 1.9987177795947346
26.0, 1.9438748352794064
27.0, 1.8862038719985639
28.0, 1.8259349646064598
29.0, 1.7635483713589544
30.0, 1.6993714919317464
31.0, 1.6340302545338647
32.0, 1.5679901700067227
33.0, 1.5020566193302762
34.0, 1.4368911647007925
35.0, 1.3735348782953747
36.0, 1.3129221131029982
37.0, 1.2563676799788364
38.0, 1.2050935699922973
39.0, 1.1605763770683395
40.0, 1.1242097545610634
41.0, 1.1244287381050975
42.0, 1.0041206080066818
43.0, 0.7490884330473199
44.0, 0.7019686542760888
45.0, 0.6543261352190244
46.0, 0.606144323126058
47.0, 0.5573588317371247
48.0, 0.5089065078587567
49.0, 0.4613009167851391
50.0, 0.4161211833075632
51.0, 0.37535049152503364
52.0, 0.3413621485970414
53.0, 0.31642136731748766
54.0, 0.3034818762565587
55.0, 0.3043587863831536
56.0, 0.3196243857658688
57.0, 0.34695370035457
58.0, 0.32028688584812937
59.0, 0.2806879575805358
60.0, 0.2581435247934418
61.0, 0.2670694749720896
62.0, 0.3108594692221696
63.0, 0.3767170341320271
64.0, 0.44956997473489635
65.0, 0.512900200724457
66.0, 0.5728692003866892
67.0, 0.6322018695578281
68.0, 0.6854294051659494
69.0, 0.7367208662532264
70.0, 0.7865170664943638
71.0, 0.8345728898634092
72.0, 0.8828492393099916
73.0, 0.9384694649790739
74.0, 0.9984732613073569
75.0, 1.0698671092620242
76.0, 1.1509024416344644
77.0, 1.2418128615285
78.0, 1.338024696371088
79.0, 1.4346949544931116
80.0, 1.5271886348815362
81.0, 1.6058656339913937
82.0, 1.6707227380240468
83.0, 1.7350284704373555
84.0, 1.7958771442181523
85.0, 1.855286152459285
86.0, 1.9137124909228738
87.0, 1.9698330140315419
88.0, 2.0053870903762454
89.0, 2.0453373490386384
90.0, 2.0850498772605977
91.0, 2.1405661109066263
92.0, 2.235553626324139
93.0, 2.3402993296763093
94.0, 2.439608994262912
95.0, 2.5435427027341944
96.0, 2.646382815352704
97.0, 2.7350733988035634
98.0, 2.809203911423226
99.0, 2.8765680035879844
100.0, 2.944449960344571
101.0, 3.007200121002713
102.0, 3.0717318275123944
103.0, 3.132509279742753
104.0, 3.2008893494951605
105.0, 3.269681875023952
106.0, 3.336334458109153
107.0, 3.427972746618157
108.0, 3.516813007757592
109.0, 3.6066057828548117
110.0, 3.714438704290356
111.0, 3.8207749260663553
112.0, 3.928015169367248
113.0, 4.0271576195033285
114.0, 4.1006340391814655
115.0, 4.176997830759986
116.0, 4.22848800549059
117.0, 4.293629667648438
118.0, 4.357984765940837
119.0, 4.419915194017984
120.0, 4.483396648722035
121.0, 4.550085166039316
122.0, 4.624948043788504
123.0, 4.700410221472525
124.0, 4.746694352478947
125.0, 4.789983770929348
126.0, 4.8359909637181016
127.0, 4.878400012487813
128.0, 4.922941359258235
129.0, 4.96333559239543
130.0, 5.0053208800775
131.0, 5.042668279046765
132.0, 5.081122455032802
133.0, 5.114508685535061
134.0, 5.159175711084928
135.0, 5.176714930154215
136.0, 5.206236691090234
137.0, 5.2467479588140575
138.0, 5.251037377264777
139.0, 5.2700944070576545
140.0, 5.2870630104823615
141.0, 5.299461587072814
142.0, 5.308631108084911
143.0, 4.623706542079186
144.0, 4.612915768883268
145.0, 4.606328786607969
146.0, 4.601108828870424
147.0, 4.600033159146984
148.0, 4.6003457418642615
149.0, 4.6048443984059935
150.0, 4.610673276808514
151.0, 4.530123220478163
152.0, 4.448238588653286
153.0, 4.367842616260771
154.0, 4.286123760035451
155.0, 4.205905160102221
156.0, 4.124371819935221
157.0, 4.044351983756208
158.0, 3.963027194708274
159.0, 3.883231043272768
160.0, 3.8021417381661515
161.0, 3.7225984629755686
162.0, 3.6417763059253314
163.0, 3.562520192943269
164.0, 3.4820026379801354
165.0, 3.3880648307778065
166.0, 3.3243472195931014
167.0, 3.3214862006829455
168.0, 3.2595103114459865
169.0, 3.1824757263638586
170.0, 3.106034641486951
171.0, 3.0312518220737266
172.0, 2.955508529143998
173.0, 2.8816066863023218
174.0, 2.8970774124093355
175.0, 2.827502829556545
176.0, 2.757318049545305
177.0, 2.777251326254563
178.0, 2.7980629148436886
179.0, 2.8220011702277943
180.0, 2.8465531754330047
181.0, 2.799715237425109
182.0, 2.773689817642644
183.0, 2.7504035170134786
184.0, 2.7278345987453063
185.0, 2.708585718655105
186.0, 2.690300614099168
187.0, 2.6758101460047246
188.0, 2.6624966596178448
189.0, 2.653332218724341
190.0, 2.6455096490247536
191.0, 2.642043127754568
192.0, 2.640020503398389
193.0, 2.642400424490408
194.0, 2.6462553011053
195.0, 2.5662037648702105
196.0, 2.4849061739745366
197.0, 2.4052076868520427
198.0, 2.4126879945354456
199.0, 2.3356676280770112
200.0, 2.257680200889721
201.0, 2.1814951477767237
202.0, 2.1044464156329106
203.0, 2.0292990332960414
204.0, 1.9524394940478518
205.0, 1.8749977483162164
206.0, 1.805784132378287
207.0, 1.7323284158300725
208.0, 1.660444471568185
209.0, 1.5902172852812577
210.0, 1.5200482316726671
211.0, 1.4526334412845294
212.0, 1.385606236312174
213.0, 1.3217623469801543
214.0, 1.2588936459045488
215.0, 1.1998004233526438
216.0, 1.142487019088584
217.0, 1.0897441038996718
218.0, 1.0398537243272288
219.0, 1.0654696289630203
220.0, 1.0273783365176645
221.0, 0.9956838864305211
222.0, 0.9693462346970523
223.0, 0.9413723813058564
224.0, 0.9138033981329643
225.0, 0.88870006963269
226.0, 0.8643842038835373
227.0, 0.8434490112008978
228.0, 0.823698910237747
229.0, 0.8082125853994286
230.0, 0.7942895338063986
231.0, 0.7853679026960257
232.0, 0.7782833595245696
233.0, 0.7766593470652967
234.0, 0.7769569159525411
235.0, 0.7827987893688629
236.0, 0.7904225697011917
237.0, 0.8032829652064033
238.0, 0.8175923925392922
239.0, 0.8188538143805065
240.0, 0.8169079063884427
241.0, 0.8188867078838643
242.0, 0.8169063657272946
243.0, 0.8292591334437387
244.0, 0.8431920377198863
245.0, 0.8579662794208646
246.0, 0.8747233262523658
247.0, 0.8925047635275111
248.0, 0.9120001826537747
249.0, 0.9322379089120603
250.0, 0.9539289932709336
251.0, 0.9761097666889264
252.0, 0.9994406936539318
253.0, 1.0229445665803532
254.0, 1.0472380801249974
255.0, 1.0715577677619725
256.0, 1.0963757490962693
257.0, 1.120930026003753
258.0, 1.1456978527403388
259.0, 1.1699746480911453
260.0, 1.1969288995838305
261.0, 1.2227920158397645
262.0, 1.2482633711454676
263.0, 1.2209271638981403
264.0, 1.188175861611696
265.0, 1.1536853386105508
266.0, 1.1171616081627833
267.0, 1.0789534715198488
268.0, 1.0389498207278702
269.0, 0.997540939949557
270.0, 0.9546476515123913
271.0, 0.9107289413042875
272.0, 0.8657035625348675
273.0, 0.8201377726030771
274.0, 0.7740097747487057
275.0, 0.7254295796889962
276.0, 0.6737919816962724
277.0, 0.6191295115044091
278.0, 0.5742386442526525
279.0, 0.5322753385982908
280.0, 0.4940725937386468
281.0, 0.43060302525161154
282.0, 0.388451441473562
ee_box_dist
0.0, 0.5575707657653017
1.0, 0.613147673732866
2.0, 0.643669054619358
3.0, 0.6829850393465733
4.0, 0.7215914679964378
5.0, 0.7593088885288988
6.0, 0.7975661661888243
7.0, 0.8340325932988084
8.0, 0.8685607790639858
9.0, 0.900194600470691
10.0, 0.9347090773206512
11.0, 0.9650106462915947
12.0, 0.9915569962529335
13.0, 1.0227306984263254
14.0, 1.0446581099994867
15.0, 1.0670897416995868
16.0, 1.087893334531548
17.0, 1.1110065797595232
18.0, 1.1287440578766348
19.0, 1.144483369467692
20.0, 1.1602823450134405
21.0, 1.140379148687529
22.0, 1.113082159030544
23.0, 1.0831585098920848
24.0, 1.0502245846078708
25.0, 1.0144508344242587
26.0, 0.975809033946529
27.0, 0.9344916322371827
28.0, 0.890465109428312
29.0, 0.8439590515063428
30.0, 0.7949369833414888
31.0, 0.7436717544690897
32.0, 0.690129642136158
33.0, 0.6346395843258325
34.0, 0.5771889868807135
35.0, 0.5181480599378655
36.0, 0.4575145840365608
37.0, 0.3956942501024078
38.0, 0.33285253714289836
39.0, 0.2697110973060497
40.0, 0.2070390363503972
41.0, 0.08025340332550794
42.0, 0.08290185061703789
43.0, 0.08302858005835495
44.0, 0.08297737647886301
45.0, 0.08303003543992653
46.0, 0.08298390890810392
47.0, 0.08302941075315312
48.0, 0.08298907921650843
49.0, 0.0830283848402698
50.0, 0.08299337014618302
51.0, 0.083026937355386
52.0, 0.08299690502761438
53.0, 0.08302512434587032
54.0, 0.08299957313525068
55.0, 0.08302304637147413
56.0, 0.08300183401483063
57.0, 0.08302113659597535
58.0, 0.08300334757409635
59.0, 0.08292067185890985
60.0, 0.08287349826284249
61.0, 0.08286181360521441
62.0, 0.08299766499868586
63.0, 0.08301106791402899
64.0, 0.08299787424262209
65.0, 0.08290389404516674
66.0, 0.08300019756284008
67.0, 0.08288105209170715
68.0, 0.08287894024085192
69.0, 0.08286277923019125
70.0, 0.08291052027499494
71.0, 0.08287508031865148
72.0, 0.0828775816255222
73.0, 0.08286276884705678
74.0, 0.08287959266146556
75.0, 0.08286568691071296
76.0, 0.08285791638257389
77.0, 0.08290875369199568
78.0, 0.08287785126094888
79.0, 0.08289641986006571
80.0, 0.08287167272677141
81.0, 0.08292075967125001
82.0, 0.08300837816881505
83.0, 0.08300655009307766
84.0, 0.08301746586159385
85.0, 0.08301198605430274
86.0, 0.0891991736829829
87.0, 0.12466655394899165
88.0, 0.1351962817382013
89.0, 0.13342742991947204
90.0, 0.12895838146499033
91.0, 0.11773605280028256
92.0, 0.11327443990142802
93.0, 0.08259017960234052
94.0, 0.11135902529076815
95.0, 0.11828944217907605
96.0, 0.11685768915841409
97.0, 0.11831504731904753
98.0, 0.11684445333047656
99.0, 0.1183162756808494
100.0, 0.11684449618677731
101.0, 0.1183162954351859
102.0, 0.11684449618677731
103.0, 0.11831623617218902
104.0, 0.0969782263045191
105.0, 0.11490234606944685
106.0, 0.10432094532845303
107.0, 0.08242031032091283
108.0, 0.09390665881003644
109.0, 0.11673227857155888
110.0, 0.11679145824491839
111.0, 0.11831775729861495
112.0, 0.11187374875025509
113.0, 0.08217164998957065
114.0, 0.09947369911527455
115.0, 0.08260910120995436
116.0, 0.11413128413413906
117.0, 0.11818316985462203
118.0, 0.11684298565704265
119.0, 0.11831658315948515
120.0, 0.11684434767638911
121.0, 0.11831623617218902
122.0, 0.11684449618677731
123.0, 0.1183162954351859
124.0, 0.11684449618677731
125.0, 0.1183162954351859
126.0, 0.11684451575448075
127.0, 0.11831623617218902
128.0, 0.11684449618677731
129.0, 0.11831625592651711
130.0, 0.11684451575448075
131.0, 0.1183162756808494
132.0, 0.11684449618677731
133.0, 0.11831625592651711
134.0, 0.09712373044117817
135.0, 0.11581169674509686
136.0, 0.11672492465535783
137.0, 0.09470960024357807
138.0, 0.1152399332079999
139.0, 0.11824172983552395
140.0, 0.11684278612104337
141.0, 0.117041303309579
142.0, 0.11679041156985615
143.0, 0.1136947392330334
144.0, 0.11295527144832294
145.0, 0.11408847113369924
146.0, 0.11296386165769912
147.0, 0.11408652710464072
148.0, 0.11296335185824291
149.0, 0.11408596764914467
150.0, 0.11296327790100365
151.0, 0.11408640767695052
152.0, 0.11296329347814328
153.0, 0.11408626494445383
154.0, 0.1129633709742049
155.0, 0.1140861752334216
156.0, 0.11296343532060414
157.0, 0.1140861752334216
158.0, 0.11296343532060414
159.0, 0.1140861752334216
160.0, 0.11296343532060414
161.0, 0.1140861752334216
162.0, 0.1129633709742049
163.0, 0.1140861752334216
164.0, 0.1129633066278948
165.0, 0.07773090201733417
166.0, 0.11177324521985824
167.0, 0.07754734638448209
168.0, 0.11176656090383831
169.0, 0.11406232295417534
170.0, 0.11296332133725788
171.0, 0.11408560365864148
172.0, 0.1129626732191482
173.0, 0.11408532550619381
174.0, 0.1129618183000041
175.0, 0.1140847185647358
176.0, 0.11296182834330315
177.0, 0.11408318733093113
178.0, 0.11295970418240395
179.0, 0.11408187486977538
180.0, 0.11295823127782427
181.0, 0.11408169042079602
182.0, 0.11295923391538439
183.0, 0.11408270757880466
184.0, 0.11296109972872355
185.0, 0.11408416807998785
186.0, 0.11296242636949273
187.0, 0.11408534596778382
188.0, 0.1129633471563205
189.0, 0.11408639623036823
190.0, 0.11296386741248324
191.0, 0.114086946764902
192.0, 0.11296353392901803
193.0, 0.11408708042822172
194.0, 0.11296322155110076
195.0, 0.11408756830949117
196.0, 0.1129637462485869
197.0, 0.11408751488186622
198.0, 0.11296324295357539
199.0, 0.11408752354483417
200.0, 0.11296352054410913
201.0, 0.11408728260345696
202.0, 0.11296353748891694
203.0, 0.11408728260345696
204.0, 0.11247044177569963
205.0, 0.11149407274254382
206.0, 0.11339295043557862
207.0, 0.11401923444752735
208.0, 0.11296679457731003
209.0, 0.11408782684290222
210.0, 0.11296330776909519
211.0, 0.11408761325231498
212.0, 0.11296346996800173
213.0, 0.11408790973275808
214.0, 0.11296338039509354
215.0, 0.11408728260345696
216.0, 0.11296338039509354
217.0, 0.11408729968827695
218.0, 0.11296338039509354
219.0, 0.11408726960000891
220.0, 0.1129632743829253
221.0, 0.11408729120347684
222.0, 0.11296345352846136
223.0, 0.1140866129729083
224.0, 0.11296372286139557
225.0, 0.11408719498180733
226.0, 0.1129630648778307
227.0, 0.11408752620016302
228.0, 0.11296345197174353
229.0, 0.11408594758807297
230.0, 0.11296331014622377
231.0, 0.11408557595562123
232.0, 0.11296276602935697
233.0, 0.11408424879187481
234.0, 0.11296093195980773
235.0, 0.11408251050935098
236.0, 0.11295899772406034
237.0, 0.11408094056743459
238.0, 0.11295694582340846
239.0, 0.118225184001063
240.0, 0.11683588894427391
241.0, 0.11830861281610998
242.0, 0.116837808725928
243.0, 0.0758763137423509
244.0, 0.07459623071408272
245.0, 0.07320216676785567
246.0, 0.07290358202389674
247.0, 0.07160142110327902
248.0, 0.07160544152739462
249.0, 0.07042485754034637
250.0, 0.07068868814428399
251.0, 0.06963085766355413
252.0, 0.06997280746102563
253.0, 0.06890662668348872
254.0, 0.06933295192749099
255.0, 0.06821473306795411
256.0, 0.06863337300829735
257.0, 0.06742046131346337
258.0, 0.06779788062606305
259.0, 0.0664766803076626
260.0, 0.06827333398242279
261.0, 0.06787101678362044
262.0, 0.06782088228012537
263.0, 0.08000462866334893
264.0, 0.08063159492744718
265.0, 0.08081619022167376
266.0, 0.08112412845600277
267.0, 0.08127712124395121
268.0, 0.08154257176659949
269.0, 0.08166489101104975
270.0, 0.0818911731706726
271.0, 0.08196549048646949
272.0, 0.08214162432266764
273.0, 0.08217156891500707
274.0, 0.0823031941111298
275.0, 0.08236350846865013
276.0, 0.08256093072121759
277.0, 0.08210265941102145
278.0, 0.08229823896659227
279.0, 0.08217557666362646
280.0, 0.08214686838947506
281.0, 0.0815763885664782
282.0, 0.0816599333655915
spot_hold
0, 0
1, 0
2, 0
3, 0
4, 0
5, 0
6, 0
7, 0
8, 0
9, 0
10, 0
11, 0
12, 0
13, 0
14, 0
15, 0
16, 0
17, 0
18, 0
19, 0
20, 0
21, 0
22, 0
23, 0
24, 0
25, 0
26, 0
27, 0
28, 0
29, 0
30, 0
31, 0
32, 0
33, 0
34, 0
35, 0
36, 0
37, 0
38, 0
39, 0
40, 0
41, 1
42, 1
43, 1
44, 1
45, 1
46, 1
47, 1
48, 1
49, 1
50, 1
51, 1
52, 1
53, 1
54, 1
55, 1
56, 1
57, 1
58, 1
59, 1
60, 1
61, 1
62, 1
63, 1
64, 1
65, 1
66, 1
67, 1
68, 1
69, 1
70, 1
71, 1
72, 1
73, 1
74, 1
75, 1
76, 1
77, 1
78, 1
79, 1
80, 1
81, 1
82, 1
83, 1
84, 1
85, 1
86, 1
87, 1
88, 1
89, 1
90, 1
91, 1
92, 1
93, 1
94, 1
95, 1
96, 1
97, 1
98, 1
99, 1
100, 1
101, 1
102, 1
103, 1
104, 1
105, 1
106, 1
107, 1
108, 1
109, 1
110, 1
111, 1
112, 1
113, 1
114, 1
115, 1
116, 1
117, 1
118, 1
119, 1
120, 1
121, 1
122, 1
123, 1
124, 1
125, 1
126, 1
127, 1
128, 1
129, 1
130, 1
131, 1
132, 1
133, 1
134, 1
135, 1
136, 1
137, 1
138, 1
139, 1
140, 1
141, 1
142, 1
143, 1
144, 1
145, 1
146, 1
147, 1
148, 1
149, 1
150, 1
151, 1
152, 1
153, 1
154, 1
155, 1
156, 1
157, 1
158, 1
159, 1
160, 1
161, 1
162, 1
163, 1
164, 1
165, 1
166, 1
167, 1
168, 1
169, 1
170, 1
171, 1
172, 1
173, 1
174, 1
175, 1
176, 1
177, 1
178, 1
179, 1
180, 1
181, 1
182, 1
183, 1
184, 1
185, 1
186, 1
187, 1
188, 1
189, 1
190, 1
191, 1
192, 1
193, 1
194, 1
195, 1
196, 1
197, 1
198, 1
199, 1
200, 1
201, 1
202, 1
203, 1
204, 1
205, 1
206, 1
207, 1
208, 1
209, 1
210, 1
211, 1
212, 1
213, 1
214, 1
215, 1
216, 1
217, 1
218, 1
219, 1
220, 1
221, 1
222, 1
223, 1
224, 1
225, 1
226, 1
227, 1
228, 1
229, 1
230, 1
231, 1
232, 1
233, 1
234, 1
235, 1
236, 1
237, 1
238, 1
239, 1
240, 1
241, 1
242, 1
243, 1
244, 1
245, 1
246, 1
247, 1
248, 1
249, 1
250, 1
251, 1
252, 1
253, 1
254, 1
255, 1
256, 1
257, 1
258, 1
259, 1
260, 1
261, 1
262, 1
263, 1
264, 1
265, 1
266, 1
267, 1
268, 1
269, 1
270, 1
271, 1
272, 1
273, 1
274, 1
275, 1
276, 1
277, 1
278, 1
279, 1
280, 1
281, 1
282, 1
