bot_dist
0.0, 3.4218090395689122
1.0, 3.427566991008871
2.0, 3.433344412092999
3.0, 3.4391412046999994
4.0, 3.4449572710411136
5.0, 3.4507925136628024
6.0, 3.456646835449346
7.0, 3.462520139625363
8.0, 3.468412329758248
9.0, 3.47432330976053
10.0, 3.480252983892151
11.0, 3.4862012567626683
12.0, 3.49216803333338
13.0, 3.4981532189193736
14.0, 3.504156719191503
15.0, 3.510178440178286
16.0, 3.5162182882677384
17.0, 3.522276170209127
18.0, 3.5283519931146574
19.0, 3.5344456644610913
20.0, 3.5405570920912948
21.0, 3.546686184215719
22.0, 3.552832849413814
23.0, 3.558996996635377
24.0, 3.565178535201837
25.0, 3.571377374807475
26.0, 3.5775934255205795
27.0, 3.583826597784545
28.0, 3.590076802418906
29.0, 3.5963439506203088
30.0, 3.6026279539634336
31.0, 3.6089287244018484
32.0, 3.6152461742688113
33.0, 3.6215802162780184
34.0, 3.6279307635242883
35.0, 3.6342977294842043
36.0, 3.640681028016694
37.0, 3.64708057336356
38.0, 3.6534962801499584
39.0, 3.6599280633848283
40.0, 3.666375838461272
41.0, 3.672839521156879
42.0, 3.679319027634017
43.0, 3.685814274440057
44.0, 3.692325178507573
45.0, 3.6988516571544747
46.0, 3.7053936280841144
47.0, 3.7119510093853396
48.0, 3.7185237195325045
49.0, 3.7251116773854447
50.0, 3.7317148021894
51.0, 3.7383330135749118
52.0, 3.7449662315576644
53.0, 3.751614376538303
54.0, 3.7582773693022014
55.0, 3.7649551310192004
56.0, 3.7716475832433054
57.0, 3.7783546479123493
58.0, 3.785076247347624
59.0, 3.791812304253471
60.0, 3.7985627417168453
61.0, 3.8053274832068413
62.0, 3.8121064525741866
63.0, 3.8188995740507137
64.0, 3.8257067722487856
65.0, 3.832527972160706
66.0, 3.8393630991580907
67.0, 3.846212078991213
68.0, 3.853074837788326
69.0, 3.859951302054948
70.0, 3.8668413986731305
71.0, 3.8737450549006947
72.0, 3.8806621983704446
73.0, 3.887592757089354
74.0, 3.8945366594377324
75.0, 3.9014938341683627
76.0, 3.9084642104056186
77.0, 3.915447717644563
78.0, 3.9224442857500152
79.0, 3.9294538449556065
80.0, 3.936476325862813
81.0, 3.9435116594399604
82.0, 3.9505597770212213
83.0, 3.9576206103055838
84.0, 3.9646940913558075
85.0, 3.9717801525973577
86.0, 3.978878726817326
87.0, 3.9859897471633277
88.0, 3.993113147142389
89.0, 4.000248860619819
90.0, 4.007396821818055
91.0, 4.01455696531551
92.0, 4.021729226045387
93.0, 4.028913539294497
94.0, 4.036109840702051
95.0, 4.043318066258438
96.0, 4.050538152304006
97.0, 4.05777003552781
98.0, 4.065013652966358
99.0, 4.072268942002354
100.0, 4.079535840363406
101.0, 4.079535840363406
102.0, 4.079535840363406
103.0, 4.079535840363406
104.0, 4.079535840363406
105.0, 4.079535840363406
106.0, 4.079535840363406
107.0, 4.079535840363406
108.0, 4.079535840363406
109.0, 4.079535840363406
110.0, 4.079535840363406
111.0, 4.079535840363406
112.0, 4.079535840363406
113.0, 4.079535840363406
114.0, 4.079535840363406
115.0, 4.079535840363406
116.0, 4.079535840363406
117.0, 4.079535840363406
118.0, 4.079535840363406
119.0, 4.079535840363406
120.0, 4.079535840363406
121.0, 4.079535840363406
122.0, 4.079535840363406
123.0, 4.079535840363406
124.0, 4.079535840363406
125.0, 4.079535840363406
126.0, 4.079535840363406
127.0, 4.079535840363406
128.0, 4.079535840363406
129.0, 4.079535840363406
130.0, 4.079535840363406
131.0, 4.072268942002354
132.0, 4.065013652966358
133.0, 4.05777003552781
134.0, 4.050538152304006
135.0, 4.043318066258438
136.0, 4.036109840702051
137.0, 4.028913539294497
138.0, 4.021729226045387
139.0, 4.01455696531551
140.0, 4.007396821818055
141.0, 4.000248860619819
142.0, 3.993113147142389
143.0, 3.9900599956285054
144.0, 3.9829562421577327
145.0, 3.975864948006921
146.0, 3.9687861799617568
147.0, 3.961720005166862
148.0, 3.954666491126874
149.0, 3.9476257057075066
150.0, 3.940597717136599
151.0, 3.85085436642489
152.0, 3.761116924138913
153.0, 3.671385823526823
154.0, 3.5816615412211057
155.0, 3.491944602803718
156.0, 3.4022355892496234
157.0, 3.3125351444146984
158.0, 3.222843983770751
159.0, 3.1331629046366545
160.0, 3.0434927982129545
161.0, 2.9538346638016306
162.0, 2.8641896256877115
163.0, 2.7745589532819785
164.0, 2.684944085283027
165.0, 2.595346658825076
166.0, 2.5057685448523994
167.0, 2.498668472272487
168.0, 2.40853970829698
169.0, 2.318436179821908
170.0, 2.2283608542645417
171.0, 2.1383172957205123
172.0, 2.0483096936215155
173.0, 1.9583430057673097
174.0, 1.9513579058392694
175.0, 1.8616076831666302
176.0, 1.7719838051034278
177.0, 1.7651305884339317
178.0, 1.7583075335446707
179.0, 1.7515149929227836
180.0, 1.7447533229557652
181.0, 1.6629341425631383
182.0, 1.656394359555925
183.0, 1.649889264724665
184.0, 1.6434192699847592
185.0, 1.6369847915235234
186.0, 1.6305862497948147
187.0, 1.6242240695110552
188.0, 1.5351293193061226
189.0, 1.5288381181377149
190.0, 1.4402610740876964
191.0, 1.3517710999301453
192.0, 1.263386491416304
193.0, 1.1751310232449732
194.0, 1.0870361502291868
195.0, 0.9991443524487034
196.0, 0.9115143757330004
197.0, 0.8242297327313777
198.0, 0.7374130609649452
199.0, 0.6512515394666457
200.0, 0.5660444221493546
201.0, 0.48229781571955294
202.0, 0.4009279901204724
203.0, 0.32373214003086864
204.0, 0.2545366746239622
205.0, 0.2017486405927391
206.0, 0.18039757272797816
207.0, 0.2007765661724711
208.0, 0.25299476242524416
209.0, 0.32191403373872557
210.0, 0.39897132156835974
211.0, 0.48026530247645854
212.0, 0.5639668262445403
213.0, 0.5698441350688636
214.0, 0.6542591019242054
215.0, 0.7396464655658922
216.0, 0.7456145499355269
217.0, 0.7516682910337049
218.0, 0.7578056360532249
219.0, 0.7640245702469692
220.0, 0.770323117572509
221.0, 0.7766993411936973
222.0, 0.7831513438495447
223.0, 0.7896772681003947
224.0, 0.7962752964610845
225.0, 0.8029436514304125
226.0, 0.8096805954258445
227.0, 0.816484430631979
228.0, 0.8233534987708705
229.0, 0.8302861808018795
230.0, 0.8372808965582813
231.0, 0.8372808965582813
232.0, 0.8372808965582813
233.0, 0.8372808965582813
234.0, 0.8372808965582813
235.0, 0.8372808965582813
236.0, 0.8372808965582813
237.0, 0.8372808965582813
238.0, 0.8372808965582813
239.0, 0.8372808965582813
240.0, 0.8372808965582813
241.0, 0.8372808965582813
242.0, 0.8372808965582813
243.0, 0.8372808965582813
244.0, 0.8372808965582813
245.0, 0.8372808965582813
246.0, 0.8372808965582813
247.0, 0.8372808965582813
248.0, 0.8372808965582813
249.0, 0.8372808965582813
250.0, 0.8372808965582813
251.0, 0.8372808965582813
252.0, 0.8372808965582813
253.0, 0.8372808965582813
254.0, 0.8372808965582813
255.0, 0.8372808965582813
256.0, 0.8372808965582813
257.0, 0.8372808965582813
258.0, 0.8372808965582813
259.0, 0.8372808965582813
260.0, 0.8372808965582813
261.0, 0.8302861808018795
262.0, 0.8233534987708705
263.0, 0.816484430631979
264.0, 0.8096805954258445
265.0, 0.8029436514304125
266.0, 0.7962752964610845
267.0, 0.7896772681003947
268.0, 0.7831513438495447
269.0, 0.7766993411936973
270.0, 0.770323117572509
271.0, 0.7640245702469692
272.0, 0.7578056360532249
273.0, 0.7516682910337049
274.0, 0.7456145499355269
275.0, 0.7396464655658922
276.0, 0.7337661279939306
277.0, 0.7279756635882992
278.0, 0.722277233879744
279.0, 0.7166730342378277
280.0, 0.7111652923511279
281.0, 0.705756266500416
282.0, 0.7004482436146713
ee_dist
0.0, 0.831039369802224
1.0, 0.8200526825196622
2.0, 0.8851609477846337
3.0, 0.954738813947074
4.0, 0.9779093642430096
5.0, 1.0032807624720532
6.0, 1.0387219612169498
7.0, 1.0791943329438738
8.0, 1.1172979100144707
9.0, 1.1543741038404232
10.0, 1.190571410485165
11.0, 1.2244754363224466
12.0, 1.2567333321667926
13.0, 1.2860757597872248
14.0, 1.3138796647485602
15.0, 1.338991290953794
16.0, 1.363375266398929
17.0, 1.3846429603567305
18.0, 1.405722689773683
19.0, 1.4238455725113008
20.0, 1.442279028455833
21.0, 1.4199184817151795
22.0, 1.3880083544121211
23.0, 1.3532568320423748
24.0, 1.3151780785516647
25.0, 1.2739357167325907
26.0, 1.2295146166780464
27.0, 1.1821028962592584
28.0, 1.1316974131295243
29.0, 1.0785464417117794
30.0, 1.022667815441864
31.0, 0.9643784930712292
32.0, 0.903730075821516
33.0, 0.8411231725910054
34.0, 0.7766814586627607
35.0, 0.7109624648743333
36.0, 0.6442812693160881
37.0, 0.5775384279021215
38.0, 0.5115155099028046
39.0, 0.44779515867730874
40.0, 0.3884459894084832
41.0, 0.40455074975894806
42.0, 0.6446168978012838
43.0, 1.256597201289215
44.0, 1.2202959067929762
45.0, 1.1818813914574064
46.0, 1.1410296633328412
47.0, 1.097675536287171
48.0, 1.0519174707947856
49.0, 1.0036960372534989
50.0, 0.95357459709523
51.0, 0.9019217991544928
52.0, 0.8489438915001007
53.0, 0.7946578840502295
54.0, 0.7391433770071145
55.0, 0.6824866318426472
56.0, 0.6254849614875122
57.0, 0.5683484602966026
58.0, 0.6269692379333736
59.0, 0.7042982930954759
60.0, 0.790087373288808
61.0, 0.8838395506100405
62.0, 0.979858856042485
63.0, 1.0730389818563455
64.0, 1.159588534394309
65.0, 1.2260120207739331
66.0, 1.2817144170791426
67.0, 1.338836701708785
68.0, 1.3916164141551683
69.0, 1.4441530995424194
70.0, 1.4973261008856638
71.0, 1.5488869553675224
72.0, 1.6061349389805313
73.0, 1.6684232655153621
74.0, 1.7355072693894698
75.0, 1.81360799026876
76.0, 1.9008959071172977
77.0, 1.9974691704482277
78.0, 2.0981057903861617
79.0, 2.19760085349826
80.0, 2.2915932238099526
81.0, 2.3701777605671337
82.0, 2.4336468751041633
83.0, 2.4959127299438837
84.0, 2.555865265663949
85.0, 2.615187891486924
86.0, 2.66400851163582
87.0, 2.692458633857668
88.0, 2.7235297090926394
89.0, 2.76324647746605
90.0, 2.814713009584261
91.0, 2.899442991798337
92.0, 2.9925879651669307
93.0, 3.0952904932437795
94.0, 3.202453422935467
95.0, 3.310730495399738
96.0, 3.4118050511533338
97.0, 3.502478483344329
98.0, 3.5737311615688245
99.0, 3.641601588732442
100.0, 3.706405214426182
101.0, 3.770735265714619
102.0, 3.8329887527277653
103.0, 3.896149022806122
104.0, 3.959555794650292
105.0, 4.02997861854128
106.0, 4.104086293105936
107.0, 4.1862195112508065
108.0, 4.277330965941527
109.0, 4.378362756194457
110.0, 4.484677571795962
111.0, 4.594088054443357
112.0, 4.696683800859734
113.0, 4.792147425752785
114.0, 4.866183458689465
115.0, 4.914181138056114
116.0, 4.960013959322046
117.0, 5.005695603581272
118.0, 5.048653996361714
119.0, 5.090926161571036
120.0, 5.129979108832166
121.0, 5.1678751968992955
122.0, 5.2021272264372485
123.0, 5.234819993016642
124.0, 5.26351441681681
125.0, 5.290315809698875
126.0, 5.312835716417034
127.0, 5.333201750571086
128.0, 5.349077053587082
129.0, 5.362604976273404
130.0, 5.371504525065286
131.0, 5.3779354455438435
132.0, 5.379670747329139
133.0, 5.378888901919
134.0, 5.37341729008712
135.0, 5.3654464898637935
136.0, 5.352865397870808
137.0, 5.337875200716036
138.0, 5.318423150064675
139.0, 5.296726775649304
140.0, 5.270786555140241
141.0, 5.241444260658068
142.0, 5.240916337274104
143.0, 4.614578170760665
144.0, 4.603325405354847
145.0, 4.593401753598097
146.0, 4.587162675945242
147.0, 4.5823140931993835
148.0, 4.5813044162824434
149.0, 4.58169627008628
150.0, 4.585952056114973
151.0, 4.502831578812438
152.0, 4.420976728458067
153.0, 4.3379206665878955
154.0, 4.256133185827406
155.0, 4.173149252233997
156.0, 4.091437357064853
157.0, 4.008534538030435
158.0, 3.9269078277216076
159.0, 3.8440966550147393
160.0, 3.762566413687281
161.0, 3.6798593088539495
162.0, 3.5984387840487684
163.0, 3.5158507079578314
164.0, 3.4345558115196426
165.0, 3.352104203034892
166.0, 3.2709541500441794
167.0, 3.278176186928276
168.0, 3.1989307579056447
169.0, 3.1186671682591123
170.0, 3.039798504354097
171.0, 2.95994701742852
172.0, 2.870623538839339
173.0, 2.8031351970674496
174.0, 2.8144370841872
175.0, 2.738400961315868
176.0, 2.6638052977364666
177.0, 2.6781139716567908
178.0, 2.695762462017929
179.0, 2.7145081600242977
180.0, 2.736144820133148
181.0, 2.6795450789939292
182.0, 2.6583635588766157
183.0, 2.6381386704495897
184.0, 2.6209955537175498
185.0, 2.6050254565941233
186.0, 2.5925652235634375
187.0, 2.5814563426553243
188.0, 2.502390798618203
189.0, 2.493629786338038
190.0, 2.4128279190208684
191.0, 2.330941471983239
192.0, 2.2504239377033737
193.0, 2.1688575018893492
194.0, 2.0886917869937
195.0, 2.0075240741314135
196.0, 1.9278004538186246
197.0, 1.8471379699292778
198.0, 1.7679795036858994
199.0, 1.6879692469691208
200.0, 1.6095639906928396
201.0, 1.5252694685589485
202.0, 1.376374131788675
203.0, 1.2404076056646465
204.0, 1.4580067615452457
205.0, 1.1221060744322935
206.0, 0.9955106665267982
207.0, 1.0211454230945212
208.0, 0.9946762108799481
209.0, 0.9219009558610667
210.0, 0.8662126506607105
211.0, 0.7997121350898968
212.0, 0.7388362388815211
213.0, 0.7161188811564801
214.0, 0.6422114629856083
215.0, 0.5861802864595753
216.0, 0.5697815809496013
217.0, 0.5628628061939027
218.0, 0.5478702074962131
219.0, 0.536245663448401
220.0, 0.5292091894095559
221.0, 0.5249289831390166
222.0, 0.5257428106362486
223.0, 0.5293532010329194
224.0, 0.5378956511382373
225.0, 0.5489795624200137
226.0, 0.564347614458554
227.0, 0.5817662092641587
228.0, 0.6025495162807462
229.0, 0.6022035054291648
230.0, 0.6025494442202945
231.0, 0.6022030376560197
232.0, 0.6025495162807462
233.0, 0.602203472196594
234.0, 0.6025494442202945
235.0, 0.6022030376560197
236.0, 0.6025495162807462
237.0, 0.602203472196594
238.0, 0.6025494442202945
239.0, 0.6022030708886145
240.0, 0.6025495162807462
241.0, 0.6022035054291648
242.0, 0.6025494442202945
243.0, 0.6083264701981842
244.0, 0.6201318032379559
245.0, 0.6330697430570019
246.0, 0.6480476200210495
247.0, 0.6640241131682665
248.0, 0.6817385591972561
249.0, 0.7001024376512825
250.0, 0.719934472264355
251.0, 0.7401315823137408
252.0, 0.7615177302708079
253.0, 0.7830207178894397
254.0, 0.8054024592305279
255.0, 0.8276697867514268
256.0, 0.8504901599012852
257.0, 0.8729824880504178
258.0, 0.8957180894479067
259.0, 0.9179423934096504
260.0, 0.9401596260118723
261.0, 0.9616894073369625
262.0, 0.9830133940196225
263.0, 0.963795236087814
264.0, 0.9408193092050356
265.0, 0.9169023200837334
266.0, 0.8919020336241525
267.0, 0.8660268946893015
268.0, 0.8393354360608926
269.0, 0.8120711439515474
270.0, 0.7843171692867117
271.0, 0.756369590365551
272.0, 0.7283496889722412
273.0, 0.7006153659204268
274.0, 0.6733427476018805
275.0, 0.64694534375353
276.0, 0.621615837813284
277.0, 0.5977940729689518
278.0, 0.5756685017592139
279.0, 0.5558671878322817
280.0, 0.538585145513247
281.0, 0.5249206435351551
282.0, 0.5235960210773964
ee_box_dist
0.0, 5.513981227876441
1.0, 5.610371149590968
2.0, 5.597901813547568
3.0, 5.608958125945635
4.0, 5.646226313187237
5.0, 5.651012149676016
6.0, 5.65746235688396
7.0, 5.664376842068295
8.0, 5.671690608399619
9.0, 5.679532373117785
10.0, 5.687950799732696
11.0, 5.696873459574719
12.0, 5.706177147902868
13.0, 5.715679289391975
14.0, 5.725268917699144
15.0, 5.734774282878791
16.0, 5.744308307420646
17.0, 5.753406118995443
18.0, 5.762542342665476
19.0, 5.771021991572806
20.0, 5.7796259936015675
21.0, 5.775727419952781
22.0, 5.769870813503812
23.0, 5.762912456785362
24.0, 5.754800311237857
25.0, 5.74562694407559
26.0, 5.7354336101336445
27.0, 5.7243381348656905
28.0, 5.712400664360196
29.0, 5.699764452728249
30.0, 5.686510828894246
31.0, 5.672808938738577
32.0, 5.658825140568615
33.0, 5.644848259299121
34.0, 5.631159139141426
35.0, 5.617806953924851
36.0, 5.60494245498996
37.0, 5.592045381732998
38.0, 5.579363991346564
39.0, 5.567189954456859
40.0, 5.555740714618094
41.0, 5.558279681008683
42.0, 5.560830017450748
43.0, 5.563398635381581
44.0, 5.566004215486935
45.0, 5.568604763845889
46.0, 5.571288547778542
47.0, 5.57393986814292
48.0, 5.576739377967208
49.0, 5.579486377611606
50.0, 5.582433528907897
51.0, 5.585327445559515
52.0, 5.588405132489679
53.0, 5.591373512695335
54.0, 5.59439408789368
55.0, 5.597148005828744
56.0, 5.599779502428903
57.0, 5.602083797335869
58.0, 5.604216857558489
59.0, 5.606111211897796
60.0, 5.6078071536056235
61.0, 5.609357565631419
62.0, 5.610701357051488
63.0, 5.611924384894765
64.0, 5.612974920871392
65.0, 5.61392741454722
66.0, 5.6147600171840555
67.0, 5.615509556746863
68.0, 5.616159011212248
69.0, 5.6167094172272645
70.0, 5.617151540852363
71.0, 5.617489097572174
72.0, 5.617715873675092
73.0, 5.617835746442712
74.0, 5.617843254337606
75.0, 5.61774486308987
76.0, 5.617533959436405
77.0, 5.617217254060142
78.0, 5.616786337214637
79.0, 5.61625024071939
80.0, 5.615598138288068
81.0, 5.614840676724405
82.0, 5.6139658808910795
83.0, 5.612985308055714
84.0, 5.611886776367193
85.0, 5.610678385354368
86.0, 5.617323979224334
87.0, 5.628884022554208
88.0, 5.637488374806251
89.0, 5.6446264540804165
90.0, 5.649602541269835
91.0, 5.649352069912786
92.0, 5.649544432073497
93.0, 5.6494035407328935
94.0, 5.649541205085933
95.0, 5.6494088442656825
96.0, 5.649540880382117
97.0, 5.64940927752657
98.0, 5.649540825234366
99.0, 5.649409309465851
100.0, 5.649540802526384
101.0, 5.649409270318939
102.0, 5.649540761965295
103.0, 5.649409259985375
104.0, 5.649540727132533
105.0, 5.649409201851941
106.0, 5.649540681529143
107.0, 5.649409166688104
108.0, 5.649540639720267
109.0, 5.649409120925505
110.0, 5.6495406025120385
111.0, 5.649409072092092
112.0, 5.649540100405376
113.0, 5.649409045137855
114.0, 5.6495405313634075
115.0, 5.649409004299455
116.0, 5.649540492053585
117.0, 5.649408965276609
118.0, 5.649540453940435
119.0, 5.649408927157924
120.0, 5.649540418920701
121.0, 5.64940888410251
122.0, 5.649540378294442
123.0, 5.649408848426432
124.0, 5.649540332641643
125.0, 5.649408811217765
126.0, 5.649540272734916
127.0, 5.6494087547937335
128.0, 5.649540247491632
129.0, 5.649408720709987
130.0, 5.649540215503608
131.0, 5.649408685429238
132.0, 5.649540169388537
133.0, 5.649408632012041
134.0, 5.649540111938885
135.0, 5.649408584375807
136.0, 5.649540077675572
137.0, 5.649408549438602
138.0, 5.649540045225289
139.0, 5.649408517442171
140.0, 5.649539999232767
141.0, 5.649408467994256
142.0, 5.649539963210305
143.0, 5.7918788512529815
144.0, 5.763116180736951
145.0, 5.734339019100723
146.0, 5.705412427967916
147.0, 5.676668371911615
148.0, 5.648385200693809
149.0, 5.6204860579102
150.0, 5.5936586006931215
151.0, 5.56424690676758
152.0, 5.5363101217691115
153.0, 5.509132356312063
154.0, 5.483429448215761
155.0, 5.458552368009903
156.0, 5.435147165571406
157.0, 5.412633826264548
158.0, 5.391586664357778
159.0, 5.371496213912969
160.0, 5.352863205126326
161.0, 5.335250115159221
162.0, 5.319082466017364
163.0, 5.303995758239266
164.0, 5.290339084682882
165.0, 5.2778223499505605
166.0, 5.266716050112522
167.0, 5.238431186352099
168.0, 5.221852555760387
169.0, 5.206369886214514
170.0, 5.192344401379858
171.0, 5.179475619532678
172.0, 5.165781703934947
173.0, 5.157983506128307
174.0, 5.129635081401523
175.0, 5.113913920114116
176.0, 5.099642481597849
177.0, 5.071627757386792
178.0, 5.044558991775034
179.0, 5.018043151194575
180.0, 4.993073561879359
181.0, 4.953520929283678
182.0, 4.979173752643533
183.0, 5.005459804769342
184.0, 5.032944988920971
185.0, 5.060861680249793
186.0, 5.089369265524222
187.0, 5.118103369508581
188.0, 5.119900143890194
189.0, 5.148735353865617
190.0, 5.1585799645746375
191.0, 5.169960601563381
192.0, 5.182425498139129
193.0, 5.196447652331706
194.0, 5.211494894652745
195.0, 5.228116049425976
196.0, 5.245701141760324
197.0, 5.264872707510474
198.0, 5.284944501739202
199.0, 5.306611619215726
200.0, 5.329117973837627
201.0, 5.358220579638234
202.0, 5.494723407082891
203.0, 5.652146310064622
204.0, 5.472542692581253
205.0, 5.609431251146443
206.0, 5.569760962765897
207.0, 5.531607694616656
208.0, 5.55727126567289
209.0, 5.595619627901877
210.0, 5.6177798518019815
211.0, 5.654850001963202
212.0, 5.675967116733096
213.0, 5.721256034907853
214.0, 5.767450061504287
215.0, 5.81113969221837
216.0, 5.832570475674795
217.0, 5.849366501880738
218.0, 5.871086033601815
219.0, 5.891347381326998
220.0, 5.909025857167856
221.0, 5.925842585554314
222.0, 5.939651182519272
223.0, 5.952555499626872
224.0, 5.962206124992227
225.0, 5.97088521891777
226.0, 5.976154686103927
227.0, 5.980404055899011
228.0, 5.981171923513818
229.0, 5.981783243700754
230.0, 5.981172219164336
231.0, 5.981784150550232
232.0, 5.981172876300298
233.0, 5.981784327901189
234.0, 5.981173320136105
235.0, 5.981785222706846
236.0, 5.981173859510673
237.0, 5.981785269787776
238.0, 5.981174308569101
239.0, 5.9817862165201525
240.0, 5.981174852663711
241.0, 5.981786183005128
242.0, 5.981175073506129
243.0, 5.97867210000032
244.0, 5.97761144399306
245.0, 5.975323046533655
246.0, 5.970931394190587
247.0, 5.96527130991678
248.0, 5.957341801947462
249.0, 5.948041037874155
250.0, 5.936374927517794
251.0, 5.923380926112855
252.0, 5.9080493382975945
253.0, 5.891604992596407
254.0, 5.872980121846493
255.0, 5.853574107561127
256.0, 5.832233681205264
257.0, 5.810477667177637
258.0, 5.787079953623346
259.0, 5.763612027573044
260.0, 5.738781173645401
261.0, 5.714240100302934
262.0, 5.688616188518474
263.0, 5.731811946598376
264.0, 5.7857068455254135
265.0, 5.839866456931948
266.0, 5.894444700176424
267.0, 5.948976616069457
268.0, 6.003064824706598
269.0, 6.056289347498695
270.0, 6.108280551880961
271.0, 6.158647594090053
272.0, 6.207050974846291
273.0, 6.253138745040181
274.0, 6.296604519697452
275.0, 6.337146383849583
276.0, 6.374491676397445
277.0, 6.408394559089595
278.0, 6.438617955529684
279.0, 6.464968930923752
280.0, 6.48724836361719
281.0, 6.505314600075001
282.0, 6.5226050317566315
spot_hold
0, 0
1, 0
2, 0
3, 0
4, 0
5, 0
6, 0
7, 0
8, 0
9, 0
10, 0
11, 0
12, 0
13, 0
14, 0
15, 0
16, 0
17, 0
18, 0
19, 0
20, 0
21, 0
22, 0
23, 0
24, 0
25, 0
26, 0
27, 0
28, 0
29, 0
30, 0
31, 0
32, 0
33, 0
34, 0
35, 0
36, 0
37, 0
38, 0
39, 0
40, 0
41, 1
42, 1
43, 1
44, 1
45, 1
46, 1
47, 1
48, 1
49, 1
50, 1
51, 1
52, 1
53, 1
54, 1
55, 1
56, 1
57, 1
58, 1
59, 1
60, 1
61, 1
62, 1
63, 1
64, 1
65, 1
66, 1
67, 1
68, 1
69, 1
70, 1
71, 1
72, 1
73, 1
74, 1
75, 1
76, 1
77, 1
78, 1
79, 1
80, 1
81, 1
82, 1
83, 1
84, 1
85, 1
86, 1
87, 1
88, 1
89, 1
90, 1
91, 1
92, 1
93, 1
94, 1
95, 1
96, 1
97, 1
98, 1
99, 1
100, 1
101, 1
102, 1
103, 1
104, 1
105, 1
106, 1
107, 1
108, 1
109, 1
110, 1
111, 1
112, 1
113, 1
114, 1
115, 1
116, 1
117, 1
118, 1
119, 1
120, 1
121, 1
122, 1
123, 1
124, 1
125, 1
126, 1
127, 1
128, 1
129, 1
130, 1
131, 1
132, 1
133, 1
134, 1
135, 1
136, 1
137, 1
138, 1
139, 1
140, 1
141, 1
142, 1
143, 1
144, 1
145, 1
146, 1
147, 1
148, 1
149, 1
150, 1
151, 1
152, 1
153, 1
154, 1
155, 1
156, 1
157, 1
158, 1
159, 1
160, 1
161, 1
162, 1
163, 1
164, 1
165, 1
166, 1
167, 1
168, 1
169, 1
170, 1
171, 1
172, 1
173, 1
174, 1
175, 1
176, 1
177, 1
178, 1
179, 1
180, 1
181, 1
182, 1
183, 1
184, 1
185, 1
186, 1
187, 1
188, 1
189, 1
190, 1
191, 1
192, 1
193, 1
194, 1
195, 1
196, 1
197, 1
198, 1
199, 1
200, 1
201, 1
202, 1
203, 1
204, 1
205, 1
206, 1
207, 1
208, 1
209, 1
210, 1
211, 1
212, 1
213, 1
214, 1
215, 1
216, 1
217, 1
218, 1
219, 1
220, 1
221, 1
222, 1
223, 1
224, 1
225, 1
226, 1
227, 1
228, 1
229, 1
230, 1
231, 1
232, 1
233, 1
234, 1
235, 1
236, 1
237, 1
238, 1
239, 1
240, 1
241, 1
242, 1
243, 1
244, 1
245, 1
246, 1
247, 1
248, 1
249, 1
250, 1
251, 1
252, 1
253, 1
254, 1
255, 1
256, 1
257, 1
258, 1
259, 1
260, 1
261, 1
262, 1
263, 1
264, 1
265, 1
266, 1
267, 1
268, 1
269, 1
270, 1
271, 1
272, 1
273, 1
274, 1
275, 1
276, 1
277, 1
278, 1
279, 1
280, 1
281, 1
282, 1
