bot_dist
0.0, 3.4218090395689122
1.0, 3.427566991008871
2.0, 3.433344412092999
3.0, 3.4391412046999994
4.0, 3.4449572710411136
5.0, 3.4507925136628024
6.0, 3.456646835449346
7.0, 3.462520139625363
8.0, 3.468412329758248
9.0, 3.47432330976053
10.0, 3.480252983892151
11.0, 3.4862012567626683
12.0, 3.49216803333338
13.0, 3.4981532189193736
14.0, 3.504156719191503
15.0, 3.510178440178286
16.0, 3.5162182882677384
17.0, 3.522276170209127
18.0, 3.5283519931146574
19.0, 3.5344456644610913
20.0, 3.5405570920912948
21.0, 3.546686184215719
22.0, 3.552832849413814
23.0, 3.558996996635377
24.0, 3.565178535201837
25.0, 3.571377374807475
26.0, 3.5775934255205795
27.0, 3.583826597784545
28.0, 3.590076802418906
29.0, 3.5963439506203088
30.0, 3.6026279539634336
31.0, 3.6089287244018484
32.0, 3.6152461742688113
33.0, 3.6215802162780184
34.0, 3.6279307635242883
35.0, 3.6342977294842043
36.0, 3.640681028016694
37.0, 3.64708057336356
38.0, 3.6534962801499584
39.0, 3.6599280633848283
40.0, 3.666375838461272
41.0, 3.672839521156879
42.0, 3.679319027634017
43.0, 3.685814274440057
44.0, 3.692325178507573
45.0, 3.6988516571544747
46.0, 3.7053936280841144
47.0, 3.7119510093853396
48.0, 3.7185237195325045
49.0, 3.7251116773854447
50.0, 3.7317148021894
51.0, 3.7383330135749118
52.0, 3.7449662315576644
53.0, 3.751614376538303
54.0, 3.7582773693022014
55.0, 3.7649551310192004
56.0, 3.7716475832433054
57.0, 3.7783546479123493
58.0, 3.785076247347624
59.0, 3.791812304253471
60.0, 3.7985627417168453
61.0, 3.8053274832068413
62.0, 3.8121064525741866
63.0, 3.8188995740507137
64.0, 3.8257067722487856
65.0, 3.832527972160706
66.0, 3.8393630991580907
67.0, 3.846212078991213
68.0, 3.853074837788326
69.0, 3.859951302054948
70.0, 3.8668413986731305
71.0, 3.8737450549006947
72.0, 3.8806621983704446
73.0, 3.887592757089354
74.0, 3.8945366594377324
75.0, 3.9014938341683627
76.0, 3.9084642104056186
77.0, 3.915447717644563
78.0, 3.9224442857500152
79.0, 3.9294538449556065
80.0, 3.936476325862813
81.0, 3.9435116594399604
82.0, 3.9505597770212213
83.0, 3.9576206103055838
84.0, 3.9646940913558075
85.0, 3.9717801525973577
86.0, 3.978878726817326
87.0, 3.9859897471633277
88.0, 3.993113147142389
89.0, 4.000248860619819
90.0, 4.007396821818055
91.0, 4.01455696531551
92.0, 4.021729226045387
93.0, 4.028913539294497
94.0, 4.036109840702051
95.0, 4.043318066258438
96.0, 4.050538152304006
97.0, 4.05777003552781
98.0, 4.065013652966358
99.0, 4.072268942002354
100.0, 4.079535840363406
101.0, 4.079535840363406
102.0, 4.079535840363406
103.0, 4.079535840363406
104.0, 4.079535840363406
105.0, 4.079535840363406
106.0, 4.079535840363406
107.0, 4.079535840363406
108.0, 4.079535840363406
109.0, 4.079535840363406
110.0, 4.079535840363406
111.0, 4.079535840363406
112.0, 4.079535840363406
113.0, 4.079535840363406
114.0, 4.079535840363406
115.0, 4.079535840363406
116.0, 4.079535840363406
117.0, 4.079535840363406
118.0, 4.079535840363406
119.0, 4.079535840363406
120.0, 4.079535840363406
121.0, 4.079535840363406
122.0, 4.079535840363406
123.0, 4.079535840363406
124.0, 4.079535840363406
125.0, 4.079535840363406
126.0, 4.079535840363406
127.0, 4.079535840363406
128.0, 4.079535840363406
129.0, 4.079535840363406
130.0, 4.079535840363406
131.0, 4.072268942002354
132.0, 4.065013652966358
133.0, 4.05777003552781
134.0, 4.050538152304006
135.0, 4.043318066258438
136.0, 4.036109840702051
137.0, 4.028913539294497
138.0, 4.021729226045387
139.0, 4.01455696531551
140.0, 4.007396821818055
141.0, 4.000248860619819
142.0, 3.993113147142389
143.0, 3.9900599956285054
144.0, 3.9829562421577327
145.0, 3.975864948006921
146.0, 3.9687861799617568
147.0, 3.961720005166862
148.0, 3.954666491126874
149.0, 3.9476257057075066
150.0, 3.940597717136599
151.0, 3.85085436642489
152.0, 3.761116924138913
153.0, 3.671385823526823
154.0, 3.5816615412211057
155.0, 3.491944602803718
156.0, 3.4022355892496234
157.0, 3.3125351444146984
158.0, 3.222843983770751
159.0, 3.1331629046366545
160.0, 3.0434927982129545
161.0, 2.9538346638016306
162.0, 2.8641896256877115
163.0, 2.7745589532819785
164.0, 2.684944085283027
165.0, 2.595346658825076
166.0, 2.5057685448523994
167.0, 2.498668472272487
168.0, 2.40853970829698
169.0, 2.318436179821908
170.0, 2.2283608542645417
171.0, 2.1383172957205123
172.0, 2.0483096936215155
173.0, 1.9583430057673097
174.0, 1.9513579058392694
175.0, 1.8616076831666302
176.0, 1.7719838051034278
177.0, 1.7651305884339317
178.0, 1.7583075335446707
179.0, 1.7515149929227836
180.0, 1.7447533229557652
181.0, 1.6629341425631383
182.0, 1.656394359555925
183.0, 1.649889264724665
184.0, 1.6434192699847592
185.0, 1.6369847915235234
186.0, 1.6305862497948147
187.0, 1.6242240695110552
188.0, 1.5351293193061226
189.0, 1.5288381181377149
190.0, 1.4402610740876964
191.0, 1.3517710999301453
192.0, 1.263386491416304
193.0, 1.1751310232449732
194.0, 1.0870361502291868
195.0, 0.9991443524487034
196.0, 0.9115143757330004
197.0, 0.8242297327313777
198.0, 0.7374130609649452
199.0, 0.6512515394666457
200.0, 0.5660444221493546
201.0, 0.48229781571955294
202.0, 0.4009279901204724
203.0, 0.32373214003086864
204.0, 0.2545366746239622
205.0, 0.2017486405927391
206.0, 0.18039757272797816
207.0, 0.2007765661724711
208.0, 0.25299476242524416
209.0, 0.32191403373872557
210.0, 0.39897132156835974
211.0, 0.48026530247645854
212.0, 0.5639668262445403
213.0, 0.5698441350688636
214.0, 0.6542591019242054
215.0, 0.7396464655658922
216.0, 0.7456145499355269
217.0, 0.7516682910337049
218.0, 0.7578056360532249
219.0, 0.7640245702469692
220.0, 0.770323117572509
221.0, 0.7766993411936973
222.0, 0.7831513438495447
223.0, 0.7896772681003947
224.0, 0.7962752964610845
225.0, 0.8029436514304125
226.0, 0.8096805954258445
227.0, 0.816484430631979
228.0, 0.8233534987708705
229.0, 0.8302861808018795
230.0, 0.8372808965582813
231.0, 0.8372808965582813
232.0, 0.8372808965582813
233.0, 0.8372808965582813
234.0, 0.8372808965582813
235.0, 0.8372808965582813
236.0, 0.8372808965582813
237.0, 0.8372808965582813
238.0, 0.8372808965582813
239.0, 0.8372808965582813
240.0, 0.8372808965582813
241.0, 0.8372808965582813
242.0, 0.8372808965582813
243.0, 0.8372808965582813
244.0, 0.8372808965582813
245.0, 0.8372808965582813
246.0, 0.8372808965582813
247.0, 0.8372808965582813
248.0, 0.8372808965582813
249.0, 0.8372808965582813
250.0, 0.8372808965582813
251.0, 0.8372808965582813
252.0, 0.8372808965582813
253.0, 0.8372808965582813
254.0, 0.8372808965582813
255.0, 0.8372808965582813
256.0, 0.8372808965582813
257.0, 0.8372808965582813
258.0, 0.8372808965582813
259.0, 0.8372808965582813
260.0, 0.8372808965582813
261.0, 0.8302861808018795
262.0, 0.8233534987708705
263.0, 0.816484430631979
264.0, 0.8096805954258445
265.0, 0.8029436514304125
266.0, 0.7962752964610845
267.0, 0.7896772681003947
268.0, 0.7831513438495447
269.0, 0.7766993411936973
270.0, 0.770323117572509
271.0, 0.7640245702469692
272.0, 0.7578056360532249
273.0, 0.7516682910337049
274.0, 0.7456145499355269
275.0, 0.7396464655658922
276.0, 0.7337661279939306
277.0, 0.7279756635882992
278.0, 0.722277233879744
279.0, 0.7166730342378277
280.0, 0.7111652923511279
281.0, 0.705756266500416
282.0, 0.7004482436146713
ee_dist
0.0, 0.831039369802224
1.0, 0.8200526825196622
2.0, 0.8851609477846337
3.0, 0.9525772631971214
4.0, 0.9760069472916032
5.0, 1.0009132743671634
6.0, 1.0356530387021508
7.0, 1.0769280791967237
8.0, 1.1181482168939934
9.0, 1.1567339258218918
10.0, 1.19403312427092
11.0, 1.2292145095504663
12.0, 1.262541593739942
13.0, 1.292915327058361
14.0, 1.3214833669133053
15.0, 1.346985335973084
16.0, 1.3715474795623064
17.0, 1.3931025286603718
18.0, 1.414267388737416
19.0, 1.4324182731094481
20.0, 1.450758539255941
21.0, 1.4280236608357313
22.0, 1.3958255541371174
23.0, 1.3607472680935837
24.0, 1.3223098582522377
25.0, 1.2806802789456877
26.0, 1.2358453634768813
27.0, 1.1879963709906736
28.0, 1.1371336682927329
29.0, 1.0835090440160913
30.0, 1.0271424969579037
31.0, 0.9683563008415735
32.0, 0.907205040379164
33.0, 0.8440955076576315
34.0, 0.7791540379939881
35.0, 0.7129466680828837
36.0, 0.6457939963160032
37.0, 0.5786087012479572
38.0, 0.5121864311568025
39.0, 0.4481343264641429
40.0, 0.3885592704497005
41.0, 0.4046604442191846
42.0, 0.6446106755549628
43.0, 1.2565028529477646
44.0, 1.2202014513970747
45.0, 1.1817871668411066
46.0, 1.1409362284561744
47.0, 1.0975826659485506
48.0, 1.0518256294001338
49.0, 1.0036062440454003
50.0, 0.9534856175258807
51.0, 0.9018345365043341
52.0, 0.8488583825223306
53.0, 0.7945745478949544
54.0, 0.7390618680589243
55.0, 0.6824066565542873
56.0, 0.6254072544019916
57.0, 0.5682733168372449
58.0, 0.6268955003991334
59.0, 0.7042271630786223
60.0, 0.790019080575289
61.0, 0.8837741501178522
62.0, 0.9797971223090336
63.0, 1.0729803921289087
64.0, 1.1595330386511093
65.0, 1.225959620498726
66.0, 1.2816655033001447
67.0, 1.3387912606773886
68.0, 1.3915738379547278
69.0, 1.4441136048930157
70.0, 1.4972896826429982
71.0, 1.5488529732568221
72.0, 1.6061035189787556
73.0, 1.6683946732881285
74.0, 1.7354814157286091
75.0, 1.81358522023327
76.0, 1.9008756073611652
77.0, 1.9974517428522902
78.0, 2.098090462070628
79.0, 2.197587781690368
80.0, 2.291582225185749
81.0, 2.370168564461478
82.0, 2.4336395631667975
83.0, 2.495906888012004
84.0, 2.5558603463312686
85.0, 2.6151843982668543
86.0, 2.663993462009362
87.0, 2.692436204164296
88.0, 2.72354079921655
89.0, 2.7632030757803636
90.0, 2.8150072639244743
91.0, 2.8992969262007535
92.0, 2.993116351098464
93.0, 3.0952143774628946
94.0, 3.202965586653704
95.0, 3.310652998587105
96.0, 3.412315475379629
97.0, 3.502400836123059
98.0, 3.574240225965471
99.0, 3.6415243419569383
100.0, 3.706912101298987
101.0, 3.7706585048832744
102.0, 3.833494642639199
103.0, 3.8960728583525945
104.0, 3.9600621302144345
105.0, 4.029902546208734
106.0, 4.1045935227605685
107.0, 4.186143067228452
108.0, 4.277839839127835
109.0, 4.378285554084509
110.0, 4.485188313291702
111.0, 4.594010147998018
112.0, 4.697195433155391
113.0, 4.79206963326313
114.0, 4.866694270587659
115.0, 4.91410352110174
116.0, 4.960523806257332
117.0, 5.005618307137814
118.0, 5.049162324268421
119.0, 5.0908491796211
120.0, 5.130485395010895
121.0, 5.167798681177662
122.0, 5.202630979875569
123.0, 5.234744033020228
124.0, 5.264015181281119
125.0, 5.290240483480103
126.0, 5.313333075489243
127.0, 5.333127072543792
128.0, 5.349570695011166
129.0, 5.362531060205621
130.0, 5.371993974758327
131.0, 5.377862389906001
132.0, 5.380155927342934
133.0, 5.378816735267032
134.0, 5.373897984933033
135.0, 5.365375013623501
136.0, 5.353341539241054
137.0, 5.337804674839134
138.0, 5.318894774424225
139.0, 5.296657069992596
140.0, 5.271253814964595
141.0, 5.241374977501508
142.0, 5.241386466206488
143.0, 4.614651179494804
144.0, 4.602826242764138
145.0, 4.593482389300861
146.0, 4.586632129531065
147.0, 4.582400395042077
148.0, 4.580760123688346
149.0, 4.581784928870868
150.0, 4.585410706559557
151.0, 4.502920459379238
152.0, 4.420435645987239
153.0, 4.33800956320877
154.0, 4.255592515864799
155.0, 4.173238278918209
156.0, 4.090897031343726
157.0, 4.008623696989891
158.0, 3.926367903086066
159.0, 3.844186052433185
160.0, 3.7620268478252834
161.0, 3.6799487489576985
162.0, 3.597899964853439
163.0, 3.5159403028123526
164.0, 3.434017620000327
165.0, 3.3521939607629796
166.0, 3.2704166953469347
167.0, 3.278265370060688
168.0, 3.1984056046274785
169.0, 3.1187563603108184
170.0, 3.0392756064862323
171.0, 2.96003619558819
172.0, 2.880998031659346
173.0, 2.802238920787843
174.0, 2.8139877241775744
175.0, 2.738432957071743
176.0, 2.663314417172613
177.0, 2.6781909152808328
178.0, 2.6953184782407864
179.0, 2.714582919762543
180.0, 2.7357651494062707
181.0, 2.6796142494096102
182.0, 2.657958081396553
183.0, 2.638217344178164
184.0, 2.6205301902772975
185.0, 2.605111052655082
186.0, 2.592054863206222
187.0, 2.581546627294858
188.0, 2.5018659302751542
189.0, 2.493721073881388
190.0, 2.412291035526468
191.0, 2.331033279065748
192.0, 2.249888603381239
193.0, 2.1689492398011607
194.0, 2.0881583326458837
195.0, 2.007616378670253
196.0, 1.9272694165034767
197.0, 1.8472306305228163
198.0, 1.7674516435825476
199.0, 1.6880622523332658
200.0, 1.6090369011839643
201.0, 1.5317543299503682
202.0, 1.4014269033706617
203.0, 1.1426674969535795
204.0, 1.3753689795902568
205.0, 1.2873313702895952
206.0, 1.2378224668489946
207.0, 1.075232731819251
208.0, 1.002074896322122
209.0, 0.9325679633773158
210.0, 0.8649238322269571
211.0, 0.8000694214309902
212.0, 0.7391718488093264
213.0, 0.7197586518003254
214.0, 0.6571390633043857
215.0, 0.5996723477272698
216.0, 0.5794823431537931
217.0, 0.5620120548834135
218.0, 0.5474249673564712
219.0, 0.5362962867888947
220.0, 0.5286801193308559
221.0, 0.5250330869710478
222.0, 0.5252071128186279
223.0, 0.5294573255540259
224.0, 0.5373977333370579
225.0, 0.549072832148367
226.0, 0.5639177887562471
227.0, 0.5818432453815191
228.0, 0.6022093055109854
229.0, 0.6022718781952014
230.0, 0.6022097068751499
231.0, 0.6022718781952014
232.0, 0.6022093055109854
233.0, 0.6022718781952014
234.0, 0.6022097068751499
235.0, 0.6022717727324544
236.0, 0.6022093055109854
237.0, 0.6022718781952014
238.0, 0.6022097068751499
239.0, 0.6022718449479754
240.0, 0.6022093055109854
241.0, 0.6022718781952014
242.0, 0.6022097068751499
243.0, 0.6079082636698424
244.0, 0.6197806014489398
245.0, 0.6327727567911465
246.0, 0.647799800823491
247.0, 0.6638217927090673
248.0, 0.6815782622677827
249.0, 0.6999824212862815
250.0, 0.7198508917172913
251.0, 0.7400833512846663
252.0, 0.7614996117952346
253.0, 0.7830303054128905
254.0, 0.805434643845423
255.0, 0.8277200341073826
256.0, 0.8505539667339304
257.0, 0.8730561770418923
258.0, 0.8957967320447581
259.0, 0.9180215962441111
260.0, 0.9402379320865412
261.0, 0.961761033528911
262.0, 0.9830772501164134
263.0, 0.9638572608532466
264.0, 0.940882017201365
265.0, 0.9169642431741072
266.0, 0.8919626640056602
267.0, 0.8660853893999241
268.0, 0.8393918684676568
269.0, 0.8121242218557582
270.0, 0.784366798168472
271.0, 0.7564153617904762
272.0, 0.7283911250464482
273.0, 0.700651705785822
274.0, 0.6733742662630982
275.0, 0.6469719158658884
276.0, 0.621637624623617
277.0, 0.5978105781218381
278.0, 0.5756805230675672
279.0, 0.5558753353702762
280.0, 0.5385893113992373
281.0, 0.5249220497169684
282.0, 0.5235968846539676
ee_box_dist
0.0, 3.321159862441501
1.0, 3.3289024323958016
2.0, 3.369362884504544
3.0, 3.451140917328444
4.0, 3.4689732247870686
5.0, 3.4779105297201203
6.0, 3.4785319008561406
7.0, 3.478875928776226
8.0, 3.4991546448380153
9.0, 3.5100080653212866
10.0, 3.5229145834521742
11.0, 3.535334519043035
12.0, 3.547882978524437
13.0, 3.560279704170471
14.0, 3.5724529854851004
15.0, 3.5841446134562025
16.0, 3.5956464816126594
17.0, 3.6064275532726997
18.0, 3.617114648534374
19.0, 3.6268320640120955
20.0, 3.63663133294113
21.0, 3.632587464227072
22.0, 3.626196627017692
23.0, 3.618161019444916
24.0, 3.6084050531321963
25.0, 3.597038678877825
26.0, 3.5840974448733056
27.0, 3.569726333749043
28.0, 3.553985235725131
29.0, 3.5370618074496973
30.0, 3.5190425688841236
31.0, 3.5001548070744204
32.0, 3.4805762890549827
33.0, 3.460669160592565
34.0, 3.440731518477702
35.0, 3.4209157461404964
36.0, 3.4014101083468953
37.0, 3.3818171596846387
38.0, 3.3624243131300204
39.0, 3.3436222987256174
40.0, 3.3256856886789308
41.0, 3.329191927939877
42.0, 3.332675397974369
43.0, 3.3361623405451146
44.0, 3.339647896348051
45.0, 3.343110046737565
46.0, 3.3466151174186036
47.0, 3.3500653358615735
48.0, 3.3536195661710377
49.0, 3.357097724245453
50.0, 3.3607254408937295
51.0, 3.364273093424661
52.0, 3.367954420186536
53.0, 3.371497263401815
54.0, 3.375042755970354
55.0, 3.3782929750694004
56.0, 3.381375735404442
57.0, 3.384105093107362
58.0, 3.3866165410102194
59.0, 3.3888607080661717
60.0, 3.3908611592626348
61.0, 3.3926822771498486
62.0, 3.3942528567988908
63.0, 3.3956670439277388
64.0, 3.396862845298566
65.0, 3.397924280405712
66.0, 3.398818531648217
67.0, 3.3995936693230786
68.0, 3.400219809989863
69.0, 3.400711444902285
70.0, 3.4010485142651388
71.0, 3.4012437760969796
72.0, 3.401282369091339
73.0, 3.401180309423102
74.0, 3.400920297172933
75.0, 3.4005210261679806
76.0, 3.3999644851334767
77.0, 3.399270464789227
78.0, 3.3984190738911924
79.0, 3.3974314079700596
80.0, 3.3962876527937564
81.0, 3.395009477146256
82.0, 3.393576409156635
83.0, 3.3920087000780113
84.0, 3.3902876164218756
85.0, 3.388433340344202
86.0, 3.3982736743825477
87.0, 3.414729507810247
88.0, 3.4266019619673385
89.0, 3.436332236519227
90.0, 3.442836587884183
91.0, 3.4426716954496897
92.0, 3.4426913125521494
93.0, 3.4427266685735383
94.0, 3.4426944673349014
95.0, 3.4427331934836105
96.0, 3.442695001334672
97.0, 3.442733971239511
98.0, 3.4426950573164468
99.0, 3.442734052955896
100.0, 3.442695101182864
101.0, 3.442734083208859
102.0, 3.44269508605937
103.0, 3.4427340817017775
104.0, 3.4426950724399403
105.0, 3.4427340817017775
106.0, 3.4426950724399403
107.0, 3.4427340817017775
108.0, 3.4426950724399403
109.0, 3.4427340817017775
110.0, 3.4426950724399403
111.0, 3.4427340817017775
112.0, 3.4426950724399403
113.0, 3.4427340817017775
114.0, 3.4426950724399403
115.0, 3.4427340817017775
116.0, 3.4426950724399403
117.0, 3.4427340817017775
118.0, 3.4426950724399403
119.0, 3.4427340817017775
120.0, 3.4426950724399403
121.0, 3.44273409532118
122.0, 3.4426950724399403
123.0, 3.4427340817017775
124.0, 3.4426950724399403
125.0, 3.44273409532118
126.0, 3.4426950724399403
127.0, 3.442734124067065
128.0, 3.442695058820512
129.0, 3.4427341104476614
130.0, 3.442695101182864
131.0, 3.4427340817017775
132.0, 3.4426950724399403
133.0, 3.4427340680823773
134.0, 3.4426950724399403
135.0, 3.4427341089405825
136.0, 3.4426950724399403
137.0, 3.4427340817017775
138.0, 3.4426950724399403
139.0, 3.4427340817017775
140.0, 3.4426950724399403
141.0, 3.4427340817017775
142.0, 3.4426950724399403
143.0, 3.6687197137287133
144.0, 3.641592796425212
145.0, 3.6140634658203616
146.0, 3.5860704263438894
147.0, 3.558050725549734
148.0, 3.529944215915474
149.0, 3.502204641468294
150.0, 3.4747752843522632
151.0, 3.4578606991713103
152.0, 3.4427475341394183
153.0, 3.4297264546572634
154.0, 3.418554260661874
155.0, 3.409516370649006
156.0, 3.40236259626158
157.0, 3.3973718441993284
158.0, 3.3942871093001985
159.0, 3.3933794034082854
160.0, 3.3943857626444047
161.0, 3.3975680709320355
162.0, 3.4026576284218764
163.0, 3.4099073729182354
164.0, 3.419043601393819
165.0, 3.430309575550261
166.0, 3.443427776149423
167.0, 3.415659880991976
168.0, 3.4242864448629367
169.0, 3.4350433264000517
170.0, 3.447652576772957
171.0, 3.462350145731354
172.0, 3.478855353353938
173.0, 3.497394752500681
174.0, 3.46971608887751
175.0, 3.483799781277486
176.0, 3.4996861090937914
177.0, 3.4719893749222472
178.0, 3.443961565149152
179.0, 3.4160512182841654
180.0, 3.3881922966981834
181.0, 3.3799136616315035
182.0, 3.4077020371332405
183.0, 3.4357456799254917
184.0, 3.4635894133727394
185.0, 3.4912993636844853
186.0, 3.5184404005217207
187.0, 3.545083836732633
188.0, 3.576914802707407
189.0, 3.6025333059250015
190.0, 3.6416526433309606
191.0, 3.6823556564732285
192.0, 3.724367411024805
193.0, 3.767863882042652
194.0, 3.812577537492231
195.0, 3.8586793802209245
196.0, 3.9059106265093257
197.0, 3.954437026818829
198.0, 4.00400847803653
199.0, 4.054786469663635
200.0, 4.106533830802814
201.0, 4.160799820626838
202.0, 4.291614678171375
203.0, 4.503497451009261
204.0, 4.127475867968211
205.0, 4.216320683193289
206.0, 4.504722905051362
207.0, 4.490159149215158
208.0, 4.5534525132797565
209.0, 4.6134512255361795
210.0, 4.674623101988446
211.0, 4.736005603321414
212.0, 4.7976588797749296
213.0, 4.816268216458945
214.0, 4.882561149330601
215.0, 4.949453810341107
216.0, 4.965565442420931
217.0, 4.979848159605899
218.0, 4.992072358365082
219.0, 5.002310217077562
220.0, 5.010364353475139
221.0, 5.0163257576313525
222.0, 5.020028495166477
223.0, 5.02157991185038
224.0, 5.0208458682116115
225.0, 5.017953884362541
226.0, 5.012799499546423
227.0, 5.005528764896644
228.0, 4.99606882655859
229.0, 4.996097014909014
230.0, 4.996068342471944
231.0, 4.996097014909014
232.0, 4.99606882655859
233.0, 4.996097014909014
234.0, 4.996068342471944
235.0, 4.996096949052029
236.0, 4.99606882655859
237.0, 4.996097014909014
238.0, 4.996068342471944
239.0, 4.996096989762999
240.0, 4.99606882655859
241.0, 4.996097014909014
242.0, 4.996068342471944
243.0, 4.994966237188628
244.0, 4.995790765649429
245.0, 4.995398446755117
246.0, 4.993067745047854
247.0, 4.989478792255127
248.0, 4.983775141056372
249.0, 4.976698281010358
250.0, 4.967403331217466
251.0, 4.956769783544123
252.0, 4.943933103669873
253.0, 4.92996084801055
254.0, 4.91391638913641
255.0, 4.897050281111572
256.0, 4.8783257183624675
257.0, 4.859125828093309
258.0, 4.8383297390462126
259.0, 4.817391801403617
260.0, 4.795109021461505
261.0, 4.773036864602832
262.0, 4.749881270666998
263.0, 4.790035254996762
264.0, 4.840050992888818
265.0, 4.890024752545966
266.0, 4.940106097176935
267.0, 4.989882181216379
268.0, 5.038990001562204
269.0, 5.087063906683992
270.0, 5.133769722004599
271.0, 5.178771955976862
272.0, 5.221769027619774
273.0, 5.262464453322101
274.0, 5.300586465929917
275.0, 5.33589406011951
276.0, 5.368172147847489
277.0, 5.397245200146691
278.0, 5.422956760415587
279.0, 5.4451160102285145
280.0, 5.463615132820874
281.0, 5.478128809262681
282.0, 5.4906249344797375
spot_hold
0, 0
1, 0
2, 0
3, 0
4, 0
5, 0
6, 0
7, 0
8, 0
9, 0
10, 0
11, 0
12, 0
13, 0
14, 0
15, 0
16, 0
17, 0
18, 0
19, 0
20, 0
21, 0
22, 0
23, 0
24, 0
25, 0
26, 0
27, 0
28, 0
29, 0
30, 0
31, 0
32, 0
33, 0
34, 0
35, 0
36, 0
37, 0
38, 0
39, 0
40, 0
41, 1
42, 1
43, 1
44, 1
45, 1
46, 1
47, 1
48, 1
49, 1
50, 1
51, 1
52, 1
53, 1
54, 1
55, 1
56, 1
57, 1
58, 1
59, 1
60, 1
61, 1
62, 1
63, 1
64, 1
65, 1
66, 1
67, 1
68, 1
69, 1
70, 1
71, 1
72, 1
73, 1
74, 1
75, 1
76, 1
77, 1
78, 1
79, 1
80, 1
81, 1
82, 1
83, 1
84, 1
85, 1
86, 1
87, 1
88, 1
89, 1
90, 1
91, 1
92, 1
93, 1
94, 1
95, 1
96, 1
97, 1
98, 1
99, 1
100, 1
101, 1
102, 1
103, 1
104, 1
105, 1
106, 1
107, 1
108, 1
109, 1
110, 1
111, 1
112, 1
113, 1
114, 1
115, 1
116, 1
117, 1
118, 1
119, 1
120, 1
121, 1
122, 1
123, 1
124, 1
125, 1
126, 1
127, 1
128, 1
129, 1
130, 1
131, 1
132, 1
133, 1
134, 1
135, 1
136, 1
137, 1
138, 1
139, 1
140, 1
141, 1
142, 1
143, 1
144, 1
145, 1
146, 1
147, 1
148, 1
149, 1
150, 1
151, 1
152, 1
153, 1
154, 1
155, 1
156, 1
157, 1
158, 1
159, 1
160, 1
161, 1
162, 1
163, 1
164, 1
165, 1
166, 1
167, 1
168, 1
169, 1
170, 1
171, 1
172, 1
173, 1
174, 1
175, 1
176, 1
177, 1
178, 1
179, 1
180, 1
181, 1
182, 1
183, 1
184, 1
185, 1
186, 1
187, 1
188, 1
189, 1
190, 1
191, 1
192, 1
193, 1
194, 1
195, 1
196, 1
197, 1
198, 1
199, 1
200, 1
201, 1
202, 1
203, 1
204, 1
205, 1
206, 1
207, 1
208, 1
209, 1
210, 1
211, 1
212, 1
213, 1
214, 1
215, 1
216, 1
217, 1
218, 1
219, 1
220, 1
221, 1
222, 1
223, 1
224, 1
225, 1
226, 1
227, 1
228, 1
229, 1
230, 1
231, 1
232, 1
233, 1
234, 1
235, 1
236, 1
237, 1
238, 1
239, 1
240, 1
241, 1
242, 1
243, 1
244, 1
245, 1
246, 1
247, 1
248, 1
249, 1
250, 1
251, 1
252, 1
253, 1
254, 1
255, 1
256, 1
257, 1
258, 1
259, 1
260, 1
261, 1
262, 1
263, 1
264, 1
265, 1
266, 1
267, 1
268, 1
269, 1
270, 1
271, 1
272, 1
273, 1
274, 1
275, 1
276, 1
277, 1
278, 1
279, 1
280, 1
281, 1
282, 1
