bot_dist
0.0, 3.0516740716206137
1.0, 3.0556646228188753
2.0, 3.0596826541403734
3.0, 3.063728057465858
4.0, 3.0678007245117693
5.0, 3.0719005468409515
6.0, 3.0760274158732575
7.0, 3.080181222896059
8.0, 3.0843618590746433
9.0, 3.0885692154625093
10.0, 3.092803183011552
11.0, 3.0970636525821447
12.0, 3.1013505149531064
13.0, 3.1056636608315658
14.0, 3.1100029808627063
15.0, 3.1143683656394114
16.0, 3.118759705711784
17.0, 3.1231768915965663
18.0, 3.127619813786437
19.0, 3.1320883627591987
20.0, 3.136582428986853
21.0, 3.141101902944557
22.0, 3.145646675119464
23.0, 3.1502166360194566
24.0, 3.1548116761817537
25.0, 3.1594316861814065
26.0, 3.1640765566396816
27.0, 3.1687461782323214
28.0, 3.173440441697691
29.0, 3.1781591250509473
30.0, 3.182902230811575
31.0, 3.187669649961321
32.0, 3.1924612735759674
33.0, 3.1972769928328977
34.0, 3.2021166990185406
35.0, 3.2069802835357035
36.0, 3.211867637910787
37.0, 3.2167786538008842
38.0, 3.221713223000764
39.0, 3.2266712374497404
40.0, 3.2316525892384296
41.0, 3.236657170615383
42.0, 3.241684873993621
43.0, 3.24673559195704
44.0, 3.2518092172667132
45.0, 3.256905642867077
46.0, 3.2620247618920053
47.0, 3.2671664676707715
48.0, 3.2723306537339023
49.0, 3.2775172138189186
50.0, 3.282726041875964
51.0, 3.2879570320733316
52.0, 3.2932100788028746
53.0, 3.2984850766853158
54.0, 3.303781920575443
55.0, 3.309100505567203
56.0, 3.3144407269986904
57.0, 3.3198024804570263
58.0, 3.3251856617831397
59.0, 3.3305901670764384
60.0, 3.3360158926993844
61.0, 3.3414627352819615
62.0, 3.346930591726049
63.0, 3.3524193592096863
64.0, 3.357928935191246
65.0, 3.3634592174135065
66.0, 3.369010103907626
67.0, 3.3745814929970197
68.0, 3.3801732833011457
69.0, 3.385785373739191
70.0, 3.3914176635336655
71.0, 3.397070052213907
72.0, 3.4027424396194856
73.0, 3.408434725903531
74.0, 3.414146811535953
75.0, 3.419878597306589
76.0, 3.425629984328252
77.0, 3.431400874039698
78.0, 3.437191168208508
79.0, 3.443000768933875
80.0, 3.4488295786493244
81.0, 3.4546775001253334
82.0, 3.460544436471883
83.0, 3.4664302911409193
84.0, 3.472334967928736
85.0, 3.478258370978287
86.0, 3.4842004047814084
87.0, 3.490160974180971
88.0, 3.4961399843729555
89.0, 3.5021373409084515
90.0, 3.5081529496955866
91.0, 3.5141867170013747
92.0, 3.5202385494535005
93.0, 3.526308354042029
94.0, 3.532396038121044
95.0, 3.5385015094102226
96.0, 3.5446246759963365
97.0, 3.5507654463346867
98.0, 3.5569237292504794
99.0, 3.5630994339401236
100.0, 3.569292469972482
101.0, 3.569292469972482
102.0, 3.569292469972482
103.0, 3.569292469972482
104.0, 3.569292469972482
105.0, 3.569292469972482
106.0, 3.569292469972482
107.0, 3.569292469972482
108.0, 3.569292469972482
109.0, 3.569292469972482
110.0, 3.569292469972482
111.0, 3.569292469972482
112.0, 3.569292469972482
113.0, 3.569292469972482
114.0, 3.569292469972482
115.0, 3.569292469972482
116.0, 3.569292469972482
117.0, 3.569292469972482
118.0, 3.569292469972482
119.0, 3.569292469972482
120.0, 3.569292469972482
121.0, 3.569292469972482
122.0, 3.569292469972482
123.0, 3.569292469972482
124.0, 3.569292469972482
125.0, 3.569292469972482
126.0, 3.569292469972482
127.0, 3.569292469972482
128.0, 3.569292469972482
129.0, 3.569292469972482
130.0, 3.569292469972482
131.0, 3.5630994339401236
132.0, 3.5569237292504794
133.0, 3.5507654463346867
134.0, 3.5446246759963365
135.0, 3.5385015094102226
136.0, 3.532396038121044
137.0, 3.526308354042029
138.0, 3.5202385494535005
139.0, 3.5141867170013747
140.0, 3.5081529496955866
141.0, 3.5021373409084515
142.0, 3.4961399843729555
143.0, 3.494808740105765
144.0, 3.48885611123513
145.0, 3.482922020301964
146.0, 3.4770065622205024
147.0, 3.4711098322529494
148.0, 3.4652319260073035
149.0, 3.459372939435123
150.0, 3.4535329688292045
151.0, 3.364587138310897
152.0, 3.2756915993279088
153.0, 3.186850511754796
154.0, 3.0980686125978654
155.0, 3.0093511403929245
156.0, 2.920703966123956
157.0, 2.832133690878327
158.0, 2.7436477620153545
159.0, 2.655254612036953
160.0, 2.5669638254566487
161.0, 2.4787863404074244
162.0, 2.3907346936257294
163.0, 2.302823319959408
164.0, 2.2150689208961203
165.0, 2.127490921113135
166.0, 2.0401120381600633
167.0, 2.0350902778395827
168.0, 1.9493687727584637
169.0, 1.864094580407433
170.0, 1.7793317792503964
171.0, 1.6951570841794845
172.0, 1.6116626454952958
173.0, 1.528959910911137
174.0, 1.5249511252403594
175.0, 1.446143859975949
176.0, 1.368848492964943
177.0, 1.3654935965149961
178.0, 1.3622038493459976
179.0, 1.3589797245879642
180.0, 1.3558216903884648
181.0, 1.2999959569687836
182.0, 1.2974393923249115
183.0, 1.294955005008366
184.0, 1.292543211213664
185.0, 1.2902044180405574
186.0, 1.2879390231787944
187.0, 1.2857474145961372
188.0, 1.2836299702301617
189.0, 1.2815870576843582
190.0, 1.279619033929062
191.0, 1.277726245007737
192.0, 1.2759090257491434
193.0, 1.2741676994859095
194.0, 1.2725025777800343
195.0, 1.1887168525701342
196.0, 1.105079937307502
197.0, 1.0216283801964159
198.0, 1.0201490923193073
199.0, 0.9376766843924893
200.0, 0.8554896031875359
201.0, 0.7736787839187099
202.0, 0.6923776159186478
203.0, 0.6117892795327823
204.0, 0.5322377236650785
205.0, 0.45426795930157937
206.0, 0.3788578567467639
207.0, 0.30789395058099944
208.0, 0.24526639885009033
209.0, 0.199007639100366
210.0, 0.18205490064978946
211.0, 0.20192930865974149
212.0, 0.24999683389173324
213.0, 0.3135488807680133
214.0, 0.3849920735817168
215.0, 0.46066973748696755
216.0, 0.5388004354486585
217.0, 0.618455174875922
218.0, 0.6991132163746738
219.0, 0.6999752377433053
220.0, 0.7804511890803119
221.0, 0.8614272464450181
222.0, 0.9427745544915375
223.0, 0.9436194609746016
224.0, 0.9445694907303838
225.0, 0.9456243269198891
226.0, 0.9467836192404836
227.0, 0.9480469844986071
228.0, 0.9494140072313416
229.0, 0.950884240374518
230.0, 0.9524572059749206
231.0, 0.9524572059749206
232.0, 0.9524572059749206
233.0, 0.9524572059749206
234.0, 0.9524572059749206
235.0, 0.9524572059749206
236.0, 0.9524572059749206
237.0, 0.9524572059749206
238.0, 0.9524572059749206
239.0, 0.9524572059749206
240.0, 0.9524572059749206
241.0, 0.9524572059749206
242.0, 0.9524572059749206
243.0, 0.9524572059749206
244.0, 0.9524572059749206
245.0, 0.9524572059749206
246.0, 0.9524572059749206
247.0, 0.9524572059749206
248.0, 0.9524572059749206
249.0, 0.9524572059749206
250.0, 0.9524572059749206
251.0, 0.9524572059749206
252.0, 0.9524572059749206
253.0, 0.9524572059749206
254.0, 0.9524572059749206
255.0, 0.9524572059749206
256.0, 0.9524572059749206
257.0, 0.9524572059749206
258.0, 0.9524572059749206
259.0, 0.9524572059749206
260.0, 0.9524572059749206
261.0, 0.950884240374518
262.0, 0.9494140072313416
263.0, 0.9480469844986071
264.0, 0.9467836192404836
265.0, 0.9456243269198891
266.0, 0.9445694907303838
267.0, 0.9436194609746016
268.0, 0.9427745544915375
269.0, 0.9420350541348314
270.0, 0.9414012083040314
271.0, 0.9408732305306301
272.0, 0.9404512991204681
273.0, 0.9401355568538969
274.0, 0.9399261107448689
275.0, 0.9398230318599039
276.0, 0.9398263551976435
277.0, 0.9399360796294662
278.0, 0.9401521679014051
279.0, 0.9404745466973531
280.0, 0.9409031067633103
281.0, 0.9414377030921832
282.0, 0.9420781551684022
ee_dist
0.0, 1.1779962031338267
1.0, 1.2215686427773
2.0, 1.3204034673215748
3.0, 1.4078261786651374
4.0, 1.4379651717851458
5.0, 1.4636348195171889
6.0, 1.4968230739453954
7.0, 1.530633152636065
8.0, 1.5651684781355801
9.0, 1.5992709387116333
10.0, 1.6330914111953314
11.0, 1.6649078384174405
12.0, 1.695665615403435
13.0, 1.7237786592781092
14.0, 1.7512675513445055
15.0, 1.7758572159154808
16.0, 1.8000929764392684
17.0, 1.8213073613791009
18.0, 1.842602196384407
19.0, 1.8609715666599453
20.0, 1.8798422242676955
21.0, 1.853147346946195
22.0, 1.8152867534111108
23.0, 1.774395832874079
24.0, 1.7299897412961154
25.0, 1.6823044711373976
26.0, 1.6314266472386105
27.0, 1.5776397196596346
28.0, 1.521081115854751
29.0, 1.4621335658111598
30.0, 1.4010095511130305
31.0, 1.338219179639969
32.0, 1.2740912792341843
33.0, 1.2093039062403494
34.0, 1.1443749129563878
35.0, 1.080240376574481
36.0, 1.017735866917253
37.0, 0.9581805212861878
38.0, 0.9028539293658199
39.0, 0.8534712001065884
40.0, 0.8117889030487511
41.0, 0.8256274679611526
42.0, 0.7907532268598174
43.0, 0.9024655783853984
44.0, 0.8587526193244777
45.0, 0.8137527624555995
46.0, 0.7668060558100935
47.0, 0.7178698794303738
48.0, 0.6672829177139029
49.0, 0.6149748160267859
50.0, 0.5616899467441749
51.0, 0.5085019771794328
52.0, 0.4549777360211187
53.0, 0.40220382755791323
54.0, 0.35106906069059646
55.0, 0.30277530443359923
56.0, 0.2604912365559115
57.0, 0.22764616448578706
58.0, 0.24493958976160624
59.0, 0.2935304051668883
60.0, 0.3595883028410546
61.0, 0.4404969468794099
62.0, 0.5291539433679044
63.0, 0.6189345410347653
64.0, 0.7043090475630237
65.0, 0.7719014221609751
66.0, 0.8311544860267589
67.0, 0.8908818833314153
68.0, 0.9451989122899637
69.0, 0.9983894761105264
70.0, 1.0510915390493083
71.0, 1.1019712772746562
72.0, 1.155857898900872
73.0, 1.2158132119574527
74.0, 1.2802427311762685
75.0, 1.3558466515424181
76.0, 1.4407494802423417
77.0, 1.5351570064540285
78.0, 1.6341656848693933
79.0, 1.7327640103562068
80.0, 1.8264555751769265
81.0, 1.9055174462364712
82.0, 1.9700938349390253
83.0, 2.0338687834081406
84.0, 2.094697974099854
85.0, 2.1544812133611884
86.0, 2.2033967915781734
87.0, 2.2319939341825923
88.0, 2.2622047275770663
89.0, 2.301587719928762
90.0, 2.3511730441681338
91.0, 2.434175455831744
92.0, 2.5267091811450575
93.0, 2.6282832875701403
94.0, 2.7339970252170653
95.0, 2.841819066368393
96.0, 2.9423624073977974
97.0, 3.0334983978534824
98.0, 3.1049525430794427
99.0, 3.174091343668898
100.0, 3.2392239732102195
101.0, 3.3041950260618322
102.0, 3.3663080639900183
103.0, 3.429616069014912
104.0, 3.4920301251750008
105.0, 3.5623038776728144
106.0, 3.637012947070678
107.0, 3.716247503182347
108.0, 3.807355986447091
109.0, 3.9078479704813147
110.0, 4.013128006643832
111.0, 4.122346644480936
112.0, 4.224491639044844
113.0, 4.3203366870982824
114.0, 4.394391502660999
115.0, 4.464187811238154
116.0, 4.5289192758704
117.0, 4.593657801613232
118.0, 4.656285517172974
119.0, 4.720580035343792
120.0, 4.781645815941361
121.0, 4.824329713073565
122.0, 4.865049565420345
123.0, 4.907023581219784
124.0, 4.946431414557544
125.0, 4.986586833154353
126.0, 5.023697092489813
127.0, 5.0610649520599775
128.0, 5.094935927712083
129.0, 5.1286387881703694
130.0, 5.1584628223147035
131.0, 5.187745717507724
132.0, 5.212827087243897
133.0, 5.237058108512817
134.0, 5.256828466494583
135.0, 5.275499975008101
136.0, 5.289518097564758
137.0, 5.302252507075479
138.0, 5.310205193490079
139.0, 5.316754132696312
140.0, 5.318459157831932
141.0, 5.3187033356789515
142.0, 5.314108419973503
143.0, 4.675121305237644
144.0, 4.6655250953474035
145.0, 4.656638436907637
146.0, 4.652138431828062
147.0, 4.648365221147432
148.0, 4.64911784028199
149.0, 4.650585176357766
150.0, 4.656566674526211
151.0, 4.573764991834678
152.0, 4.4929091453845365
153.0, 4.410219728884438
154.0, 4.3294808636586435
155.0, 4.246917399389813
156.0, 4.166309177841671
157.0, 4.08388669584982
158.0, 4.00342544723364
159.0, 3.9211618443475813
160.0, 3.840866221415213
161.0, 3.758782555389159
162.0, 3.678674731322213
163.0, 3.596795076838253
164.0, 3.516901949926593
165.0, 3.435255652025402
166.0, 3.355607989873239
167.0, 3.36433522543071
168.0, 3.287114515316086
169.0, 3.208340782487216
170.0, 3.131658163004769
171.0, 3.053474546379167
172.0, 2.9774144380471075
173.0, 2.8999170126010885
174.0, 2.914480521842892
175.0, 2.8408425702098286
176.0, 2.7694960794248713
177.0, 2.7853906820177494
178.0, 2.805008771610767
179.0, 2.8251029209502914
180.0, 2.852892951218833
181.0, 2.7967263069253536
182.0, 2.773834975226195
183.0, 2.7518381793181588
184.0, 2.7332362591725263
185.0, 2.7151617244196458
186.0, 2.70099796933558
187.0, 2.687495618642064
188.0, 2.678321913814997
189.0, 2.66991067203666
190.0, 2.6660850441818624
191.0, 2.663091486727858
192.0, 2.6647721055310436
193.0, 2.6673115899520847
194.0, 2.6744353616410006
195.0, 2.5940742365495786
196.0, 2.515777826474909
197.0, 2.435949701141518
198.0, 2.4465309546107776
199.0, 2.36999436235914
200.0, 2.2957071056902585
201.0, 2.220298894667711
202.0, 2.1472270496147803
203.0, 2.0731947839546603
204.0, 2.002599875339208
205.0, 1.9220870486394077
206.0, 1.8778053440307974
207.0, 1.7893108495690655
208.0, 1.7422769710604191
209.0, 1.6373739377225194
210.0, 1.5984559166851524
211.0, 1.5332905982846823
212.0, 1.4788463532843295
213.0, 1.4037437396291406
214.0, 1.3487614466930895
215.0, 1.2942760365710304
216.0, 1.2443201203104874
217.0, 1.1969064250356023
218.0, 1.154591953208854
219.0, 1.1796208878506171
220.0, 1.148943125092596
221.0, 1.1229776016535278
222.0, 1.1032187625686511
223.0, 1.075222189664675
224.0, 1.0486523565449581
225.0, 1.0225453439894425
226.0, 0.9987383599150782
227.0, 0.975621288482704
228.0, 0.9556889095504797
229.0, 0.9367053275013865
230.0, 0.9217339240715984
231.0, 0.9079645597745055
232.0, 0.8988892417062946
233.0, 0.8912092951515994
234.0, 0.8886622330668319
235.0, 0.8875900597621416
236.0, 0.891770598468964
237.0, 0.8973662432657196
238.0, 0.8982923655940226
239.0, 0.8973662197117903
240.0, 0.8982923655940226
241.0, 0.8973662197117903
242.0, 0.8982923655940226
243.0, 0.9056042164242503
244.0, 0.9182180544410276
245.0, 0.9319654458088107
246.0, 0.9480608193479482
247.0, 0.9652161105277084
248.0, 0.9845194273350384
249.0, 1.004606868525359
250.0, 1.026628541104559
251.0, 1.049156464456007
252.0, 1.0733315213093781
253.0, 1.0977069401765283
254.0, 1.123363959090831
255.0, 1.1488978134225414
256.0, 1.1753117013515604
257.0, 1.2013053802167315
258.0, 1.2277976467449507
259.0, 1.253629797890615
260.0, 1.279655129470205
261.0, 1.3048021694539007
262.0, 1.329899427714365
263.0, 1.3010666146225411
264.0, 1.265048920975624
265.0, 1.22707067999627
266.0, 1.1868278430763104
267.0, 1.1445109651575995
268.0, 1.1001524852153457
269.0, 1.0539614855619612
270.0, 1.0059848762517773
271.0, 0.9564048437937935
272.0, 0.9054541170238305
273.0, 0.8533521423066377
274.0, 0.8002425033111414
275.0, 0.7465370337383692
276.0, 0.6912243974395486
277.0, 0.6342756202023763
278.0, 0.5786381017329175
279.0, 0.5295498018284397
280.0, 0.4790380776043485
281.0, 0.43034813027280167
282.0, 0.3873265293820834
ee_box_dist
0.0, 0.8453528854736573
1.0, 0.8844671148783324
2.0, 0.9152178020411177
3.0, 0.9482008328268293
4.0, 0.9829753749421232
5.0, 1.0192646711272972
6.0, 1.056672575799772
7.0, 1.0913168773874176
8.0, 1.1243932472583
9.0, 1.156350655700788
10.0, 1.1872697335016822
11.0, 1.21604442482151
12.0, 1.2436424029478637
13.0, 1.2687253385763706
14.0, 1.2931805458240693
15.0, 1.3149620039832497
16.0, 1.3364503750684764
17.0, 1.3551531356363549
18.0, 1.3740212924185768
19.0, 1.3901922219027683
20.0, 1.4069460490787242
21.0, 1.3828365829876115
22.0, 1.3489726430896065
23.0, 1.312201072598149
24.0, 1.2720583052837526
25.0, 1.2287305312110643
26.0, 1.18222605401603
27.0, 1.132750879163359
28.0, 1.0803233708405364
29.0, 1.0252054942366953
30.0, 0.967433866954272
31.0, 0.9073364721402676
32.0, 0.8449905227042503
33.0, 0.7808192946134861
34.0, 0.7149905321203107
35.0, 0.6480836733807069
36.0, 0.5804878571995075
37.0, 0.5131172570960564
38.0, 0.4469607305337632
39.0, 0.383980565848779
40.0, 0.32704185126445295
41.0, 0.3422308639656343
42.0, 0.3574226559480347
43.0, 0.3726641076264323
44.0, 0.3883947899598186
45.0, 0.4030563540986128
46.0, 0.41809664233161703
47.0, 0.43303338187761425
48.0, 0.4478172285969107
49.0, 0.4624781312247794
50.0, 0.476939183949145
51.0, 0.4901149262803075
52.0, 0.5049003842624391
53.0, 0.5187435330859314
54.0, 0.532423118131492
55.0, 0.5456437943308158
56.0, 0.5587571169327268
57.0, 0.5715960762172587
58.0, 0.5841158197414453
59.0, 0.5963520231685865
60.0, 0.6082635578951169
61.0, 0.6198854141741866
62.0, 0.6311602849541402
63.0, 0.6421296105889278
64.0, 0.6527360684752395
65.0, 0.6630238645178447
66.0, 0.6729498557660566
67.0, 0.6825305260997668
68.0, 0.6917370851390818
69.0, 0.7005801209788323
70.0, 0.7090484197620964
71.0, 0.7171373271414008
72.0, 0.7248316125645167
73.0, 0.7321408092936845
74.0, 0.7390348097085018
75.0, 0.7455250389238284
76.0, 0.7515896288540914
77.0, 0.7572399889714639
78.0, 0.7624493051681294
79.0, 0.7672190916921171
80.0, 0.7715257594320407
81.0, 0.7753899208151739
82.0, 0.7787632731880803
83.0, 0.7816806205088977
84.0, 0.7840903199355815
85.0, 0.7860205818843446
86.0, 0.8058251550104687
87.0, 0.8507540362289971
88.0, 0.8903783969422112
89.0, 0.9245975497431197
90.0, 0.9511746194625941
91.0, 0.9502435728671231
92.0, 0.950411185569189
93.0, 0.9495474805580223
94.0, 0.9505542637481509
95.0, 0.9496426054728168
96.0, 0.9505492244499459
97.0, 0.9496100105289498
98.0, 0.9505524473276301
99.0, 0.9496238518272023
100.0, 0.9505534619730519
101.0, 0.9496208446959301
102.0, 0.9505549376296913
103.0, 0.9496238358518103
104.0, 0.9505561154207881
105.0, 0.9496243722349107
106.0, 0.9487968018643034
107.0, 0.9505550852665501
108.0, 0.9504088883144964
109.0, 0.949556703602291
110.0, 0.9505654112496982
111.0, 0.94965345409351
112.0, 0.9505607803305455
113.0, 0.9496214025909983
114.0, 0.9505636253797526
115.0, 0.9480622660772693
116.0, 0.9506537337992574
117.0, 0.9501593669570996
118.0, 0.9504396969660109
119.0, 0.9495662808749296
120.0, 0.9505727304643089
121.0, 0.9496610550980894
122.0, 0.9505684773980535
123.0, 0.9496294138789756
124.0, 0.9505722241558635
125.0, 0.949643637979364
126.0, 0.950572446232928
127.0, 0.9496394910973386
128.0, 0.9505736872198325
129.0, 0.9496424780032585
130.0, 0.9505751450357611
131.0, 0.9496433375416895
132.0, 0.9505763586512547
133.0, 0.9496448856916103
134.0, 0.9505768186380876
135.0, 0.9496451434018434
136.0, 0.9505775543755094
137.0, 0.949645392921525
138.0, 0.9505775154294416
139.0, 0.949645392921525
140.0, 0.9505775543755094
141.0, 0.949645392921525
142.0, 0.9505775543755094
143.0, 1.674855237766249
144.0, 1.6702566132113505
145.0, 1.6656322077423933
146.0, 1.6574421008750477
147.0, 1.6492315891920226
148.0, 1.6375745260057908
149.0, 1.625898816108844
150.0, 1.6109564719393963
151.0, 1.6813746639480052
152.0, 1.7513925177953245
153.0, 1.8240924275775694
154.0, 1.8960819953162695
155.0, 1.9705736221230354
156.0, 2.044121777123843
157.0, 2.1200387059619548
158.0, 2.1948339660820326
159.0, 2.2718985455498872
160.0, 2.347704153825556
161.0, 2.425703396144115
162.0, 2.5023366007427215
163.0, 2.5811061099872026
164.0, 2.6584236816397846
165.0, 2.7378339143352965
166.0, 2.815723959761494
167.0, 2.8065892032648714
168.0, 2.8828998174177696
169.0, 2.9613145223752673
170.0, 3.0382227073181665
171.0, 3.1172348716137046
172.0, 3.1946984816070696
173.0, 3.2741569975489155
174.0, 3.2626491300992564
175.0, 3.340369435319348
176.0, 3.4166273120313644
177.0, 3.4053519810759223
178.0, 3.3903978742882415
179.0, 3.375215813628107
180.0, 3.351208190682776
181.0, 3.422199137403118
182.0, 3.439479803236845
183.0, 3.4558854827714525
184.0, 3.4687437844098254
185.0, 3.481349055849594
186.0, 3.4901575600657333
187.0, 3.498695054497774
188.0, 3.503254343086667
189.0, 3.5075265731325294
190.0, 3.507750732710648
191.0, 3.5076684420841273
192.0, 3.5035535470849557
193.0, 3.49911596852001
194.0, 3.490748331271461
195.0, 3.5698378721162887
196.0, 3.647390925858435
197.0, 3.7269257850663795
198.0, 3.7170680992793983
199.0, 3.79468068240166
200.0, 3.8708361650203087
201.0, 3.9489789953316055
202.0, 4.025631067277377
203.0, 4.104259867299571
204.0, 4.180421338588372
205.0, 4.263620087815561
206.0, 4.285670191187748
207.0, 4.416826615488125
208.0, 4.488350044902447
209.0, 4.594804250736469
210.0, 4.648382508409836
211.0, 4.72785921165968
212.0, 4.802872582836926
213.0, 4.892130230023941
214.0, 4.970291034556824
215.0, 5.050885725057193
216.0, 5.129734573065846
217.0, 5.2105539551257305
218.0, 5.289710265992433
219.0, 5.282784401556764
220.0, 5.360116092975627
221.0, 5.4393335112170025
222.0, 5.516968846096435
223.0, 5.525257105602396
224.0, 5.529497629166346
225.0, 5.533334904501833
226.0, 5.533003846200098
227.0, 5.532242945661453
228.0, 5.527305502080046
229.0, 5.521996273284763
230.0, 5.512656168804877
231.0, 5.502995082995467
232.0, 5.489472581119406
233.0, 5.475621550764849
234.0, 5.458175184962952
235.0, 5.440459005111223
236.0, 5.4195196266126
237.0, 5.398356286406047
238.0, 5.397713848918632
239.0, 5.398356281264742
240.0, 5.397713920737972
241.0, 5.398356286406047
242.0, 5.397713920737972
243.0, 5.395113817029659
244.0, 5.392708998369027
245.0, 5.3897405904013
246.0, 5.38555641110152
247.0, 5.38075057119456
248.0, 5.374652624223453
249.0, 5.367924631167313
250.0, 5.359753797281333
251.0, 5.350983856851993
252.0, 5.340831136585819
253.0, 5.330157276118535
254.0, 5.318301481824347
255.0, 5.306085276861245
256.0, 5.292805342541758
257.0, 5.279426631482658
258.0, 5.265175792445586
259.0, 5.251025211487473
260.0, 5.236125954093701
261.0, 5.221507327752218
262.0, 5.206291849936868
263.0, 5.233411111729281
264.0, 5.267651662157198
265.0, 5.302423896200685
266.0, 5.337824875229404
267.0, 5.373547390390262
268.0, 5.409327550235808
269.0, 5.444879780761794
270.0, 5.479947267140379
271.0, 5.51433184620518
272.0, 5.547593855259304
273.0, 5.579642510443332
274.0, 5.610206810483526
275.0, 5.639044325360564
276.0, 5.669431816639897
277.0, 5.701850113768092
278.0, 5.7288170664411355
279.0, 5.74215745211584
280.0, 5.760787444443297
281.0, 5.780093222812368
282.0, 5.795387479236425
spot_hold
0, 0
1, 0
2, 0
3, 0
4, 0
5, 0
6, 0
7, 0
8, 0
9, 0
10, 0
11, 0
12, 0
13, 0
14, 0
15, 0
16, 0
17, 0
18, 0
19, 0
20, 0
21, 0
22, 0
23, 0
24, 0
25, 0
26, 0
27, 0
28, 0
29, 0
30, 0
31, 0
32, 0
33, 0
34, 0
35, 0
36, 0
37, 0
38, 0
39, 0
40, 0
41, 1
42, 1
43, 1
44, 1
45, 1
46, 1
47, 1
48, 1
49, 1
50, 1
51, 1
52, 1
53, 1
54, 1
55, 1
56, 1
57, 1
58, 1
59, 1
60, 1
61, 1
62, 1
63, 1
64, 1
65, 1
66, 1
67, 1
68, 1
69, 1
70, 1
71, 1
72, 1
73, 1
74, 1
75, 1
76, 1
77, 1
78, 1
79, 1
80, 1
81, 1
82, 1
83, 1
84, 1
85, 1
86, 1
87, 1
88, 1
89, 1
90, 1
91, 1
92, 1
93, 1
94, 1
95, 1
96, 1
97, 1
98, 1
99, 1
100, 1
101, 1
102, 1
103, 1
104, 1
105, 1
106, 1
107, 1
108, 1
109, 1
110, 1
111, 1
112, 1
113, 1
114, 1
115, 1
116, 1
117, 1
118, 1
119, 1
120, 1
121, 1
122, 1
123, 1
124, 1
125, 1
126, 1
127, 1
128, 1
129, 1
130, 1
131, 1
132, 1
133, 1
134, 1
135, 1
136, 1
137, 1
138, 1
139, 1
140, 1
141, 1
142, 1
143, 1
144, 1
145, 1
146, 1
147, 1
148, 1
149, 1
150, 1
151, 1
152, 1
153, 1
154, 1
155, 1
156, 1
157, 1
158, 1
159, 1
160, 1
161, 1
162, 1
163, 1
164, 1
165, 1
166, 1
167, 1
168, 1
169, 1
170, 1
171, 1
172, 1
173, 1
174, 1
175, 1
176, 1
177, 1
178, 1
179, 1
180, 1
181, 1
182, 1
183, 1
184, 1
185, 1
186, 1
187, 1
188, 1
189, 1
190, 1
191, 1
192, 1
193, 1
194, 1
195, 1
196, 1
197, 1
198, 1
199, 1
200, 1
201, 1
202, 1
203, 1
204, 1
205, 1
206, 1
207, 1
208, 1
209, 1
210, 1
211, 1
212, 1
213, 1
214, 1
215, 1
216, 1
217, 1
218, 1
219, 1
220, 1
221, 1
222, 1
223, 1
224, 1
225, 1
226, 1
227, 1
228, 1
229, 1
230, 1
231, 1
232, 1
233, 1
234, 1
235, 1
236, 1
237, 1
238, 1
239, 1
240, 1
241, 1
242, 1
243, 1
244, 1
245, 1
246, 1
247, 1
248, 1
249, 1
250, 1
251, 1
252, 1
253, 1
254, 1
255, 1
256, 1
257, 1
258, 1
259, 1
260, 1
261, 1
262, 1
263, 1
264, 1
265, 1
266, 1
267, 1
268, 1
269, 1
270, 1
271, 1
272, 1
273, 1
274, 1
275, 1
276, 1
277, 1
278, 1
279, 1
280, 1
281, 1
282, 1
