bot_dist
0.0, 2.857688598245244
1.0, 2.8597045985965144
2.0, 2.8617541241487903
3.0, 2.863837102924422
4.0, 2.8659534619818694
5.0, 2.8681031274277005
6.0, 2.8702860244286854
7.0, 2.87250207722398
8.0, 2.874751209137394
9.0, 2.877033342589744
10.0, 2.879348399111282
11.0, 2.8816962993541955
12.0, 2.8840769631051812
13.0, 2.88649030929808
14.0, 2.8889362560265712
15.0, 2.8914147205569285
16.0, 2.8939256193408207
17.0, 2.89646886802817
18.0, 2.8990443814800417
19.0, 2.9016520737815874
20.0, 2.9042918582550126
21.0, 2.9069636474725824
22.0, 2.909667353269652
23.0, 2.9124028867577243
24.0, 2.9151701583375207
25.0, 2.9179690777120757
26.0, 2.9207995538998395
27.0, 2.923661495247785
28.0, 2.9265548094445295
29.0, 2.929479403533447
30.0, 2.9324351839257807
31.0, 2.9354220564137545
32.0, 2.9384399261836647
33.0, 2.941488697828966
34.0, 2.944568275363335
35.0, 2.94767856223372
36.0, 2.9508194613333547
37.0, 2.9539908750147594
38.0, 2.957192705102702
39.0, 2.960424852907128
40.0, 2.9636872192360517
41.0, 2.966979704408413
42.0, 2.9703022082668826
43.0, 2.973654630190633
44.0, 2.977036869108045
45.0, 2.980448823509381
46.0, 2.9838903914593873
47.0, 2.9873614706098484
48.0, 2.9908619582120792
49.0, 2.9943917511293554
50.0, 2.997950745849278
51.0, 3.001538838496069
52.0, 3.005155924842803
53.0, 3.008801900323557
54.0, 3.0124766600454973
55.0, 3.0161800988008793
56.0, 3.0199121110789737
57.0, 3.0236725910779136
58.0, 3.0274614327164544
59.0, 3.0312785296456477
60.0, 3.0351237752604385
61.0, 3.038997062711159
62.0, 3.0428982849149433
63.0, 3.0468273345670465
64.0, 3.0507841041520694
65.0, 3.054768485955086
66.0, 3.058780372072682
67.0, 3.0628196544238833
68.0, 3.0668862247609967
69.0, 3.0709799746803395
70.0, 3.075100795632874
71.0, 3.0792485789347364
72.0, 3.0834232157776564
73.0, 3.087624597239282
74.0, 3.091852614293383
75.0, 3.096107157819961
76.0, 3.10038811861524
77.0, 3.1046953874015517
78.0, 3.1090288548371134
79.0, 3.1133884115256896
80.0, 3.1177739480261417
81.0, 3.122185354861872
82.0, 3.126622522530145
83.0, 3.1310853415113047
84.0, 3.1355737022778682
85.0, 3.1400874953035127
86.0, 3.144626611071944
87.0, 3.149190940085648
88.0, 3.1537803728745306
89.0, 3.1583948000044377
90.0, 3.163034112085565
91.0, 3.1676981997807396
92.0, 3.172386953813601
93.0, 3.1771001523132663
94.0, 3.181837797649301
95.0, 3.186599780783439
96.0, 3.1913859927697397
97.0, 3.1961963247621794
98.0, 3.2010306680221223
99.0, 3.2058889139256808
100.0, 3.210770953970952
101.0, 3.210770953970952
102.0, 3.210770953970952
103.0, 3.210770953970952
104.0, 3.210770953970952
105.0, 3.210770953970952
106.0, 3.210770953970952
107.0, 3.210770953970952
108.0, 3.210770953970952
109.0, 3.210770953970952
110.0, 3.210770953970952
111.0, 3.210770953970952
112.0, 3.210770953970952
113.0, 3.210770953970952
114.0, 3.210770953970952
115.0, 3.210770953970952
116.0, 3.210770953970952
117.0, 3.210770953970952
118.0, 3.210770953970952
119.0, 3.210770953970952
120.0, 3.210770953970952
121.0, 3.210770953970952
122.0, 3.210770953970952
123.0, 3.210770953970952
124.0, 3.210770953970952
125.0, 3.210770953970952
126.0, 3.210770953970952
127.0, 3.210770953970952
128.0, 3.210770953970952
129.0, 3.210770953970952
130.0, 3.210770953970952
131.0, 3.2058889139256808
132.0, 3.2010306680221223
133.0, 3.1961963247621794
134.0, 3.1913859927697397
135.0, 3.186599780783439
136.0, 3.181837797649301
137.0, 3.1771001523132663
138.0, 3.172386953813601
139.0, 3.1676981997807396
140.0, 3.163034112085565
141.0, 3.1583948000044377
142.0, 3.1537803728745306
143.0, 3.1543411485350323
144.0, 3.149784282658989
145.0, 3.1452526102660294
146.0, 3.140746240408531
147.0, 3.1362652821549943
148.0, 3.131809844581333
149.0, 3.1273800367620397
150.0, 3.122975967761247
151.0, 3.037373377718884
152.0, 2.9520242941056662
153.0, 2.866951303524147
154.0, 2.7821797916427835
155.0, 2.697738178869493
156.0, 2.6136584403652723
157.0, 2.529976655329668
158.0, 2.446733655834139
159.0, 2.363975795376894
160.0, 2.2817558616385925
161.0, 2.2001341630851203
162.0, 2.119179825188127
163.0, 2.0389723391582404
164.0, 1.9596034141321566
165.0, 1.8811791924115873
166.0, 1.8038228958808975
167.0, 1.8017094866459709
168.0, 1.7292986362205138
169.0, 1.658660409849785
170.0, 1.5900308123978248
171.0, 1.5236812858168276
172.0, 1.4599227323132067
173.0, 1.399109414986476
174.0, 1.3993247062669278
175.0, 1.3476266675960729
176.0, 1.3002475567516232
177.0, 1.3016586783844455
178.0, 1.303145015086155
179.0, 1.304706309799116
180.0, 1.3063422937617606
181.0, 1.2921162514892934
182.0, 1.2945149751779477
183.0, 1.2969863699023827
184.0, 1.2995300210539718
185.0, 1.3021455051889903
186.0, 1.3048323903485164
187.0, 1.3075902363801641
188.0, 1.3104185952611562
189.0, 1.3133170114222572
190.0, 1.3162850220720945
191.0, 1.3193221575214136
192.0, 1.3224279415068179
193.0, 1.3256018915135646
194.0, 1.3288435190969996
195.0, 1.2575570973911705
196.0, 1.1880419148727115
197.0, 1.1206276424988983
198.0, 1.125002766242053
199.0, 1.0569268849713211
200.0, 0.991286622886127
201.0, 0.9285986267842946
202.0, 0.8695016751181486
203.0, 0.8147775333278086
204.0, 0.7653647542271091
205.0, 0.7223541358816958
206.0, 0.6869492707999283
207.0, 0.6603746028540225
208.0, 0.6437246647065468
209.0, 0.6377772214679648
210.0, 0.6428293995378028
211.0, 0.6586281211820216
212.0, 0.6844296015868111
213.0, 0.7191580281549359
214.0, 0.7615931799891613
215.0, 0.8105256247509982
216.0, 0.8648531649001349
217.0, 0.9236242727350524
218.0, 0.9860447197874547
219.0, 0.9931443070454957
220.0, 1.053325299666457
221.0, 1.1164528098024935
222.0, 1.1820548563464521
223.0, 1.1881468305717162
224.0, 1.1942914668280837
225.0, 1.2004879564720818
226.0, 1.2067355007150626
227.0, 1.2130333107103568
228.0, 1.2193806076263485
229.0, 1.2257766227061337
230.0, 1.2322205973144116
231.0, 1.2322205973144116
232.0, 1.2322205973144116
233.0, 1.2322205973144116
234.0, 1.2322205973144116
235.0, 1.2322205973144116
236.0, 1.2322205973144116
237.0, 1.2322205973144116
238.0, 1.2322205973144116
239.0, 1.2322205973144116
240.0, 1.2322205973144116
241.0, 1.2322205973144116
242.0, 1.2322205973144116
243.0, 1.2322205973144116
244.0, 1.2322205973144116
245.0, 1.2322205973144116
246.0, 1.2322205973144116
247.0, 1.2322205973144116
248.0, 1.2322205973144116
249.0, 1.2322205973144116
250.0, 1.2322205973144116
251.0, 1.2322205973144116
252.0, 1.2322205973144116
253.0, 1.2322205973144116
254.0, 1.2322205973144116
255.0, 1.2322205973144116
256.0, 1.2322205973144116
257.0, 1.2322205973144116
258.0, 1.2322205973144116
259.0, 1.2322205973144116
260.0, 1.2322205973144116
261.0, 1.2257766227061337
262.0, 1.2193806076263485
263.0, 1.2130333107103568
264.0, 1.2067355007150626
265.0, 1.2004879564720818
266.0, 1.1942914668280837
267.0, 1.1881468305717162
268.0, 1.1820548563464521
269.0, 1.1760163625486793
270.0, 1.1700321772103537
271.0, 1.164103137865521
272.0, 1.1582300914000128
273.0, 1.1524138938836124
274.0, 1.1466554103839899
275.0, 1.1409555147617023
276.0, 1.1353150894455617
277.0, 1.1297350251876785
278.0, 1.1242162207974957
279.0, 1.1187595828541452
280.0, 1.1133660253964717
281.0, 1.10803646959009
282.0, 1.102771843370868
ee_dist
0.0, 1.1950024734241749
1.0, 1.2401151483555246
2.0, 1.339842302175919
3.0, 1.4277100879588833
4.0, 1.4580092575833477
5.0, 1.4836942434737512
6.0, 1.5168058796382315
7.0, 1.550255175524413
8.0, 1.5867527859404402
9.0, 1.6200562338630715
10.0, 1.6540134556657446
11.0, 1.6859295645597778
12.0, 1.716727820390118
13.0, 1.7449272085591092
14.0, 1.7705190723729198
15.0, 1.7954215572950607
16.0, 1.8195091930192095
17.0, 1.840617368747245
18.0, 1.8618411595600963
19.0, 1.8801500137028586
20.0, 1.8989867738138606
21.0, 1.8721867899188203
22.0, 1.8341487433366832
23.0, 1.7930801891871873
24.0, 1.7484944932223196
25.0, 1.700631797947756
26.0, 1.6495822376907707
27.0, 1.5956872692601913
28.0, 1.5390794780611285
29.0, 1.4800037859188298
30.0, 1.4187849913051829
31.0, 1.3561710947574444
32.0, 1.2920383892123952
33.0, 1.2264715596239333
34.0, 1.1617765691257618
35.0, 1.096202301723645
36.0, 1.0340285880892501
37.0, 0.974904509322154
38.0, 0.9199605539806427
39.0, 0.8713235412574569
40.0, 0.830583760528419
41.0, 0.8443513506267659
42.0, 0.8029403481159422
43.0, 0.890489580132734
44.0, 0.8465089763108085
45.0, 0.8010679797554833
46.0, 0.7538580732951488
47.0, 0.7047161774143708
48.0, 0.6539674411663763
49.0, 0.6015836258959877
50.0, 0.5483089699657554
51.0, 0.49483632368053093
52.0, 0.44182067224171756
53.0, 0.3896836733045386
54.0, 0.3395067796869155
55.0, 0.2928323428584224
56.0, 0.25318882164703715
57.0, 0.2242886514595091
58.0, 0.2375547316562697
59.0, 0.28158570392961385
60.0, 0.34463322267217245
61.0, 0.4237065976658907
62.0, 0.5113428475431657
63.0, 0.6005973917134313
64.0, 0.685701531044112
65.0, 0.7532495791690145
66.0, 0.8126359944410241
67.0, 0.872436659192663
68.0, 0.9267717291234026
69.0, 0.9799329629184615
70.0, 1.032545311792644
71.0, 1.0833312614724566
72.0, 1.136973668752972
73.0, 1.196748755861996
74.0, 1.2609845080621396
75.0, 1.3364063298987316
76.0, 1.421139074319548
77.0, 1.5153927744503626
78.0, 1.614282681577958
79.0, 1.7128053722759322
80.0, 1.8064592282546763
81.0, 1.8855265202148335
82.0, 1.9501440190133068
83.0, 2.0139811153863603
84.0, 2.0748422117284147
85.0, 2.1346376343532354
86.0, 2.1835856496547916
87.0, 2.2121812476696507
88.0, 2.242116244512535
89.0, 2.2845228532583164
90.0, 2.3328498946582146
91.0, 2.4158768301047253
92.0, 2.508145423005932
93.0, 2.6097702014458095
94.0, 2.715420468533873
95.0, 2.8232763318289993
96.0, 2.9237264193040824
97.0, 3.01490947556673
98.0, 3.086337702493748
99.0, 3.155402428819286
100.0, 3.2206649925030506
101.0, 3.285693395753047
102.0, 3.347767929232114
103.0, 3.4111195192914745
104.0, 3.473449117259041
105.0, 3.543754142119357
106.0, 3.616762201308872
107.0, 3.6984825762310067
108.0, 3.7885091253413474
109.0, 3.8891046407991943
110.0, 3.9943668367917824
111.0, 4.1036342268528205
112.0, 4.205692202334275
113.0, 4.3015833148648515
114.0, 4.375605541088097
115.0, 4.4440925820908515
116.0, 4.510271083145989
117.0, 4.5754663419766874
118.0, 4.6374368651244575
119.0, 4.701846290152247
120.0, 4.7629227246669235
121.0, 4.805679036553249
122.0, 4.846327778997016
123.0, 4.889842424415247
124.0, 4.927584380698854
125.0, 4.967540462398367
126.0, 5.005063301134945
127.0, 5.042497852396281
128.0, 5.076333277689521
129.0, 5.110124696802677
130.0, 5.139931286230694
131.0, 5.169309009412423
132.0, 5.194381019442081
133.0, 5.218710742034101
134.0, 5.238477964698461
135.0, 5.257253459603982
136.0, 5.2712747807693585
137.0, 5.284117962177944
138.0, 5.292077966719735
139.0, 5.298738921962844
140.0, 5.300455559231624
141.0, 5.300814922768152
142.0, 5.300386644801926
143.0, 4.655713134622483
144.0, 4.64472471255464
145.0, 4.635817641984922
146.0, 4.631330559099637
147.0, 4.6274442610558575
148.0, 4.628217925793476
149.0, 4.629603133904897
150.0, 4.635635371698908
151.0, 4.552764358975696
152.0, 4.4719567665434
153.0, 4.389198106497317
154.0, 4.3085070480287895
155.0, 4.22587403750179
156.0, 4.145313524434312
157.0, 4.062821477467348
158.0, 3.982407696731778
159.0, 3.9000744799163094
160.0, 3.819826373581033
161.0, 3.7366728694365037
162.0, 3.657679467586221
163.0, 3.5761039433109563
164.0, 3.495793509639184
165.0, 3.414091117547581
166.0, 3.3345053660695627
167.0, 3.343195581455889
168.0, 3.2660209374272267
169.0, 3.1871806328850076
170.0, 3.110546435612186
171.0, 3.032299908516492
172.0, 2.9562917884165807
173.0, 2.878735967714828
174.0, 2.8934098352094777
175.0, 2.819722196013938
176.0, 2.7484396561897158
177.0, 2.764360866710637
178.0, 2.7841188743115093
179.0, 2.8042698940138284
180.0, 2.8276656379307226
181.0, 2.775530593963411
182.0, 2.7530808941422817
183.0, 2.7309438377543644
184.0, 2.7122864167047918
185.0, 2.6940730156400234
186.0, 2.6798936754078793
187.0, 2.666278780997209
188.0, 2.657120535574243
189.0, 2.648625330436349
190.0, 2.6448523907237314
191.0, 2.6418087818250497
192.0, 2.643576268358202
193.0, 2.6461018594259573
194.0, 2.653343826448461
195.0, 2.5729511554698252
196.0, 2.494737650556445
197.0, 2.4148863013903403
198.0, 2.4256116963361016
199.0, 2.349074004363074
200.0, 2.274897765362882
201.0, 2.199507288111388
202.0, 2.1265660273163864
203.0, 2.0525767774113803
204.0, 1.981151629343899
205.0, 1.9088913086172525
206.0, 1.8393466156764484
207.0, 1.7692416774689421
208.0, 1.7020533631415464
209.0, 1.6346621829300123
210.0, 1.5704556070119018
211.0, 1.5065134371615325
212.0, 1.446109076259955
213.0, 1.3865779320734348
214.0, 1.3310475541919407
215.0, 1.277172871136773
216.0, 1.2278837615063793
217.0, 1.17941298816522
218.0, 1.1398911537396865
219.0, 1.165360721350288
220.0, 1.1355640076360671
221.0, 1.1107808723026125
222.0, 1.0923233097392147
223.0, 1.0640645208957207
224.0, 1.0371916338308373
225.0, 1.0107274193572144
226.0, 0.9865472543810011
227.0, 0.9629866024640956
228.0, 0.9426233970136785
229.0, 0.9231253917986675
230.0, 0.9076918209998227
231.0, 0.8933689589934528
232.0, 0.8838345528296047
233.0, 0.875604170944695
234.0, 0.8726395279497846
235.0, 0.8710654926786392
236.0, 0.8749053041159708
237.0, 0.8800825619498358
238.0, 0.89046719036386
239.0, 0.8895075194786995
240.0, 0.8904673726972775
241.0, 0.8895075194786995
242.0, 0.89046719036386
243.0, 0.8977685568030643
244.0, 0.9102769770029316
245.0, 0.9239108246156703
246.0, 0.9398728923904062
247.0, 0.9568800631860503
248.0, 0.9760032245704748
249.0, 0.9958932705484831
250.0, 1.0176738259431373
251.0, 1.0399442892249902
252.0, 1.0638155344854843
253.0, 1.0878740521258194
254.0, 1.1131748420424539
255.0, 1.1383477771360362
256.0, 1.164369598441124
257.0, 1.1899760574424652
258.0, 1.2160594504291937
259.0, 1.241497918073616
260.0, 1.2671165440037249
261.0, 1.2943795604017523
262.0, 1.3262899290344754
263.0, 1.2947376705055418
264.0, 1.25926702488185
265.0, 1.2217113222950409
266.0, 1.1820008174543282
267.0, 1.1403196181966488
268.0, 1.0967089877043175
269.0, 1.051390093492821
270.0, 1.0044194739542975
271.0, 0.956067443673978
272.0, 0.9064257445605074
273.0, 0.8558282475057071
274.0, 0.8080021512371547
275.0, 0.76067617015045
276.0, 0.7120178692261976
277.0, 0.6782116874132943
278.0, 0.6325102123665369
279.0, 0.5865377594271156
280.0, 0.5564156012722433
281.0, 0.5203415188562595
282.0, 0.4952393357741591
ee_box_dist
0.0, 8.439116259499112
1.0, 8.438256744384752
2.0, 8.45066299027701
3.0, 8.491925409419576
4.0, 8.585166104727401
5.0, 8.759017668346296
6.0, 9.04416789751932
7.0, 9.469474208288492
8.0, 10.058100750484373
9.0, 10.824516857503518
10.0, 11.775085137531219
11.0, 12.909186021963242
12.0, 14.220448746505753
13.0, 15.700919730293256
14.0, 17.340132009093004
15.0, 19.12985399228176
16.0, 21.060420749645974
17.0, 23.1239280903069
18.0, 25.312963019566347
19.0, 27.621051764661683
20.0, 30.042368093103313
21.0, 32.59370601275458
22.0, 35.25246315435999
23.0, 38.00607546727787
24.0, 40.85012870523844
25.0, 43.780771981780305
26.0, 46.79397958362481
27.0, 49.886545689597476
28.0, 53.055095738943415
29.0, 56.29684916404313
30.0, 59.608869051064
31.0, 62.98899958944029
32.0, 66.43452817505904
33.0, 69.94312089538404
34.0, 73.51345782743765
35.0, 77.14240678179975
36.0, 80.83004528938676
37.0, 84.57443578207702
38.0, 88.37343205202276
39.0, 92.22659012250661
40.0, 96.13235853590704
41.0, 100.17023617809808
42.0, 104.25936524431238
43.0, 108.39871916882277
44.0, 112.58646211389109
45.0, 116.82143366222375
46.0, 121.10190417591856
47.0, 125.42674696674979
48.0, 129.79436423855086
49.0, 134.2036927468539
50.0, 138.65325216320764
51.0, 143.14207571004084
52.0, 147.6686860028762
53.0, 152.232282233608
54.0, 156.83148992614633
55.0, 161.46538774931085
56.0, 166.1328276106744
57.0, 170.83294001465856
58.0, 175.56458873476836
59.0, 180.32698679878843
60.0, 185.1190790069618
61.0, 189.94014345547026
62.0, 194.78914532857888
63.0, 199.66540972468835
64.0, 204.56798542557897
65.0, 209.49627380347474
66.0, 214.44931559144868
67.0, 219.42660342120556
68.0, 224.427213582741
69.0, 229.45059381967118
70.0, 234.4959930920255
71.0, 239.56289119889317
72.0, 244.65049576778017
73.0, 249.7584097573852
74.0, 254.88584428786402
75.0, 260.03238981096973
76.0, 265.19735119241903
77.0, 270.3803672955128
78.0, 275.58077591202965
79.0, 280.79805047893456
80.0, 286.03180583479354
81.0, 291.28170190594915
82.0, 296.54711116380986
83.0, 301.8276965389751
84.0, 307.1228936215358
85.0, 312.4324603196381
86.0, 317.79221195260413
87.0, 323.17192429157495
88.0, 328.54676623049136
89.0, 333.926646048834
90.0, 339.31460691405346
91.0, 344.7116477516989
92.0, 350.12009757299916
93.0, 355.5399485177721
94.0, 360.9710993372756
95.0, 366.41280709406
96.0, 371.8651475646147
97.0, 377.32750387134166
98.0, 382.7998787239271
99.0, 388.2816286682592
100.0, 393.7729328134103
101.0, 399.27302895024826
102.0, 404.78212616247936
103.0, 410.2995264161973
104.0, 415.82544192350286
105.0, 421.35907493894473
106.0, 426.9007326542054
107.0, 432.44973994195357
108.0, 438.00631214848113
109.0, 443.5698050185767
110.0, 449.1404337102292
111.0, 454.7176153317779
112.0, 460.3014733200988
113.0, 465.8914860678256
114.0, 471.4878380355248
115.0, 477.0899637611852
116.0, 482.69811695469707
117.0, 488.31174160828914
118.0, 493.9309667722685
119.0, 499.5553372000661
120.0, 505.18503564091446
121.0, 510.81957205433696
122.0, 516.4591912525307
123.0, 522.1026819172689
124.0, 527.7521803635299
125.0, 533.4053630514145
126.0, 539.0628670925036
127.0, 544.7244938524642
128.0, 550.3904231716756
129.0, 556.0600810284991
130.0, 561.7337805186073
131.0, 567.4110326336831
132.0, 573.0920811437632
133.0, 578.7765594758537
134.0, 584.4644672690878
135.0, 590.1554991606248
136.0, 595.8500818589404
137.0, 601.5475440028549
138.0, 607.2481901142039
139.0, 612.9516540838409
140.0, 618.6581794592413
141.0, 624.36727811311
142.0, 630.0734319731804
143.0, 635.9748479487262
144.0, 641.6912015913447
145.0, 647.4103118780985
146.0, 653.1319090205947
147.0, 658.8557112981248
148.0, 664.5819805359338
149.0, 670.3102861794638
150.0, 676.0408824617382
151.0, 681.7732316141772
152.0, 687.5078094888511
153.0, 693.2441754764242
154.0, 698.9825852389334
155.0, 704.7226603026155
156.0, 710.4647774949369
157.0, 716.2084984970281
158.0, 721.9539547951268
159.0, 727.7010144886541
160.0, 733.4498078846863
161.0, 739.1994285985019
162.0, 744.9519172985104
163.0, 750.705177464729
164.0, 756.4597581874565
165.0, 762.2158380190161
166.0, 767.9732958447025
167.0, 773.7317937254822
168.0, 779.4918311531189
169.0, 785.2529204355369
170.0, 791.0153734324624
171.0, 796.7787557553766
172.0, 802.5434394930958
173.0, 808.3090524754266
174.0, 814.0759201774875
175.0, 819.843571952937
176.0, 825.6124028522028
177.0, 831.3821069556969
178.0, 837.1529327462536
179.0, 842.924504980874
180.0, 848.6971425212625
181.0, 854.4700827625494
182.0, 860.2447502063178
183.0, 866.0201579607368
184.0, 871.796560894376
185.0, 877.5734595718366
186.0, 883.3511636353156
187.0, 889.1296679581053
188.0, 894.9089106861835
189.0, 900.6885253632673
190.0, 906.4692993200398
191.0, 912.2503837637767
192.0, 918.0321329797227
193.0, 923.8144970155186
194.0, 929.5973368808372
195.0, 935.3809179775448
196.0, 941.1649234459348
197.0, 946.9495559575206
198.0, 952.7346459886336
199.0, 958.5203135221818
200.0, 964.3064635641326
201.0, 970.0931804767073
202.0, 975.8801353017441
203.0, 981.6679011786007
204.0, 987.4557824538929
205.0, 993.2442307004791
206.0, 999.033160111582
207.0, 1004.8221682838978
208.0, 1010.6120844342312
209.0, 1016.4018352731244
210.0, 1022.1923105814308
211.0, 1027.9830478709262
212.0, 1033.774082009595
213.0, 1039.5648288938764
214.0, 1045.3558722431785
215.0, 1051.148703532773
216.0, 1056.941708855064
217.0, 1062.7333416216732
218.0, 1068.5275817592117
219.0, 1074.320296702002
220.0, 1080.113268834283
221.0, 1085.9061556632873
222.0, 1091.700938885665
223.0, 1097.495278340771
224.0, 1103.2896584389325
225.0, 1109.0839851311694
226.0, 1114.8783577703707
227.0, 1120.6725554307307
228.0, 1126.4670484421936
229.0, 1132.261245426712
230.0, 1138.0557433700458
231.0, 1143.8515321362831
232.0, 1149.6479938327009
233.0, 1155.444281912882
234.0, 1161.2407599676067
235.0, 1167.037064660384
236.0, 1172.8335642845
237.0, 1178.6298906947582
238.0, 1184.4264166042879
239.0, 1190.2229312901648
240.0, 1196.0196346342832
241.0, 1201.8161521394022
242.0, 1207.6128581880998
243.0, 1213.421422112253
244.0, 1219.248303218836
245.0, 1225.073396233959
246.0, 1230.8978496070504
247.0, 1236.7210366400748
248.0, 1242.5432909115648
249.0, 1248.3640408155488
250.0, 1254.183649625727
251.0, 1260.0016834758833
252.0, 1265.818374620221
253.0, 1271.6334178722482
254.0, 1277.4471491662844
255.0, 1283.259213769391
256.0, 1289.069761566317
257.0, 1294.8787674879259
258.0, 1300.68609649779
259.0, 1306.4920199373391
260.0, 1312.2961692630088
261.0, 1318.099282627991
262.0, 1323.900570550289
263.0, 1329.7258272673662
264.0, 1335.5479002445866
265.0, 1341.365544293426
266.0, 1347.178522003299
267.0, 1352.9867938133082
268.0, 1358.7901795084765
269.0, 1364.5887210755302
270.0, 1370.382303097586
271.0, 1376.1710613081154
272.0, 1381.9549381532502
273.0, 1387.7341643826078
274.0, 1393.5110608859168
275.0, 1399.2805718656987
276.0, 1405.0461801805445
277.0, 1410.806981713444
278.0, 1416.5657812705194
279.0, 1422.3211650177861
280.0, 1428.0733546383879
281.0, 1433.823248389661
282.0, 1439.5710968016979
spot_hold
0, 0
1, 0
2, 0
3, 0
4, 0
5, 0
6, 0
7, 0
8, 0
9, 0
10, 0
11, 0
12, 0
13, 0
14, 0
15, 0
16, 0
17, 0
18, 0
19, 0
20, 0
21, 0
22, 0
23, 0
24, 0
25, 0
26, 0
27, 0
28, 0
29, 0
30, 0
31, 0
32, 0
33, 0
34, 0
35, 0
36, 0
37, 0
38, 0
39, 0
40, 0
41, 1
42, 1
43, 1
44, 1
45, 1
46, 1
47, 1
48, 1
49, 1
50, 1
51, 1
52, 1
53, 1
54, 1
55, 1
56, 1
57, 1
58, 1
59, 1
60, 1
61, 1
62, 1
63, 1
64, 1
65, 1
66, 1
67, 1
68, 1
69, 1
70, 1
71, 1
72, 1
73, 1
74, 1
75, 1
76, 1
77, 1
78, 1
79, 1
80, 1
81, 1
82, 1
83, 1
84, 1
85, 1
86, 1
87, 1
88, 1
89, 1
90, 1
91, 1
92, 1
93, 1
94, 1
95, 1
96, 1
97, 1
98, 1
99, 1
100, 1
101, 1
102, 1
103, 1
104, 1
105, 1
106, 1
107, 1
108, 1
109, 1
110, 1
111, 1
112, 1
113, 1
114, 1
115, 1
116, 1
117, 1
118, 1
119, 1
120, 1
121, 1
122, 1
123, 1
124, 1
125, 1
126, 1
127, 1
128, 1
129, 1
130, 1
131, 1
132, 1
133, 1
134, 1
135, 1
136, 1
137, 1
138, 1
139, 1
140, 1
141, 1
142, 1
143, 1
144, 1
145, 1
146, 1
147, 1
148, 1
149, 1
150, 1
151, 1
152, 1
153, 1
154, 1
155, 1
156, 1
157, 1
158, 1
159, 1
160, 1
161, 1
162, 1
163, 1
164, 1
165, 1
166, 1
167, 1
168, 1
169, 1
170, 1
171, 1
172, 1
173, 1
174, 1
175, 1
176, 1
177, 1
178, 1
179, 1
180, 1
181, 1
182, 1
183, 1
184, 1
185, 1
186, 1
187, 1
188, 1
189, 1
190, 1
191, 1
192, 1
193, 1
194, 1
195, 1
196, 1
197, 1
198, 1
199, 1
200, 1
201, 1
202, 1
203, 1
204, 1
205, 1
206, 1
207, 1
208, 1
209, 1
210, 1
211, 1
212, 1
213, 1
214, 1
215, 1
216, 1
217, 1
218, 1
219, 1
220, 1
221, 1
222, 1
223, 1
224, 1
225, 1
226, 1
227, 1
228, 1
229, 1
230, 1
231, 1
232, 1
233, 1
234, 1
235, 1
236, 1
237, 1
238, 1
239, 1
240, 1
241, 1
242, 1
243, 1
244, 1
245, 1
246, 1
247, 1
248, 1
249, 1
250, 1
251, 1
252, 1
253, 1
254, 1
255, 1
256, 1
257, 1
258, 1
259, 1
260, 1
261, 1
262, 1
263, 1
264, 1
265, 1
266, 1
267, 1
268, 1
269, 1
270, 1
271, 1
272, 1
273, 1
274, 1
275, 1
276, 1
277, 1
278, 1
279, 1
280, 1
281, 1
282, 1
