bot_dist
0.0, 2.8501958449140616
1.0, 2.852081296854529
2.0, 2.8540005435396862
3.0, 2.8559535168376975
4.0, 2.8579401476073247
5.0, 2.8599603657095183
6.0, 2.8620141000191186
7.0, 2.864101278436666
8.0, 2.8662218279003153
9.0, 2.868375674397843
10.0, 2.8705627429787555
11.0, 2.8727829577664807
12.0, 2.875036241970651
13.0, 2.8773225178994606
14.0, 2.879641706972109
15.0, 2.8819937297313065
16.0, 2.884378505855858
17.0, 2.8867959541733037
18.0, 2.889245992672624
19.0, 2.8917285385169986
20.0, 2.894243508056617
21.0, 2.896790816841538
22.0, 2.899370379634593
23.0, 2.901982110424321
24.0, 2.9046259224379525
25.0, 2.9073017281544127
26.0, 2.9100094393173577
27.0, 2.912748966948231
28.0, 2.9155202213593427
29.0, 2.9183231121669597
30.0, 2.9211575483044134
31.0, 2.9240234380352064
32.0, 2.926920688966134
33.0, 2.929849208060394
34.0, 2.932808901650708
35.0, 2.935799675452418
36.0, 2.9388214345765875
37.0, 2.9418740835430803
38.0, 2.9449575262936243
39.0, 2.9480716662048545
40.0, 2.95121640610133
41.0, 2.954391648268525
42.0, 2.9575972944657876
43.0, 2.960833245939268
44.0, 2.9640994034348034
45.0, 2.9673956672107664
46.0, 2.9707219370508717
47.0, 2.9740781122769313
48.0, 2.977464091761565
49.0, 2.980879773940859
50.0, 2.9843250568269655
51.0, 2.9877998380206483
52.0, 2.991304014723768
53.0, 2.9948374837517027
54.0, 2.998400141545706
55.0, 3.0019918841851925
56.0, 3.0056126073999616
57.0, 3.009262206582339
58.0, 3.0129405767992496
59.0, 3.016647612804214
60.0, 3.0203832090492613
61.0, 3.0241472596967625
62.0, 3.0279396586311846
63.0, 3.0317602994707578
64.0, 3.0356090755790475
65.0, 3.0394858800764504
66.0, 3.043390605851594
67.0, 3.0473231455726393
68.0, 3.051283391698499
69.0, 3.055271236489953
70.0, 3.0592865720206683
71.0, 3.063329290188125
72.0, 3.0673992827244327
73.0, 3.071496441207059
74.0, 3.0756206570694427
75.0, 3.0797718216115113
76.0, 3.0839498260100933
77.0, 3.0881545613292194
78.0, 3.0923859185303204
79.0, 3.096643788482322
80.0, 3.1009280619716186
81.0, 3.105238629711949
82.0, 3.1095753823541585
83.0, 3.1139382104958435
84.0, 3.1183270046908933
85.0, 3.1227416554589147
86.0, 3.1271820532945407
87.0, 3.1316480886766347
88.0, 3.136139652077368
89.0, 3.1406566339711937
90.0, 3.145198924843699
91.0, 3.1497664152003453
92.0, 3.154358995575089
93.0, 3.1589765565388905
94.0, 3.1636189887081083
95.0, 3.1682861827527664
96.0, 3.17297802940472
97.0, 3.1776943067290646
98.0, 3.1824350171794693
99.0, 3.1872000517288526
100.0, 3.191989301443418
101.0, 3.191989301443418
102.0, 3.191989301443418
103.0, 3.191989301443418
104.0, 3.191989301443418
105.0, 3.191989301443418
106.0, 3.191989301443418
107.0, 3.191989301443418
108.0, 3.191989301443418
109.0, 3.191989301443418
110.0, 3.191989301443418
111.0, 3.191989301443418
112.0, 3.191989301443418
113.0, 3.191989301443418
114.0, 3.191989301443418
115.0, 3.191989301443418
116.0, 3.191989301443418
117.0, 3.191989301443418
118.0, 3.191989301443418
119.0, 3.191989301443418
120.0, 3.191989301443418
121.0, 3.191989301443418
122.0, 3.191989301443418
123.0, 3.191989301443418
124.0, 3.191989301443418
125.0, 3.191989301443418
126.0, 3.191989301443418
127.0, 3.191989301443418
128.0, 3.191989301443418
129.0, 3.191989301443418
130.0, 3.191989301443418
131.0, 3.1872000517288526
132.0, 3.1824350171794693
133.0, 3.1776943067290646
134.0, 3.17297802940472
135.0, 3.1682861827527664
136.0, 3.1636189887081083
137.0, 3.1589765565388905
138.0, 3.154358995575089
139.0, 3.1497664152003453
140.0, 3.145198924843699
141.0, 3.1406566339711937
142.0, 3.136139652077368
143.0, 3.1368271000384773
144.0, 3.1323684487415018
145.0, 3.1279354134895536
146.0, 3.1235281033485616
147.0, 3.1191466273661836
148.0, 3.114791094562651
149.0, 3.1104616139214976
150.0, 3.1061582943801884
151.0, 3.020868986504527
152.0, 2.9358528189193085
153.0, 2.851134171090888
154.0, 2.766740432571464
155.0, 2.682702266996333
156.0, 2.5990541660240036
157.0, 2.515835037311493
158.0, 2.4330888977716056
159.0, 2.3508656929762495
160.0, 2.269222267831841
161.0, 2.1882235186774217
162.0, 2.1079437627745294
163.0, 2.028468367711218
164.0, 1.9498956902993347
165.0, 1.872339381562208
166.0, 1.795931120312668
167.0, 1.7940243924385768
168.0, 1.7227943728000326
169.0, 1.653445271015402
170.0, 1.5862235418557615
171.0, 1.5214111976826588
172.0, 1.4593292936597382
173.0, 1.400341026120131
174.0, 1.4008327398699518
175.0, 1.3512506399947535
176.0, 1.3061325702455713
177.0, 1.3078336264305288
178.0, 1.3096088373800518
179.0, 1.311457901962855
180.0, 1.3133805082507783
181.0, 1.3018128291061164
182.0, 1.3044907637900853
183.0, 1.3072397151086663
184.0, 1.3100592360105374
185.0, 1.3129488718571705
186.0, 1.3159081607471317
187.0, 1.3189366338403674
188.0, 1.2785834848379565
189.0, 1.2822585474288664
190.0, 1.2416583436248805
191.0, 1.206304625865271
192.0, 1.1766704863670865
193.0, 1.153196943979429
194.0, 1.1362658688583265
195.0, 1.1261723815091433
196.0, 1.1231008485564946
197.0, 1.1271086789637432
198.0, 1.1381210864293863
199.0, 1.1559378943385117
200.0, 1.1802509897360953
201.0, 1.2106690534539355
202.0, 1.2467453189091178
203.0, 1.2880044248624622
204.0, 1.3339655474267322
205.0, 1.384160373652726
206.0, 1.4381456717843788
207.0, 1.4955110101789835
208.0, 1.5558825678288581
209.0, 1.618924063442635
210.0, 1.6843357315352063
211.0, 1.7518520476640098
212.0, 1.8212390417281252
213.0, 1.8309187099785855
214.0, 1.8971193883037893
215.0, 1.965082685154842
216.0, 1.9746144199769453
217.0, 1.98415076665605
218.0, 1.993691659013016
219.0, 2.003237032098231
220.0, 2.0127868221639287
221.0, 2.022340966637224
222.0, 2.031899404093858
223.0, 2.041462074232619
224.0, 2.0510289178504277
225.0, 2.0605998768180647
226.0, 2.070174894056522
227.0, 2.079753913513956
228.0, 2.0893368801432377
229.0, 2.098923739880065
230.0, 2.108514439621635
231.0, 2.108514439621635
232.0, 2.108514439621635
233.0, 2.108514439621635
234.0, 2.108514439621635
235.0, 2.108514439621635
236.0, 2.108514439621635
237.0, 2.108514439621635
238.0, 2.108514439621635
239.0, 2.108514439621635
240.0, 2.108514439621635
241.0, 2.108514439621635
242.0, 2.108514439621635
243.0, 2.108514439621635
244.0, 2.108514439621635
245.0, 2.108514439621635
246.0, 2.108514439621635
247.0, 2.108514439621635
248.0, 2.108514439621635
249.0, 2.108514439621635
250.0, 2.108514439621635
251.0, 2.108514439621635
252.0, 2.108514439621635
253.0, 2.108514439621635
254.0, 2.108514439621635
255.0, 2.108514439621635
256.0, 2.108514439621635
257.0, 2.108514439621635
258.0, 2.108514439621635
259.0, 2.108514439621635
260.0, 2.108514439621635
261.0, 2.098923739880065
262.0, 2.0893368801432377
263.0, 2.079753913513956
264.0, 2.070174894056522
265.0, 2.0605998768180647
266.0, 2.0510289178504277
267.0, 2.041462074232619
268.0, 2.031899404093858
269.0, 2.022340966637224
270.0, 2.0127868221639287
271.0, 2.003237032098231
272.0, 1.993691659013016
273.0, 1.98415076665605
274.0, 1.9746144199769453
275.0, 1.965082685154842
276.0, 1.955555629626838
277.0, 1.946033322117186
278.0, 1.9365158326672833
279.0, 1.9270032326664763
280.0, 1.917495594883706
281.0, 1.9079929935000186
282.0, 1.8984955041419733
ee_dist
0.0, 1.5319535423188382
1.0, 1.5989308647586655
2.0, 1.7111310800146975
3.0, 1.805303044809716
4.0, 1.8379159375083856
5.0, 1.8638025531928542
6.0, 1.8957439316684066
7.0, 1.9277098144220726
8.0, 1.961082948846947
9.0, 1.994074432373264
10.0, 2.026994149103892
11.0, 2.0580143691255186
12.0, 2.094954145078716
13.0, 2.126533522501185
14.0, 2.155570290805198
15.0, 2.181815684421207
16.0, 2.206783030060643
17.0, 2.229139816258932
18.0, 2.251059362442319
19.0, 2.2699886662362707
20.0, 2.289120544692183
21.0, 2.2590396531684176
22.0, 2.2173558100675894
23.0, 2.172493268955985
24.0, 2.124020042154807
25.0, 2.0719715091132658
26.0, 2.01692123023573
27.0, 1.9592376068956308
28.0, 1.8990291727704218
29.0, 1.8361495752555312
30.0, 1.772311440652358
31.0, 1.7073436346839868
32.0, 1.6416989625710248
33.0, 1.5764795232228732
34.0, 1.5120601213990652
35.0, 1.4497317062180366
36.0, 1.3902507235834145
37.0, 1.3349390529857592
38.0, 1.2849711330444837
39.0, 1.2417426367410618
40.0, 1.2065546787834691
41.0, 1.2193654119578077
42.0, 1.0801219107893643
43.0, 0.721909220064663
44.0, 0.6748857602655666
45.0, 0.6279750637603583
46.0, 0.5812559448155106
47.0, 0.5349205797000143
48.0, 0.49018228239954703
49.0, 0.4479713146471029
50.0, 0.41024209281306767
51.0, 0.37935314599266123
52.0, 0.3577774540477138
53.0, 0.34721944398466753
54.0, 0.34924169643371294
55.0, 0.36383013655680646
56.0, 0.3900010861562144
57.0, 0.42525624687469205
58.0, 0.3955170731692329
59.0, 0.34154789362804383
60.0, 0.29454164125394
61.0, 0.26882452243163724
62.0, 0.27960365791971653
63.0, 0.32409817129973884
64.0, 0.3852648399466674
65.0, 0.4437974940449521
66.0, 0.5023125336590127
67.0, 0.560218307566183
68.0, 0.6120415692368716
69.0, 0.6619072904218514
70.0, 0.7100115423594876
71.0, 0.7566297854302461
72.0, 0.8023554477461808
73.0, 0.8561230061265697
74.0, 0.914282883174264
75.0, 0.9840849624758113
76.0, 1.0636928733517357
77.0, 1.1534540694446809
78.0, 1.248899976078567
79.0, 1.3451887799309938
80.0, 1.4375581457707205
81.0, 1.516480838055706
82.0, 1.581832552200618
83.0, 1.646859406582385
84.0, 1.7082378834362641
85.0, 1.768150743007277
86.0, 1.8261780975863555
87.0, 1.8751398398680257
88.0, 1.902918428316542
89.0, 1.9397580039764328
90.0, 1.9825489154790745
91.0, 2.0643346071391697
92.0, 2.154719224773882
93.0, 2.2756245896314335
94.0, 2.359214029869868
95.0, 2.4665831935946487
96.0, 2.568242017868069
97.0, 2.656244615464316
98.0, 2.7287666062848515
99.0, 2.7993498531826844
100.0, 2.8641639506547287
101.0, 2.9300572569370367
102.0, 2.9914416615449917
103.0, 3.0591579969060554
104.0, 3.1161046391838054
105.0, 3.185710838167736
106.0, 3.2582625529779667
107.0, 3.33993683567596
108.0, 3.4285409929081183
109.0, 3.5324943859211957
110.0, 3.6330823566610864
111.0, 3.7415026899681054
112.0, 3.843568373660816
113.0, 3.939358493201565
114.0, 4.013660905256837
115.0, 4.08621594236667
116.0, 4.149220533395286
117.0, 4.213845570820063
118.0, 4.276688201227148
119.0, 4.341682122565526
120.0, 4.401954464593726
121.0, 4.471696888456286
122.0, 4.5433091582854495
123.0, 4.621859658396257
124.0, 4.710898492943202
125.0, 4.755880672343315
126.0, 4.8011985384980305
127.0, 4.848307493392546
128.0, 4.891432846741735
129.0, 4.936965188105872
130.0, 4.977938618019343
131.0, 5.020762899917094
132.0, 5.058531107974294
133.0, 5.0976612151139244
134.0, 5.131302957151279
135.0, 5.165879766071636
136.0, 5.194607110821428
137.0, 5.223903771393756
138.0, 5.247057262973465
139.0, 5.270484680051702
140.0, 5.287544627944776
141.0, 5.304646208057283
142.0, 5.315229870002673
143.0, 4.6209749328222145
144.0, 4.612557079317025
145.0, 4.60344891064416
146.0, 4.60059859502099
147.0, 4.597002726734793
148.0, 4.59982353726635
149.0, 4.601861110188883
150.0, 4.610260458548998
151.0, 4.527380464698842
152.0, 4.4481169104868234
153.0, 4.365408855336193
154.0, 4.2863204652426745
155.0, 4.20380370714063
156.0, 4.124911866473625
157.0, 4.042610402996292
158.0, 3.9639384727751175
159.0, 3.8818788051682795
160.0, 3.8034555577553877
161.0, 3.721669391089848
162.0, 3.6435279328963293
163.0, 3.562052966488723
164.0, 3.48423205169258
165.0, 3.4031125507366062
166.0, 3.325658695139748
167.0, 3.3359817500611055
168.0, 3.2614566804638216
169.0, 3.1839467965065555
170.0, 3.11014881475547
171.0, 3.033449919956069
172.0, 2.937710641311725
173.0, 2.8868393175566207
174.0, 2.9027764299360395
175.0, 2.8316293862201096
176.0, 2.764252573783811
177.0, 2.782478156904614
178.0, 2.8056960667147757
179.0, 2.828233411462151
180.0, 2.8549043534807645
181.0, 2.807447759995626
182.0, 2.7825819329105856
183.0, 2.757066596326104
184.0, 2.736014208315563
185.0, 2.714274151574941
186.0, 2.6978088330675036
187.0, 2.6806443976875376
188.0, 2.6073500452752563
189.0, 2.5923554496896064
190.0, 2.5164387541737123
191.0, 2.437489820655881
192.0, 2.362349462634391
193.0, 2.284285949414655
194.0, 2.210086200246488
195.0, 2.133101888033258
196.0, 2.0600539976352907
197.0, 1.9843992288897032
198.0, 1.9127780125990508
199.0, 1.8387802010166174
200.0, 1.7689466949384953
201.0, 1.6970387465808996
202.0, 1.629472508761155
203.0, 1.5602320144313557
204.0, 1.4955749505715916
205.0, 1.4297772281127146
206.0, 1.368891439073661
207.0, 1.3075766627835357
208.0, 1.2516140211939666
209.0, 1.1961634518248958
210.0, 1.1466338149093322
211.0, 1.0988228977471237
212.0, 1.0576176529473957
213.0, 1.0297586020227945
214.0, 0.9866015161359195
215.0, 0.9467479249579691
216.0, 0.9202287207050306
217.0, 0.8932351984468958
218.0, 0.8704924619766696
219.0, 0.8473711957374187
220.0, 0.8296998979627942
221.0, 0.8118187479733462
222.0, 0.8004233216330499
223.0, 0.789012586222717
224.0, 0.7847974237351918
225.0, 0.7807194165251908
226.0, 0.7840764569893244
227.0, 0.7876265725001299
228.0, 0.7983227135805189
229.0, 0.8091600789799874
230.0, 0.8107384907780983
231.0, 0.8091600789799874
232.0, 0.8107384661612879
233.0, 0.8091600789799874
234.0, 0.8107384907780983
235.0, 0.8091600789799874
236.0, 0.8107384907780983
237.0, 0.8091600789799874
238.0, 0.8107384661612879
239.0, 0.8091600789799874
240.0, 0.8107384907780983
241.0, 0.8091600789799874
242.0, 0.8107384907780983
243.0, 0.8228630356871156
244.0, 0.8379763806301262
245.0, 0.8541991629734944
246.0, 0.8720009835220534
247.0, 0.8906424339091012
248.0, 0.9108627219236043
249.0, 0.9316489209958578
250.0, 0.9539742949828934
251.0, 0.9766068992154107
252.0, 1.0006166180800249
253.0, 1.0246401519685637
254.0, 1.0497549075724226
255.0, 1.074564121623161
256.0, 1.1001131087902345
257.0, 1.125063043452247
258.0, 1.1504065387663045
259.0, 1.1749133344463831
260.0, 1.2001509046480785
261.0, 1.2220855160487667
262.0, 1.2456584942011881
263.0, 1.2195370146021407
264.0, 1.186647430569607
265.0, 1.1520786704584847
266.0, 1.1155419442633436
267.0, 1.077238562707787
268.0, 1.0372183704121973
269.0, 0.995705323936797
270.0, 0.9527735259897738
271.0, 0.9087006266439869
272.0, 0.8635985514032917
273.0, 0.8178208641362901
274.0, 0.7698792066250912
275.0, 0.722897997367436
276.0, 0.657988072627525
277.0, 0.6125201931227595
278.0, 0.5665809115385089
279.0, 0.5226012133634185
280.0, 0.48088074800873915
281.0, 0.45134013561033653
282.0, 0.42635306008836904
ee_box_dist
0.0, 9.015176192230475
1.0, 9.013504362353542
2.0, 9.024214612535417
3.0, 9.06193309143496
4.0, 9.148419717869375
5.0, 9.310815540572197
6.0, 9.578628606725117
7.0, 9.980468118688755
8.0, 10.539638258043697
9.0, 11.272730228689683
10.0, 12.187813581172367
11.0, 13.286226233923855
12.0, 14.565372599123904
13.0, 16.014742499443336
14.0, 17.62588424446288
15.0, 19.389711877179497
16.0, 21.296790778328432
17.0, 23.339374547351902
18.0, 25.509619481566826
19.0, 27.8010055665953
20.0, 30.207327121278457
21.0, 32.74745675874491
22.0, 35.39642903300734
23.0, 38.14131534597414
24.0, 40.97753327876557
25.0, 43.90111802107178
26.0, 46.90779435260943
27.0, 49.99434345024234
28.0, 53.15724375745641
29.0, 56.393582835115
30.0, 59.70053534893841
31.0, 63.07579109693682
32.0, 66.51662014868442
33.0, 70.02129788584176
34.0, 73.58740935500327
35.0, 77.2135580425132
36.0, 80.89767414569984
37.0, 84.63848303349073
38.0, 88.43428602133329
39.0, 92.28411705401325
40.0, 96.18650891000044
41.0, 100.22196453762147
42.0, 104.30905635401061
43.0, 108.44648922959098
44.0, 112.63243152628607
45.0, 116.8657122152347
46.0, 121.14459236402524
47.0, 125.467937520643
48.0, 129.83414264602126
49.0, 134.24213811417795
50.0, 138.69043807391475
51.0, 143.1780698745783
52.0, 147.70355129366393
53.0, 152.26607673240892
54.0, 156.86426777962146
55.0, 161.4971988590553
56.0, 166.16371871941558
57.0, 170.862954309062
58.0, 175.59376746151364
59.0, 180.35536799862376
60.0, 185.14669896307657
61.0, 189.96703629118178
62.0, 194.81534277705185
63.0, 199.69094229066894
64.0, 204.59288177138112
65.0, 209.5205606640188
66.0, 214.47301834726287
67.0, 219.4497462795162
68.0, 224.44981981062284
69.0, 229.47268513058867
70.0, 234.51758989185694
71.0, 239.58401326956286
72.0, 244.67116128837355
73.0, 249.77863633381565
74.0, 254.90564888288705
75.0, 260.05178787219427
76.0, 265.2163582214648
77.0, 270.39899768514135
78.0, 275.59904355566846
79.0, 280.8159685681756
80.0, 286.0493868317507
81.0, 291.2989576389748
82.0, 296.56405303812227
83.0, 301.8443351861089
84.0, 307.13923972585235
85.0, 312.4485220016267
86.0, 317.78543950411677
87.0, 323.1586849513982
88.0, 328.54886787898624
89.0, 333.93703676311804
90.0, 339.32942860835954
91.0, 344.72586116714905
92.0, 350.13434384985845
93.0, 355.54174574167854
94.0, 360.98467047273465
95.0, 366.42619668279565
96.0, 371.8767441935231
97.0, 377.3408572979508
98.0, 382.8129004883465
99.0, 388.2942625188715
100.0, 393.78560535247743
101.0, 399.28527875534775
102.0, 404.794456612406
103.0, 410.3087012196167
104.0, 415.8374860448579
105.0, 421.37072509663153
106.0, 426.912438088344
107.0, 432.461030286859
108.0, 438.01770828438293
109.0, 443.5783079678347
110.0, 449.1515036584003
111.0, 454.72779620607406
112.0, 460.3123553511039
113.0, 465.902096290736
114.0, 471.49843006450755
115.0, 477.09299556181213
116.0, 482.7086939120286
117.0, 488.32205354974064
118.0, 493.94105782143185
119.0, 499.56508133522067
120.0, 505.1949177309378
121.0, 510.82909829165357
122.0, 516.4688576844409
123.0, 522.1125662682825
124.0, 527.7614849776309
125.0, 533.4145357922694
126.0, 539.0721224392377
127.0, 544.7334130745037
128.0, 550.3994941654888
129.0, 556.06881316472
130.0, 561.7426686241462
131.0, 567.419585385831
132.0, 573.1007933081439
133.0, 578.7849396631315
134.0, 584.4730101254307
135.0, 590.1637132377205
136.0, 595.8584616840016
137.0, 601.5555980735239
138.0, 607.2564129124014
139.0, 612.9595539952728
140.0, 618.6662508043402
141.0, 624.3750291727729
142.0, 630.087118530957
143.0, 635.9818436262525
144.0, 641.6986924128927
145.0, 647.4174552674446
146.0, 653.139173919721
147.0, 658.8626198629479
148.0, 664.5890343243858
149.0, 670.3169896568713
150.0, 676.0477414238824
151.0, 681.7797185414743
152.0, 687.5144291026535
153.0, 693.2504270464545
154.0, 698.9889728221823
155.0, 704.7286840926945
156.0, 710.4709408283309
157.0, 716.2143017688459
158.0, 721.959900719658
159.0, 727.706604133405
160.0, 733.455543274892
161.0, 739.2053427897637
162.0, 744.9574371167186
163.0, 750.7102695894636
164.0, 756.4650898413338
165.0, 762.2208314417364
166.0, 767.9784367299993
167.0, 773.736617767423
168.0, 779.4968097277698
169.0, 785.2575552821896
170.0, 791.0201652281361
171.0, 796.7832067402031
172.0, 802.5351046246042
173.0, 808.3139490227666
174.0, 814.0803756574603
175.0, 819.8476982281633
176.0, 825.6166909594256
177.0, 831.3860928934671
178.0, 837.1571204857831
179.0, 842.9283964364835
180.0, 848.7012429686297
181.0, 854.4738448438083
182.0, 860.2487503866381
183.0, 866.0238972578582
184.0, 871.800542750368
185.0, 877.5771868641934
186.0, 883.3551375805899
187.0, 889.1333932119204
188.0, 894.9124092526579
189.0, 900.6917753369587
190.0, 906.4723904390767
191.0, 912.2528298128906
192.0, 918.0344452764548
193.0, 923.8161904271001
194.0, 929.5989274251225
195.0, 935.3819164432226
196.0, 941.1658351615528
197.0, 946.9498841064124
198.0, 952.73492271617
199.0, 958.5199697527597
200.0, 964.3060054191442
201.0, 970.0921108197856
202.0, 975.8789597123547
203.0, 981.6661227516124
204.0, 987.4539062446121
205.0, 993.241760025878
206.0, 999.0305995208215
207.0, 1004.8190213189856
208.0, 1010.6088551473765
209.0, 1016.3980274249899
210.0, 1022.1884277514929
211.0, 1027.9785940422062
212.0, 1033.7695602853798
213.0, 1039.5599477047879
214.0, 1045.3509726232483
215.0, 1051.1432918345542
216.0, 1056.9364193198587
217.0, 1062.728878771765
218.0, 1068.5219952036596
219.0, 1074.3144449929252
220.0, 1080.107545046965
221.0, 1085.899979308771
222.0, 1091.6947667694078
223.0, 1097.4892557516428
224.0, 1103.2842619151384
225.0, 1109.0787263370248
226.0, 1114.873703437599
227.0, 1120.668017805803
228.0, 1126.463085905329
229.0, 1132.2573695408496
230.0, 1138.0523431737104
231.0, 1143.8481370227678
232.0, 1149.6450667389145
233.0, 1155.4413518084561
234.0, 1161.2382846797716
235.0, 1167.034572377216
236.0, 1172.8315081958897
237.0, 1178.6277985583968
238.0, 1184.4247371200559
239.0, 1190.2210301879968
240.0, 1196.017971649159
241.0, 1201.814267108343
242.0, 1207.6112112710218
243.0, 1213.4202483542313
244.0, 1219.2483399988232
245.0, 1225.074287140299
246.0, 1230.8990987962707
247.0, 1236.7225064865656
248.0, 1242.5446790114065
249.0, 1248.365235604643
250.0, 1254.1844578004338
251.0, 1260.0019969545472
252.0, 1265.81806833026
253.0, 1271.6323942598938
254.0, 1277.4453343144976
255.0, 1283.2565341833918
256.0, 1289.0661912996804
257.0, 1294.8742665928348
258.0, 1300.6806926316044
259.0, 1306.4857073599992
260.0, 1312.28908003363
261.0, 1318.0906081928633
262.0, 1323.8912425357425
263.0, 1329.710431925587
264.0, 1335.533716927454
265.0, 1341.3523489150903
266.0, 1347.1664190250885
267.0, 1352.9758544487804
268.0, 1358.7804578275843
269.0, 1364.5802551473023
270.0, 1370.3751107928956
271.0, 1376.1651422992766
272.0, 1381.9502757458577
273.0, 1387.7307208976717
274.0, 1393.5060183345406
275.0, 1399.277335166055
276.0, 1405.0433039315278
277.0, 1410.806720569231
278.0, 1416.5659200295975
279.0, 1422.3217596515553
280.0, 1428.073167558931
281.0, 1433.817573633702
282.0, 1439.5862225800556
spot_hold
0, 0
1, 0
2, 0
3, 0
4, 0
5, 0
6, 0
7, 0
8, 0
9, 0
10, 0
11, 0
12, 0
13, 0
14, 0
15, 0
16, 0
17, 0
18, 0
19, 0
20, 0
21, 0
22, 0
23, 0
24, 0
25, 0
26, 0
27, 0
28, 0
29, 0
30, 0
31, 0
32, 0
33, 0
34, 0
35, 0
36, 0
37, 0
38, 0
39, 0
40, 0
41, 1
42, 1
43, 1
44, 1
45, 1
46, 1
47, 1
48, 1
49, 1
50, 1
51, 1
52, 1
53, 1
54, 1
55, 1
56, 1
57, 1
58, 1
59, 1
60, 1
61, 1
62, 1
63, 1
64, 1
65, 1
66, 1
67, 1
68, 1
69, 1
70, 1
71, 1
72, 1
73, 1
74, 1
75, 1
76, 1
77, 1
78, 1
79, 1
80, 1
81, 1
82, 1
83, 1
84, 1
85, 1
86, 1
87, 1
88, 1
89, 1
90, 1
91, 1
92, 1
93, 1
94, 1
95, 1
96, 1
97, 1
98, 1
99, 1
100, 1
101, 1
102, 1
103, 1
104, 1
105, 1
106, 1
107, 1
108, 1
109, 1
110, 1
111, 1
112, 1
113, 1
114, 1
115, 1
116, 1
117, 1
118, 1
119, 1
120, 1
121, 1
122, 1
123, 1
124, 1
125, 1
126, 1
127, 1
128, 1
129, 1
130, 1
131, 1
132, 1
133, 1
134, 1
135, 1
136, 1
137, 1
138, 1
139, 1
140, 1
141, 1
142, 1
143, 1
144, 1
145, 1
146, 1
147, 1
148, 1
149, 1
150, 1
151, 1
152, 1
153, 1
154, 1
155, 1
156, 1
157, 1
158, 1
159, 1
160, 1
161, 1
162, 1
163, 1
164, 1
165, 1
166, 1
167, 1
168, 1
169, 1
170, 1
171, 1
172, 1
173, 1
174, 1
175, 1
176, 1
177, 1
178, 1
179, 1
180, 1
181, 1
182, 1
183, 1
184, 1
185, 1
186, 1
187, 1
188, 1
189, 1
190, 1
191, 1
192, 1
193, 1
194, 1
195, 1
196, 1
197, 1
198, 1
199, 1
200, 1
201, 1
202, 1
203, 1
204, 1
205, 1
206, 1
207, 1
208, 1
209, 1
210, 1
211, 1
212, 1
213, 1
214, 1
215, 1
216, 1
217, 1
218, 1
219, 1
220, 1
221, 1
222, 1
223, 1
224, 1
225, 1
226, 1
227, 1
228, 1
229, 1
230, 1
231, 1
232, 1
233, 1
234, 1
235, 1
236, 1
237, 1
238, 1
239, 1
240, 1
241, 1
242, 1
243, 1
244, 1
245, 1
246, 1
247, 1
248, 1
249, 1
250, 1
251, 1
252, 1
253, 1
254, 1
255, 1
256, 1
257, 1
258, 1
259, 1
260, 1
261, 1
262, 1
263, 1
264, 1
265, 1
266, 1
267, 1
268, 1
269, 1
270, 1
271, 1
272, 1
273, 1
274, 1
275, 1
276, 1
277, 1
278, 1
279, 1
280, 1
281, 1
282, 1
