bot_dist
0.0, 3.2827226816530524
1.0, 3.2879536576179618
2.0, 3.293206690182958
3.0, 3.2984816739686122
4.0, 3.303778503829562
5.0, 3.3090970748595976
6.0, 3.3144372823966552
7.0, 3.319799022027694
8.0, 3.3251821895934777
9.0, 3.330586681193246
10.0, 3.336012393189291
11.0, 3.3414592222114243
12.0, 3.3469270651613456
13.0, 3.3524158192169167
14.0, 3.357925381836328
15.0, 3.363455650762174
16.0, 3.369006524025426
17.0, 3.3745778999493106
18.0, 3.3801696771530927
19.0, 3.385781754555765
20.0, 3.391414031379643
21.0, 3.3970664071538637
22.0, 3.402738781717798
23.0, 3.4084310552243715
24.0, 3.4141431281432904
25.0, 3.419874901264183
26.0, 3.425626275699656
27.0, 3.4313971528882536
28.0, 3.4371874345973423
29.0, 3.4429970229259044
30.0, 3.4488258203072464
31.0, 3.454673729511629
32.0, 3.4605406536488137
33.0, 3.466426496170525
34.0, 3.4723311608728356
35.0, 3.478254551898474
36.0, 3.4841965737390512
37.0, 3.4901571312372126
38.0, 3.49613612958871
39.0, 3.5021334743444044
40.0, 3.5081490714121917
41.0, 3.514182827058855
42.0, 3.5202346479118467
43.0, 3.5263044409609963
44.0, 3.5323921135601553
45.0, 3.538497573428764
46.0, 3.5446207286533555
47.0, 3.5507614876889964
48.0, 3.556919759360651
49.0, 3.5630954528644923
50.0, 3.5692884777691387
51.0, 3.575498744016838
52.0, 3.5817261619245784
53.0, 3.5879706421851445
54.0, 3.5942320958681173
55.0, 3.600510434420804
56.0, 3.606805569669121
57.0, 3.613117413818409
58.0, 3.6194458794542
59.0, 3.6257908795429277
60.0, 3.6321523274325798
61.0, 3.6385301368532947
62.0, 3.644924221917918
63.0, 3.651334497122491
64.0, 3.6577608773467003
65.0, 3.6642032778542704
66.0, 3.670661614293312
67.0, 3.67713580269662
68.0, 3.6836257594819246
69.0, 3.6901314014520925
70.0, 3.696652645795289
71.0, 3.7031894100850917
72.0, 3.7097416122805584
73.0, 3.7163091707262565
74.0, 3.7228920041522455
75.0, 3.729490031674023
76.0, 3.7361031727924243
77.0, 3.742731347393486
78.0, 3.749374475748272
79.0, 3.756032478512657
80.0, 3.7627052767270737
81.0, 3.769392791816227
82.0, 3.7760949455887656
83.0, 3.7828116602369257
84.0, 3.7895428583361346
85.0, 3.7962884628445828
86.0, 3.8030483971027635
87.0, 3.8098225848329794
88.0, 3.8166109501388163
89.0, 3.8234134175045904
90.0, 3.830229911794756
91.0, 3.8370603582532987
92.0, 3.8439046825030836
93.0, 3.8507628105451857
94.0, 3.8576346687581906
95.0, 3.8645201838974663
96.0, 3.8714192830944087
97.0, 3.878331893855666
98.0, 3.885257944062332
99.0, 3.8921973619691186
100.0, 3.8991500762035063
101.0, 3.8991500762035063
102.0, 3.8991500762035063
103.0, 3.8991500762035063
104.0, 3.8991500762035063
105.0, 3.8991500762035063
106.0, 3.8991500762035063
107.0, 3.8991500762035063
108.0, 3.8991500762035063
109.0, 3.8991500762035063
110.0, 3.8991500762035063
111.0, 3.8991500762035063
112.0, 3.8991500762035063
113.0, 3.8991500762035063
114.0, 3.8991500762035063
115.0, 3.8991500762035063
116.0, 3.8991500762035063
117.0, 3.8991500762035063
118.0, 3.8991500762035063
119.0, 3.8991500762035063
120.0, 3.8991500762035063
121.0, 3.8991500762035063
122.0, 3.8991500762035063
123.0, 3.8991500762035063
124.0, 3.8991500762035063
125.0, 3.8991500762035063
126.0, 3.8991500762035063
127.0, 3.8991500762035063
128.0, 3.8991500762035063
129.0, 3.8991500762035063
130.0, 3.8991500762035063
131.0, 3.8921973619691186
132.0, 3.885257944062332
133.0, 3.878331893855666
134.0, 3.8714192830944087
135.0, 3.8645201838974663
136.0, 3.8576346687581906
137.0, 3.8507628105451857
138.0, 3.8439046825030836
139.0, 3.8370603582532987
140.0, 3.830229911794756
141.0, 3.8234134175045904
142.0, 3.8166109501388163
143.0, 3.8140808371254047
144.0, 3.8073142259248427
145.0, 3.800561879163483
146.0, 3.7938238730059917
147.0, 3.7871002839967454
148.0, 3.7803911890603072
149.0, 3.7736966655018676
150.0, 3.767016791007647
151.0, 3.6772802716257997
152.0, 3.5875502904581755
153.0, 3.497827306312995
154.0, 3.4081119196321863
155.0, 3.3184047466240503
156.0, 3.2287064719207517
157.0, 3.1390178583367034
158.0, 3.04933975834416
159.0, 2.9596731276287884
160.0, 2.8700190411781947
161.0, 2.780378712472586
162.0, 2.6907535164975447
163.0, 2.6011450174961346
164.0, 2.5115550026375915
165.0, 2.421985523125754
166.0, 2.3324389447347667
167.0, 2.3258991571962877
168.0, 2.2363814819517507
169.0, 2.1469422897313497
170.0, 2.0575916119348285
171.0, 1.9683415026411788
172.0, 1.8792062909596692
173.0, 1.7902031394209292
174.0, 1.7839800877281071
175.0, 1.696088438400954
176.0, 1.6085412745454646
177.0, 1.6025703557618927
178.0, 1.596639739589298
179.0, 1.5907498767949955
180.0, 1.5849012217262421
181.0, 1.5089744180635931
182.0, 1.503450508267897
183.0, 1.4979729860281754
184.0, 1.4925423620614147
185.0, 1.487159150139654
186.0, 1.4818238669824624
187.0, 1.4765370321438436
188.0, 1.389203435365356
189.0, 1.3840800099281305
190.0, 1.2965487343221322
191.0, 1.209267226500855
192.0, 1.1222936119192457
193.0, 1.0357054597081894
194.0, 0.9496082186001162
195.0, 0.8641486330749755
196.0, 0.7795364474524202
197.0, 0.6960807477707311
198.0, 0.614253094071417
199.0, 0.5348013101933153
200.0, 0.4589609360736413
201.0, 0.388850822228304
202.0, 0.32816444765177094
203.0, 0.28302997916560796
204.0, 0.26162407220916384
205.0, 0.26965804801832965
206.0, 0.3048128806525973
207.0, 0.35921225370432736
208.0, 0.4255386185293625
209.0, 0.499059024722871
210.0, 0.577030177810257
211.0, 0.6578713367612569
212.0, 0.7406435187243561
213.0, 0.7485210742968557
214.0, 0.8300349840106794
215.0, 0.9128645234052317
216.0, 0.9204634815207957
217.0, 0.9281079695560415
218.0, 0.9357968717152361
219.0, 0.943529102195124
220.0, 0.9513036044737674
221.0, 0.9591193506018724
222.0, 0.9669753404982278
223.0, 0.9748706012506994
224.0, 0.9828041864240642
225.0, 0.9907751753758085
226.0, 0.9987826725808733
227.0, 1.006825806966205
228.0, 1.0149037312558462
229.0, 1.0230156213271908
230.0, 1.031160675578936
231.0, 1.031160675578936
232.0, 1.031160675578936
233.0, 1.031160675578936
234.0, 1.031160675578936
235.0, 1.031160675578936
236.0, 1.031160675578936
237.0, 1.031160675578936
238.0, 1.031160675578936
239.0, 1.031160675578936
240.0, 1.031160675578936
241.0, 1.031160675578936
242.0, 1.031160675578936
243.0, 1.031160675578936
244.0, 1.031160675578936
245.0, 1.031160675578936
246.0, 1.031160675578936
247.0, 1.031160675578936
248.0, 1.031160675578936
249.0, 1.031160675578936
250.0, 1.031160675578936
251.0, 1.031160675578936
252.0, 1.031160675578936
253.0, 1.031160675578936
254.0, 1.031160675578936
255.0, 1.031160675578936
256.0, 1.031160675578936
257.0, 1.031160675578936
258.0, 1.031160675578936
259.0, 1.031160675578936
260.0, 1.031160675578936
261.0, 1.0230156213271908
262.0, 1.0149037312558462
263.0, 1.006825806966205
264.0, 0.9987826725808733
265.0, 0.9907751753758085
266.0, 0.9828041864240642
267.0, 0.9748706012506994
268.0, 0.9669753404982278
269.0, 0.9591193506018724
270.0, 0.9513036044737674
271.0, 0.943529102195124
272.0, 0.9357968717152361
273.0, 0.9281079695560415
274.0, 0.9204634815207957
275.0, 0.9128645234052317
276.0, 0.9053122417093828
277.0, 0.8978078143480407
278.0, 0.8903524513575923
279.0, 0.8829473955967436
280.0, 0.8755939234383718
281.0, 0.8682933454494862
282.0, 0.8610470070559741
ee_dist
0.0, 1.0197832191249687
1.0, 1.0449594500288222
2.0, 1.1333962540951041
3.0, 1.2155342463434637
4.0, 1.2437728453040664
5.0, 1.2692052213854952
6.0, 1.3032092986473163
7.0, 1.3389589195918554
8.0, 1.374770074740833
9.0, 1.409846709557183
10.0, 1.4444646530815466
11.0, 1.4769722344427934
12.0, 1.5082357959089552
13.0, 1.536762283925653
14.0, 1.5645062065164985
15.0, 1.5892911356307173
16.0, 1.6136037606108322
17.0, 1.6348607252525027
18.0, 1.6561130558166621
19.0, 1.674427560396755
20.0, 1.693181910700204
21.0, 1.66801324628073
22.0, 1.632219611024007
23.0, 1.593443483768752
24.0, 1.5511934213174157
25.0, 1.5056743391543665
26.0, 1.456929469035546
27.0, 1.4052016751058558
28.0, 1.350570685393922
29.0, 1.2933638506376477
30.0, 1.2337155372244433
31.0, 1.172062412925886
32.0, 1.1086295597470375
33.0, 1.0439988052251852
34.0, 0.9785594434381027
35.0, 0.9131418282907696
36.0, 0.8477953113310346
37.0, 0.7837326572256161
38.0, 0.7243191774172573
39.0, 0.6702733586997222
40.0, 0.6233976583203761
41.0, 0.6380378343673101
42.0, 0.7260204224541306
43.0, 1.0614025875039494
44.0, 1.0195315408573804
45.0, 0.9763084825302514
46.0, 0.9305439776761788
47.0, 0.882969109838984
48.0, 0.8329966326354222
49.0, 0.7812344283112627
50.0, 0.7278033787810433
51.0, 0.6735265020620737
52.0, 0.6185454831661636
53.0, 0.5630194700155753
54.0, 0.5071826250929151
55.0, 0.4513539913634679
56.0, 0.39684272180940067
57.0, 0.3444007355228392
58.0, 0.3861708713820073
59.0, 0.45561994030189606
60.0, 0.5352646895632199
61.0, 0.6245380312698829
62.0, 0.7178004167122525
63.0, 0.8097375122495195
64.0, 0.8959358324486283
65.0, 0.9630538404698559
66.0, 1.0206486552451288
67.0, 1.0791348192948236
68.0, 1.1326592230711816
69.0, 1.1854421751418203
70.0, 1.2382357632618364
71.0, 1.2892813119612283
72.0, 1.3445765469862614
73.0, 1.4054708366598274
74.0, 1.47098975885351
75.0, 1.5476237444482859
76.0, 1.6335090049745498
77.0, 1.7288005376016988
78.0, 1.8284465724752752
79.0, 1.927349317616937
80.0, 2.0210759348112743
81.0, 2.0998152758038695
82.0, 2.1637801508606493
83.0, 2.226770111792232
84.0, 2.2871066955428314
85.0, 2.3465965247593554
86.0, 2.395429616369885
87.0, 2.4238412841295705
88.0, 2.4541770467267003
89.0, 2.4936645784924094
90.0, 2.5434093853862643
91.0, 2.627081614172298
92.0, 2.72026263583356
93.0, 2.821702515030708
94.0, 2.9289002775997
95.0, 3.036421485926159
96.0, 3.137902391033894
97.0, 3.228323909946187
98.0, 3.3002717685425274
99.0, 3.3683198877627443
100.0, 3.4338754224803805
101.0, 3.4980329169972584
102.0, 3.5607760211372046
103.0, 3.623487236550733
104.0, 3.6869052993042377
105.0, 3.756711051657137
106.0, 3.830817586638096
107.0, 3.9121735144231837
108.0, 4.003293943892613
109.0, 4.103532593423984
110.0, 4.209876726958708
111.0, 4.318646717488399
112.0, 4.421548790172249
113.0, 4.516679530798569
114.0, 4.591302213115076
115.0, 4.664414759897982
116.0, 4.725136875301681
117.0, 4.7893914769957044
118.0, 4.832406039048415
119.0, 4.875101182919214
120.0, 4.916710794049576
121.0, 4.957536039826986
122.0, 4.996632421126021
123.0, 5.034551478034421
124.0, 5.0702940078741445
125.0, 5.104427596763762
126.0, 5.135984793781264
127.0, 5.165557470541712
128.0, 5.192215260435866
129.0, 5.21658011000169
130.0, 5.237756565266056
131.0, 5.25639460919333
132.0, 5.271636380606806
133.0, 5.284159579102641
134.0, 5.29314594574939
135.0, 5.299301176327281
136.0, 5.301844820398403
137.0, 5.301505796382491
138.0, 5.297550428397613
139.0, 5.290732340480235
140.0, 5.28035291589857
141.0, 5.267197486902879
142.0, 5.250606677369472
143.0, 4.623115211657503
144.0, 4.61169228457873
145.0, 4.602333366685914
146.0, 4.595892329659147
147.0, 4.591624082159744
148.0, 4.59038521773813
149.0, 4.591354654679241
150.0, 4.595361932260966
151.0, 4.512750663043661
152.0, 4.430593628875291
153.0, 4.348054463231127
154.0, 4.265972587005067
155.0, 4.1835138607854585
156.0, 4.101517039175695
157.0, 4.019148955115599
158.0, 3.9372474581113948
159.0, 3.8549813443652368
160.0, 3.7731881282810216
161.0, 3.691037878719005
162.0, 3.609367839164543
163.0, 3.5273496698029816
164.0, 3.4458205552534316
165.0, 3.3639541948534917
166.0, 3.282586751830223
167.0, 3.2904639112279237
168.0, 3.2111238188248277
169.0, 3.1315745156315145
170.0, 3.052643268614264
171.0, 2.9735367527373273
172.0, 2.895082026026643
173.0, 2.8164939798585618
174.0, 2.8287315917042464
175.0, 2.753490868707044
176.0, 2.6791256827197687
177.0, 2.6940684130697052
178.0, 2.711622160523764
179.0, 2.730917919737938
180.0, 2.75244081182492
181.0, 2.697088436215559
182.0, 2.6754178224694836
183.0, 2.655297022224782
184.0, 2.6375604089115217
185.0, 2.6216778466576898
186.0, 2.608535875970863
187.0, 2.5974935822915683
188.0, 2.518399325643287
189.0, 2.5096802213927
190.0, 2.4287280766070074
191.0, 2.347516292968209
192.0, 2.2668844646169215
193.0, 2.1860297869805407
194.0, 2.1057933819739123
195.0, 2.025382745333502
196.0, 1.9456417904677348
197.0, 1.8636350090106404
198.0, 1.8152700423138408
199.0, 1.778846352244727
200.0, 1.6909626509353228
201.0, 1.3650354817458292
202.0, 1.3841678674791005
203.0, 1.6412952279565491
204.0, 1.2973806437257667
205.0, 1.2357781839696813
206.0, 1.1683182449498315
207.0, 1.1003130964921433
208.0, 1.0289959516023506
209.0, 0.9593997995671352
210.0, 0.8939689793383891
211.0, 0.8305363085811118
212.0, 0.7712143403499223
213.0, 0.750962480490049
214.0, 0.689882477788926
215.0, 0.6335708283302052
216.0, 0.6126272217220461
217.0, 0.5938475662559931
218.0, 0.578227642821726
219.0, 0.5654427242106574
220.0, 0.5565198303447063
221.0, 0.550942561871632
222.0, 0.5496312375308229
223.0, 0.5518511869859429
224.0, 0.5583012709187042
225.0, 0.5680708158320888
226.0, 0.5816061461103403
227.0, 0.5845171063219564
228.0, 0.6170982934846337
229.0, 0.6173914704484965
230.0, 0.6209094463637358
231.0, 0.6172233292539602
232.0, 0.6174256626194893
233.0, 0.6172211171465727
234.0, 0.617408644632727
235.0, 0.617293317565506
236.0, 0.6173146056382139
237.0, 0.617173920554601
238.0, 0.6172951114383878
239.0, 0.6171715922884113
240.0, 0.617295081567765
241.0, 0.6171724937244025
242.0, 0.6172950548818664
243.0, 0.6231233917458571
244.0, 0.633839310094485
245.0, 0.6458633984362179
246.0, 0.6600839706889143
247.0, 0.6754342496133071
248.0, 0.6926940314888342
249.0, 0.7107379190108705
250.0, 0.7304180689873525
251.0, 0.7539487538991849
252.0, 0.7746161920793175
253.0, 0.7966055039896213
254.0, 0.819466031661876
255.0, 0.8422349866873753
256.0, 0.8656201555040978
257.0, 0.8886764454622652
258.0, 0.9120368856963416
259.0, 0.9348734981693287
260.0, 0.9577378220629154
261.0, 0.9824558427657962
262.0, 1.0068900869709474
263.0, 0.984141541772537
264.0, 0.9580454285568614
265.0, 0.9308587567354536
266.0, 0.9024885790607091
267.0, 0.8731478702313945
268.0, 0.8429075462039413
269.0, 0.8120222623532017
270.0, 0.7805930889872393
271.0, 0.748935569554573
272.0, 0.717196507792451
273.0, 0.6857696557115652
274.0, 0.6548733813163103
275.0, 0.6249788812015172
276.0, 0.5963490037833158
277.0, 0.5695123003605138
278.0, 0.5447610085212673
279.0, 0.5228451498541364
280.0, 0.5040891227060074
281.0, 0.48974303813390724
282.0, 0.48033934241856086
ee_box_dist
0.0, 4.493597076947271
1.0, 4.497740747344816
2.0, 4.526352964810651
3.0, 4.58761594466106
4.0, 4.607576782321716
5.0, 4.6293907328922765
6.0, 4.650105522221349
7.0, 4.6690871181560505
8.0, 4.698537104017238
9.0, 4.7184512945335415
10.0, 4.722143229878166
11.0, 4.733197431043158
12.0, 4.7428200912458935
13.0, 4.752638847382178
14.0, 4.762553754547032
15.0, 4.772281640611679
16.0, 4.782018415167193
17.0, 4.791268284187857
18.0, 4.800566066560271
19.0, 4.809167813078959
20.0, 4.817913765900641
21.0, 4.814669593635084
22.0, 4.809535215531224
23.0, 4.8031644534436815
24.0, 4.795496276903335
25.0, 4.78662124631269
26.0, 4.776568986068563
27.0, 4.765455307745822
28.0, 4.753330165491255
29.0, 4.740341278313316
30.0, 4.726561054759173
31.0, 4.7121669358836575
32.0, 4.697320318099222
33.0, 4.682319206935797
34.0, 4.667445023350079
35.0, 4.652762982103585
36.0, 4.6610433803142275
37.0, 4.663417531887152
38.0, 4.643680046165006
39.0, 4.631205970731058
40.0, 4.61764902033156
41.0, 4.619681460905048
42.0, 4.621157543107053
43.0, 4.623130800533174
44.0, 4.624449983395537
45.0, 4.6263798909234986
46.0, 4.627650630989229
47.0, 4.629534294518096
48.0, 4.630919622995954
49.0, 4.6327488938205015
50.0, 4.634427866891918
51.0, 4.636308395874122
52.0, 4.638317851018144
53.0, 4.6403592881158
54.0, 4.642518432846451
55.0, 4.644488557012027
56.0, 4.646370112645435
57.0, 4.647911263329606
58.0, 4.649261455954776
59.0, 4.650330103126359
60.0, 4.651157019386256
61.0, 4.651810223846864
62.0, 4.652207763097149
63.0, 4.65246605872736
64.0, 4.652515865942401
65.0, 4.6524636534971595
66.0, 4.652283959649325
67.0, 4.652030623907301
68.0, 4.6516822536015185
69.0, 4.651243926383405
70.0, 4.650705896719953
71.0, 4.65007388955806
72.0, 4.649343139409878
73.0, 4.6485224482891905
74.0, 4.647606073190952
75.0, 4.6466060444684505
76.0, 4.645512870877406
77.0, 4.644341752316821
78.0, 4.643080415635169
79.0, 4.641744719974651
80.0, 4.640322180496232
81.0, 4.638830418366203
82.0, 4.637253698177384
83.0, 4.63560749184713
84.0, 4.6338807599785055
85.0, 4.6320880678408685
86.0, 4.639377750162121
87.0, 4.6518040871757975
88.0, 4.660725106458271
89.0, 4.667940824551284
90.0, 4.673032680620879
91.0, 4.672873715319321
92.0, 4.672887379681588
93.0, 4.672902446761214
94.0, 4.672877941765142
95.0, 4.672848382181716
96.0, 4.6728521964881935
97.0, 4.6728086003383185
98.0, 4.672846754565171
99.0, 4.672807417270994
100.0, 4.672846850523596
101.0, 4.672807427789768
102.0, 4.672846850523596
103.0, 4.672807427789768
104.0, 4.672846850523596
105.0, 4.672807427789768
106.0, 4.672846850523596
107.0, 4.672807427789768
108.0, 4.672846850523596
109.0, 4.672807427789768
110.0, 4.672846850523596
111.0, 4.672807427789768
112.0, 4.672846850523596
113.0, 4.672807427789768
114.0, 4.672846850523596
115.0, 4.671259225799898
116.0, 4.672912485027217
117.0, 4.672899772980742
118.0, 4.672876640586029
119.0, 4.672846276711019
120.0, 4.672851793409711
121.0, 4.672808463405685
122.0, 4.6728466811050104
123.0, 4.67280733293229
124.0, 4.672846766542068
125.0, 4.672807343451066
126.0, 4.672846766193494
127.0, 4.67280734379966
128.0, 4.672846766890642
129.0, 4.672807343451066
130.0, 4.672846766542068
131.0, 4.67280734379966
132.0, 4.672846766542068
133.0, 4.672807343451066
134.0, 4.672846766193494
135.0, 4.67280734379966
136.0, 4.672846766890642
137.0, 4.67280734379966
138.0, 4.672846766193494
139.0, 4.672807343451066
140.0, 4.672846766542068
141.0, 4.672807343451066
142.0, 4.672846766193494
143.0, 4.835536497326819
144.0, 4.807311031767403
145.0, 4.7788853864637515
146.0, 4.750277984715567
147.0, 4.72179376529274
148.0, 4.693595576069928
149.0, 4.66585618461595
150.0, 4.638878208686712
151.0, 4.612317682819525
152.0, 4.587212509141751
153.0, 4.5634037839240795
154.0, 4.541078906969012
155.0, 4.52010857542884
156.0, 4.500648428367801
157.0, 4.482596597629209
158.0, 4.466075516880294
159.0, 4.451012315810942
160.0, 4.437497058002524
161.0, 4.425484020885851
162.0, 4.41502948283289
163.0, 4.4061165006065774
164.0, 4.398766913142751
165.0, 4.392991619878145
166.0, 4.388777012663957
167.0, 4.360518755570466
168.0, 4.351119314124897
169.0, 4.343293353710502
170.0, 4.337051313734403
171.0, 4.332415226139549
172.0, 4.329358587620425
173.0, 4.327932748632747
174.0, 4.299593165634979
175.0, 4.292991778159468
176.0, 4.287991269085552
177.0, 4.259805066054259
178.0, 4.23204338753885
179.0, 4.204841119504781
180.0, 4.178536843569085
181.0, 4.14837520072096
182.0, 4.174960612191892
183.0, 4.2022371024522025
184.0, 4.230121486309063
185.0, 4.258359883307059
186.0, 4.286734462173443
187.0, 4.315131985410561
188.0, 4.326607076520167
189.0, 4.354712797921916
190.0, 4.3742321476090895
191.0, 4.395385977583513
192.0, 4.417862448841263
193.0, 4.441944143654448
194.0, 4.467288370554047
195.0, 4.494204402827808
196.0, 4.522320004255607
197.0, 4.553446399971832
198.0, 4.549480006626291
199.0, 4.503482856039122
200.0, 4.827030761357573
201.0, 4.8319264277663105
202.0, 4.696936724439239
203.0, 4.709950841065828
204.0, 4.87325462084185
205.0, 4.845446727420655
206.0, 4.873637351107223
207.0, 4.912452869168328
208.0, 4.959050287524885
209.0, 5.00265833195651
210.0, 5.046772334756798
211.0, 5.092526774293351
212.0, 5.138977121352084
213.0, 5.162381011446151
214.0, 5.214856595075324
215.0, 5.268424764169062
216.0, 5.289672084350097
217.0, 5.309663014645023
218.0, 5.327604739776802
219.0, 5.3441030051012754
220.0, 5.35831125484811
221.0, 5.37092774476507
222.0, 5.381071615189281
223.0, 5.389512396625537
224.0, 5.395357413111427
225.0, 5.399428195143714
226.0, 5.400840942296996
227.0, 5.415407936984112
228.0, 5.397609571339435
229.0, 5.397321318191604
230.0, 5.392623955515515
231.0, 5.397505090365792
232.0, 5.3972004333059145
233.0, 5.39753264242717
234.0, 5.397230833010919
235.0, 5.39744865580332
236.0, 5.397373986974862
237.0, 5.39760638014092
238.0, 5.397398362457213
239.0, 5.397609679991757
240.0, 5.39739829143882
241.0, 5.397608824160038
242.0, 5.397398268145321
243.0, 5.395299600321761
244.0, 5.3951130271171825
245.0, 5.393673216321956
246.0, 5.390170972866987
247.0, 5.385388392990043
248.0, 5.378367076525533
249.0, 5.369953192516937
250.0, 5.35919613007005
251.0, 5.343773746675333
252.0, 5.330220761528476
253.0, 5.314332308079048
254.0, 5.296402551873847
255.0, 5.277663639080462
256.0, 5.257023351170868
257.0, 5.235938699456038
258.0, 5.213221168512271
259.0, 5.190401959973568
260.0, 5.166247933640586
261.0, 5.1392556087722605
262.0, 5.1117987775116855
263.0, 5.157177407524685
264.0, 5.211223852744369
265.0, 5.265478060093823
266.0, 5.31997064371759
267.0, 5.374244994297706
268.0, 5.427903292551338
269.0, 5.480535019669385
270.0, 5.531773655524796
271.0, 5.581241443158277
272.0, 5.628607221383084
273.0, 5.673535086945538
274.0, 5.715730163097867
275.0, 5.7549101755228
276.0, 5.790825192514506
277.0, 5.8232559691687635
278.0, 5.851997890384852
279.0, 5.876862634969382
280.0, 5.897687122200144
281.0, 5.914266863685863
282.0, 5.926441622149396
spot_hold
0, 0
1, 0
2, 0
3, 0
4, 0
5, 0
6, 0
7, 0
8, 0
9, 0
10, 0
11, 0
12, 0
13, 0
14, 0
15, 0
16, 0
17, 0
18, 0
19, 0
20, 0
21, 0
22, 0
23, 0
24, 0
25, 0
26, 0
27, 0
28, 0
29, 0
30, 0
31, 0
32, 0
33, 0
34, 0
35, 0
36, 0
37, 0
38, 0
39, 0
40, 0
41, 1
42, 1
43, 1
44, 1
45, 1
46, 1
47, 1
48, 1
49, 1
50, 1
51, 1
52, 1
53, 1
54, 1
55, 1
56, 1
57, 1
58, 1
59, 1
60, 1
61, 1
62, 1
63, 1
64, 1
65, 1
66, 1
67, 1
68, 1
69, 1
70, 1
71, 1
72, 1
73, 1
74, 1
75, 1
76, 1
77, 1
78, 1
79, 1
80, 1
81, 1
82, 1
83, 1
84, 1
85, 1
86, 1
87, 1
88, 1
89, 1
90, 1
91, 1
92, 1
93, 1
94, 1
95, 1
96, 1
97, 1
98, 1
99, 1
100, 1
101, 1
102, 1
103, 1
104, 1
105, 1
106, 1
107, 1
108, 1
109, 1
110, 1
111, 1
112, 1
113, 1
114, 1
115, 1
116, 1
117, 1
118, 1
119, 1
120, 1
121, 1
122, 1
123, 1
124, 1
125, 1
126, 1
127, 1
128, 1
129, 1
130, 1
131, 1
132, 1
133, 1
134, 1
135, 1
136, 1
137, 1
138, 1
139, 1
140, 1
141, 1
142, 1
143, 1
144, 1
145, 1
146, 1
147, 1
148, 1
149, 1
150, 1
151, 1
152, 1
153, 1
154, 1
155, 1
156, 1
157, 1
158, 1
159, 1
160, 1
161, 1
162, 1
163, 1
164, 1
165, 1
166, 1
167, 1
168, 1
169, 1
170, 1
171, 1
172, 1
173, 1
174, 1
175, 1
176, 1
177, 1
178, 1
179, 1
180, 1
181, 1
182, 1
183, 1
184, 1
185, 1
186, 1
187, 1
188, 1
189, 1
190, 1
191, 1
192, 1
193, 1
194, 1
195, 1
196, 1
197, 1
198, 1
199, 1
200, 1
201, 1
202, 1
203, 1
204, 1
205, 1
206, 1
207, 1
208, 1
209, 1
210, 1
211, 1
212, 1
213, 1
214, 1
215, 1
216, 1
217, 1
218, 1
219, 1
220, 1
221, 1
222, 1
223, 1
224, 1
225, 1
226, 1
227, 1
228, 1
229, 1
230, 1
231, 1
232, 1
233, 1
234, 1
235, 1
236, 1
237, 1
238, 1
239, 1
240, 1
241, 1
242, 1
243, 1
244, 1
245, 1
246, 1
247, 1
248, 1
249, 1
250, 1
251, 1
252, 1
253, 1
254, 1
255, 1
256, 1
257, 1
258, 1
259, 1
260, 1
261, 1
262, 1
263, 1
264, 1
265, 1
266, 1
267, 1
268, 1
269, 1
270, 1
271, 1
272, 1
273, 1
274, 1
275, 1
276, 1
277, 1
278, 1
279, 1
280, 1
281, 1
282, 1
