bot_dist
0.0, 3.621251955887415
1.0, 3.627601650937322
2.0, 3.633967769170011
3.0, 3.6403502244246067
4.0, 3.646748930923081
5.0, 3.6531638032707363
6.0, 3.659594756456638
7.0, 3.6660417058539934
8.0, 3.6725045672204852
9.0, 3.6789832566985576
10.0, 3.68547769081565
11.0, 3.6919877864843915
12.0, 3.698513461002746
13.0, 3.705054632054112
14.0, 3.7116112177073823
15.0, 3.7181831364169597
16.0, 3.7247703070227263
17.0, 3.731372648749977
18.0, 3.7379900812093108
19.0, 3.7446225243964837
20.0, 3.7512698986922186
21.0, 3.7579321248619824
22.0, 3.7646091240557222
23.0, 3.771300817807566
24.0, 3.77800712803549
25.0, 3.7847279770409474
26.0, 3.7914632875084626
27.0, 3.798212982505197
28.0, 3.8049769854804776
29.0, 3.811755220265293
30.0, 3.818547611071761
31.0, 3.8253540824925634
32.0, 3.8321745595003525
33.0, 3.839008967447126
34.0, 3.845857232063576
35.0, 3.852719279458406
36.0, 3.8595950361176263
37.0, 3.866484428903817
38.0, 3.8733873850553673
39.0, 3.8803038321856924
40.0, 3.8872336982824196
41.0, 3.8941769117065537
42.0, 3.9011334011916197
43.0, 3.9081030958427814
44.0, 3.915085925135934
45.0, 3.9220818189167845
46.0, 3.9290907073998964
47.0, 3.9361125211677286
48.0, 3.9431471911696447
49.0, 3.9501946487209056
50.0, 3.9572548255016415
51.0, 3.9643276535558094
52.0, 3.9714130652901263
53.0, 3.978510993472992
54.0, 3.9856213712333894
55.0, 3.9927441320597694
56.0, 3.999879209798923
57.0, 4.007026538654831
58.0, 4.014186053187508
59.0, 4.021357688311825
60.0, 4.0285413792963185
61.0, 4.035737061761986
62.0, 4.042944671681074
63.0, 4.050164145375843
64.0, 4.057395419517329
65.0, 4.064638431124091
66.0, 4.071893117560939
67.0, 4.079159416537665
68.0, 4.086437266107752
69.0, 4.093726604667077
70.0, 4.101027370952599
71.0, 4.1083395040410515
72.0, 4.1156629433476075
73.0, 4.122997628624547
74.0, 4.130343499959915
75.0, 4.137700497776165
76.0, 4.145068562828806
77.0, 4.1524476362050295
78.0, 4.159837659322337
79.0, 4.16723857392716
80.0, 4.1746503220934725
81.0, 4.182072846221395
82.0, 4.189506089035801
83.0, 4.196949993584901
84.0, 4.2044045032388455
85.0, 4.2118695616883
86.0, 4.2193451129430315
87.0, 4.226831101330478
88.0, 4.234327471494325
89.0, 4.241834168393074
90.0, 4.249351137298603
91.0, 4.256878323794729
92.0, 4.26441567377577
93.0, 4.271963133445092
94.0, 4.27952064931367
95.0, 4.2870881681986335
96.0, 4.294665637221816
97.0, 4.302253003808301
98.0, 4.309850215684966
99.0, 4.317457220879032
100.0, 4.325073967716595
101.0, 4.325073967716595
102.0, 4.325073967716595
103.0, 4.325073967716595
104.0, 4.325073967716595
105.0, 4.325073967716595
106.0, 4.325073967716595
107.0, 4.325073967716595
108.0, 4.325073967716595
109.0, 4.325073967716595
110.0, 4.325073967716595
111.0, 4.325073967716595
112.0, 4.325073967716595
113.0, 4.325073967716595
114.0, 4.325073967716595
115.0, 4.325073967716595
116.0, 4.325073967716595
117.0, 4.325073967716595
118.0, 4.325073967716595
119.0, 4.325073967716595
120.0, 4.325073967716595
121.0, 4.325073967716595
122.0, 4.325073967716595
123.0, 4.325073967716595
124.0, 4.325073967716595
125.0, 4.325073967716595
126.0, 4.325073967716595
127.0, 4.325073967716595
128.0, 4.325073967716595
129.0, 4.325073967716595
130.0, 4.325073967716595
131.0, 4.317457220879032
132.0, 4.309850215684966
133.0, 4.302253003808301
134.0, 4.294665637221816
135.0, 4.2870881681986335
136.0, 4.27952064931367
137.0, 4.271963133445092
138.0, 4.26441567377577
139.0, 4.256878323794729
140.0, 4.249351137298603
141.0, 4.241834168393074
142.0, 4.234327471494325
143.0, 4.2306696471597025
144.0, 4.223190462948602
145.0, 4.215721730486985
146.0, 4.20826350542345
147.0, 4.200815843723227
148.0, 4.193378801669583
149.0, 4.185952435865237
150.0, 4.178536803233749
151.0, 4.08905342820815
152.0, 3.9995872592083517
153.0, 3.9101394772848934
154.0, 3.8207113738335208
155.0, 3.7313043637552457
156.0, 3.641920000540387
157.0, 3.5525599936119727
158.0, 3.463226228332125
159.0, 3.373920789159381
160.0, 3.2846459865494206
161.0, 3.195404388322021
162.0, 3.1061988563804293
163.0, 3.017032589875289
164.0, 2.9279091761663567
165.0, 2.838832651268434
166.0, 2.749807571895791
167.0, 2.742137885141002
168.0, 2.6519778651799926
169.0, 2.5618384834007046
170.0, 2.4717219131828934
171.0, 2.3816307439718023
172.0, 2.291567971630418
173.0, 2.2015370812276847
174.0, 2.1938245675480794
175.0, 2.103184919163501
176.0, 2.012576787453396
177.0, 2.0049027604315013
178.0, 1.997249316383412
179.0, 1.9896166928382688
180.0, 1.9820051303328914
181.0, 1.8953715527591812
182.0, 1.8878919459515047
183.0, 1.8804357675248837
184.0, 1.8730032972751995
185.0, 1.8655948185603353
186.0, 1.8582106183350426
187.0, 1.8508509871855063
188.0, 1.7616999504541702
189.0, 1.7543434796587423
190.0, 1.6666895133065802
191.0, 1.579213094526461
192.0, 1.4919454537932317
193.0, 1.4049254966999059
194.0, 1.3182022760082752
195.0, 1.2318384653362842
196.0, 1.1459153301633767
197.0, 1.060539984223869
198.0, 0.9758562124536698
199.0, 0.892060990988853
200.0, 0.8094303249300349
201.0, 0.7283606697244184
202.0, 0.6494368749148756
203.0, 0.5735454810298224
204.0, 0.5020635001003316
205.0, 0.43715932160826176
206.0, 0.3821988511465335
207.0, 0.34200997964854635
208.0, 0.32216900154018946
209.0, 0.3264078429516373
210.0, 0.35386221801714485
211.0, 0.39977748029675275
212.0, 0.4586423150752253
213.0, 0.45872311371777524
214.0, 0.529909989624689
215.0, 0.6056992542048463
216.0, 0.6075739578924328
217.0, 0.6096069567289852
218.0, 0.6117966726733682
219.0, 0.6141414294074
220.0, 0.6166394583169772
221.0, 0.6192889046405369
222.0, 0.6220878337395992
223.0, 0.625034237447285
224.0, 0.6281260404523294
225.0, 0.6313611066781547
226.0, 0.6347372456189548
227.0, 0.6382522185974296
228.0, 0.6419037449117081
229.0, 0.645689507842074
230.0, 0.6496071604912732
231.0, 0.6496071604912732
232.0, 0.6496071604912732
233.0, 0.6496071604912732
234.0, 0.6496071604912732
235.0, 0.6496071604912732
236.0, 0.6496071604912732
237.0, 0.6496071604912732
238.0, 0.6496071604912732
239.0, 0.6496071604912732
240.0, 0.6496071604912732
241.0, 0.6496071604912732
242.0, 0.6496071604912732
243.0, 0.6496071604912732
244.0, 0.6496071604912732
245.0, 0.6496071604912732
246.0, 0.6496071604912732
247.0, 0.6496071604912732
248.0, 0.6496071604912732
249.0, 0.6496071604912732
250.0, 0.6496071604912732
251.0, 0.6496071604912732
252.0, 0.6496071604912732
253.0, 0.6496071604912732
254.0, 0.6496071604912732
255.0, 0.6496071604912732
256.0, 0.6496071604912732
257.0, 0.6496071604912732
258.0, 0.6496071604912732
259.0, 0.6496071604912732
260.0, 0.6496071604912732
261.0, 0.645689507842074
262.0, 0.6419037449117081
263.0, 0.6382522185974296
264.0, 0.6347372456189548
265.0, 0.6313611066781547
266.0, 0.6281260404523294
267.0, 0.625034237447285
268.0, 0.6220878337395992
269.0, 0.6192889046405369
270.0, 0.6166394583169772
271.0, 0.6141414294074
272.0, 0.6117966726733682
273.0, 0.6096069567289852
274.0, 0.6075739578924328
275.0, 0.6056992542048463
276.0, 0.6039843196624137
277.0, 0.6024305187076442
278.0, 0.6010391010252027
279.0, 0.5998111966865382
280.0, 0.598747811685705
281.0, 0.597849823906334
282.0, 0.5971179795566193
ee_dist
0.0, 0.9972431199483686
1.0, 1.0197233288111036
2.0, 1.1060760467114086
3.0, 1.1873253918696196
4.0, 1.2152775296857334
5.0, 1.2407111459271052
6.0, 1.2748807747178827
7.0, 1.3100355403420467
8.0, 1.3457147828687532
9.0, 1.3806382598282885
10.0, 1.415112659064807
11.0, 1.4474345858204012
12.0, 1.4785371814842234
13.0, 1.5069031613226547
14.0, 1.5345293115953837
15.0, 1.5592128373098186
16.0, 1.583462672748315
17.0, 1.604673139828872
18.0, 1.6259066873381172
19.0, 1.644215732196361
20.0, 1.6629800497215084
21.0, 1.638178521862778
22.0, 1.602828813756268
23.0, 1.5645186945919372
24.0, 1.5227541512492602
25.0, 1.4777345359246803
26.0, 1.429496423649142
27.0, 1.378274230735112
28.0, 1.3241381464849928
29.0, 1.2674050955762735
30.0, 1.208196506567043
31.0, 1.1469339382919712
32.0, 1.0838248380343751
33.0, 1.0194298144961549
34.0, 0.9541124096317909
35.0, 0.8886780155567015
36.0, 0.8303487885679678
37.0, 0.7694646344669103
38.0, 0.7089365374564799
39.0, 0.6525003355937643
40.0, 0.6025072642629086
41.0, 0.6173825598321644
42.0, 0.7350394518419053
43.0, 1.093500881515557
44.0, 1.0516239511046215
45.0, 1.0082783631349919
46.0, 0.9624662285257423
47.0, 0.9147498624412737
48.0, 0.8646905112065372
49.0, 0.8127785627884596
50.0, 0.7592149907862147
51.0, 0.7047783089261462
52.0, 0.6496229729294102
53.0, 0.5939029442400832
54.0, 0.5378251519176167
55.0, 0.4816750901431517
56.0, 0.4266853003932863
57.0, 0.3734950976168207
58.0, 0.41659078534878147
59.0, 0.4863812850536847
60.0, 0.5660785463320551
61.0, 0.6552894324026134
62.0, 0.748451444245383
63.0, 0.8403051630776641
64.0, 0.9264275878313303
65.0, 0.9934299616803846
66.0, 1.0508353083275601
67.0, 1.1091511066560784
68.0, 1.1625185623930463
69.0, 1.2151813203823505
70.0, 1.2679149536342496
71.0, 1.318915378180379
72.0, 1.3742069432156023
73.0, 1.4350903283820329
74.0, 1.500599880399651
75.0, 1.5772291459734016
76.0, 1.663109879418126
77.0, 1.7584023152452164
78.0, 1.8580507218141042
79.0, 1.956948549311463
80.0, 2.0506599628967295
81.0, 2.12935691002342
82.0, 2.1932500682854115
83.0, 2.2561495738571664
84.0, 2.3164292484585536
85.0, 2.375889221827554
86.0, 2.424655717055117
87.0, 2.453134851296045
88.0, 2.4838273321896884
89.0, 2.5232808102970647
90.0, 2.574178112026719
91.0, 2.6584137543603696
92.0, 2.750895295591267
93.0, 2.8533042120802037
94.0, 2.9596616159823026
95.0, 3.0679504494402665
96.0, 3.168602784925639
97.0, 3.259716817350048
98.0, 3.3309086459570922
99.0, 3.399612317669223
100.0, 3.46441159191147
101.0, 3.529261897693112
102.0, 3.591280688514057
103.0, 3.6547164042033895
104.0, 3.717463969152178
105.0, 3.7880149538014534
106.0, 3.861451842137181
107.0, 3.943572523672688
108.0, 4.034019031069807
109.0, 4.13502816825291
110.0, 4.240693031403425
111.0, 4.350217697849716
112.0, 4.452407967306113
113.0, 4.5482581526645545
114.0, 4.622135432420796
115.0, 4.691032745795479
116.0, 4.75617096475891
117.0, 4.821182873357678
118.0, 4.863277448596104
119.0, 4.906668651857002
120.0, 4.947415626889144
121.0, 4.988909521767579
122.0, 5.027246651411936
123.0, 5.065835497482556
124.0, 5.1008120211242645
125.0, 5.135600411998516
126.0, 5.1663811542851805
127.0, 5.196592458834501
128.0, 5.2224671467656885
129.0, 5.247455753538446
130.0, 5.2678432170007845
131.0, 5.287089601541396
132.0, 5.301536824244189
133.0, 5.31465585483518
134.0, 5.322846055942828
135.0, 5.3295835992904435
136.0, 5.331329694411763
137.0, 5.331564735742769
138.0, 5.3268137179876485
139.0, 5.3205590566264505
140.0, 5.309389979355376
141.0, 5.296793372908948
142.0, 5.279419975935887
143.0, 4.64880482148259
144.0, 4.638085448747579
145.0, 4.628025576775907
146.0, 4.622361269111441
147.0, 4.617375483715866
148.0, 4.616963911760364
149.0, 4.617220463550167
150.0, 4.62207735091709
151.0, 4.538710232122278
152.0, 4.457342700145599
153.0, 4.3740487020118595
154.0, 4.292757300105435
155.0, 4.2095449888702605
156.0, 4.1283386769928505
157.0, 4.045218346198971
158.0, 3.9641079209184467
159.0, 3.8810912657238146
160.0, 3.8000892719477766
161.0, 3.717190181666999
162.0, 3.6363114319606513
163.0, 3.5535462593626397
164.0, 3.4728085769281285
165.0, 3.3901971776785143
166.0, 3.3096212343580587
167.0, 3.316829687834277
168.0, 3.2382745900763084
169.0, 3.158009159158968
170.0, 3.079859596078057
171.0, 3.000040264228123
172.0, 2.922362677886885
173.0, 2.8430647202211508
174.0, 2.856126391681503
175.0, 2.780209877275995
176.0, 2.7065877239716483
177.0, 2.720938471575882
178.0, 2.739251224320081
179.0, 2.758041847025133
180.0, 2.780245378346052
181.0, 2.724389127752504
182.0, 2.703164922241739
183.0, 2.682336323433694
184.0, 2.6651441605080533
185.0, 2.6484839980238477
186.0, 2.6359670155883226
187.0, 2.6241018779924996
188.0, 2.5457758191756192
189.0, 2.536224464465294
190.0, 2.456050111330903
191.0, 2.3740850042701265
192.0, 2.2942267892857187
193.0, 2.212618450585209
194.0, 2.1331493829189125
195.0, 2.0519836586244242
196.0, 1.973000695904642
197.0, 1.8923924512835726
198.0, 1.8140267167974262
199.0, 1.7341329738835491
200.0, 1.656565676178062
201.0, 1.5776060596889006
202.0, 1.5010937601460788
203.0, 1.4143648052867586
204.0, 1.3262759178283448
205.0, 1.273509978512705
206.0, 1.1991423803561403
207.0, 1.1256755061807115
208.0, 1.0563570315334168
209.0, 0.9854093410806873
210.0, 0.9193036832683432
211.0, 0.8545818889264399
212.0, 0.7949720139863496
213.0, 0.7743440242063074
214.0, 0.7128295781769016
215.0, 0.6545247493305556
216.0, 0.6345315007572888
217.0, 0.6155401976860693
218.0, 0.6010822902186159
219.0, 0.5880770865045537
220.0, 0.5804283773204224
221.0, 0.5745918940249563
222.0, 0.5745412713117851
223.0, 0.5764436807554496
224.0, 0.5840318370681561
225.0, 0.5934390126068033
226.0, 0.6079279775940616
227.0, 0.6239008898260767
228.0, 0.6440168260781982
229.0, 0.64338179817094
230.0, 0.6440171367224906
231.0, 0.6433817403748562
232.0, 0.6440168260781982
233.0, 0.64338179817094
234.0, 0.6440171367224906
235.0, 0.6433817403748562
236.0, 0.6440168260781982
237.0, 0.64338179817094
238.0, 0.6414948307432833
239.0, 0.6440349478670376
240.0, 0.6439811425036555
241.0, 0.643518365335336
242.0, 0.6440094203014022
243.0, 0.6492214381957137
244.0, 0.6594396565951771
245.0, 0.6709766878112838
246.0, 0.6847625645046616
247.0, 0.6997246365819187
248.0, 0.7166528908949763
249.0, 0.7344243339774493
250.0, 0.7538844377192756
251.0, 0.7738849935496992
252.0, 0.7952716276893486
253.0, 0.8169132913760858
254.0, 0.8396021728887588
255.0, 0.8622715133768177
256.0, 0.885635153681996
257.0, 0.9087278988941029
258.0, 0.9321794992799258
259.0, 0.9551487446289523
260.0, 0.9782050251185859
261.0, 1.0005774491406336
262.0, 1.0228196408923118
263.0, 1.0011658075266336
264.0, 0.9750411231379448
265.0, 0.9478949237274712
266.0, 0.9195552957474229
267.0, 0.8902411306062428
268.0, 0.8600201881053724
269.0, 0.8291504786127124
270.0, 0.7977317201965961
271.0, 0.7660782815458699
272.0, 0.7343384276974219
273.0, 0.7028930470385671
274.0, 0.6719776065204041
275.0, 0.6420374068877146
276.0, 0.6133511296406862
277.0, 0.5864196875741311
278.0, 0.5615322569587476
279.0, 0.5393849842826309
280.0, 0.5203049602232933
281.0, 0.5056209434901502
282.0, 0.5023309622222527
ee_box_dist
0.0, 2.339643322386152
1.0, 2.3534048271886103
2.0, 2.412833024356509
3.0, 2.5240600347254523
4.0, 2.5273123212339894
5.0, 2.552335946288526
6.0, 2.568521579508906
7.0, 2.583990285534866
8.0, 2.599389523084852
9.0, 2.61481353771981
10.0, 2.6302397058524507
11.0, 2.6454038171463874
12.0, 2.660337092433482
13.0, 2.67470664213636
14.0, 2.688865010712279
15.0, 2.7022113152845675
16.0, 2.71539716250782
17.0, 2.7274958484226683
18.0, 2.7396090310184666
19.0, 2.7504863798157384
20.0, 2.76158016304468
21.0, 2.756680982237491
22.0, 2.7487055237738534
23.0, 2.738660371361307
24.0, 2.7264279563693226
25.0, 2.7121345843720137
26.0, 2.695804818163733
27.0, 2.6776042701313996
28.0, 2.657587252204412
29.0, 2.635972501457365
30.0, 2.612846862879383
31.0, 2.588482601321313
32.0, 2.5630632591423894
33.0, 2.537000585158866
34.0, 2.510611926070323
35.0, 2.4841279097387177
36.0, 2.480899342565314
37.0, 2.480059143680837
38.0, 2.460775720188891
39.0, 2.4359433795939816
40.0, 2.411023911487769
41.0, 2.41454207554927
42.0, 2.4175741095096694
43.0, 2.4209582013795456
44.0, 2.423784891970329
45.0, 2.427048766881902
46.0, 2.429747077687068
47.0, 2.432891273366312
48.0, 2.435595674176152
49.0, 2.438622878631246
50.0, 2.4414897597519545
51.0, 2.444498706543087
52.0, 2.4475815418825095
53.0, 2.450662672536636
54.0, 2.4537974401382097
55.0, 2.456709216077898
56.0, 2.4594675633008474
57.0, 2.4618395176076544
58.0, 2.463950457360894
59.0, 2.4657239822987984
60.0, 2.46718235842693
61.0, 2.468405530465406
62.0, 2.469294438856364
63.0, 2.469982181269139
64.0, 2.470381527610255
65.0, 2.470612981788472
66.0, 2.470635931314842
67.0, 2.47051865783046
68.0, 2.470224275052175
69.0, 2.4697717559130905
70.0, 2.469137312872918
71.0, 2.4683400052549107
72.0, 2.46736128302031
73.0, 2.4662245069811353
74.0, 2.464908801475611
75.0, 2.463440517368857
76.0, 2.4617986647856913
77.0, 2.460008540150249
78.0, 2.4580479500920447
79.0, 2.4559459694600063
80.0, 2.453677246288483
81.0, 2.451271142587924
82.0, 2.4487027767843963
83.0, 2.4460027304636602
84.0, 2.443143734861387
85.0, 2.4401574433026427
86.0, 2.452723663974198
87.0, 2.474216870862286
88.0, 2.489617755345187
89.0, 2.5021115570690298
90.0, 2.5103899831088867
91.0, 2.509934699734904
92.0, 2.510297903781513
93.0, 2.5099427412501387
94.0, 2.510297518514267
95.0, 2.509942370939439
96.0, 2.5102975191625534
97.0, 2.509942370939439
98.0, 2.510297518514267
99.0, 2.509942371587774
100.0, 2.5102975191625534
101.0, 2.509942370939439
102.0, 2.5102975191625534
103.0, 2.509942370939439
104.0, 2.5102975191625534
105.0, 2.509942371587774
106.0, 2.5102975191625534
107.0, 2.509942371587774
108.0, 2.510297518514267
109.0, 2.509942370939439
110.0, 2.5102975191625534
111.0, 2.509942370939439
112.0, 2.510297518514267
113.0, 2.509942370291103
114.0, 2.510297518514267
115.0, 2.509401366278101
116.0, 2.510300377922076
117.0, 2.5099419239934577
118.0, 2.5102977364004384
119.0, 2.5099425730833125
120.0, 2.510297720621359
121.0, 2.5099425724349773
122.0, 2.510297720621359
123.0, 2.5099425737316476
124.0, 2.510297720621359
125.0, 2.5099425730833125
126.0, 2.510297720621359
127.0, 2.5099425730833125
128.0, 2.510297720621359
129.0, 2.5099425737316476
130.0, 2.510297720621359
131.0, 2.5099425730833125
132.0, 2.510297720621359
133.0, 2.5099425730833125
134.0, 2.510297720621359
135.0, 2.5099425730833125
136.0, 2.510297720621359
137.0, 2.5099425737316476
138.0, 2.510297720621359
139.0, 2.5099425730833125
140.0, 2.510297721269645
141.0, 2.5099425730833125
142.0, 2.510297720621359
143.0, 2.829191017981323
144.0, 2.804099713150719
145.0, 2.778986569706112
146.0, 2.7525736597345274
147.0, 2.726189460866153
148.0, 2.699126748589526
149.0, 2.6721541012083363
150.0, 2.645168108238012
151.0, 2.6421614196603023
152.0, 2.641800359648195
153.0, 2.6441101238048472
154.0, 2.648935456875516
155.0, 2.65653444004163
156.0, 2.666489311264127
157.0, 2.679288635630896
158.0, 2.694258067545957
159.0, 2.7121127277809
160.0, 2.731930326955289
161.0, 2.7546467644034047
162.0, 2.7791033765390076
163.0, 2.8064493869492804
164.0, 2.8353029437180246
165.0, 2.8670178561705972
166.0, 2.9000044827944014
167.0, 2.875040629306272
168.0, 2.9044759703362493
169.0, 2.936723568678315
170.0, 2.970170821274813
171.0, 3.006390944182953
172.0, 3.043584178215048
173.0, 3.0835018405457455
174.0, 3.0584204243222555
175.0, 3.094654681428551
176.0, 3.131808237774924
177.0, 3.1072189838087403
178.0, 3.0809936602122723
179.0, 3.0547591517470463
180.0, 3.027494646343505
181.0, 3.0437212656288963
182.0, 3.0703573074371744
183.0, 3.097001730996094
184.0, 3.1221996649166766
185.0, 3.147354810601592
186.0, 3.170497132719554
187.0, 3.1935558945095437
188.0, 3.244062142548229
189.0, 3.2655422420000875
190.0, 3.321678550461672
191.0, 3.3802831499287396
192.0, 3.438538297200097
193.0, 3.4992024714487955
194.0, 3.5593676849322557
195.0, 3.621888655058591
196.0, 3.6837761521012715
197.0, 3.7479718048716273
198.0, 3.811413240264283
199.0, 3.877120529156273
200.0, 3.941965343363827
201.0, 4.009038572041822
202.0, 4.075152312205139
203.0, 4.1551818300397985
204.0, 4.236871640621927
205.0, 4.278819772927739
206.0, 4.348530772838229
207.0, 4.418864503778335
208.0, 4.487168422344135
209.0, 4.559447037195985
210.0, 4.629641399711137
211.0, 4.701837725092813
212.0, 4.772744196634854
213.0, 4.786750023273573
214.0, 4.860672580641696
215.0, 4.936645955218198
216.0, 4.946512745011861
217.0, 4.95610956957214
218.0, 4.9616957053818505
219.0, 4.966986420906164
220.0, 4.968166739741146
221.0, 4.969029847076632
222.0, 4.965781375178091
223.0, 4.96219448145942
224.0, 4.954590198961144
225.0, 4.946634061937862
226.0, 4.934847287426369
227.0, 4.922699768251758
228.0, 4.907001157221948
229.0, 4.907755845802602
230.0, 4.907000681350568
231.0, 4.9077558529703005
232.0, 4.907001156821907
233.0, 4.907755845402644
234.0, 4.907000680950528
235.0, 4.907755853370259
236.0, 4.907001156821907
237.0, 4.907755845402644
238.0, 4.9094633134592645
239.0, 4.907057752741729
240.0, 4.907048891074391
241.0, 4.907599487582485
242.0, 4.907010918862986
243.0, 4.905852969206462
244.0, 4.907889179507531
245.0, 4.908712432524863
246.0, 4.907761985945806
247.0, 4.905617703287689
248.0, 4.901539708241311
249.0, 4.896156911888044
250.0, 4.888751804105432
251.0, 4.880075527944859
252.0, 4.86939320923878
253.0, 4.857626005188772
254.0, 4.843971112459951
255.0, 4.829516874125283
256.0, 4.813363338245172
257.0, 4.796728519223443
258.0, 4.778625762125248
259.0, 4.760346074154553
260.0, 4.7408270093267815
261.0, 4.721454568926231
262.0, 4.701077314280889
263.0, 4.736940679498335
264.0, 4.781574211648782
265.0, 4.82611055877866
266.0, 4.870659789890281
267.0, 4.914862098980641
268.0, 4.958373164875704
269.0, 5.000966313624549
270.0, 5.042218161304225
271.0, 5.081894155742014
272.0, 5.119675923697739
273.0, 5.155428479603064
274.0, 5.18871343986599
275.0, 5.219529534981613
276.0, 5.247514687754738
277.0, 5.272651852393212
278.0, 5.294853454525004
279.0, 5.3138501379490135
280.0, 5.329583105948237
281.0, 5.341659296404076
282.0, 5.353138282960047
spot_hold
0, 0
1, 0
2, 0
3, 0
4, 0
5, 0
6, 0
7, 0
8, 0
9, 0
10, 0
11, 0
12, 0
13, 0
14, 0
15, 0
16, 0
17, 0
18, 0
19, 0
20, 0
21, 0
22, 0
23, 0
24, 0
25, 0
26, 0
27, 0
28, 0
29, 0
30, 0
31, 0
32, 0
33, 0
34, 0
35, 0
36, 0
37, 0
38, 0
39, 0
40, 0
41, 1
42, 1
43, 1
44, 1
45, 1
46, 1
47, 1
48, 1
49, 1
50, 1
51, 1
52, 1
53, 1
54, 1
55, 1
56, 1
57, 1
58, 1
59, 1
60, 1
61, 1
62, 1
63, 1
64, 1
65, 1
66, 1
67, 1
68, 1
69, 1
70, 1
71, 1
72, 1
73, 1
74, 1
75, 1
76, 1
77, 1
78, 1
79, 1
80, 1
81, 1
82, 1
83, 1
84, 1
85, 1
86, 1
87, 1
88, 1
89, 1
90, 1
91, 1
92, 1
93, 1
94, 1
95, 1
96, 1
97, 1
98, 1
99, 1
100, 1
101, 1
102, 1
103, 1
104, 1
105, 1
106, 1
107, 1
108, 1
109, 1
110, 1
111, 1
112, 1
113, 1
114, 1
115, 1
116, 1
117, 1
118, 1
119, 1
120, 1
121, 1
122, 1
123, 1
124, 1
125, 1
126, 1
127, 1
128, 1
129, 1
130, 1
131, 1
132, 1
133, 1
134, 1
135, 1
136, 1
137, 1
138, 1
139, 1
140, 1
141, 1
142, 1
143, 1
144, 1
145, 1
146, 1
147, 1
148, 1
149, 1
150, 1
151, 1
152, 1
153, 1
154, 1
155, 1
156, 1
157, 1
158, 1
159, 1
160, 1
161, 1
162, 1
163, 1
164, 1
165, 1
166, 1
167, 1
168, 1
169, 1
170, 1
171, 1
172, 1
173, 1
174, 1
175, 1
176, 1
177, 1
178, 1
179, 1
180, 1
181, 1
182, 1
183, 1
184, 1
185, 1
186, 1
187, 1
188, 1
189, 1
190, 1
191, 1
192, 1
193, 1
194, 1
195, 1
196, 1
197, 1
198, 1
199, 1
200, 1
201, 1
202, 1
203, 1
204, 1
205, 1
206, 1
207, 1
208, 1
209, 1
210, 1
211, 1
212, 1
213, 1
214, 1
215, 1
216, 1
217, 1
218, 1
219, 1
220, 1
221, 1
222, 1
223, 1
224, 1
225, 1
226, 1
227, 1
228, 1
229, 1
230, 1
231, 1
232, 1
233, 1
234, 1
235, 1
236, 1
237, 1
238, 1
239, 1
240, 1
241, 1
242, 1
243, 1
244, 1
245, 1
246, 1
247, 1
248, 1
249, 1
250, 1
251, 1
252, 1
253, 1
254, 1
255, 1
256, 1
257, 1
258, 1
259, 1
260, 1
261, 1
262, 1
263, 1
264, 1
265, 1
266, 1
267, 1
268, 1
269, 1
270, 1
271, 1
272, 1
273, 1
274, 1
275, 1
276, 1
277, 1
278, 1
279, 1
280, 1
281, 1
282, 1
