bot_dist
0.0, 4.035253406829074
1.0, 4.042460217668299
2.0, 4.049678896549026
3.0, 4.056909380118907
4.0, 4.064151605373198
5.0, 4.071405509653496
6.0, 4.078671030646462
7.0, 4.085948106382536
8.0, 4.093236675234639
9.0, 4.100536675916866
10.0, 4.10784804748317
11.0, 4.115170729326035
12.0, 4.122504661175144
13.0, 4.129849783096031
14.0, 4.137206035488734
15.0, 4.144573359086434
16.0, 4.15195169495409
17.0, 4.159340984487063
18.0, 4.166741169409734
19.0, 4.174152191774125
20.0, 4.181573993958493
21.0, 4.189006518665943
22.0, 4.196449708923018
23.0, 4.203903508078288
24.0, 4.211367859800935
25.0, 4.2188427080793405
26.0, 4.22632799721965
27.0, 4.233823671844356
28.0, 4.24132967689086
29.0, 4.248845957610038
30.0, 4.256372459564802
31.0, 4.263909128628659
32.0, 4.271455910984266
33.0, 4.279012753121984
34.0, 4.286579601838424
35.0, 4.294156404235001
36.0, 4.301743107716478
37.0, 4.309339659989509
38.0, 4.316946009061185
39.0, 4.324562103237579
40.0, 4.332187891122279
41.0, 4.339823321614936
42.0, 4.3474683439098
43.0, 4.355122907494262
44.0, 4.362786962147391
45.0, 4.370460457938474
46.0, 4.378143345225557
47.0, 4.38583557465398
48.0, 4.3935370971549235
49.0, 4.401247863943946
50.0, 4.408967826519527
51.0, 4.416696936661608
52.0, 4.4244351464301355
53.0, 4.432182408163614
54.0, 4.439938674477645
55.0, 4.447703898263477
56.0, 4.455478032686558
57.0, 4.463261031185087
58.0, 4.471052847468567
59.0, 4.4788534355163625
60.0, 4.486662749576258
61.0, 4.494480744163023
62.0, 4.502307374056966
63.0, 4.510142594302513
64.0, 4.517986360206767
65.0, 4.525838627338089
66.0, 4.533699351524666
67.0, 4.541568488853093
68.0, 4.549445995666954
69.0, 4.557331828565409
70.0, 4.565225944401778
71.0, 4.573128300282141
72.0, 4.581038853563923
73.0, 4.588957561854504
74.0, 4.596884383009815
75.0, 4.604819275132952
76.0, 4.6127621965727785
77.0, 4.620713105922549
78.0, 4.628671962018527
79.0, 4.636638723938602
80.0, 4.644613351000928
81.0, 4.652595802762549
82.0, 4.660586039018036
83.0, 4.668584019798135
84.0, 4.676589705368401
85.0, 4.684603056227864
86.0, 4.6926240331076725
87.0, 4.700652596969755
88.0, 4.708688709005495
89.0, 4.716732330634387
90.0, 4.7247834235027195
91.0, 4.732841949482255
92.0, 4.740907870668914
93.0, 4.748981149381457
94.0, 4.757061748160196
95.0, 4.765149629765678
96.0, 4.773244757177402
97.0, 4.781347093592521
98.0, 4.7894566024245675
99.0, 4.797573247302165
100.0, 4.805696992067762
101.0, 4.805696992067762
102.0, 4.805696992067762
103.0, 4.805696992067762
104.0, 4.805696992067762
105.0, 4.805696992067762
106.0, 4.805696992067762
107.0, 4.805696992067762
108.0, 4.805696992067762
109.0, 4.805696992067762
110.0, 4.805696992067762
111.0, 4.805696992067762
112.0, 4.805696992067762
113.0, 4.805696992067762
114.0, 4.805696992067762
115.0, 4.805696992067762
116.0, 4.805696992067762
117.0, 4.805696992067762
118.0, 4.805696992067762
119.0, 4.805696992067762
120.0, 4.805696992067762
121.0, 4.805696992067762
122.0, 4.805696992067762
123.0, 4.805696992067762
124.0, 4.805696992067762
125.0, 4.805696992067762
126.0, 4.805696992067762
127.0, 4.805696992067762
128.0, 4.805696992067762
129.0, 4.805696992067762
130.0, 4.805696992067762
131.0, 4.797573247302165
132.0, 4.7894566024245675
133.0, 4.781347093592521
134.0, 4.773244757177402
135.0, 4.765149629765678
136.0, 4.757061748160196
137.0, 4.748981149381457
138.0, 4.740907870668914
139.0, 4.732841949482255
140.0, 4.7247834235027195
141.0, 4.716732330634387
142.0, 4.708688709005495
143.0, 4.70410452069491
144.0, 4.696081858349947
145.0, 4.688066797587597
146.0, 4.680059377463228
147.0, 4.672059637262595
148.0, 4.664067616503176
149.0, 4.656083354935506
150.0, 4.648106892544518
151.0, 4.559609331238865
152.0, 4.4711664049378275
153.0, 4.3827813857769415
154.0, 4.294457887103903
155.0, 4.206199784417386
156.0, 4.118011282462044
157.0, 4.029896950576329
158.0, 3.941861762641097
159.0, 3.8539111423341654
160.0, 3.7660510145204844
161.0, 3.678287863756993
162.0, 3.590628801071071
163.0, 3.503081640388652
164.0, 3.4156549862512313
165.0, 3.3283583347809214
166.0, 3.2412021902430324
167.0, 3.232813572179186
168.0, 3.1437685088991896
169.0, 3.0548062298411653
170.0, 2.9659340433755514
171.0, 2.877160298085456
172.0, 2.7884943958257886
173.0, 2.6999469612701583
174.0, 2.6913988486637477
175.0, 2.6012955464035272
176.0, 2.51125611606245
177.0, 2.5026766650149317
178.0, 2.494107796062149
179.0, 2.485549618648611
180.0, 2.4770022435938657
181.0, 2.3862180630838083
182.0, 2.377720079598696
183.0, 2.3692338231767565
184.0, 2.3607594202843285
185.0, 2.3522969990322604
186.0, 2.3438466891991223
187.0, 2.3354086222547283
188.0, 2.2487825344142087
189.0, 2.2403059326879635
190.0, 2.15659747778228
191.0, 2.0733506015186998
192.0, 1.9906229864311187
193.0, 1.9084821594782768
194.0, 1.8270072669901218
195.0, 1.7462915208725869
196.0, 1.6664452345508385
197.0, 1.587599598542351
198.0, 1.5099113790138143
199.0, 1.4335687570911588
200.0, 1.35879855452871
201.0, 1.2858750965469632
202.0, 1.2151309138109114
203.0, 1.1469693252773365
204.0, 1.0818785746119037
205.0, 1.0204464654896646
206.0, 0.9633731620225586
207.0, 0.9114778282159502
208.0, 0.8656921710412523
209.0, 0.8270315352656732
210.0, 0.7965340590926449
211.0, 0.7751637297676062
212.0, 0.763687347720187
213.0, 0.7557154476420118
214.0, 0.7619305407532273
215.0, 0.7782414454752498
216.0, 0.7718468928975997
217.0, 0.7655295580932728
218.0, 0.7592913684296793
219.0, 0.7531342905801586
220.0, 0.7470603300551256
221.0, 0.7410715305926938
222.0, 0.7351699733982973
223.0, 0.7293577762226429
224.0, 0.7236370922672185
225.0, 0.7180101089065539
226.0, 0.7124790462165035
227.0, 0.7070461552980019
228.0, 0.7017137163860514
229.0, 0.6964840367341467
230.0, 0.691359448264932
231.0, 0.691359448264932
232.0, 0.691359448264932
233.0, 0.691359448264932
234.0, 0.691359448264932
235.0, 0.691359448264932
236.0, 0.691359448264932
237.0, 0.691359448264932
238.0, 0.691359448264932
239.0, 0.691359448264932
240.0, 0.691359448264932
241.0, 0.691359448264932
242.0, 0.691359448264932
243.0, 0.691359448264932
244.0, 0.691359448264932
245.0, 0.691359448264932
246.0, 0.691359448264932
247.0, 0.691359448264932
248.0, 0.691359448264932
249.0, 0.691359448264932
250.0, 0.691359448264932
251.0, 0.691359448264932
252.0, 0.691359448264932
253.0, 0.691359448264932
254.0, 0.691359448264932
255.0, 0.691359448264932
256.0, 0.691359448264932
257.0, 0.691359448264932
258.0, 0.691359448264932
259.0, 0.691359448264932
260.0, 0.691359448264932
261.0, 0.6964840367341467
262.0, 0.7017137163860514
263.0, 0.7070461552980019
264.0, 0.7124790462165035
265.0, 0.7180101089065539
266.0, 0.7236370922672185
267.0, 0.7293577762226429
268.0, 0.7351699733982973
269.0, 0.7410715305926938
270.0, 0.7470603300551256
271.0, 0.7531342905801586
272.0, 0.7592913684296793
273.0, 0.7655295580932728
274.0, 0.7718468928975997
275.0, 0.7782414454752498
276.0, 0.7847113281033122
277.0, 0.7912546929215982
278.0, 0.797869732040119
279.0, 0.8045546775450508
280.0, 0.811307801412017
281.0, 0.818127415335112
282.0, 0.8250118704796626
ee_dist
0.0, 1.5724916593203253
1.0, 1.6413375876765068
2.0, 1.7545911373210172
3.0, 1.8493039739389168
4.0, 1.8821198711718716
5.0, 1.9080215539019973
6.0, 1.9398534614490706
7.0, 1.971865877637761
8.0, 2.00514616643404
9.0, 2.0380469997182606
10.0, 2.0708923601435965
11.0, 2.101926207416925
12.0, 2.1321137984556255
13.0, 2.159784786957606
14.0, 2.1869855277268506
15.0, 2.2113536440958605
16.0, 2.2354772551199273
17.0, 2.25661340983077
18.0, 2.277909208522503
19.0, 2.296289879789011
20.0, 2.315234842370262
21.0, 2.2859383752060847
22.0, 2.24467670952615
23.0, 2.2003433173191977
24.0, 2.152480790758047
25.0, 2.101391653482444
26.0, 2.0472462560790587
27.0, 1.990408504863257
28.0, 1.9311222900105096
29.0, 1.869871355814307
30.0, 1.806997086733381
31.0, 1.7431240226489157
32.0, 1.6787305864958446
33.0, 1.6146096326218846
34.0, 1.5514215696368656
35.0, 1.4901715629745214
36.0, 1.4317572440749697
37.0, 1.3774092468061843
38.0, 1.3282560420677223
39.0, 1.2856317118771565
40.0, 1.2507778364776803
41.0, 1.2635313579662115
42.0, 1.1166293087037245
43.0, 0.7134741954797515
44.0, 0.6668037536472164
45.0, 0.6205810344083004
46.0, 0.5749859167564715
47.0, 0.5303029242667796
48.0, 0.48790867125260284
49.0, 0.4488938638746172
50.0, 0.415319824162649
51.0, 0.3895597469943646
52.0, 0.373873722483211
53.0, 0.36948005058807637
54.0, 0.3772833037278627
55.0, 0.39671778623303133
56.0, 0.4265218596775299
57.0, 0.4643333822164953
58.0, 0.4342565767610538
59.0, 0.3761880630115787
60.0, 0.321781978049281
61.0, 0.28337164221229805
62.0, 0.27813636609364456
63.0, 0.30949880614716235
64.0, 0.36259683606186904
65.0, 0.41750917125785164
66.0, 0.47460952223398356
67.0, 0.5312037135000824
68.0, 0.5818886981196926
69.0, 0.6306348773465558
70.0, 0.6775330829057135
71.0, 0.7231036523271173
72.0, 0.7672195575808644
73.0, 0.819732739839037
74.0, 0.8766784070274324
75.0, 0.9453696192225116
76.0, 1.0239907366766468
77.0, 1.1129055822354224
78.0, 1.2077088971906482
79.0, 1.3035687532481115
80.0, 1.3956774572349213
81.0, 1.4745254519677515
82.0, 1.5399433014937993
83.0, 1.605100076749078
84.0, 1.6665187146143734
85.0, 1.7263742054178592
86.0, 1.7748415061958382
87.0, 1.8033245891922571
88.0, 1.8324702651011113
89.0, 1.8710141679597097
90.0, 1.9197953073171037
91.0, 2.0010540227647398
92.0, 2.0907728247254243
93.0, 2.1903540127539913
94.0, 2.2943794488571156
95.0, 2.40096840999296
96.0, 2.5008501158144196
97.0, 2.591869769412143
98.0, 2.663686311904543
99.0, 2.733711389292458
100.0, 2.7993443496253385
101.0, 2.864512472505667
102.0, 2.926629351872549
103.0, 2.9896150413235363
104.0, 3.0511170019287817
105.0, 3.12075281127178
106.0, 3.192917263094985
107.0, 3.2736848467491226
108.0, 3.362885955653899
109.0, 3.4625096211798225
110.0, 3.566995464091044
111.0, 3.675596034326086
112.0, 3.7773974160177066
113.0, 3.8731969730886475
114.0, 3.9474975619846973
115.0, 4.0174484477279995
116.0, 4.083416732145812
117.0, 4.14858438079344
118.0, 4.210703403186856
119.0, 4.274980479322868
120.0, 4.335988493169499
121.0, 4.404866320875277
122.0, 4.477145319546438
123.0, 4.55485019216764
124.0, 4.643123454161575
125.0, 4.741511790060384
126.0, 4.787678238600713
127.0, 4.835502737702679
128.0, 4.880995753759207
129.0, 4.927525395213898
130.0, 4.971131991022868
131.0, 5.0152062427963715
132.0, 5.055825620046966
133.0, 5.096399168486355
134.0, 5.133052300552769
135.0, 5.169210155213776
136.0, 5.201049403959905
137.0, 5.23200955667522
138.0, 5.258321632067196
139.0, 5.283440271317635
140.0, 5.303653235558859
141.0, 5.32242674535495
142.0, 5.336106109828325
143.0, 4.682749625085021
144.0, 4.674569448318676
145.0, 4.6670574111291145
146.0, 4.664043675112084
147.0, 4.661701750898635
148.0, 4.663959650329127
149.0, 4.66686662580198
150.0, 4.674320547604832
151.0, 4.592362314102674
152.0, 4.512423674039845
153.0, 4.4306424885010465
154.0, 4.350886911012776
155.0, 4.269303188111295
156.0, 4.189752250568403
157.0, 4.108389243646472
158.0, 4.029067474034185
159.0, 3.9479526664828457
160.0, 3.868889102183683
161.0, 3.7880541113418946
162.0, 3.7092822708662996
163.0, 3.62876481268078
164.0, 3.550324423706068
165.0, 3.470168433459534
166.0, 3.3921066723130666
167.0, 3.402712904137512
168.0, 3.327641687085259
169.0, 3.2511039495975287
170.0, 3.176771085633921
171.0, 3.101041578144478
172.0, 3.027557432507158
173.0, 2.9527603341615913
174.0, 2.9693160637843863
175.0, 2.8990352930367376
176.0, 2.831181103208755
177.0, 2.849001803290943
178.0, 2.870358307377335
179.0, 2.892080060199134
180.0, 2.9167154420974004
181.0, 2.8698603388135187
182.0, 2.8460518896665197
183.0, 2.8225234466575317
184.0, 2.802149268192458
185.0, 2.7821921969184373
186.0, 2.7659795725432557
187.0, 2.750313853348578
188.0, 2.6764629698190636
189.0, 2.6628241213770125
190.0, 2.586310327235912
191.0, 2.508314605481359
192.0, 2.432583103358364
193.0, 2.3554634605327083
194.0, 2.280674363523995
195.0, 2.204615526447147
196.0, 2.1309730410871115
197.0, 2.056211729543541
198.0, 1.9839788816814607
199.0, 1.9108216258161157
200.0, 1.8403406901412258
201.0, 1.7691883580823562
202.0, 1.7009088924261764
203.0, 1.6322901576543427
204.0, 1.5668068855455342
205.0, 1.5014227995104616
206.0, 1.4395249648980903
207.0, 1.3742633257638643
208.0, 1.321279985578295
209.0, 1.2652016272202296
210.0, 1.213916889724791
211.0, 1.1650331360544146
212.0, 1.1214323888951685
213.0, 1.0960136054730971
214.0, 1.0501657030327147
215.0, 1.0079659362059794
216.0, 0.9831602453067462
217.0, 0.9587426982482039
218.0, 0.9374678322840592
219.0, 0.9168651030365909
220.0, 0.9002513207606648
221.0, 0.8846117717147336
222.0, 0.873679960620274
223.0, 0.8639931247548472
224.0, 0.8595031912663084
225.0, 0.8564357873527424
226.0, 0.858732159879818
227.0, 0.8624905998204611
228.0, 0.8714243740966034
229.0, 0.8705217817688414
230.0, 0.8714243740966034
231.0, 0.8705218028380651
232.0, 0.8714243740966034
233.0, 0.8705217817688414
234.0, 0.8714243740966034
235.0, 0.8705218028380651
236.0, 0.8714243740966034
237.0, 0.8705217817688414
238.0, 0.8714243740966034
239.0, 0.8705218028380651
240.0, 0.8714243740966034
241.0, 0.8705217817688414
242.0, 0.8714243740966034
243.0, 0.8778237266910635
244.0, 0.8887698583941934
245.0, 0.9010606753157586
246.0, 0.9158517780782774
247.0, 0.9318966784198778
248.0, 0.9502322680041454
249.0, 0.9695432447553737
250.0, 0.990906416337922
251.0, 1.0129442213402962
252.0, 1.0367192917986698
253.0, 1.0608338448159778
254.0, 1.0862982896372146
255.0, 1.1117511322290794
256.0, 1.1381349754987404
257.0, 1.1641826380350602
258.0, 1.1907635808284955
259.0, 1.2167414300691075
260.0, 1.2429311203935591
261.0, 1.2682722642812703
262.0, 1.2935656978208778
263.0, 1.265064494870808
264.0, 1.2296202049677243
265.0, 1.1923682621733682
266.0, 1.1530238821253038
267.0, 1.1117841511145852
268.0, 1.0686985724590925
269.0, 1.0239870752908071
270.0, 0.9777187143601175
271.0, 0.9301682639954802
272.0, 0.8814381567701948
273.0, 0.8318784729966584
274.0, 0.7816617958561438
275.0, 0.7312333475342244
276.0, 0.676493384589823
277.0, 0.6265336568593877
278.0, 0.5774819505664718
279.0, 0.530655751810069
280.0, 0.4842548692519717
281.0, 0.42501329262700366
282.0, 0.3765785508241035
ee_box_dist
0.0, 9.911268480720064
1.0, 9.909166671889436
2.0, 9.918368457838044
3.0, 9.952205545665668
4.0, 10.030582365980306
5.0, 10.178540640492615
6.0, 10.423780922083777
7.0, 10.794024282799649
8.0, 11.313001871699969
9.0, 11.998933172588464
10.0, 12.862522136895098
11.0, 13.907924487431101
12.0, 15.132715343692801
13.0, 16.531600433618028
14.0, 18.09608071462025
15.0, 19.81777061172715
16.0, 21.68729559165723
17.0, 23.69640324335717
18.0, 25.83708063833017
19.0, 28.102259736862592
20.0, 30.485458830735713
21.0, 33.0028799292879
22.0, 35.631497295172196
23.0, 38.358272181033946
24.0, 41.17835580650004
25.0, 44.08751510980033
26.0, 47.08140324763768
27.0, 50.15654129919553
28.0, 53.309263864064825
29.0, 56.53666591758344
30.0, 59.83560310844543
31.0, 63.203678354729504
32.0, 66.63817649856293
33.0, 70.13713170135418
34.0, 73.69819988090968
35.0, 77.31977398319388
36.0, 80.99979296458618
37.0, 84.73689569043185
38.0, 88.52932799924024
39.0, 92.37606935861162
40.0, 96.27560309126615
41.0, 100.30749226662195
42.0, 104.39125060656644
43.0, 108.52556281727455
44.0, 112.70857894202418
45.0, 116.93911115169028
46.0, 121.2154077225716
47.0, 125.53631890653568
48.0, 129.90023009485589
49.0, 134.30605874157933
50.0, 138.7523118071142
51.0, 143.23800585348653
52.0, 147.76165231741933
53.0, 152.32243633348313
54.0, 156.91897408484587
55.0, 161.5503315414519
56.0, 166.21535397199153
57.0, 170.91316176051203
58.0, 175.6426130423508
59.0, 180.40291351249093
60.0, 185.19300181722932
61.0, 190.01215124227076
62.0, 194.85932094433224
63.0, 199.73383211491688
64.0, 204.63472872168268
65.0, 209.56140761368877
66.0, 214.51290633589727
67.0, 219.48871380891876
68.0, 224.48790293373597
69.0, 229.5099183919567
70.0, 234.55400604561456
71.0, 239.61964291453222
72.0, 244.70603371144955
73.0, 249.8127796051128
74.0, 254.93908888337742
75.0, 260.0845503393347
76.0, 265.2484667191054
77.0, 270.4304748171371
78.0, 275.62991081618935
79.0, 280.84624680011
80.0, 286.0790956534105
81.0, 291.3281158732092
82.0, 296.5926782154103
83.0, 301.8724447201941
84.0, 307.16684968903843
85.0, 312.47564948786885
86.0, 317.83493986579913
87.0, 323.21376016500477
88.0, 328.58780329022494
89.0, 333.96810995903047
90.0, 339.35415878231885
91.0, 344.7505335178956
92.0, 350.15847310054295
93.0, 355.57778407134106
94.0, 361.00832085335054
95.0, 366.44950759213725
96.0, 371.90127557479747
97.0, 377.3631401342406
98.0, 382.83497114348773
99.0, 388.31628469753934
100.0, 393.80704172285266
101.0, 399.30669814078345
102.0, 404.81530616589805
103.0, 410.33229159920245
104.0, 415.8577372235299
105.0, 421.3909774286611
106.0, 426.932186817706
107.0, 432.4808219642831
108.0, 438.03696558249936
109.0, 443.6001054726166
110.0, 449.17032410372605
111.0, 454.74717063315205
112.0, 460.33063587272744
113.0, 465.92033031593013
114.0, 471.5163056686979
115.0, 477.1177060537556
116.0, 482.7258497092661
117.0, 488.3392591961105
118.0, 493.95813517074316
119.0, 499.58223121247397
120.0, 505.2115958459267
121.0, 510.8458709862777
122.0, 516.4851689278571
123.0, 522.1289794387525
124.0, 527.7775671945053
125.0, 533.4304526968265
126.0, 539.0877479439943
127.0, 544.7491567213585
128.0, 550.4147909131258
129.0, 556.0842325144729
130.0, 561.7576541429432
131.0, 567.4346991281244
132.0, 573.1154790717356
133.0, 578.7997593571552
134.0, 584.487407433176
135.0, 590.1782499411258
136.0, 595.872581230058
137.0, 601.569862067066
138.0, 607.270264764142
139.0, 612.9735552595638
140.0, 618.6798446191212
141.0, 624.3887769962524
142.0, 630.1004634774331
143.0, 635.9952337484851
144.0, 641.7116737732521
145.0, 647.4305873994888
146.0, 653.1519010685295
147.0, 658.8755051892895
148.0, 664.6015185740608
149.0, 670.3296391647947
150.0, 676.0599942115931
151.0, 681.7920811079633
152.0, 687.5263385480059
153.0, 693.262451754055
154.0, 699.0005502931003
155.0, 704.7403818332024
156.0, 710.4821966936435
157.0, 716.2256828840616
158.0, 721.9708453365696
159.0, 727.7176785339788
160.0, 733.4661861798121
161.0, 739.2161199196191
162.0, 744.9677874144979
163.0, 750.720758459058
164.0, 756.4751564674476
165.0, 762.2310406788694
166.0, 767.9882282311455
167.0, 773.7466104002323
168.0, 779.5063816976696
169.0, 785.2672713751646
170.0, 791.029464875201
171.0, 796.7926543482669
172.0, 802.5570849409763
173.0, 808.3225111939031
174.0, 814.0892210774675
175.0, 819.8566839632025
176.0, 825.6252658724015
177.0, 831.3948852687461
178.0, 837.1655689690124
179.0, 842.9370674303736
180.0, 848.7095736654053
181.0, 854.4823190263122
182.0, 860.2568855832895
183.0, 866.032260649226
184.0, 871.808572160228
185.0, 877.5854470462938
186.0, 883.3630683058724
187.0, 889.1415574559446
188.0, 894.9201889403666
189.0, 900.6997907013223
190.0, 906.4800298786286
191.0, 912.2606535485127
192.0, 918.0418956529818
193.0, 923.8238273138114
194.0, 929.606193425985
195.0, 935.389371080373
196.0, 941.1729213008502
197.0, 946.957160932467
198.0, 952.7418333415137
199.0, 958.5270730423632
200.0, 964.3127447293843
201.0, 970.0990446979496
202.0, 975.8855317588195
203.0, 981.6728911997816
204.0, 987.4603149314537
205.0, 993.2483668888494
206.0, 999.0368486238675
207.0, 1004.8268862740581
208.0, 1010.6148638471583
209.0, 1016.4043255561578
210.0, 1022.1943682722741
211.0, 1027.9847378009854
212.0, 1033.7753520318688
213.0, 1039.5659907996387
214.0, 1045.356670863378
215.0, 1051.1492004705217
216.0, 1056.9420268566066
217.0, 1062.7347406183967
218.0, 1068.5275597398788
219.0, 1074.3202651657286
220.0, 1080.11307065999
221.0, 1085.9057620703668
222.0, 1091.7002576020209
223.0, 1097.4950050604004
224.0, 1103.2897210545023
225.0, 1109.0844446199608
226.0, 1114.8791332445912
227.0, 1120.6737071298296
228.0, 1126.4684875339158
229.0, 1132.2629369034105
230.0, 1138.0576096026368
231.0, 1143.8536494960713
232.0, 1149.6502787719173
233.0, 1155.4468102464475
234.0, 1161.243443164634
235.0, 1167.039978089468
236.0, 1172.8366143080561
237.0, 1178.6331523460517
238.0, 1184.429792003957
239.0, 1190.2263332986463
240.0, 1196.0229760617947
241.0, 1201.8195202835504
242.0, 1207.6161662983443
243.0, 1213.4245187786948
244.0, 1219.2512852440098
245.0, 1225.0762582750663
246.0, 1230.9005941046728
247.0, 1236.7236566256402
248.0, 1242.5457788684796
249.0, 1248.3663907244543
250.0, 1254.1858483985902
251.0, 1260.0037268021983
252.0, 1265.8202470993747
253.0, 1271.6351171198155
254.0, 1277.4486596506679
255.0, 1283.2605350893273
256.0, 1289.070879285997
257.0, 1294.8796827746958
258.0, 1300.686796160047
259.0, 1306.4925069351714
260.0, 1312.2964300532933
261.0, 1318.0991185805483
262.0, 1323.8999983061558
263.0, 1329.719217811317
264.0, 1335.5420683571238
265.0, 1341.3602779426406
266.0, 1347.1739260530378
267.0, 1352.9829470754405
268.0, 1358.7871483375482
269.0, 1364.5865628917575
270.0, 1370.381059240968
271.0, 1376.1707593497451
272.0, 1381.9555931852613
273.0, 1387.7357750796004
274.0, 1393.5112955795837
275.0, 1399.2824572949667
276.0, 1405.0488538810807
277.0, 1410.8116994809366
278.0, 1416.570795866688
279.0, 1422.3265406271005
280.0, 1428.0790490675406
281.0, 1433.8426143736267
282.0, 1439.5917979348033
spot_hold
0, 0
1, 0
2, 0
3, 0
4, 0
5, 0
6, 0
7, 0
8, 0
9, 0
10, 0
11, 0
12, 0
13, 0
14, 0
15, 0
16, 0
17, 0
18, 0
19, 0
20, 0
21, 0
22, 0
23, 0
24, 0
25, 0
26, 0
27, 0
28, 0
29, 0
30, 0
31, 0
32, 0
33, 0
34, 0
35, 0
36, 0
37, 0
38, 0
39, 0
40, 0
41, 1
42, 1
43, 1
44, 1
45, 1
46, 1
47, 1
48, 1
49, 1
50, 1
51, 1
52, 1
53, 1
54, 1
55, 1
56, 1
57, 1
58, 1
59, 1
60, 1
61, 1
62, 1
63, 1
64, 1
65, 1
66, 1
67, 1
68, 1
69, 1
70, 1
71, 1
72, 1
73, 1
74, 1
75, 1
76, 1
77, 1
78, 1
79, 1
80, 1
81, 1
82, 1
83, 1
84, 1
85, 1
86, 1
87, 1
88, 1
89, 1
90, 1
91, 1
92, 1
93, 1
94, 1
95, 1
96, 1
97, 1
98, 1
99, 1
100, 1
101, 1
102, 1
103, 1
104, 1
105, 1
106, 1
107, 1
108, 1
109, 1
110, 1
111, 1
112, 1
113, 1
114, 1
115, 1
116, 1
117, 1
118, 1
119, 1
120, 1
121, 1
122, 1
123, 1
124, 1
125, 1
126, 1
127, 1
128, 1
129, 1
130, 1
131, 1
132, 1
133, 1
134, 1
135, 1
136, 1
137, 1
138, 1
139, 1
140, 1
141, 1
142, 1
143, 1
144, 1
145, 1
146, 1
147, 1
148, 1
149, 1
150, 1
151, 1
152, 1
153, 1
154, 1
155, 1
156, 1
157, 1
158, 1
159, 1
160, 1
161, 1
162, 1
163, 1
164, 1
165, 1
166, 1
167, 1
168, 1
169, 1
170, 1
171, 1
172, 1
173, 1
174, 1
175, 1
176, 1
177, 1
178, 1
179, 1
180, 1
181, 1
182, 1
183, 1
184, 1
185, 1
186, 1
187, 1
188, 1
189, 1
190, 1
191, 1
192, 1
193, 1
194, 1
195, 1
196, 1
197, 1
198, 1
199, 1
200, 1
201, 1
202, 1
203, 1
204, 1
205, 1
206, 1
207, 1
208, 1
209, 1
210, 1
211, 1
212, 1
213, 1
214, 1
215, 1
216, 1
217, 1
218, 1
219, 1
220, 1
221, 1
222, 1
223, 1
224, 1
225, 1
226, 1
227, 1
228, 1
229, 1
230, 1
231, 1
232, 1
233, 1
234, 1
235, 1
236, 1
237, 1
238, 1
239, 1
240, 1
241, 1
242, 1
243, 1
244, 1
245, 1
246, 1
247, 1
248, 1
249, 1
250, 1
251, 1
252, 1
253, 1
254, 1
255, 1
256, 1
257, 1
258, 1
259, 1
260, 1
261, 1
262, 1
263, 1
264, 1
265, 1
266, 1
267, 1
268, 1
269, 1
270, 1
271, 1
272, 1
273, 1
274, 1
275, 1
276, 1
277, 1
278, 1
279, 1
280, 1
281, 1
282, 1
