bot_dist
0.0, 3.56928877348766
1.0, 3.5754990405553504
2.0, 3.581726459278814
3.0, 3.587970940350854
4.0, 3.5942323948410686
5.0, 3.6005107341967846
6.0, 3.606805870243934
7.0, 3.6131177151878777
8.0, 3.619446181614166
9.0, 3.6257911824892495
10.0, 3.6321526311611345
11.0, 3.6385304413599786
12.0, 3.6449245271986435
13.0, 3.6513348031731914
14.0, 3.6577611841633244
15.0, 3.6642035854327877
16.0, 3.670661922629709
17.0, 3.6771361117869032
18.0, 3.683626069322117
19.0, 3.6901317120382355
20.0, 3.6966529571234434
21.0, 3.7031897221513366
22.0, 3.7097419250809907
23.0, 3.716309484256992
24.0, 3.722892318409418
25.0, 3.7294903466537845
26.0, 3.736103488490945
27.0, 3.742731663806956
28.0, 3.7493747928728984
29.0, 3.756032796344666
30.0, 3.762705595262709
31.0, 3.7693931110517505
32.0, 3.7760952655204583
33.0, 3.782811980861087
34.0, 3.7895431796490806
35.0, 3.7962887848426496
36.0, 3.8030487197823053
37.0, 3.809822908190368
38.0, 3.816611274170442
39.0, 3.82341374220686
40.0, 3.830230237164097
41.0, 3.8370606842861554
42.0, 3.8439050091959177
43.0, 3.8507631378944787
44.0, 3.857634996760441
45.0, 3.864520512549189
46.0, 3.8714196123921387
47.0, 3.878332223795956
48.0, 3.8852582746417514
49.0, 3.892197693184256
50.0, 3.899150408050967
51.0, 3.9061163482412717
52.0, 3.9130954431255525
53.0, 3.920087622444265
54.0, 3.927092816306998
55.0, 3.9341109551915103
56.0, 3.9411419699427497
57.0, 3.9481857917718495
58.0, 3.9552423522551083
59.0, 3.9623115833329505
60.0, 3.9693934173088654
61.0, 3.9764877868483337
62.0, 3.9835946249777354
63.0, 3.9907138650832357
64.0, 3.997845440909663
65.0, 4.004989286559367
66.0, 4.012145336491061
67.0, 4.019313525518651
68.0, 4.026493788810048
69.0, 4.03368606188597
70.0, 4.040890280618731
71.0, 4.048106381231013
72.0, 4.055334300294625
73.0, 4.062573974729256
74.0, 4.069825341801215
75.0, 4.07708833912215
76.0, 4.084362904647771
77.0, 4.091648976676551
78.0, 4.098946493848426
79.0, 4.106255395143471
80.0, 4.113575619880587
81.0, 4.12090710771616
82.0, 4.128249798642727
83.0, 4.13560363298762
84.0, 4.14296855141161
85.0, 4.150344494907544
86.0, 4.157731404798971
87.0, 4.165129222738765
88.0, 4.172537890707735
89.0, 4.179957351013241
90.0, 4.187387546287783
91.0, 4.194828419487613
92.0, 4.202279913891315
93.0, 4.209741973098398
94.0, 4.217214541027869
95.0, 4.224697561916822
96.0, 4.232190980319003
97.0, 4.239694741103377
98.0, 4.2472087894527
99.0, 4.254733070862077
100.0, 4.262267531137521
101.0, 4.262267531137521
102.0, 4.262267531137521
103.0, 4.262267531137521
104.0, 4.262267531137521
105.0, 4.262267531137521
106.0, 4.262267531137521
107.0, 4.262267531137521
108.0, 4.262267531137521
109.0, 4.262267531137521
110.0, 4.262267531137521
111.0, 4.262267531137521
112.0, 4.262267531137521
113.0, 4.262267531137521
114.0, 4.262267531137521
115.0, 4.262267531137521
116.0, 4.262267531137521
117.0, 4.262267531137521
118.0, 4.262267531137521
119.0, 4.262267531137521
120.0, 4.262267531137521
121.0, 4.262267531137521
122.0, 4.262267531137521
123.0, 4.262267531137521
124.0, 4.262267531137521
125.0, 4.262267531137521
126.0, 4.262267531137521
127.0, 4.262267531137521
128.0, 4.262267531137521
129.0, 4.262267531137521
130.0, 4.262267531137521
131.0, 4.254733070862077
132.0, 4.2472087894527
133.0, 4.239694741103377
134.0, 4.232190980319003
135.0, 4.224697561916822
136.0, 4.217214541027869
137.0, 4.209741973098398
138.0, 4.202279913891315
139.0, 4.194828419487613
140.0, 4.187387546287783
141.0, 4.179957351013241
142.0, 4.172537890707735
143.0, 4.1690245797232
144.0, 4.161633686267378
145.0, 4.154253715245753
146.0, 4.146884724972397
147.0, 4.1395267740895445
148.0, 4.132179921568942
149.0, 4.124844226713217
150.0, 4.1175197491572195
151.0, 4.027947464072527
152.0, 3.9383886121204865
153.0, 3.848844090707809
154.0, 3.7593149672247983
155.0, 3.669802368623171
156.0, 3.580307534337233
157.0, 3.490831830644318
158.0, 3.4013767672774855
159.0, 3.3119440167126006
160.0, 3.222535436644511
161.0, 3.1331530962831584
162.0, 3.04379930724674
163.0, 2.9544766600145285
164.0, 2.865188067138586
165.0, 2.775936814717506
166.0, 2.686726624028295
167.0, 2.6791855890046494
168.0, 2.588972539324463
169.0, 2.4987769043418018
170.0, 2.4086004669548937
171.0, 2.318445467248725
172.0, 2.228314507255311
173.0, 2.1382106269800207
174.0, 2.130657731285077
175.0, 2.040124339739218
176.0, 1.9496333703750175
177.0, 1.9421372252410598
178.0, 1.934663723770301
179.0, 1.9272131293909927
180.0, 1.9197857088070556
181.0, 1.834127247778944
182.0, 1.8268504063065882
183.0, 1.8195994209216653
184.0, 1.812374601960892
185.0, 1.805176263600282
186.0, 1.7980047238862804
187.0, 1.7908603047662353
188.0, 1.783743332118155
189.0, 1.776654135779689
190.0, 1.690253256923853
191.0, 1.6831268264249686
192.0, 1.5992620845018548
193.0, 1.5158505573064107
194.0, 1.4329713902636716
195.0, 1.35072258240149
196.0, 1.2692266858097516
197.0, 1.1886385747572592
198.0, 1.109156138195807
199.0, 1.0310351169872978
200.0, 0.9546098061992091
201.0, 0.8803219568938846
202.0, 0.8087607863604486
203.0, 0.7407169954755798
204.0, 0.677251593785851
205.0, 0.6197726770773996
206.0, 0.570093867082434
207.0, 0.5304114057836873
208.0, 0.5030963104147724
209.0, 0.49411863360191133
210.0, 0.48833057466365226
211.0, 0.49795818141906295
212.0, 0.49061474087119217
213.0, 0.48336662803359115
214.0, 0.47621819563258144
215.0, 0.4691739999457233
216.0, 0.46223880648114984
217.0, 0.45541759499134066
218.0, 0.44871556364450543
219.0, 0.44213813215379416
220.0, 0.4356909436408063
221.0, 0.4293798649859084
222.0, 0.42321098539445795
223.0, 0.41719061288613585
224.0, 0.4113252683954655
225.0, 0.4056216771567125
226.0, 0.40008675703749214
227.0, 0.39472760348455577
228.0, 0.3895514707546034
229.0, 0.38456574912493047
230.0, 0.37977793781563157
231.0, 0.37977793781563157
232.0, 0.37977793781563157
233.0, 0.37977793781563157
234.0, 0.37977793781563157
235.0, 0.37977793781563157
236.0, 0.37977793781563157
237.0, 0.37977793781563157
238.0, 0.37977793781563157
239.0, 0.37977793781563157
240.0, 0.37977793781563157
241.0, 0.37977793781563157
242.0, 0.37977793781563157
243.0, 0.37977793781563157
244.0, 0.37977793781563157
245.0, 0.37977793781563157
246.0, 0.37977793781563157
247.0, 0.37977793781563157
248.0, 0.37977793781563157
249.0, 0.37977793781563157
250.0, 0.37977793781563157
251.0, 0.37977793781563157
252.0, 0.37977793781563157
253.0, 0.37977793781563157
254.0, 0.37977793781563157
255.0, 0.37977793781563157
256.0, 0.37977793781563157
257.0, 0.37977793781563157
258.0, 0.37977793781563157
259.0, 0.37977793781563157
260.0, 0.37977793781563157
261.0, 0.38456574912493047
262.0, 0.3895514707546034
263.0, 0.39472760348455577
264.0, 0.40008675703749214
265.0, 0.4056216771567125
266.0, 0.4113252683954655
267.0, 0.41719061288613585
268.0, 0.42321098539445795
269.0, 0.4293798649859084
270.0, 0.4356909436408063
271.0, 0.44213813215379416
272.0, 0.44871556364450543
273.0, 0.45541759499134066
274.0, 0.46223880648114984
275.0, 0.4691739999457233
276.0, 0.47621819563258144
277.0, 0.48336662803359115
278.0, 0.49061474087119217
279.0, 0.49795818141906295
280.0, 0.5053927943122896
281.0, 0.5129146149817907
282.0, 0.5205198628290599
ee_dist
0.0, 0.8787721814651703
1.0, 0.8797036720285897
2.0, 0.9526299545019451
3.0, 1.0272948239400654
4.0, 1.0529746628531522
5.0, 1.0781228419108304
6.0, 1.113207054778838
7.0, 1.1498351339212993
8.0, 1.1864082597919476
9.0, 1.222073529784196
10.0, 1.2571126205044174
11.0, 1.2898604627783725
12.0, 1.3212337790660904
13.0, 1.349788238304644
14.0, 1.377492211924787
15.0, 1.4022190767535465
16.0, 1.4264366767052967
17.0, 1.4476045662942059
18.0, 1.4687415858229749
19.0, 1.4869608502159846
20.0, 1.5055920062186636
21.0, 1.4825752568952237
22.0, 1.4496165286244211
23.0, 1.4137897144465954
24.0, 1.3746005638748626
25.0, 1.3322218417078464
26.0, 1.2866525755855296
27.0, 1.238091817518179
28.0, 1.1865577761502555
29.0, 1.132316450950669
30.0, 1.075416396093313
31.0, 1.0162029991015222
32.0, 0.9547764763533355
33.0, 0.8915852281426235
34.0, 0.8268307485866226
35.0, 0.7611546294489565
36.0, 0.6950017829507443
37.0, 0.629410158418094
38.0, 0.5647841497224371
39.0, 0.5042634708619286
40.0, 0.44929530257009936
41.0, 0.46491019298029357
42.0, 0.706613797949924
43.0, 1.227768382298987
44.0, 1.188151961825354
45.0, 1.1466692708914834
46.0, 1.1028052220503295
47.0, 1.0566845079266625
48.0, 1.0082300906472725
49.0, 0.9575909187034314
50.0, 0.9051750261774096
51.0, 0.8515388323505146
52.0, 0.7968331522190907
53.0, 0.7411380736075746
54.0, 0.6845384976401908
55.0, 0.6271692719782843
56.0, 0.5699126369818385
57.0, 0.5130214141253142
58.0, 0.5666447686138334
59.0, 0.6416511045345028
60.0, 0.7254249953362344
61.0, 0.817557897989732
62.0, 0.9124671303407859
63.0, 1.0050472799615233
64.0, 1.0912916181494445
65.0, 1.1577415614232258
66.0, 1.2138551858187272
67.0, 1.2711750103145456
68.0, 1.323911301920804
69.0, 1.3762319788918438
70.0, 1.428988072752261
71.0, 1.4800898748634552
72.0, 1.5364181885060564
73.0, 1.5979902727824087
74.0, 1.6643167365319416
75.0, 1.741710866321753
76.0, 1.828327661943319
77.0, 1.924284671848281
78.0, 2.0244123222126547
79.0, 2.1235351190414864
80.0, 2.217265409911636
81.0, 2.2957177744265014
82.0, 2.3591551583878427
83.0, 2.421459709417892
84.0, 2.4813636264607988
85.0, 2.5405893411897518
86.0, 2.589357459936931
87.0, 2.617700969348349
88.0, 2.648315348905403
89.0, 2.6879171579422465
90.0, 2.7379991662842134
91.0, 2.8224598577722286
92.0, 2.9158637264843152
93.0, 3.0180971399303935
94.0, 3.1254105585551257
95.0, 3.2335078331520295
96.0, 3.3346695573659484
97.0, 3.4249848336923416
98.0, 3.496939895861717
99.0, 3.5646922724893813
100.0, 3.629649284260421
101.0, 3.6934004060771644
102.0, 3.7565676147012246
103.0, 3.8196680454194007
104.0, 3.8827920063769628
105.0, 3.9527058253480525
106.0, 4.027384850693414
107.0, 4.109109262573323
108.0, 4.200212044671207
109.0, 4.300551983658695
110.0, 4.407602789823062
111.0, 4.516811595648546
112.0, 4.61930105268835
113.0, 4.714248556127886
114.0, 4.789107139376713
115.0, 4.858252129865017
116.0, 4.901293318377402
117.0, 4.946067844623982
118.0, 4.989829939873193
119.0, 5.032389269068824
120.0, 5.072344033509956
121.0, 5.114307820518873
122.0, 5.153443709483361
123.0, 5.182626356673622
124.0, 5.213731387280207
125.0, 5.2429242070517255
126.0, 5.268895973852481
127.0, 5.2923282323715926
128.0, 5.312558863244212
129.0, 5.329856375797311
130.0, 5.343047206971085
131.0, 5.353323202499323
132.0, 5.360595155548295
133.0, 5.3646436493664025
134.0, 5.3639374538342794
135.0, 5.360679539334795
136.0, 5.353910442553439
137.0, 5.3438591668818916
138.0, 5.329857401068909
139.0, 5.3131877795416145
140.0, 5.293107616317522
141.0, 5.270146348443273
142.0, 5.243586302671576
143.0, 4.623977759366147
144.0, 4.611634400300304
145.0, 4.601459737680852
146.0, 4.594565735607983
147.0, 4.58975843755632
148.0, 4.587265209542268
149.0, 4.587188253903969
150.0, 4.590936573593316
151.0, 4.508189094644857
152.0, 4.425327277803974
153.0, 4.342172497404073
154.0, 4.260305153192637
155.0, 4.17763855426781
156.0, 4.094916661366224
157.0, 4.011944488744267
158.0, 3.9301321849339024
159.0, 3.8476485280553456
160.0, 3.765003494955603
161.0, 3.682044990088481
162.0, 3.600538557246377
163.0, 3.5181174544428675
164.0, 3.4357841517848615
165.0, 3.353339622717741
166.0, 3.2717164440166475
167.0, 3.27859798890157
168.0, 3.198125868507483
169.0, 3.117502231077328
170.0, 3.0380347287286877
171.0, 2.9582984646293555
172.0, 2.878178621693343
173.0, 2.797997635842046
174.0, 2.809841991039654
175.0, 2.733101455201107
176.0, 2.6572354160613463
177.0, 2.6708957430085656
178.0, 2.687557665908643
179.0, 2.705719307766922
180.0, 2.7265072716228014
181.0, 2.668398797510856
182.0, 2.6477424112576053
183.0, 2.6284212396819737
184.0, 2.611915330197617
185.0, 2.5970221894943553
186.0, 2.5852303053793704
187.0, 2.5752061968157407
188.0, 2.568703626467775
189.0, 2.5641750167388957
190.0, 2.481473666796925
191.0, 2.4793874399259224
192.0, 2.396738289296552
193.0, 2.313573520881392
194.0, 2.230147602611053
195.0, 2.1465389205917145
196.0, 2.0641094886541005
197.0, 1.980957618054859
198.0, 1.8976414794367809
199.0, 1.8140164080742378
200.0, 1.7317650207240185
201.0, 1.648636389571157
202.0, 1.5655139189652116
203.0, 1.4822209931838315
204.0, 1.399933273294606
205.0, 1.315871228265186
206.0, 1.2341359053398873
207.0, 1.1512458550980709
208.0, 1.0689233238914746
209.0, 1.0711647387341448
210.0, 0.989726325604886
211.0, 0.908398673597877
212.0, 0.9154493437530382
213.0, 0.9252025633502612
214.0, 0.9249069389320661
215.0, 0.9244388409346705
216.0, 0.9251439038725457
217.0, 0.9250694419513068
218.0, 0.9249193677859483
219.0, 0.9245650829814019
220.0, 0.9251458013035369
221.0, 0.9251615386905662
222.0, 0.9248979208064487
223.0, 0.9242967834819334
224.0, 0.9251493279580177
225.0, 0.924969044750948
226.0, 0.9251554640793176
227.0, 0.9247110568374175
228.0, 0.9251547298303961
229.0, 0.9249749837994353
230.0, 0.9249313077198719
231.0, 0.9246767001536874
232.0, 0.9251502092771383
233.0, 0.9251753919433939
234.0, 0.9249129651513438
235.0, 0.9244910702346815
236.0, 0.9251436078811396
237.0, 0.9251084009587667
238.0, 0.9171762615582827
239.0, 0.9262438752417265
240.0, 0.9311709401909622
241.0, 0.9232268100945662
242.0, 0.9250720904410706
243.0, 0.9307252649724844
244.0, 0.9426640172730766
245.0, 0.9535023913214086
246.0, 0.9676583942046689
247.0, 0.983008206821437
248.0, 1.0005849517983814
249.0, 1.019158474797944
250.0, 1.0397552556579126
251.0, 1.061068630158042
252.0, 1.0841232658771833
253.0, 1.10756685571255
254.0, 1.132387970688632
255.0, 1.1572504550753988
256.0, 1.193843613443697
257.0, 1.2220774239203047
258.0, 1.2509063993412
259.0, 1.2882155513087068
260.0, 1.2774731473733059
261.0, 1.292346556508466
262.0, 1.3160573949916443
263.0, 1.2782797484180077
264.0, 1.2391188711545207
265.0, 1.1987412813654321
266.0, 1.156875943985394
267.0, 1.114253868407701
268.0, 1.0697863142960835
269.0, 1.0240812879157783
270.0, 0.979552206238446
271.0, 0.9323762704986557
272.0, 0.8836866794969391
273.0, 0.8334875212018116
274.0, 0.7867731551437794
275.0, 0.7367808346343729
276.0, 0.6870948040557087
277.0, 0.6436751129363053
278.0, 0.6029584011580476
279.0, 0.5598532197396131
280.0, 0.5250487877522072
281.0, 0.49650811664390143
282.0, 0.474563963863815
ee_box_dist
0.0, 2.3412357154861656
1.0, 2.355157425273681
2.0, 2.41473033018926
3.0, 2.5259203109641137
4.0, 2.528817867174476
5.0, 2.554708211545194
6.0, 2.571040260673035
7.0, 2.5868580671192967
8.0, 2.6024624170094666
9.0, 2.6180871465343563
10.0, 2.6337125968218587
11.0, 2.6490629337086538
12.0, 2.6641788806246867
13.0, 2.6787134525686773
14.0, 2.6930359646891047
15.0, 2.7065264365717265
16.0, 2.719856716390343
17.0, 2.732079370852939
18.0, 2.744319047754796
19.0, 2.7553034171414694
20.0, 2.766509050241727
21.0, 2.7613321158605078
22.0, 2.7529764304949635
23.0, 2.7425335627580205
24.0, 2.7298831435878617
25.0, 2.7151546114817102
26.0, 2.6983751288763393
27.0, 2.6797137096514865
28.0, 2.6592276769809007
29.0, 2.6371397706791604
30.0, 2.613540301930209
31.0, 2.588706115519183
32.0, 2.562824635125667
33.0, 2.536312596581265
34.0, 2.5094917336569855
35.0, 2.4825985752890944
36.0, 2.4558684793241263
37.0, 2.4290363133943487
38.0, 2.416911456698919
39.0, 2.4212116135115664
40.0, 2.4129411972359627
41.0, 2.4158539514882977
42.0, 2.418639903983415
43.0, 2.421488993616721
44.0, 2.4241555410936315
45.0, 2.426927555567279
46.0, 2.4295155317839994
47.0, 2.43223608226969
48.0, 2.434827329425221
49.0, 2.4375370020886926
50.0, 2.440245768948934
51.0, 2.4430285553946183
52.0, 2.445924572924922
53.0, 2.448810490263543
54.0, 2.451756577112233
55.0, 2.454488870321727
56.0, 2.4570790644498466
57.0, 2.459306517726768
58.0, 2.461292173605901
59.0, 2.462967121619611
60.0, 2.4643512060875374
61.0, 2.465524489561116
62.0, 2.466390066384465
63.0, 2.4670766924004783
64.0, 2.4674976949083733
65.0, 2.467770791211718
66.0, 2.467852625964319
67.0, 2.46781015519047
68.0, 2.467604771933074
69.0, 2.4672576544400004
70.0, 2.466741962638107
71.0, 2.46607662647655
72.0, 2.4652423631395313
73.0, 2.464262234505157
74.0, 2.4631124763790364
75.0, 2.4618203961565097
76.0, 2.4603615545442192
77.0, 2.4587632551555525
78.0, 2.4569993404854964
79.0, 2.4550988377442486
80.0, 2.4530342985747753
81.0, 2.4508352988800644
82.0, 2.4484739773599515
83.0, 2.4459802386194722
84.0, 2.4433265418732684
85.0, 2.4405425514751244
86.0, 2.4532666842677218
87.0, 2.4751325842028766
88.0, 2.4909523382728156
89.0, 2.503789085493803
90.0, 2.512816368096327
91.0, 2.51243194615428
92.0, 2.5125833217766385
93.0, 2.5124845691807107
94.0, 2.512586868723488
95.0, 2.5124055838505153
96.0, 2.5125803716297153
97.0, 2.512538249679756
98.0, 2.512476029411553
99.0, 2.5123792121669513
100.0, 2.5125785423049383
101.0, 2.5126285607901044
102.0, 2.5124653870438887
103.0, 2.512264496021034
104.0, 2.5125740450323715
105.0, 2.512560612285247
106.0, 2.5124737036201785
107.0, 2.512395171296077
108.0, 2.5125789274830153
109.0, 2.5126048595100445
110.0, 2.512470143716008
111.0, 2.512311600658475
112.0, 2.5125748430055843
113.0, 2.51259563050902
114.0, 2.512466971576958
115.0, 2.511282613803208
116.0, 2.5126952290053692
117.0, 2.5125784738829786
118.0, 2.5124731865376786
119.0, 2.5123447557158753
120.0, 2.512576031399723
121.0, 2.5110957877679043
122.0, 2.509886955257236
123.0, 2.5123577476678607
124.0, 2.512510682570553
125.0, 2.512484040638701
126.0, 2.512573475052723
127.0, 2.512540378647858
128.0, 2.512475375752253
129.0, 2.5123740036354243
130.0, 2.512577832640393
131.0, 2.5126364598275086
132.0, 2.5124639296829328
133.0, 2.512247973348302
134.0, 2.5125734897255656
135.0, 2.5125491925600114
136.0, 2.512473259736368
137.0, 2.5124228205199466
138.0, 2.5125815278146826
139.0, 2.512518636075663
140.0, 2.5124764903706405
141.0, 2.512414618918615
142.0, 2.5125806909338215
143.0, 2.835990559528969
144.0, 2.811463302571722
145.0, 2.786284255996662
146.0, 2.76015762252859
147.0, 2.73373290220622
148.0, 2.7069212701275203
149.0, 2.680008265271659
150.0, 2.6531144097537758
151.0, 2.6507228030263317
152.0, 2.6508465957657754
153.0, 2.653708436543602
154.0, 2.659116259781642
155.0, 2.667173260900482
156.0, 2.6777125435576137
157.0, 2.69094450214038
158.0, 2.706472278617191
159.0, 2.7246056454723813
160.0, 2.7450888165931975
161.0, 2.7681364253032026
162.0, 2.7930875049859942
163.0, 2.8205582396387774
164.0, 2.850106565540948
165.0, 2.881927933894596
166.0, 2.915443160579206
167.0, 2.8903320191698216
168.0, 2.9204206697972652
169.0, 2.952765294567224
170.0, 2.9866633322819265
171.0, 3.022677619105055
172.0, 3.060698078591135
173.0, 3.1007310150507092
174.0, 3.075809975821547
175.0, 3.111954611201502
176.0, 3.149627422925331
177.0, 3.124910642361638
178.0, 3.0990149158450224
179.0, 3.07273023095321
180.0, 3.0456956866082154
181.0, 3.062011910279505
182.0, 3.088679353483855
183.0, 3.1150333328411484
184.0, 3.140328314081676
185.0, 3.1650836230146115
186.0, 3.188404808788506
187.0, 3.211029114803652
188.0, 3.2317771052782227
189.0, 3.2516121439063888
190.0, 3.311219750900332
191.0, 3.329377099980063
192.0, 3.393487295706859
193.0, 3.4588303767743587
194.0, 3.5250703706234936
195.0, 3.5922588878764223
196.0, 3.6591894560535017
197.0, 3.7273713893814384
198.0, 3.7962161377798167
199.0, 3.865988338631089
200.0, 3.9351930372461372
201.0, 4.005671108134535
202.0, 4.076580154211438
203.0, 4.14821215440801
204.0, 4.2194381761879125
205.0, 4.292621891369601
206.0, 4.36433715739473
207.0, 4.437453784146131
208.0, 4.510488652175356
209.0, 4.522425567616755
210.0, 4.598465796504104
211.0, 4.675058961448319
212.0, 4.683950770065906
213.0, 4.69120837553587
214.0, 4.6914580063390865
215.0, 4.691965361639622
216.0, 4.691244899260456
217.0, 4.691353790995164
218.0, 4.6914468547031465
219.0, 4.691842912919021
220.0, 4.691239792111805
221.0, 4.691262562363399
222.0, 4.6914637989373755
223.0, 4.692103812083938
224.0, 4.691243034467813
225.0, 4.6914530802589836
226.0, 4.69122200998008
227.0, 4.69170069105573
228.0, 4.69122725775424
229.0, 4.691443604792963
230.0, 4.691436215830826
231.0, 4.6917342272796105
232.0, 4.691233099876641
233.0, 4.691234933632659
234.0, 4.691453111927277
235.0, 4.6919145337993005
236.0, 4.691243963473231
237.0, 4.691315210074709
238.0, 4.69402421017796
239.0, 4.677877599365258
240.0, 4.684224351557029
241.0, 4.693318733119468
242.0, 4.691321330823406
243.0, 4.6903059109252885
244.0, 4.689020321813226
245.0, 4.688343945038349
246.0, 4.685123723403145
247.0, 4.680728600207721
248.0, 4.674209707488432
249.0, 4.666368052131399
250.0, 4.656287343949126
251.0, 4.644910620200253
252.0, 4.631295815737079
253.0, 4.616581760816639
254.0, 4.599753483430525
255.0, 4.582134260023689
256.0, 4.553213178688744
257.0, 4.53112404973362
258.0, 4.5072100354560805
259.0, 4.474356414045368
260.0, 4.520178440144953
261.0, 4.519070441339661
262.0, 4.503800278944223
263.0, 4.55353648409065
264.0, 4.605088752735828
265.0, 4.6556399620353135
266.0, 4.705671559866166
267.0, 4.754156161035673
268.0, 4.8022974267868435
269.0, 4.849033696402241
270.0, 4.891961992829728
271.0, 4.9353981343850295
272.0, 4.9772669857336425
273.0, 5.017232033942421
274.0, 5.050938527191208
275.0, 5.085756372415668
276.0, 5.117125915130202
277.0, 5.140999083988637
278.0, 5.16256569894427
279.0, 5.183127948086574
280.0, 5.196451034849808
281.0, 5.207697738181741
282.0, 5.215240850758414
spot_hold
0, 0
1, 0
2, 0
3, 0
4, 0
5, 0
6, 0
7, 0
8, 0
9, 0
10, 0
11, 0
12, 0
13, 0
14, 0
15, 0
16, 0
17, 0
18, 0
19, 0
20, 0
21, 0
22, 0
23, 0
24, 0
25, 0
26, 0
27, 0
28, 0
29, 0
30, 0
31, 0
32, 0
33, 0
34, 0
35, 0
36, 0
37, 0
38, 0
39, 0
40, 0
41, 1
42, 1
43, 1
44, 1
45, 1
46, 1
47, 1
48, 1
49, 1
50, 1
51, 1
52, 1
53, 1
54, 1
55, 1
56, 1
57, 1
58, 1
59, 1
60, 1
61, 1
62, 1
63, 1
64, 1
65, 1
66, 1
67, 1
68, 1
69, 1
70, 1
71, 1
72, 1
73, 1
74, 1
75, 1
76, 1
77, 1
78, 1
79, 1
80, 1
81, 1
82, 1
83, 1
84, 1
85, 1
86, 1
87, 1
88, 1
89, 1
90, 1
91, 1
92, 1
93, 1
94, 1
95, 1
96, 1
97, 1
98, 1
99, 1
100, 1
101, 1
102, 1
103, 1
104, 1
105, 1
106, 1
107, 1
108, 1
109, 1
110, 1
111, 1
112, 1
113, 1
114, 1
115, 1
116, 1
117, 1
118, 1
119, 1
120, 1
121, 1
122, 1
123, 1
124, 1
125, 1
126, 1
127, 1
128, 1
129, 1
130, 1
131, 1
132, 1
133, 1
134, 1
135, 1
136, 1
137, 1
138, 1
139, 1
140, 1
141, 1
142, 1
143, 1
144, 1
145, 1
146, 1
147, 1
148, 1
149, 1
150, 1
151, 1
152, 1
153, 1
154, 1
155, 1
156, 1
157, 1
158, 1
159, 1
160, 1
161, 1
162, 1
163, 1
164, 1
165, 1
166, 1
167, 1
168, 1
169, 1
170, 1
171, 1
172, 1
173, 1
174, 1
175, 1
176, 1
177, 1
178, 1
179, 1
180, 1
181, 1
182, 1
183, 1
184, 1
185, 1
186, 1
187, 1
188, 1
189, 1
190, 1
191, 1
192, 1
193, 1
194, 1
195, 1
196, 1
197, 1
198, 1
199, 1
200, 1
201, 1
202, 1
203, 1
204, 1
205, 1
206, 1
207, 1
208, 1
209, 1
210, 1
211, 1
212, 1
213, 1
214, 1
215, 1
216, 1
217, 1
218, 1
219, 1
220, 1
221, 1
222, 1
223, 1
224, 1
225, 1
226, 1
227, 1
228, 1
229, 1
230, 1
231, 1
232, 1
233, 1
234, 1
235, 1
236, 1
237, 1
238, 1
239, 1
240, 1
241, 1
242, 1
243, 1
244, 1
245, 1
246, 1
247, 1
248, 1
249, 1
250, 1
251, 1
252, 1
253, 1
254, 1
255, 1
256, 1
257, 1
258, 1
259, 1
260, 1
261, 1
262, 1
263, 1
264, 1
265, 1
266, 1
267, 1
268, 1
269, 1
270, 1
271, 1
272, 1
273, 1
274, 1
275, 1
276, 1
277, 1
278, 1
279, 1
280, 1
281, 1
282, 1
