bot_dist
0.0, 3.0516740716206137
1.0, 3.0556646228188753
2.0, 3.0596826541403734
3.0, 3.063728057465858
4.0, 3.0678007245117693
5.0, 3.0719005468409515
6.0, 3.0760274158732575
7.0, 3.080181222896059
8.0, 3.0843618590746433
9.0, 3.0885692154625093
10.0, 3.092803183011552
11.0, 3.0970636525821447
12.0, 3.1013505149531064
13.0, 3.1056636608315658
14.0, 3.1100029808627063
15.0, 3.1143683656394114
16.0, 3.118759705711784
17.0, 3.1231768915965663
18.0, 3.127619813786437
19.0, 3.1320883627591987
20.0, 3.136582428986853
21.0, 3.141101902944557
22.0, 3.145646675119464
23.0, 3.1502166360194566
24.0, 3.1548116761817537
25.0, 3.1594316861814065
26.0, 3.1640765566396816
27.0, 3.1687461782323214
28.0, 3.173440441697691
29.0, 3.1781591250509473
30.0, 3.182902230811575
31.0, 3.187669649961321
32.0, 3.1924612735759674
33.0, 3.1972769928328977
34.0, 3.2021166990185406
35.0, 3.2069802835357035
36.0, 3.211867637910787
37.0, 3.2167786538008842
38.0, 3.221713223000764
39.0, 3.2266712374497404
40.0, 3.2316525892384296
41.0, 3.236657170615383
42.0, 3.241684873993621
43.0, 3.24673559195704
44.0, 3.2518092172667132
45.0, 3.256905642867077
46.0, 3.2620247618920053
47.0, 3.2671664676707715
48.0, 3.2723306537339023
49.0, 3.2775172138189186
50.0, 3.282726041875964
51.0, 3.2879570320733316
52.0, 3.2932100788028746
53.0, 3.2984850766853158
54.0, 3.303781920575443
55.0, 3.309100505567203
56.0, 3.3144407269986904
57.0, 3.3198024804570263
58.0, 3.3251856617831397
59.0, 3.3305901670764384
60.0, 3.3360158926993844
61.0, 3.3414627352819615
62.0, 3.346930591726049
63.0, 3.3524193592096863
64.0, 3.357928935191246
65.0, 3.3634592174135065
66.0, 3.369010103907626
67.0, 3.3745814929970197
68.0, 3.3801732833011457
69.0, 3.385785373739191
70.0, 3.3914176635336655
71.0, 3.397070052213907
72.0, 3.4027424396194856
73.0, 3.408434725903531
74.0, 3.414146811535953
75.0, 3.419878597306589
76.0, 3.425629984328252
77.0, 3.431400874039698
78.0, 3.437191168208508
79.0, 3.443000768933875
80.0, 3.4488295786493244
81.0, 3.4546775001253334
82.0, 3.460544436471883
83.0, 3.4664302911409193
84.0, 3.472334967928736
85.0, 3.478258370978287
86.0, 3.4842004047814084
87.0, 3.490160974180971
88.0, 3.4961399843729555
89.0, 3.5021373409084515
90.0, 3.5081529496955866
91.0, 3.5141867170013747
92.0, 3.5202385494535005
93.0, 3.526308354042029
94.0, 3.532396038121044
95.0, 3.5385015094102226
96.0, 3.5446246759963365
97.0, 3.5507654463346867
98.0, 3.5569237292504794
99.0, 3.5630994339401236
100.0, 3.569292469972482
101.0, 3.569292469972482
102.0, 3.569292469972482
103.0, 3.569292469972482
104.0, 3.569292469972482
105.0, 3.569292469972482
106.0, 3.569292469972482
107.0, 3.569292469972482
108.0, 3.569292469972482
109.0, 3.569292469972482
110.0, 3.569292469972482
111.0, 3.569292469972482
112.0, 3.569292469972482
113.0, 3.569292469972482
114.0, 3.569292469972482
115.0, 3.569292469972482
116.0, 3.569292469972482
117.0, 3.569292469972482
118.0, 3.569292469972482
119.0, 3.569292469972482
120.0, 3.569292469972482
121.0, 3.569292469972482
122.0, 3.569292469972482
123.0, 3.569292469972482
124.0, 3.569292469972482
125.0, 3.569292469972482
126.0, 3.569292469972482
127.0, 3.569292469972482
128.0, 3.569292469972482
129.0, 3.569292469972482
130.0, 3.569292469972482
131.0, 3.5630994339401236
132.0, 3.5569237292504794
133.0, 3.5507654463346867
134.0, 3.5446246759963365
135.0, 3.5385015094102226
136.0, 3.532396038121044
137.0, 3.526308354042029
138.0, 3.5202385494535005
139.0, 3.5141867170013747
140.0, 3.5081529496955866
141.0, 3.5021373409084515
142.0, 3.4961399843729555
143.0, 3.494808740105765
144.0, 3.48885611123513
145.0, 3.482922020301964
146.0, 3.4770065622205024
147.0, 3.4711098322529494
148.0, 3.4652319260073035
149.0, 3.459372939435123
150.0, 3.4535329688292045
151.0, 3.364587138310897
152.0, 3.2756915993279088
153.0, 3.186850511754796
154.0, 3.0980686125978654
155.0, 3.0093511403929245
156.0, 2.920703966123956
157.0, 2.832133690878327
158.0, 2.7436477620153545
159.0, 2.655254612036953
160.0, 2.5669638254566487
161.0, 2.4787863404074244
162.0, 2.3907346936257294
163.0, 2.302823319959408
164.0, 2.2150689208961203
165.0, 2.127490921113135
166.0, 2.0401120381600633
167.0, 2.0350902778395827
168.0, 1.9493687727584637
169.0, 1.864094580407433
170.0, 1.7793317792503964
171.0, 1.6951570841794845
172.0, 1.6116626454952958
173.0, 1.528959910911137
174.0, 1.5249511252403594
175.0, 1.446143859975949
176.0, 1.368848492964943
177.0, 1.3654935965149961
178.0, 1.3622038493459976
179.0, 1.3589797245879642
180.0, 1.3558216903884648
181.0, 1.2999959569687836
182.0, 1.2974393923249115
183.0, 1.294955005008366
184.0, 1.292543211213664
185.0, 1.2902044180405574
186.0, 1.2879390231787944
187.0, 1.2857474145961372
188.0, 1.2836299702301617
189.0, 1.2815870576843582
190.0, 1.279619033929062
191.0, 1.277726245007737
192.0, 1.2759090257491434
193.0, 1.2741676994859095
194.0, 1.2725025777800343
195.0, 1.1887168525701342
196.0, 1.105079937307502
197.0, 1.0216283801964159
198.0, 1.0201490923193073
199.0, 0.9376766843924893
200.0, 0.8554896031875359
201.0, 0.7736787839187099
202.0, 0.6923776159186478
203.0, 0.6117892795327823
204.0, 0.5322377236650785
205.0, 0.45426795930157937
206.0, 0.3788578567467639
207.0, 0.30789395058099944
208.0, 0.24526639885009033
209.0, 0.199007639100366
210.0, 0.18205490064978946
211.0, 0.20192930865974149
212.0, 0.24999683389173324
213.0, 0.3135488807680133
214.0, 0.3849920735817168
215.0, 0.46066973748696755
216.0, 0.5388004354486585
217.0, 0.618455174875922
218.0, 0.6991132163746738
219.0, 0.6999752377433053
220.0, 0.7804511890803119
221.0, 0.8614272464450181
222.0, 0.9427745544915375
223.0, 0.9436194609746016
224.0, 0.9445694907303838
225.0, 0.9456243269198891
226.0, 0.9467836192404836
227.0, 0.9480469844986071
228.0, 0.9494140072313416
229.0, 0.950884240374518
230.0, 0.9524572059749206
231.0, 0.9524572059749206
232.0, 0.9524572059749206
233.0, 0.9524572059749206
234.0, 0.9524572059749206
235.0, 0.9524572059749206
236.0, 0.9524572059749206
237.0, 0.9524572059749206
238.0, 0.9524572059749206
239.0, 0.9524572059749206
240.0, 0.9524572059749206
241.0, 0.9524572059749206
242.0, 0.9524572059749206
243.0, 0.9524572059749206
244.0, 0.9524572059749206
245.0, 0.9524572059749206
246.0, 0.9524572059749206
247.0, 0.9524572059749206
248.0, 0.9524572059749206
249.0, 0.9524572059749206
250.0, 0.9524572059749206
251.0, 0.9524572059749206
252.0, 0.9524572059749206
253.0, 0.9524572059749206
254.0, 0.9524572059749206
255.0, 0.9524572059749206
256.0, 0.9524572059749206
257.0, 0.9524572059749206
258.0, 0.9524572059749206
259.0, 0.9524572059749206
260.0, 0.9524572059749206
261.0, 0.950884240374518
262.0, 0.9494140072313416
263.0, 0.9480469844986071
264.0, 0.9467836192404836
265.0, 0.9456243269198891
266.0, 0.9445694907303838
267.0, 0.9436194609746016
268.0, 0.9427745544915375
269.0, 0.9420350541348314
270.0, 0.9414012083040314
271.0, 0.9408732305306301
272.0, 0.9404512991204681
273.0, 0.9401355568538969
274.0, 0.9399261107448689
275.0, 0.9398230318599039
276.0, 0.9398263551976435
277.0, 0.9399360796294662
278.0, 0.9401521679014051
279.0, 0.9404745466973531
280.0, 0.9409031067633103
281.0, 0.9414377030921832
282.0, 0.9420781551684022
ee_dist
0.0, 1.347364993251793
1.0, 1.4040675647046121
2.0, 1.5104456892193812
3.0, 1.6016537199135639
4.0, 1.6331679502106773
5.0, 1.6589650825867204
6.0, 1.6914796384574307
7.0, 1.724653921901573
8.0, 1.7581809861061093
9.0, 1.7942228085017367
10.0, 1.8339124157963616
11.0, 1.8743968914038642
12.0, 1.9124651409265774
13.0, 1.9472837264003477
14.0, 1.9869060751967984
15.0, 2.022368158633079
16.0, 2.0533794303511934
17.0, 2.0809724921570343
18.0, 2.105913914445608
19.0, 2.1274141285751074
20.0, 2.1471188346814047
21.0, 2.1148023729740917
22.0, 2.0723560152786975
23.0, 2.0263641068152736
24.0, 1.976486427658264
25.0, 1.9230272508075834
26.0, 1.8661474562863907
27.0, 1.806221106918031
28.0, 1.7434750739323142
29.0, 1.6784072195479567
30.0, 1.6113382572942736
31.0, 1.542921235393324
32.0, 1.4736196689931884
33.0, 1.4042779029595096
34.0, 1.3355778664450597
35.0, 1.2686318713746154
36.0, 1.2044433417840303
37.0, 1.1444670522322986
38.0, 1.090076071822292
39.0, 1.0429670863394191
40.0, 1.0047633478542632
41.0, 1.0180186209948807
42.0, 0.9218728438175166
43.0, 0.792618688483211
44.0, 0.7465058474202687
45.0, 0.6991057016559137
46.0, 0.6506251323350701
47.0, 0.6008434169918853
48.0, 0.5503082815219534
49.0, 0.49931237071361756
50.0, 0.44891758169329643
51.0, 0.4005395996152187
52.0, 0.3557069752286045
53.0, 0.31605332906202765
54.0, 0.2845916338427894
55.0, 0.26466902350660115
56.0, 0.26008966688388613
57.0, 0.27134495064908837
58.0, 0.2523240373593562
59.0, 0.2395822140597576
60.0, 0.2542112166700181
61.0, 0.3006949888024213
62.0, 0.37022417282528275
63.0, 0.4502837598062974
64.0, 0.5306918938626806
65.0, 0.5969573376688162
66.0, 0.657306190908804
67.0, 0.7174732787375919
68.0, 0.771682897720285
69.0, 0.8242751078894697
70.0, 0.8757378951191328
71.0, 0.9253907341705518
72.0, 0.9763828514721994
73.0, 1.034196250670195
74.0, 1.0963812914343205
75.0, 1.1698946565905421
76.0, 1.252861745252563
77.0, 1.345552009566464
78.0, 1.4432487298168877
79.0, 1.5410278221699847
80.0, 1.634294982774936
81.0, 1.7134178711409498
82.0, 1.7784378616846794
83.0, 1.8428659593452479
84.0, 1.9040252039075056
85.0, 1.96392639916281
86.0, 2.0125660344780676
87.0, 2.041054528465556
88.0, 2.0713111243088194
89.0, 2.110439523817979
90.0, 2.1602292503867644
91.0, 2.2492748508974616
92.0, 2.335762051151781
93.0, 2.44446699008917
94.0, 2.548272443759231
95.0, 2.6457371877476388
96.0, 2.7477197644077176
97.0, 2.8383913084013654
98.0, 2.9103237174810697
99.0, 2.9797899897967146
100.0, 3.0452101030567453
101.0, 3.110247834331338
102.0, 3.172421112886512
103.0, 3.235580361551858
104.0, 3.2976642100387585
105.0, 3.3676540705741305
106.0, 3.4421975328695544
107.0, 3.5207208971634065
108.0, 3.6115397974188985
109.0, 3.711435570418901
110.0, 3.81668271175851
111.0, 3.925604164171672
112.0, 4.0276538681409
113.0, 4.123452834105647
114.0, 4.197666747629343
115.0, 4.272499373659229
116.0, 4.3323150712071135
117.0, 4.3980767101065465
118.0, 4.460084119132976
119.0, 4.524397297102914
120.0, 4.585508963812143
121.0, 4.654724833560531
122.0, 4.727341264584692
123.0, 4.772049399396854
124.0, 4.814948030437181
125.0, 4.859207638774651
126.0, 4.901075231211565
127.0, 4.943735062674888
128.0, 4.983470260319355
129.0, 5.023481306135431
130.0, 5.060088524726651
131.0, 5.096508033868118
132.0, 5.129106384965161
133.0, 5.161118046217363
134.0, 5.18895340079937
135.0, 5.215862075998931
136.0, 5.2383080605226215
137.0, 5.25955274040494
138.0, 5.276114617237445
139.0, 5.291265638830914
140.0, 5.30158165709815
141.0, 5.310342144313029
142.0, 5.314184237523171
143.0, 4.6680759544202735
144.0, 4.659066595362172
145.0, 4.650826757772901
146.0, 4.646952986388349
147.0, 4.643862115621161
148.0, 4.645259312150583
149.0, 4.647421596067823
150.0, 4.654043881925993
151.0, 4.571632984347084
152.0, 4.4911289578398454
153.0, 4.408858847925578
154.0, 4.328500166487519
155.0, 4.246386382604875
156.0, 4.166190324585768
157.0, 4.084252161970752
158.0, 4.004238674450074
159.0, 3.9224977800704575
160.0, 3.8426905404685083
161.0, 3.7611723652258746
162.0, 3.6815981416515227
163.0, 3.6003335819623943
164.0, 3.5210247051642862
165.0, 3.440049688021928
166.0, 3.361044788983762
167.0, 3.370683226121267
168.0, 3.294361625983454
169.0, 3.216594185571276
170.0, 3.1409013484003547
171.0, 3.0638224624383494
172.0, 2.9888569269074976
173.0, 2.912566282343803
174.0, 2.9280512619022736
175.0, 2.8559299489004344
176.0, 2.7861055624598
177.0, 2.8029539899706384
178.0, 2.823388341943011
179.0, 2.844302074906258
180.0, 2.872446964251521
181.0, 2.819002913418113
182.0, 2.7952673070974785
183.0, 2.7728601742832066
184.0, 2.7531551471841555
185.0, 2.7342324792514088
186.0, 2.7190381642735715
187.0, 2.704545038293755
188.0, 2.6942613051674433
189.0, 2.684773362126978
190.0, 2.679788419473433
191.0, 2.6756773019042748
192.0, 2.6761901651647664
193.0, 2.6776158061021738
194.0, 2.683610279932668
195.0, 2.6023657711154335
196.0, 2.5230990905406947
197.0, 2.442265358353469
198.0, 2.45165970389102
199.0, 2.373726650747807
200.0, 2.297931870424729
201.0, 2.2209282517545264
202.0, 2.146136515410194
203.0, 2.0702709859690875
204.0, 1.9975675599811686
205.0, 1.9238265164340016
206.0, 1.8421930269165068
207.0, 1.782047390579561
208.0, 1.7346180742813955
209.0, 1.6107257698021369
210.0, 1.5528484412369843
211.0, 1.5128573978916435
212.0, 1.4484417777704879
213.0, 1.3721338145338247
214.0, 1.3134933385665897
215.0, 1.254601492408837
216.0, 1.198261644555749
217.0, 1.1473679377034052
218.0, 1.0996169938416742
219.0, 1.1234790782473247
220.0, 1.0872442143630117
221.0, 1.0556165256781938
222.0, 1.030384684970609
223.0, 1.0029962406783026
224.0, 0.9773367454140739
225.0, 0.9522801510199181
226.0, 0.9298439525309845
227.0, 0.9082732775450881
228.0, 0.8902079796402173
229.0, 0.8732915865897719
230.0, 0.8606792867626573
231.0, 0.8494695960172468
232.0, 0.8431707616979829
233.0, 0.8384374046261938
234.0, 0.8389298882608637
235.0, 0.8410062000526684
236.0, 0.8482709699869416
237.0, 0.8569843032561755
238.0, 0.8705077094373975
239.0, 0.8696735678870381
240.0, 0.8705075465452743
241.0, 0.8696734050787518
242.0, 0.8705075465452743
243.0, 0.8769169263922275
244.0, 0.8890804521816931
245.0, 0.9023263517844198
246.0, 0.917896269249117
247.0, 0.9344916330665957
248.0, 0.9531639697155734
249.0, 0.9725793143645282
250.0, 0.9938268193970885
251.0, 1.0155407063475057
252.0, 1.0387923630115061
253.0, 1.0622207302617626
254.0, 1.0868334349765711
255.0, 1.1113260884248943
256.0, 1.1366231104622444
257.0, 1.1615318430441623
258.0, 1.186886718555666
259.0, 1.2116366914820462
260.0, 1.2365487749572643
261.0, 1.2606564704908616
262.0, 1.2846994189375804
263.0, 1.2577718347943152
264.0, 1.2243958990916428
265.0, 1.1892533006810362
266.0, 1.1520815188045146
267.0, 1.113078091245942
268.0, 1.0722899937020072
269.0, 1.029938017269333
270.0, 0.9860897940278014
271.0, 0.9409583243872184
272.0, 0.8947800250014719
273.0, 0.8478257105666269
274.0, 0.800276242232185
275.0, 0.7476771773598682
276.0, 0.6937657726745837
277.0, 0.6311458561034642
278.0, 0.5844059516398338
279.0, 0.5392411993144337
280.0, 0.4967781994852343
281.0, 0.4705801526091599
282.0, 0.3907961292441173
ee_box_dist
0.0, 0.9026130448447818
1.0, 0.9324316691348407
2.0, 0.965430880703899
3.0, 0.9972117513345424
4.0, 1.0313138190171918
5.0, 1.0672018790948326
6.0, 1.104326081713487
7.0, 1.1391723596964596
8.0, 1.171821863375572
9.0, 1.2063344633797566
10.0, 1.2436410267859161
11.0, 1.2815477703411058
12.0, 1.3169705400861869
13.0, 1.3489502708347898
14.0, 1.385528806357371
15.0, 1.418043732828776
16.0, 1.4461484960446334
17.0, 1.470939730096908
18.0, 1.4931796244330777
19.0, 1.5122142103877936
20.0, 1.529600082945509
21.0, 1.5008522393212165
22.0, 1.4634276651360318
23.0, 1.4226399730839332
24.0, 1.3781399575341244
25.0, 1.3301515810938147
26.0, 1.2787199903632944
27.0, 1.2241009476781108
28.0, 1.1663536298773447
29.0, 1.105804358217657
30.0, 1.0425371304562954
31.0, 0.9769648708689151
32.0, 0.9092293415351405
33.0, 0.8398664996480258
34.0, 0.769153153058324
35.0, 0.697840372064083
36.0, 0.6265186243132738
37.0, 0.5564060501710808
38.0, 0.48889212336417853
39.0, 0.42647542955776235
40.0, 0.3726320342578145
41.0, 0.3873422603399789
42.0, 0.4021472469583578
43.0, 0.41706957495008434
44.0, 0.43165184360239467
45.0, 0.44712492412688226
46.0, 0.4619414851256078
47.0, 0.476816251739809
48.0, 0.49156875662135224
49.0, 0.506239367132539
50.0, 0.5207500295521046
51.0, 0.5350379478181644
52.0, 0.549393630578112
53.0, 0.5634057396121317
54.0, 0.5771935973756175
55.0, 0.590769276950386
56.0, 0.6040744834698086
57.0, 0.6171334535471718
58.0, 0.6298946527195728
59.0, 0.6423900289277783
60.0, 0.6545649098930795
61.0, 0.6664569934414079
62.0, 0.6780103189555657
63.0, 0.6892625606657528
64.0, 0.7001624548158322
65.0, 0.710743320019391
66.0, 0.720960549735797
67.0, 0.7308419996978626
68.0, 0.7403473635384628
69.0, 0.74949862339792
70.0, 0.7582598068732842
71.0, 0.7666500147564177
72.0, 0.7746367234459303
73.0, 0.7822365054750176
74.0, 0.7894194238423576
75.0, 0.7961985298015187
76.0, 0.8025469747225004
77.0, 0.8084744390038199
78.0, 0.8139553768561046
79.0, 0.8189978183637435
80.0, 0.8235765835043732
81.0, 0.8276974387781856
82.0, 0.8313359945396822
83.0, 0.8344973323705919
84.0, 0.8371562525391415
85.0, 0.8393193680177375
86.0, 0.8588449752352701
87.0, 0.9032725065914309
88.0, 0.9422489307345007
89.0, 0.9764873363936223
90.0, 1.002400180739238
91.0, 0.9924358480131732
92.0, 0.9983442873490396
93.0, 0.9902070569147207
94.0, 0.9919941785255129
95.0, 1.0026567896626617
96.0, 1.0017432589252921
97.0, 1.0012347917450175
98.0, 1.0018076323055236
99.0, 1.0009342502579648
100.0, 1.0018185781248126
101.0, 1.0009153411179512
102.0, 1.0018199596272346
103.0, 1.0009129189419887
104.0, 1.0018201148167498
105.0, 1.0009126054948811
106.0, 0.9998387555808633
107.0, 1.0019919872610477
108.0, 1.001759146976972
109.0, 1.0011279175490686
110.0, 1.0018088901612405
111.0, 1.0009291383935894
112.0, 1.0018205449116258
113.0, 1.0009158208742908
114.0, 1.001821370501083
115.0, 0.993064567312481
116.0, 1.0024618330049453
117.0, 1.0009129166964503
118.0, 1.0019208756133458
119.0, 1.0010150829095226
120.0, 1.0019294218324266
121.0, 1.001021082140814
122.0, 1.0019045826999673
123.0, 1.0010326642999396
124.0, 1.0019401634650587
125.0, 1.0010114212470695
126.0, 1.0019313739876263
127.0, 1.0010549605338341
128.0, 1.001961853265407
129.0, 1.0010568344612631
130.0, 1.0019457057281431
131.0, 1.0010634988562837
132.0, 1.0019698931875103
133.0, 1.0010623222843806
134.0, 1.0019699504296777
135.0, 1.0010376853101075
136.0, 1.001986905429836
137.0, 1.0010785889440457
138.0, 1.0019862188650215
139.0, 1.0010785889440457
140.0, 1.0019862188650215
141.0, 1.0010785889440457
142.0, 1.0019855200702112
143.0, 1.7278539204477983
144.0, 1.7232599873158756
145.0, 1.7185474770853824
146.0, 1.7102645945140416
147.0, 1.701916960017273
148.0, 1.6901172980123726
149.0, 1.6782592727339962
150.0, 1.6631287981709348
151.0, 1.7336152192758243
152.0, 1.8036774204676467
153.0, 1.8763699429960952
154.0, 1.9483484452798194
155.0, 2.022785931431301
156.0, 2.096289003355848
157.0, 2.172122553718286
158.0, 2.246852949942402
159.0, 2.323817101741709
160.0, 2.399546511083836
161.0, 2.4774363908098747
162.0, 2.553988322664926
163.0, 2.632643506602652
164.0, 2.7098791590627234
165.0, 2.789173391776029
166.0, 2.8669824864796145
167.0, 2.85759078103104
168.0, 2.9337728276806594
169.0, 3.012026100341618
170.0, 3.088845053117192
171.0, 3.1677013584175686
172.0, 3.2450650082407795
173.0, 3.3244512890585067
174.0, 3.3127187010770442
175.0, 3.3902451430204184
176.0, 3.4663453896837915
177.0, 3.454817076379576
178.0, 3.4396441525866637
179.0, 3.4242115088359624
180.0, 3.4003428280815577
181.0, 3.470605108753328
182.0, 3.488329793964617
183.0, 3.5046182883599752
184.0, 3.517991975081227
185.0, 3.5308011164702657
186.0, 3.5398827022408588
187.0, 3.5486304428438427
188.0, 3.5534409356709977
189.0, 3.5579162292948285
190.0, 3.5583751706120523
191.0, 3.5584809686462493
192.0, 3.554583700328576
193.0, 3.5503153278813775
194.0, 3.5421435602481766
195.0, 3.621419926478256
196.0, 3.6991847724388345
197.0, 3.7788832876611487
198.0, 3.769198406260626
199.0, 3.847000991397873
200.0, 3.923371832673803
201.0, 4.0016865172129945
202.0, 4.078528157719569
203.0, 4.157298286044792
204.0, 4.2336986476989065
205.0, 4.311579357523842
206.0, 4.397958771235815
207.0, 4.467794200342377
208.0, 4.538432825846735
209.0, 4.655812350895175
210.0, 4.727058192633074
211.0, 4.778764810821012
212.0, 4.8592859517139635
213.0, 4.947440970548513
214.0, 5.0249501746697325
215.0, 5.105500076764925
216.0, 5.184925425264112
217.0, 5.2655484856561126
218.0, 5.344821894008721
219.0, 5.337932762777644
220.0, 5.415379151799249
221.0, 5.494698011848113
222.0, 5.572429661776602
223.0, 5.580637109540933
224.0, 5.584830314008903
225.0, 5.588566927303801
226.0, 5.588182960687149
227.0, 5.587343884890639
228.0, 5.582431052175956
229.0, 5.577069836422131
230.0, 5.567671199020279
231.0, 5.55788929152547
232.0, 5.544259227462823
233.0, 5.5302834302918225
234.0, 5.512739071580313
235.0, 5.49489526842639
236.0, 5.473854227582491
237.0, 5.452567084504438
238.0, 5.428535432577057
239.0, 5.429112601897681
240.0, 5.428534714561516
241.0, 5.429111413570655
242.0, 5.428533119468268
243.0, 5.4265456694383385
244.0, 5.42463788184482
245.0, 5.422207932548001
246.0, 5.418628390279041
247.0, 5.414491654229276
248.0, 5.409147577694005
249.0, 5.4032068521520555
250.0, 5.396028297353097
251.0, 5.388288234485919
252.0, 5.379344579103997
253.0, 5.369961957495186
254.0, 5.359475382505469
255.0, 5.348730807482009
256.0, 5.337028215756932
257.0, 5.325254320075472
258.0, 5.312681366104728
259.0, 5.300198355803563
260.0, 5.287053293699598
261.0, 5.27415614509603
262.0, 5.260727007710836
263.0, 5.285164637422798
264.0, 5.315950473341875
265.0, 5.347231662063885
266.0, 5.379089466406033
267.0, 5.4112523473837335
268.0, 5.443477918526935
269.0, 5.475512912408919
270.0, 5.507122948408903
271.0, 5.5381297414391515
272.0, 5.568133970499329
273.0, 5.597052962066814
274.0, 5.62463835177227
275.0, 5.658961551412699
276.0, 5.691952423687027
277.0, 5.734492606006508
278.0, 5.754026320100089
279.0, 5.771350026412979
280.0, 5.786529097960676
281.0, 5.796001239986456
282.0, 5.857208026361689
spot_hold
0, 0
1, 0
2, 0
3, 0
4, 0
5, 0
6, 0
7, 0
8, 0
9, 0
10, 0
11, 0
12, 0
13, 0
14, 0
15, 0
16, 0
17, 0
18, 0
19, 0
20, 0
21, 0
22, 0
23, 0
24, 0
25, 0
26, 0
27, 0
28, 0
29, 0
30, 0
31, 0
32, 0
33, 0
34, 0
35, 0
36, 0
37, 0
38, 0
39, 0
40, 0
41, 1
42, 1
43, 1
44, 1
45, 1
46, 1
47, 1
48, 1
49, 1
50, 1
51, 1
52, 1
53, 1
54, 1
55, 1
56, 1
57, 1
58, 1
59, 1
60, 1
61, 1
62, 1
63, 1
64, 1
65, 1
66, 1
67, 1
68, 1
69, 1
70, 1
71, 1
72, 1
73, 1
74, 1
75, 1
76, 1
77, 1
78, 1
79, 1
80, 1
81, 1
82, 1
83, 1
84, 1
85, 1
86, 1
87, 1
88, 1
89, 1
90, 1
91, 1
92, 1
93, 1
94, 1
95, 1
96, 1
97, 1
98, 1
99, 1
100, 1
101, 1
102, 1
103, 1
104, 1
105, 1
106, 1
107, 1
108, 1
109, 1
110, 1
111, 1
112, 1
113, 1
114, 1
115, 1
116, 1
117, 1
118, 1
119, 1
120, 1
121, 1
122, 1
123, 1
124, 1
125, 1
126, 1
127, 1
128, 1
129, 1
130, 1
131, 1
132, 1
133, 1
134, 1
135, 1
136, 1
137, 1
138, 1
139, 1
140, 1
141, 1
142, 1
143, 1
144, 1
145, 1
146, 1
147, 1
148, 1
149, 1
150, 1
151, 1
152, 1
153, 1
154, 1
155, 1
156, 1
157, 1
158, 1
159, 1
160, 1
161, 1
162, 1
163, 1
164, 1
165, 1
166, 1
167, 1
168, 1
169, 1
170, 1
171, 1
172, 1
173, 1
174, 1
175, 1
176, 1
177, 1
178, 1
179, 1
180, 1
181, 1
182, 1
183, 1
184, 1
185, 1
186, 1
187, 1
188, 1
189, 1
190, 1
191, 1
192, 1
193, 1
194, 1
195, 1
196, 1
197, 1
198, 1
199, 1
200, 1
201, 1
202, 1
203, 1
204, 1
205, 1
206, 1
207, 1
208, 1
209, 1
210, 1
211, 1
212, 1
213, 1
214, 1
215, 1
216, 1
217, 1
218, 1
219, 1
220, 1
221, 1
222, 1
223, 1
224, 1
225, 1
226, 1
227, 1
228, 1
229, 1
230, 1
231, 1
232, 1
233, 1
234, 1
235, 1
236, 1
237, 1
238, 1
239, 1
240, 1
241, 1
242, 1
243, 1
244, 1
245, 1
246, 1
247, 1
248, 1
249, 1
250, 1
251, 1
252, 1
253, 1
254, 1
255, 1
256, 1
257, 1
258, 1
259, 1
260, 1
261, 1
262, 1
263, 1
264, 1
265, 1
266, 1
267, 1
268, 1
269, 1
270, 1
271, 1
272, 1
273, 1
274, 1
275, 1
276, 1
277, 1
278, 1
279, 1
280, 1
281, 1
282, 1
