bot_dist
0.0, 3.8991507398984573
1.0, 3.9061166807177083
2.0, 3.913095776227576
3.0, 3.9200879561685347
4.0, 3.92709315065019
5.0, 3.9341112901503172
6.0, 3.941142305513883
7.0, 3.948186127952038
8.0, 3.9552426890410985
9.0, 3.9623119207215054
10.0, 3.9693937552967657
11.0, 3.9764881254323776
12.0, 3.983594964154737
13.0, 3.9907142048500273
14.0, 3.9978457812630936
15.0, 4.004989627496305
16.0, 4.0121456780083875
17.0, 4.019313867613266
18.0, 4.026494131478869
19.0, 4.033686405125931
20.0, 4.040890624426783
21.0, 4.048106725604122
22.0, 4.055334645229775
23.0, 4.062574320223448
24.0, 4.069825687851465
25.0, 4.077088685725493
26.0, 4.084363251801256
27.0, 4.0916493243772445
28.0, 4.098946842093408
29.0, 4.106255743929841
30.0, 4.11357596920546
31.0, 4.120907457576668
32.0, 4.128250149036015
33.0, 4.13560398391085
34.0, 4.142968902861961
35.0, 4.150344846882209
36.0, 4.157731757295163
37.0, 4.165129575753707
38.0, 4.1725382442386705
39.0, 4.179957705057424
40.0, 4.187387900842487
41.0, 4.194828774550126
42.0, 4.20228026945894
43.0, 4.209742329168451
44.0, 4.217214897597687
45.0, 4.224697918983752
46.0, 4.232191337880408
47.0, 4.239695099156636
48.0, 4.247209147995206
49.0, 4.254733429891239
50.0, 4.2622678906507625
51.0, 4.269812476389269
52.0, 4.277367133530269
53.0, 4.284931808803844
54.0, 4.292506449245189
55.0, 4.300091002193166
56.0, 4.307685415288846
57.0, 4.315289636474056
58.0, 4.322903613989914
59.0, 4.33052729637538
60.0, 4.338160632465792
61.0, 4.345803571391403
62.0, 4.3534560625759235
63.0, 4.361118055735066
64.0, 4.368789500875071
65.0, 4.376470348291263
66.0, 4.384160548566574
67.0, 4.391860052570097
68.0, 4.399568811455618
69.0, 4.40728677666016
70.0, 4.41501389990253
71.0, 4.422750133181855
72.0, 4.430495428776134
73.0, 4.4382497392407805
74.0, 4.4460130174071715
75.0, 4.453785216381197
76.0, 4.461566289541817
77.0, 4.469356190539605
78.0, 4.477154873295314
79.0, 4.484962291998428
80.0, 4.492778401105728
81.0, 4.50060315533985
82.0, 4.508436509687857
83.0, 4.5162784193998
84.0, 4.524128839987299
85.0, 4.53198772722211
86.0, 4.539855037134705
87.0, 4.547730726012855
88.0, 4.555614750400213
89.0, 4.563507067094903
90.0, 4.571407633148107
91.0, 4.579316405862666
92.0, 4.587233342791674
93.0, 4.595158401737083
94.0, 4.603091540748313
95.0, 4.611032718120853
96.0, 4.618981892394884
97.0, 4.626939022353891
98.0, 4.634904067023295
99.0, 4.642876985669068
100.0, 4.65085773779638
101.0, 4.65085773779638
102.0, 4.65085773779638
103.0, 4.65085773779638
104.0, 4.65085773779638
105.0, 4.65085773779638
106.0, 4.65085773779638
107.0, 4.65085773779638
108.0, 4.65085773779638
109.0, 4.65085773779638
110.0, 4.65085773779638
111.0, 4.65085773779638
112.0, 4.65085773779638
113.0, 4.65085773779638
114.0, 4.65085773779638
115.0, 4.65085773779638
116.0, 4.65085773779638
117.0, 4.65085773779638
118.0, 4.65085773779638
119.0, 4.65085773779638
120.0, 4.65085773779638
121.0, 4.65085773779638
122.0, 4.65085773779638
123.0, 4.65085773779638
124.0, 4.65085773779638
125.0, 4.65085773779638
126.0, 4.65085773779638
127.0, 4.65085773779638
128.0, 4.65085773779638
129.0, 4.65085773779638
130.0, 4.65085773779638
131.0, 4.642876985669068
132.0, 4.634904067023295
133.0, 4.626939022353891
134.0, 4.618981892394884
135.0, 4.611032718120853
136.0, 4.603091540748313
137.0, 4.595158401737083
138.0, 4.587233342791674
139.0, 4.579316405862666
140.0, 4.571407633148107
141.0, 4.563507067094903
142.0, 4.555614750400213
143.0, 4.5512986345157795
144.0, 4.543429130339895
145.0, 4.535568019985546
146.0, 4.527715347173298
147.0, 4.519871155880457
148.0, 4.512035490342491
149.0, 4.504208395054429
150.0, 4.496389914772285
151.0, 4.407531208121877
152.0, 4.318714233842536
153.0, 4.2299415840368315
154.0, 4.1412161485319485
155.0, 4.052541028427403
156.0, 3.963919600476398
157.0, 3.8753555481687574
158.0, 3.7868528970811175
159.0, 3.6984160551875194
160.0, 3.610049858954008
161.0, 3.5217596261992057
162.0, 3.433551216895936
163.0, 3.3454311033252853
164.0, 3.2574064512849463
165.0, 3.1694852144121475
166.0, 3.0816762441258363
167.0, 3.073477501335251
168.0, 2.983983157783503
169.0, 2.894548469089282
170.0, 2.8051789920299384
171.0, 2.715881164225082
172.0, 2.6266622931976933
173.0, 2.537530707256178
174.0, 2.529193504332826
175.0, 2.438749403344955
176.0, 2.3483474031419096
177.0, 2.339991935491934
178.0, 2.331649414065021
179.0, 2.3233199783221323
180.0, 2.315003769511031
181.0, 2.2250936447080085
182.0, 2.21684491636968
183.0, 2.2086106579401337
184.0, 2.200391031866367
185.0, 2.1921862027409196
186.0, 2.1839963373311546
187.0, 2.1758216046088608
188.0, 2.167662175780162
189.0, 2.1595182243157436
190.0, 2.151389925981386
191.0, 2.143277458868798
192.0, 2.135181003426764
193.0, 2.1271007424925794
194.0, 2.1190368613237887
195.0, 2.0574487520944746
196.0, 1.9975591311571086
197.0, 1.9395253451736763
198.0, 1.9309941363973884
199.0, 1.8807111702528405
200.0, 1.8328944759155699
201.0, 1.787741960290999
202.0, 1.7454603908836452
203.0, 1.706263209038266
204.0, 1.6703675654498102
205.0, 1.6379905285779828
206.0, 1.6093444760308233
207.0, 1.5846317604307822
208.0, 1.5640388398682066
209.0, 1.5477301676590471
210.0, 1.5358422295153913
211.0, 1.528478177423219
212.0, 1.525703518567907
213.0, 1.527543261939664
214.0, 1.533980805107853
215.0, 1.5449587400340137
216.0, 1.560381199791841
217.0, 1.580118049769811
218.0, 1.6040100361410041
219.0, 1.5950091848156436
220.0, 1.629050422317486
221.0, 1.6665444403233902
222.0, 1.7072637696051325
223.0, 1.6989241998047002
224.0, 1.6906026422481084
225.0, 1.6822993642301183
226.0, 1.6740146377557052
227.0, 1.6657487396273787
228.0, 1.6575019515338638
229.0, 1.6492745601401435
230.0, 1.641066857178857
231.0, 1.641066857178857
232.0, 1.641066857178857
233.0, 1.641066857178857
234.0, 1.641066857178857
235.0, 1.641066857178857
236.0, 1.641066857178857
237.0, 1.641066857178857
238.0, 1.641066857178857
239.0, 1.641066857178857
240.0, 1.641066857178857
241.0, 1.641066857178857
242.0, 1.641066857178857
243.0, 1.641066857178857
244.0, 1.641066857178857
245.0, 1.641066857178857
246.0, 1.641066857178857
247.0, 1.641066857178857
248.0, 1.641066857178857
249.0, 1.641066857178857
250.0, 1.641066857178857
251.0, 1.641066857178857
252.0, 1.641066857178857
253.0, 1.641066857178857
254.0, 1.641066857178857
255.0, 1.641066857178857
256.0, 1.641066857178857
257.0, 1.641066857178857
258.0, 1.641066857178857
259.0, 1.641066857178857
260.0, 1.641066857178857
261.0, 1.6492745601401435
262.0, 1.6575019515338638
263.0, 1.6657487396273787
264.0, 1.6740146377557052
265.0, 1.6822993642301183
266.0, 1.6906026422481084
267.0, 1.6989241998047002
268.0, 1.7072637696051325
269.0, 1.7156210889788992
270.0, 1.7239958997951503
271.0, 1.7323879483794522
272.0, 1.7407969854318956
273.0, 1.7492227659465542
274.0, 1.7576650491322807
275.0, 1.766123598334834
276.0, 1.77459818096033
277.0, 1.7830885684000028
278.0, 1.79159453595627
279.0, 1.800115862770084
280.0, 1.808652331749564
281.0, 1.817203729499892
282.0, 1.8257698462544587
ee_dist
0.0, 1.1779962031338267
1.0, 1.2215686427773
2.0, 1.3204034673215748
3.0, 1.4078261786651374
4.0, 1.4379651717851458
5.0, 1.4636348195171889
6.0, 1.4968230739453954
7.0, 1.5301902298272245
8.0, 1.5651238474387512
9.0, 1.5991536758788105
10.0, 1.6329318454790502
11.0, 1.6646980076471274
12.0, 1.695415206712207
13.0, 1.7234891514685544
14.0, 1.7509501412506236
15.0, 1.775515369588781
16.0, 1.7997364347757483
17.0, 1.820939460129446
18.0, 1.8422303030249465
19.0, 1.8605985104762637
20.0, 1.8794719927200625
21.0, 1.852795130418795
22.0, 1.8149483384974041
23.0, 1.774073298731778
24.0, 1.729684495349664
25.0, 1.6820180754892438
26.0, 1.6311606168099955
27.0, 1.577394853405916
28.0, 1.520858393882469
29.0, 1.4619337918284643
30.0, 1.4008329690013732
31.0, 1.3380658526287983
32.0, 1.2739616595173533
33.0, 1.2091969475718882
34.0, 1.1442901482584118
35.0, 1.0801765268722754
36.0, 1.0176907111111746
37.0, 0.9581517990013859
38.0, 0.9028377367627454
39.0, 0.8534632523706939
40.0, 0.8117838637823322
41.0, 0.8256227303173891
42.0, 0.7907508553866486
43.0, 0.9024684073134863
44.0, 0.8588351454129477
45.0, 0.8137035773161249
46.0, 0.7667523806257035
47.0, 0.7178302894259672
48.0, 0.6672345535865035
49.0, 0.6149344795968494
50.0, 0.5616451563535703
51.0, 0.5080282490540639
52.0, 0.45467737974142186
53.0, 0.4019414663923047
54.0, 0.3507560296097595
55.0, 0.3024394095474463
56.0, 0.2601817193337169
57.0, 0.22738001574955677
58.0, 0.24463688211996423
59.0, 0.29318844276638745
60.0, 0.3592196715115584
61.0, 0.4401179816348548
62.0, 0.5287732089411774
63.0, 0.618558645009811
64.0, 0.7039395465773106
65.0, 0.7715369519191526
66.0, 0.8307942629701449
67.0, 0.8905273810125426
68.0, 0.9448502357953018
69.0, 0.9980475496934338
70.0, 1.0507592247022983
71.0, 1.1016494064747513
72.0, 1.155542605111791
73.0, 1.2155063327070268
74.0, 1.2799422471778505
75.0, 1.3555529884935298
76.0, 1.4404629244883487
77.0, 1.5348783234954382
78.0, 1.633895848223527
79.0, 1.7325035162328595
80.0, 1.8262060433708012
81.0, 1.9052789785727606
82.0, 1.9698660758622066
83.0, 2.0336524582324578
84.0, 2.0944933167691024
85.0, 2.1542890557886016
86.0, 2.203158426980857
87.0, 2.2317174114971072
88.0, 2.2620042552952593
89.0, 2.3013288649621773
90.0, 2.3515988714219374
91.0, 2.435101256449338
92.0, 2.526878031257243
93.0, 2.6285539747945315
94.0, 2.73430906924905
95.0, 2.842174952231799
96.0, 2.942670315369529
97.0, 3.0338245260911614
98.0, 3.1052616348169386
99.0, 3.174426772861834
100.0, 3.239530756013172
101.0, 3.304525552987479
102.0, 3.366614693875969
103.0, 3.429948420695146
104.0, 3.492337928833662
105.0, 3.562637418438233
106.0, 3.635706045696435
107.0, 3.717434104769681
108.0, 3.8075203908817103
109.0, 3.9081236295939643
110.0, 4.013445796359891
111.0, 4.122708334102115
112.0, 4.2248044051062505
113.0, 4.320668068761446
114.0, 4.394705547281384
115.0, 4.469255776480868
116.0, 4.5293240778782335
117.0, 4.594271265021484
118.0, 4.656483694468056
119.0, 4.720844383520632
120.0, 4.781963140800941
121.0, 4.824689077122403
122.0, 4.865360191063823
123.0, 4.907352618007262
124.0, 4.946743006764319
125.0, 4.986925614295633
126.0, 5.024006889874289
127.0, 5.061398409196859
128.0, 5.095244331188174
129.0, 5.12897170151744
130.0, 5.158769156664498
131.0, 5.188075677039891
132.0, 5.2131310518143446
133.0, 5.23738557842919
134.0, 5.257129695429469
135.0, 5.275824202824478
136.0, 5.289816438296295
137.0, 5.302573455143892
138.0, 5.310500329744382
139.0, 5.317071606138241
140.0, 5.318751049522316
141.0, 5.319017101259147
142.0, 5.314396930832656
143.0, 4.674804123378296
144.0, 4.6652141234434215
145.0, 4.656286251285423
146.0, 4.651800009485946
147.0, 4.647988296564605
148.0, 4.648762607069566
149.0, 4.65019586761569
150.0, 4.656206368531756
151.0, 4.573373983884889
152.0, 4.492548681443077
153.0, 4.40982901316096
154.0, 4.329120487631494
155.0, 4.246526686889603
156.0, 4.165948913742437
157.0, 4.083496234086822
158.0, 4.003065340658213
159.0, 3.920771569388245
160.0, 3.840506412627451
161.0, 3.7583924115280047
162.0, 3.6783150638646727
163.0, 3.5964054518784407
164.0, 3.5165424945105213
165.0, 3.434866409860859
166.0, 3.355248924015994
167.0, 3.36395051708762
168.0, 3.286760373036167
169.0, 3.207957182227933
170.0, 3.131305136025799
171.0, 3.0530925430788844
172.0, 2.977063251900307
173.0, 2.8995369558347104
174.0, 2.9141388659762164
175.0, 2.84047341396479
176.0, 2.769158039716099
177.0, 2.7850379344056537
178.0, 2.8046989077576323
179.0, 2.8247862584940466
180.0, 2.848071790742866
181.0, 2.795911106565458
182.0, 2.773540816324287
183.0, 2.751512369451427
184.0, 2.73291443696414
185.0, 2.7147962819947113
186.0, 2.700652496975369
187.0, 2.687112869172914
188.0, 2.6779635737379444
189.0, 2.6695208695897756
190.0, 2.6657271512162324
191.0, 2.6627091836197807
192.0, 2.6644268336116257
193.0, 2.666949663711419
194.0, 2.6741145394114945
195.0, 2.593729344530067
196.0, 2.5154607233250084
197.0, 2.4356088170260595
198.0, 2.446233434940674
199.0, 2.369676258048958
200.0, 2.2954158882291646
201.0, 2.219988297412698
202.0, 2.146943311151308
203.0, 2.072893146684212
204.0, 2.0013377105016117
205.0, 1.9289840431491516
206.0, 1.8592727291345794
207.0, 1.7890300064868525
208.0, 1.7216251211153923
209.0, 1.654035300025146
210.0, 1.5895428645495089
211.0, 1.5253174138170584
212.0, 1.4645325210964961
213.0, 1.4046026169365333
214.0, 1.3485621573021696
215.0, 1.29413264171374
216.0, 1.244162028628152
217.0, 1.1967476541180238
218.0, 1.1544756958869116
219.0, 1.1795362638368756
220.0, 1.148881497076454
221.0, 1.1229413570440114
222.0, 1.1032087657783096
223.0, 1.0751803255847456
224.0, 1.0485778272041124
225.0, 1.022431591328402
226.0, 0.9985973173105142
227.0, 0.9754373680757392
228.0, 0.9554848711402693
229.0, 0.9364546167016374
230.0, 0.9214727351745434
231.0, 0.9076568349458841
232.0, 0.898582222551861
233.0, 0.8908588352911886
234.0, 0.8883236989641825
235.0, 0.8872157596794038
236.0, 0.8914188830053423
237.0, 0.8969869365365503
238.0, 0.8979424473908456
239.0, 0.8970417298844536
240.0, 0.8979634247771632
241.0, 0.8969838757860866
242.0, 0.8979426325864955
243.0, 0.9048472360826194
244.0, 0.9171514183733697
245.0, 0.9306365701108232
246.0, 0.9465718017355453
247.0, 0.9636193926093632
248.0, 0.9828873339273053
249.0, 1.0029851546472306
250.0, 1.0250598850518928
251.0, 1.0476749554980354
252.0, 1.0719580494034577
253.0, 1.0964647177346223
254.0, 1.1222615436255332
255.0, 1.1479517645132398
256.0, 1.174522887216819
257.0, 1.2006871330733833
258.0, 1.2273471898175472
259.0, 1.2533581925277977
260.0, 1.2795566582977704
261.0, 1.3048868225093153
262.0, 1.3301579176251104
263.0, 1.301252090966271
264.0, 1.2652162078917435
265.0, 1.227216726279228
266.0, 1.1869542543169171
267.0, 1.1446184625097644
268.0, 1.100242691446746
269.0, 1.0540350076563718
270.0, 1.0060436600930676
271.0, 0.9565225910724904
272.0, 0.905547996687051
273.0, 0.8534360891670849
274.0, 0.800316858249693
275.0, 0.7466030440676317
276.0, 0.6912853441062435
277.0, 0.6340126364142701
278.0, 0.5782712180771313
279.0, 0.5293220991981076
280.0, 0.4790019500971655
281.0, 0.4298511821334128
282.0, 0.38768147075115106
ee_box_dist
0.0, 0.8453528854736573
1.0, 0.8844671148783324
2.0, 0.9152178020411177
3.0, 0.9482008328268293
4.0, 0.9829753749421232
5.0, 1.0192646711272972
6.0, 1.056672575799772
7.0, 1.0908643506497957
8.0, 1.124354447813413
9.0, 1.1562324634364163
10.0, 1.1871030587180156
11.0, 1.2158287237554408
12.0, 1.243386630305016
13.0, 1.2684333556077807
14.0, 1.2928624005266376
15.0, 1.3146221748096196
16.0, 1.3360973385154111
17.0, 1.3547922559730667
18.0, 1.373657618234426
19.0, 1.3898291834537144
20.0, 1.4065862530202957
21.0, 1.3824926434974338
22.0, 1.3486397537717678
23.0, 1.3118830642416297
24.0, 1.2717552240199332
25.0, 1.2284432299359422
26.0, 1.1819557074452083
27.0, 1.1324992096913464
28.0, 1.0800911170340206
29.0, 1.0249951741392682
30.0, 0.9672438581190426
31.0, 0.9071688235694386
32.0, 0.8448437802216497
33.0, 0.7806936719391329
34.0, 0.7148870537668756
35.0, 0.6480030439237542
36.0, 0.5804267550856476
37.0, 0.5130769174139821
38.0, 0.44693644793519405
39.0, 0.383970976998648
40.0, 0.32704161161377643
41.0, 0.342229985853314
42.0, 0.35742233799952267
43.0, 0.37266418561007064
44.0, 0.3878349473678362
45.0, 0.40298377939762914
46.0, 0.41800844556697375
47.0, 0.43295767032088295
48.0, 0.4477390528573771
49.0, 0.462398464414522
50.0, 0.47685813099010504
51.0, 0.49115948480566884
52.0, 0.5052319220096889
53.0, 0.5191139072625306
54.0, 0.5327348729967119
55.0, 0.5461251166046777
56.0, 0.5592242540911694
57.0, 0.5720619102756366
58.0, 0.5845828100668167
59.0, 0.5968258504123763
60.0, 0.6087256049178058
61.0, 0.6203521602549972
62.0, 0.6316166920483712
63.0, 0.6425803482308295
64.0, 0.6531744771396045
65.0, 0.6634575713664853
66.0, 0.6733663040118503
67.0, 0.6829432054155442
68.0, 0.692129321905368
69.0, 0.7009666962073059
70.0, 0.7094163129979105
71.0, 0.717497820306643
72.0, 0.7251733329781016
73.0, 0.7324289749559424
74.0, 0.739321050749497
75.0, 0.74579654888233
76.0, 0.7518621695662198
77.0, 0.7574825295307615
78.0, 0.7626900251213745
79.0, 0.7674515813290589
80.0, 0.771757042265742
81.0, 0.7756124270900832
82.0, 0.7789871831628646
83.0, 0.7818934989502846
84.0, 0.7843017719873093
85.0, 0.7862253695460353
86.0, 0.8061107896879118
87.0, 0.8510725272341625
88.0, 0.8906121724228007
89.0, 0.9248803332585499
90.0, 0.9507209775017811
91.0, 0.9492366051552757
92.0, 0.9502163913950109
93.0, 0.9492188582537442
94.0, 0.9501596623570325
95.0, 0.9491799430660062
96.0, 0.9501131006012634
97.0, 0.9491247470657982
98.0, 0.9500477972659465
99.0, 0.9490838776394327
100.0, 0.9500353963132292
101.0, 0.9490351868086923
102.0, 0.9499584052888912
103.0, 0.9489648310345365
104.0, 0.9498920747665284
105.0, 0.9489041586455538
106.0, 0.9498337029312243
107.0, 0.9488398379752893
108.0, 0.9497815707215608
109.0, 0.9487904953746523
110.0, 0.9497359542165568
111.0, 0.9487353407915174
112.0, 0.9496842346422963
113.0, 0.9487215623236304
114.0, 0.9496430013432205
115.0, 0.9419759180890696
116.0, 0.949563474567489
117.0, 0.948809730393964
118.0, 0.9494925377869118
119.0, 0.9485238720513064
120.0, 0.9494548081176458
121.0, 0.9484638952509695
122.0, 0.9493956879122426
123.0, 0.9484337926350009
124.0, 0.9493811488003403
125.0, 0.9484256469027791
126.0, 0.9493846165113659
127.0, 0.9484264319802521
128.0, 0.9493843337351298
129.0, 0.9484264888021905
130.0, 0.9493843337351298
131.0, 0.9484264888021905
132.0, 0.9493843337351298
133.0, 0.9484265067445846
134.0, 0.9493843337351298
135.0, 0.9484264888021905
136.0, 0.9493843516629804
137.0, 0.9484265067445846
138.0, 0.9493843337351298
139.0, 0.9484264319802521
140.0, 0.9493843337351298
141.0, 0.9484264888021905
142.0, 0.9493843337351298
143.0, 1.6743486952362014
144.0, 1.669713205947971
145.0, 1.6651143295326714
146.0, 1.6568846274671254
147.0, 1.6486974236253609
148.0, 1.63699926596022
149.0, 1.6253444153976304
150.0, 1.6103595081967672
151.0, 1.6807994819207885
152.0, 1.7507778174322017
153.0, 1.8235017243915308
154.0, 1.8954535511250223
155.0, 1.969971109730624
156.0, 2.0434825610018024
157.0, 2.1194266728702735
158.0, 2.1941862737586213
159.0, 2.2712789974727547
160.0, 2.3470495190705365
161.0, 2.425077887663396
162.0, 2.501676568089434
163.0, 2.580475425041079
164.0, 2.657759276075416
165.0, 2.73719914432534
166.0, 2.815055817056228
167.0, 2.8059483286880313
168.0, 2.882226124213818
169.0, 2.960671512271833
170.0, 3.0375818890474693
171.0, 3.116626187659017
172.0, 3.1940782207094993
173.0, 3.2736367453376936
174.0, 3.26209542113216
175.0, 3.3398477340980763
176.0, 3.4160740910348806
177.0, 3.40482421228694
178.0, 3.389832162696462
179.0, 3.374670257100312
180.0, 3.3560622720840207
181.0, 3.4223077039183285
182.0, 3.4389572956316683
183.0, 3.4554445700889347
184.0, 3.468292050614517
185.0, 3.4809535030804666
186.0, 3.489730161401249
187.0, 3.4983004959905615
188.0, 3.502827361309582
189.0, 3.507127298236372
190.0, 3.5073148141471173
191.0, 3.50725540352993
192.0, 3.5031015307940345
193.0, 3.4986817754263786
194.0, 3.490273423728066
195.0, 3.569390402065579
196.0, 3.6469163421375583
197.0, 3.7264792264697473
198.0, 3.7165850162488026
199.0, 3.7942318953866714
200.0, 3.8703684889389574
201.0, 3.9485503739174015
202.0, 4.025177705330711
203.0, 4.103834782126297
204.0, 4.1808987771917145
205.0, 4.259979491364784
206.0, 4.337433443052263
207.0, 4.416893263249653
208.0, 4.494696736818353
209.0, 4.57449695761888
210.0, 4.652614761965095
211.0, 4.73272142323942
212.0, 4.811123058685758
213.0, 4.891506851196884
214.0, 4.970165119041152
215.0, 5.050800131153022
216.0, 5.129691796750414
217.0, 5.210555143853477
218.0, 5.289658791340751
219.0, 5.282736765337434
220.0, 5.360049118952141
221.0, 5.43933358695901
222.0, 5.51693919568306
223.0, 5.525274403579716
224.0, 5.529502263484625
225.0, 5.533379186162176
226.0, 5.5330379248565835
227.0, 5.532365336925623
228.0, 5.5274654973787785
229.0, 5.522256992590039
230.0, 5.512911788261429
231.0, 5.5032842320768145
232.0, 5.489710156248405
233.0, 5.475885695465433
234.0, 5.458399304817575
235.0, 5.440698961019533
236.0, 5.419715068403029
237.0, 5.398558634163308
238.0, 5.397889400664064
239.0, 5.3984569263964435
240.0, 5.397878328644929
241.0, 5.398562940085415
242.0, 5.397891687584701
243.0, 5.395470808760907
244.0, 5.393250713873973
245.0, 5.3904308641496455
246.0, 5.386337252519538
247.0, 5.38160962923953
248.0, 5.375529141801194
249.0, 5.368764138426456
250.0, 5.3606039511433625
251.0, 5.351765820093448
252.0, 5.341598280622012
253.0, 5.330917005582508
254.0, 5.318979112582773
255.0, 5.306730817167845
256.0, 5.293391702466294
257.0, 5.279954858064837
258.0, 5.2656129087004855
259.0, 5.251352427885898
260.0, 5.236349238703889
261.0, 5.221616392275408
262.0, 5.206290586872232
263.0, 5.2334924569320425
264.0, 5.267753857501583
265.0, 5.30254771674605
266.0, 5.337967359419196
267.0, 5.37370800395981
268.0, 5.409502991725326
269.0, 5.445068914768298
270.0, 5.480149100830511
271.0, 5.514468903754554
272.0, 5.547782815418019
273.0, 5.579838060174691
274.0, 5.610409706814716
275.0, 5.639253078042274
276.0, 5.669638781611526
277.0, 5.7020543579405825
278.0, 5.729165415995739
279.0, 5.742278329877908
280.0, 5.760758751892257
281.0, 5.7807990956282485
282.0, 5.794827015643701
spot_hold
0, 0
1, 0
2, 0
3, 0
4, 0
5, 0
6, 0
7, 0
8, 0
9, 0
10, 0
11, 0
12, 0
13, 0
14, 0
15, 0
16, 0
17, 0
18, 0
19, 0
20, 0
21, 0
22, 0
23, 0
24, 0
25, 0
26, 0
27, 0
28, 0
29, 0
30, 0
31, 0
32, 0
33, 0
34, 0
35, 0
36, 0
37, 0
38, 0
39, 0
40, 0
41, 1
42, 1
43, 1
44, 1
45, 1
46, 1
47, 1
48, 1
49, 1
50, 1
51, 1
52, 1
53, 1
54, 1
55, 1
56, 1
57, 1
58, 1
59, 1
60, 1
61, 1
62, 1
63, 1
64, 1
65, 1
66, 1
67, 1
68, 1
69, 1
70, 1
71, 1
72, 1
73, 1
74, 1
75, 1
76, 1
77, 1
78, 1
79, 1
80, 1
81, 1
82, 1
83, 1
84, 1
85, 1
86, 1
87, 1
88, 1
89, 1
90, 1
91, 1
92, 1
93, 1
94, 1
95, 1
96, 1
97, 1
98, 1
99, 1
100, 1
101, 1
102, 1
103, 1
104, 1
105, 1
106, 1
107, 1
108, 1
109, 1
110, 1
111, 1
112, 1
113, 1
114, 1
115, 1
116, 1
117, 1
118, 1
119, 1
120, 1
121, 1
122, 1
123, 1
124, 1
125, 1
126, 1
127, 1
128, 1
129, 1
130, 1
131, 1
132, 1
133, 1
134, 1
135, 1
136, 1
137, 1
138, 1
139, 1
140, 1
141, 1
142, 1
143, 1
144, 1
145, 1
146, 1
147, 1
148, 1
149, 1
150, 1
151, 1
152, 1
153, 1
154, 1
155, 1
156, 1
157, 1
158, 1
159, 1
160, 1
161, 1
162, 1
163, 1
164, 1
165, 1
166, 1
167, 1
168, 1
169, 1
170, 1
171, 1
172, 1
173, 1
174, 1
175, 1
176, 1
177, 1
178, 1
179, 1
180, 1
181, 1
182, 1
183, 1
184, 1
185, 1
186, 1
187, 1
188, 1
189, 1
190, 1
191, 1
192, 1
193, 1
194, 1
195, 1
196, 1
197, 1
198, 1
199, 1
200, 1
201, 1
202, 1
203, 1
204, 1
205, 1
206, 1
207, 1
208, 1
209, 1
210, 1
211, 1
212, 1
213, 1
214, 1
215, 1
216, 1
217, 1
218, 1
219, 1
220, 1
221, 1
222, 1
223, 1
224, 1
225, 1
226, 1
227, 1
228, 1
229, 1
230, 1
231, 1
232, 1
233, 1
234, 1
235, 1
236, 1
237, 1
238, 1
239, 1
240, 1
241, 1
242, 1
243, 1
244, 1
245, 1
246, 1
247, 1
248, 1
249, 1
250, 1
251, 1
252, 1
253, 1
254, 1
255, 1
256, 1
257, 1
258, 1
259, 1
260, 1
261, 1
262, 1
263, 1
264, 1
265, 1
266, 1
267, 1
268, 1
269, 1
270, 1
271, 1
272, 1
273, 1
274, 1
275, 1
276, 1
277, 1
278, 1
279, 1
280, 1
281, 1
282, 1
