bot_dist
0.0, 3.6004611217919713
1.0, 3.60675612562949
2.0, 3.613067839055161
3.0, 3.619396174651531
4.0, 3.625741045382044
5.0, 3.63210236459169
6.0, 3.63848004600761
7.0, 3.644874003739645
8.0, 3.651284152280829
9.0, 3.6577104065078365
10.0, 3.6641526816813794
11.0, 3.670610893446552
12.0, 3.6770849578331313
13.0, 3.6835747912558245
14.0, 3.690080310514479
15.0, 3.6966014327942376
16.0, 3.7031380756656525
17.0, 3.709690157084759
18.0, 3.7162575953931007
19.0, 3.722840309317713
20.0, 3.72943821797107
21.0, 3.7360512408509856
22.0, 3.7426792978404757
23.0, 3.7493223092075842
24.0, 3.7559801956051686
25.0, 3.7626528780706465
26.0, 3.769340278025709
27.0, 3.7760423172759947
28.0, 3.7827589180107335
29.0, 3.7894900028023475
30.0, 3.7962354946060266
31.0, 3.8029953167592683
32.0, 3.8097693929813805
33.0, 3.816557647372962
34.0, 3.823360004415343
35.0, 3.8301763889700005
36.0, 3.837006726277944
37.0, 3.84385094195907
38.0, 3.8507089620114896
39.0, 3.8575807128108295
40.0, 3.864466121109505
41.0, 3.871365114035966
42.0, 3.8782776190939203
43.0, 3.885203564161527
44.0, 3.892142877490572
45.0, 3.899095487705613
46.0, 3.9060613238031086
47.0, 3.913040315150515
48.0, 3.9200323914853707
49.0, 3.9270374829143573
50.0, 3.9340555199123295
51.0, 3.9410864333213422
52.0, 3.9481301543496437
53.0, 3.955186614570654
54.0, 3.9622557459219276
55.0, 3.9693374807040938
56.0, 3.9764317515797813
57.0, 3.983538491572524
58.0, 3.9906576340656534
59.0, 3.9977891128011738
60.0, 4.004932861878616
61.0, 4.012088815753885
62.0, 4.01925690923809
63.0, 4.02643707749635
64.0, 4.033629256046609
65.0, 4.040833380758406
66.0, 4.048049387851665
67.0, 4.055277213895445
68.0, 4.062516795806694
69.0, 4.06976807084899
70.0, 4.077030976631262
71.0, 4.084305451106507
72.0, 4.091591432570503
73.0, 4.098888859660491
74.0, 4.106197671353871
75.0, 4.113517806966873
76.0, 4.120849206153228
77.0, 4.128191808902821
78.0, 4.135545555540349
79.0, 4.142910386723959
80.0, 4.15028624344388
81.0, 4.157673067021059
82.0, 4.1650707991057745
83.0, 4.172479381676254
84.0, 4.179898757037284
85.0, 4.187328867818807
86.0, 4.1947696569745245
87.0, 4.202221067780483
88.0, 4.209683043833661
89.0, 4.2171555290505545
90.0, 4.22463846766575
91.0, 4.232131804230501
92.0, 4.239635483611289
93.0, 4.247149450988402
94.0, 4.254673651854482
95.0, 4.262208032013098
96.0, 4.26975253757729
97.0, 4.277307114968129
98.0, 4.284871710913266
99.0, 4.292446272445481
100.0, 4.300030746901233
101.0, 4.300030746901233
102.0, 4.300030746901233
103.0, 4.300030746901233
104.0, 4.300030746901233
105.0, 4.300030746901233
106.0, 4.300030746901233
107.0, 4.300030746901233
108.0, 4.300030746901233
109.0, 4.300030746901233
110.0, 4.300030746901233
111.0, 4.300030746901233
112.0, 4.300030746901233
113.0, 4.300030746901233
114.0, 4.300030746901233
115.0, 4.300030746901233
116.0, 4.300030746901233
117.0, 4.300030746901233
118.0, 4.300030746901233
119.0, 4.300030746901233
120.0, 4.300030746901233
121.0, 4.300030746901233
122.0, 4.300030746901233
123.0, 4.300030746901233
124.0, 4.300030746901233
125.0, 4.300030746901233
126.0, 4.300030746901233
127.0, 4.300030746901233
128.0, 4.300030746901233
129.0, 4.300030746901233
130.0, 4.300030746901233
131.0, 4.292446272445481
132.0, 4.284871710913266
133.0, 4.277307114968129
134.0, 4.26975253757729
135.0, 4.262208032013098
136.0, 4.254673651854482
137.0, 4.247149450988402
138.0, 4.239635483611289
139.0, 4.232131804230501
140.0, 4.22463846766575
141.0, 4.2171555290505545
142.0, 4.209683043833661
143.0, 4.206082073227045
144.0, 4.198637514634712
145.0, 4.1912035922265245
146.0, 4.183780362698981
147.0, 4.1763678830698385
148.0, 4.168966210679501
149.0, 4.161575403192411
150.0, 4.154195518598432
151.0, 4.0646751088711905
152.0, 3.9751703451216027
153.0, 3.88568226860296
154.0, 3.7962121023547364
155.0, 3.706761143278801
156.0, 3.6173308162658335
157.0, 3.5279226903404783
158.0, 3.4385384973066433
159.0, 3.349180153355197
160.0, 3.25984978419631
161.0, 3.1705497544036425
162.0, 3.0812827018144797
163.0, 2.992051578028221
164.0, 2.9028596962976123
165.0, 2.813710788429551
166.0, 2.7246090727274073
167.0, 2.716989445598391
168.0, 2.626804219754004
169.0, 2.5366381274418512
170.0, 2.4464931133590913
171.0, 2.3563715966041325
172.0, 2.2662763803868784
173.0, 2.176210731239897
174.0, 2.1685599852333115
175.0, 2.0779547835507626
176.0, 1.9873846529999804
177.0, 1.9797792962863014
178.0, 1.9721953160492103
179.0, 1.9646329598445442
180.0, 1.9570924783431052
181.0, 1.8708301938361938
182.0, 1.8634287859704721
183.0, 1.8560517412551127
184.0, 1.8486993513460794
185.0, 1.8413719115749607
186.0, 1.8340697209827017
187.0, 1.8267930823529075
188.0, 1.7375747997856525
189.0, 1.7303060606943144
190.0, 1.6424911900965788
191.0, 1.5548386654775919
192.0, 1.4673773759440105
193.0, 1.380143678335502
194.0, 1.2931836311659295
195.0, 1.206556404247425
196.0, 1.120339203542562
197.0, 1.0346345378959745
198.0, 0.9495811943530581
199.0, 0.8653712405549843
200.0, 0.7822770896167761
201.0, 0.700695816704969
202.0, 0.6212237373163729
203.0, 0.5447846893147138
204.0, 0.4728518851258449
205.0, 0.40781683936704954
206.0, 0.35350723517988053
207.0, 0.31551113740507725
208.0, 0.300090506310507
209.0, 0.3106259290170028
210.0, 0.34474591400999144
211.0, 0.3964063273427976
212.0, 0.4597319479395275
213.0, 0.4605279910797769
214.0, 0.5345624190599754
215.0, 0.6124681351463864
216.0, 0.6148578608628135
217.0, 0.6174003248933612
218.0, 0.6200936485004435
219.0, 0.6229358749191488
220.0, 0.6259249757203413
221.0, 0.6290588571972139
222.0, 0.6323353667355244
223.0, 0.635752299130224
224.0, 0.6393074028139453
225.0, 0.6429983859657729
226.0, 0.6468229224718277
227.0, 0.6507786577123851
228.0, 0.6548632141534609
229.0, 0.6590741967240108
230.0, 0.6634091979630138
231.0, 0.6634091979630138
232.0, 0.6634091979630138
233.0, 0.6634091979630138
234.0, 0.6634091979630138
235.0, 0.6634091979630138
236.0, 0.6634091979630138
237.0, 0.6634091979630138
238.0, 0.6634091979630138
239.0, 0.6634091979630138
240.0, 0.6634091979630138
241.0, 0.6634091979630138
242.0, 0.6634091979630138
243.0, 0.6634091979630138
244.0, 0.6634091979630138
245.0, 0.6634091979630138
246.0, 0.6634091979630138
247.0, 0.6634091979630138
248.0, 0.6634091979630138
249.0, 0.6634091979630138
250.0, 0.6634091979630138
251.0, 0.6634091979630138
252.0, 0.6634091979630138
253.0, 0.6634091979630138
254.0, 0.6634091979630138
255.0, 0.6634091979630138
256.0, 0.6634091979630138
257.0, 0.6634091979630138
258.0, 0.6634091979630138
259.0, 0.6634091979630138
260.0, 0.6634091979630138
261.0, 0.6590741967240108
262.0, 0.6548632141534609
263.0, 0.6507786577123851
264.0, 0.6468229224718277
265.0, 0.6429983859657729
266.0, 0.6393074028139453
267.0, 0.635752299130224
268.0, 0.6323353667355244
269.0, 0.6290588571972139
270.0, 0.6259249757203413
271.0, 0.6229358749191488
272.0, 0.6200936485004435
273.0, 0.6174003248933612
274.0, 0.6148578608628135
275.0, 0.6124681351463864
276.0, 0.6102329421566163
277.0, 0.6081539857923143
278.0, 0.606232873403915
279.0, 0.6044711099586038
280.0, 0.6028700924512146
281.0, 0.6014311046065178
282.0, 0.6001553119175292
ee_dist
0.0, 0.8399497832360008
1.0, 0.8313888830139815
2.0, 0.8981146739007011
3.0, 0.9697375227726284
4.0, 0.9943841215009379
5.0, 1.0193902385733744
6.0, 1.0548571588532059
7.0, 1.0920849924933673
8.0, 1.1290324813033579
9.0, 1.1710531284304622
10.0, 1.2080704654328247
11.0, 1.242452378239097
12.0, 1.275353661981083
13.0, 1.3057459085312737
14.0, 1.3343263391278448
15.0, 1.3598568210766726
16.0, 1.384602607605278
17.0, 1.403681771911707
18.0, 1.4250908451485795
19.0, 1.4433181504152697
20.0, 1.4617638738967025
21.0, 1.4389243961057023
22.0, 1.4064410354793901
23.0, 1.3711240327059129
24.0, 1.3324980427397828
25.0, 1.290578888838422
26.0, 1.2455525915474204
27.0, 1.1975069051938954
28.0, 1.1466012320934076
29.0, 1.0928297129573599
30.0, 1.036301345802819
31.0, 0.9773740824051127
32.0, 0.9157942378367779
33.0, 0.852652042852007
34.0, 0.787758075747007
35.0, 0.7217398762801265
36.0, 0.6547189496796358
37.0, 0.5877977106139359
38.0, 0.5218068626535776
39.0, 0.45840049647539777
40.0, 0.3987366205488935
41.0, 0.4142716899046342
42.0, 0.6660285477177971
43.0, 1.2570254078673209
44.0, 1.2198489110712973
45.0, 1.1803398045929154
46.0, 1.1386900726669815
47.0, 1.0943576996885684
48.0, 1.0478486818001918
49.0, 0.9988041365073799
50.0, 0.9479861695727454
51.0, 0.8956762144123857
52.0, 0.8421275873240721
53.0, 0.7873526002390911
54.0, 0.7314343672707846
55.0, 0.6744690650495121
56.0, 0.617270201665296
57.0, 0.5600544952277166
58.0, 0.6175420757357154
59.0, 0.6942628049757837
60.0, 0.7794927931395536
61.0, 0.8727758178211211
62.0, 0.9684540684903484
63.0, 1.06142827467315
64.0, 1.1478478737212017
65.0, 1.214219907563628
66.0, 1.2699601433015426
67.0, 1.3270641189433365
68.0, 1.3797630780050645
69.0, 1.4321778218405101
70.0, 1.4851873410669234
71.0, 1.5365769840443024
72.0, 1.5935357109412753
73.0, 1.6555895211498879
74.0, 1.722428857459063
75.0, 1.800299654278884
76.0, 1.887368041290473
77.0, 1.9837387593185432
78.0, 2.0842030800489257
79.0, 2.183563722883583
80.0, 2.2774509910754452
81.0, 2.3559712245459346
82.0, 2.419380928740251
83.0, 2.4816141738781803
84.0, 2.541516330461413
85.0, 2.6007826514564636
86.0, 2.649629922665017
87.0, 2.6780839521882154
88.0, 2.7089240152160694
89.0, 2.748652726214826
90.0, 2.798999411866853
91.0, 2.8831891118589037
92.0, 2.9773627615482114
93.0, 3.0790346035410523
94.0, 3.187170686051482
95.0, 3.29443991383291
96.0, 3.3965037698763636
97.0, 3.486179615752796
98.0, 3.5584569151918823
99.0, 3.6253999141836193
100.0, 3.691168876808617
101.0, 3.7545433095163214
102.0, 3.8177738620247648
103.0, 3.8799490432679677
104.0, 3.944324339398469
105.0, 4.013746290533475
106.0, 4.088827636726557
107.0, 4.1699724432898915
108.0, 4.262031675974299
109.0, 4.362050209452718
110.0, 4.469348278798443
111.0, 4.577763002294281
112.0, 4.681337893241274
113.0, 4.775795391897573
114.0, 4.850855686169614
115.0, 4.8979042999518105
116.0, 4.9446990843087555
117.0, 4.989428720415546
118.0, 5.033379183548412
119.0, 5.074696716352024
120.0, 5.114757318400425
121.0, 5.151692106285734
122.0, 5.186973463392649
123.0, 5.21875127084592
124.0, 5.248428148678131
125.0, 5.274310479432693
126.0, 5.297840758100437
127.0, 5.317278104977344
128.0, 5.334181500984526
129.0, 5.346835587846939
130.0, 5.356705756008079
131.0, 5.36225994148455
132.0, 5.364988953847906
133.0, 5.363323904026922
134.0, 5.358854074213156
135.0, 5.350023064942617
136.0, 5.338420196175894
137.0, 5.322564205456146
138.0, 5.304101146205841
139.0, 5.281576080811229
140.0, 5.256574745500494
141.0, 5.226235591692293
142.0, 5.226616183712069
143.0, 4.602782224227765
144.0, 4.590527185736892
145.0, 4.581510777195272
146.0, 4.574243709582377
147.0, 4.570208525043263
148.0, 4.568241438565269
149.0, 4.5694480832249855
150.0, 4.57273012211603
151.0, 4.4904876686877815
152.0, 4.407737289875707
153.0, 4.325556699141012
154.0, 4.24287552367536
155.0, 4.160764315823252
156.0, 4.078159923043929
157.0, 3.996127210591741
158.0, 3.9136099185466224
159.0, 3.831666006142976
160.0, 3.74924691175976
161.0, 3.6674037875361836
162.0, 3.585096418260316
163.0, 3.503369137379571
164.0, 3.4211895936993213
165.0, 3.339595102576518
166.0, 3.2575629329132836
167.0, 3.2655498547749957
168.0, 3.1854348385721876
169.0, 3.1059978183032353
170.0, 3.026264970852065
171.0, 2.9472336933795376
172.0, 2.86819461404343
173.0, 2.7895741439376764
174.0, 2.800804289250019
175.0, 2.7255928627981607
176.0, 2.6500891998228755
177.0, 2.6652277417688706
178.0, 2.6818822913041647
179.0, 2.7013756711186288
180.0, 2.7221149814682373
181.0, 2.6662314869141706
182.0, 2.644383643716399
183.0, 2.625097893651521
184.0, 2.6071619927908416
185.0, 2.592228000202541
186.0, 2.5788877736061537
187.0, 2.5689053782095166
188.0, 2.4887765480489854
189.0, 2.4811198676457953
190.0, 2.3992917429329337
191.0, 2.318438948066838
192.0, 2.2368683170867993
193.0, 2.156353212946211
194.0, 2.0751190217262483
195.0, 1.9949781737896433
196.0, 1.914222135700725
197.0, 1.8346074628389362
198.0, 1.754392966389783
199.0, 1.6754009609290528
200.0, 1.595973974584291
201.0, 1.5178624859442733
202.0, 1.4356525718321496
203.0, 1.3360846685311007
204.0, 1.2621801206835788
205.0, 1.2016114179584654
206.0, 1.1322532981562516
207.0, 1.0585418872268908
208.0, 0.9873648388989885
209.0, 0.9199917949031832
210.0, 0.8525613633680333
211.0, 0.7880452325305057
212.0, 0.7275551957877288
213.0, 0.7082409998001657
214.0, 0.6461900823166173
215.0, 0.5893892114891356
216.0, 0.5691260925530011
217.0, 0.5515174064761865
218.0, 0.5367781754536624
219.0, 0.5251960858617263
220.0, 0.5176987917458384
221.0, 0.5135914122911114
222.0, 0.5138818747810205
223.0, 0.5177311147959326
224.0, 0.525778489346768
225.0, 0.537135053585418
226.0, 0.5520617201306897
227.0, 0.5697444450055711
228.0, 0.5901505272381984
229.0, 0.5901127420518101
230.0, 0.5901539839155602
231.0, 0.5903356742160712
232.0, 0.5901348601924215
233.0, 0.5901462714894243
234.0, 0.5901571612755374
235.0, 0.5901778932919224
236.0, 0.5901610601150189
237.0, 0.5902987062594771
238.0, 0.5899882360397356
239.0, 0.5903007316597291
240.0, 0.5899890956155484
241.0, 0.5903075323932433
242.0, 0.5899873425514607
243.0, 0.5960174957982518
244.0, 0.6080400067473891
245.0, 0.6211819231210504
246.0, 0.6363613935946816
247.0, 0.6525101447230384
248.0, 0.6703849695168566
249.0, 0.6888830355377413
250.0, 0.7088268167084126
251.0, 0.7291124073627425
252.0, 0.7505585386024967
253.0, 0.772099716393396
254.0, 0.7944917225436479
255.0, 0.8167514929495895
256.0, 0.8395378086697973
257.0, 0.8619852258702059
258.0, 0.8846569286030965
259.0, 0.9068113162151871
260.0, 0.9289463027319987
261.0, 0.9503940200694411
262.0, 0.9716292101716922
263.0, 0.9525251633081945
264.0, 0.9297395619251386
265.0, 0.9060226661446444
266.0, 0.8812338200017356
267.0, 0.8555823395998343
268.0, 0.8291256902962209
269.0, 0.802105854226361
270.0, 0.7746048708354092
271.0, 0.7469194702659735
272.0, 0.7191680339087692
273.0, 0.6917087517234322
274.0, 0.6647161558902878
275.0, 0.6383655731433013
276.0, 0.6134368958822867
277.0, 0.5899287885576269
278.0, 0.5680774842561789
279.0, 0.5486193881122748
280.0, 0.5316280031929034
281.0, 0.518253935087036
282.0, 0.5109846851592627
ee_box_dist
0.0, 6.336800990183527
1.0, 6.338012407380524
2.0, 6.356756554318045
3.0, 6.413585998858683
4.0, 6.53841567614991
5.0, 6.766704786017232
6.0, 7.133310721485816
7.0, 7.666300009796434
8.0, 8.38264610404154
9.0, 9.290380977974646
10.0, 10.383834201101614
11.0, 11.65504234656148
12.0, 13.09319987864434
13.0, 14.688244909598465
14.0, 16.429343027450688
15.0, 18.30818856010654
16.0, 20.316550474093134
17.0, 22.44757696974799
18.0, 24.69604517152174
19.0, 27.056143908905042
20.0, 29.523063171665058
21.0, 32.11662643296278
22.0, 34.81293953648502
23.0, 37.59977267588941
24.0, 40.47326928893917
25.0, 43.43014343822723
26.0, 46.466738673148896
27.0, 49.58025500273599
28.0, 52.767571879309195
29.0, 56.026254109588585
30.0, 59.353495465955476
31.0, 62.74727797496403
32.0, 66.20500356102954
33.0, 69.72527839065025
34.0, 73.30588690515268
35.0, 76.94548176812819
36.0, 80.64194500361947
37.0, 84.39424948559227
38.0, 88.20076267325086
39.0, 92.06058500825053
40.0, 95.97688442495568
41.0, 100.02076541449892
42.0, 104.1158201764518
43.0, 108.26067356223258
44.0, 112.45358691075117
45.0, 116.6933804913949
46.0, 120.97839717809978
47.0, 125.30749373596062
48.0, 129.6791257936955
49.0, 134.0922274283762
50.0, 138.54534870563202
51.0, 143.03753484976954
52.0, 147.56732083231103
53.0, 152.1339247714911
54.0, 156.73597975768385
55.0, 161.37258110471532
56.0, 166.0425872226142
57.0, 170.74514106891698
58.0, 175.47911206220795
59.0, 180.24372222596503
60.0, 185.03792231902426
61.0, 189.86099721010427
62.0, 194.71191829727505
63.0, 199.5900158251243
64.0, 204.49434399528877
65.0, 209.4243086529103
66.0, 214.37895443362953
67.0, 219.35777841045223
68.0, 224.35986070477756
69.0, 229.3846526962456
70.0, 234.43140621672623
71.0, 239.49960463475034
72.0, 244.58845782266442
73.0, 249.69757217393624
74.0, 254.82616082796739
75.0, 259.97381642690857
76.0, 265.13984606891523
77.0, 270.32389072451633
78.0, 275.5252900752949
79.0, 280.7435196280504
80.0, 285.9781956864881
81.0, 291.22896833115914
82.0, 296.4952420968357
83.0, 301.7766535153642
84.0, 307.0726482188189
85.0, 312.38298507174056
86.0, 317.7435046071062
87.0, 323.1239281456327
88.0, 328.49953777985104
89.0, 333.88137262377643
90.0, 339.26882246195373
91.0, 344.6666186565839
92.0, 350.07559585083516
93.0, 355.4964291421601
94.0, 360.9279345144192
95.0, 366.3705761645055
96.0, 371.8232425506204
97.0, 377.28650199258846
98.0, 382.75916469464016
99.0, 388.2418018440593
100.0, 393.7333505737869
101.0, 399.2342795287912
102.0, 404.74361767105773
103.0, 410.26182834700603
104.0, 415.78795087809715
105.0, 421.3223703969657
106.0, 426.86420953542216
107.0, 432.41397346155406
108.0, 437.9707131647183
109.0, 443.5349460989141
110.0, 449.1057116722444
111.0, 454.68360923208286
112.0, 460.2675906778533
113.0, 465.85830620150983
114.0, 471.4547532749606
115.0, 477.05756472251045
116.0, 482.6658022157709
117.0, 488.2800837959356
118.0, 493.89938156482884
119.0, 499.52439806666985
120.0, 505.1541496615607
121.0, 510.7893221060839
122.0, 516.4289744312435
123.0, 522.0736466205304
124.0, 527.7225776342182
125.0, 533.3763044916298
126.0, 539.0339103030885
127.0, 544.6961426789811
128.0, 550.3620588645881
129.0, 556.0322909736057
130.0, 561.7059899103908
131.0, 567.3838088694924
132.0, 573.0648371243892
133.0, 578.7498762196659
134.0, 584.4377491217089
135.0, 590.1293289924733
136.0, 595.8238720733776
137.0, 601.5218767297532
138.0, 607.2224679078404
139.0, 612.9264571101311
140.0, 618.63293165754
141.0, 624.3425516253424
142.0, 630.054399059146
143.0, 635.950421298281
144.0, 641.667162169859
145.0, 647.386875640313
146.0, 653.1084783698304
147.0, 658.832868168028
148.0, 664.5591203961328
149.0, 670.2879989516633
150.0, 676.0185583068152
151.0, 681.7515576754165
152.0, 687.4861786547308
153.0, 693.2231825835022
154.0, 698.9616252184114
155.0, 704.7023264905846
156.0, 710.4444667099391
157.0, 716.1888028281766
158.0, 721.934273023919
159.0, 727.681936748387
160.0, 733.4307354800568
161.0, 739.181481530657
162.0, 744.9334240020002
163.0, 750.6871898164732
164.0, 756.4418475370417
165.0, 762.1985095935707
166.0, 767.9559424181696
167.0, 773.7149227633574
168.0, 779.4749484588433
169.0, 785.2366095397597
170.0, 790.9990437074698
171.0, 796.7629886958729
172.0, 802.5277190620913
173.0, 808.2938155056885
174.0, 814.0605474390632
175.0, 819.8287554844932
176.0, 825.5975668435061
177.0, 831.367711465595
178.0, 837.138384382059
179.0, 842.9103884648264
180.0, 848.6828521860209
181.0, 854.4563766549298
182.0, 860.2308112781354
183.0, 866.0065739207884
184.0, 871.7827316735763
185.0, 877.5599695826943
186.0, 883.3374229305615
187.0, 889.1162594656986
188.0, 894.8950152286017
189.0, 900.6749425096029
190.0, 906.4552926531533
191.0, 912.2365289275207
192.0, 918.017864436613
193.0, 923.8004044577439
194.0, 929.582850449788
195.0, 935.3666222021086
196.0, 941.1502531230784
197.0, 946.935083834124
198.0, 952.7198197473026
199.0, 958.5056355797536
200.0, 964.2913742886209
201.0, 970.0782477126043
202.0, 975.8635559193256
203.0, 981.6484663184673
204.0, 987.4431158421569
205.0, 993.2274501362422
206.0, 999.0167759475154
207.0, 1004.8064262724869
208.0, 1010.5964547721741
209.0, 1016.3857672762307
210.0, 1022.1760766866544
211.0, 1027.966870670683
212.0, 1033.7576086570148
213.0, 1039.5484271170346
214.0, 1045.3391949772774
215.0, 1051.1321495557816
216.0, 1056.9248083433363
217.0, 1062.7177119189498
218.0, 1068.510345435707
219.0, 1074.3031481507307
220.0, 1080.0958538281188
221.0, 1085.888643433623
222.0, 1091.6830290048513
223.0, 1097.4778831324168
224.0, 1103.2724803638398
225.0, 1109.0673226621798
226.0, 1114.8618854019655
227.0, 1120.6565928400025
228.0, 1126.451242530916
229.0, 1132.2459248219848
230.0, 1138.040540094343
231.0, 1143.83687717614
232.0, 1149.633379814253
233.0, 1155.4301554374006
234.0, 1161.2267143704653
235.0, 1167.023502034094
236.0, 1172.8200502499872
237.0, 1178.616844264876
238.0, 1184.4133172011032
239.0, 1190.2101864103618
240.0, 1196.006661169182
241.0, 1201.8035339488256
242.0, 1207.6000067214995
243.0, 1213.4118332453054
244.0, 1219.2381908766047
245.0, 1225.0629411561395
246.0, 1230.8870651847096
247.0, 1236.709921928163
248.0, 1242.531860910708
249.0, 1248.352314024392
250.0, 1254.1716328244063
251.0, 1259.9894062051144
252.0, 1265.805835997093
253.0, 1271.620646243114
254.0, 1277.434139994224
255.0, 1283.2459900429644
256.0, 1289.056319289979
257.0, 1294.8651244528553
258.0, 1300.6722516282446
259.0, 1306.4779866069146
260.0, 1312.2819493478057
261.0, 1318.0846827964608
262.0, 1323.8856247864383
263.0, 1329.7049241077757
264.0, 1335.5277762992262
265.0, 1341.3459879102763
266.0, 1347.1596353809232
267.0, 1352.9686540930304
268.0, 1358.772851298387
269.0, 1364.5722612637271
270.0, 1370.3667515742682
271.0, 1376.156446481201
272.0, 1381.941275135951
273.0, 1387.721452838313
274.0, 1393.4969708304018
275.0, 1399.2677378953035
276.0, 1405.0347408937691
277.0, 1410.7976626745317
278.0, 1416.5567779713356
279.0, 1422.312541287695
280.0, 1428.0651150737817
281.0, 1433.8150224509118
282.0, 1439.5676767291548
spot_hold
0, 0
1, 0
2, 0
3, 0
4, 0
5, 0
6, 0
7, 0
8, 0
9, 0
10, 0
11, 0
12, 0
13, 0
14, 0
15, 0
16, 0
17, 0
18, 0
19, 0
20, 0
21, 0
22, 0
23, 0
24, 0
25, 0
26, 0
27, 0
28, 0
29, 0
30, 0
31, 0
32, 0
33, 0
34, 0
35, 0
36, 0
37, 0
38, 0
39, 0
40, 0
41, 1
42, 1
43, 1
44, 1
45, 1
46, 1
47, 1
48, 1
49, 1
50, 1
51, 1
52, 1
53, 1
54, 1
55, 1
56, 1
57, 1
58, 1
59, 1
60, 1
61, 1
62, 1
63, 1
64, 1
65, 1
66, 1
67, 1
68, 1
69, 1
70, 1
71, 1
72, 1
73, 1
74, 1
75, 1
76, 1
77, 1
78, 1
79, 1
80, 1
81, 1
82, 1
83, 1
84, 1
85, 1
86, 1
87, 1
88, 1
89, 1
90, 1
91, 1
92, 1
93, 1
94, 1
95, 1
96, 1
97, 1
98, 1
99, 1
100, 1
101, 1
102, 1
103, 1
104, 1
105, 1
106, 1
107, 1
108, 1
109, 1
110, 1
111, 1
112, 1
113, 1
114, 1
115, 1
116, 1
117, 1
118, 1
119, 1
120, 1
121, 1
122, 1
123, 1
124, 1
125, 1
126, 1
127, 1
128, 1
129, 1
130, 1
131, 1
132, 1
133, 1
134, 1
135, 1
136, 1
137, 1
138, 1
139, 1
140, 1
141, 1
142, 1
143, 1
144, 1
145, 1
146, 1
147, 1
148, 1
149, 1
150, 1
151, 1
152, 1
153, 1
154, 1
155, 1
156, 1
157, 1
158, 1
159, 1
160, 1
161, 1
162, 1
163, 1
164, 1
165, 1
166, 1
167, 1
168, 1
169, 1
170, 1
171, 1
172, 1
173, 1
174, 1
175, 1
176, 1
177, 1
178, 1
179, 1
180, 1
181, 1
182, 1
183, 1
184, 1
185, 1
186, 1
187, 1
188, 1
189, 1
190, 1
191, 1
192, 1
193, 1
194, 1
195, 1
196, 1
197, 1
198, 1
199, 1
200, 1
201, 1
202, 1
203, 1
204, 1
205, 1
206, 1
207, 1
208, 1
209, 1
210, 1
211, 1
212, 1
213, 1
214, 1
215, 1
216, 1
217, 1
218, 1
219, 1
220, 1
221, 1
222, 1
223, 1
224, 1
225, 1
226, 1
227, 1
228, 1
229, 1
230, 1
231, 1
232, 1
233, 1
234, 1
235, 1
236, 1
237, 1
238, 1
239, 1
240, 1
241, 1
242, 1
243, 1
244, 1
245, 1
246, 1
247, 1
248, 1
249, 1
250, 1
251, 1
252, 1
253, 1
254, 1
255, 1
256, 1
257, 1
258, 1
259, 1
260, 1
261, 1
262, 1
263, 1
264, 1
265, 1
266, 1
267, 1
268, 1
269, 1
270, 1
271, 1
272, 1
273, 1
274, 1
275, 1
276, 1
277, 1
278, 1
279, 1
280, 1
281, 1
282, 1
