bot_dist
0.0, 2.9843210972249117
1.0, 2.9877958447199116
2.0, 2.9912999878422113
3.0, 2.9948334234076257
4.0, 2.9983960478578275
5.0, 3.0019877572726408
6.0, 3.0056084473822566
7.0, 3.0092580135793803
8.0, 3.012936350931302
9.0, 3.016643354191894
10.0, 3.020378917813524
11.0, 3.024142935958888
12.0, 3.0279353025127653
13.0, 3.0317559110936814
14.0, 3.0356046550654883
15.0, 3.039481427548855
16.0, 3.0433861214326656
17.0, 3.04731862938533
18.0, 3.0512788438659917
19.0, 3.0552666571356513
20.0, 3.059281961268185
21.0, 3.0633246481612657
22.0, 3.0673946095471893
23.0, 3.071491737003592
24.0, 3.075615921964072
25.0, 3.0797670557287042
26.0, 3.0839450294744517
27.0, 3.088149734265467
28.0, 3.092381061063296
29.0, 3.096638900736961
30.0, 3.1009231440729463
31.0, 3.10523368178507
32.0, 3.1095704045242414
33.0, 3.1139332028881137
34.0, 3.11832196743062
35.0, 3.1227365886714007
36.0, 3.127176957105115
37.0, 3.131642963210635
38.0, 3.1361344974601373
39.0, 3.140651450328067
40.0, 3.1451937122999922
41.0, 3.149761173881347
42.0, 3.1543537256060517
43.0, 3.158971258045019
44.0, 3.1636136618145487
45.0, 3.168280827584602
46.0, 3.172972646086955
47.0, 3.177688895387289
48.0, 3.182429577938505
49.0, 3.1871945847134193
50.0, 3.1919838067781248
51.0, 3.196797135299567
52.0, 3.2016344615530055
53.0, 3.2064956769293516
54.0, 3.211380672942397
55.0, 3.216289341235928
56.0, 3.221221573590716
57.0, 3.2261772619314
58.0, 3.2311562983332536
59.0, 3.2361585750288335
60.0, 3.241183984414519
61.0, 3.2462324190569345
62.0, 3.251303771699259
63.0, 3.256397935267424
64.0, 3.261514802876203
65.0, 3.2666542678351767
66.0, 3.2718162236546067
67.0, 3.2770005640511766
68.0, 3.2822071829536448
69.0, 3.287435974508371
70.0, 3.2926868330847436
71.0, 3.2979596532804942
72.0, 3.3032543299269124
73.0, 3.3085707580939414
74.0, 3.3139088330951822
75.0, 3.3192684504927827
76.0, 3.324649506102226
77.0, 3.3300518959970153
78.0, 3.3354755165132595
79.0, 3.340920264254147
80.0, 3.3463860360943323
81.0, 3.35187272918421
82.0, 3.3573802409540994
83.0, 3.3629084691183215
84.0, 3.36845731167919
85.0, 3.3740266669308916
86.0, 3.379616433463286
87.0, 3.385226510165598
88.0, 3.3908567962300227
89.0, 3.396507191155238
90.0, 3.4021775947498223
91.0, 3.407867907135583
92.0, 3.4135780287507944
93.0, 3.4193078603533484
94.0, 3.425057303023813
95.0, 3.43082625816841
96.0, 3.4366146275218985
97.0, 3.4424223131503826
98.0, 3.448249217454028
99.0, 3.454095243169698
100.0, 3.4599602933735065
101.0, 3.4599602933735065
102.0, 3.4599602933735065
103.0, 3.4599602933735065
104.0, 3.4599602933735065
105.0, 3.4599602933735065
106.0, 3.4599602933735065
107.0, 3.4599602933735065
108.0, 3.4599602933735065
109.0, 3.4599602933735065
110.0, 3.4599602933735065
111.0, 3.4599602933735065
112.0, 3.4599602933735065
113.0, 3.4599602933735065
114.0, 3.4599602933735065
115.0, 3.4599602933735065
116.0, 3.4599602933735065
117.0, 3.4599602933735065
118.0, 3.4599602933735065
119.0, 3.4599602933735065
120.0, 3.4599602933735065
121.0, 3.4599602933735065
122.0, 3.4599602933735065
123.0, 3.4599602933735065
124.0, 3.4599602933735065
125.0, 3.4599602933735065
126.0, 3.4599602933735065
127.0, 3.4599602933735065
128.0, 3.4599602933735065
129.0, 3.4599602933735065
130.0, 3.4599602933735065
131.0, 3.454095243169698
132.0, 3.448249217454028
133.0, 3.4424223131503826
134.0, 3.4366146275218985
135.0, 3.43082625816841
136.0, 3.425057303023813
137.0, 3.4193078603533484
138.0, 3.4135780287507944
139.0, 3.407867907135583
140.0, 3.4021775947498223
141.0, 3.396507191155238
142.0, 3.3908567962300227
143.0, 3.3900181458735195
144.0, 3.384416011893172
145.0, 3.3788341855415993
146.0, 3.373272767629202
147.0, 3.367731859262479
148.0, 3.3622115618403297
149.0, 3.356711977050249
150.0, 3.3512332068644404
151.0, 3.262914784576464
152.0, 3.1746832872190396
153.0, 3.0865461189867482
154.0, 2.9985116522775614
155.0, 2.9105892061203584
156.0, 2.8227892479695056
157.0, 2.7351235737801742
158.0, 2.647605522537618
159.0, 2.560250233048175
160.0, 2.4730749528477
161.0, 2.386099411740833
162.0, 2.2993462759543473
163.0, 2.2128417034456347
164.0, 2.126616026930839
165.0, 2.040704599205362
166.0, 1.9551488460382254
167.0, 1.950836281726447
168.0, 1.867728016846421
169.0, 1.7853340054386841
170.0, 1.7037576296192776
171.0, 1.6231221745277082
172.0, 1.5435751066432457
173.0, 1.4652936940085937
174.0, 1.4623484578320858
175.0, 1.3893462951889564
176.0, 1.3185830453022807
177.0, 1.3164754802174563
178.0, 1.3144406157325856
179.0, 1.3124787899923054
180.0, 1.3105903309922609
181.0, 1.2652070901932502
182.0, 1.2640127953943368
183.0, 1.2628965564861079
184.0, 1.261858580613083
185.0, 1.2608990391143664
186.0, 1.2600181369200916
187.0, 1.2592160390699456
188.0, 1.2584928962412962
189.0, 1.2578488446089164
190.0, 1.2572840057176997
191.0, 1.2567984863686312
192.0, 1.256392378518271
193.0, 1.2560657591919668
194.0, 1.2558186904109858
195.0, 1.173465061592923
196.0, 1.0914801426117233
197.0, 1.0099537296306396
198.0, 1.0102505210212889
199.0, 0.9288612894874877
200.0, 0.847969331643441
201.0, 0.7677318490997903
202.0, 0.688377737329902
203.0, 0.6102517011820461
204.0, 0.5338931360812011
205.0, 0.46018271928501625
206.0, 0.39062245444594895
207.0, 0.3278645774113087
208.0, 0.2765790533278106
209.0, 0.24410710102988192
210.0, 0.23826895144271604
211.0, 0.26085900805780693
212.0, 0.3056374704827402
213.0, 0.36451696401699335
214.0, 0.4317666999250144
215.0, 0.5040476797861431
216.0, 0.5794801426444584
217.0, 0.6569794516029251
218.0, 0.735892896979927
219.0, 0.7391646970269757
220.0, 0.8164778236510472
221.0, 0.8948305655233385
222.0, 0.9739720544109994
223.0, 0.9766449911141097
224.0, 0.9794127443107703
225.0, 0.9822745125084978
226.0, 0.985229476459489
227.0, 0.9882768001935732
228.0, 0.9914156320496645
229.0, 0.9946451057032362
230.0, 0.9979643411874725
231.0, 0.9979643411874725
232.0, 0.9979643411874725
233.0, 0.9979643411874725
234.0, 0.9979643411874725
235.0, 0.9979643411874725
236.0, 0.9979643411874725
237.0, 0.9979643411874725
238.0, 0.9979643411874725
239.0, 0.9979643411874725
240.0, 0.9979643411874725
241.0, 0.9979643411874725
242.0, 0.9979643411874725
243.0, 0.9979643411874725
244.0, 0.9979643411874725
245.0, 0.9979643411874725
246.0, 0.9979643411874725
247.0, 0.9979643411874725
248.0, 0.9979643411874725
249.0, 0.9979643411874725
250.0, 0.9979643411874725
251.0, 0.9979643411874725
252.0, 0.9979643411874725
253.0, 0.9979643411874725
254.0, 0.9979643411874725
255.0, 0.9979643411874725
256.0, 0.9979643411874725
257.0, 0.9979643411874725
258.0, 0.9979643411874725
259.0, 0.9979643411874725
260.0, 0.9979643411874725
261.0, 0.9946451057032362
262.0, 0.9914156320496645
263.0, 0.9882768001935732
264.0, 0.985229476459489
265.0, 0.9822745125084978
266.0, 0.9794127443107703
267.0, 0.9766449911141097
268.0, 0.9739720544109994
269.0, 0.9713947169067083
270.0, 0.9689137414911215
271.0, 0.9665298702170367
272.0, 0.96424382328775
273.0, 0.9620562980568093
274.0, 0.9599679680428638
275.0, 0.9579794819625813
276.0, 0.956091462784615
277.0, 0.9543045068076185
278.0, 0.9526191827652943
279.0, 0.9510360309614359
280.0, 0.9495555624378821
281.0, 0.9481782581782514
282.0, 0.946904568350233
ee_dist
0.0, 1.3548812985698162
1.0, 1.4120704135940139
2.0, 1.5187256325734428
3.0, 1.6100737661552178
4.0, 1.6416395554917913
5.0, 1.6674407331413739
6.0, 1.6999284943921025
7.0, 1.7350924174847953
8.0, 1.7715412899324905
9.0, 1.8059269111970337
10.0, 1.8403874732719088
11.0, 1.8730683688580545
12.0, 1.9051375080757704
13.0, 1.9340752079910464
14.0, 1.9625508920757644
15.0, 1.9854422881592728
16.0, 2.0100052420902053
17.0, 2.031408445697386
18.0, 2.0527602603283586
19.0, 2.071120488904139
20.0, 2.089901980451538
21.0, 2.061366045556865
22.0, 2.021271009223094
23.0, 1.9781030134308584
24.0, 1.9310551964163156
25.0, 1.8810737918888714
26.0, 1.8278249450777926
27.0, 1.7717367981547756
28.0, 1.7129995871520605
29.0, 1.6520569531808118
30.0, 1.5891963215820402
31.0, 1.5250001593764484
32.0, 1.4598879894628747
33.0, 1.394620425691334
34.0, 1.329812694753871
35.0, 1.2664712859020781
36.0, 1.2055018261765547
37.0, 1.1482206420202075
38.0, 1.0958707024442804
39.0, 1.0499987347257709
40.0, 1.0122215862111843
41.0, 1.025379393779215
42.0, 0.9274498442164527
43.0, 0.789207602764455
44.0, 0.7427750191946672
45.0, 0.6953971059565546
46.0, 0.6468650668130578
47.0, 0.5970712773698582
48.0, 0.5466248873668966
49.0, 0.49575520022790887
50.0, 0.44561369985936056
51.0, 0.39757391230107747
52.0, 0.3533021881155193
53.0, 0.3145281327381119
54.0, 0.284262455336136
55.0, 0.26586491315202343
56.0, 0.26293270594675694
57.0, 0.2756714336394903
58.0, 0.2557703103646078
59.0, 0.2405593092165716
60.0, 0.2523141330634074
61.0, 0.29646722626518607
62.0, 0.36462195282692206
63.0, 0.4439696812140628
64.0, 0.5240012702866944
65.0, 0.5901241687477895
66.0, 0.6504618929158453
67.0, 0.710593711487581
68.0, 0.764748495294967
69.0, 0.8172683092381333
70.0, 0.8686343772492765
71.0, 0.918194945407961
72.0, 0.9690152117697995
73.0, 1.026696112472795
74.0, 1.0887419446388609
75.0, 1.1621249608703876
76.0, 1.2449706193541072
77.0, 1.3375514907521813
78.0, 1.4351610006959852
79.0, 1.5328788711124457
80.0, 1.6261052805341907
81.0, 1.7052106814070818
82.0, 1.770233443233175
83.0, 1.83467452837771
84.0, 1.895836002473913
85.0, 1.9557311536810933
86.0, 2.004491150130207
87.0, 2.033044688785051
88.0, 2.062880531565162
89.0, 2.1019099557080914
90.0, 2.1516119397740727
91.0, 2.234228261167698
92.0, 2.3264534413618
93.0, 2.4254360703600217
94.0, 2.531846318980786
95.0, 2.6377527216470593
96.0, 2.7388164314289667
97.0, 2.8297028179917363
98.0, 2.9015411488414258
99.0, 2.9710629979335406
100.0, 3.0364578152848014
101.0, 3.101525678378434
102.0, 3.163674362012741
103.0, 3.226851066948201
104.0, 3.288895461261967
105.0, 3.3588977263066893
106.0, 3.431611969486498
107.0, 3.5213334227889015
108.0, 3.602684127721051
109.0, 3.7028373030928887
110.0, 3.807808043501508
111.0, 3.9167727008923143
112.0, 4.018774995305263
113.0, 4.114599934897538
114.0, 4.188791879301729
115.0, 4.257503896340062
116.0, 4.323908063750393
117.0, 4.389163985590019
118.0, 4.451242007703356
119.0, 4.515561912095111
120.0, 4.5766572319739485
121.0, 4.64588382794427
122.0, 4.718470286859744
123.0, 4.7640106099872455
124.0, 4.806241194969777
125.0, 4.850378692964231
126.0, 4.89221061449548
127.0, 4.93490675679129
128.0, 4.974622301626764
129.0, 5.014668979483361
130.0, 5.051263261303351
131.0, 5.0877212483118095
132.0, 5.120311480465036
133.0, 5.152363652327662
134.0, 5.1801952427746345
135.0, 5.207148417005554
136.0, 5.229592735707592
137.0, 5.250884605288851
138.0, 5.26744732904139
139.0, 5.28264689236664
140.0, 5.292965873485834
141.0, 5.301777461717112
142.0, 5.3056242909403375
143.0, 4.660286438185965
144.0, 4.651278480795296
145.0, 4.642988989285716
146.0, 4.639112865134071
147.0, 4.635966731660582
148.0, 4.637358385450379
149.0, 4.6394619025057775
150.0, 4.646074967132777
151.0, 4.563632610211166
152.0, 4.4831482636965205
153.0, 4.400845667594231
154.0, 4.3205065295173375
155.0, 4.238360318940483
156.0, 4.158183565061666
157.0, 4.076212630683276
158.0, 3.996218230877076
159.0, 3.8986152590025527
160.0, 3.834204927782989
161.0, 3.7531931501230797
162.0, 3.6546778802994337
163.0, 3.593506645562701
164.0, 3.5129127193018572
165.0, 3.4321703897252718
166.0, 3.3529550720608556
167.0, 3.362561127784971
168.0, 3.286239818684773
169.0, 3.2084420378723815
170.0, 3.1327634883131137
171.0, 3.055653603014826
172.0, 2.9807037950221114
173.0, 2.9043937781660443
174.0, 2.9198604615577524
175.0, 2.8477132246496377
176.0, 2.777906978821045
177.0, 2.794703672074756
178.0, 2.8151272514852606
179.0, 2.835992074131964
180.0, 2.85988939422147
181.0, 2.8101556549671964
182.0, 2.7870932496586707
183.0, 2.7643841541250302
184.0, 2.744939387194762
185.0, 2.7259918175930036
186.0, 2.7108693889844995
187.0, 2.6963772608063814
188.0, 2.6861496681884067
189.0, 2.6766637487608094
190.0, 2.6717321549877266
191.0, 2.6676205037442555
192.0, 2.6681851043407687
193.0, 2.669607465623345
194.0, 2.675649336071884
195.0, 2.594385272557713
196.0, 2.51515137132899
197.0, 2.4343003806581462
198.0, 2.4437418683006675
199.0, 2.365797346509422
200.0, 2.290042706878331
201.0, 2.213033099705968
202.0, 2.1590695879080175
203.0, 2.1487948978778286
204.0, 2.082383623425705
205.0, 1.6490959998478945
206.0, 1.6988874756519525
207.0, 1.7970056144420554
208.0, 1.641883242668993
209.0, 1.7706154817992272
210.0, 1.6190783715683368
211.0, 1.5100328490566701
212.0, 1.4128320828704122
213.0, 1.3535217526628063
214.0, 1.3035123334923686
215.0, 1.2482856921766186
216.0, 1.193137085534086
217.0, 1.1410147080496338
218.0, 1.0936499733434588
219.0, 1.1175615517727158
220.0, 1.0817081630691658
221.0, 1.0505039271338967
222.0, 1.025756191055024
223.0, 0.998317036192558
224.0, 0.9725965055228734
225.0, 0.9474427638670997
226.0, 0.9249080971122338
227.0, 0.9031946122484916
228.0, 0.8849959083259833
229.0, 0.8678953768750532
230.0, 0.8551222518239676
231.0, 0.8436983152135946
232.0, 0.8372253403977793
233.0, 0.8322644516109335
234.0, 0.8325818376141421
235.0, 0.8344351443317972
236.0, 0.8415384621956516
237.0, 0.8500477340489022
238.0, 0.8634320055524147
239.0, 0.8602938519597104
240.0, 0.8633922893783135
241.0, 0.8625854104457447
242.0, 0.863431187231842
243.0, 0.870080736994899
244.0, 0.8823913077266283
245.0, 0.8957750802188079
246.0, 0.9114509515572978
247.0, 0.9281351559541103
248.0, 0.9468744678793747
249.0, 0.9663382647837471
250.0, 0.9876205760847606
251.0, 1.0093557749077684
252.0, 1.032620815567858
253.0, 1.0560523737044485
254.0, 1.0806652601737459
255.0, 1.1051491947847119
256.0, 1.1304377643728032
257.0, 1.1553287958257283
258.0, 1.1806671221373175
259.0, 1.2053926655190093
260.0, 1.2302799195823302
261.0, 1.254357170241393
262.0, 1.2783685727738594
263.0, 1.2514889689381432
264.0, 1.218145437618598
265.0, 1.1830340545467926
266.0, 1.1458908476089757
267.0, 1.1069125859624809
268.0, 1.066143529024899
269.0, 1.0238041844985686
270.0, 0.9799594399558289
271.0, 0.9348826246333647
272.0, 0.88867587575267
273.0, 0.841681894402945
274.0, 0.795176393885537
275.0, 0.7433241838991874
276.0, 0.689580741947063
277.0, 0.6298163998514764
278.0, 0.5825644796502665
279.0, 0.5373201308452258
280.0, 0.49489017449194445
281.0, 0.43695239550608006
282.0, 0.39348490785093193
ee_box_dist
0.0, 6.833811107417006
1.0, 6.83409943309825
2.0, 6.850632720540989
3.0, 6.902537329081753
4.0, 7.0178253891125015
5.0, 7.2301716241141705
6.0, 7.573613051645579
7.0, 8.077622779650447
8.0, 8.761001895180202
9.0, 9.631918953212852
10.0, 10.689624386936526
11.0, 11.927743565947639
12.0, 13.336178063448516
13.0, 14.904905997166143
14.0, 16.623039393448806
15.0, 18.481284195838995
16.0, 20.472683526100564
17.0, 22.589432683382615
18.0, 24.825023296251576
19.0, 27.17396271443489
20.0, 29.631151592239018
21.0, 32.21601482557645
22.0, 34.90463612670853
23.0, 37.684685720531284
24.0, 40.552287093514906
25.0, 43.503803890140105
26.0, 46.535671433169796
27.0, 49.644945404439646
28.0, 52.828432320525565
29.0, 56.083637240811974
30.0, 59.40776283615441
31.0, 62.798718240486146
32.0, 66.25404517751626
33.0, 69.77200627283469
34.0, 73.35045031244533
35.0, 76.9879592461956
36.0, 80.68262571288027
37.0, 84.43325801542002
38.0, 88.23821749907651
39.0, 92.09659108567354
40.0, 96.00724965474495
41.0, 100.04982171587369
42.0, 104.14368969988877
43.0, 108.28745111735549
44.0, 112.4793196224316
45.0, 116.71815924092799
46.0, 121.00225988946106
47.0, 125.33051579708092
48.0, 129.70134390342264
49.0, 134.11370022394598
50.0, 138.56611442996518
51.0, 143.05763661277558
52.0, 147.5867972109679
53.0, 152.15281039550797
54.0, 156.75430862182586
55.0, 161.39038295713377
56.0, 166.0598912095898
57.0, 170.7619743930343
58.0, 175.49550073707064
59.0, 180.25968985367197
60.0, 185.05349172883535
61.0, 189.87618949131343
62.0, 194.7267531330595
63.0, 199.6045120749113
64.0, 204.50851924556702
65.0, 209.43817893138151
66.0, 214.39253560094176
67.0, 219.37108507061035
68.0, 224.37290704332446
69.0, 229.39745187925166
70.0, 234.44397105610426
71.0, 239.51194724209623
72.0, 244.60058930364104
73.0, 249.70950386737252
74.0, 254.83790270607759
75.0, 259.98537849129787
76.0, 265.15123811901964
77.0, 270.33512177842925
78.0, 275.5363688528248
79.0, 280.75445426431617
80.0, 285.9889942384571
81.0, 291.2396496939714
82.0, 296.50579401079483
83.0, 301.78709173356617
84.0, 307.08297937436726
85.0, 312.39321536499466
86.0, 317.7539038069206
87.0, 323.13407319879565
88.0, 328.50942534542105
89.0, 333.89099954602074
90.0, 339.2782814755883
91.0, 344.67584710672367
92.0, 350.0849497693137
93.0, 355.50548606845024
94.0, 360.93634245618364
95.0, 366.3794332008082
96.0, 371.83204291939927
97.0, 377.29493239216947
98.0, 382.7677148265919
99.0, 388.24998674348296
100.0, 393.741658706784
101.0, 399.2422234327645
102.0, 404.751701264131
103.0, 410.26954958178885
104.0, 415.79582152866516
105.0, 421.3298824335694
106.0, 426.87187733063007
107.0, 432.41756612153586
108.0, 437.9781133490689
109.0, 443.54206938433435
110.0, 449.11300006475466
111.0, 454.6905569919616
112.0, 460.27470255221596
113.0, 465.8650754401238
114.0, 471.46169930836396
115.0, 477.0641845017044
116.0, 482.67258382872006
117.0, 488.28653868349505
118.0, 493.90600999318036
119.0, 499.5307004029677
120.0, 505.1606318351868
121.0, 510.7954765714652
122.0, 516.4353174159287
123.0, 522.0793138785413
124.0, 527.7287240869201
125.0, 533.382188758139
126.0, 539.0399864943445
127.0, 544.7018986262452
128.0, 550.3680126313177
129.0, 556.0379384489977
130.0, 561.7118203897049
131.0, 567.389331403779
132.0, 573.0705536846443
133.0, 578.7552826433418
134.0, 584.443356227049
135.0, 590.1346309097503
136.0, 595.829371677491
137.0, 601.5270692616294
138.0, 607.2278662926848
139.0, 612.9315586775558
140.0, 618.6382280835103
141.0, 624.3475484286878
142.0, 630.0596012725249
143.0, 635.9551279721389
144.0, 641.6720566947741
145.0, 647.3914638885198
146.0, 653.1132421084634
147.0, 658.8373161402999
148.0, 664.5637677827823
149.0, 670.2923321318622
150.0, 676.0230969160094
151.0, 681.7557483820498
152.0, 687.4905407199232
153.0, 693.2272001469497
154.0, 698.9658160133264
155.0, 704.7061765155248
156.0, 710.4484918402469
157.0, 716.1924906592775
158.0, 721.9381377152162
159.0, 727.6790111866613
160.0, 733.4343046533781
161.0, 739.1848877839275
162.0, 744.9302687693356
163.0, 750.690610093826
164.0, 756.4452714620811
165.0, 762.201623332908
166.0, 767.959214232233
167.0, 773.7179087309386
168.0, 779.4781122848229
169.0, 785.2394520733776
170.0, 791.0020677985951
171.0, 796.765694270286
172.0, 802.5305354112961
173.0, 808.2963865565782
174.0, 814.0633444016074
175.0, 819.831239567324
176.0, 825.6002273377542
177.0, 831.3700953102258
178.0, 837.1409959073562
179.0, 842.9127213917741
180.0, 848.6854220705847
181.0, 854.4586232707154
182.0, 860.2332989738459
183.0, 866.0087949799904
184.0, 871.785197374162
185.0, 877.5621754594493
186.0, 883.3398715976733
187.0, 889.1184480172165
188.0, 894.89767659852
189.0, 900.6773572073196
190.0, 906.4581126289692
191.0, 912.2392583170936
192.0, 918.0209857671271
193.0, 923.8034081001763
194.0, 929.5862247164174
195.0, 935.3699169966712
196.0, 941.1539526295838
197.0, 946.9386947118817
198.0, 952.7237598180002
199.0, 958.5095236437216
200.0, 964.2956896565153
201.0, 970.0825015240601
202.0, 975.8755037234852
203.0, 981.6588136791714
204.0, 987.52298520383
205.0, 993.2344184505245
206.0, 998.5141676593058
207.0, 1004.841222841724
208.0, 1010.4173781935904
209.0, 1015.9334110525159
210.0, 1022.1537311089894
211.0, 1027.9725362070906
212.0, 1033.7545262692504
213.0, 1039.5422686187337
214.0, 1045.3455843971567
215.0, 1051.1389126939946
216.0, 1056.9317485197291
217.0, 1062.7246866042672
218.0, 1068.5176917786346
219.0, 1074.3103840501421
220.0, 1080.1034367041148
221.0, 1085.8964063537244
222.0, 1091.6911764695212
223.0, 1097.4856504639679
224.0, 1103.2800843360856
225.0, 1109.0745436482903
226.0, 1114.8689669475868
227.0, 1120.6632945107303
228.0, 1126.4578343606006
229.0, 1132.2521572649998
230.0, 1138.0466970079244
231.0, 1143.8426069908105
232.0, 1149.6391047303432
233.0, 1155.435508382973
234.0, 1161.2320160026638
235.0, 1167.028429931959
236.0, 1172.824952105358
237.0, 1178.6213808860164
238.0, 1184.417921979742
239.0, 1190.2134702725007
240.0, 1196.01122666421
241.0, 1201.8078232522776
242.0, 1207.604524156621
243.0, 1213.4130278792084
244.0, 1219.2399002497878
245.0, 1225.0649906167396
246.0, 1230.889461464076
247.0, 1236.7126680254219
248.0, 1242.5349537046243
249.0, 1248.355738150799
250.0, 1254.175387995618
251.0, 1259.9934667470231
252.0, 1265.8102053705907
253.0, 1271.6253000572465
254.0, 1277.4390825782566
255.0, 1283.2512009130685
256.0, 1289.0618008763504
257.0, 1294.8708595628818
258.0, 1300.678237847022
259.0, 1306.4842095738131
260.0, 1312.2884002988214
261.0, 1318.091349864611
262.0, 1323.8924942675753
263.0, 1329.7114073834607
264.0, 1335.5338682501792
265.0, 1341.3516790881495
266.0, 1347.1649188018678
267.0, 1352.9735259118177
268.0, 1358.7773109545378
269.0, 1364.5763106158292
270.0, 1370.3703965506666
271.0, 1376.1596948103
272.0, 1381.9441381569509
273.0, 1387.7239443664985
274.0, 1393.4998473752053
275.0, 1399.2714162507677
276.0, 1405.0382097280008
277.0, 1410.8005782628893
278.0, 1416.5598534227083
279.0, 1422.3156047956368
280.0, 1428.0681894703766
281.0, 1433.8197011791272
282.0, 1439.5678572404147
spot_hold
0, 0
1, 0
2, 0
3, 0
4, 0
5, 0
6, 0
7, 0
8, 0
9, 0
10, 0
11, 0
12, 0
13, 0
14, 0
15, 0
16, 0
17, 0
18, 0
19, 0
20, 0
21, 0
22, 0
23, 0
24, 0
25, 0
26, 0
27, 0
28, 0
29, 0
30, 0
31, 0
32, 0
33, 0
34, 0
35, 0
36, 0
37, 0
38, 0
39, 0
40, 0
41, 1
42, 1
43, 1
44, 1
45, 1
46, 1
47, 1
48, 1
49, 1
50, 1
51, 1
52, 1
53, 1
54, 1
55, 1
56, 1
57, 1
58, 1
59, 1
60, 1
61, 1
62, 1
63, 1
64, 1
65, 1
66, 1
67, 1
68, 1
69, 1
70, 1
71, 1
72, 1
73, 1
74, 1
75, 1
76, 1
77, 1
78, 1
79, 1
80, 1
81, 1
82, 1
83, 1
84, 1
85, 1
86, 1
87, 1
88, 1
89, 1
90, 1
91, 1
92, 1
93, 1
94, 1
95, 1
96, 1
97, 1
98, 1
99, 1
100, 1
101, 1
102, 1
103, 1
104, 1
105, 1
106, 1
107, 1
108, 1
109, 1
110, 1
111, 1
112, 1
113, 1
114, 1
115, 1
116, 1
117, 1
118, 1
119, 1
120, 1
121, 1
122, 1
123, 1
124, 1
125, 1
126, 1
127, 1
128, 1
129, 1
130, 1
131, 1
132, 1
133, 1
134, 1
135, 1
136, 1
137, 1
138, 1
139, 1
140, 1
141, 1
142, 1
143, 1
144, 1
145, 1
146, 1
147, 1
148, 1
149, 1
150, 1
151, 1
152, 1
153, 1
154, 1
155, 1
156, 1
157, 1
158, 1
159, 1
160, 1
161, 1
162, 1
163, 1
164, 1
165, 1
166, 1
167, 1
168, 1
169, 1
170, 1
171, 1
172, 1
173, 1
174, 1
175, 1
176, 1
177, 1
178, 1
179, 1
180, 1
181, 1
182, 1
183, 1
184, 1
185, 1
186, 1
187, 1
188, 1
189, 1
190, 1
191, 1
192, 1
193, 1
194, 1
195, 1
196, 1
197, 1
198, 1
199, 1
200, 1
201, 1
202, 1
203, 1
204, 1
205, 1
206, 1
207, 1
208, 1
209, 1
210, 1
211, 1
212, 1
213, 1
214, 1
215, 1
216, 1
217, 1
218, 1
219, 1
220, 1
221, 1
222, 1
223, 1
224, 1
225, 1
226, 1
227, 1
228, 1
229, 1
230, 1
231, 1
232, 1
233, 1
234, 1
235, 1
236, 1
237, 1
238, 1
239, 1
240, 1
241, 1
242, 1
243, 1
244, 1
245, 1
246, 1
247, 1
248, 1
249, 1
250, 1
251, 1
252, 1
253, 1
254, 1
255, 1
256, 1
257, 1
258, 1
259, 1
260, 1
261, 1
262, 1
263, 1
264, 1
265, 1
266, 1
267, 1
268, 1
269, 1
270, 1
271, 1
272, 1
273, 1
274, 1
275, 1
276, 1
277, 1
278, 1
279, 1
280, 1
281, 1
282, 1
