bot_dist
0.0, 3.7754260408446014
1.0, 3.782141307156573
2.0, 3.788871064622158
3.0, 3.7956152361614044
4.0, 3.8023737450767077
5.0, 3.8091465150523254
6.0, 3.815933470153851
7.0, 3.8227345348276645
8.0, 3.829549633900347
9.0, 3.8363786925780685
10.0, 3.8432216364459477
11.0, 3.850078391467381
12.0, 3.8569488839833466
13.0, 3.863833040711675
14.0, 3.8707307887463074
15.0, 3.8776420555565103
16.0, 3.884566768986082
17.0, 3.8915048572525177
18.0, 3.89845624894617
19.0, 3.9054208730293687
20.0, 3.912398658835528
21.0, 3.919389536068229
22.0, 3.926393434800282
23.0, 3.9334102854727617
24.0, 3.9404400188940314
25.0, 3.9474825662387434
26.0, 3.954537859046814
27.0, 3.961605829222392
28.0, 3.968686409032798
29.0, 3.975779531107451
30.0, 3.9828851284367786
31.0, 3.9900031343711064
32.0, 3.997133482619536
33.0, 4.0042761072488045
34.0, 4.011430942682129
35.0, 4.018597923698035
36.0, 4.025776985429173
37.0, 4.032968063361125
38.0, 4.0401710933311845
39.0, 4.047386011527136
40.0, 4.05461275448602
41.0, 4.06185125909288
42.0, 4.069101462579503
43.0, 4.076363302523147
44.0, 4.083636716845257
45.0, 4.090921643810174
46.0, 4.098218022023827
47.0, 4.105525790432424
48.0, 4.112844888321123
49.0, 4.1201752553127085
50.0, 4.127516831366242
51.0, 4.134869556775719
52.0, 4.14223337216871
53.0, 4.149608218505
54.0, 4.156994037075208
55.0, 4.16439076949942
56.0, 4.171798357725793
57.0, 4.1792167440291745
58.0, 4.186645871009696
59.0, 4.194085681591375
60.0, 4.201536119020705
61.0, 4.208997126865245
62.0, 4.216468649012195
63.0, 4.223950629666982
64.0, 4.231443013351829
65.0, 4.23894574490432
66.0, 4.246458769475974
67.0, 4.253982032530803
68.0, 4.261515479843869
69.0, 4.269059057499846
70.0, 4.27661271189157
71.0, 4.284176389718587
72.0, 4.291750037985708
73.0, 4.299333604001556
74.0, 4.306927035377105
75.0, 4.31453028002423
76.0, 4.322143286154246
77.0, 4.329766002276454
78.0, 4.337398377196676
79.0, 4.3450403600157985
80.0, 4.3526919001283115
81.0, 4.360352947220847
82.0, 4.368023451270721
83.0, 4.375703362544468
84.0, 4.383392631596385
85.0, 4.391091209267068
86.0, 4.398799046681957
87.0, 4.4065160952498745
88.0, 4.414242306661567
89.0, 4.421977632888254
90.0, 4.429722026180164
91.0, 4.437475439065091
92.0, 4.445237824346935
93.0, 4.453009135104257
94.0, 4.460789324688825
95.0, 4.468578346724172
96.0, 4.47637615510415
97.0, 4.48418270399149
98.0, 4.4919979478163565
99.0, 4.499821841274922
100.0, 4.50765433932792
101.0, 4.50765433932792
102.0, 4.50765433932792
103.0, 4.50765433932792
104.0, 4.50765433932792
105.0, 4.50765433932792
106.0, 4.50765433932792
107.0, 4.50765433932792
108.0, 4.50765433932792
109.0, 4.50765433932792
110.0, 4.50765433932792
111.0, 4.50765433932792
112.0, 4.50765433932792
113.0, 4.50765433932792
114.0, 4.50765433932792
115.0, 4.50765433932792
116.0, 4.50765433932792
117.0, 4.50765433932792
118.0, 4.50765433932792
119.0, 4.50765433932792
120.0, 4.50765433932792
121.0, 4.50765433932792
122.0, 4.50765433932792
123.0, 4.50765433932792
124.0, 4.50765433932792
125.0, 4.50765433932792
126.0, 4.50765433932792
127.0, 4.50765433932792
128.0, 4.50765433932792
129.0, 4.50765433932792
130.0, 4.50765433932792
131.0, 4.499821841274922
132.0, 4.4919979478163565
133.0, 4.48418270399149
134.0, 4.47637615510415
135.0, 4.468578346724172
136.0, 4.460789324688825
137.0, 4.453009135104257
138.0, 4.445237824346935
139.0, 4.437475439065091
140.0, 4.429722026180164
141.0, 4.421977632888254
142.0, 4.414242306661567
143.0, 4.410198249729822
144.0, 4.4024876555549675
145.0, 4.394786287446331
146.0, 4.38709419399188
147.0, 4.379411424062227
148.0, 4.3717380268120785
149.0, 4.364074051681675
150.0, 4.3564195483982475
151.0, 4.2672582622250745
152.0, 4.178127220360026
153.0, 4.089028362611672
154.0, 3.9999638804244055
155.0, 3.91093612232224
156.0, 3.8219476546386457
157.0, 3.7330012872270286
158.0, 3.6441001028796305
159.0, 3.555247491090303
160.0, 3.4664471869232827
161.0, 3.377703315905744
162.0, 3.2890204460539394
163.0, 3.200403648380768
164.0, 3.1118585675292
165.0, 3.023391504547288
166.0, 2.9350095142878874
167.0, 2.9270183258877682
168.0, 2.8371689936286444
169.0, 2.747359338707369
170.0, 2.657593226399576
171.0, 2.5678752231124293
172.0, 2.478210553886011
173.0, 2.38860522497059
174.0, 2.3805067877168673
175.0, 2.2898593777797327
176.0, 2.199240181794033
177.0, 2.1911421823011263
178.0, 2.1830599507388166
179.0, 2.174993662887025
180.0, 2.166943496793629
181.0, 2.0781744362787147
182.0, 2.0702146257416003
183.0, 2.0622725826827657
184.0, 2.0543485131676626
185.0, 2.046442625983406
186.0, 2.0385551326731535
187.0, 2.030686247570705
188.0, 1.9423023235630845
189.0, 1.9344119462414786
190.0, 1.8481488983300327
191.0, 1.7621824456034676
192.0, 1.6765579961446164
193.0, 1.5913307572371038
194.0, 1.506568141528987
195.0, 1.4223532166309205
196.0, 1.3387893420174344
197.0, 1.2560064702809268
198.0, 1.1741698029350607
199.0, 1.093491801757331
200.0, 1.0142490012543064
201.0, 0.9368056758096368
202.0, 0.8616471630324513
203.0, 0.7894263198953537
204.0, 0.7210264330619928
205.0, 0.6576408149237756
206.0, 0.6008584586922645
207.0, 0.5527182419274839
208.0, 0.5156463363446911
209.0, 0.4921503378652957
210.0, 0.48421058185987204
211.0, 0.49257971313396515
212.0, 0.5164657940902275
213.0, 0.5119451786029573
214.0, 0.5557384385201326
215.0, 0.6093372182937283
216.0, 0.6073246256417594
217.0, 0.605470524338219
218.0, 0.6037763744901115
219.0, 0.6022435259602041
220.0, 0.6008732132056358
221.0, 0.5996665504709114
222.0, 0.5986245273774117
223.0, 0.5977480049489978
224.0, 0.597037712110144
225.0, 0.5964942426892766
226.0, 0.5961180529557234
227.0, 0.5959094597139083
228.0, 0.5958686389732658
229.0, 0.5959956252068571
230.0, 0.5962903112059623
231.0, 0.5962903112059623
232.0, 0.5962903112059623
233.0, 0.5962903112059623
234.0, 0.5962903112059623
235.0, 0.5962903112059623
236.0, 0.5962903112059623
237.0, 0.5962903112059623
238.0, 0.5962903112059623
239.0, 0.5962903112059623
240.0, 0.5962903112059623
241.0, 0.5962903112059623
242.0, 0.5962903112059623
243.0, 0.5962903112059623
244.0, 0.5962903112059623
245.0, 0.5962903112059623
246.0, 0.5962903112059623
247.0, 0.5962903112059623
248.0, 0.5962903112059623
249.0, 0.5962903112059623
250.0, 0.5962903112059623
251.0, 0.5962903112059623
252.0, 0.5962903112059623
253.0, 0.5962903112059623
254.0, 0.5962903112059623
255.0, 0.5962903112059623
256.0, 0.5962903112059623
257.0, 0.5962903112059623
258.0, 0.5962903112059623
259.0, 0.5962903112059623
260.0, 0.5962903112059623
261.0, 0.5959956252068571
262.0, 0.5958686389732658
263.0, 0.5959094597139083
264.0, 0.5961180529557234
265.0, 0.5964942426892766
266.0, 0.597037712110144
267.0, 0.5977480049489978
268.0, 0.5986245273774117
269.0, 0.5996665504709114
270.0, 0.6008732132056358
271.0, 0.6022435259602041
272.0, 0.6037763744901115
273.0, 0.605470524338219
274.0, 0.6073246256417594
275.0, 0.6093372182937283
276.0, 0.6115067374146459
277.0, 0.6138315190894005
278.0, 0.6163098063232711
279.0, 0.6189397551712003
280.0, 0.62171944099495
281.0, 0.6246468648038598
282.0, 0.6277199596364927
ee_dist
0.0, 1.5319535423188382
1.0, 1.5989308647586655
2.0, 1.7111310800146975
3.0, 1.805303044809716
4.0, 1.8379159375083856
5.0, 1.8638025531928542
6.0, 1.8957439316684066
7.0, 1.9292898870146427
8.0, 1.9649029151924777
9.0, 2.0025114321177417
10.0, 2.0380529261955176
11.0, 2.07055208707503
12.0, 2.102738674269658
13.0, 2.1323166803655447
14.0, 2.160515880801079
15.0, 2.1858227388687506
16.0, 2.210468224591503
17.0, 2.232135475260768
18.0, 2.2535999772349387
19.0, 2.27201794408646
20.0, 2.2907769659943376
21.0, 2.2607915208633367
22.0, 2.219045417780906
23.0, 2.1741588742648363
24.0, 2.1255983420391162
25.0, 2.073468045145292
26.0, 2.018218479409449
27.0, 1.9604499618988616
28.0, 1.9002553502329913
29.0, 1.8378395162023318
30.0, 1.7736768960744485
31.0, 1.708567509544736
32.0, 1.6429273807676226
33.0, 1.5775137861173756
34.0, 1.513064157597845
35.0, 1.450682325792784
36.0, 1.39114342783085
37.0, 1.3356087995020178
38.0, 1.2852340862952913
39.0, 1.2422785227443651
40.0, 1.2069385878624799
41.0, 1.2197640598491388
42.0, 1.0804706798220918
43.0, 0.7219173112299194
44.0, 0.6748985510031075
45.0, 0.6280024697534877
46.0, 0.5812947709622378
47.0, 0.5349787542743403
48.0, 0.49026060367507734
49.0, 0.44807999224496053
50.0, 0.4103835989710758
51.0, 0.37953608465182226
52.0, 0.3580029457866907
53.0, 0.34748586972996504
54.0, 0.34953979124543816
55.0, 0.36414757950732946
56.0, 0.39032561672273575
57.0, 0.4255800356396581
58.0, 0.39583114521758805
59.0, 0.3418389389664016
60.0, 0.29478173814549213
61.0, 0.2689804992861536
62.0, 0.27965881782463775
63.0, 0.32408000373968227
64.0, 0.3852061984022135
65.0, 0.4437232469385529
66.0, 0.5022356137497184
67.0, 0.560138036048666
68.0, 0.6119596313210758
69.0, 0.6618242460597259
70.0, 0.7099286936778217
71.0, 0.756547595158117
72.0, 0.8022701830764327
73.0, 0.8560372888482533
74.0, 0.9141970215554482
75.0, 0.9839996351692285
76.0, 1.0636100292781951
77.0, 1.1533745145476495
78.0, 1.2488256622611162
79.0, 1.345120297977897
80.0, 1.4374961333915506
81.0, 1.5164254308985798
82.0, 1.5817847174678614
83.0, 1.6468177723964195
84.0, 1.708202931163959
85.0, 1.768082294598215
86.0, 1.8166050563506537
87.0, 1.8450976040849933
88.0, 1.8744175307674693
89.0, 1.9130123082109594
90.0, 1.9623383494243347
91.0, 2.0435095418195686
92.0, 2.134025718979991
93.0, 2.235461771406588
94.0, 2.3379695084837198
95.0, 2.444099324939647
96.0, 2.544621601021894
97.0, 2.6351918406800547
98.0, 2.707440347666029
99.0, 2.7769422494962583
100.0, 2.8429669055933604
101.0, 2.9076902887143325
102.0, 2.9702476243475173
103.0, 3.0328439905462314
104.0, 3.0948850654192652
105.0, 3.1641628864049465
106.0, 3.2368683826026445
107.0, 3.3173070689197064
108.0, 3.407049892246223
109.0, 3.5063428784511785
110.0, 3.6119036731097305
111.0, 3.719318547599995
112.0, 3.8219027927783467
113.0, 3.9172211816532854
114.0, 3.9919730278209333
115.0, 4.060537569243177
116.0, 4.1275614992897305
117.0, 4.192497055523286
118.0, 4.255042854072954
119.0, 4.318891081731136
120.0, 4.380354821716895
121.0, 4.448850396718203
122.0, 4.521637971630533
123.0, 4.598956778852075
124.0, 4.68773411964962
125.0, 4.734069087917664
126.0, 4.779421428536451
127.0, 4.825368541533417
128.0, 4.8697235978211495
129.0, 4.9140781182172555
130.0, 4.956277852907695
131.0, 4.997940166497004
132.0, 5.0369422645241535
133.0, 5.07492580677123
134.0, 5.109807091506621
135.0, 5.143252966501493
136.0, 5.173223433131706
137.0, 5.201405295315683
138.0, 5.22580383962046
139.0, 5.248132428202547
140.0, 5.266437330150907
141.0, 5.282455985259005
142.0, 5.294282352272025
143.0, 4.643371627772905
144.0, 4.634510890845852
145.0, 4.627224690052393
146.0, 4.623499455539822
147.0, 4.621395431796816
148.0, 4.6229352634559895
149.0, 4.62608536725822
150.0, 4.632838296578618
151.0, 4.551204690199568
152.0, 4.470650922370299
153.0, 4.389184307073606
154.0, 4.308805215167769
155.0, 4.227525191529212
156.0, 4.147341402514358
157.0, 4.0662704315814056
158.0, 3.9863058901630697
159.0, 3.905470114426506
160.0, 3.8257527631923685
161.0, 3.7451827753515823
162.0, 3.6657454050145835
163.0, 3.5854769908048025
164.0, 3.5063584213026817
165.0, 3.426434553364828
166.0, 3.3476806609252683
167.0, 3.358471870011974
168.0, 3.2826498690134223
169.0, 3.2062332523978556
170.0, 3.1311339162814433
171.0, 3.0555013880344357
172.0, 2.9812354295853716
173.0, 2.9065101825990527
174.0, 2.9223958747459324
175.0, 2.8520925256961758
176.0, 2.7834004892233613
177.0, 2.801381798056386
178.0, 2.822175299303854
179.0, 2.844042541440404
180.0, 2.8682213403605616
181.0, 2.82104161346744
182.0, 2.797097187779318
183.0, 2.7740619720530617
184.0, 2.753531408634635
185.0, 2.7341695630469256
186.0, 2.7177877198377676
187.0, 2.702804412199504
188.0, 2.6281836955919506
189.0, 2.615260495124338
190.0, 2.5380173777988775
191.0, 2.460181596504547
192.0, 2.3837043014102717
193.0, 2.3067195057713823
194.0, 2.2311691407932455
195.0, 2.1552197233650645
196.0, 2.0808029279121567
197.0, 2.00612681188675
198.0, 1.93311186083502
199.0, 1.8600196414214294
200.0, 1.7887586924758074
201.0, 1.717660297989566
202.0, 1.6486204551163326
203.0, 1.58006211391173
204.0, 1.513868125650878
205.0, 1.4485824864543615
206.0, 1.3860734289383512
207.0, 1.325044272512365
208.0, 1.2673428702090173
209.0, 1.2118780043767248
210.0, 1.1604619350258059
211.0, 1.1122543875300737
212.0, 1.068990835475937
213.0, 1.043800318544093
214.0, 0.9985079738830934
215.0, 0.9577597080675317
216.0, 0.9325409050100714
217.0, 0.9082662509058409
218.0, 0.8864473788454111
219.0, 0.866014336492068
220.0, 0.8487689030271592
221.0, 0.8333546666737484
222.0, 0.8217688867003696
223.0, 0.8123944029566087
224.0, 0.8072956725232767
225.0, 0.8046427138251825
226.0, 0.8064295016740063
227.0, 0.8106930976089645
228.0, 0.8180246505039613
229.0, 0.8305702998535626
230.0, 0.8304718667490228
231.0, 0.8301316062207323
232.0, 0.830498888227522
233.0, 0.8300877632701412
234.0, 0.830501530933112
235.0, 0.830082237179024
236.0, 0.8305015069225093
237.0, 0.8300816097646853
238.0, 0.8278703848878436
239.0, 0.8304473224021308
240.0, 0.8304843653829621
241.0, 0.8301133052743686
242.0, 0.8305016674742489
243.0, 0.8365645101143278
244.0, 0.8479006840059089
245.0, 0.8681181191090906
246.0, 0.8865977671989086
247.0, 0.9056832251616358
248.0, 0.9260781554192183
249.0, 0.9470216310558349
250.0, 0.9692744580555267
251.0, 0.9918374098475079
252.0, 1.0156275131754633
253.0, 1.0394963172086549
254.0, 1.0643873497725478
255.0, 1.0891008010899432
256.0, 1.114538217905303
257.0, 1.139539143632112
258.0, 1.1649432987555597
259.0, 1.1896937721550036
260.0, 1.2145497614564311
261.0, 1.2385831201513342
262.0, 1.2624804018200702
263.0, 1.2350830368484933
264.0, 1.2014417717696164
265.0, 1.1660410512729338
266.0, 1.1286346448053033
267.0, 1.0894276875226678
268.0, 1.0484739745856155
269.0, 1.0060072304432346
270.0, 0.9621036200004497
271.0, 0.9170330237368972
272.0, 0.8709432067746672
273.0, 0.8220691488467087
274.0, 0.772857645906157
275.0, 0.7242433162494719
276.0, 0.6590946290484064
277.0, 0.6116194840438313
278.0, 0.5652281840373461
279.0, 0.519479395137557
280.0, 0.478245926894753
281.0, 0.4480684666401377
282.0, 0.42131334355177247
ee_box_dist
0.0, 0.8295431878923062
1.0, 0.8730446757045679
2.0, 0.9033782951288054
3.0, 0.9357629823815212
4.0, 0.9695110821074948
5.0, 1.00482002297053
6.0, 1.0412875590078692
7.0, 1.0769844089638658
8.0, 1.1120135144331713
9.0, 1.1482266298796302
10.0, 1.181538206193626
11.0, 1.2115586745457443
12.0, 1.2409190354410422
13.0, 1.2677318061400082
14.0, 1.293051984886181
15.0, 1.3157072104763095
16.0, 1.3376672459148984
17.0, 1.356934347288016
18.0, 1.3760438086011524
19.0, 1.392377705540459
20.0, 1.4090529617928638
21.0, 1.385341803151952
22.0, 1.352432863719278
23.0, 1.3166224761606113
24.0, 1.2773767144106158
25.0, 1.2347371615697533
26.0, 1.188950696018283
27.0, 1.1404145708271616
28.0, 1.089041608817296
29.0, 1.034822371196279
30.0, 0.9779623080558854
31.0, 0.9189057926336325
32.0, 0.8577355429361311
33.0, 0.794861054375647
34.0, 0.7305855559910006
35.0, 0.6656046560934016
36.0, 0.6002167072908559
37.0, 0.5350835181723731
38.0, 0.4710991204461117
39.0, 0.4114810192631195
40.0, 0.35732762376657473
41.0, 0.3708066790422166
42.0, 0.3843641387379258
43.0, 0.39804737000711304
44.0, 0.4117401218146258
45.0, 0.4254759448559604
46.0, 0.43917714521146345
47.0, 0.4528479767691399
48.0, 0.46645993421700993
49.0, 0.47998300053855847
50.0, 0.4934247937833566
51.0, 0.5067344078152702
52.0, 0.5199207315255154
53.0, 0.5329192656948973
54.0, 0.5457154281589383
55.0, 0.558238616843454
56.0, 0.570474715575388
57.0, 0.58239687748409
58.0, 0.5939996496636428
59.0, 0.6053038583085023
60.0, 0.6162656913409171
61.0, 0.6269453129773
62.0, 0.6372676515323304
63.0, 0.6472994093250659
64.0, 0.6569737702498807
65.0, 0.6663484431423914
66.0, 0.6753707829751984
67.0, 0.6840822856320544
68.0, 0.692435134905148
69.0, 0.7004566422871693
70.0, 0.7081055641985279
71.0, 0.7154054567245437
72.0, 0.7223201518133913
73.0, 0.7288705107155434
74.0, 0.7350232890667967
75.0, 0.7407968211483567
76.0, 0.7461591703834702
77.0, 0.751126247579542
78.0, 0.7556677485580114
79.0, 0.7597970347050723
80.0, 0.7634839243509092
81.0, 0.7667405433316372
82.0, 0.7695372251043253
83.0, 0.7718841908201102
84.0, 0.7737515650059269
85.0, 0.775151524755817
86.0, 0.7954454334299548
87.0, 0.8401193034558562
88.0, 0.8788377654357716
89.0, 0.912374985329545
90.0, 0.9371384675229197
91.0, 0.9361096241982955
92.0, 0.9364845733205843
93.0, 0.9336082608663387
94.0, 0.9366585306770002
95.0, 0.9363924393710841
96.0, 0.9367261840615687
97.0, 0.9363078330164418
98.0, 0.9367442679298654
99.0, 0.9362848476710903
100.0, 0.9367440133100963
101.0, 0.9362816581882453
102.0, 0.9367440300149715
103.0, 0.9362811046146331
104.0, 0.9367439005956278
105.0, 0.9362810136214451
106.0, 0.9367439197975435
107.0, 0.9362810136214451
108.0, 0.9367439197975435
109.0, 0.936280994407543
110.0, 0.9361141617593428
111.0, 0.9365883053944105
112.0, 0.9367229513426837
113.0, 0.9363110934403646
114.0, 0.9367438806666667
115.0, 0.9362851625876913
116.0, 0.9367438681810768
117.0, 0.9362816450219332
118.0, 0.9367438130723681
119.0, 0.9362810171309452
120.0, 0.9367437387617487
121.0, 0.9362909199602393
122.0, 0.9367436861500825
123.0, 0.9362804084538716
124.0, 0.936743904087878
125.0, 0.9362807031854583
126.0, 0.9367438130723681
127.0, 0.9362808877099706
128.0, 0.9367437938704579
129.0, 0.9362808877099706
130.0, 0.9367437938704579
131.0, 0.9362808684960775
132.0, 0.9367437938704579
133.0, 0.9362808877099706
134.0, 0.9367437938704579
135.0, 0.9362808877099706
136.0, 0.9367437938704579
137.0, 0.9362808684960775
138.0, 0.9367437746685513
139.0, 0.9362808684960775
140.0, 0.9367437746685513
141.0, 0.9362808684960775
142.0, 0.9367437746685513
143.0, 1.6471279688777063
144.0, 1.64001363486787
145.0, 1.6321149454738664
146.0, 1.6215196964909255
147.0, 1.6101760932584088
148.0, 1.5962613115530413
149.0, 1.5816463633328819
150.0, 1.5646308366197532
151.0, 1.6297716792284414
152.0, 1.6956893233491621
153.0, 1.763915084713711
154.0, 1.832542223700148
155.0, 1.9032059261652317
156.0, 1.9739846342243044
157.0, 2.0465934581363663
158.0, 2.1190977525469825
159.0, 2.1932743518695776
160.0, 2.267176845270769
161.0, 2.342630059663175
162.0, 2.417676989343364
163.0, 2.4941803342629907
164.0, 2.570173027098899
165.0, 2.6475479305355356
166.0, 2.724329610358577
167.0, 2.713390155987901
168.0, 2.788396737739323
169.0, 2.864794914043171
170.0, 2.940633582300207
171.0, 3.017808314354737
172.0, 3.094357931694584
173.0, 3.172197943165357
174.0, 3.159965391972148
175.0, 3.2358408571409667
176.0, 3.3111430073439756
177.0, 3.2984262600014507
178.0, 3.2828677704254052
179.0, 3.266366106201164
180.0, 3.2472651994226696
181.0, 3.311021317770666
182.0, 3.32892413744958
183.0, 3.345918702891931
184.0, 3.360154415570145
185.0, 3.373388935010741
186.0, 3.3836600608027676
187.0, 3.392858678062975
188.0, 3.4726986288279265
189.0, 3.4796460284799635
190.0, 3.5607590950889567
191.0, 3.642965639274838
192.0, 3.7242281690050296
193.0, 3.806575513785976
194.0, 3.8879687663452076
195.0, 3.9704395795465355
196.0, 4.051947970181095
197.0, 4.134527702074067
198.0, 4.216137940075847
199.0, 4.298814224332048
200.0, 4.380514976364402
201.0, 4.46327723798721
202.0, 4.54505878270811
203.0, 4.627897926992709
204.0, 4.709751879887615
205.0, 4.7926600436402325
206.0, 4.874579141946998
207.0, 4.957549331727635
208.0, 5.039527453670077
209.0, 5.122553817002793
210.0, 5.204585141083902
211.0, 5.287662516072871
212.0, 5.369742299151072
213.0, 5.372957204853417
214.0, 5.455433145907035
215.0, 5.538940624368789
216.0, 5.538840345068239
217.0, 5.537472427327899
218.0, 5.532827664251021
219.0, 5.526921712319232
220.0, 5.517840210664509
221.0, 5.50753111123495
222.0, 5.494222809618709
223.0, 5.479747603173686
224.0, 5.462522359413408
225.0, 5.4442196006447094
226.0, 5.423483685213859
227.0, 5.401789867427184
228.0, 5.378751274932009
229.0, 5.353252716696571
230.0, 5.3532794182503665
231.0, 5.353461625056158
232.0, 5.353266104715039
233.0, 5.353481999783556
234.0, 5.353264954553194
235.0, 5.353484665240017
236.0, 5.35326494382077
237.0, 5.353484788049783
238.0, 5.3543844695915475
239.0, 5.353316136108312
240.0, 5.353271823397687
241.0, 5.353469185550916
242.0, 5.353264209102555
243.0, 5.352473303766876
244.0, 5.353162398604938
245.0, 5.3503564737704705
246.0, 5.347435081246755
247.0, 5.3446161331945845
248.0, 5.3410354275851395
249.0, 5.336871015358628
250.0, 5.331791043816827
251.0, 5.326060007265381
252.0, 5.319322950692388
253.0, 5.3119770914781235
254.0, 5.303646266420742
255.0, 5.294857971910501
256.0, 5.2851919691649805
257.0, 5.2752763418159745
258.0, 5.264632812788932
259.0, 5.253951107410832
260.0, 5.242709421003955
261.0, 5.231623572209809
262.0, 5.220141825995653
263.0, 5.2402093564569485
264.0, 5.265303316610156
265.0, 5.290695195149595
266.0, 5.316441471545653
267.0, 5.3423222373906105
268.0, 5.368135988228371
269.0, 5.393677615867211
270.0, 5.418751441221868
271.0, 5.443201123871952
272.0, 5.466779315451436
273.0, 5.490403462906057
274.0, 5.5144886202912105
275.0, 5.536745254622514
276.0, 5.581021958672601
277.0, 5.598321016872854
278.0, 5.6136146126138184
279.0, 5.629178752699319
280.0, 5.639661426399124
281.0, 5.6397041759500155
282.0, 5.655026900799544
spot_hold
0, 0
1, 0
2, 0
3, 0
4, 0
5, 0
6, 0
7, 0
8, 0
9, 0
10, 0
11, 0
12, 0
13, 0
14, 0
15, 0
16, 0
17, 0
18, 0
19, 0
20, 0
21, 0
22, 0
23, 0
24, 0
25, 0
26, 0
27, 0
28, 0
29, 0
30, 0
31, 0
32, 0
33, 0
34, 0
35, 0
36, 0
37, 0
38, 0
39, 0
40, 0
41, 1
42, 1
43, 1
44, 1
45, 1
46, 1
47, 1
48, 1
49, 1
50, 1
51, 1
52, 1
53, 1
54, 1
55, 1
56, 1
57, 1
58, 1
59, 1
60, 1
61, 1
62, 1
63, 1
64, 1
65, 1
66, 1
67, 1
68, 1
69, 1
70, 1
71, 1
72, 1
73, 1
74, 1
75, 1
76, 1
77, 1
78, 1
79, 1
80, 1
81, 1
82, 1
83, 1
84, 1
85, 1
86, 1
87, 1
88, 1
89, 1
90, 1
91, 1
92, 1
93, 1
94, 1
95, 1
96, 1
97, 1
98, 1
99, 1
100, 1
101, 1
102, 1
103, 1
104, 1
105, 1
106, 1
107, 1
108, 1
109, 1
110, 1
111, 1
112, 1
113, 1
114, 1
115, 1
116, 1
117, 1
118, 1
119, 1
120, 1
121, 1
122, 1
123, 1
124, 1
125, 1
126, 1
127, 1
128, 1
129, 1
130, 1
131, 1
132, 1
133, 1
134, 1
135, 1
136, 1
137, 1
138, 1
139, 1
140, 1
141, 1
142, 1
143, 1
144, 1
145, 1
146, 1
147, 1
148, 1
149, 1
150, 1
151, 1
152, 1
153, 1
154, 1
155, 1
156, 1
157, 1
158, 1
159, 1
160, 1
161, 1
162, 1
163, 1
164, 1
165, 1
166, 1
167, 1
168, 1
169, 1
170, 1
171, 1
172, 1
173, 1
174, 1
175, 1
176, 1
177, 1
178, 1
179, 1
180, 1
181, 1
182, 1
183, 1
184, 1
185, 1
186, 1
187, 1
188, 1
189, 1
190, 1
191, 1
192, 1
193, 1
194, 1
195, 1
196, 1
197, 1
198, 1
199, 1
200, 1
201, 1
202, 1
203, 1
204, 1
205, 1
206, 1
207, 1
208, 1
209, 1
210, 1
211, 1
212, 1
213, 1
214, 1
215, 1
216, 1
217, 1
218, 1
219, 1
220, 1
221, 1
222, 1
223, 1
224, 1
225, 1
226, 1
227, 1
228, 1
229, 1
230, 1
231, 1
232, 1
233, 1
234, 1
235, 1
236, 1
237, 1
238, 1
239, 1
240, 1
241, 1
242, 1
243, 1
244, 1
245, 1
246, 1
247, 1
248, 1
249, 1
250, 1
251, 1
252, 1
253, 1
254, 1
255, 1
256, 1
257, 1
258, 1
259, 1
260, 1
261, 1
262, 1
263, 1
264, 1
265, 1
266, 1
267, 1
268, 1
269, 1
270, 1
271, 1
272, 1
273, 1
274, 1
275, 1
276, 1
277, 1
278, 1
279, 1
280, 1
281, 1
282, 1
