bot_dist
0.0, 3.1609899064241382
1.0, 3.1656431071188793
2.0, 3.170321022221352
3.0, 3.1750235424927764
4.0, 3.1797504457782946
5.0, 3.1845017348228404
6.0, 3.1892773006389126
7.0, 3.1940770343356006
8.0, 3.198900827126111
9.0, 3.2037485703351707
10.0, 3.2086201554063267
11.0, 3.213515473909114
12.0, 3.2184344175461224
13.0, 3.2233768781599377
14.0, 3.2283427477399758
15.0, 3.233331918429195
16.0, 3.238344282530699
17.0, 3.2433797325142257
18.0, 3.248438161022518
19.0, 3.25351946087759
20.0, 3.25862352508687
21.0, 3.263750246849241
22.0, 3.268899519560966
23.0, 3.2740712368215017
24.0, 3.279265292439203
25.0, 3.2844815804369185
26.0, 3.289719995057475
27.0, 3.2949804307690567
28.0, 3.300262782270475
29.0, 3.30556694449633
30.0, 3.31089281262207
31.0, 3.3162402820689407
32.0, 3.321609248508835
33.0, 3.326999607869032
34.0, 3.332411256336843
35.0, 3.3378440903641415
36.0, 3.343298006671808
37.0, 3.348772902254059
38.0, 3.354268674382688
39.0, 3.3597852206111996
40.0, 3.3653224387788505
41.0, 3.370880227014591
42.0, 3.3764584837409126
43.0, 3.3820571076775976
44.0, 3.387675997845375
45.0, 3.3933150535694874
46.0, 3.398974174483157
47.0, 3.4046532605309685
48.0, 3.4103522119721563
49.0, 3.4160709293838054
50.0, 3.4218093136639602
51.0, 3.4275672660346492
52.0, 3.4333446880448206
53.0, 3.439141481573194
54.0, 3.4449575488310265
55.0, 3.450792792364794
56.0, 3.456647115058794
57.0, 3.4625204201376603
58.0, 3.4684126111688056
59.0, 3.4743235920647733
60.0, 3.4802532670855237
61.0, 3.4862015408406304
62.0, 3.492168318291407
63.0, 3.4981535047529597
64.0, 3.5041570058961584
65.0, 3.5101787277495395
66.0, 3.516218576701134
67.0, 3.522276459500227
68.0, 3.528352283259041
69.0, 3.5344459554543555
70.0, 3.5405573839290545
71.0, 3.5466864768936057
72.0, 3.552833142927476
73.0, 3.5589972909804826
74.0, 3.5651788303740717
75.0, 3.5713776708025406
76.0, 3.5775937223341976
77.0, 3.5838268954124537
78.0, 3.590077100856862
79.0, 3.5963442498640865
80.0, 3.6026282540088257
81.0, 3.6089290252446653
82.0, 3.615246475904882
83.0, 3.621580518703189
84.0, 3.627931066734425
85.0, 3.6342980334751904
86.0, 3.6406813327844305
87.0, 3.647080878903967
88.0, 3.653496586458974
89.0, 3.6599283704584096
90.0, 3.6663761462953923
91.0, 3.672839829747534
92.0, 3.679319336977215
93.0, 3.6858145845318306
94.0, 3.6923254893439688
95.0, 3.6988519687315597
96.0, 3.7053939403979737
97.0, 3.711951322432076
98.0, 3.718524033308241
99.0, 3.72511199188632
100.0, 3.731715117411574
101.0, 3.731715117411574
102.0, 3.731715117411574
103.0, 3.731715117411574
104.0, 3.731715117411574
105.0, 3.731715117411574
106.0, 3.731715117411574
107.0, 3.731715117411574
108.0, 3.731715117411574
109.0, 3.731715117411574
110.0, 3.731715117411574
111.0, 3.731715117411574
112.0, 3.731715117411574
113.0, 3.731715117411574
114.0, 3.731715117411574
115.0, 3.731715117411574
116.0, 3.731715117411574
117.0, 3.731715117411574
118.0, 3.731715117411574
119.0, 3.731715117411574
120.0, 3.731715117411574
121.0, 3.731715117411574
122.0, 3.731715117411574
123.0, 3.731715117411574
124.0, 3.731715117411574
125.0, 3.731715117411574
126.0, 3.731715117411574
127.0, 3.731715117411574
128.0, 3.731715117411574
129.0, 3.731715117411574
130.0, 3.731715117411574
131.0, 3.72511199188632
132.0, 3.718524033308241
133.0, 3.711951322432076
134.0, 3.7053939403979737
135.0, 3.6988519687315597
136.0, 3.6923254893439688
137.0, 3.6858145845318306
138.0, 3.679319336977215
139.0, 3.672839829747534
140.0, 3.6663761462953923
141.0, 3.6599283704584096
142.0, 3.653496586458974
143.0, 3.651528918342386
144.0, 3.645137181384097
145.0, 3.638761698757617
146.0, 3.632402556050274
147.0, 3.6260598392296624
148.0, 3.6197336346430866
149.0, 3.6134240290169646
150.0, 3.6071311094561644
151.0, 3.517633605735599
152.0, 3.4281554407170427
153.0, 3.3386981227687165
154.0, 3.249263423911444
155.0, 3.1598532647396724
156.0, 3.0704697889950148
157.0, 2.9811153968446265
158.0, 2.891792784278461
159.0, 2.8025049899748145
160.0, 2.713255451333392
161.0, 2.6240480718300274
162.0, 2.5348873024431042
163.0, 2.445778240688952
164.0, 2.3567267518521735
165.0, 2.267739618406779
166.0, 2.178824725537974
167.0, 2.1729577285263124
168.0, 2.0847820565746944
169.0, 1.9968102003243249
170.0, 1.9090701171696713
171.0, 1.8215952985964439
172.0, 1.7344258804903154
173.0, 1.6476103366415364
174.0, 1.6423489706032341
175.0, 1.5578257785493577
176.0, 1.4740726491446343
177.0, 1.4692343363202358
178.0, 1.4644483243552766
179.0, 1.459715127691058
180.0, 1.455035261748593
181.0, 1.3874289654264413
182.0, 1.3832033174340483
183.0, 1.3790372367109447
184.0, 1.3749312647287828
185.0, 1.3708859415868824
186.0, 1.3669018057530489
187.0, 1.3629793937986991
188.0, 1.3591192401284455
189.0, 1.3553218767043158
190.0, 1.3515878327647906
191.0, 1.3479176345388721
192.0, 1.3443118049553997
193.0, 1.3407708633478546
194.0, 1.337295325154914
195.0, 1.2544035581312136
196.0, 1.171779311027125
197.0, 1.0894834500707449
198.0, 1.0857654470235394
199.0, 1.0061408700812753
200.0, 0.9272776271219287
201.0, 0.8493878077116098
202.0, 0.7727658124119395
203.0, 0.6978293893148421
204.0, 0.625184944768871
205.0, 0.5557320186520456
206.0, 0.4908273023781269
207.0, 0.43252318756315394
208.0, 0.38383939039015214
209.0, 0.3488273932271753
210.0, 0.33184322462804555
211.0, 0.3356349266877674
212.0, 0.3595458039098174
213.0, 0.3999838359495307
214.0, 0.45254000458294924
215.0, 0.5135071052099014
216.0, 0.5802397958967981
217.0, 0.6509673391744403
218.0, 0.7245207484189335
219.0, 0.7218511247043086
220.0, 0.7991383232509892
221.0, 0.877490277697385
222.0, 0.9566454042810063
223.0, 0.9548282122716263
224.0, 0.9531124802384134
225.0, 0.9514987570360462
226.0, 0.949987562505211
227.0, 0.9485793866654355
228.0, 0.9472746590762584
229.0, 0.9460738426808383
230.0, 0.9449773336102362
231.0, 0.9449773336102362
232.0, 0.9449773336102362
233.0, 0.9449773336102362
234.0, 0.9449773336102362
235.0, 0.9449773336102362
236.0, 0.9449773336102362
237.0, 0.9449773336102362
238.0, 0.9449773336102362
239.0, 0.9449773336102362
240.0, 0.9449773336102362
241.0, 0.9449773336102362
242.0, 0.9449773336102362
243.0, 0.9449773336102362
244.0, 0.9449773336102362
245.0, 0.9449773336102362
246.0, 0.9449773336102362
247.0, 0.9449773336102362
248.0, 0.9449773336102362
249.0, 0.9449773336102362
250.0, 0.9449773336102362
251.0, 0.9449773336102362
252.0, 0.9449773336102362
253.0, 0.9449773336102362
254.0, 0.9449773336102362
255.0, 0.9449773336102362
256.0, 0.9449773336102362
257.0, 0.9449773336102362
258.0, 0.9449773336102362
259.0, 0.9449773336102362
260.0, 0.9449773336102362
261.0, 0.9460738426808383
262.0, 0.9472746590762584
263.0, 0.9485793866654355
264.0, 0.949987562505211
265.0, 0.9514987570360462
266.0, 0.9531124802384134
267.0, 0.9548282122716263
268.0, 0.9566454042810063
269.0, 0.9585634792399721
270.0, 0.9605818328241699
271.0, 0.9626998343147115
272.0, 0.9649168275275516
273.0, 0.9672321317660135
274.0, 0.9696450427934699
275.0, 0.9721548338231945
276.0, 0.9747607565224334
277.0, 0.9774620420277714
278.0, 0.9802579019689387
279.0, 0.9831475294982542
280.0, 0.9861301003229878
281.0, 0.9892047737380072
282.0, 0.9923706936561703
ee_dist
0.0, 1.4555079768813808
1.0, 1.5186167896714176
2.0, 1.6286315568545946
3.0, 1.721685914584774
4.0, 1.7538821590407683
5.0, 1.7797357653966284
6.0, 1.8118977913578511
7.0, 1.845797286398911
8.0, 1.8815158651644748
9.0, 1.9158550749612802
10.0, 1.9499652029917043
11.0, 1.985926290137332
12.0, 2.016715864833255
13.0, 2.045811016600757
14.0, 2.073586259602127
15.0, 2.098504966931281
16.0, 2.122894075086311
17.0, 2.1443551221540673
18.0, 2.1657196182629974
19.0, 2.184076993929822
20.0, 2.202840568852912
21.0, 2.1735505661156655
22.0, 2.1325746936135688
23.0, 2.0884550245528284
24.0, 2.040750218567775
25.0, 1.9896673816447086
26.0, 1.9354920891557832
27.0, 1.8785155442757213
28.0, 1.8188912963851414
29.0, 1.7571856772601389
30.0, 1.693954154658944
31.0, 1.629366807497824
32.0, 1.5641909070289481
33.0, 1.4989218569439984
34.0, 1.4343973688030502
35.0, 1.3716181365442959
36.0, 1.3115017545533214
37.0, 1.2553415926413964
38.0, 1.2043400891554115
39.0, 1.1599527069521562
40.0, 1.1235576274175354
41.0, 1.1365531312774664
42.0, 1.0130305845452878
43.0, 0.7446949787135388
44.0, 0.6975600649150789
45.0, 0.6500032919645109
46.0, 0.6019522981928682
47.0, 0.5534375397568173
48.0, 0.5053771946341951
49.0, 0.45836836971214734
50.0, 0.414027241171996
51.0, 0.3743967688178524
52.0, 0.34188951075641666
53.0, 0.31872926598228013
54.0, 0.3076950251713037
55.0, 0.3103752220450388
56.0, 0.3270931293134516
57.0, 0.35553215178753
58.0, 0.3277499170941337
59.0, 0.28526577812504744
60.0, 0.25823320246733084
61.0, 0.26210271899857973
62.0, 0.30216029988893645
63.0, 0.3661681858639968
64.0, 0.43820507941068293
65.0, 0.5012982311791546
66.0, 0.5612583629118009
67.0, 0.6206743097180459
68.0, 0.6739325492634805
69.0, 0.72531559120563
70.0, 0.7751740144083005
71.0, 0.8233505786429998
72.0, 0.8716124399287936
73.0, 0.9273444882680186
74.0, 0.9874312901808705
75.0, 1.0590052160605625
76.0, 1.1402048639167268
77.0, 1.231346723233706
78.0, 1.3278518019120573
79.0, 1.4248488952362282
80.0, 1.517654720142802
81.0, 1.5966969251921272
82.0, 1.6619301920717393
83.0, 1.7267217218047326
84.0, 1.7880286868054212
85.0, 1.8479349484926924
86.0, 1.8965618107464528
87.0, 1.9250822474710185
88.0, 1.9546995473347797
89.0, 1.993414206111686
90.0, 2.04344146530524
91.0, 2.12475856122217
92.0, 2.216020261175035
93.0, 2.3161922368365864
94.0, 2.420851937872888
95.0, 2.5281664950171536
96.0, 2.6275274984538703
97.0, 2.7181706972753377
98.0, 2.7909913999568223
99.0, 2.859688982561962
100.0, 2.9262669494135745
101.0, 2.990322356276798
102.0, 3.053528063252672
103.0, 3.115561609898303
104.0, 3.1784309709333955
105.0, 3.247206085193298
106.0, 3.3207452353789524
107.0, 3.400736021290825
108.0, 3.4927546310984123
109.0, 3.589931029357721
110.0, 3.695757544697205
111.0, 3.803728046876419
112.0, 3.906727217795863
113.0, 4.001456447360116
114.0, 4.076790109170618
115.0, 4.146326451270279
116.0, 4.212078594526511
117.0, 4.276321355010921
118.0, 4.339592613972233
119.0, 4.402805580641298
120.0, 4.464957588750269
121.0, 4.532942406171934
122.0, 4.606474912347021
123.0, 4.683246340622679
124.0, 4.728207897860311
125.0, 4.77281959107885
126.0, 4.817509704175542
127.0, 4.861245655991473
128.0, 4.904477515317018
129.0, 4.94619890098641
130.0, 4.986885974771819
131.0, 5.025561109793545
132.0, 5.062726574896477
133.0, 5.097439752685432
134.0, 5.13023068952873
135.0, 5.160195245751377
136.0, 5.187889887070041
137.0, 5.212444593017337
138.0, 5.2344509988518615
139.0, 5.253073806941342
140.0, 5.268933529615832
141.0, 5.281234393984759
142.0, 5.290626716324466
143.0, 4.641607576959587
144.0, 4.631841388389821
145.0, 4.624982835998432
146.0, 4.620308482595298
147.0, 4.61865514215731
148.0, 4.619233237829274
149.0, 4.6228425387640755
150.0, 4.628651872519723
151.0, 4.547559705744364
152.0, 4.466149073323791
153.0, 4.385211714689611
154.0, 4.303964747475031
155.0, 4.223200196791345
156.0, 4.142136304378563
157.0, 4.061565416916506
158.0, 3.980707147578206
159.0, 3.900354212605834
160.0, 3.8197279012641423
161.0, 3.739621363972325
162.0, 3.659257833685047
163.0, 3.5794313126739308
164.0, 3.4993671175912606
165.0, 3.419860335248977
166.0, 3.340139065004768
167.0, 3.351293453989707
168.0, 3.2744307378245048
169.0, 3.1982778540208403
170.0, 3.122107061335533
171.0, 3.046694978835103
172.0, 2.9713236097479254
173.0, 2.896769753082024
174.0, 2.911702551779652
175.0, 2.8414265944767116
176.0, 2.771516556665236
177.0, 2.7897803640194794
178.0, 2.809754047216034
179.0, 2.8318792489387445
180.0, 2.8553899157993223
181.0, 2.8077369416268882
182.0, 2.7835573926311223
183.0, 2.7612513734007686
184.0, 2.7404555175415393
185.0, 2.721967940078516
186.0, 2.7053009609964844
187.0, 2.691310799171408
188.0, 2.6793963323549916
189.0, 2.6704397191146176
190.0, 2.6637370600934362
191.0, 2.6601669087898556
192.0, 2.6589406089948637
193.0, 2.6609008937930856
194.0, 2.665198579055094
195.0, 2.584612306092189
196.0, 2.503783437740482
197.0, 2.423547156167639
198.0, 2.431250046137797
199.0, 2.353673004229342
200.0, 2.2760900088191245
201.0, 2.1993405105794896
202.0, 2.122675235140805
203.0, 2.046943144385489
204.0, 1.9714132148655517
205.0, 1.8969473570581974
206.0, 1.8228399430135422
207.0, 1.7452257085039615
208.0, 1.6778391105248325
209.0, 1.6067069440831698
210.0, 1.5369366840176826
211.0, 1.4686621036771066
212.0, 1.4017496814221377
213.0, 1.3370454292499008
214.0, 1.27412768007016
215.0, 1.2140454209319351
216.0, 1.1564836024919238
217.0, 1.1025750273311226
218.0, 1.0521701966653243
219.0, 1.0761007598599732
220.0, 1.0371696954554812
221.0, 1.0039268081445205
222.0, 0.9764421934232076
223.0, 0.9496976639654482
224.0, 0.9238967795514128
225.0, 0.8998442623911435
226.0, 0.8772494261663741
227.0, 0.8570667595249873
228.0, 0.8388753501336883
229.0, 0.8237344066956972
230.0, 0.811075861982045
231.0, 0.8019966621249135
232.0, 0.7957617830219391
233.0, 0.7934253335095193
234.0, 0.7940854590317791
235.0, 0.79868107473627
236.0, 0.8061770502167688
237.0, 0.8173553615785244
238.0, 0.8311146895751844
239.0, 0.8313244230470386
240.0, 0.8311146895751844
241.0, 0.8313244230470386
242.0, 0.8311146895751844
243.0, 0.8371431517661297
244.0, 0.8496542226049788
245.0, 0.8631736646750939
246.0, 0.8789357730522319
247.0, 0.8956769166800987
248.0, 0.9144133020707039
249.0, 0.9338392485901457
250.0, 0.9550196526193633
251.0, 0.9766137041889478
252.0, 0.999675839355381
253.0, 1.022870558093263
254.0, 1.047189047141517
255.0, 1.0713573165237713
256.0, 1.096282141987201
257.0, 1.1207988856671642
258.0, 1.145728227322285
259.0, 1.1700445534544994
260.0, 1.1999351330184804
261.0, 1.2279943219605172
262.0, 1.262401835296965
263.0, 1.2320378547801187
264.0, 1.198905680479357
265.0, 1.1638329624938593
266.0, 1.1268204016284071
267.0, 1.0880552573922881
268.0, 1.0475957932172595
269.0, 1.005666832336546
270.0, 0.9623383266998393
271.0, 0.917899544485731
272.0, 0.8724638247985556
273.0, 0.8264021396205689
274.0, 0.7803517088334316
275.0, 0.7306826436285706
276.0, 0.6779768057332518
277.0, 0.6231939235923919
278.0, 0.5775437121545557
279.0, 0.5346228743552743
280.0, 0.4951106343052762
281.0, 0.4165144568243803
282.0, 0.37956978597404417
ee_box_dist
0.0, 7.669672794008229
1.0, 7.6689927946743595
2.0, 7.6828077349529265
3.0, 7.728232114310834
4.0, 7.830524616423387
5.0, 8.020595913982588
6.0, 8.330804506100247
7.0, 8.790760295789404
8.0, 9.421934697740173
9.0, 10.236401826174685
10.0, 11.237067944286911
11.0, 12.421231680431315
12.0, 13.779687038598874
13.0, 15.302993145055723
14.0, 16.98092836321833
15.0, 18.804621678342315
16.0, 20.76497462111081
17.0, 22.854725433379883
18.0, 25.066670689893936
19.0, 27.394901202420407
20.0, 29.833870138686535
21.0, 32.402851931131316
22.0, 35.07750947463475
23.0, 37.845206094871216
24.0, 40.70177101243915
25.0, 43.64352549091538
26.0, 46.666607742253355
27.0, 49.76796205678556
28.0, 52.94427804717915
29.0, 56.19292067287773
30.0, 59.51114389810965
31.0, 62.8966896279399
32.0, 66.34705994460452
33.0, 69.86044383516905
34.0, 73.4346252906258
35.0, 77.06817956894788
36.0, 80.75917073456365
37.0, 84.50637171364573
38.0, 88.308122722223
39.0, 92.16349295277506
40.0, 96.07104516770205
41.0, 100.11116603703731
42.0, 104.20261066760457
43.0, 108.34411262043784
44.0, 112.5338634240916
45.0, 116.77071517846755
46.0, 121.05294788104896
47.0, 125.37944582935332
48.0, 129.7486175227014
49.0, 134.15941052289165
50.0, 138.6103486112134
51.0, 143.10047435208014
52.0, 147.62831357667093
53.0, 152.19307315417893
54.0, 156.79338181145016
55.0, 161.42832504719615
56.0, 166.09675716127012
57.0, 170.7978144287663
58.0, 175.53036271594803
59.0, 180.2936183270089
60.0, 185.08652890853472
61.0, 189.90837496058177
62.0, 194.75812394724994
63.0, 199.63510313208988
64.0, 204.53836360772374
65.0, 209.4673083032308
66.0, 214.42097946468863
67.0, 219.39887144366793
68.0, 224.4000623632888
69.0, 229.42400127011186
70.0, 234.46993804797225
71.0, 239.53735400853918
72.0, 244.62545736234543
73.0, 249.73385343670003
74.0, 254.86175303701853
75.0, 260.00874788045473
76.0, 265.1741436844717
77.0, 270.3575800004923
78.0, 275.55839546819425
79.0, 280.7760644039668
80.0, 286.0102019724595
81.0, 291.2604686942512
82.0, 296.52623754948365
83.0, 301.8071721036384
84.0, 307.102708028984
85.0, 312.41260407368435
86.0, 317.7730393204094
87.0, 323.1528397431755
88.0, 328.5278504377646
89.0, 333.9091378358447
90.0, 339.2960974208407
91.0, 344.69355964605694
92.0, 350.10211573610405
93.0, 355.5225226632685
94.0, 360.95372997597354
95.0, 366.39086677834814
96.0, 371.8486534797531
97.0, 377.3111364918162
98.0, 382.78343530461734
99.0, 388.26576407435215
100.0, 393.75693570663867
101.0, 399.25757266978945
102.0, 404.7665601094116
103.0, 410.28449155550356
104.0, 415.8102833397331
105.0, 421.3444372211151
106.0, 426.8859616487491
107.0, 432.43548037147815
108.0, 437.99148786630167
109.0, 443.55594752155235
110.0, 449.1264699374371
111.0, 454.7040566227822
112.0, 460.28775892479916
113.0, 465.8782578098928
114.0, 471.4744433466961
115.0, 477.07683556028564
116.0, 482.68508318735195
117.0, 488.29914605132586
118.0, 493.91817621175153
119.0, 499.54300972174366
120.0, 505.1725205828983
121.0, 510.8075166064182
122.0, 516.4469440770013
123.0, 522.0914579918638
124.0, 527.7401583663408
125.0, 533.3937304402801
126.0, 539.0511220993576
127.0, 544.7132016915717
128.0, 550.3789170234766
129.0, 556.0490144579234
130.0, 561.7225028675592
131.0, 567.4001896561895
132.0, 573.081022701243
133.0, 578.765931476149
134.0, 584.4536197708911
135.0, 590.1450780972028
136.0, 595.8394374840223
137.0, 601.5373222714436
138.0, 607.2377414558003
139.0, 612.9416245338796
140.0, 618.6479194981845
141.0, 624.3574337901526
142.0, 630.0691154262787
143.0, 635.9646738279058
144.0, 641.68120067835
145.0, 647.4007711213185
146.0, 653.1221518983469
147.0, 658.8463976097635
148.0, 664.5724566350175
149.0, 670.3012017655466
150.0, 676.0315799073811
151.0, 681.7643736127328
152.0, 687.498737942746
153.0, 693.2355441921543
154.0, 698.9737369893796
155.0, 704.7142484454658
156.0, 710.4561455319596
157.0, 716.2002991186223
158.0, 721.9455323181429
159.0, 727.6930209556801
160.0, 733.4415884033458
161.0, 739.1921661585302
162.0, 744.9438830049738
163.0, 750.6974871476765
164.0, 756.4519245160708
165.0, 762.2084313834331
166.0, 767.9656487513437
167.0, 773.7245549353025
168.0, 779.484361412611
169.0, 785.2458710721471
170.0, 791.0080904557726
171.0, 796.7718901517662
172.0, 802.5363379555266
173.0, 808.3023653092223
174.0, 814.0689790435465
175.0, 819.8370491020164
176.0, 825.6056447139357
177.0, 831.3757427062712
178.0, 837.1463061917271
179.0, 842.918269008573
180.0, 848.6906378430767
181.0, 854.4640103059257
182.0, 860.2383742108217
183.0, 866.0141327746782
184.0, 871.7902295416802
185.0, 877.5674737432062
186.0, 883.3448701686945
187.0, 889.1237153637949
188.0, 894.9026494212652
189.0, 900.6826012459135
190.0, 906.4630665033536
191.0, 912.2444847800678
192.0, 918.0259258734358
193.0, 923.8086216971451
194.0, 929.5911546875179
195.0, 935.3750807629463
196.0, 941.1587941245285
197.0, 946.9437708057332
198.0, 952.7285543762079
199.0, 958.5145592207282
200.0, 964.3004114939765
201.0, 970.0874650974796
202.0, 975.8741218470954
203.0, 981.6622238147992
204.0, 987.4498067210657
205.0, 993.2385904753771
206.0, 999.0272212363292
207.0, 1004.814307367953
208.0, 1010.6061757177328
209.0, 1016.3962379623856
210.0, 1022.1864288843451
211.0, 1027.977509578099
212.0, 1033.7682472597521
213.0, 1039.5593283332637
214.0, 1045.3500724672347
215.0, 1051.1432367311402
216.0, 1056.9359422682296
217.0, 1062.7291149035957
218.0, 1068.521828714098
219.0, 1074.3147962245337
220.0, 1080.1075519254525
221.0, 1085.9007736210015
222.0, 1091.6952455348603
223.0, 1097.4899504655773
224.0, 1103.2840637936463
225.0, 1109.078756875862
226.0, 1114.872860509421
227.0, 1120.6674249804878
228.0, 1126.4616463510085
229.0, 1132.2562099759807
230.0, 1138.0504328497886
231.0, 1143.8465877091235
232.0, 1149.642770672561
233.0, 1155.4394239456205
234.0, 1161.2356189764048
235.0, 1167.0322873785335
236.0, 1172.8284994183846
237.0, 1178.625187753533
238.0, 1184.4214216022438
239.0, 1190.2182862087607
240.0, 1196.0146859396216
241.0, 1201.811552875095
242.0, 1207.6079549143615
243.0, 1213.4176084709343
244.0, 1219.244309418663
245.0, 1225.0692896878636
246.0, 1230.893649537069
247.0, 1236.7167502957923
248.0, 1242.538936201614
249.0, 1248.3596337836843
250.0, 1254.1792022834695
251.0, 1259.9972152268335
252.0, 1265.813890705112
253.0, 1271.6289331771122
254.0, 1277.4426644053735
255.0, 1283.254737367799
256.0, 1289.0652914527225
257.0, 1294.8743062270087
258.0, 1300.6816417597206
259.0, 1306.4875696065506
260.0, 1312.2924951595246
261.0, 1318.0961844186736
262.0, 1323.8989635537118
263.0, 1329.7249183056674
264.0, 1335.547723249707
265.0, 1341.365926844739
266.0, 1347.1793633459545
267.0, 1352.9879608902263
268.0, 1358.791526894934
269.0, 1364.5901692729383
270.0, 1370.3837593667024
271.0, 1376.1724245422913
272.0, 1381.956107942394
273.0, 1387.7350383234561
274.0, 1393.5104618132464
275.0, 1399.2804514139564
276.0, 1405.0465188258286
277.0, 1410.8082235252812
278.0, 1416.5662799558736
279.0, 1422.3209773930985
280.0, 1428.0725423514461
281.0, 1433.8159090987333
282.0, 1439.5601972519266
spot_hold
0, 0
1, 0
2, 0
3, 0
4, 0
5, 0
6, 0
7, 0
8, 0
9, 0
10, 0
11, 0
12, 0
13, 0
14, 0
15, 0
16, 0
17, 0
18, 0
19, 0
20, 0
21, 0
22, 0
23, 0
24, 0
25, 0
26, 0
27, 0
28, 0
29, 0
30, 0
31, 0
32, 0
33, 0
34, 0
35, 0
36, 0
37, 0
38, 0
39, 0
40, 0
41, 1
42, 1
43, 1
44, 1
45, 1
46, 1
47, 1
48, 1
49, 1
50, 1
51, 1
52, 1
53, 1
54, 1
55, 1
56, 1
57, 1
58, 1
59, 1
60, 1
61, 1
62, 1
63, 1
64, 1
65, 1
66, 1
67, 1
68, 1
69, 1
70, 1
71, 1
72, 1
73, 1
74, 1
75, 1
76, 1
77, 1
78, 1
79, 1
80, 1
81, 1
82, 1
83, 1
84, 1
85, 1
86, 1
87, 1
88, 1
89, 1
90, 1
91, 1
92, 1
93, 1
94, 1
95, 1
96, 1
97, 1
98, 1
99, 1
100, 1
101, 1
102, 1
103, 1
104, 1
105, 1
106, 1
107, 1
108, 1
109, 1
110, 1
111, 1
112, 1
113, 1
114, 1
115, 1
116, 1
117, 1
118, 1
119, 1
120, 1
121, 1
122, 1
123, 1
124, 1
125, 1
126, 1
127, 1
128, 1
129, 1
130, 1
131, 1
132, 1
133, 1
134, 1
135, 1
136, 1
137, 1
138, 1
139, 1
140, 1
141, 1
142, 1
143, 1
144, 1
145, 1
146, 1
147, 1
148, 1
149, 1
150, 1
151, 1
152, 1
153, 1
154, 1
155, 1
156, 1
157, 1
158, 1
159, 1
160, 1
161, 1
162, 1
163, 1
164, 1
165, 1
166, 1
167, 1
168, 1
169, 1
170, 1
171, 1
172, 1
173, 1
174, 1
175, 1
176, 1
177, 1
178, 1
179, 1
180, 1
181, 1
182, 1
183, 1
184, 1
185, 1
186, 1
187, 1
188, 1
189, 1
190, 1
191, 1
192, 1
193, 1
194, 1
195, 1
196, 1
197, 1
198, 1
199, 1
200, 1
201, 1
202, 1
203, 1
204, 1
205, 1
206, 1
207, 1
208, 1
209, 1
210, 1
211, 1
212, 1
213, 1
214, 1
215, 1
216, 1
217, 1
218, 1
219, 1
220, 1
221, 1
222, 1
223, 1
224, 1
225, 1
226, 1
227, 1
228, 1
229, 1
230, 1
231, 1
232, 1
233, 1
234, 1
235, 1
236, 1
237, 1
238, 1
239, 1
240, 1
241, 1
242, 1
243, 1
244, 1
245, 1
246, 1
247, 1
248, 1
249, 1
250, 1
251, 1
252, 1
253, 1
254, 1
255, 1
256, 1
257, 1
258, 1
259, 1
260, 1
261, 1
262, 1
263, 1
264, 1
265, 1
266, 1
267, 1
268, 1
269, 1
270, 1
271, 1
272, 1
273, 1
274, 1
275, 1
276, 1
277, 1
278, 1
279, 1
280, 1
281, 1
282, 1
