bot_dist
0.0, 2.8790671519074404
1.0, 2.881411091089401
2.0, 2.883787803509297
3.0, 2.8861972082032654
4.0, 2.888639223365744
5.0, 2.8911137663622224
6.0, 2.8936207537420375
7.0, 2.8961601012512235
8.0, 2.898731723845401
9.0, 2.901335535702713
10.0, 2.9039714502367864
11.0, 2.906639380109737
12.0, 2.9093392372451974
13.0, 2.912070932841367
14.0, 2.9148343773840915
15.0, 2.917629480659939
16.0, 2.9204561517693173
17.0, 2.9233142991395726
18.0, 2.926203830538111
19.0, 2.92912465308551
20.0, 2.9320766732686385
21.0, 2.935059796953759
22.0, 2.938073929399628
23.0, 2.941118975270583
24.0, 2.944194838649605
25.0, 2.9473014230513717
26.0, 2.9504386314352793
27.0, 2.953606366218442
28.0, 2.956804529288656
29.0, 2.9600330220173374
30.0, 2.9632917452724175
31.0, 2.9665805994312016
32.0, 2.9698994843931836
33.0, 2.9732482995928198
34.0, 2.976626944012243
35.0, 2.9800353161939395
36.0, 2.9834733142533625
37.0, 2.986940835891489
38.0, 2.990437778407324
39.0, 2.9939640387103337
40.0, 2.9975195133328216
41.0, 3.0011040984422306
42.0, 3.004717689853383
43.0, 3.0083601830406423
44.0, 3.012031473150003
45.0, 3.015731455011107
46.0, 3.019460023149176
47.0, 3.0232170717968643
48.0, 3.027002494906037
49.0, 3.030816186159451
50.0, 3.0346580389823563
51.0, 3.0385279465540123
52.0, 3.0424258018191046
53.0, 3.0463514974990784
54.0, 3.0503049261033746
55.0, 3.0542859799405697
56.0, 3.058294551129423
57.0, 3.062330531609821
58.0, 3.066393813153626
59.0, 3.070484287375424
60.0, 3.0746018457431634
61.0, 3.078746379588704
62.0, 3.0829177801182457
63.0, 3.087115938422665
64.0, 3.0913407454877353
65.0, 3.0955920922042464
66.0, 3.0998698693780096
67.0, 3.104173967739758
68.0, 3.1085042779549332
69.0, 3.1128606906333647
70.0, 3.1172430963388336
71.0, 3.1216513855985237
72.0, 3.1260854489123653
73.0, 3.130545176762259
74.0, 3.135030459621189
75.0, 3.139541187962219
76.0, 3.144077252267377
77.0, 3.1486385430364208
78.0, 3.153224950795491
79.0, 3.1578363661056468
80.0, 3.162472679571285
81.0, 3.1671337818484444
82.0, 3.1718195636529924
83.0, 3.1765298031756983
84.0, 3.1812645027054183
85.0, 3.1860235531932575
86.0, 3.1908068456817253
87.0, 3.195614271312335
88.0, 3.200445721333092
89.0, 3.2053010871058683
90.0, 3.210180260113652
91.0, 3.2150831319676914
92.0, 3.2200095944145155
93.0, 3.2249595393428456
94.0, 3.229932858790386
95.0, 3.2349294449505055
96.0, 3.2399491901788
97.0, 3.244991986999547
98.0, 3.2500577281120413
99.0, 3.255146306396822
100.0, 3.2602576149217826
101.0, 3.2602576149217826
102.0, 3.2602576149217826
103.0, 3.2602576149217826
104.0, 3.2602576149217826
105.0, 3.2602576149217826
106.0, 3.2602576149217826
107.0, 3.2602576149217826
108.0, 3.2602576149217826
109.0, 3.2602576149217826
110.0, 3.2602576149217826
111.0, 3.2602576149217826
112.0, 3.2602576149217826
113.0, 3.2602576149217826
114.0, 3.2602576149217826
115.0, 3.2602576149217826
116.0, 3.2602576149217826
117.0, 3.2602576149217826
118.0, 3.2602576149217826
119.0, 3.2602576149217826
120.0, 3.2602576149217826
121.0, 3.2602576149217826
122.0, 3.2602576149217826
123.0, 3.2602576149217826
124.0, 3.2602576149217826
125.0, 3.2602576149217826
126.0, 3.2602576149217826
127.0, 3.2602576149217826
128.0, 3.2602576149217826
129.0, 3.2602576149217826
130.0, 3.2602576149217826
131.0, 3.255146306396822
132.0, 3.2500577281120413
133.0, 3.244991986999547
134.0, 3.2399491901788
135.0, 3.2349294449505055
136.0, 3.229932858790386
137.0, 3.2249595393428456
138.0, 3.2200095944145155
139.0, 3.2150831319676914
140.0, 3.210180260113652
141.0, 3.2053010871058683
142.0, 3.200445721333092
143.0, 3.2006897811626245
144.0, 3.195889990389711
145.0, 3.1911143172449927
146.0, 3.186362870169895
147.0, 3.181635757701881
148.0, 3.1769330884668694
149.0, 3.172254859929986
150.0, 3.1676012932909607
151.0, 3.081264011435127
152.0, 2.9951344076561113
153.0, 2.9092308739871213
154.0, 2.8235741018879152
155.0, 2.7381872492585955
156.0, 2.6530963773693728
157.0, 2.5683309046298057
158.0, 2.483924144614838
159.0, 2.399913946203588
160.0, 2.316343457827948
161.0, 2.233262042958712
162.0, 2.1507263802901186
163.0, 2.0688017898507054
164.0, 1.9875638356946066
165.0, 1.9071002670784152
166.0, 1.827513373105105
167.0, 1.8248860839725118
168.0, 1.7496618592862376
169.0, 1.6759438854598634
170.0, 1.6039395997923787
171.0, 1.5338903544766396
172.0, 1.466076412242319
173.0, 1.4008224443920982
174.0, 1.4003321231802368
175.0, 1.3434082260718414
176.0, 1.2903950327399392
177.0, 1.291051897766885
178.0, 1.291785846837788
179.0, 1.2925967486454326
180.0, 1.2934844584618888
181.0, 1.2724055096155082
182.0, 1.2740661091676961
183.0, 1.2758029351411997
184.0, 1.2776156766631614
185.0, 1.2795040110728115
186.0, 1.2814676041955708
187.0, 1.283506110624113
188.0, 1.235163831502657
189.0, 1.23785706131515
190.0, 1.1892965187710105
191.0, 1.145639266396429
192.0, 1.1074654048188528
193.0, 1.07535905261664
194.0, 1.0498770100498747
195.0, 1.0315103273504858
196.0, 1.0206432038880588
197.0, 1.017515955092495
198.0, 1.022199619988893
199.0, 1.0345881220832844
200.0, 1.0544099186838727
201.0, 1.0812562813203812
202.0, 1.1146197513876035
203.0, 1.1539351842649916
204.0, 1.19861703800619
205.0, 1.2480890886172828
206.0, 1.301805330095495
207.0, 1.3592626813156081
208.0, 1.4200070884267753
209.0, 1.483634860927719
210.0, 1.5497909036223152
211.0, 1.6181651017083054
212.0, 1.6884880981679082
213.0, 1.6981145108416538
214.0, 1.7653993257345033
215.0, 1.834493391038902
216.0, 1.8439542588395121
217.0, 1.8534207899920405
218.0, 1.8628928981593227
219.0, 1.8723704987009226
220.0, 1.8818535086329167
221.0, 1.8913418465887852
222.0, 1.9008354327813628
223.0, 1.9103341889658267
224.0, 1.9198380384036866
225.0, 1.9293469058277424
226.0, 1.9388607174079917
227.0, 1.9483794007184427
228.0, 1.9579028847048212
229.0, 1.967431099653135
230.0, 1.9769639771590692
231.0, 1.9769639771590692
232.0, 1.9769639771590692
233.0, 1.9769639771590692
234.0, 1.9769639771590692
235.0, 1.9769639771590692
236.0, 1.9769639771590692
237.0, 1.9769639771590692
238.0, 1.9769639771590692
239.0, 1.9769639771590692
240.0, 1.9769639771590692
241.0, 1.9769639771590692
242.0, 1.9769639771590692
243.0, 1.9769639771590692
244.0, 1.9769639771590692
245.0, 1.9769639771590692
246.0, 1.9769639771590692
247.0, 1.9769639771590692
248.0, 1.9769639771590692
249.0, 1.9769639771590692
250.0, 1.9769639771590692
251.0, 1.9769639771590692
252.0, 1.9769639771590692
253.0, 1.9769639771590692
254.0, 1.9769639771590692
255.0, 1.9769639771590692
256.0, 1.9769639771590692
257.0, 1.9769639771590692
258.0, 1.9769639771590692
259.0, 1.9769639771590692
260.0, 1.9769639771590692
261.0, 1.967431099653135
262.0, 1.9579028847048212
263.0, 1.9483794007184427
264.0, 1.9388607174079917
265.0, 1.9293469058277424
266.0, 1.9198380384036866
267.0, 1.9103341889658267
268.0, 1.9008354327813628
269.0, 1.8913418465887852
270.0, 1.8818535086329167
271.0, 1.8723704987009226
272.0, 1.8628928981593227
273.0, 1.8534207899920405
274.0, 1.8439542588395121
275.0, 1.834493391038902
276.0, 1.8250382746654445
277.0, 1.8155889995749626
278.0, 1.8061456574475887
279.0, 1.796708341832733
280.0, 1.7872771481953367
281.0, 1.7778521739634483
282.0, 1.7684335185771731
ee_dist
0.0, 1.4933194395565594
1.0, 1.5584016411274322
2.0, 1.669532123598937
3.0, 1.7631561473012707
4.0, 1.7955649844786647
5.0, 1.8214357271400614
6.0, 1.8534862222209267
7.0, 1.887467412492711
8.0, 1.9234983389669857
9.0, 1.9571913756099912
10.0, 1.9913028822478143
11.0, 2.02369606288968
12.0, 2.0597191808214976
13.0, 2.085903428073106
14.0, 2.1138695413424395
15.0, 2.1457236014802876
16.0, 2.169384953936835
17.0, 2.19223517875923
18.0, 2.2144167436464994
19.0, 2.233669539158088
20.0, 2.2537409228017173
21.0, 2.223602174199464
22.0, 2.1819468224010206
23.0, 2.137082166004103
24.0, 2.088567167988286
25.0, 2.03671195422615
26.0, 1.9816454272075559
27.0, 1.92384415550209
28.0, 1.863750006357331
29.0, 1.8011458845205472
30.0, 1.7369483842773945
31.0, 1.6716354503835293
32.0, 1.6055366976037742
33.0, 1.5397897328528718
34.0, 1.4748802505601213
35.0, 1.4118311242282184
36.0, 1.3516399810843789
37.0, 1.2955817924559239
38.0, 1.2448530012999741
39.0, 1.200891953360106
40.0, 1.1650486983528123
41.0, 1.1779565859391328
42.0, 1.0462169910785213
43.0, 0.7321002429647503
44.0, 0.6849488543563844
45.0, 0.6376258636614749
46.0, 0.5901295539777335
47.0, 0.5425636140506204
48.0, 0.495995623346937
49.0, 0.45118303080240724
50.0, 0.4099250711647468
51.0, 0.37446702748800864
52.0, 0.34731858808370136
53.0, 0.33053762015289434
54.0, 0.32633929838491066
55.0, 0.3354362574613554
56.0, 0.3573491101555297
57.0, 0.38956689204148315
58.0, 0.36052937565744103
59.0, 0.31157620534856545
60.0, 0.2734871586428166
61.0, 0.2618679405296318
62.0, 0.28784219005315775
63.0, 0.3430730527091883
64.0, 0.41035807868425794
65.0, 0.471510446510944
66.0, 0.5309282417075518
67.0, 0.5897354506110413
68.0, 0.6423898010074617
69.0, 0.693113010839028
70.0, 0.7421847873647064
71.0, 0.7896596181538182
72.0, 0.8367446625809238
73.0, 0.8915690361883044
74.0, 0.9507625864686566
75.0, 1.0215146653336544
76.0, 1.1019741241730965
77.0, 1.1924733616352126
78.0, 1.288487849115971
79.0, 1.385159379416574
80.0, 1.477768117434518
81.0, 1.5567644364234716
82.0, 1.622065869428028
83.0, 1.686982450134467
84.0, 1.748331877020875
85.0, 1.8082311034659269
86.0, 1.8567956862180874
87.0, 1.8852940831904716
88.0, 1.9148114675178878
89.0, 1.9534010179608599
90.0, 2.0036270130382876
91.0, 2.084256537888948
92.0, 2.1756247001075564
93.0, 2.2744877157455816
94.0, 2.380147407014257
95.0, 2.485808090285895
96.0, 2.5870936036557
97.0, 2.676921770767175
98.0, 2.7499224785194514
99.0, 2.8185412481526106
100.0, 2.8853191698298013
101.0, 2.949229067004338
102.0, 3.012591604597496
103.0, 3.07442850964766
104.0, 3.1373655973518266
105.0, 3.2059141209084414
106.0, 3.279521154398102
107.0, 3.3592545336870008
108.0, 3.4499020225185437
109.0, 3.5484860141963965
110.0, 3.65441572094674
111.0, 3.7619001131905256
112.0, 3.8650379503236625
113.0, 3.959593953917397
114.0, 4.035114303841169
115.0, 4.102804977837429
116.0, 4.170600655799661
117.0, 4.234699590894473
118.0, 4.298050792373785
119.0, 4.361096968177099
120.0, 4.4233876894666615
121.0, 4.491146169676667
122.0, 4.564790790004005
123.0, 4.641346435921235
124.0, 4.731002100145351
125.0, 4.776519730664429
126.0, 4.822686336401518
127.0, 4.86779627205254
128.0, 4.9129431723073775
129.0, 4.956443381075255
130.0, 4.999413640760783
131.0, 5.040203804910727
132.0, 5.079954607563769
133.0, 5.1170508074081775
134.0, 5.152660175448051
135.0, 5.185207052141989
136.0, 5.215883511530409
137.0, 5.243154970394984
138.0, 5.268240511036997
139.0, 5.289646936581717
140.0, 5.308621518534009
141.0, 5.323711068955102
142.0, 5.33618746275855
143.0, 4.684262995249159
144.0, 4.674619549357149
145.0, 4.668227300091824
146.0, 4.663677593012372
147.0, 4.662503440871631
148.0, 4.663203384522256
149.0, 4.667288403682542
150.0, 4.6732118542740935
151.0, 4.592476680969131
152.0, 4.511078091794956
153.0, 4.430509006179624
154.0, 4.331037330747733
155.0, 4.269899830693968
156.0, 4.188064101756207
157.0, 4.107438964483363
158.0, 4.026916207704234
159.0, 3.946958903055716
160.0, 3.866398665415421
161.0, 3.7867195039835946
162.0, 3.7064441755808057
163.0, 3.627063042487949
164.0, 3.547107957295595
165.0, 3.4680667029955043
166.0, 3.388477199092205
167.0, 3.400146569780868
168.0, 3.323519642013843
169.0, 3.2479487138964056
170.0, 3.1720432124178997
171.0, 3.0972410771980936
172.0, 3.0221667842727915
173.0, 2.9482519055154577
174.0, 2.963362497107358
175.0, 2.893812686964028
176.0, 2.8243357054379685
177.0, 2.8430537135093776
178.0, 2.8631677236986057
179.0, 2.8856706186583696
180.0, 2.9092862573858524
181.0, 2.8625581688438664
182.0, 2.8380567139158877
183.0, 2.8156358526855385
184.0, 2.794437379480985
185.0, 2.7757999736954746
186.0, 2.758657346754423
187.0, 2.7444843674712596
188.0, 2.669008460657776
189.0, 2.656929338324842
190.0, 2.578807249687293
191.0, 2.5017758505220304
192.0, 2.424408363152713
193.0, 2.3482004485272685
194.0, 2.271743846789038
195.0, 2.1965345704715187
196.0, 2.121188393679827
197.0, 2.0472025898290642
198.0, 1.973224667051868
199.0, 1.9007544343254408
200.0, 1.8284820630378764
201.0, 1.7579117577387031
202.0, 1.6877894639895226
203.0, 1.6196277226015745
204.0, 1.5522485130836254
205.0, 1.4871756113433148
206.0, 1.4233314489638516
207.0, 1.362256476176672
208.0, 1.3030066940516416
209.0, 1.2471368842225736
210.0, 1.193874060150468
211.0, 1.144776685998186
212.0, 1.099272227726426
213.0, 1.0749757588900328
214.0, 1.0272288464679196
215.0, 0.9847636596504419
216.0, 0.9594490195586002
217.0, 0.9362647851008005
218.0, 0.914382364784095
219.0, 0.8953305636995962
220.0, 0.8780484862592864
221.0, 0.8642430108522614
222.0, 0.852623605408799
223.0, 0.8449870601248375
224.0, 0.8398295057463764
225.0, 0.8389218631588767
226.0, 0.8405972189395131
227.0, 0.8464991073676051
228.0, 0.8548713291765316
229.0, 0.855266116868007
230.0, 0.8548713291765316
231.0, 0.8552661402123664
232.0, 0.8548713712883175
233.0, 0.8552661402123664
234.0, 0.8548713291765316
235.0, 0.8552661402123664
236.0, 0.8548713291765316
237.0, 0.8552661402123664
238.0, 0.8548713712883175
239.0, 0.855266116868007
240.0, 0.8548713291765316
241.0, 0.8552661402123664
242.0, 0.8548713712883175
243.0, 0.8603985354562492
244.0, 0.8720699038257768
245.0, 0.8849703864513035
246.0, 0.9003214915416186
247.0, 0.9168757764618455
248.0, 0.93565803662557
249.0, 0.9553596228466024
250.0, 0.9770420064676621
251.0, 0.999340897604015
252.0, 1.023304051096517
253.0, 1.0475510740916003
254.0, 1.0730776499796317
255.0, 1.0985444856290376
256.0, 1.1248815197748583
257.0, 1.1508454575965419
258.0, 1.177290280113788
259.0, 1.20310628190568
260.0, 1.2290907757594067
261.0, 1.2542106024037871
262.0, 1.2792507068047834
263.0, 1.251441463629791
264.0, 1.2169125027635537
265.0, 1.180588078733852
266.0, 1.1421905093550848
267.0, 1.1019164109233746
268.0, 1.0598095752365548
269.0, 1.016089467600854
270.0, 0.9708187708284785
271.0, 0.9242691628799137
272.0, 0.8765401998016678
273.0, 0.8279708953813109
274.0, 0.7787303775971963
275.0, 0.729248767894754
276.0, 0.6716450724758427
277.0, 0.6219254668588944
278.0, 0.5732298059263568
279.0, 0.5266509443288895
280.0, 0.48263094973619564
281.0, 0.4365845810631062
282.0, 0.37192787232677915
ee_box_dist
0.0, 9.05992539313323
1.0, 9.05821220624654
2.0, 9.068819603889839
3.0, 9.106303472662892
4.0, 9.192323753677362
5.0, 9.353910251720864
6.0, 9.620479252854327
7.0, 10.020861064170452
8.0, 10.578543881347805
9.0, 11.309745464662777
10.0, 12.222787811781044
11.0, 13.319044417544678
12.0, 14.594469171163505
13.0, 16.040478884926245
14.0, 17.64870596125281
15.0, 19.412032748886162
16.0, 21.316594452010083
17.0, 23.35749237368313
18.0, 25.52610562361267
19.0, 27.81604256372925
20.0, 30.221064396981756
21.0, 32.76074714790749
22.0, 35.40922310296001
23.0, 38.15365698968564
24.0, 40.98946642988157
25.0, 43.91261264234024
26.0, 46.91892933999822
27.0, 50.00511244142024
28.0, 53.167665610978034
29.0, 56.40378991836958
30.0, 59.710428473714416
31.0, 63.08531221220086
32.0, 66.52574329163096
33.0, 70.02997099249535
34.0, 73.59570147758626
35.0, 77.22133587054057
36.0, 80.90498958373601
37.0, 84.64533736599739
38.0, 88.44067969971384
39.0, 92.29005738037405
40.0, 96.19200973891884
41.0, 100.22724695924178
42.0, 104.31413199193999
43.0, 108.45136894248031
44.0, 112.63712457469022
45.0, 116.87022746161902
46.0, 121.14893856467323
47.0, 125.472122186015
48.0, 129.83817329174306
49.0, 134.24602128280114
50.0, 138.69418061586356
51.0, 143.18167758991063
52.0, 147.70703013361728
53.0, 152.26943161285843
54.0, 156.8675041490668
55.0, 161.50032101750674
56.0, 166.16673118457766
57.0, 170.8658619261523
58.0, 175.59657442638903
59.0, 180.35807865743288
60.0, 185.14931687088844
61.0, 189.9695655015203
62.0, 194.81778705762594
63.0, 199.69330485971764
64.0, 204.5951662232442
65.0, 209.52277063395366
66.0, 214.47515697543702
67.0, 219.45181661777482
68.0, 224.45182478982028
69.0, 229.47462768679682
70.0, 234.51947283350668
71.0, 239.58583914202637
72.0, 244.67293277643603
73.0, 249.78035615756784
74.0, 254.90731937362585
75.0, 260.0534115542673
76.0, 265.2179370504722
77.0, 270.4005338925041
78.0, 275.6005391251425
79.0, 280.81742548079836
80.0, 286.0508069627457
81.0, 291.3003429112507
82.0, 296.5654049003586
83.0, 301.84565564596954
84.0, 307.1405299201731
85.0, 312.44978512262406
86.0, 317.809631890758
87.0, 323.1888118037687
88.0, 328.56322197071603
89.0, 333.94394078634593
90.0, 339.330302535171
91.0, 344.7273489157184
92.0, 350.13529458752737
93.0, 355.55533214419734
94.0, 360.9858402533567
95.0, 366.427732610921
96.0, 371.8794510719714
97.0, 377.3420029891573
98.0, 382.81376714602936
99.0, 388.2957511330192
100.0, 393.78642554264184
101.0, 399.286736981512
102.0, 404.7952477171714
103.0, 410.31287392446006
104.0, 415.8382085700526
105.0, 421.3720764212527
106.0, 426.9131619686232
107.0, 432.46241225433937
108.0, 438.0184203368278
109.0, 443.5821637541944
110.0, 449.152235888386
111.0, 454.7296752183927
112.0, 460.31298360546754
113.0, 465.90326070132414
114.0, 471.49906963173464
115.0, 477.10147938343545
116.0, 482.70908376679654
117.0, 488.32298230091703
118.0, 493.9416773639889
119.0, 499.56632957460397
120.0, 505.1955022538523
121.0, 510.83032569890673
122.0, 516.4694242869266
123.0, 522.1137757592359
124.0, 527.7621571419659
125.0, 533.4155766343268
126.0, 539.0726589554664
127.0, 544.7345952669356
128.0, 550.4000102426335
129.0, 556.06997317052
130.0, 561.7431697608333
131.0, 567.4207302673551
132.0, 573.1012796172191
133.0, 578.786069997193
134.0, 584.4734821656153
135.0, 590.164829451441
136.0, 595.8589199845835
137.0, 601.556700743118
138.0, 607.2568579145137
139.0, 612.9606436105927
140.0, 618.6666830424945
141.0, 624.3761063173848
142.0, 630.0875385154945
143.0, 635.9828382495238
144.0, 641.6990607322438
145.0, 647.4184924013916
146.0, 653.1395786308412
147.0, 658.8636974871058
148.0, 664.5894732424861
149.0, 670.318103783959
150.0, 676.0482104958909
151.0, 681.7808359090479
152.0, 687.5148724523862
153.0, 693.2515183702288
154.0, 698.982742498437
155.0, 704.7299094332074
156.0, 710.4714419107667
157.0, 716.2152486697088
158.0, 721.9602782927775
159.0, 727.7076234520239
160.0, 733.4558921736922
161.0, 739.2063382381014
162.0, 744.9577636243567
163.0, 750.7112427091982
164.0, 756.4653950965809
165.0, 762.2217828927462
166.0, 767.9787214847267
167.0, 773.7375737640483
168.0, 779.4970973585986
169.0, 785.2584899850734
170.0, 791.0204324610527
171.0, 796.7841209923074
172.0, 802.5482974991498
173.0, 808.3142188445386
174.0, 814.0806347308189
175.0, 819.8485957263129
176.0, 825.6169217842643
177.0, 831.3869940043402
178.0, 837.1573733547563
179.0, 842.9293200152158
180.0, 848.7015142094267
181.0, 854.4747679181844
182.0, 860.2489960017786
183.0, 866.0247863578069
184.0, 871.8007559831665
185.0, 877.5780396545312
186.0, 883.3553165267475
187.0, 889.1342080193275
188.0, 894.9125625906447
189.0, 900.6925627738038
190.0, 906.4725188464704
191.0, 912.2536021787352
192.0, 918.0345591135866
193.0, 923.8169478598203
194.0, 929.5990270535578
195.0, 935.3826594274657
196.0, 941.1659209350331
197.0, 946.9506129978796
198.0, 952.7349949633385
199.0, 958.5206848900456
200.0, 964.3060644674233
201.0, 970.0928125285353
202.0, 975.879005875841
203.0, 981.6668113496938
204.0, 987.453939821512
205.0, 993.2424359357035
206.0, 999.0306208065089
207.0, 1004.8196845961688
208.0, 1010.6088644174938
209.0, 1016.3986784764243
210.0, 1022.1884252814218
211.0, 1027.9792331393376
212.0, 1033.7695463387643
213.0, 1039.5605654237759
214.0, 1045.3509392167475
215.0, 1051.1438986905387
216.0, 1056.936366821334
217.0, 1062.729456052647
218.0, 1068.5219168608103
219.0, 1074.3149947859313
220.0, 1080.1074426934972
221.0, 1085.9005045492772
222.0, 1091.6946436096705
223.0, 1097.4897600523504
224.0, 1103.2841211072714
225.0, 1109.0792132706656
226.0, 1114.8735487351717
227.0, 1120.6684912630276
228.0, 1126.4629210668027
229.0, 1132.2577581640605
230.0, 1138.052098729142
231.0, 1143.8485258909081
232.0, 1149.644822386325
233.0, 1155.441740799821
234.0, 1161.2380401840232
235.0, 1167.0349614893548
236.0, 1172.831263675312
237.0, 1178.6281877889317
238.0, 1184.4244926930028
239.0, 1190.2214194154137
240.0, 1196.017727080369
241.0, 1201.814656568813
242.0, 1207.610966677508
243.0, 1213.420932008393
244.0, 1219.2475161374507
245.0, 1225.0723869104058
246.0, 1230.896615198789
247.0, 1236.7195751699355
248.0, 1242.5416000053647
249.0, 1248.3621293709296
250.0, 1254.1815099801618
251.0, 1259.9993297065025
252.0, 1265.8157931553824
253.0, 1271.6306206186136
254.0, 1277.444119483853
255.0, 1283.2559586458929
256.0, 1289.066266034768
257.0, 1294.8750350815797
258.0, 1300.6821159800002
259.0, 1306.487792808424
260.0, 1312.2916886980904
261.0, 1318.0943466325089
262.0, 1323.8952064159726
263.0, 1329.714497509253
264.0, 1335.5373902976585
265.0, 1341.3556402728004
266.0, 1347.169325434126
267.0, 1352.978380220451
268.0, 1358.7826116301446
269.0, 1364.5820526380096
270.0, 1370.3765711730869
271.0, 1376.1662888911974
272.0, 1381.9511391058556
273.0, 1387.7313321504505
274.0, 1393.5068585318947
275.0, 1399.2780240565905
276.0, 1405.0440546237635
277.0, 1410.8069006005746
278.0, 1416.5660035829262
279.0, 1422.3217574218545
280.0, 1428.0743214454078
281.0, 1433.839547829201
282.0, 1439.5883090439038
spot_hold
0, 0
1, 0
2, 0
3, 0
4, 0
5, 0
6, 0
7, 0
8, 0
9, 0
10, 0
11, 0
12, 0
13, 0
14, 0
15, 0
16, 0
17, 0
18, 0
19, 0
20, 0
21, 0
22, 0
23, 0
24, 0
25, 0
26, 0
27, 0
28, 0
29, 0
30, 0
31, 0
32, 0
33, 0
34, 0
35, 0
36, 0
37, 0
38, 0
39, 0
40, 0
41, 1
42, 1
43, 1
44, 1
45, 1
46, 1
47, 1
48, 1
49, 1
50, 1
51, 1
52, 1
53, 1
54, 1
55, 1
56, 1
57, 1
58, 1
59, 1
60, 1
61, 1
62, 1
63, 1
64, 1
65, 1
66, 1
67, 1
68, 1
69, 1
70, 1
71, 1
72, 1
73, 1
74, 1
75, 1
76, 1
77, 1
78, 1
79, 1
80, 1
81, 1
82, 1
83, 1
84, 1
85, 1
86, 1
87, 1
88, 1
89, 1
90, 1
91, 1
92, 1
93, 1
94, 1
95, 1
96, 1
97, 1
98, 1
99, 1
100, 1
101, 1
102, 1
103, 1
104, 1
105, 1
106, 1
107, 1
108, 1
109, 1
110, 1
111, 1
112, 1
113, 1
114, 1
115, 1
116, 1
117, 1
118, 1
119, 1
120, 1
121, 1
122, 1
123, 1
124, 1
125, 1
126, 1
127, 1
128, 1
129, 1
130, 1
131, 1
132, 1
133, 1
134, 1
135, 1
136, 1
137, 1
138, 1
139, 1
140, 1
141, 1
142, 1
143, 1
144, 1
145, 1
146, 1
147, 1
148, 1
149, 1
150, 1
151, 1
152, 1
153, 1
154, 1
155, 1
156, 1
157, 1
158, 1
159, 1
160, 1
161, 1
162, 1
163, 1
164, 1
165, 1
166, 1
167, 1
168, 1
169, 1
170, 1
171, 1
172, 1
173, 1
174, 1
175, 1
176, 1
177, 1
178, 1
179, 1
180, 1
181, 1
182, 1
183, 1
184, 1
185, 1
186, 1
187, 1
188, 1
189, 1
190, 1
191, 1
192, 1
193, 1
194, 1
195, 1
196, 1
197, 1
198, 1
199, 1
200, 1
201, 1
202, 1
203, 1
204, 1
205, 1
206, 1
207, 1
208, 1
209, 1
210, 1
211, 1
212, 1
213, 1
214, 1
215, 1
216, 1
217, 1
218, 1
219, 1
220, 1
221, 1
222, 1
223, 1
224, 1
225, 1
226, 1
227, 1
228, 1
229, 1
230, 1
231, 1
232, 1
233, 1
234, 1
235, 1
236, 1
237, 1
238, 1
239, 1
240, 1
241, 1
242, 1
243, 1
244, 1
245, 1
246, 1
247, 1
248, 1
249, 1
250, 1
251, 1
252, 1
253, 1
254, 1
255, 1
256, 1
257, 1
258, 1
259, 1
260, 1
261, 1
262, 1
263, 1
264, 1
265, 1
266, 1
267, 1
268, 1
269, 1
270, 1
271, 1
272, 1
273, 1
274, 1
275, 1
276, 1
277, 1
278, 1
279, 1
280, 1
281, 1
282, 1
