bot_dist
0.0, 3.7990283949690955
1.0, 3.805794119241357
2.0, 3.8125740661580947
3.0, 3.819368159977377
4.0, 3.826176325337765
5.0, 3.832998487257719
6.0, 3.839834571134967
7.0, 3.846684502745849
8.0, 3.8535482082446344
9.0, 3.860425614162811
10.0, 3.867316647408346
11.0, 3.8742212352649243
12.0, 3.8811393053911565
13.0, 3.8880707858197687
14.0, 3.8950156049567624
15.0, 3.9019736915805514
16.0, 3.908944974841083
17.0, 3.915929384258925
18.0, 3.92292684972434
19.0, 3.9299373014963392
20.0, 3.936960670201704
21.0, 3.9439968868340016
22.0, 3.951045882752575
23.0, 3.9581075896815117
24.0, 3.9651819397085966
25.0, 3.972268865284246
26.0, 3.9793682992204302
27.0, 3.9864801746895635
28.0, 3.9936044252233964
29.0, 4.00074098471188
30.0, 4.0078897874020205
31.0, 4.01505076789671
32.0, 4.0222238611535595
33.0, 4.029409002483697
34.0, 4.036606127550569
35.0, 4.043815172368722
36.0, 4.051036073302567
37.0, 4.058268767065141
38.0, 4.065513190716849
39.0, 4.072769281664196
40.0, 4.080036977658513
41.0, 4.087316216794668
42.0, 4.094606937509761
43.0, 4.101909078581823
44.0, 4.109222579128494
45.0, 4.116547378605694
46.0, 4.123883416806289
47.0, 4.13123063385875
48.0, 4.138588970225786
49.0, 4.145958366703004
50.0, 4.153338764417522
51.0, 4.160730104826607
52.0, 4.168132329716287
53.0, 4.175545381199964
54.0, 4.182969201717018
55.0, 4.19040373403141
56.0, 4.197848921230277
57.0, 4.205304706722516
58.0, 4.212771034237372
59.0, 4.22024784782302
60.0, 4.2277350918451315
61.0, 4.235232710985458
62.0, 4.242740650240388
63.0, 4.250258854919516
64.0, 4.257787270644204
65.0, 4.265325843346134
66.0, 4.272874519265868
67.0, 4.280433244951402
68.0, 4.288001967256704
69.0, 4.295580633340279
70.0, 4.303169190663704
71.0, 4.310767586990174
72.0, 4.3183757703830485
73.0, 4.325993689204391
74.0, 4.333621292113512
75.0, 4.341258528065505
76.0, 4.348905346309793
77.0, 4.3565616963886615
78.0, 4.364227528135803
79.0, 4.371902791674851
80.0, 4.379587437417925
81.0, 4.387281416064164
82.0, 4.394984678598275
83.0, 4.402697176289067
84.0, 4.410418860687995
85.0, 4.418149683627705
86.0, 4.425889597220577
87.0, 4.43363855385727
88.0, 4.441396506205268
89.0, 4.449163407207436
90.0, 4.456939210080562
91.0, 4.46472386831391
92.0, 4.472517335667781
93.0, 4.480319566172068
94.0, 4.488130514124811
95.0, 4.495950134090763
96.0, 4.50377838089995
97.0, 4.511615209646246
98.0, 4.519460575685934
99.0, 4.527314434636285
100.0, 4.535176742374129
101.0, 4.535176742374129
102.0, 4.535176742374129
103.0, 4.535176742374129
104.0, 4.535176742374129
105.0, 4.535176742374129
106.0, 4.535176742374129
107.0, 4.535176742374129
108.0, 4.535176742374129
109.0, 4.535176742374129
110.0, 4.535176742374129
111.0, 4.535176742374129
112.0, 4.535176742374129
113.0, 4.535176742374129
114.0, 4.535176742374129
115.0, 4.535176742374129
116.0, 4.535176742374129
117.0, 4.535176742374129
118.0, 4.535176742374129
119.0, 4.535176742374129
120.0, 4.535176742374129
121.0, 4.535176742374129
122.0, 4.535176742374129
123.0, 4.535176742374129
124.0, 4.535176742374129
125.0, 4.535176742374129
126.0, 4.535176742374129
127.0, 4.535176742374129
128.0, 4.535176742374129
129.0, 4.535176742374129
130.0, 4.535176742374129
131.0, 4.527314434636285
132.0, 4.519460575685934
133.0, 4.511615209646246
134.0, 4.50377838089995
135.0, 4.495950134090763
136.0, 4.488130514124811
137.0, 4.480319566172068
138.0, 4.472517335667781
139.0, 4.46472386831391
140.0, 4.456939210080562
141.0, 4.449163407207436
142.0, 4.441396506205268
143.0, 4.4372982016620615
144.0, 4.429555647128626
145.0, 4.421822150557773
146.0, 4.414097759558137
147.0, 4.406382522015934
148.0, 4.3986764860964
149.0, 4.3909797002452375
150.0, 4.383292213190068
151.0, 4.294186200502263
152.0, 4.205112581260922
153.0, 4.1160734207880445
154.0, 4.027071045224378
155.0, 3.9381079486193893
156.0, 3.8491868544410446
157.0, 3.7603107424190565
158.0, 3.6714828792233853
159.0, 3.5827068536284967
160.0, 3.4939866169421205
161.0, 3.4053265296345026
162.0, 3.3167314152976517
163.0, 3.2282066233034152
164.0, 3.139758101826571
165.0, 3.0513924832703876
166.0, 2.96311718459806
167.0, 2.9550833873047626
168.0, 2.865296277534819
169.0, 2.775552469227534
170.0, 2.6858561473509206
171.0, 2.5962122337239473
172.0, 2.5066263511462057
173.0, 2.417104952092624
174.0, 2.4089568157569383
175.0, 2.318337323833342
176.0, 2.227747956468064
177.0, 2.2195960417452927
178.0, 2.211459296286875
179.0, 2.2033378881493504
180.0, 2.195231987557071
181.0, 2.106213180202535
182.0, 2.098192678147744
183.0, 2.090189242251825
184.0, 2.0822030693081413
185.0, 2.0742343587130554
186.0, 2.066283312499476
187.0, 2.058350135370653
188.0, 2.0504350347342126
189.0, 2.0425382207364273
190.0, 2.034659906296701
191.0, 2.0268003071422704
192.0, 2.018959641843103
193.0, 2.0111381318469874
194.0, 2.0033360015147936
195.0, 1.93935455744797
196.0, 1.877020519640378
197.0, 1.8165034902074237
198.0, 1.808198998679509
199.0, 1.755237270570372
200.0, 1.7047649796932036
201.0, 1.6570096254375533
202.0, 1.612212661038339
203.0, 1.570627241851876
204.0, 1.5325148299763478
205.0, 1.4981405068160083
206.0, 1.4677669280385455
207.0, 1.4416469868659878
208.0, 1.4200154285257411
209.0, 1.4030798632215482
210.0, 1.391011822638378
211.0, 1.3839386480899276
212.0, 1.3819370374403825
213.0, 1.3850289787716776
214.0, 1.3931805595257287
215.0, 1.4063038702462598
216.0, 1.4242614443236836
217.0, 1.4468732945190983
218.0, 1.4739252292047589
219.0, 1.4651213545475674
220.0, 1.5024130450036366
221.0, 1.5432833331428173
222.0, 1.5874558416627573
223.0, 1.5794077388580594
224.0, 1.5713820545999537
225.0, 1.5633791341486385
226.0, 1.5553993288806744
227.0, 1.5474429963950493
228.0, 1.5395105006203287
229.0, 1.5316022119228452
230.0, 1.5237185072158763
231.0, 1.5237185072158763
232.0, 1.5237185072158763
233.0, 1.5237185072158763
234.0, 1.5237185072158763
235.0, 1.5237185072158763
236.0, 1.5237185072158763
237.0, 1.5237185072158763
238.0, 1.5237185072158763
239.0, 1.5237185072158763
240.0, 1.5237185072158763
241.0, 1.5237185072158763
242.0, 1.5237185072158763
243.0, 1.5237185072158763
244.0, 1.5237185072158763
245.0, 1.5237185072158763
246.0, 1.5237185072158763
247.0, 1.5237185072158763
248.0, 1.5237185072158763
249.0, 1.5237185072158763
250.0, 1.5237185072158763
251.0, 1.5237185072158763
252.0, 1.5237185072158763
253.0, 1.5237185072158763
254.0, 1.5237185072158763
255.0, 1.5237185072158763
256.0, 1.5237185072158763
257.0, 1.5237185072158763
258.0, 1.5237185072158763
259.0, 1.5237185072158763
260.0, 1.5237185072158763
261.0, 1.5316022119228452
262.0, 1.5395105006203287
263.0, 1.5474429963950493
264.0, 1.5553993288806744
265.0, 1.5633791341486385
266.0, 1.5713820545999537
267.0, 1.5794077388580594
268.0, 1.5874558416627573
269.0, 1.5955260237652753
270.0, 1.6036179518244915
271.0, 1.6117312983043588
272.0, 1.6198657413725563
273.0, 1.6280209648003923
274.0, 1.6361966578639835
275.0, 1.6443925152467302
276.0, 1.652608236943105
277.0, 1.6608435281637635
278.0, 1.6690980992419973
279.0, 1.677371665541531
280.0, 1.6856639473656725
281.0, 1.6939746698678237
282.0, 1.7023035629633496
ee_dist
0.0, 1.127466873712166
1.0, 1.1660890615199515
2.0, 1.2620404533576135
3.0, 1.3480288942108785
4.0, 1.3776540828080175
5.0, 1.4032718315327966
6.0, 1.436700237982641
7.0, 1.4726338012126832
8.0, 1.5105699902679626
9.0, 1.5456755570139793
10.0, 1.5808250284427037
11.0, 1.614035470464409
12.0, 1.64595634050163
13.0, 1.6752112198828535
14.0, 1.7022146635157993
15.0, 1.7250927288215752
16.0, 1.74964730608898
17.0, 1.770963013667928
18.0, 1.7922303515714009
19.0, 1.8105219404904485
20.0, 1.8292285190006314
21.0, 1.8026425040589396
22.0, 1.764857362405652
23.0, 1.724356897483403
24.0, 1.6801924304181795
25.0, 1.6329409148109895
26.0, 1.5820851588099234
27.0, 1.5284367659607379
28.0, 1.4719097440689066
29.0, 1.4128791645981436
30.0, 1.3520209827034078
31.0, 1.2890025010307962
32.0, 1.2245352638864453
33.0, 1.1584480509464397
34.0, 1.092859219281617
35.0, 1.0279161218221102
36.0, 0.9641196963528565
37.0, 0.903385985577419
38.0, 0.852709645602754
39.0, 0.7991120364126612
40.0, 0.7530017286568931
41.0, 0.7680024992462843
42.0, 0.7617670346281603
43.0, 0.9470283374701772
44.0, 0.9042369503276864
45.0, 0.8598128298035038
46.0, 0.8134829889035018
47.0, 0.7650523482723531
48.0, 0.7148165098522008
49.0, 0.6626924265474989
50.0, 0.6093718076189116
51.0, 0.55542241036119
52.0, 0.5013177444889569
53.0, 0.447255052187578
54.0, 0.3938435877829785
55.0, 0.34189162576466425
56.0, 0.29370726504291245
57.0, 0.2515502000724985
58.0, 0.2790122558879548
59.0, 0.33752228688155955
60.0, 0.4098359558792059
61.0, 0.4944927881506251
62.0, 0.5852022080890306
63.0, 0.6760120759281388
64.0, 0.7618695946492618
65.0, 0.8294202680921637
66.0, 0.8881842143425239
67.0, 0.9475851033266668
68.0, 1.0017231803658428
69.0, 1.0548790239572616
70.0, 1.1077344265302693
71.0, 1.1587912667222044
72.0, 1.21322216304214
73.0, 1.273575456088244
74.0, 1.3384267888914332
75.0, 1.4144305991735109
76.0, 1.4997078872737635
77.0, 1.5944573892509653
78.0, 1.6937313076787521
79.0, 1.7924931917266758
80.0, 1.8862667758892273
81.0, 1.9652955348938606
82.0, 2.0297424599820513
83.0, 2.0933355093010664
84.0, 2.154073907736322
85.0, 2.213828248738178
86.0, 2.262717602778665
87.0, 2.291339456889682
88.0, 2.323246312183586
89.0, 2.360993653441317
90.0, 2.411368125589619
91.0, 2.4949984972961516
92.0, 2.5867132637932353
93.0, 2.6881266566464785
94.0, 2.7953332143271616
95.0, 2.9027992508322313
96.0, 3.0024331309454424
97.0, 3.093760911266008
98.0, 3.1663834823899233
99.0, 3.2349042200249873
100.0, 3.299032408925284
101.0, 3.3641712494387113
102.0, 3.4274826873023727
103.0, 3.4903134522525625
104.0, 3.5519182100721647
105.0, 3.6224653492103944
106.0, 3.6968778219278735
107.0, 3.7781920240425597
108.0, 3.867475625074289
109.0, 3.9683693436765144
110.0, 4.075039609915367
111.0, 4.183847800039945
112.0, 4.285061668129012
113.0, 4.381104443668055
114.0, 4.456359175037209
115.0, 4.525849753193475
116.0, 4.58979967037931
117.0, 4.654940123100229
118.0, 4.7179925712287
119.0, 4.781863011366444
120.0, 4.822162926496221
121.0, 4.864791772060507
122.0, 4.90621774497135
123.0, 4.946798830618793
124.0, 4.984037489990874
125.0, 5.0228021547748085
126.0, 5.059202647793155
127.0, 5.093832412218678
128.0, 5.124258902244866
129.0, 5.155361505801347
130.0, 5.183340202786085
131.0, 5.20884281277627
132.0, 5.229523073867016
133.0, 5.250269879846248
134.0, 5.267386890796861
135.0, 5.281574542710453
136.0, 5.290585523392131
137.0, 5.2993001657874395
138.0, 5.304140014321088
139.0, 5.305856865847418
140.0, 5.302307042360822
141.0, 5.298354506302537
142.0, 5.290542439949335
143.0, 4.653732521102101
144.0, 4.6446978741620155
145.0, 4.635260905051692
146.0, 4.629099939636941
147.0, 4.625474840741836
148.0, 4.626848099848531
149.0, 4.627712780253344
150.0, 4.632006084050989
151.0, 4.5495301465701665
152.0, 4.46945626957918
153.0, 4.3863228723835865
154.0, 4.304047520157607
155.0, 4.221777495652986
156.0, 4.141916722887425
157.0, 4.059015002938977
158.0, 3.9769830456409414
159.0, 3.8949721883215234
160.0, 3.8153808970708654
161.0, 3.732773717758492
162.0, 3.651052682665792
163.0, 3.5693743376989397
164.0, 3.4901305271976577
165.0, 3.407905259673797
166.0, 3.3265897995742697
167.0, 3.3353622805446648
168.0, 3.2585887840787757
169.0, 3.179053629794881
170.0, 3.1005515465505633
171.0, 3.022282671976834
172.0, 2.946558751540763
173.0, 2.8681929678360047
174.0, 2.8810379819418146
175.0, 2.807067683642737
176.0, 2.735780454105511
177.0, 2.750954729704969
178.0, 2.7690578439451228
179.0, 2.7891727946836213
180.0, 2.812750565194683
181.0, 2.7591465233186176
182.0, 2.736231014644156
183.0, 2.7150073048705132
184.0, 2.697678606652619
185.0, 2.6799130911970948
186.0, 2.665080759365505
187.0, 2.6526091584933633
188.0, 2.6449968042488816
189.0, 2.6369707902546
190.0, 2.632437887444759
191.0, 2.6306122308928286
192.0, 2.6339245310353925
193.0, 2.636866412382825
194.0, 2.643334882367708
195.0, 2.5640312555727647
196.0, 2.487252528163706
197.0, 2.407837684844298
198.0, 2.4178671728992978
199.0, 2.3426765358182102
200.0, 2.2701852481822478
201.0, 2.195569069948419
202.0, 2.1223841954880007
203.0, 2.0499757621137555
204.0, 1.9804696220599805
205.0, 1.9092886289808622
206.0, 1.8398827623013476
207.0, 1.7716909434893855
208.0, 1.7067517931959166
209.0, 1.6408729176294239
210.0, 1.5773537914847364
211.0, 1.5157839548107406
212.0, 1.4580687274761408
213.0, 1.4006311050586226
214.0, 1.346529837836174
215.0, 1.2955816006217304
216.0, 1.249459770150101
217.0, 1.205525786693561
218.0, 1.1663880941212241
219.0, 1.1925022040054667
220.0, 1.166210405626232
221.0, 1.1444191755971926
222.0, 1.1286324197869444
223.0, 1.1002660919579292
224.0, 1.0733339705548635
225.0, 1.0464535421332124
226.0, 1.0210017003732872
227.0, 0.997044485379155
228.0, 0.9764234702112058
229.0, 0.9558923435399026
230.0, 0.9381960293481568
231.0, 0.9230924955976879
232.0, 0.9130096403243982
233.0, 0.9031498919947023
234.0, 0.8972025499795561
235.0, 0.8945515798394124
236.0, 0.8976588407482545
237.0, 0.9009480325917117
238.0, 0.8977046972817394
239.0, 0.8960606564216609
240.0, 0.9021570813769878
241.0, 0.9009111289679255
242.0, 0.9005323276266721
243.0, 0.906938886305736
244.0, 0.9187899973318009
245.0, 0.9319060018107811
246.0, 0.9476022803345142
247.0, 0.9644858528625768
248.0, 0.9836953769953892
249.0, 1.0038069872125075
250.0, 1.0259674194112647
251.0, 1.0487189793921061
252.0, 1.0731787807506845
253.0, 1.097889143150747
254.0, 1.12390867620867
255.0, 1.1498331580291563
256.0, 1.176651139606576
257.0, 1.2030641447358195
258.0, 1.2299844715421304
259.0, 1.256253636080549
260.0, 1.2826988037922116
261.0, 1.3083107419855984
262.0, 1.3338621401379165
263.0, 1.3040673987213147
264.0, 1.2669997829460948
265.0, 1.2279481608947909
266.0, 1.1866068875028757
267.0, 1.1431674117228423
268.0, 1.0976627600229336
269.0, 1.0503023063018235
270.0, 1.0011324806659792
271.0, 0.9504087674107112
272.0, 0.8982061285286091
273.0, 0.8448394045978307
274.0, 0.7904397547096024
275.0, 0.7354178152918179
276.0, 0.6797050456340195
277.0, 0.6227685144112202
278.0, 0.5681286363107373
279.0, 0.515110708029947
280.0, 0.4647091962904573
281.0, 0.4184361062007571
282.0, 0.37871047955422
ee_box_dist
0.0, 6.6931233162456305
1.0, 6.693725466878061
2.0, 6.71092725971358
3.0, 6.764237116878446
4.0, 6.8821797003853975
5.0, 7.098918832941492
6.0, 7.448737131649726
7.0, 7.960754207982115
8.0, 8.653622300458462
9.0, 9.534503721931351
10.0, 10.602075565731473
11.0, 11.849458195044038
12.0, 13.266197596078989
13.0, 14.842286767010961
14.0, 16.5666639971867
15.0, 18.430600338125956
16.0, 20.426996086857592
17.0, 22.548074632555817
18.0, 24.78746795409226
19.0, 27.139736750116974
20.0, 29.59986576596302
21.0, 32.18694967901702
22.0, 34.87763351592218
23.0, 37.659249666878324
24.0, 40.5282989323456
25.0, 43.48120998352381
26.0, 46.51435811066262
27.0, 49.62479014935416
28.0, 52.80933844831354
29.0, 56.065485817579145
30.0, 59.39070986969121
31.0, 62.782557731755226
32.0, 66.23874707148212
33.0, 69.75707094989909
34.0, 73.3361639905976
35.0, 76.97438641929264
36.0, 80.67011743375741
37.0, 84.42127029175887
38.0, 88.23622888551928
39.0, 92.09518396208121
40.0, 96.00414049253082
41.0, 100.04786313997596
42.0, 104.14190369228754
43.0, 108.28586671994674
44.0, 112.47791077331966
45.0, 116.71690543568872
46.0, 121.00114097699296
47.0, 125.32951503544565
48.0, 129.70044388044798
49.0, 134.11288603494575
50.0, 138.5653708472715
51.0, 143.0569513309076
52.0, 147.58615620746508
53.0, 152.1522029432157
54.0, 156.75372271794078
55.0, 161.38980902667905
56.0, 166.05931942462138
57.0, 170.76139626357858
58.0, 175.4949070475581
59.0, 180.25907358190355
60.0, 185.05284543257318
61.0, 189.87550732318329
62.0, 194.72602880091688
63.0, 199.60373953920185
64.0, 204.50769340777322
65.0, 209.4372951859029
66.0, 214.39158949384426
67.0, 219.37007265539478
68.0, 224.37182375241102
69.0, 229.39629435661158
70.0, 234.4427357811148
71.0, 239.51063152154674
72.0, 244.5991904404298
73.0, 249.7080188078898
74.0, 254.8363295003878
75.0, 259.98371534683935
76.0, 265.149483160308
77.0, 270.3332730792256
78.0, 275.5344250689893
79.0, 280.75241428168016
80.0, 285.98685683298197
81.0, 291.23741390903336
82.0, 296.50345919918436
83.0, 301.78465713988015
84.0, 307.0804445110552
85.0, 312.3905798775383
86.0, 317.75105082680574
87.0, 323.13116797393883
88.0, 328.5064085811916
89.0, 333.8883752419097
90.0, 339.2757621158128
91.0, 344.672849749052
92.0, 350.08213318486634
93.0, 355.50270531316943
94.0, 360.93406815583086
95.0, 366.37642083760375
96.0, 371.82955247975883
97.0, 377.2923873081565
98.0, 382.7649370789986
99.0, 388.24730293165493
100.0, 393.73931127963385
101.0, 399.23983296772667
102.0, 404.74905859999063
103.0, 410.2669979708675
104.0, 415.79360119707906
105.0, 421.32761607182397
106.0, 426.86935554187244
107.0, 432.418860963361
108.0, 437.97607955479424
109.0, 443.5399156089243
110.0, 449.1105885727934
111.0, 454.68823198896877
112.0, 460.27270116848746
113.0, 465.86302312074747
114.0, 471.4593867030874
115.0, 477.0614865439535
116.0, 482.67065417256657
117.0, 488.2845056829186
118.0, 493.9037659844101
119.0, 499.5285336637306
120.0, 505.1587883306265
121.0, 510.7936029305591
122.0, 516.4331770512053
123.0, 522.0776134187867
124.0, 527.7270430591095
125.0, 533.3803959232818
126.0, 539.0379249927628
127.0, 544.6999160752242
128.0, 550.3663465390091
129.0, 556.0362143348917
130.0, 561.7098295980719
131.0, 567.3874175862995
132.0, 573.068955440508
133.0, 578.7536250261554
134.0, 584.4414306913619
135.0, 590.1327811905941
136.0, 595.8278362596789
137.0, 601.5254732558235
138.0, 607.2260013725405
139.0, 612.9297684286115
140.0, 618.6367509923684
141.0, 624.3460097126328
142.0, 630.0577926956942
143.0, 635.9534690116612
144.0, 641.6707128213649
145.0, 647.3900644767039
146.0, 653.1115784795252
147.0, 658.83572924829
148.0, 664.5624967383284
149.0, 670.2910017043574
150.0, 676.021495089011
151.0, 681.7542359062533
152.0, 687.4893561539209
153.0, 693.2259667932193
154.0, 698.9643229690291
155.0, 704.7047709545914
156.0, 710.4474119955622
157.0, 716.1913604616257
158.0, 721.9367468105221
159.0, 727.6841623684234
160.0, 733.4334628506514
161.0, 739.1838266197659
162.0, 744.9356875288875
163.0, 750.6892098412968
164.0, 756.4443702490316
165.0, 762.2006552898177
166.0, 767.9580081916084
167.0, 773.716770324607
168.0, 779.477298581165
169.0, 785.2385840876073
170.0, 791.000937435035
171.0, 796.7646454602547
172.0, 802.5298064439223
173.0, 808.295602674608
174.0, 814.0622840320539
175.0, 819.8302603103712
176.0, 825.5995675984624
177.0, 831.3693673353837
178.0, 837.1399885763307
179.0, 842.9117807278355
180.0, 848.6847875120123
181.0, 854.4579329070616
182.0, 860.2323264997775
183.0, 866.0078873663622
184.0, 871.7845924005085
185.0, 877.5614972914462
186.0, 883.3389120710776
187.0, 889.1175501950898
188.0, 894.8970774889332
189.0, 900.6766836761772
190.0, 906.4571591178392
191.0, 912.2383640588811
192.0, 918.0203867936424
193.0, 923.8027338333609
194.0, 929.5852721448322
195.0, 935.3690326474233
196.0, 941.1533726156849
197.0, 946.9380505963373
198.0, 952.7228378134985
199.0, 958.5086680130364
200.0, 964.2951362672653
201.0, 970.0818827212615
202.0, 975.8685843792631
203.0, 981.6565098577769
204.0, 987.4447060067641
205.0, 993.233180906007
206.0, 999.0218546042638
207.0, 1004.8110193988892
208.0, 1010.6012474180045
209.0, 1016.3910222114813
210.0, 1022.1812394342686
211.0, 1027.9721305641751
212.0, 1033.7634737577405
213.0, 1039.5542420730114
214.0, 1045.3450251166582
215.0, 1051.1380076497505
216.0, 1056.9313193939963
217.0, 1062.7241787434316
218.0, 1068.5169303214598
219.0, 1074.3096764940535
220.0, 1080.1030294583907
221.0, 1085.8959310983964
222.0, 1091.6904328586775
223.0, 1097.4849696677852
224.0, 1103.2797022217042
225.0, 1109.0740938244112
226.0, 1114.8682463515304
227.0, 1120.66263678233
228.0, 1126.457476429182
229.0, 1132.2517300665631
230.0, 1138.045995070434
231.0, 1143.8419678296614
232.0, 1149.6387661499568
233.0, 1155.4350986627517
234.0, 1161.2313275293056
235.0, 1167.027803988723
236.0, 1172.8246272282447
237.0, 1178.62098322336
238.0, 1184.4166244266833
239.0, 1190.212520727355
240.0, 1196.011110883151
241.0, 1201.8075749479754
242.0, 1207.6039988633127
243.0, 1213.41836876259
244.0, 1219.2443552536804
245.0, 1225.0688921329145
246.0, 1230.892837332945
247.0, 1236.7155334819342
248.0, 1242.5373515000463
249.0, 1248.3577145714287
250.0, 1254.1769770030503
251.0, 1259.9947291705273
252.0, 1265.811163970016
253.0, 1271.626009340205
254.0, 1277.4395575611848
255.0, 1283.251482361547
256.0, 1289.0619017328784
257.0, 1294.8708083050979
258.0, 1300.6780504984179
259.0, 1306.4839032534521
260.0, 1312.2880051073591
261.0, 1318.0908593947804
262.0, 1323.89194072493
263.0, 1329.711012094513
264.0, 1335.5335069360535
265.0, 1341.351357478107
266.0, 1347.1646358038886
267.0, 1352.9732810237394
268.0, 1358.7771030011847
269.0, 1364.5761382913622
270.0, 1370.3702580138593
271.0, 1376.159588211833
272.0, 1381.9440613356014
273.0, 1387.723895060145
274.0, 1393.499083415115
275.0, 1399.2699317700037
276.0, 1405.0366698975647
277.0, 1410.7994537592015
278.0, 1416.5583754660665
279.0, 1422.3139240412663
280.0, 1428.0663065113201
281.0, 1433.8160421527973
282.0, 1439.5634181787134
spot_hold
0, 0
1, 0
2, 0
3, 0
4, 0
5, 0
6, 0
7, 0
8, 0
9, 0
10, 0
11, 0
12, 0
13, 0
14, 0
15, 0
16, 0
17, 0
18, 0
19, 0
20, 0
21, 0
22, 0
23, 0
24, 0
25, 0
26, 0
27, 0
28, 0
29, 0
30, 0
31, 0
32, 0
33, 0
34, 0
35, 0
36, 0
37, 0
38, 0
39, 0
40, 0
41, 1
42, 1
43, 1
44, 1
45, 1
46, 1
47, 1
48, 1
49, 1
50, 1
51, 1
52, 1
53, 1
54, 1
55, 1
56, 1
57, 1
58, 1
59, 1
60, 1
61, 1
62, 1
63, 1
64, 1
65, 1
66, 1
67, 1
68, 1
69, 1
70, 1
71, 1
72, 1
73, 1
74, 1
75, 1
76, 1
77, 1
78, 1
79, 1
80, 1
81, 1
82, 1
83, 1
84, 1
85, 1
86, 1
87, 1
88, 1
89, 1
90, 1
91, 1
92, 1
93, 1
94, 1
95, 1
96, 1
97, 1
98, 1
99, 1
100, 1
101, 1
102, 1
103, 1
104, 1
105, 1
106, 1
107, 1
108, 1
109, 1
110, 1
111, 1
112, 1
113, 1
114, 1
115, 1
116, 1
117, 1
118, 1
119, 1
120, 1
121, 1
122, 1
123, 1
124, 1
125, 1
126, 1
127, 1
128, 1
129, 1
130, 1
131, 1
132, 1
133, 1
134, 1
135, 1
136, 1
137, 1
138, 1
139, 1
140, 1
141, 1
142, 1
143, 1
144, 1
145, 1
146, 1
147, 1
148, 1
149, 1
150, 1
151, 1
152, 1
153, 1
154, 1
155, 1
156, 1
157, 1
158, 1
159, 1
160, 1
161, 1
162, 1
163, 1
164, 1
165, 1
166, 1
167, 1
168, 1
169, 1
170, 1
171, 1
172, 1
173, 1
174, 1
175, 1
176, 1
177, 1
178, 1
179, 1
180, 1
181, 1
182, 1
183, 1
184, 1
185, 1
186, 1
187, 1
188, 1
189, 1
190, 1
191, 1
192, 1
193, 1
194, 1
195, 1
196, 1
197, 1
198, 1
199, 1
200, 1
201, 1
202, 1
203, 1
204, 1
205, 1
206, 1
207, 1
208, 1
209, 1
210, 1
211, 1
212, 1
213, 1
214, 1
215, 1
216, 1
217, 1
218, 1
219, 1
220, 1
221, 1
222, 1
223, 1
224, 1
225, 1
226, 1
227, 1
228, 1
229, 1
230, 1
231, 1
232, 1
233, 1
234, 1
235, 1
236, 1
237, 1
238, 1
239, 1
240, 1
241, 1
242, 1
243, 1
244, 1
245, 1
246, 1
247, 1
248, 1
249, 1
250, 1
251, 1
252, 1
253, 1
254, 1
255, 1
256, 1
257, 1
258, 1
259, 1
260, 1
261, 1
262, 1
263, 1
264, 1
265, 1
266, 1
267, 1
268, 1
269, 1
270, 1
271, 1
272, 1
273, 1
274, 1
275, 1
276, 1
277, 1
278, 1
279, 1
280, 1
281, 1
282, 1
