bot_dist
0.0, 2.9622519028357717
1.0, 2.9655311834655023
2.0, 2.9688405267905233
3.0, 2.972179832391832
4.0, 2.9755489993940656
5.0, 2.9789479264781873
6.0, 2.982376511894119
7.0, 2.985834653473322
8.0, 2.9893222486413125
9.0, 2.9928391944301205
10.0, 2.9963853874906823
11.0, 2.9999607241051707
12.0, 3.0035651001992503
13.0, 3.0071984113542665
14.0, 3.010860552819358
15.0, 3.014551419523498
16.0, 3.018270906087451
17.0, 3.0220189068356547
18.0, 3.025795315808019
19.0, 3.0296000267716376
20.0, 3.0334329332324197
21.0, 3.0372939284466294
22.0, 3.041182905432334
23.0, 3.0450997569807674
24.0, 3.049044375667592
25.0, 3.053016653864077
26.0, 3.0570164837481686
27.0, 3.0610437573154683
28.0, 3.065098366390117
29.0, 3.0691802026355677
30.0, 3.073289157565266
31.0, 3.077425122553223
32.0, 3.081587988844485
33.0, 3.085777647565497
34.0, 3.089993989734363
35.0, 3.0942369062709942
36.0, 3.0985062880071563
37.0, 3.102802025696395
38.0, 3.1071240100238673
39.0, 3.111472131616049
40.0, 3.115846281050338
41.0, 3.120246348864541
42.0, 3.124672225566253
43.0, 3.1291238016421143
44.0, 3.133600967566964
45.0, 3.1381036138128717
46.0, 3.142631630858058
47.0, 3.1471849091956967
48.0, 3.151763339342606
49.0, 3.156366811847818
50.0, 3.1609952173010387
51.0, 3.165648446340987
52.0, 3.1703263896636176
53.0, 3.1750289380302292
54.0, 3.179755869285387
55.0, 3.184507186174794
56.0, 3.1892827797110535
57.0, 3.194082541003372
58.0, 3.1989063612650783
59.0, 3.2037541318210327
60.0, 3.208625744114921
61.0, 3.2135210897164255
62.0, 3.2184400603282937
63.0, 3.223382547793275
64.0, 3.228348444100958
65.0, 3.2333376413944794
66.0, 3.2383500319771303
67.0, 3.2433855083188434
68.0, 3.248443963062563
69.0, 3.2535252890305113
70.0, 3.2586293792303325
71.0, 3.263756126861132
72.0, 3.268905425319404
73.0, 3.274077168204838
74.0, 3.279271249326034
75.0, 3.2844875627060865
76.0, 3.289726002588079
77.0, 3.2949864634404564
78.0, 3.300268839962296
79.0, 3.3055730270884722
80.0, 3.3108989199947105
81.0, 3.316246414102542
82.0, 3.321615405084147
83.0, 3.3270057888671016
84.0, 3.3324174616390168
85.0, 3.3378503198520706
86.0, 3.3433042602274545
87.0, 3.3487791797597017
88.0, 3.3542749757209225
89.0, 3.359791545664949
90.0, 3.3653287874313658
91.0, 3.370886599149457
92.0, 3.3764648792420537
93.0, 3.382063526429278
94.0, 3.3876824397322087
95.0, 3.3933215184764354
96.0, 3.3989806622955365
97.0, 3.404659771134454
98.0, 3.4103587452527866
99.0, 3.416077485227982
100.0, 3.421815891958455
101.0, 3.421815891958455
102.0, 3.421815891958455
103.0, 3.421815891958455
104.0, 3.421815891958455
105.0, 3.421815891958455
106.0, 3.421815891958455
107.0, 3.421815891958455
108.0, 3.421815891958455
109.0, 3.421815891958455
110.0, 3.421815891958455
111.0, 3.421815891958455
112.0, 3.421815891958455
113.0, 3.421815891958455
114.0, 3.421815891958455
115.0, 3.421815891958455
116.0, 3.421815891958455
117.0, 3.421815891958455
118.0, 3.421815891958455
119.0, 3.421815891958455
120.0, 3.421815891958455
121.0, 3.421815891958455
122.0, 3.421815891958455
123.0, 3.421815891958455
124.0, 3.421815891958455
125.0, 3.421815891958455
126.0, 3.421815891958455
127.0, 3.421815891958455
128.0, 3.421815891958455
129.0, 3.421815891958455
130.0, 3.421815891958455
131.0, 3.416077485227982
132.0, 3.4103587452527866
133.0, 3.404659771134454
134.0, 3.3989806622955365
135.0, 3.3933215184764354
136.0, 3.3876824397322087
137.0, 3.382063526429278
138.0, 3.3764648792420537
139.0, 3.370886599149457
140.0, 3.3653287874313658
141.0, 3.359791545664949
142.0, 3.3542749757209225
143.0, 3.3536228915928876
144.0, 3.348155892529324
145.0, 3.342709868050225
146.0, 3.337284920839155
147.0, 3.3318811538497277
148.0, 3.3264986703012682
149.0, 3.32113757367438
150.0, 3.3157979677064047
151.0, 3.227762203372119
152.0, 3.139830205363469
153.0, 3.052010891732209
154.0, 2.9643143324754115
155.0, 2.8767517539603813
156.0, 2.7893357739499547
157.0, 2.702080620464115
158.0, 2.6150023925163737
159.0, 2.528119372176254
160.0, 2.441452399865136
161.0, 2.3550253279677245
162.0, 2.2688655719675466
163.0, 2.1830047837047064
164.0, 2.0974796784292145
165.0, 2.012333056652722
166.0, 1.9276150741522367
167.0, 1.9235820053978565
168.0, 1.84162670631047
169.0, 1.7605038876842445
170.0, 1.6803338760955275
171.0, 1.6012597900417638
172.0, 1.5234522896049159
173.0, 1.4471156918670394
174.0, 1.444587795021885
175.0, 1.3740703352703592
176.0, 1.306086780648882
177.0, 1.304462261124004
178.0, 1.3029124331543285
179.0, 1.3014376033428934
180.0, 1.300038026934995
181.0, 1.2587989220362623
182.0, 1.2581203210177891
183.0, 1.2575208814773344
184.0, 1.2570007166666763
185.0, 1.2565599250353807
186.0, 1.2561985901379937
187.0, 1.2559167805550748
188.0, 1.255714549828241
189.0, 1.2555919364093728
190.0, 1.2555489636240849
191.0, 1.2555856396495486
192.0, 1.2557019575067156
193.0, 1.2558978950669546
194.0, 1.256173415073092
195.0, 1.1747949830882114
196.0, 1.0939304544552968
197.0, 1.0137028210590224
198.0, 1.0146456143815352
199.0, 0.9343469777635924
200.0, 0.8547481145595636
201.0, 0.7760643763536574
202.0, 0.6986050426114511
203.0, 0.6228271086698111
204.0, 0.5494267207196416
205.0, 0.47949697392410606
206.0, 0.4147969225764626
207.0, 0.3581719396746849
208.0, 0.31402118109554594
209.0, 0.28813708264964866
210.0, 0.2855313766190198
211.0, 0.30679776414593996
212.0, 0.34758176239675803
213.0, 0.40198607865399794
214.0, 0.465256967414023
215.0, 0.5342536834207638
216.0, 0.6070268055512912
217.0, 0.6823691661811422
218.0, 0.7595165614649099
219.0, 0.7635471398523258
220.0, 0.8388603163673484
221.0, 0.9155234258461581
222.0, 0.9932239291660977
223.0, 0.9965040810225285
224.0, 0.9998734933362043
225.0, 1.0033312668373857
226.0, 1.0068764911875046
227.0, 1.0105082459604107
228.0, 1.0142256016080888
229.0, 1.018027620409177
230.0, 1.0219133573987726
231.0, 1.0219133573987726
232.0, 1.0219133573987726
233.0, 1.0219133573987726
234.0, 1.0219133573987726
235.0, 1.0219133573987726
236.0, 1.0219133573987726
237.0, 1.0219133573987726
238.0, 1.0219133573987726
239.0, 1.0219133573987726
240.0, 1.0219133573987726
241.0, 1.0219133573987726
242.0, 1.0219133573987726
243.0, 1.0219133573987726
244.0, 1.0219133573987726
245.0, 1.0219133573987726
246.0, 1.0219133573987726
247.0, 1.0219133573987726
248.0, 1.0219133573987726
249.0, 1.0219133573987726
250.0, 1.0219133573987726
251.0, 1.0219133573987726
252.0, 1.0219133573987726
253.0, 1.0219133573987726
254.0, 1.0219133573987726
255.0, 1.0219133573987726
256.0, 1.0219133573987726
257.0, 1.0219133573987726
258.0, 1.0219133573987726
259.0, 1.0219133573987726
260.0, 1.0219133573987726
261.0, 1.018027620409177
262.0, 1.0142256016080888
263.0, 1.0105082459604107
264.0, 1.0068764911875046
265.0, 1.0033312668373857
266.0, 0.9998734933362043
267.0, 0.9965040810225285
268.0, 0.9932239291660977
269.0, 0.9900339249728298
270.0, 0.9869349425780055
271.0, 0.983927842029675
272.0, 0.9810134682644643
273.0, 0.978192650078067
274.0, 0.975466199092828
275.0, 0.9728349087249304
276.0, 0.9702995531537963
277.0, 0.9678608862963975
278.0, 0.9655196407892579
279.0, 0.963276526980994
280.0, 0.9611322319382967
281.0, 0.959087418468304
282.0, 0.9571427241603407
ee_dist
0.0, 1.1156006811700208
1.0, 1.1529708296751904
2.0, 1.2481888338396054
3.0, 1.3338134473334367
4.0, 1.3633089991691212
5.0, 1.3889132865455742
6.0, 1.4224013240405236
7.0, 1.4592801909321897
8.0, 1.4968687387336392
9.0, 1.5320348932077341
10.0, 1.5672572892550996
11.0, 1.6005282376651913
12.0, 1.6362985857282644
13.0, 1.6636296475523775
14.0, 1.6917708056318845
15.0, 1.716855182686601
16.0, 1.7412967240736201
17.0, 1.7627838059032583
18.0, 1.7840889984606123
19.0, 1.8023828024636541
20.0, 1.821018616789893
21.0, 1.794285936474635
22.0, 1.7566841660604997
23.0, 1.7159963876378554
24.0, 1.6717446495996136
25.0, 1.6241231103077232
26.0, 1.57328961004923
27.0, 1.5194627212933893
28.0, 1.4627751809521174
29.0, 1.403578518529212
30.0, 1.3421121189174559
31.0, 1.2790204395551998
32.0, 1.214071461261919
33.0, 1.1491173612743917
34.0, 1.0827049410786083
35.0, 1.0171690090952437
36.0, 0.953092655189492
37.0, 0.8917794644321496
38.0, 0.8344698575790482
39.0, 0.782630950469504
40.0, 0.7388627972923831
41.0, 0.7532172240238638
42.0, 0.772636977606115
43.0, 0.971242526972533
44.0, 0.9277633026743166
45.0, 0.8828911332416455
46.0, 0.8359235098993882
47.0, 0.7870497408673539
48.0, 0.7362129427423468
49.0, 0.6837520581426636
50.0, 0.6299468922162305
51.0, 0.5755522577424742
52.0, 0.52100453467127
53.0, 0.46653699324181014
54.0, 0.41266075565569976
55.0, 0.3601030568543375
56.0, 0.3110018266979857
57.0, 0.2674345793599818
58.0, 0.29585938334874623
59.0, 0.3549538299961925
60.0, 0.4274957627671512
61.0, 0.5121128322619446
62.0, 0.6026540360935144
63.0, 0.6932474309409492
64.0, 0.7788216327346668
65.0, 0.8461987654109213
66.0, 0.9046713407542385
67.0, 0.9638077573106885
68.0, 1.0176988875549986
69.0, 1.0706188144108222
70.0, 1.1232571375756915
71.0, 1.1741019620311395
72.0, 1.2284451751185768
73.0, 1.288689242299847
74.0, 1.353471785508443
75.0, 1.4294178128277923
76.0, 1.5146521818410483
77.0, 1.609361114058594
78.0, 1.7085842631749188
79.0, 1.8072766271294318
80.0, 1.9009672833785076
81.0, 1.979892641548428
82.0, 2.0442257990582293
83.0, 2.107700398899908
84.0, 2.1683551771079026
85.0, 2.2280527525987592
86.0, 2.2767045795336567
87.0, 2.3048403449783708
88.0, 2.3346327677362755
89.0, 2.373969373968459
90.0, 2.42212597137058
91.0, 2.5065495520309042
92.0, 2.5986483689651045
93.0, 2.7002313607509065
94.0, 2.8071399621947677
95.0, 2.914883141249441
96.0, 3.015009963759308
97.0, 3.105906876718458
98.0, 3.178358940870843
99.0, 3.2471051278917864
100.0, 3.3112628172142173
101.0, 3.37625684674814
102.0, 3.439271317742054
103.0, 3.5023647687164945
104.0, 3.564410168017826
105.0, 3.6345930633503714
106.0, 3.711683544291043
107.0, 3.7894515880302833
108.0, 3.880185037807034
109.0, 3.980626035620722
110.0, 4.087210748357818
111.0, 4.196330625484537
112.0, 4.297604515552297
113.0, 4.39352643061269
114.0, 4.468435191065102
115.0, 4.537626999186351
116.0, 4.601889408628662
117.0, 4.6671254651108125
118.0, 4.729717642572315
119.0, 4.793796189045361
120.0, 4.8346970615155485
121.0, 4.876883175020956
122.0, 4.918504065105933
123.0, 4.959081115504922
124.0, 4.999861638564723
125.0, 5.035770599005826
126.0, 5.070103919218432
127.0, 5.105269767792605
128.0, 5.137369436349644
129.0, 5.167944122866226
130.0, 5.1942541040318595
131.0, 5.219937229956842
132.0, 5.242602929832502
133.0, 5.262889158806957
134.0, 5.277825627443899
135.0, 5.29255279695023
136.0, 5.30315363891459
137.0, 5.311330610627964
138.0, 5.314530158189823
139.0, 5.316398554415914
140.0, 5.314774094125529
141.0, 5.31036683369443
142.0, 5.300410451900161
143.0, 4.670622425804852
144.0, 4.659623652800416
145.0, 4.650338373572861
146.0, 4.645523726902237
147.0, 4.64134417018546
148.0, 4.640046468572709
149.0, 4.640975679964336
150.0, 4.647260865066765
151.0, 4.564092416971335
152.0, 4.464058724895446
153.0, 4.401227176344361
154.0, 4.317703435124837
155.0, 4.220235095861144
156.0, 4.156140199027951
157.0, 4.073072288527489
158.0, 3.99069715466667
159.0, 3.909021044507605
160.0, 3.8287718400597965
161.0, 3.7467456260137473
162.0, 3.664888743365666
163.0, 3.582948762183835
164.0, 3.5037378514418758
165.0, 3.421566778525212
166.0, 3.3407831656211977
167.0, 3.3489523169912645
168.0, 3.271514071510495
169.0, 3.192510468904686
170.0, 3.113908377966284
171.0, 3.035281056782125
172.0, 2.9596219039678373
173.0, 2.8812493220631854
174.0, 2.894328336314826
175.0, 2.820117482892554
176.0, 2.748086192802105
177.0, 2.763467590502486
178.0, 2.7810206840745546
179.0, 2.8008151342281
180.0, 2.8239587030944673
181.0, 2.7704193851462033
182.0, 2.747973414172761
183.0, 2.714930452177722
184.0, 2.7105222280166292
185.0, 2.67788257526162
186.0, 2.680192219285864
187.0, 2.6669141467591024
188.0, 2.6572150004819455
189.0, 2.650430776947874
190.0, 2.648165371282193
191.0, 2.646413356939186
192.0, 2.6479958939165043
193.0, 2.65179533784842
194.0, 2.6607293355122024
195.0, 2.580889198073863
196.0, 2.5021438367398385
197.0, 2.42320079236814
198.0, 2.4355764164958957
199.0, 2.359867016539512
200.0, 2.285520532870081
201.0, 2.211342610899504
202.0, 2.1561303203955733
203.0, 2.1005266442508077
204.0, 2.108597033817029
205.0, 1.935028980692162
206.0, 2.1170761659745456
207.0, 2.0701794355752496
208.0, 1.8964620219966464
209.0, 2.0595036040549886
210.0, 1.5869732966085235
211.0, 1.5440682753402735
212.0, 1.3452644104956182
213.0, 1.4073857820303968
214.0, 1.354789834478532
215.0, 1.309956016653461
216.0, 1.2638108406565358
217.0, 1.2121440882054648
218.0, 1.1810627652300816
219.0, 1.2065123590297404
220.0, 1.1789691762253978
221.0, 1.1565922172780956
222.0, 1.1403424474140635
223.0, 1.1120610012411545
224.0, 1.0844730794527193
225.0, 1.0576680910456493
226.0, 1.033457975521201
227.0, 1.0091971679799006
228.0, 0.987430538427775
229.0, 0.9671884820033139
230.0, 0.9508445261960793
231.0, 0.9355710102039058
232.0, 0.923235062357651
233.0, 0.9136027687687472
234.0, 0.9099457746878593
235.0, 0.9064173233746763
236.0, 0.9076100740349852
237.0, 0.9112535710024767
238.0, 0.9124867253298624
239.0, 0.9119458963734267
240.0, 0.9113835266966814
241.0, 0.9108313288561503
242.0, 0.9127663293184848
243.0, 0.9191724826065012
244.0, 0.9319042953045286
245.0, 0.9457006265939732
246.0, 0.9617725725399785
247.0, 0.978883670330464
248.0, 1.0073186204433082
249.0, 1.0349224338364116
250.0, 1.0614033603365778
251.0, 1.0877257501981723
252.0, 1.114313754257849
253.0, 1.1405830459512014
254.0, 1.1673210205384745
255.0, 1.1935958852503021
256.0, 1.2202895179244557
257.0, 1.2463356640828411
258.0, 1.272615555699688
259.0, 1.298078716501808
260.0, 1.3235594801216588
261.0, 1.3480921820043579
262.0, 1.372450355634863
263.0, 1.341528011563227
264.0, 1.303410187296211
265.0, 1.2631698265197302
266.0, 1.2205189009186728
267.0, 1.1756599464516237
268.0, 1.1286406876497403
269.0, 1.0796832386096693
270.0, 1.0288493990527443
271.0, 0.9764122057749621
272.0, 0.922464316826811
273.0, 0.8673434415338791
274.0, 0.811201912610103
275.0, 0.754480648070185
276.0, 0.6965510060841803
277.0, 0.6373758554696578
278.0, 0.5811360994358754
279.0, 0.5268056776414204
280.0, 0.4753173065189088
281.0, 0.4272186513364561
282.0, 0.3861772554976711
ee_box_dist
0.0, 9.876040080573073
1.0, 9.874313305556322
2.0, 9.883981065350657
3.0, 9.91841653020417
4.0, 9.997581039934873
5.0, 10.146577709930027
6.0, 10.393153562378554
7.0, 10.76529262299486
8.0, 11.286752803349863
9.0, 11.975349361444556
10.0, 12.841704110064384
11.0, 13.88975715352853
12.0, 15.117557051941779
13.0, 16.51846097849817
14.0, 18.084685158615056
15.0, 19.807688166942075
16.0, 21.67816608683504
17.0, 23.688083491200405
18.0, 25.829310438930047
19.0, 28.094900157941776
20.0, 30.478358525992405
21.0, 32.99700765751019
22.0, 35.62682544618208
23.0, 38.35464598592798
24.0, 41.17562133201432
25.0, 44.085518859823814
26.0, 47.079985333066304
27.0, 50.15555205658334
28.0, 53.30855642310569
29.0, 56.53609284862437
30.0, 59.8350433660745
31.0, 63.203111810371524
32.0, 66.63731428157134
33.0, 70.13640529761736
34.0, 73.6968704367298
35.0, 77.31789297441512
36.0, 80.99922735835888
37.0, 84.73536042593459
38.0, 88.52955034828508
39.0, 92.37521174599442
40.0, 96.27402074408404
41.0, 100.30634298924294
42.0, 104.390016175948
43.0, 108.52423262920176
44.0, 112.7072427051916
45.0, 116.93773820159308
46.0, 121.21398400761095
47.0, 125.53486588529346
48.0, 129.89873470247866
49.0, 134.30450725749682
50.0, 138.7506901725643
51.0, 143.23637112006412
52.0, 147.75997998157652
53.0, 152.32077009133494
54.0, 156.91730854558818
55.0, 161.54868598934738
56.0, 166.21374214862104
57.0, 170.91155082428526
58.0, 175.64101738625118
59.0, 180.40134874746784
60.0, 185.1914332756236
61.0, 190.0106218243535
62.0, 194.85782952840714
63.0, 199.732375835071
64.0, 204.6333254740792
65.0, 209.5599448148644
66.0, 214.51149962987105
67.0, 219.4873456920042
68.0, 224.48657557179712
69.0, 229.50863190222114
70.0, 234.55275766307733
71.0, 239.61844436631227
72.0, 244.7048764816191
73.0, 249.81166433702117
74.0, 254.93801514837767
75.0, 260.0835174622955
76.0, 265.2474738546889
77.0, 270.42952108547297
78.0, 275.628994790519
79.0, 280.84536717415165
80.0, 286.0782508197622
81.0, 291.32730384479464
82.0, 296.591897756846
83.0, 301.8716931617667
84.0, 307.1661251016823
85.0, 312.47494935987515
86.0, 317.83384215162516
87.0, 323.21270520219787
88.0, 328.5867806187619
89.0, 333.9671361400156
90.0, 339.3532967850544
91.0, 344.74942461912116
92.0, 350.1574258568748
93.0, 355.57680950344866
94.0, 361.00716390632243
95.0, 366.4483830338796
96.0, 371.90034867034217
97.0, 377.362242483648
98.0, 382.833839547949
99.0, 388.3151687393689
100.0, 393.8062429632386
101.0, 399.3058356966545
102.0, 404.81424951203286
103.0, 410.33126059909887
104.0, 415.85691602093453
105.0, 421.3901723606174
106.0, 426.92978034396236
107.0, 432.4801511071094
108.0, 438.0361703175916
109.0, 443.59935539541897
110.0, 449.16933146916955
111.0, 454.74618777445187
112.0, 460.32997158489417
113.0, 465.91959554436414
114.0, 471.51538283721925
115.0, 477.1174127260022
116.0, 482.72526608474703
117.0, 488.3385279024272
118.0, 493.9572968833171
119.0, 499.58142856615154
120.0, 505.2109139237253
121.0, 510.84526641370456
122.0, 516.4842244575066
123.0, 522.1281175099556
124.0, 527.7761785249957
125.0, 533.429932828952
126.0, 539.0871770016305
127.0, 544.7485274490066
128.0, 550.4139946800866
129.0, 556.0834622546342
130.0, 561.7570577499669
131.0, 567.4341354688551
132.0, 573.1146524108034
133.0, 578.7989324557781
134.0, 584.486912537281
135.0, 590.1776695070207
136.0, 595.8718382960753
137.0, 601.5691445627983
138.0, 607.2697164497804
139.0, 612.9730414704621
140.0, 618.6790619995934
141.0, 624.3879914351581
142.0, 630.1000141440453
143.0, 635.9950397363546
144.0, 641.7113258043647
145.0, 647.4302625585891
146.0, 653.1517346247889
147.0, 658.875375549021
148.0, 664.601099598903
149.0, 670.3292071288338
150.0, 676.0599060368014
151.0, 681.7919151226197
152.0, 687.5194202551862
153.0, 693.2626008184816
154.0, 699.0001379251084
155.0, 704.735671196649
156.0, 710.4824945073098
157.0, 716.2257386194567
158.0, 721.9705436008667
159.0, 727.7175720199734
160.0, 733.4662397583146
161.0, 739.2162492130635
162.0, 744.9676116326813
163.0, 750.7206127356643
164.0, 756.4753763940432
165.0, 762.2311779624943
166.0, 767.9882382862501
167.0, 773.7466389332509
168.0, 779.5065698680256
169.0, 785.2675260178419
170.0, 791.0294244748137
171.0, 796.7926151095564
172.0, 802.5574265601522
173.0, 808.3227555509947
174.0, 814.0893424991714
175.0, 819.8568493154793
176.0, 825.6255583885132
177.0, 831.3952434228423
178.0, 837.165562327653
179.0, 842.9371353534511
180.0, 848.7099250399551
181.0, 854.4826169503706
182.0, 860.256931932941
183.0, 866.026601398149
184.0, 871.8091030619653
185.0, 877.5797998764334
186.0, 883.3636010233926
187.0, 889.1419152515026
188.0, 894.9207313870154
189.0, 900.7004463650964
190.0, 906.4813458705449
191.0, 912.2624331345004
192.0, 918.0438859177613
193.0, 923.8262546936431
194.0, 929.6093166646418
195.0, 935.3927782793043
196.0, 941.1764421684844
197.0, 946.9610289690602
198.0, 952.746343519135
199.0, 958.5319052744549
200.0, 964.3177301729797
201.0, 970.1044152311645
202.0, 975.8968336249728
203.0, 981.680146799288
204.0, 987.6015701450725
205.0, 993.4799555590262
206.0, 998.9627254530524
207.0, 1004.6656151641532
208.0, 1010.8940193075174
209.0, 1016.7474902757107
210.0, 1022.1937219683667
211.0, 1027.9936593790649
212.0, 1033.7071199342465
213.0, 1039.5706412156146
214.0, 1045.3652665798907
215.0, 1051.1590410596332
216.0, 1056.9518972444926
217.0, 1062.7419712666522
218.0, 1068.538011029364
219.0, 1074.3305514714257
220.0, 1080.1233737740479
221.0, 1085.9162738883992
222.0, 1091.711128432192
223.0, 1097.5054416153519
224.0, 1103.2994274221264
225.0, 1109.0936868133751
226.0, 1114.8882735430561
227.0, 1120.6823208700762
228.0, 1126.4765507687566
229.0, 1132.2707198654964
230.0, 1138.065253061004
231.0, 1143.8610398158498
232.0, 1149.6570975817883
233.0, 1155.453331512104
234.0, 1161.2500627905551
235.0, 1167.0462251159422
236.0, 1172.8425016561202
237.0, 1178.6388265817093
238.0, 1184.435573552124
239.0, 1190.2321375400286
240.0, 1196.028427246471
241.0, 1201.824971151306
242.0, 1207.621924935373
243.0, 1213.4383004210295
244.0, 1219.264335984968
245.0, 1225.08896464848
246.0, 1230.9128686710585
247.0, 1236.7354825907094
248.0, 1242.5619430044521
249.0, 1248.3834301843115
250.0, 1254.203923134586
251.0, 1260.022474480169
252.0, 1265.8390736188294
253.0, 1271.6536649199004
254.0, 1277.4665930130532
255.0, 1283.2775392993487
256.0, 1289.0868059681056
257.0, 1294.894319114425
258.0, 1300.7001247956791
259.0, 1306.5044190808087
260.0, 1312.3070018409687
261.0, 1318.108309294623
262.0, 1323.9079488436546
263.0, 1329.7291765401928
264.0, 1335.5538558034032
265.0, 1341.3735787123223
266.0, 1347.1884214374181
267.0, 1352.9983137086983
268.0, 1358.8030625755957
269.0, 1364.6027064875982
270.0, 1370.3971220359522
271.0, 1376.1864469081463
272.0, 1381.970627551715
273.0, 1387.7499012868511
274.0, 1393.524283813227
275.0, 1399.294107640168
276.0, 1405.059768132952
277.0, 1410.821357532037
278.0, 1416.578821162837
279.0, 1422.332813038417
280.0, 1428.0835834877796
281.0, 1433.8317668126278
282.0, 1439.5774967752232
spot_hold
0, 0
1, 0
2, 0
3, 0
4, 0
5, 0
6, 0
7, 0
8, 0
9, 0
10, 0
11, 0
12, 0
13, 0
14, 0
15, 0
16, 0
17, 0
18, 0
19, 0
20, 0
21, 0
22, 0
23, 0
24, 0
25, 0
26, 0
27, 0
28, 0
29, 0
30, 0
31, 0
32, 0
33, 0
34, 0
35, 0
36, 0
37, 0
38, 0
39, 0
40, 0
41, 1
42, 1
43, 1
44, 1
45, 1
46, 1
47, 1
48, 1
49, 1
50, 1
51, 1
52, 1
53, 1
54, 1
55, 1
56, 1
57, 1
58, 1
59, 1
60, 1
61, 1
62, 1
63, 1
64, 1
65, 1
66, 1
67, 1
68, 1
69, 1
70, 1
71, 1
72, 1
73, 1
74, 1
75, 1
76, 1
77, 1
78, 1
79, 1
80, 1
81, 1
82, 1
83, 1
84, 1
85, 1
86, 1
87, 1
88, 1
89, 1
90, 1
91, 1
92, 1
93, 1
94, 1
95, 1
96, 1
97, 1
98, 1
99, 1
100, 1
101, 1
102, 1
103, 1
104, 1
105, 1
106, 1
107, 1
108, 1
109, 1
110, 1
111, 1
112, 1
113, 1
114, 1
115, 1
116, 1
117, 1
118, 1
119, 1
120, 1
121, 1
122, 1
123, 1
124, 1
125, 1
126, 1
127, 1
128, 1
129, 1
130, 1
131, 1
132, 1
133, 1
134, 1
135, 1
136, 1
137, 1
138, 1
139, 1
140, 1
141, 1
142, 1
143, 1
144, 1
145, 1
146, 1
147, 1
148, 1
149, 1
150, 1
151, 1
152, 1
153, 1
154, 1
155, 1
156, 1
157, 1
158, 1
159, 1
160, 1
161, 1
162, 1
163, 1
164, 1
165, 1
166, 1
167, 1
168, 1
169, 1
170, 1
171, 1
172, 1
173, 1
174, 1
175, 1
176, 1
177, 1
178, 1
179, 1
180, 1
181, 1
182, 1
183, 1
184, 1
185, 1
186, 1
187, 1
188, 1
189, 1
190, 1
191, 1
192, 1
193, 1
194, 1
195, 1
196, 1
197, 1
198, 1
199, 1
200, 1
201, 1
202, 1
203, 1
204, 1
205, 1
206, 1
207, 1
208, 1
209, 1
210, 1
211, 1
212, 1
213, 1
214, 1
215, 1
216, 1
217, 1
218, 1
219, 1
220, 1
221, 1
222, 1
223, 1
224, 1
225, 1
226, 1
227, 1
228, 1
229, 1
230, 1
231, 1
232, 1
233, 1
234, 1
235, 1
236, 1
237, 1
238, 1
239, 1
240, 1
241, 1
242, 1
243, 1
244, 1
245, 1
246, 1
247, 1
248, 1
249, 1
250, 1
251, 1
252, 1
253, 1
254, 1
255, 1
256, 1
257, 1
258, 1
259, 1
260, 1
261, 1
262, 1
263, 1
264, 1
265, 1
266, 1
267, 1
268, 1
269, 1
270, 1
271, 1
272, 1
273, 1
274, 1
275, 1
276, 1
277, 1
278, 1
279, 1
280, 1
281, 1
282, 1
