bot_dist
0.0, 3.5343150125643015
1.0, 3.5404260609951965
2.0, 3.5465547758816665
3.0, 3.552701065795247
4.0, 3.5588648396777924
5.0, 3.5650460068427625
6.0, 3.5712444769764424
7.0, 3.5774601601391023
8.0, 3.583692966766094
9.0, 3.589942807668888
10.0, 3.596209594036048
11.0, 3.60249323743415
12.0, 3.6087936498086424
13.0, 3.615110743484646
14.0, 3.6214444311677036
15.0, 3.627794625944468
16.0, 3.6341612412833424
17.0, 3.640544191035062
18.0, 3.6469433894332277
19.0, 3.653358751094783
20.0, 3.6597901910204462
21.0, 3.66623762459509
22.0, 3.672700967588071
23.0, 3.6791801361535135
24.0, 3.6856750468305464
25.0, 3.692185616543492
26.0, 3.6987117626020107
27.0, 3.7052534027012007
28.0, 3.7118104549216566
29.0, 3.718382837729479
30.0, 3.7249704699762494
31.0, 3.7315732708989593
32.0, 3.7381911601199005
33.0, 3.744824057646515
34.0, 3.751471883871206
35.0, 3.7581345595711144
36.0, 3.7648120059078525
37.0, 3.7715041444272033
38.0, 3.7782108970587864
39.0, 3.7849321861156877
40.0, 3.791667934294053
41.0, 3.7984180646726493
42.0, 3.805182500712394
43.0, 3.811961166255851
44.0, 3.8187539855266985
45.0, 3.825560883129159
46.0, 3.8323817840474073
47.0, 3.8392166136449437
48.0, 3.846065297663945
49.0, 3.8529277622245752
50.0, 3.8598039338242858
51.0, 3.8666937393370726
52.0, 3.8735971060127223
53.0, 3.8805139614760162
54.0, 3.887444233725927
55.0, 3.89438785113478
56.0, 3.9013447424473924
57.0, 3.908314836780192
58.0, 3.915298063620314
59.0, 3.922294352824672
60.0, 3.9293036346190107
61.0, 3.936325839596941
62.0, 3.943360898718945
63.0, 3.950408743311373
64.0, 3.957469305065413
65.0, 3.9645425160360483
66.0, 3.9716283086409887
67.0, 3.978726615659595
68.0, 3.9858373702317755
69.0, 3.9929605058568756
70.0, 4.000095956392541
71.0, 4.007243656053579
72.0, 4.014403539410791
73.0, 4.021575541389797
74.0, 4.0287595972698504
75.0, 4.035955642682628
76.0, 4.043163613611017
77.0, 4.050383446387881
78.0, 4.057615077694826
79.0, 4.064858444560933
80.0, 4.0721134843615046
81.0, 4.079380134816783
82.0, 4.086658333990661
83.0, 4.093948020289387
84.0, 4.101249132460254
85.0, 4.108561609590284
86.0, 4.115885391104902
87.0, 4.123220416766601
88.0, 4.130566626673592
89.0, 4.137923961258459
90.0, 4.145292361286798
91.0, 4.152671767855844
92.0, 4.160062122393104
93.0, 4.16746336665497
94.0, 4.174875442725337
95.0, 4.182298293014202
96.0, 4.18973186025627
97.0, 4.197176087509548
98.0, 4.204630918153931
99.0, 4.212096295889793
100.0, 4.2195721647365625
101.0, 4.2195721647365625
102.0, 4.2195721647365625
103.0, 4.2195721647365625
104.0, 4.2195721647365625
105.0, 4.2195721647365625
106.0, 4.2195721647365625
107.0, 4.2195721647365625
108.0, 4.2195721647365625
109.0, 4.2195721647365625
110.0, 4.2195721647365625
111.0, 4.2195721647365625
112.0, 4.2195721647365625
113.0, 4.2195721647365625
114.0, 4.2195721647365625
115.0, 4.2195721647365625
116.0, 4.2195721647365625
117.0, 4.2195721647365625
118.0, 4.2195721647365625
119.0, 4.2195721647365625
120.0, 4.2195721647365625
121.0, 4.2195721647365625
122.0, 4.2195721647365625
123.0, 4.2195721647365625
124.0, 4.2195721647365625
125.0, 4.2195721647365625
126.0, 4.2195721647365625
127.0, 4.2195721647365625
128.0, 4.2195721647365625
129.0, 4.2195721647365625
130.0, 4.2195721647365625
131.0, 4.212096295889793
132.0, 4.204630918153931
133.0, 4.197176087509548
134.0, 4.18973186025627
135.0, 4.182298293014202
136.0, 4.174875442725337
137.0, 4.16746336665497
138.0, 4.160062122393104
139.0, 4.152671767855844
140.0, 4.145292361286798
141.0, 4.137923961258459
142.0, 4.130566626673592
143.0, 4.127155328972333
144.0, 4.119827309115582
145.0, 4.112510547588041
146.0, 4.105205104587317
147.0, 4.097911040646829
148.0, 4.09062841663712
149.0, 4.083357293767174
150.0, 4.076097733585712
151.0, 3.986472916942234
152.0, 3.8968592609188146
153.0, 3.8072575128361876
154.0, 3.7176685775381237
155.0, 3.6280934041875157
156.0, 3.53853303790306
157.0, 3.4489886321763703
158.0, 3.3594614632646236
159.0, 3.2699529469345916
160.0, 3.180464658017792
161.0, 3.090998353341865
162.0, 3.001555998736637
163.0, 2.912139800983039
164.0, 2.8227522457904546
165.0, 2.733396143168505
166.0, 2.6440746819236667
167.0, 2.6366272673224156
168.0, 2.5463989276936227
169.0, 2.4561871814624125
170.0, 2.3659937500443236
171.0, 2.275820810952573
172.0, 2.185670900508204
173.0, 2.095546990773377
174.0, 2.088112024826386
175.0, 1.9976915987223154
176.0, 1.90732525347903
177.0, 1.8999613944700715
178.0, 1.8926217207918234
179.0, 1.8853065149115344
180.0, 1.8780160627484743
181.0, 1.793109375434483
182.0, 1.7859837158773433
183.0, 1.7788857282314603
184.0, 1.7718157450622893
185.0, 1.7647741029418547
186.0, 1.7577611424753794
187.0, 1.7507772083269202
188.0, 1.74382264924395
189.0, 1.7368978180808166
190.0, 1.7300030718210144
191.0, 1.7231387715981907
192.0, 1.6410516695091397
193.0, 1.6341033468583126
194.0, 1.5557426649369361
195.0, 1.478273609289701
196.0, 1.4018440075363237
197.0, 1.3266335259348683
198.0, 1.2528617385525993
199.0, 1.180798328610556
200.0, 1.110775650220495
201.0, 1.0432051490117153
202.0, 0.9785944744064738
203.0, 0.9175695417907165
204.0, 0.8608927555609925
205.0, 0.8094784346367064
206.0, 0.764388722338518
207.0, 0.7268021734173312
208.0, 0.6979315812611018
209.0, 0.6788903103217907
210.0, 0.6705158137041427
211.0, 0.6732067280084737
212.0, 0.686832593690364
213.0, 0.710765024417493
214.0, 0.7440098462380089
215.0, 0.7853856927568076
216.0, 0.8336825378517354
217.0, 0.8286030297071791
218.0, 0.8876016810297669
219.0, 0.9506497714782657
220.0, 0.9468088428197504
221.0, 0.9430583127729704
222.0, 0.9393992640817104
223.0, 0.9358327698060409
224.0, 0.9323598920733154
225.0, 0.9289816808041013
226.0, 0.9256991724155271
227.0, 0.9225133885047421
228.0, 0.9194253345153923
229.0, 0.9164359983902376
230.0, 0.9135463492132253
231.0, 0.9135463492132253
232.0, 0.9135463492132253
233.0, 0.9135463492132253
234.0, 0.9135463492132253
235.0, 0.9135463492132253
236.0, 0.9135463492132253
237.0, 0.9135463492132253
238.0, 0.9135463492132253
239.0, 0.9135463492132253
240.0, 0.9135463492132253
241.0, 0.9135463492132253
242.0, 0.9135463492132253
243.0, 0.9135463492132253
244.0, 0.9135463492132253
245.0, 0.9135463492132253
246.0, 0.9135463492132253
247.0, 0.9135463492132253
248.0, 0.9135463492132253
249.0, 0.9135463492132253
250.0, 0.9135463492132253
251.0, 0.9135463492132253
252.0, 0.9135463492132253
253.0, 0.9135463492132253
254.0, 0.9135463492132253
255.0, 0.9135463492132253
256.0, 0.9135463492132253
257.0, 0.9135463492132253
258.0, 0.9135463492132253
259.0, 0.9135463492132253
260.0, 0.9135463492132253
261.0, 0.9164359983902376
262.0, 0.9194253345153923
263.0, 0.9225133885047421
264.0, 0.9256991724155271
265.0, 0.9289816808041013
266.0, 0.9323598920733154
267.0, 0.9358327698060409
268.0, 0.9393992640817104
269.0, 0.9430583127729704
270.0, 0.9468088428197504
271.0, 0.9506497714782657
272.0, 0.9545800075426958
273.0, 0.9585984525374937
274.0, 0.9627040018784968
275.0, 0.9668955460012205
276.0, 0.9711719714549295
277.0, 0.9755321619612758
278.0, 0.9799749994364948
279.0, 0.9844993649763342
280.0, 0.9891041398030761
281.0, 0.9937882061741786
282.0, 0.9985504482522304
ee_dist
0.0, 1.2680357285989725
1.0, 1.319152124358634
2.0, 1.422337644610713
3.0, 1.5119369583514513
4.0, 1.5428631556146326
5.0, 1.5686075315629826
6.0, 1.601415265572174
7.0, 1.636745339371692
8.0, 1.6727361651357149
9.0, 1.707686980002432
10.0, 1.7422587325459313
11.0, 1.7750124058512164
12.0, 1.8065501042030823
13.0, 1.8354314940029322
14.0, 1.8630552925535004
15.0, 1.8880925741819725
16.0, 1.9125769926730565
17.0, 1.9339620017002124
18.0, 1.9552882498881374
19.0, 1.9736271507256486
20.0, 1.992383911985065
21.0, 1.9645104307085335
22.0, 1.9253106456369975
23.0, 1.8830077568087773
24.0, 1.8371310964491117
25.0, 1.787939604103901
26.0, 1.7355444629022567
27.0, 1.6802571900168763
28.0, 1.6222485084210414
29.0, 1.5619366836080868
30.0, 1.499576083121119
31.0, 1.4357202576681785
32.0, 1.3707512055820301
33.0, 1.3053976939667835
34.0, 1.2402371407022899
35.0, 1.1762540875701593
36.0, 1.1143335466992168
37.0, 1.05580854390856
38.0, 1.0019539912656192
39.0, 0.9544079203886077
40.0, 0.9147948689460809
41.0, 0.9283011957760463
42.0, 0.8577154047568789
43.0, 0.8394110585224482
44.0, 0.7941768133105931
45.0, 0.7476839713323479
46.0, 0.6996500765522732
47.0, 0.6499272705718064
48.0, 0.5989361985023275
49.0, 0.5467323570434947
50.0, 0.4941880441467381
51.0, 0.4422329503566621
52.0, 0.391874854049902
53.0, 0.3440157509224779
54.0, 0.3005912239572487
55.0, 0.2643175632639754
56.0, 0.2683659364401127
57.0, 0.3159577697355211
58.0, 0.3795428027852879
59.0, 0.45784812162782684
60.0, 0.5452113044971623
61.0, 0.6353776433062455
62.0, 0.7224752411110997
63.0, 0.7966228948907952
64.0, 0.8572472881603
65.0, 0.9177465984351876
66.0, 0.9737970693036937
67.0, 1.027831757715569
68.0, 1.0799534343150015
69.0, 1.1322429101063751
70.0, 1.1836833878679216
71.0, 1.2421531256376663
72.0, 1.3052147534375134
73.0, 1.3763178478220968
74.0, 1.458609175604614
75.0, 1.5494559616917432
76.0, 1.6469577459727407
77.0, 1.745591601115192
78.0, 1.8394709338217248
79.0, 1.9229872807959179
80.0, 1.9895569487823288
81.0, 2.0529615378752335
82.0, 2.1142632595578292
83.0, 2.1737819851020492
84.0, 2.232255042977626
85.0, 2.2900338777119456
86.0, 2.3405145749139566
87.0, 2.3773835326064297
88.0, 2.4190706440181717
89.0, 2.47020132649805
90.0, 2.5375688722562715
91.0, 2.63667144232242
92.0, 2.741261619979905
93.0, 2.8487923544162763
94.0, 2.9509351640309665
95.0, 3.0461549599089075
96.0, 3.1210358744469997
97.0, 3.189848106692807
98.0, 3.257143614566736
99.0, 3.3221162802798854
100.0, 3.3847476570276864
101.0, 3.448427227700791
102.0, 3.5098629314411776
103.0, 3.5779202056175317
104.0, 3.6504797882912396
105.0, 3.7274542106572044
106.0, 3.816015682522116
107.0, 3.9137016758832455
108.0, 4.018225242989693
109.0, 4.125918303690633
110.0, 4.230367367450438
111.0, 4.32932519941304
112.0, 4.407600162767598
113.0, 4.476084331735901
114.0, 4.544521129390296
115.0, 4.602578256395797
116.0, 4.632152175168515
117.0, 4.67692570257161
118.0, 4.718508919786029
119.0, 4.759592393227017
120.0, 4.798209610764488
121.0, 4.838072028561283
122.0, 4.870483072531167
123.0, 4.903622432304997
124.0, 4.933607123464129
125.0, 4.961730348949357
126.0, 4.98629774963703
127.0, 5.008757457948739
128.0, 5.027414563484704
129.0, 5.04374683809031
130.0, 5.056107499303613
131.0, 5.065993102779823
132.0, 5.07180121299046
133.0, 5.075046361753352
134.0, 5.07418123778016
135.0, 5.0707287454919205
136.0, 5.063198356102939
137.0, 5.053126011253081
138.0, 5.039073049957914
139.0, 5.02258999413911
140.0, 5.002289202905639
141.0, 4.979737882087026
142.0, 4.953600028042386
143.0, 4.39172369546408
144.0, 4.375407732482904
145.0, 4.3605436194943135
146.0, 4.348830665582039
147.0, 4.338707117063647
148.0, 4.331999178637959
149.0, 4.326964415601211
150.0, 4.325494514199153
151.0, 4.241855431915235
152.0, 4.159174278576599
153.0, 4.075548839341039
154.0, 3.992882258300719
155.0, 3.909272826884327
156.0, 3.8266228442215673
157.0, 3.743031571115117
158.0, 3.6604004793697507
159.0, 3.576829918223546
160.0, 3.4942204511175996
161.0, 3.410673657742682
162.0, 3.328089101396308
163.0, 3.2445698512874093
164.0, 3.1620141028849837
165.0, 3.0785267990984906
166.0, 2.9960048266049912
167.0, 2.9955595864261144
168.0, 2.9127974629089755
169.0, 2.8290886585671022
170.0, 2.7463382554401274
171.0, 2.662642442157845
172.0, 2.579905853404707
173.0, 2.4962256623351506
174.0, 2.499569473047752
175.0, 2.416421684277672
176.0, 2.3342710779089755
177.0, 2.3396636748525013
178.0, 2.348708103530807
179.0, 2.3594621562638265
180.0, 2.3736181964833767
181.0, 2.3005192677033826
182.0, 2.28678962216103
183.0, 2.274674603857101
184.0, 2.2660908319241893
185.0, 2.2592863896263053
186.0, 2.25620805413175
187.0, 2.25499815417097
188.0, 2.2575579385788633
189.0, 2.2619909099426985
190.0, 2.2700827315982233
191.0, 2.279968994117456
192.0, 2.2054449673115237
193.0, 2.218347323392924
194.0, 2.148369729295988
195.0, 2.078577994432155
196.0, 2.010605314412869
197.0, 1.9430556405956083
198.0, 1.877533104746155
199.0, 1.8127328150959692
200.0, 1.750223497244803
201.0, 1.6888130408436421
202.0, 1.630027500726977
203.0, 1.572810759696013
204.0, 1.5163040192637014
205.0, 1.4656964818327922
206.0, 1.4093626503344492
207.0, 1.3309498050833377
208.0, 1.3333621769516975
209.0, 1.2929936469672505
210.0, 1.2599116078033956
211.0, 1.2312056920254917
212.0, 1.2078326601732277
213.0, 1.1896604904331516
214.0, 1.1772434012049973
215.0, 1.1705859856350924
216.0, 1.169828247078522
217.0, 1.1990724969275215
218.0, 1.2108600463906047
219.0, 1.2284214668776883
220.0, 1.1995184382807014
221.0, 1.1705271490332834
222.0, 1.1412891249594315
223.0, 1.1121964524989483
224.0, 1.0834348383115437
225.0, 1.055106280181767
226.0, 1.0277563815294666
227.0, 1.0011832516390085
228.0, 0.9762967779838261
229.0, 0.952580746634258
230.0, 0.9312923817920199
231.0, 0.9115959155882546
232.0, 0.8950485047301028
233.0, 0.8804980180114991
234.0, 0.8697180170019172
235.0, 0.8612567996611433
236.0, 0.8569934014974697
237.0, 0.8552165635951897
238.0, 0.8577907005227414
239.0, 0.8628211421010527
240.0, 0.8720508409650852
241.0, 0.8602057448218984
242.0, 0.858767854827102
243.0, 0.8723376035608121
244.0, 0.8823605372512304
245.0, 0.8925986282703691
246.0, 0.9059443455445946
247.0, 0.9212199256484092
248.0, 0.9391364719562109
249.0, 0.9581286986681175
250.0, 0.9793218849237558
251.0, 1.001205655037604
252.0, 1.0248937062836136
253.0, 1.048893878325723
254.0, 1.0742980333582541
255.0, 1.0996695864795805
256.0, 1.1260347258577053
257.0, 1.1520555450834342
258.0, 1.178679715689971
259.0, 1.204708805962159
260.0, 1.2309957986042155
261.0, 1.2564901863582865
262.0, 1.2819898645533128
263.0, 1.253259489419218
264.0, 1.2172658199482604
265.0, 1.1794549036181092
266.0, 1.1395206041800765
267.0, 1.097657960912538
268.0, 1.0539107916644996
269.0, 1.008495069200404
270.0, 0.9614730428057637
271.0, 0.9131130862115808
272.0, 0.8635132886882418
273.0, 0.8144376033776555
274.0, 0.7630252507249812
275.0, 0.710789778571602
276.0, 0.6491746286110979
277.0, 0.5961078860863632
278.0, 0.539973171794859
279.0, 0.48669334454194896
280.0, 0.4393197056929952
281.0, 0.4004877155180035
282.0, 0.36807217889964267
ee_box_dist
0.0, 5.343637429687993
1.0, 5.346308221771887
2.0, 5.369668529058241
3.0, 5.421872089388635
4.0, 5.445053391487354
5.0, 5.472617835533887
6.0, 5.500041994761357
7.0, 5.518818828579165
8.0, 5.524395892866128
9.0, 5.534761033257228
10.0, 5.543907997170684
11.0, 5.553608818097102
12.0, 5.5627034757500935
13.0, 5.572091915167918
14.0, 5.581566945568189
15.0, 5.590961342360162
16.0, 5.60036675294414
17.0, 5.609343993121139
18.0, 5.618339813921553
19.0, 5.6266909919730335
20.0, 5.635148008198108
21.0, 5.631757425985003
22.0, 5.626561947201252
23.0, 5.6202464259511835
24.0, 5.612758535376116
25.0, 5.604186107418328
26.0, 5.594565645010683
27.0, 5.584007148523907
28.0, 5.5725674782191685
29.0, 5.560382655706247
30.0, 5.5475311447137585
31.0, 5.534176394802
32.0, 5.520478859935129
33.0, 5.50672649266636
34.0, 5.493194319846315
35.0, 5.479932857628378
36.0, 5.467087889007411
37.0, 5.454140806312224
38.0, 5.441337064115209
39.0, 5.42896974212592
40.0, 5.417255429198964
41.0, 5.419751724513188
42.0, 5.422252832068898
43.0, 5.424765631098414
44.0, 5.427309075726044
45.0, 5.4298430100147055
46.0, 5.432453211020782
47.0, 5.435026261917597
48.0, 5.437741426416362
49.0, 5.440400503623367
50.0, 5.443253617532777
51.0, 5.446048416706817
52.0, 5.449023117126563
53.0, 5.451883335684473
54.0, 5.454791934150882
55.0, 5.457429232339835
56.0, 5.459940448053268
57.0, 5.462122100664004
58.0, 5.464128514665631
59.0, 5.465894779508839
60.0, 5.467458552604672
61.0, 5.468874984466215
62.0, 5.470082694862214
63.0, 5.471168747270638
64.0, 5.47207969642877
65.0, 5.472891320498095
66.0, 5.473582016285255
67.0, 5.474189259914611
68.0, 5.474695977335445
69.0, 5.475102929139027
70.0, 5.475401727208084
71.0, 5.47559713787545
72.0, 5.475680651429596
73.0, 5.475659968181907
74.0, 5.475527783267946
75.0, 5.475291729014428
76.0, 5.47494359040446
77.0, 5.474493208647317
78.0, 5.473929777391196
79.0, 5.4732643862196015
80.0, 5.472486635397894
81.0, 5.471606546022396
82.0, 5.4706138824535495
83.0, 5.469518614291213
84.0, 5.468309930297068
85.0, 5.466997095715261
86.0, 5.473720269514207
87.0, 5.485175907165879
88.0, 5.493552241798388
89.0, 5.5004573771986625
90.0, 5.5051837721076415
91.0, 5.505005102938346
92.0, 5.505075040387392
93.0, 5.505043335136377
94.0, 5.50513498549434
95.0, 5.505041953782216
96.0, 5.505135111208513
97.0, 5.505042080727373
98.0, 5.505135092273622
99.0, 5.505042109483812
100.0, 5.505135092273622
101.0, 5.505042109483812
102.0, 5.505135092273622
103.0, 5.505042109779691
104.0, 5.505135092273622
105.0, 5.505042109483812
106.0, 5.505135092569479
107.0, 5.505042109779691
108.0, 5.505135092273622
109.0, 5.505042099691714
110.0, 5.505135092569479
111.0, 5.505042109483812
112.0, 5.505135092273622
113.0, 5.505042109779691
114.0, 5.505135091977763
115.0, 5.501494318383116
116.0, 5.505398820449037
117.0, 5.505024293226006
118.0, 5.505135194826099
119.0, 5.5050406661824525
120.0, 5.5051347160854025
121.0, 5.504379829226484
122.0, 5.505126229561117
123.0, 5.5050507664927695
124.0, 5.505132783847989
125.0, 5.505040932008442
126.0, 5.505132231433656
127.0, 5.505039276181009
128.0, 5.505132217552507
129.0, 5.505038572912299
130.0, 5.505131748663191
131.0, 5.505038539412997
132.0, 5.505131270238804
133.0, 5.505038040834687
134.0, 5.505130781687631
135.0, 5.505037591456572
136.0, 5.505130313685897
137.0, 5.505037102966244
138.0, 5.505129834078088
139.0, 5.505036624535806
140.0, 5.505129355949568
141.0, 5.505036135721506
142.0, 5.505128876637619
143.0, 5.643839942259075
144.0, 5.615119473884862
145.0, 5.586362421628838
146.0, 5.557482431968571
147.0, 5.528809387875181
148.0, 5.500575619628205
149.0, 5.472798689905635
150.0, 5.44602314365595
151.0, 5.41629284827154
152.0, 5.387964136657309
153.0, 5.36051725720561
154.0, 5.3344815150011335
155.0, 5.309389655694578
156.0, 5.285715122368808
157.0, 5.263045465929869
158.0, 5.241796589062803
159.0, 5.221612055855906
160.0, 5.202848685115299
161.0, 5.1852071469253245
162.0, 5.168983768662414
163.0, 5.153937243431982
164.0, 5.140302305702305
165.0, 5.12789639198273
166.0, 5.116891457585875
167.0, 5.088678972183133
168.0, 5.072239285831778
169.0, 5.057000447615083
170.0, 5.043196270196866
171.0, 5.030646905428077
172.0, 5.019522064478523
173.0, 5.009702477051174
174.0, 4.981519017048164
175.0, 4.966232817914407
176.0, 4.952405993574286
177.0, 4.924443138855784
178.0, 4.897332313204621
179.0, 4.870865601460833
180.0, 4.84580360084488
181.0, 4.806829422980872
182.0, 4.832439478770676
183.0, 4.858794013629534
184.0, 4.886229644315119
185.0, 4.914161924797818
186.0, 4.942613020194235
187.0, 4.971311139660722
188.0, 4.999966616274357
189.0, 5.0286243157323005
190.0, 5.056694196456797
191.0, 5.08453403672773
192.0, 5.112904704983054
193.0, 5.139911533100797
194.0, 5.175479332875205
195.0, 5.212610403211562
196.0, 5.250316636366213
197.0, 5.289563613481598
198.0, 5.329316926696293
199.0, 5.37058811260709
200.0, 5.412297751298526
201.0, 5.4555020155435106
202.0, 5.4990790765201565
203.0, 5.544126784036582
204.0, 5.592882834253504
205.0, 5.637964856532285
206.0, 5.664321847622077
207.0, 5.71277923182454
208.0, 5.782050591555894
209.0, 5.8305388807383265
210.0, 5.880734860893762
211.0, 5.932311713433126
212.0, 5.983955512739221
213.0, 6.036960419777638
214.0, 6.089988569923515
215.0, 6.144351587681753
216.0, 6.198688954050081
217.0, 6.220432668414495
218.0, 6.28003926137749
219.0, 6.340911585296607
220.0, 6.319511524689495
221.0, 6.2972751622624195
222.0, 6.273016999605878
223.0, 6.2480999376324275
224.0, 6.221594430459596
225.0, 6.19463268349777
226.0, 6.166566262237202
227.0, 6.138263799293214
228.0, 6.1093806466963745
229.0, 6.080497274617302
230.0, 6.051583647953835
231.0, 6.0229162352205945
232.0, 5.994782893182478
233.0, 5.9671451821476795
234.0, 5.940602969055171
235.0, 5.9148020567822694
236.0, 5.890637587898907
237.0, 5.8674469795323265
238.0, 5.846396565471181
239.0, 5.826530048053955
240.0, 5.809248061463689
241.0, 5.81094565271774
242.0, 5.8417838639602655
243.0, 5.873281920644429
244.0, 5.8798204419956654
245.0, 5.884745834731302
246.0, 5.89270531269134
247.0, 5.9017141963112
248.0, 5.9128178375685465
249.0, 5.924634923141863
250.0, 5.9385055915118725
251.0, 5.9531044126217525
252.0, 5.969594656430994
253.0, 5.986655866386663
254.0, 6.005295900780606
255.0, 6.024217976688432
256.0, 6.044331709012062
257.0, 6.064395110761077
258.0, 6.085265804093987
259.0, 6.105793615835098
260.0, 6.126780827831641
261.0, 6.1471873014439975
262.0, 6.1677794275259155
263.0, 6.140075175696355
264.0, 6.105052716858805
265.0, 6.068162212564215
266.0, 6.029259268131585
267.0, 5.988657384215394
268.0, 5.946575704657943
269.0, 5.9033537402733405
270.0, 5.859237292831967
271.0, 5.814606492842337
272.0, 5.769731185494369
273.0, 5.725356746968684
274.0, 5.683469433837594
275.0, 5.647746188988765
276.0, 5.621138432776297
277.0, 5.581020479457552
278.0, 5.5449452013404406
279.0, 5.515178190011142
280.0, 5.476761805630392
281.0, 5.4454784144071775
282.0, 5.419162062795397
spot_hold
0, 0
1, 0
2, 0
3, 0
4, 0
5, 0
6, 0
7, 0
8, 0
9, 0
10, 0
11, 0
12, 0
13, 0
14, 0
15, 0
16, 0
17, 0
18, 0
19, 0
20, 0
21, 0
22, 0
23, 0
24, 0
25, 0
26, 0
27, 0
28, 0
29, 0
30, 0
31, 0
32, 0
33, 0
34, 0
35, 0
36, 0
37, 0
38, 0
39, 0
40, 0
41, 1
42, 1
43, 1
44, 1
45, 1
46, 1
47, 1
48, 1
49, 1
50, 1
51, 1
52, 1
53, 1
54, 1
55, 1
56, 1
57, 1
58, 1
59, 1
60, 1
61, 1
62, 1
63, 1
64, 1
65, 1
66, 1
67, 1
68, 1
69, 1
70, 1
71, 1
72, 1
73, 1
74, 1
75, 1
76, 1
77, 1
78, 1
79, 1
80, 1
81, 1
82, 1
83, 1
84, 1
85, 1
86, 1
87, 1
88, 1
89, 1
90, 1
91, 1
92, 1
93, 1
94, 1
95, 1
96, 1
97, 1
98, 1
99, 1
100, 1
101, 1
102, 1
103, 1
104, 1
105, 1
106, 1
107, 1
108, 1
109, 1
110, 1
111, 1
112, 1
113, 1
114, 1
115, 1
116, 1
117, 1
118, 1
119, 1
120, 1
121, 1
122, 1
123, 1
124, 1
125, 1
126, 1
127, 1
128, 1
129, 1
130, 1
131, 1
132, 1
133, 1
134, 1
135, 1
136, 1
137, 1
138, 1
139, 1
140, 1
141, 1
142, 1
143, 1
144, 1
145, 1
146, 1
147, 1
148, 1
149, 1
150, 1
151, 1
152, 1
153, 1
154, 1
155, 1
156, 1
157, 1
158, 1
159, 1
160, 1
161, 1
162, 1
163, 1
164, 1
165, 1
166, 1
167, 1
168, 1
169, 1
170, 1
171, 1
172, 1
173, 1
174, 1
175, 1
176, 1
177, 1
178, 1
179, 1
180, 1
181, 1
182, 1
183, 1
184, 1
185, 1
186, 1
187, 1
188, 1
189, 1
190, 1
191, 1
192, 1
193, 1
194, 1
195, 1
196, 1
197, 1
198, 1
199, 1
200, 1
201, 1
202, 1
203, 1
204, 1
205, 1
206, 1
207, 1
208, 1
209, 1
210, 1
211, 1
212, 1
213, 1
214, 1
215, 1
216, 1
217, 1
218, 1
219, 1
220, 1
221, 1
222, 1
223, 1
224, 1
225, 1
226, 1
227, 1
228, 1
229, 1
230, 1
231, 1
232, 1
233, 1
234, 1
235, 1
236, 1
237, 1
238, 1
239, 1
240, 1
241, 1
242, 1
243, 1
244, 1
245, 1
246, 1
247, 1
248, 1
249, 1
250, 1
251, 1
252, 1
253, 1
254, 1
255, 1
256, 1
257, 1
258, 1
259, 1
260, 1
261, 1
262, 1
263, 1
264, 1
265, 1
266, 1
267, 1
268, 1
269, 1
270, 1
271, 1
272, 1
273, 1
274, 1
275, 1
276, 1
277, 1
278, 1
279, 1
280, 1
281, 1
282, 1
