bot_dist
0.0, 3.4828558973172665
1.0, 3.488812286028509
2.0, 3.494787136926628
3.0, 3.5007803554822874
4.0, 3.5067918475227606
5.0, 3.512821519233795
6.0, 3.518869277161414
7.0, 3.524935028213639
8.0, 3.5310186796621466
9.0, 3.5371201391438585
10.0, 3.5432393146624537
11.0, 3.549376114589826
12.0, 3.5555304476674676
13.0, 3.561702223007785
14.0, 3.567891350095362
15.0, 3.5740977387881463
16.0, 3.580321299318584
17.0, 3.5865619422946833
18.0, 3.5928195787010293
19.0, 3.599094119899729
20.0, 3.605385477631302
21.0, 3.6116935640155177
22.0, 3.6180182915521675
23.0, 3.624359573121788
24.0, 3.6307173219863262
25.0, 3.6370914517897543
26.0, 3.643481876558628
27.0, 3.6498885107025916
28.0, 3.656311269014841
29.0, 3.6627500666725243
30.0, 3.6692048192371023
31.0, 3.675675442654656
32.0, 3.682161853256149
33.0, 3.688663967757641
34.0, 3.6951817032604586
35.0, 3.701714977251316
36.0, 3.7082637076023985
37.0, 3.714827812571398
38.0, 3.721407210801505
39.0, 3.7280018213213637
40.0, 3.7346115635449832
41.0, 3.7412363572716085
42.0, 3.7478761226855535
43.0, 3.754530780355994
44.0, 3.7612002512367257
45.0, 3.767884456665884
46.0, 3.7745833183656243
47.0, 3.781296758441773
48.0, 3.7880246993834406
49.0, 3.7947670640625986
50.0, 3.8015237757336307
51.0, 3.8082947580328415
52.0, 3.81507993497794
53.0, 3.821879230967493
54.0, 3.8286925707803445
55.0, 3.8355198795750054
56.0, 3.842361082889015
57.0, 3.8492161066382815
58.0, 3.8560848771163756
59.0, 3.862967320993823
60.0, 3.869863365317347
61.0, 3.876772937509101
62.0, 3.8836959653658667
63.0, 3.890632377058235
64.0, 3.8975821011297556
65.0, 3.9045450664960706
66.0, 3.911521202444018
67.0, 3.91851043863072
68.0, 3.925512705082646
69.0, 3.932527932194653
70.0, 3.939556050729012
71.0, 3.9465969918144053
72.0, 3.9536506869449135
73.0, 3.960717067978978
74.0, 3.967796067138346
75.0, 3.974887617007001
76.0, 3.98199165053007
77.0, 3.989108101012721
78.0, 3.996236902119039
79.0, 4.003377987870888
80.0, 4.010531292646759
81.0, 4.017696751180598
82.0, 4.024874298560628
83.0, 4.032063870228151
84.0, 4.039265401976337
85.0, 4.046478829949
86.0, 4.053704090639366
87.0, 4.060941120888822
88.0, 4.068189857885657
89.0, 4.075450239163793
90.0, 4.082722202601499
91.0, 4.090005686420104
92.0, 4.097300629182691
93.0, 4.1046069697927825
94.0, 4.111924647493025
95.0, 4.11925360186385
96.0, 4.1265937728221465
97.0, 4.133945100619897
98.0, 4.141307525842836
99.0, 4.148680989409081
100.0, 4.15606543256776
101.0, 4.15606543256776
102.0, 4.15606543256776
103.0, 4.15606543256776
104.0, 4.15606543256776
105.0, 4.15606543256776
106.0, 4.15606543256776
107.0, 4.15606543256776
108.0, 4.15606543256776
109.0, 4.15606543256776
110.0, 4.15606543256776
111.0, 4.15606543256776
112.0, 4.15606543256776
113.0, 4.15606543256776
114.0, 4.15606543256776
115.0, 4.15606543256776
116.0, 4.15606543256776
117.0, 4.15606543256776
118.0, 4.15606543256776
119.0, 4.15606543256776
120.0, 4.15606543256776
121.0, 4.15606543256776
122.0, 4.15606543256776
123.0, 4.15606543256776
124.0, 4.15606543256776
125.0, 4.15606543256776
126.0, 4.15606543256776
127.0, 4.15606543256776
128.0, 4.15606543256776
129.0, 4.15606543256776
130.0, 4.15606543256776
131.0, 4.148680989409081
132.0, 4.141307525842836
133.0, 4.133945100619897
134.0, 4.1265937728221465
135.0, 4.11925360186385
136.0, 4.111924647493025
137.0, 4.1046069697927825
138.0, 4.097300629182691
139.0, 4.090005686420104
140.0, 4.082722202601499
141.0, 4.075450239163793
142.0, 4.068189857885657
143.0, 4.06493632072503
144.0, 4.057706416029887
145.0, 4.050488294693519
146.0, 4.043282019823356
147.0, 4.036087654873591
148.0, 4.0289052636464024
149.0, 4.0217349102931825
150.0, 4.014576659315733
151.0, 3.924887059160846
152.0, 3.8352057700907443
153.0, 3.745533347662316
154.0, 3.655870488911154
155.0, 3.5662179151953635
156.0, 3.4765764221942725
157.0, 3.3869468897196735
158.0, 3.2973302931211323
159.0, 3.2077277165954547
160.0, 3.118140368781201
161.0, 3.0285696011086025
162.0, 2.9390169294890343
163.0, 2.8494840600738693
164.0, 2.759972920000276
165.0, 2.670485694285314
166.0, 2.5810248703486103
167.0, 2.5737268550153383
168.0, 2.483512267742639
169.0, 2.3933157466325037
170.0, 2.3031392327815325
171.0, 2.2129851720071256
172.0, 2.1228564249418285
173.0, 2.0327563586809143
174.0, 2.0255125699717684
175.0, 1.935332723754704
176.0, 1.8452323256787813
177.0, 1.838084365125412
178.0, 1.8309631155557409
179.0, 1.8238688898468582
180.0, 1.8168020045660913
181.0, 1.7331666585564016
182.0, 1.7262883267607168
183.0, 1.7194406379714302
184.0, 1.7126239597539832
185.0, 1.7058386638711638
186.0, 1.6990851262990423
187.0, 1.692363727241292
188.0, 1.603046332490624
189.0, 1.5963689791215252
190.0, 1.507885569335421
191.0, 1.419496914942839
192.0, 1.3312216999821616
193.0, 1.2430840917345392
194.0, 1.1551155896240433
195.0, 1.0673580061584054
196.0, 0.9798680129881374
197.0, 0.892724287836465
198.0, 0.8060391472861942
199.0, 0.719978250693391
200.0, 0.6347955400237973
201.0, 0.5508985346192367
202.0, 0.46897775523586277
203.0, 0.39027963822808387
204.0, 0.317211883090385
205.0, 0.2546677898380178
206.0, 0.2121676441805919
207.0, 0.2027354358325955
208.0, 0.23046762526708903
209.0, 0.28470356039080197
210.0, 0.35344593639066707
211.0, 0.4297893626939413
212.0, 0.5103342229232716
213.0, 0.5147980965999553
214.0, 0.5982553323981763
215.0, 0.6830015319294166
216.0, 0.6879444451971157
217.0, 0.6929964115027835
218.0, 0.6981550634726026
219.0, 0.7034180539108039
220.0, 0.7087830585598262
221.0, 0.7142477786130748
222.0, 0.7198099429881002
223.0, 0.7254673103688979
224.0, 0.731217671026736
225.0, 0.7370588484294694
226.0, 0.7429887006496919
227.0, 0.7490051215823496
228.0, 0.7551060419825768
229.0, 0.7612894303345651
230.0, 0.7675532935622064
231.0, 0.7675532935622064
232.0, 0.7675532935622064
233.0, 0.7675532935622064
234.0, 0.7675532935622064
235.0, 0.7675532935622064
236.0, 0.7675532935622064
237.0, 0.7675532935622064
238.0, 0.7675532935622064
239.0, 0.7675532935622064
240.0, 0.7675532935622064
241.0, 0.7675532935622064
242.0, 0.7675532935622064
243.0, 0.7675532935622064
244.0, 0.7675532935622064
245.0, 0.7675532935622064
246.0, 0.7675532935622064
247.0, 0.7675532935622064
248.0, 0.7675532935622064
249.0, 0.7675532935622064
250.0, 0.7675532935622064
251.0, 0.7675532935622064
252.0, 0.7675532935622064
253.0, 0.7675532935622064
254.0, 0.7675532935622064
255.0, 0.7675532935622064
256.0, 0.7675532935622064
257.0, 0.7675532935622064
258.0, 0.7675532935622064
259.0, 0.7675532935622064
260.0, 0.7675532935622064
261.0, 0.7612894303345651
262.0, 0.7551060419825768
263.0, 0.7490051215823496
264.0, 0.7429887006496919
265.0, 0.7370588484294694
266.0, 0.731217671026736
267.0, 0.7254673103688979
268.0, 0.7198099429881002
269.0, 0.7142477786130748
270.0, 0.7087830585598262
271.0, 0.7034180539108039
272.0, 0.6981550634726026
273.0, 0.6929964115027835
274.0, 0.6879444451971157
275.0, 0.6830015319294166
276.0, 0.678170056237241
277.0, 0.6734524165479296
278.0, 0.6688510216409929
279.0, 0.6643682868444913
280.0, 0.6600066299649564
281.0, 0.6557684669525092
282.0, 0.6516562073051402
ee_dist
0.0, 1.0354102348595273
1.0, 1.0632359252219306
2.0, 1.1528041254842754
3.0, 1.2356361859082348
4.0, 1.2641432414166522
5.0, 1.2896403923104147
6.0, 1.323570890775762
7.0, 1.3583430229542255
8.0, 1.3937834921997
9.0, 1.4285056129590663
10.0, 1.4628230935613218
11.0, 1.495024229207496
12.0, 1.5260462343131125
13.0, 1.5543538238681924
14.0, 1.581950573662431
15.0, 1.6066149392561
16.0, 1.6308656448396461
17.0, 1.6520808838079106
18.0, 1.6733334921420395
19.0, 1.691661050389328
20.0, 1.710455135829737
21.0, 1.685191695380264
22.0, 1.6492263794300104
23.0, 1.6102808300197582
24.0, 1.5678623465177566
25.0, 1.522178518421769
26.0, 1.473277071499443
27.0, 1.4214035071773874
28.0, 1.366643153145871
29.0, 1.309328353513932
30.0, 1.249601642071969
31.0, 1.1879058911085096
32.0, 1.1244783021676987
33.0, 1.0599090388284815
34.0, 0.9946024024233872
35.0, 0.9294011899628418
36.0, 0.8632953315201461
37.0, 0.8022600350285802
38.0, 0.7432387058402959
39.0, 0.6897125272272565
40.0, 0.6433591262851447
41.0, 0.6578689672514633
42.0, 0.7427090618847451
43.0, 1.0524927084229834
44.0, 1.010030891069354
45.0, 0.9661074191857254
46.0, 0.9198265195735175
47.0, 0.8716485063050844
48.0, 0.8212254412181097
49.0, 0.7689987847405702
50.0, 0.7152075185963606
51.0, 0.6606434507822042
52.0, 0.6054896170953131
53.0, 0.5499221168866769
54.0, 0.49421623340205023
55.0, 0.43874603251666716
56.0, 0.3849257877415261
57.0, 0.33363669355275416
58.0, 0.3731033224046105
59.0, 0.4408042717886166
60.0, 0.5191362817606137
61.0, 0.6074673200940575
62.0, 0.7001247570270693
63.0, 0.7917268802043644
64.0, 0.8777470401181849
65.0, 0.9448446288004876
66.0, 1.002564717216623
67.0, 1.0611137937620332
68.0, 1.1146337883766726
69.0, 1.1673625213221979
70.0, 1.2200393009191344
71.0, 1.2709605505455528
72.0, 1.3259854773052107
73.0, 1.3866738286678801
74.0, 1.4519758078169145
75.0, 1.5284070966432182
76.0, 1.6141011157136267
77.0, 1.7092190732682284
78.0, 1.808726296992404
79.0, 1.9075332969156529
80.0, 2.001198684634189
81.0, 2.079918011309896
82.0, 2.143894761412085
83.0, 2.206917754855365
84.0, 2.267259061735814
85.0, 2.3267375380410806
86.0, 2.3755371862053196
87.0, 2.403923228718397
88.0, 2.4342200987752918
89.0, 2.4736499597301984
90.0, 2.523424027576228
91.0, 2.6071563861184526
92.0, 2.700179968382331
93.0, 2.8019731630608717
94.0, 2.9088161987797796
95.0, 3.0164956653450408
96.0, 3.1176411031659264
97.0, 3.208245224676783
98.0, 3.280015893130602
99.0, 3.3482982741284144
100.0, 3.4136847640585004
101.0, 3.47804905449154
102.0, 3.5406048675378363
103.0, 3.603502311994634
104.0, 3.6666978884427737
105.0, 3.7366778051336897
106.0, 3.8105625349167447
107.0, 3.8920809686990157
108.0, 3.982977572099881
109.0, 4.083378574100732
110.0, 4.189499226702031
111.0, 4.298446018471576
112.0, 4.4011446567577615
113.0, 4.496473501052366
114.0, 4.57091359195164
115.0, 4.6397084822485475
116.0, 4.7048874336642905
117.0, 4.769137835396446
118.0, 4.812244126569299
119.0, 4.855132340936255
120.0, 4.896437677110573
121.0, 4.937461944236041
122.0, 4.976385244358874
123.0, 5.014527655594121
124.0, 5.050109822984491
125.0, 5.08447328854548
126.0, 5.1158786807057215
127.0, 5.145688635810848
128.0, 5.1722038794560685
129.0, 5.1968119750058435
130.0, 5.21785287032255
131.0, 5.236738455241886
132.0, 5.251852320441745
133.0, 5.2646279787588695
134.0, 5.273493175003893
135.0, 5.279903429615564
136.0, 5.2823299397247645
137.0, 5.282250171078255
138.0, 5.2781816302118285
139.0, 5.271620733959387
140.0, 5.261133446295602
141.0, 5.248232630574669
142.0, 5.231531951809979
143.0, 4.6042984863982825
144.0, 4.593003523092364
145.0, 4.5833874563436625
146.0, 4.577088320980287
147.0, 4.572553886742511
148.0, 4.571468174632617
149.0, 4.572170139341657
150.0, 4.576335781194884
151.0, 4.493502502926719
152.0, 4.411544388804771
153.0, 4.328782509051087
154.0, 4.246899258161297
155.0, 4.164217224890704
156.0, 4.082418197310672
157.0, 3.9998261873347847
158.0, 3.9181218690441346
159.0, 3.835631356776758
160.0, 3.7540345280533467
161.0, 3.6716595027121666
162.0, 3.590184829383824
163.0, 3.5079417606575936
164.0, 3.4266066512141413
165.0, 3.3445151153339228
166.0, 3.263341279157946
167.0, 3.270962022997231
168.0, 3.191804646722066
169.0, 3.112028646245758
170.0, 3.0332796115185605
171.0, 2.953948049529774
172.0, 2.8756754243559532
173.0, 2.7968645854528416
174.0, 2.809264189984492
175.0, 2.7338072140424674
176.0, 2.6596164555655344
177.0, 2.674343494173481
178.0, 2.692054269868652
179.0, 2.711164332208626
180.0, 2.732829843692909
181.0, 2.6773227617050406
182.0, 2.6558137398774497
183.0, 2.635541013557268
184.0, 2.617998612658201
185.0, 2.601951759073073
186.0, 2.589032304499985
187.0, 2.5778204926958557
188.0, 2.498920195251372
189.0, 2.4900296740128964
190.0, 2.4092786834594846
191.0, 2.3278508794149335
192.0, 2.2474214555205534
193.0, 2.166353357823448
194.0, 2.086321588797669
195.0, 2.0057018615773847
196.0, 1.9261692284806737
197.0, 1.8461171674166685
198.0, 1.7672219932204147
199.0, 1.6879018886889114
200.0, 1.6046937429912234
201.0, 1.584315134328349
202.0, 1.4529907958730837
203.0, 1.388735172575933
204.0, 1.2293036624341112
205.0, 1.1437101473923175
206.0, 1.1523834799525092
207.0, 1.0469340247663943
208.0, 1.0013154883734119
209.0, 0.9372325053811845
210.0, 0.8762807597823645
211.0, 0.8132025908969162
212.0, 0.7441658744047046
213.0, 0.7325427175090267
214.0, 0.6739130660153755
215.0, 0.6187243095545766
216.0, 0.5980297664007151
217.0, 0.5777523693606347
218.0, 0.5622681402040876
219.0, 0.5488542428547266
220.0, 0.5395779912456197
221.0, 0.5334210316818278
222.0, 0.5319885439206701
223.0, 0.5337036688420922
224.0, 0.5401256615500366
225.0, 0.5495163991883455
226.0, 0.5631112072045505
227.0, 0.5791863035439496
228.0, 0.5986503119616952
229.0, 0.6199790711054072
230.0, 0.6202096889994042
231.0, 0.6199791081451405
232.0, 0.620209625515725
233.0, 0.6199790711054072
234.0, 0.6202096889994042
235.0, 0.6199791081451405
236.0, 0.620209625515725
237.0, 0.6199790711054072
238.0, 0.6202096889994042
239.0, 0.6199791081451405
240.0, 0.620209625515725
241.0, 0.6199790711054072
242.0, 0.6202096889994042
243.0, 0.625571086628752
244.0, 0.6356319095738935
245.0, 0.6469521448336292
246.0, 0.6603360900962092
247.0, 0.67481031313484
248.0, 0.6910818173673164
249.0, 0.70811568218531
250.0, 0.7266917579669594
251.0, 0.7457481815624946
252.0, 0.7660756835567178
253.0, 0.7866280559326723
254.0, 0.8081461817741381
255.0, 0.8296440580989759
256.0, 0.8517826989823986
257.0, 0.8736760474978624
258.0, 0.895896833376085
259.0, 0.9176775238716184
260.0, 0.9417230949234908
261.0, 0.9624275422339632
262.0, 0.9837232986522115
263.0, 0.9638981863889927
264.0, 0.9403027760420376
265.0, 0.915888936163781
266.0, 0.8905246995360789
267.0, 0.864432351177596
268.0, 0.8376893723085513
269.0, 0.810551574985819
270.0, 0.7831271472582108
271.0, 0.7557288434094467
272.0, 0.7285037343081976
273.0, 0.7018274560401158
274.0, 0.6759039343610383
275.0, 0.6454681343394978
276.0, 0.6148341719968462
277.0, 0.5888626368940533
278.0, 0.5671924664754829
279.0, 0.5504762846627123
280.0, 0.5355168236579043
281.0, 0.5249385277906552
282.0, 0.5186195139040802
ee_box_dist
0.0, 4.07341258230238
1.0, 4.078717879210895
2.0, 4.110912127404952
3.0, 4.178372411457216
4.0, 4.198824367042698
5.0, 4.220858397499868
6.0, 4.2422902350623675
7.0, 4.258898785740066
8.0, 4.2821470128764085
9.0, 4.315004171466242
10.0, 4.322953192702711
11.0, 4.332673897395883
12.0, 4.342849168303932
13.0, 4.353225799835857
14.0, 4.363674930530803
15.0, 4.37386203068097
16.0, 4.384051836817339
17.0, 4.393683527991648
18.0, 4.403372351530941
19.0, 4.41229837079037
20.0, 4.421389662772085
21.0, 4.417859929874557
22.0, 4.4122588994897685
23.0, 4.4053182455794095
24.0, 4.396972434341948
25.0, 4.387316439484406
26.0, 4.376382363310967
27.0, 4.364293313901897
28.0, 4.351103126593426
29.0, 4.33697061235129
30.0, 4.321971761469361
31.0, 4.30629903636528
32.0, 4.290117451532587
33.0, 4.273743888474411
34.0, 4.257463448467879
35.0, 4.241362580416194
36.0, 4.263498414801539
37.0, 4.258500681025735
38.0, 4.239297882427876
39.0, 4.2244803144296075
40.0, 4.209485806586373
41.0, 4.211348764539902
42.0, 4.212854953762268
43.0, 4.214637969522221
44.0, 4.215999469975485
45.0, 4.217729175948267
46.0, 4.21902819283945
47.0, 4.220726023007036
48.0, 4.222098792526706
49.0, 4.223790467322876
50.0, 4.225407349293218
51.0, 4.227203439497776
52.0, 4.229148028091761
53.0, 4.231141318599914
54.0, 4.233266465113922
55.0, 4.235215349564352
56.0, 4.237080835747808
57.0, 4.238599101652127
58.0, 4.239918882017048
59.0, 4.240944092467313
60.0, 4.2417148585570175
61.0, 4.242300766005981
62.0, 4.242614358031226
63.0, 4.242781282547165
64.0, 4.242727120233668
65.0, 4.242563397380185
66.0, 4.242264955707937
67.0, 4.241888853281139
68.0, 4.241411878219685
69.0, 4.2408406593859
70.0, 4.240164979515302
71.0, 4.239389334661394
72.0, 4.238510410717051
73.0, 4.23753842378881
74.0, 4.236466373366725
75.0, 4.235307504960378
76.0, 4.234052211090963
77.0, 4.232714694943073
78.0, 4.231285468693965
79.0, 4.229780025321986
80.0, 4.228185418574822
81.0, 4.226517833890698
82.0, 4.224765604934434
83.0, 4.222943964682768
84.0, 4.221039481333941
85.0, 4.219068257368388
86.0, 4.226926302797867
87.0, 4.240395706943333
88.0, 4.250078867436887
89.0, 4.257909363865208
90.0, 4.263397662750263
91.0, 4.2631863248787525
92.0, 4.263229960891652
93.0, 4.263127168138379
94.0, 4.263202419378835
95.0, 4.263103783063145
96.0, 4.263204639271278
97.0, 4.263104343254459
98.0, 4.263204604627289
99.0, 4.263104320169733
100.0, 4.263204604627289
101.0, 4.263104343254459
102.0, 4.263204592400803
103.0, 4.263104320169733
104.0, 4.263204604627289
105.0, 4.263104343938732
106.0, 4.263204592400803
107.0, 4.263104320169733
108.0, 4.263204604627289
109.0, 4.263104343254459
110.0, 4.263204592400803
111.0, 4.263104320169733
112.0, 4.263204604627289
113.0, 4.263104343254459
114.0, 4.263204592400803
115.0, 4.262679669785524
116.0, 4.2632559915130255
117.0, 4.263238974281852
118.0, 4.263201353677075
119.0, 4.263102571691826
120.0, 4.263204527291468
121.0, 4.2631046065372065
122.0, 4.263204352036019
123.0, 4.2631040791276575
124.0, 4.263204363584013
125.0, 4.2631041022123854
126.0, 4.263204351357525
127.0, 4.2631040791276575
128.0, 4.263204363584013
129.0, 4.2631041022123854
130.0, 4.263204351357525
131.0, 4.2631040791276575
132.0, 4.263204363584013
133.0, 4.2631041022123854
134.0, 4.263204351357525
135.0, 4.2631040791276575
136.0, 4.263204363584013
137.0, 4.2631041022123854
138.0, 4.263204351357525
139.0, 4.2631040791276575
140.0, 4.263204363584013
141.0, 4.2631041022123854
142.0, 4.263204351357525
143.0, 4.446561584895065
144.0, 4.418582345691429
145.0, 4.390412814622698
146.0, 4.3619363290550375
147.0, 4.333521463293941
148.0, 4.3053309626711265
149.0, 4.277465044497707
150.0, 4.250367188740794
151.0, 4.226524925146304
152.0, 4.204406756401874
153.0, 4.1836403586166995
154.0, 4.164613705758288
155.0, 4.147015403374166
156.0, 4.131166188534185
157.0, 4.116816929272037
158.0, 4.104219347278187
159.0, 4.0931873919364055
160.0, 4.083901864399209
161.0, 4.076240800637293
162.0, 4.070313014953558
163.0, 4.0660607604614425
164.0, 4.063520442018748
165.0, 4.062698339605319
166.0, 4.0635579576464025
167.0, 4.035285680770078
168.0, 4.03115256202006
169.0, 4.028734390366498
170.0, 4.028026467262523
171.0, 4.029072537974113
172.0, 4.031793535069333
173.0, 4.036298538285489
174.0, 4.007977626818957
175.0, 4.007479882798856
176.0, 4.008683931642428
177.0, 3.9804361238962502
178.0, 3.9524277404008683
179.0, 3.924753429143506
180.0, 3.897858982132666
181.0, 3.873898533400622
182.0, 3.9011315838823712
183.0, 3.9288000643822034
184.0, 3.9569095975696005
185.0, 3.9851883672210953
186.0, 4.013374145903733
187.0, 4.041471821141113
188.0, 4.059102201960889
189.0, 4.086704651851516
190.0, 4.112207741573824
191.0, 4.1395235176205265
192.0, 4.168020007679173
193.0, 4.198298400659736
194.0, 4.2296670625125445
195.0, 4.262783204633404
196.0, 4.296897914392031
197.0, 4.332722860989459
198.0, 4.369454824737655
199.0, 4.4078577202866045
200.0, 4.451216137308902
201.0, 4.404501942880373
202.0, 4.545791686433997
203.0, 4.5455757213999926
204.0, 4.65845124203966
205.0, 4.64581295332405
206.0, 4.678868120108995
207.0, 4.796126985103094
208.0, 4.815755207126355
209.0, 4.860620704414695
210.0, 4.901766556354291
211.0, 4.953149085096774
212.0, 5.013740404414171
213.0, 5.0279600418877495
214.0, 5.083944130608399
215.0, 5.142199771541421
216.0, 5.16169689437444
217.0, 5.180583894009177
218.0, 5.196189851939503
219.0, 5.210989607739972
220.0, 5.223140394445276
221.0, 5.233866194553506
222.0, 5.241685961957645
223.0, 5.248156029486878
224.0, 5.251609307934705
225.0, 5.253665711016192
226.0, 5.252669212629711
227.0, 5.250263589824901
228.0, 5.24484342221927
229.0, 5.238029663728411
230.0, 5.2376447500712935
231.0, 5.238029718680084
232.0, 5.237644671123777
233.0, 5.238029663728411
234.0, 5.2376447500712935
235.0, 5.238029718680084
236.0, 5.237644671123777
237.0, 5.238029663728411
238.0, 5.2376447500712935
239.0, 5.238029718680084
240.0, 5.237644671123777
241.0, 5.238029663728411
242.0, 5.2376447500712935
243.0, 5.235603401074577
244.0, 5.236039329378077
245.0, 5.235213376090138
246.0, 5.23239114243339
247.0, 5.228302950957957
248.0, 5.222039771478896
249.0, 5.214393358789289
250.0, 5.2044686178854125
251.0, 5.1931949010411875
252.0, 5.179658568652345
253.0, 5.164979525579197
254.0, 5.148176262503551
255.0, 5.130550680607825
256.0, 5.111024726442355
257.0, 5.09103188772957
258.0, 5.069410220683222
259.0, 5.04765849112946
260.0, 5.022037086656791
261.0, 4.999961925723689
262.0, 4.975693540070272
263.0, 5.017376418222067
264.0, 5.0690833216579785
265.0, 5.120831213092956
266.0, 5.1727644158927575
267.0, 5.224446602030717
268.0, 5.2755022667998475
269.0, 5.325547615803609
270.0, 5.374233114145153
271.0, 5.421205563455905
272.0, 5.466149186136595
273.0, 5.508749925189575
274.0, 5.548725880342226
275.0, 5.587020450655887
276.0, 5.622579849540218
277.0, 5.656323445393564
278.0, 5.683908081241206
279.0, 5.707169872242338
280.0, 5.726898495913202
281.0, 5.742420612202646
282.0, 5.7537097109993445
spot_hold
0, 0
1, 0
2, 0
3, 0
4, 0
5, 0
6, 0
7, 0
8, 0
9, 0
10, 0
11, 0
12, 0
13, 0
14, 0
15, 0
16, 0
17, 0
18, 0
19, 0
20, 0
21, 0
22, 0
23, 0
24, 0
25, 0
26, 0
27, 0
28, 0
29, 0
30, 0
31, 0
32, 0
33, 0
34, 0
35, 0
36, 0
37, 0
38, 0
39, 0
40, 0
41, 1
42, 1
43, 1
44, 1
45, 1
46, 1
47, 1
48, 1
49, 1
50, 1
51, 1
52, 1
53, 1
54, 1
55, 1
56, 1
57, 1
58, 1
59, 1
60, 1
61, 1
62, 1
63, 1
64, 1
65, 1
66, 1
67, 1
68, 1
69, 1
70, 1
71, 1
72, 1
73, 1
74, 1
75, 1
76, 1
77, 1
78, 1
79, 1
80, 1
81, 1
82, 1
83, 1
84, 1
85, 1
86, 1
87, 1
88, 1
89, 1
90, 1
91, 1
92, 1
93, 1
94, 1
95, 1
96, 1
97, 1
98, 1
99, 1
100, 1
101, 1
102, 1
103, 1
104, 1
105, 1
106, 1
107, 1
108, 1
109, 1
110, 1
111, 1
112, 1
113, 1
114, 1
115, 1
116, 1
117, 1
118, 1
119, 1
120, 1
121, 1
122, 1
123, 1
124, 1
125, 1
126, 1
127, 1
128, 1
129, 1
130, 1
131, 1
132, 1
133, 1
134, 1
135, 1
136, 1
137, 1
138, 1
139, 1
140, 1
141, 1
142, 1
143, 1
144, 1
145, 1
146, 1
147, 1
148, 1
149, 1
150, 1
151, 1
152, 1
153, 1
154, 1
155, 1
156, 1
157, 1
158, 1
159, 1
160, 1
161, 1
162, 1
163, 1
164, 1
165, 1
166, 1
167, 1
168, 1
169, 1
170, 1
171, 1
172, 1
173, 1
174, 1
175, 1
176, 1
177, 1
178, 1
179, 1
180, 1
181, 1
182, 1
183, 1
184, 1
185, 1
186, 1
187, 1
188, 1
189, 1
190, 1
191, 1
192, 1
193, 1
194, 1
195, 1
196, 1
197, 1
198, 1
199, 1
200, 1
201, 1
202, 1
203, 1
204, 1
205, 1
206, 1
207, 1
208, 1
209, 1
210, 1
211, 1
212, 1
213, 1
214, 1
215, 1
216, 1
217, 1
218, 1
219, 1
220, 1
221, 1
222, 1
223, 1
224, 1
225, 1
226, 1
227, 1
228, 1
229, 1
230, 1
231, 1
232, 1
233, 1
234, 1
235, 1
236, 1
237, 1
238, 1
239, 1
240, 1
241, 1
242, 1
243, 1
244, 1
245, 1
246, 1
247, 1
248, 1
249, 1
250, 1
251, 1
252, 1
253, 1
254, 1
255, 1
256, 1
257, 1
258, 1
259, 1
260, 1
261, 1
262, 1
263, 1
264, 1
265, 1
266, 1
267, 1
268, 1
269, 1
270, 1
271, 1
272, 1
273, 1
274, 1
275, 1
276, 1
277, 1
278, 1
279, 1
280, 1
281, 1
282, 1
