bot_dist
0.0, 3.1919788845006085
1.0, 3.1967921883637858
2.0, 3.201629490070365
3.0, 3.2064906810111355
4.0, 3.2113756526997617
5.0, 3.2162842967798904
6.0, 3.22121650503215
7.0, 3.2261721693810284
8.0, 3.2311511819016414
9.0, 3.236153434826382
10.0, 3.2411788205514576
11.0, 3.2462272316433136
12.0, 3.2512985608449463
13.0, 3.256392701082097
14.0, 3.2615095454693406
15.0, 3.2666489873160574
16.0, 3.2718109201322974
17.0, 3.2769952376345333
18.0, 3.2822018337513006
19.0, 3.287430602628733
20.0, 3.2926814386359893
21.0, 3.297954236370564
22.0, 3.303248890663503
23.0, 3.3085652965845034
24.0, 3.313903349446914
25.0, 3.3192629448126247
26.0, 3.324643978496857
27.0, 3.3300463465728485
28.0, 3.3354699453764334
29.0, 3.340914671510527
30.0, 3.3463804218495015
31.0, 3.3518670935434676
32.0, 3.3573745840224545
33.0, 3.362902791000492
34.0, 3.368451612479593
35.0, 3.3740209467536473
36.0, 3.3796106924122067
37.0, 3.385220748344188
38.0, 3.3908510137414742
39.0, 3.3965013881024264
40.0, 3.4021717712353046
41.0, 3.4078620632615935
42.0, 3.41357216461924
43.0, 3.4193019760658068
44.0, 3.4250513986815316
45.0, 3.4308203338722976
46.0, 3.436608683372529
47.0, 3.4424163492479867
48.0, 3.4482432338984936
49.0, 3.454089240060565
50.0, 3.459954270809968
51.0, 3.4658382295641896
52.0, 3.4717410200848304
53.0, 3.477662546479922
54.0, 3.4836027132061576
55.0, 3.4895614250710527
56.0, 3.4955385872350293
57.0, 3.501534105213419
58.0, 3.5075478848784014
59.0, 3.51357983246086
60.0, 3.519629854552173
61.0, 3.5256978581059317
62.0, 3.5317837504395824
63.0, 3.537887439236011
64.0, 3.544008832545051
65.0, 3.5501478387849223
66.0, 3.5563043667436145
67.0, 3.5624783255801975
68.0, 3.5686696248260636
69.0, 3.57487817438612
70.0, 3.5811038845399077
71.0, 3.5873466659426603
72.0, 3.5936064296263095
73.0, 3.5998830870004257
74.0, 3.6061765498531004
75.0, 3.6124867303517716
76.0, 3.6188135410439966
77.0, 3.625156894858163
78.0, 3.631516705104149
79.0, 3.637892885473931
80.0, 3.6442853500421344
81.0, 3.6506940132665364
82.0, 3.657118789988516
83.0, 3.6635595954334543
84.0, 3.670016345211086
85.0, 3.6764889553158
86.0, 3.6829773421269003
87.0, 3.6894814224088073
88.0, 3.696001113311228
89.0, 3.7025363323692706
90.0, 3.709086997503519
91.0, 3.7156530270200667
92.0, 3.7222343396105018
93.0, 3.7288308543518567
94.0, 3.7354424907065162
95.0, 3.742069168522081
96.0, 3.748710808031196
97.0, 3.755367329851342
98.0, 3.762038654984585
99.0, 3.7687247048172914
100.0, 3.7754254011198087
101.0, 3.7754254011198087
102.0, 3.7754254011198087
103.0, 3.7754254011198087
104.0, 3.7754254011198087
105.0, 3.7754254011198087
106.0, 3.7754254011198087
107.0, 3.7754254011198087
108.0, 3.7754254011198087
109.0, 3.7754254011198087
110.0, 3.7754254011198087
111.0, 3.7754254011198087
112.0, 3.7754254011198087
113.0, 3.7754254011198087
114.0, 3.7754254011198087
115.0, 3.7754254011198087
116.0, 3.7754254011198087
117.0, 3.7754254011198087
118.0, 3.7754254011198087
119.0, 3.7754254011198087
120.0, 3.7754254011198087
121.0, 3.7754254011198087
122.0, 3.7754254011198087
123.0, 3.7754254011198087
124.0, 3.7754254011198087
125.0, 3.7754254011198087
126.0, 3.7754254011198087
127.0, 3.7754254011198087
128.0, 3.7754254011198087
129.0, 3.7754254011198087
130.0, 3.7754254011198087
131.0, 3.7687247048172914
132.0, 3.762038654984585
133.0, 3.755367329851342
134.0, 3.748710808031196
135.0, 3.742069168522081
136.0, 3.7354424907065162
137.0, 3.7288308543518567
138.0, 3.7222343396105018
139.0, 3.7156530270200667
140.0, 3.709086997503519
141.0, 3.7025363323692706
142.0, 3.696001113311228
143.0, 3.693878404945606
144.0, 3.6873820803984914
145.0, 3.6809014579016983
146.0, 3.674436620536585
147.0, 3.6679876517671537
148.0, 3.6615546354398223
149.0, 3.655137655783146
150.0, 3.6487367974074947
151.0, 3.559149844986815
152.0, 3.469577383415348
153.0, 3.3800205188266217
154.0, 3.2904805742624506
155.0, 3.2009589696270693
156.0, 3.111457287928168
157.0, 3.021977299334744
158.0, 2.93252098961211
159.0, 2.84309059388978
160.0, 2.7536886369634055
161.0, 2.6643179816504796
162.0, 2.574981887136039
163.0, 2.485684079793557
164.0, 2.396428839696161
165.0, 2.3072211070124404
166.0, 2.2180666138075775
167.0, 2.2120069880849695
168.0, 2.1233865032796935
169.0, 2.03492736689393
170.0, 1.9466513602093358
171.0, 1.8585845773930616
172.0, 1.7707582353018507
173.0, 1.6832099714244797
174.0, 1.6776690479467595
175.0, 1.5920643848755869
176.0, 1.5070907671112357
177.0, 1.5019218511894479
178.0, 1.4968018951976494
179.0, 1.491731403260232
180.0, 1.486710881475191
181.0, 1.4166039500418697
182.0, 1.4120008290482065
183.0, 1.4074537046773319
184.0, 1.4029631213989913
185.0, 1.3985296238620712
186.0, 1.394153756675533
187.0, 1.38983606418302
188.0, 1.3855770902311875
189.0, 1.381377377931835
190.0, 1.3772374694179175
191.0, 1.37315790559354
192.0, 1.3691392258780462
193.0, 1.365181967944334
194.0, 1.3612866674515414
195.0, 1.2790774028592922
196.0, 1.1972241148411242
197.0, 1.115805147387683
198.0, 1.1115848377930246
199.0, 1.0333113590869472
200.0, 0.9559996761715839
201.0, 0.8799033467816353
202.0, 0.8053669482479168
203.0, 0.73286659481661
204.0, 0.6630704887727351
205.0, 0.5969279715173558
206.0, 0.5357938373046358
207.0, 0.48157924770770427
208.0, 0.4368679552989674
209.0, 0.40482113547438847
210.0, 0.3885848631917308
211.0, 0.3901381074593835
212.0, 0.4092783804423747
213.0, 0.44373567054989754
214.0, 0.49029113876807073
215.0, 0.5458581874596172
216.0, 0.6079708078247616
217.0, 0.6748239976509995
218.0, 0.745142895512295
219.0, 0.7416629778963713
220.0, 0.8168269168550539
221.0, 0.8933994435465348
222.0, 0.971047390024342
223.0, 0.9685797983611205
224.0, 0.9662094066670962
225.0, 0.963936932008119
226.0, 0.961763068465929
227.0, 0.9596884861554312
228.0, 0.957713830260448
229.0, 0.9558397200909279
230.0, 0.954066748164613
231.0, 0.954066748164613
232.0, 0.954066748164613
233.0, 0.954066748164613
234.0, 0.954066748164613
235.0, 0.954066748164613
236.0, 0.954066748164613
237.0, 0.954066748164613
238.0, 0.954066748164613
239.0, 0.954066748164613
240.0, 0.954066748164613
241.0, 0.954066748164613
242.0, 0.954066748164613
243.0, 0.954066748164613
244.0, 0.954066748164613
245.0, 0.954066748164613
246.0, 0.954066748164613
247.0, 0.954066748164613
248.0, 0.954066748164613
249.0, 0.954066748164613
250.0, 0.954066748164613
251.0, 0.954066748164613
252.0, 0.954066748164613
253.0, 0.954066748164613
254.0, 0.954066748164613
255.0, 0.954066748164613
256.0, 0.954066748164613
257.0, 0.954066748164613
258.0, 0.954066748164613
259.0, 0.954066748164613
260.0, 0.954066748164613
261.0, 0.9558397200909279
262.0, 0.957713830260448
263.0, 0.9596884861554312
264.0, 0.961763068465929
265.0, 0.963936932008119
266.0, 0.9662094066670962
267.0, 0.9685797983611205
268.0, 0.971047390024342
269.0, 0.9736114426050232
270.0, 0.9762711960763325
271.0, 0.9790258704568137
272.0, 0.9818746668377086
273.0, 0.9848167684143742
274.0, 0.9878513415191232
275.0, 0.9909775366529063
276.0, 0.9941944895133564
277.0, 0.9975013220168256
278.0, 1.0008971433121572
279.0, 1.0043810507840585
280.0, 1.0079521310440653
281.0, 1.0116094609072148
282.0, 1.0153521083526786
ee_dist
0.0, 1.3548812985698162
1.0, 1.4120704135940139
2.0, 1.5187256325734428
3.0, 1.6100737661552178
4.0, 1.6416395554917913
5.0, 1.6674407331413739
6.0, 1.6999284943921025
7.0, 1.7335531750915172
8.0, 1.7673199642740702
9.0, 1.8010030016384442
10.0, 1.834483117006768
11.0, 1.8660745850972815
12.0, 1.8966848064814517
13.0, 1.9247067989594753
14.0, 1.9521445258796042
15.0, 1.9767008824622851
16.0, 2.000926543469762
17.0, 2.022133996093265
18.0, 2.0434387981082196
19.0, 2.0618135990369404
20.0, 2.080706490326259
21.0, 2.0525958318975857
22.0, 2.0129079578725335
23.0, 1.9701512260921694
24.0, 1.923853767268284
25.0, 1.8742852495110243
26.0, 1.8215732712980444
27.0, 1.766043130411953
28.0, 1.7078867246450795
29.0, 1.6475389343505147
30.0, 1.5852816721106409
31.0, 1.5216874023768707
32.0, 1.457168752255379
33.0, 1.3924738266751984
34.0, 1.3282071762555065
35.0, 1.2653593825452865
36.0, 1.204822095369974
37.0, 1.1478917284730175
38.0, 1.09579234841014
39.0, 1.0500499539071426
40.0, 1.0121452784248854
41.0, 1.0253904684155473
42.0, 0.9274321965901513
43.0, 0.7891963922807669
44.0, 0.7427640571373397
45.0, 0.6953892694528663
46.0, 0.6468561773784328
47.0, 0.5970659765377393
48.0, 0.5466187530676198
49.0, 0.49575214623093505
50.0, 0.4456096941350215
51.0, 0.3975715486169483
52.0, 0.35330082383134176
53.0, 0.3145276043706592
54.0, 0.28426340226204205
55.0, 0.26586744228777487
56.0, 0.2629366503482676
57.0, 0.27567582411877156
58.0, 0.25577529421242273
59.0, 0.24056274170602288
60.0, 0.2523116629207506
61.0, 0.2964603390236236
62.0, 0.3646127809087355
63.0, 0.44396033609484986
64.0, 0.5239923654370867
65.0, 0.5901153647992466
66.0, 0.6504526075355362
67.0, 0.7105841565594472
68.0, 0.7647395499788182
69.0, 0.8172599240431423
70.0, 0.8686259182114829
71.0, 0.9181875762380047
72.0, 0.9690074116303392
73.0, 1.0266877297973278
74.0, 1.0887333972343765
75.0, 1.1621162456335352
76.0, 1.2449611810728054
77.0, 1.3375424082334688
78.0, 1.4351516938526918
79.0, 1.532869925006516
80.0, 1.6260963716892771
81.0, 1.7052030776827805
82.0, 1.7702262544142762
83.0, 1.834668006946243
84.0, 1.8958297258792423
85.0, 1.955725628885802
86.0, 2.0044856576416916
87.0, 2.0330400615412003
88.0, 2.0628822186276845
89.0, 2.1019102447042326
90.0, 2.1516359073989264
91.0, 2.234244096687222
92.0, 2.3252209169392306
93.0, 2.4260345601515967
94.0, 2.531143471962312
95.0, 2.6384702013105423
96.0, 2.7387869586353157
97.0, 2.8298777654754312
98.0, 2.901550764590511
99.0, 2.9710746378310944
100.0, 3.0364769315634166
101.0, 3.1015287722885936
102.0, 3.1636940232224746
103.0, 3.226853157606014
104.0, 3.2889152274147997
105.0, 3.3588996037765155
106.0, 3.4316318503819985
107.0, 3.5129118809226965
108.0, 3.602670106594566
109.0, 3.7028159784491956
110.0, 3.8078290493497815
111.0, 3.916770230821519
112.0, 4.018795312694608
113.0, 4.114601224519649
114.0, 4.188811909278443
115.0, 4.25819648260728
116.0, 4.324164235490478
117.0, 4.389190677822883
118.0, 4.451259757766398
119.0, 4.5155685307735824
120.0, 4.57667683513959
121.0, 4.645886265103353
122.0, 4.7184901549411995
123.0, 4.76320131147185
124.0, 4.806098644859349
125.0, 4.8503646099860545
126.0, 4.892231645263918
127.0, 4.934905680227533
128.0, 4.974642509180041
129.0, 5.014670377595305
130.0, 5.051283143074881
131.0, 5.087723165653655
132.0, 5.120331357293331
133.0, 5.152365535212838
134.0, 5.180214990696329
135.0, 5.207150323694422
136.0, 5.229612397683288
137.0, 5.2508865377301115
138.0, 5.267466784794787
139.0, 5.282648906121704
140.0, 5.292985330749061
141.0, 5.301779502733409
142.0, 5.30564368602009
143.0, 4.660284577299701
144.0, 4.651258428206728
145.0, 4.642987237067423
146.0, 4.639092815652653
147.0, 4.635965650339269
148.0, 4.637338262784124
149.0, 4.639460948173659
150.0, 4.646055608991165
151.0, 4.563632430011923
152.0, 4.483128524482199
153.0, 4.400845511258816
154.0, 4.320486834828448
155.0, 4.238360188311447
156.0, 4.158164127047711
157.0, 4.076212527818717
158.0, 3.996198844240455
159.0, 3.9144444908844074
160.0, 3.8346365032604157
161.0, 3.753105165948666
162.0, 3.6735301594529526
163.0, 3.592252208260897
164.0, 3.5129428935798273
165.0, 3.4319542394664717
166.0, 3.352948758835157
167.0, 3.362545931642394
168.0, 3.286222301891015
169.0, 3.208440128111631
170.0, 3.1327457741104388
171.0, 3.055653466232816
172.0, 2.980686296600286
173.0, 2.904393878504988
174.0, 2.9198434360930823
175.0, 2.847713752077777
176.0, 2.777890623229915
177.0, 2.7947047843832302
178.0, 2.8151131383783783
179.0, 2.8359933743254797
180.0, 2.859878149028305
181.0, 2.810156551914963
182.0, 2.7870813062737048
183.0, 2.764384975702978
184.0, 2.744924417869915
185.0, 2.72599203745076
186.0, 2.7108522380553057
187.0, 2.6963774975468855
188.0, 2.6861304844559797
189.0, 2.6766632537102386
190.0, 2.671711912199658
191.0, 2.6676199620113907
192.0, 2.6681643223173825
193.0, 2.669606200073996
194.0, 2.6756293691465847
195.0, 2.594384161059157
196.0, 2.5151314843457726
197.0, 2.4342992721013954
198.0, 2.443722783119084
199.0, 2.3657963800655772
200.0, 2.2900238157307284
201.0, 2.213032138456701
202.0, 2.1382685978906397
203.0, 2.062422232227367
204.0, 1.9889021094737427
205.0, 1.914475167340078
206.0, 1.8425053838851146
207.0, 1.7698588511433757
208.0, 1.6998458937370733
209.0, 1.6294601502218689
210.0, 1.561947988729642
211.0, 1.4944686733778814
212.0, 1.4260202086574154
213.0, 1.3679017721185105
214.0, 1.3062757432623995
215.0, 1.2478734655934676
216.0, 1.1931491482630219
217.0, 1.1409170655841399
218.0, 1.0936435976055199
219.0, 1.1175565949879447
220.0, 1.0816989574613056
221.0, 1.050502633025567
222.0, 1.0257499477430525
223.0, 0.9983156970248961
224.0, 0.9725865826806839
225.0, 0.9474416353483373
226.0, 0.9248945705640126
227.0, 0.9031932936116772
228.0, 0.884979411557617
229.0, 0.867894764985896
230.0, 0.8551042641495649
231.0, 0.8436984488710325
232.0, 0.8372057518394876
233.0, 0.8322638549944592
234.0, 0.8325617239661318
235.0, 0.8344352170690272
236.0, 0.8415196622263432
237.0, 0.8500486211379361
238.0, 0.8634152920059308
239.0, 0.8625749164640051
240.0, 0.8634152920059308
241.0, 0.8625749164640051
242.0, 0.8634152920059308
243.0, 0.870035624984161
244.0, 0.8823446166493569
245.0, 0.8957263486387887
246.0, 0.9114016312212502
247.0, 0.9280871955898446
248.0, 0.946827631317813
249.0, 0.9662956259029636
250.0, 0.9875814706797731
251.0, 1.0093207977338967
252.0, 1.032590112449122
253.0, 1.0560262975590675
254.0, 1.080642986862178
255.0, 1.1051321237641407
256.0, 1.1304241487566768
257.0, 1.1553195186306056
258.0, 1.180660427983727
259.0, 1.2053902815503281
260.0, 1.2302804809661902
261.0, 1.2543618739578737
262.0, 1.2783764842304022
263.0, 1.2514937122205816
264.0, 1.218150393831857
265.0, 1.1830381912110566
266.0, 1.1458953395454012
267.0, 1.1069165830647782
268.0, 1.0661470657832646
269.0, 1.0238073234059144
270.0, 0.9799622756335576
271.0, 0.9348851038491454
272.0, 0.8886777919793999
273.0, 0.8416838969011023
274.0, 0.7951778837771865
275.0, 0.744878721271844
276.0, 0.6917615695868607
277.0, 0.6332610273677577
278.0, 0.5850248000853379
279.0, 0.538398314600697
280.0, 0.4939562478747639
281.0, 0.4367947708886768
282.0, 0.3936424228023381
ee_box_dist
0.0, 2.4912182179472375
1.0, 2.5035704201885554
2.0, 2.5589547375495547
3.0, 2.664203357430127
4.0, 2.6693361793071317
5.0, 2.6910057984312883
6.0, 2.7050224434301824
7.0, 2.719679926907068
8.0, 2.734001730512676
9.0, 2.748505695665313
10.0, 2.7630680000690826
11.0, 2.777464164751255
12.0, 2.791686352911435
13.0, 2.8054390109349767
14.0, 2.818999893289072
15.0, 2.831836446556478
16.0, 2.8445164303663666
17.0, 2.856192726726187
18.0, 2.867872510127434
19.0, 2.8783933334775114
20.0, 2.8891090900117513
21.0, 2.884687565182744
22.0, 2.8774369120743
23.0, 2.8682209888042034
24.0, 2.856932041261614
25.0, 2.843689069911452
26.0, 2.8285189444993697
27.0, 2.811577666121166
28.0, 2.79291881048598
29.0, 2.772751202385549
30.0, 2.75115939584305
31.0, 2.7284005037550765
32.0, 2.7046561057163117
33.0, 2.6803220133787446
34.0, 2.6557098541973323
35.0, 2.6310255228476596
36.0, 2.6064869059045535
37.0, 2.5817906688072507
38.0, 2.5572559051491117
39.0, 2.533349798264717
40.0, 2.5103905313343122
41.0, 2.5147752299830803
42.0, 2.5191138137421962
43.0, 2.5234460182361906
44.0, 2.527749476238051
45.0, 2.5320185899139758
46.0, 2.5362982056810623
47.0, 2.5405094454016464
48.0, 2.5447887111852183
49.0, 2.5489744672929127
50.0, 2.553272020106695
51.0, 2.5574687285188658
52.0, 2.561759902584957
53.0, 2.565891050657297
54.0, 2.5699885147421977
55.0, 2.5737730169683677
56.0, 2.577355544059788
57.0, 2.5805663229063294
58.0, 2.5835269117256576
59.0, 2.5861959454913386
60.0, 2.5885877274916105
61.0, 2.5907749736497956
62.0, 2.5926772604043973
63.0, 2.594394905613106
64.0, 2.595858697692491
65.0, 2.5971581842133933
66.0, 2.5982528849011137
67.0, 2.599197614993332
68.0, 2.599955598321693
69.0, 2.6005489999756333
70.0, 2.6009472378663445
71.0, 2.601175430376671
72.0, 2.60120828052737
73.0, 2.601069017959658
74.0, 2.60073480489198
75.0, 2.6002304949648187
76.0, 2.5995313405194453
77.0, 2.598665157461672
78.0, 2.5976041610031104
79.0, 2.596377848892227
80.0, 2.59495886693447
81.0, 2.59337688103051
82.0, 2.5916043177377928
83.0, 2.5896699657517406
84.0, 2.5875471782199058
85.0, 2.5852653846567377
86.0, 2.5976436463323305
87.0, 2.6182389599374116
88.0, 2.6330323440827215
89.0, 2.6450630236208967
90.0, 2.6532440962782737
91.0, 2.6528275158395815
92.0, 2.6531577671985866
93.0, 2.652846076260432
94.0, 2.653157021786372
95.0, 2.6528484650629096
96.0, 2.653156923694554
97.0, 2.652848775908887
98.0, 2.653156870435138
99.0, 2.652848845928958
100.0, 2.653156870435138
101.0, 2.652848845928958
102.0, 2.65315685361834
103.0, 2.652848845928958
104.0, 2.65315685361834
105.0, 2.652848845928958
106.0, 2.65315685361834
107.0, 2.6528488291313015
108.0, 2.65315685361834
109.0, 2.652848845928958
110.0, 2.65315685361834
111.0, 2.6528488291313015
112.0, 2.65315685361834
113.0, 2.6528488291313015
114.0, 2.65315685361834
115.0, 2.652508257222992
116.0, 2.65305898504342
117.0, 2.652838353270731
118.0, 2.653157659204625
119.0, 2.652847276262966
120.0, 2.653157182752593
121.0, 2.6528488501164906
122.0, 2.65315711548538
123.0, 2.6528490405495484
124.0, 2.6531571351111944
125.0, 2.6528490573472046
126.0, 2.653157101477596
127.0, 2.6528490937719655
128.0, 2.653157118294394
129.0, 2.6528490937719655
130.0, 2.6531571351111944
131.0, 2.652849076974308
132.0, 2.653157101477596
133.0, 2.652849076974308
134.0, 2.653157101477596
135.0, 2.6528490937719655
136.0, 2.653157118294394
137.0, 2.6528490937719655
138.0, 2.6531571351111944
139.0, 2.652849076974308
140.0, 2.653157101477596
141.0, 2.652849076974308
142.0, 2.653157084660798
143.0, 2.9463715111812445
144.0, 2.9207104494767124
145.0, 2.895009555173619
146.0, 2.868182014904356
147.0, 2.8413812976422186
148.0, 2.8140796214960075
149.0, 2.7868864012811994
150.0, 2.759855264998631
151.0, 2.753326562726606
152.0, 2.7494029233641712
153.0, 2.7479651362155497
154.0, 2.7490337066231256
155.0, 2.7527028958611965
156.0, 2.758752177415179
157.0, 2.767487974697509
158.0, 2.778451878792429
159.0, 2.792160769277847
160.0, 2.8079230266023316
161.0, 2.8264623555036827
162.0, 2.846862260789118
163.0, 2.8700476087467135
164.0, 2.8948872736255433
165.0, 2.922501021666069
166.0, 2.95155468124474
167.0, 2.925902402217993
168.0, 2.9512554900161696
169.0, 2.97934394553627
170.0, 3.008813381713895
171.0, 3.0409916683043314
172.0, 3.0743393778800048
173.0, 3.110357849727597
174.0, 3.0846328152852336
175.0, 3.1168395131870743
176.0, 3.1501675398562723
177.0, 3.1248630092714382
178.0, 3.0981682765224208
179.0, 3.0714648300331775
180.0, 3.0439835922825775
181.0, 3.0556820891365564
182.0, 3.082696460717508
183.0, 3.1097262922361057
184.0, 3.135558932470896
185.0, 3.1613379512773325
186.0, 3.1853420835716353
187.0, 3.209236557009812
188.0, 3.2308404124198633
189.0, 3.252286740175944
190.0, 3.2709951096637857
191.0, 3.2895067163556537
192.0, 3.3049067576703823
193.0, 3.32007726820865
194.0, 3.3318385267927497
195.0, 3.405827509935017
196.0, 3.478624952879798
197.0, 3.5535101888873624
198.0, 3.5626623620386644
199.0, 3.639895521290624
200.0, 3.715712252203371
201.0, 3.7935319346528606
202.0, 3.86988726718159
203.0, 3.948225570656169
204.0, 4.025058119387443
205.0, 4.103856875984835
206.0, 4.181113936791484
207.0, 4.260323091572448
208.0, 4.337959211962443
209.0, 4.417535727817261
210.0, 4.4955113147561185
211.0, 4.57541741707764
212.0, 4.6575769517989425
213.0, 4.732247034071982
214.0, 4.8126805268438195
215.0, 4.892660830134023
216.0, 4.971754317807179
217.0, 5.052427802203916
218.0, 5.131484324927233
219.0, 5.137866593393577
220.0, 5.21798196835155
221.0, 5.299981857194539
222.0, 5.380233497918312
223.0, 5.3758003507432255
224.0, 5.367380012059793
225.0, 5.358587524622639
226.0, 5.345973126019897
227.0, 5.3330206992019455
228.0, 5.316506957265696
229.0, 5.2996959959347905
230.0, 5.279671631888129
231.0, 5.259398305538626
232.0, 5.236344345357855
233.0, 5.213098106243635
234.0, 5.1875788931336855
235.0, 5.161933412448892
236.0, 5.134593881087964
237.0, 5.107200754329553
238.0, 5.078748306090578
239.0, 5.0789372003057585
240.0, 5.078748306090578
241.0, 5.0789372003057585
242.0, 5.078748306090578
243.0, 5.079973647719061
244.0, 5.083890539395986
245.0, 5.087528255887394
246.0, 5.090901264076883
247.0, 5.094065281939659
248.0, 5.096911043286354
249.0, 5.099497331397921
250.0, 5.101726768254216
251.0, 5.1036919872488395
252.0, 5.1052753769030295
253.0, 5.106626140365431
254.0, 5.107580978246603
255.0, 5.108353231155519
256.0, 5.108719361954535
257.0, 5.108950810500833
258.0, 5.108763624120623
259.0, 5.108469635683585
260.0, 5.107744169607451
261.0, 5.106932121921244
262.0, 5.1056820129538085
263.0, 5.11502888282977
264.0, 5.126745712873339
265.0, 5.137964233974463
266.0, 5.148723868081035
267.0, 5.158953520926412
268.0, 5.1685555673657
269.0, 5.1774760820916805
270.0, 5.185625601951038
271.0, 5.1929607535711995
272.0, 5.199399486980548
273.0, 5.204913644194491
274.0, 5.20951503633544
275.0, 5.219599133365607
276.0, 5.23224199936321
277.0, 5.256281999847232
278.0, 5.256907925763772
279.0, 5.257386018270805
280.0, 5.25380460694343
281.0, 5.277633834722303
282.0, 5.285576223168815
spot_hold
0, 0
1, 0
2, 0
3, 0
4, 0
5, 0
6, 0
7, 0
8, 0
9, 0
10, 0
11, 0
12, 0
13, 0
14, 0
15, 0
16, 0
17, 0
18, 0
19, 0
20, 0
21, 0
22, 0
23, 0
24, 0
25, 0
26, 0
27, 0
28, 0
29, 0
30, 0
31, 0
32, 0
33, 0
34, 0
35, 0
36, 0
37, 0
38, 0
39, 0
40, 0
41, 1
42, 1
43, 1
44, 1
45, 1
46, 1
47, 1
48, 1
49, 1
50, 1
51, 1
52, 1
53, 1
54, 1
55, 1
56, 1
57, 1
58, 1
59, 1
60, 1
61, 1
62, 1
63, 1
64, 1
65, 1
66, 1
67, 1
68, 1
69, 1
70, 1
71, 1
72, 1
73, 1
74, 1
75, 1
76, 1
77, 1
78, 1
79, 1
80, 1
81, 1
82, 1
83, 1
84, 1
85, 1
86, 1
87, 1
88, 1
89, 1
90, 1
91, 1
92, 1
93, 1
94, 1
95, 1
96, 1
97, 1
98, 1
99, 1
100, 1
101, 1
102, 1
103, 1
104, 1
105, 1
106, 1
107, 1
108, 1
109, 1
110, 1
111, 1
112, 1
113, 1
114, 1
115, 1
116, 1
117, 1
118, 1
119, 1
120, 1
121, 1
122, 1
123, 1
124, 1
125, 1
126, 1
127, 1
128, 1
129, 1
130, 1
131, 1
132, 1
133, 1
134, 1
135, 1
136, 1
137, 1
138, 1
139, 1
140, 1
141, 1
142, 1
143, 1
144, 1
145, 1
146, 1
147, 1
148, 1
149, 1
150, 1
151, 1
152, 1
153, 1
154, 1
155, 1
156, 1
157, 1
158, 1
159, 1
160, 1
161, 1
162, 1
163, 1
164, 1
165, 1
166, 1
167, 1
168, 1
169, 1
170, 1
171, 1
172, 1
173, 1
174, 1
175, 1
176, 1
177, 1
178, 1
179, 1
180, 1
181, 1
182, 1
183, 1
184, 1
185, 1
186, 1
187, 1
188, 1
189, 1
190, 1
191, 1
192, 1
193, 1
194, 1
195, 1
196, 1
197, 1
198, 1
199, 1
200, 1
201, 1
202, 1
203, 1
204, 1
205, 1
206, 1
207, 1
208, 1
209, 1
210, 1
211, 1
212, 1
213, 1
214, 1
215, 1
216, 1
217, 1
218, 1
219, 1
220, 1
221, 1
222, 1
223, 1
224, 1
225, 1
226, 1
227, 1
228, 1
229, 1
230, 1
231, 1
232, 1
233, 1
234, 1
235, 1
236, 1
237, 1
238, 1
239, 1
240, 1
241, 1
242, 1
243, 1
244, 1
245, 1
246, 1
247, 1
248, 1
249, 1
250, 1
251, 1
252, 1
253, 1
254, 1
255, 1
256, 1
257, 1
258, 1
259, 1
260, 1
261, 1
262, 1
263, 1
264, 1
265, 1
266, 1
267, 1
268, 1
269, 1
270, 1
271, 1
272, 1
273, 1
274, 1
275, 1
276, 1
277, 1
278, 1
279, 1
280, 1
281, 1
282, 1
