Error weights
segment 0:
average: 2.2485380116959064 max: 3 percentage: 0.9312865497076024 [2, 3, 2, 3, 3, 2, 1, 3, 2, 2, 3, 2, 3, 1, 0, 1, 3, 2, 3, 3, 2, 3, 2, 2, 3, 3, 2, 0, 1, 2, 2, 3, 2, 3, 3, 0, 1, 3, 2, 3, 3, 2, 3, 3, 2, 3, 3, 2, 1, 1, 2, 3, 3, 2, 2, 3, 0, 1, 3, 2, 3, 3, 2, 3, 3, 2, 3, 3, 2, 1, 0, 2, 3, 3, 2, 3, 3, 2, 3, 3, 2, 2, 3, 2, 2, 3, 2, 3, 3, 2, 1, 3, 2, 2, 3, 2, 3, 1, 0, 1, 3, 2, 3, 3, 2, 3, 2, 2, 3, 3, 2, 0, 1, 2, 2, 3, 2, 3, 3, 0, 1, 3, 2, 3, 3, 2, 3, 3, 2, 3, 3, 2, 1, 1, 2, 3, 3, 2, 2, 3, 0, 1, 3, 2, 3, 3, 2, 3, 3, 2, 3, 3, 2, 1, 0, 2, 3, 3, 2, 3, 3, 2, 3, 3, 2, 2, 3, 2, 3, 3, 2, 3, 3, 2, 0, 1, 2, 3, 3, 2, 3, 3, 2, 3, 3, 2, 3, 3, 0, 3, 3, 2, 2, 3, 2, 1, 1, 0, 3, 3, 2, 3, 3, 2, 3, 3, 2, 3, 3, 0, 0, 3, 2, 3, 3, 2, 3, 3, 2, 2, 3, 2, 3, 3, 2, 3, 2, 2, 3, 3, 0, 1, 1, 2, 3, 3, 2, 3, 3, 0, 3, 3, 2, 3, 1, 2, 2, 3, 2, 3, 3, 0, 1, 1, 2, 3, 3, 2, 2, 3, 2, 3, 3, 2, 3, 1, 2, 3, 3, 2, 3, 3, 0, 0, 1, 2, 3, 3, 2, 3, 3, 2, 2, 3, 2, 3, 1, 2, 3, 3, 2, 3, 3, 0, 1, 1, 2, 3, 2, 2, 2, 3, 2, 3, 3, 2, 3, 1, 0, 3, 3, 2, 3, 3, 2, 3, 3, 2, 3, 3, 2, 3, 2, 2, 3, 3, 2, 2, 1, 0, 0, 3, 2, 3, 3, 2, 3, 3, 2, 3, 3, 2, 1, 1, 2, 3, 3, 2, 3, 3, 0, 1, 3, 2, 2, 3, 2, 3, 3, 2, 3, 3, 2, 1, 1, 2, 3, 3, 2, 3, 2, 0, 3, 3, 2, 3, 3, 2, 3, 3, 2, 2, 3, 2, 2, 3, 2, 3, 3, 2, 1, 3, 2, 2, 3, 2, 3, 1, 0, 1, 3, 2, 3, 3, 2, 3, 2, 2, 3, 3, 2, 0, 1, 2, 2, 3, 2, 3, 3, 0, 1, 3, 2, 3, 3, 2, 3, 3, 2, 3, 3, 2, 1, 1, 2, 3, 3, 2, 2, 3, 0, 1, 3, 2, 3, 3, 2, 3, 3, 2, 3, 3, 2, 1, 0, 2, 3, 3, 2, 3, 3, 2, 3, 3, 2, 2, 3, 2, 3, 3, 2, 3, 3, 2, 0, 1, 2, 3, 3, 2, 3, 3, 2, 3, 3, 2, 3, 3, 0, 3, 3, 2, 2, 3, 2, 1, 1, 0, 3, 3, 2, 3, 3, 2, 3, 3, 2, 3, 3, 0, 0, 3, 2, 3, 3, 2, 3, 3, 2, 2, 3, 2, 3, 3, 2, 3, 2, 2, 3, 3, 0, 1, 1, 2, 3, 3, 2, 3, 3, 0, 3, 3, 2, 3, 1, 2, 2, 3, 2, 3, 3, 0, 1, 1, 2, 3, 3, 2, 2, 3, 2, 3, 3, 2, 3, 1, 2, 3, 3, 2, 3, 3, 0, 0, 1, 2, 3, 3, 2, 3, 3, 2, 2, 3, 2, 3, 1, 2, 3, 3, 2, 3, 3, 0, 1, 1, 2, 3, 2, 2, 2, 3, 2, 3, 3, 2, 3, 1, 0, 3, 3, 2, 3, 3, 2, 3, 3, 2, 3, 3, 2, 3, 2, 2, 3, 3, 2, 2, 1, 0, 0, 3, 2, 3, 3, 2, 3, 3, 2, 3, 3, 2, 1, 1, 2, 3, 3, 2, 3, 3, 0, 1, 3, 2, 2, 3, 2, 3, 3, 2, 3, 3, 2, 1, 1, 2, 3, 3, 2, 3, 2, 0, 3, 3, 2, 3, 3, 2, 3, 3, 2, 2, 3, 2]
segment 1:
average: 2.431286549707602 max: 3 percentage: 0.9970760233918129 [3, 1, 3, 1, 1, 3, 1, 3, 3, 3, 3, 3, 1, 1, 3, 3, 1, 3, 3, 3, 3, 3, 3, 3, 3, 3, 3, 3, 1, 1, 3, 3, 3, 1, 3, 3, 3, 1, 2, 3, 3, 3, 1, 3, 1, 3, 1, 3, 1, 1, 3, 3, 3, 3, 1, 3, 3, 3, 3, 3, 3, 3, 3, 3, 3, 1, 3, 1, 3, 3, 1, 3, 1, 3, 1, 3, 3, 3, 1, 1, 3, 3, 3, 3, 3, 1, 3, 1, 1, 3, 1, 3, 3, 3, 3, 3, 1, 1, 3, 3, 1, 3, 3, 3, 3, 3, 3, 3, 3, 3, 3, 3, 1, 1, 3, 3, 3, 1, 3, 3, 3, 1, 2, 3, 3, 3, 1, 3, 1, 3, 1, 3, 1, 1, 3, 3, 3, 3, 1, 3, 3, 3, 3, 3, 3, 3, 3, 3, 3, 1, 3, 1, 3, 3, 1, 3, 1, 3, 1, 3, 3, 3, 1, 1, 3, 3, 3, 3, 3, 3, 1, 1, 3, 3, 3, 3, 3, 1, 3, 3, 3, 3, 1, 1, 1, 3, 3, 3, 1, 3, 3, 3, 3, 3, 3, 3, 3, 3, 3, 3, 3, 3, 3, 3, 1, 3, 3, 1, 1, 3, 1, 1, 3, 3, 3, 3, 3, 3, 3, 3, 3, 3, 1, 3, 3, 3, 3, 3, 3, 3, 1, 1, 1, 1, 3, 3, 3, 1, 1, 3, 3, 3, 3, 1, 3, 3, 3, 1, 3, 3, 1, 3, 1, 3, 3, 3, 1, 3, 1, 3, 3, 3, 3, 1, 3, 1, 3, 1, 3, 3, 3, 3, 3, 3, 3, 3, 1, 3, 3, 3, 3, 3, 3, 3, 1, 3, 3, 3, 3, 3, 2, 3, 1, 3, 3, 3, 3, 1, 3, 3, 3, 1, 3, 3, 3, 1, 3, 1, 1, 3, 3, 3, 1, 1, 2, 3, 3, 3, 3, 3, 3, 1, 1, 3, 1, 3, 3, 3, 1, 3, 3, 3, 3, 3, 3, 3, 3, 1, 0, 3, 3, 1, 1, 1, 3, 3, 3, 3, 3, 3, 3, 1, 3, 3, 1, 3, 3, 1, 1, 3, 3, 3, 1, 1, 3, 3, 1, 1, 3, 3, 3, 1, 3, 1, 3, 3, 3, 3, 3, 3, 3, 3, 1, 1, 3, 1, 3, 1, 1, 3, 1, 3, 3, 3, 3, 3, 1, 1, 3, 3, 1, 3, 3, 3, 3, 3, 3, 3, 3, 3, 3, 3, 1, 1, 3, 3, 3, 1, 3, 3, 3, 1, 2, 3, 3, 3, 1, 3, 1, 3, 1, 3, 1, 1, 3, 3, 3, 3, 1, 3, 3, 3, 3, 3, 3, 3, 3, 3, 3, 1, 3, 1, 3, 3, 1, 3, 1, 3, 1, 3, 3, 3, 1, 1, 3, 3, 3, 3, 3, 3, 1, 1, 3, 3, 3, 3, 3, 1, 3, 3, 3, 3, 1, 1, 1, 3, 3, 3, 1, 3, 3, 3, 3, 3, 3, 3, 3, 3, 3, 3, 3, 3, 3, 3, 1, 3, 3, 1, 1, 3, 1, 1, 3, 3, 3, 3, 3, 3, 3, 3, 3, 3, 1, 3, 3, 3, 3, 3, 3, 3, 1, 1, 1, 1, 3, 3, 3, 1, 1, 3, 3, 3, 3, 1, 3, 3, 3, 1, 3, 3, 1, 3, 1, 3, 3, 3, 1, 3, 1, 3, 3, 3, 3, 1, 3, 1, 3, 1, 3, 3, 3, 3, 3, 3, 3, 3, 1, 3, 3, 3, 3, 3, 3, 3, 1, 3, 3, 3, 3, 3, 2, 3, 1, 3, 3, 3, 3, 1, 3, 3, 3, 1, 3, 3, 3, 1, 3, 1, 1, 3, 3, 3, 1, 1, 2, 3, 3, 3, 3, 3, 3, 1, 1, 3, 1, 3, 3, 3, 1, 3, 3, 3, 3, 3, 3, 3, 3, 1, 0, 3, 3, 1, 1, 1, 3, 3, 3, 3, 3, 3, 3, 1, 3, 3, 1, 3, 3, 1, 1, 3, 3, 3, 1, 1, 3, 3, 1, 1, 3, 3, 3, 1, 3, 1, 3, 3, 3, 3, 3, 3, 3, 3, 1, 1]

Counterexample types
segment 0:
Types: 4
(1, 1) : 331
(1, 0) : 67
(0, 1) : 239
(0, 0) : 47
segment 1:
Types: 4
(1, 1) : 487
(1, 0) : 7
(0, 1) : 188
(0, 0) : 2

