Error weights
segment 0:
average: 2.288157894736842 max: 3 percentage: 0.8671052631578947 [3, 3, 3, 3, 3, 3, 2, 0, 2, 3, 3, 2, 3, 2, 3, 0, 3, 2, 3, 0, 3, 2, 3, 0, 3, 0, 1, 2, 3, 2, 3, 0, 3, 1, 3, 2, 3, 0, 3, 3, 3, 1, 3, 2, 3, 0, 3, 2, 3, 3, 1, 0, 3, 0, 3, 2, 3, 0, 3, 2, 3, 0, 3, 2, 3, 0, 3, 2, 3, 1, 3, 2, 3, 2, 1, 2, 3, 2, 3, 0, 3, 2, 3, 0, 3, 2, 3, 2, 3, 2, 3, 2, 3, 0, 3, 2, 3, 0, 3, 2, 3, 0, 3, 2, 3, 0, 3, 0, 3, 0, 3, 0, 3, 0, 3, 2, 3, 0, 3, 0, 3, 0, 3, 0, 3, 0, 3, 2, 3, 2, 3, 0, 3, 2, 3, 2, 1, 2, 3, 2, 3, 2, 3, 2, 3, 2, 3, 2, 3, 2, 3, 2, 3, 0, 3, 2, 3, 2, 3, 0, 3, 2, 1, 0, 3, 0, 3, 2, 3, 0, 3, 2, 3, 0, 3, 0, 3, 0, 3, 3, 3, 0, 3, 0, 3, 0, 3, 0, 3, 0, 3, 2, 3, 0, 3, 0, 3, 0, 3, 0, 3, 0, 3, 2, 3, 0, 3, 2, 3, 0, 3, 2, 3, 0, 3, 2, 3, 0, 3, 2, 3, 0, 3, 2, 3, 0, 3, 2, 3, 0, 3, 2, 3, 2, 3, 2, 3, 0, 3, 2, 3, 0, 3, 2, 3, 2, 3, 2, 3, 0, 3, 2, 3, 0, 3, 0, 3, 2, 3, 0, 3, 2, 3, 0, 3, 0, 3, 0, 3, 2, 3, 2, 3, 2, 3, 0, 3, 2, 3, 0, 3, 2, 3, 0, 3, 2, 3, 0, 3, 0, 3, 0, 3, 2, 3, 0, 3, 2, 3, 0, 1, 3, 3, 3, 2, 2, 3, 1, 2, 2, 3, 2, 3, 2, 3, 2, 3, 0, 3, 0, 3, 2, 3, 2, 3, 2, 3, 2, 3, 0, 3, 0, 3, 2, 3, 2, 2, 2, 3, 2, 3, 0, 3, 0, 3, 2, 3, 2, 3, 2, 3, 2, 3, 0, 3, 0, 3, 2, 3, 2, 3, 2, 3, 2, 3, 0, 3, 0, 3, 2, 3, 2, 3, 2, 3, 2, 3, 0, 3, 0, 3, 2, 3, 2, 3, 2, 3, 2, 3, 0, 3, 0, 3, 2, 3, 2, 3, 2, 3, 2, 3, 0, 3, 0, 3, 2, 3, 2, 3, 2, 3, 2, 3, 0, 3, 0, 3, 2, 3, 2, 3, 2, 3, 2, 3, 0, 3, 0, 3, 2, 3, 2, 3, 2, 3, 2, 3, 0, 3, 2, 2, 3, 3, 0, 3, 2, 3, 0, 3, 0, 3, 0, 3, 0, 3, 0, 3, 0, 3, 0, 2, 2, 3, 3, 3, 2, 2, 2, 1, 1, 3, 2, 3, 2, 3, 2, 3, 2, 3, 2, 3, 2, 3, 2, 3, 2, 3, 2, 3, 2, 1, 1, 3, 2, 3, 2, 3, 2, 3, 2, 3, 2, 3, 2, 3, 2, 3, 2, 3, 3, 3, 3, 3, 3, 3, 3, 3, 3, 3, 3, 3, 2, 3, 2, 3, 2, 3, 2, 3, 3, 3, 2, 3, 2, 3, 3, 3, 2, 3, 2, 3, 2, 3, 2, 3, 3, 3, 2, 3, 3, 3, 2, 3, 2, 3, 3, 1, 1, 3, 2, 3, 2, 3, 3, 3, 2, 3, 2, 3, 3, 3, 2, 3, 2, 3, 3, 3, 2, 3, 2, 3, 2, 3, 2, 3, 3, 3, 2, 3, 2, 3, 3, 3, 2, 3, 2, 3, 2, 3, 3, 3, 2, 3, 2, 3, 3, 3, 2, 3, 2, 3, 3, 3, 2, 3, 2, 3, 3, 3, 2, 3, 2, 3, 3, 3, 2, 3, 2, 3, 3, 3, 2, 3, 2, 3, 3, 3, 2, 3, 2, 3, 3, 3, 2, 3, 2, 3, 3, 3, 2, 3, 2, 3, 3, 3, 2, 3, 2, 1, 1, 3, 2, 3, 3, 3, 2, 3, 3, 3, 3, 3, 3, 3, 3, 3, 3, 3, 3, 3, 3, 3, 3, 3, 3, 3, 3, 3, 2, 3, 3, 3, 2, 3, 3, 3, 3, 3, 3, 3, 3, 3, 3, 3, 3, 3, 3, 3, 3, 3, 3, 3, 3, 3, 3, 3, 2, 3, 3, 3, 2, 3, 3, 3, 2, 3, 0, 3, 3, 3, 3, 3, 3, 3, 3, 3, 3, 3, 3, 3, 3, 3, 3, 3, 3, 3, 3, 3, 3, 3, 3, 3, 3, 3, 3, 3, 2, 3, 2, 3, 3]
segment 1:
average: 2.4276315789473686 max: 3 percentage: 1.0 [1, 3, 1, 3, 1, 3, 3, 3, 3, 1, 1, 3, 1, 3, 3, 3, 1, 3, 3, 3, 3, 3, 3, 3, 1, 3, 3, 3, 3, 3, 1, 3, 3, 3, 1, 3, 3, 3, 1, 3, 3, 3, 3, 3, 1, 1, 1, 3, 1, 1, 3, 3, 1, 3, 1, 3, 1, 3, 3, 3, 3, 3, 3, 3, 3, 3, 3, 3, 3, 1, 3, 3, 3, 3, 3, 3, 1, 3, 1, 3, 1, 3, 1, 3, 1, 3, 1, 3, 1, 3, 1, 3, 1, 3, 1, 3, 1, 3, 1, 3, 1, 3, 3, 3, 1, 3, 3, 3, 1, 3, 3, 3, 1, 3, 1, 3, 1, 3, 3, 3, 1, 3, 3, 3, 1, 3, 1, 3, 1, 3, 3, 3, 1, 3, 1, 1, 3, 3, 3, 3, 1, 3, 3, 3, 1, 3, 1, 3, 1, 3, 1, 3, 1, 3, 1, 3, 1, 3, 1, 3, 1, 3, 1, 3, 3, 3, 3, 3, 3, 3, 3, 3, 3, 3, 1, 3, 1, 3, 1, 3, 1, 3, 1, 3, 1, 3, 3, 3, 1, 3, 3, 3, 1, 3, 1, 3, 1, 3, 3, 3, 1, 3, 3, 3, 1, 3, 3, 3, 3, 3, 3, 3, 1, 3, 1, 3, 1, 3, 3, 3, 1, 3, 3, 3, 1, 1, 1, 3, 1, 3, 3, 3, 1, 3, 3, 3, 1, 3, 3, 3, 1, 3, 3, 3, 1, 3, 3, 3, 1, 3, 3, 3, 1, 3, 3, 3, 1, 3, 3, 3, 1, 3, 3, 3, 1, 3, 3, 3, 3, 3, 1, 3, 3, 2, 3, 3, 3, 3, 1, 3, 1, 3, 1, 3, 3, 3, 1, 3, 3, 3, 1, 3, 1, 3, 1, 3, 3, 3, 3, 3, 3, 3, 3, 3, 3, 3, 1, 3, 1, 3, 3, 3, 3, 3, 3, 3, 3, 3, 3, 3, 3, 3, 3, 3, 3, 3, 3, 3, 3, 3, 3, 3, 3, 3, 3, 3, 1, 3, 3, 3, 3, 3, 3, 3, 3, 3, 3, 3, 3, 3, 3, 3, 3, 3, 3, 3, 3, 3, 3, 3, 3, 3, 3, 3, 3, 3, 3, 3, 3, 3, 3, 3, 3, 3, 3, 3, 3, 3, 3, 3, 3, 3, 3, 3, 3, 3, 3, 3, 3, 3, 3, 3, 3, 3, 3, 3, 3, 3, 3, 3, 3, 3, 3, 3, 3, 3, 3, 3, 3, 3, 3, 3, 3, 3, 3, 3, 3, 3, 3, 3, 3, 3, 3, 3, 3, 3, 3, 3, 3, 3, 3, 3, 3, 3, 3, 3, 3, 3, 3, 3, 1, 1, 3, 3, 1, 1, 3, 3, 1, 3, 3, 3, 1, 3, 3, 3, 1, 3, 3, 3, 3, 1, 3, 3, 3, 1, 3, 3, 3, 1, 3, 3, 1, 3, 1, 3, 1, 3, 1, 3, 1, 3, 1, 3, 1, 3, 1, 3, 1, 3, 3, 1, 3, 3, 1, 1, 1, 3, 1, 3, 1, 3, 1, 3, 1, 3, 1, 3, 3, 3, 3, 3, 3, 3, 3, 3, 3, 3, 3, 3, 3, 3, 3, 3, 1, 3, 3, 3, 1, 3, 1, 3, 3, 3, 1, 3, 1, 3, 3, 3, 1, 3, 3, 3, 1, 3, 1, 3, 1, 3, 1, 3, 3, 3, 1, 3, 3, 1, 3, 3, 3, 3, 1, 3, 1, 3, 3, 3, 1, 3, 1, 3, 3, 3, 1, 3, 1, 3, 3, 3, 1, 1, 3, 3, 1, 3, 1, 3, 3, 3, 1, 3, 1, 3, 3, 3, 1, 3, 1, 3, 1, 3, 3, 3, 1, 3, 1, 3, 3, 3, 1, 3, 1, 3, 3, 3, 1, 3, 1, 3, 3, 3, 1, 3, 1, 3, 3, 3, 1, 3, 1, 3, 3, 3, 1, 3, 1, 3, 3, 3, 1, 3, 1, 3, 3, 3, 1, 3, 1, 3, 3, 3, 1, 3, 1, 3, 1, 3, 3, 1, 3, 3, 1, 3, 1, 1, 3, 3, 1, 3, 1, 3, 1, 3, 1, 3, 1, 3, 1, 3, 1, 3, 1, 3, 1, 3, 3, 3, 1, 3, 3, 1, 3, 3, 1, 3, 1, 3, 1, 3, 1, 3, 1, 3, 1, 3, 1, 3, 1, 3, 1, 3, 1, 3, 1, 3, 1, 3, 1, 3, 1, 3, 1, 3, 3, 1, 1, 3, 1, 3, 1, 3, 1, 3, 1, 3, 1, 3, 1, 3, 1, 3, 1, 3, 1, 3, 1, 3, 1, 3, 1, 3, 1, 3, 1, 3, 3, 3, 1, 3]

Counterexample types
segment 0:
Types: 4
(1, 1) : 439
(1, 0) : 18
(0, 1) : 202
(0, 0) : 101
segment 1:
Types: 3
(1, 1) : 542
(1, 0) : 1
(0, 1) : 217

