Error weights
segment 0:
average: 2.30699481865285 max: 3 percentage: 0.9248704663212435 [3, 3, 3, 2, 3, 1, 2, 0, 2, 2, 3, 1, 3, 2, 3, 0, 3, 3, 2, 1, 3, 0, 3, 0, 3, 2, 3, 0, 3, 3, 3, 2, 3, 0, 3, 3, 3, 2, 2, 2, 3, 1, 3, 2, 3, 0, 3, 3, 3, 2, 3, 0, 3, 3, 3, 2, 3, 0, 3, 3, 3, 2, 3, 0, 3, 3, 2, 1, 3, 0, 3, 0, 3, 2, 3, 0, 3, 3, 3, 2, 3, 0, 3, 3, 3, 2, 3, 0, 3, 3, 3, 2, 3, 0, 3, 3, 3, 2, 3, 0, 3, 3, 3, 2, 3, 0, 3, 3, 2, 1, 3, 0, 3, 0, 3, 2, 3, 0, 3, 3, 3, 2, 3, 0, 3, 3, 3, 2, 3, 0, 3, 3, 3, 2, 3, 0, 3, 3, 3, 2, 3, 0, 3, 3, 3, 2, 3, 0, 3, 3, 3, 2, 3, 0, 3, 3, 3, 2, 3, 0, 3, 3, 3, 0, 3, 0, 3, 0, 3, 2, 2, 1, 3, 0, 3, 2, 3, 2, 3, 1, 3, 2, 3, 2, 3, 2, 3, 2, 3, 0, 3, 2, 3, 0, 3, 3, 3, 3, 3, 3, 3, 3, 3, 3, 3, 0, 3, 3, 3, 0, 3, 2, 3, 1, 3, 0, 3, 0, 3, 3, 3, 0, 3, 2, 3, 3, 3, 0, 3, 1, 3, 2, 3, 1, 3, 2, 3, 2, 3, 2, 3, 2, 3, 2, 3, 2, 3, 0, 3, 1, 2, 0, 3, 1, 3, 0, 3, 1, 3, 0, 3, 1, 3, 0, 3, 1, 3, 0, 3, 1, 3, 2, 3, 0, 3, 2, 3, 0, 3, 2, 3, 2, 3, 2, 3, 2, 3, 2, 3, 2, 3, 1, 3, 2, 3, 1, 3, 2, 3, 1, 1, 3, 2, 2, 3, 1, 2, 2, 2, 1, 3, 2, 2, 2, 3, 1, 3, 2, 3, 2, 3, 3, 3, 2, 3, 2, 3, 3, 3, 2, 3, 2, 3, 3, 2, 2, 3, 2, 3, 3, 3, 2, 3, 2, 3, 3, 3, 2, 3, 2, 3, 3, 3, 2, 3, 2, 3, 2, 3, 2, 3, 2, 3, 0, 3, 2, 3, 2, 3, 3, 2, 2, 3, 3, 3, 2, 3, 2, 3, 2, 3, 3, 3, 2, 3, 2, 3, 0, 3, 2, 3, 2, 3, 0, 3, 2, 3, 2, 3, 0, 3, 2, 3, 2, 3, 2, 3, 2, 3, 2, 2, 2, 1, 2, 3, 2, 3, 2, 3, 0, 3, 2, 3, 0, 3, 2, 3, 2, 3, 0, 3, 2, 3, 2, 3, 0, 3, 2, 3, 2, 3, 2, 3, 2, 3, 2, 3, 2, 3, 2, 3, 2, 3, 2, 3, 2, 3, 2, 3, 2, 3, 2, 3, 2, 3, 0, 3, 2, 1, 2, 3, 0, 2, 2, 2, 3, 2, 2, 1, 3, 3, 2, 3, 3, 3, 2, 3, 3, 3, 2, 3, 3, 3, 2, 3, 3, 3, 2, 3, 1, 3, 2, 3, 1, 3, 2, 3, 1, 3, 2, 3, 1, 3, 2, 3, 1, 3, 2, 3, 1, 3, 2, 3, 1, 3, 2, 3, 1, 3, 2, 3, 1, 3, 2, 3, 2, 3, 2, 3, 1, 3, 2, 3, 1, 3, 2, 3, 1, 3, 2, 3, 1, 3, 2, 3, 1, 3, 2, 3, 1, 2, 2, 3, 2, 3, 2, 3, 2, 3, 2, 3, 2, 3, 1, 2, 2, 3, 2, 3, 2, 3, 2, 3, 2, 3, 2, 3, 2, 3, 2, 3, 2, 3, 2, 3, 2, 3, 1, 2, 2, 3, 2, 3, 2, 3, 2, 3, 2, 3, 2, 3, 2, 3, 2, 3, 3, 3, 1, 2, 2, 3, 2, 3, 2, 3, 2, 3, 2, 3, 2, 3, 2, 3, 2, 3, 2, 3, 2, 3, 2, 3, 1, 2, 2, 3, 2, 3, 2, 3, 2, 3, 2, 3, 2, 3, 2, 3, 2, 3, 2, 3, 2, 3, 2, 3, 2, 3, 2, 3, 2, 3, 2, 3, 2, 3, 3, 3, 1, 2, 2, 3, 2, 3, 2, 3, 2, 3, 2, 3, 2, 3, 2, 3, 2, 3, 2, 3, 2, 3, 2, 3, 2, 3, 2, 3, 2, 3, 2, 3, 2, 3, 2, 3, 2, 3, 1, 3, 2, 3, 2, 3, 1, 3, 2, 3, 1, 3, 2, 3, 2, 3, 2, 3, 2, 3, 2, 3, 2, 3, 2, 3, 2, 3, 2, 3, 2, 3, 2, 3, 2, 3, 2, 3, 2, 3, 2, 3, 2, 3, 2, 3, 2, 3, 2, 2, 1, 3, 2, 3, 1, 3, 2]
segment 1:
average: 2.417098445595855 max: 3 percentage: 1.0 [1, 1, 1, 3, 1, 3, 3, 3, 1, 3, 1, 3, 1, 3, 1, 3, 1, 3, 1, 3, 1, 3, 1, 3, 1, 3, 1, 3, 1, 3, 1, 3, 1, 3, 1, 3, 1, 3, 1, 3, 1, 3, 1, 3, 1, 3, 1, 3, 1, 3, 1, 3, 1, 3, 1, 3, 1, 3, 1, 3, 1, 3, 1, 3, 1, 3, 1, 3, 1, 3, 1, 3, 1, 3, 1, 3, 1, 3, 1, 3, 1, 3, 1, 3, 1, 3, 1, 3, 1, 3, 1, 3, 1, 3, 1, 3, 1, 3, 1, 3, 1, 3, 1, 3, 1, 3, 1, 3, 1, 3, 1, 3, 1, 3, 1, 3, 1, 3, 1, 3, 1, 3, 1, 3, 1, 3, 1, 3, 1, 3, 1, 3, 1, 3, 1, 3, 1, 3, 1, 3, 1, 3, 1, 3, 1, 3, 1, 3, 1, 3, 1, 3, 1, 3, 1, 3, 1, 3, 1, 3, 1, 3, 3, 3, 1, 3, 3, 3, 3, 3, 1, 3, 1, 3, 3, 1, 1, 3, 1, 1, 1, 3, 1, 3, 1, 3, 1, 3, 1, 3, 1, 1, 1, 1, 1, 3, 1, 3, 1, 3, 1, 3, 1, 3, 1, 3, 1, 3, 1, 3, 1, 3, 1, 3, 1, 3, 1, 3, 1, 3, 3, 3, 3, 3, 1, 3, 3, 1, 3, 3, 3, 3, 1, 1, 3, 3, 1, 3, 3, 3, 1, 3, 3, 3, 1, 1, 3, 3, 1, 3, 1, 3, 1, 3, 1, 3, 1, 3, 1, 3, 1, 3, 1, 3, 1, 3, 1, 3, 1, 1, 3, 3, 1, 3, 1, 3, 1, 1, 3, 3, 1, 3, 1, 3, 1, 3, 1, 3, 3, 3, 1, 3, 3, 3, 1, 3, 3, 3, 1, 3, 3, 3, 3, 3, 1, 3, 3, 3, 1, 3, 3, 3, 1, 3, 3, 3, 3, 3, 3, 3, 3, 3, 3, 3, 3, 3, 3, 3, 3, 3, 3, 3, 3, 3, 3, 3, 3, 3, 3, 3, 3, 3, 3, 3, 3, 3, 3, 3, 3, 3, 3, 3, 3, 3, 3, 3, 3, 3, 3, 3, 3, 3, 3, 3, 3, 3, 3, 1, 3, 3, 1, 3, 3, 3, 3, 3, 3, 3, 3, 3, 3, 3, 3, 3, 3, 3, 3, 3, 3, 3, 3, 3, 3, 3, 3, 3, 3, 3, 1, 1, 1, 3, 3, 3, 1, 3, 3, 3, 1, 3, 1, 1, 3, 3, 3, 3, 3, 3, 3, 3, 3, 3, 3, 3, 1, 3, 1, 3, 3, 3, 1, 3, 3, 3, 1, 1, 3, 3, 3, 3, 3, 3, 3, 3, 1, 3, 3, 3, 1, 3, 3, 3, 1, 3, 3, 3, 1, 3, 3, 3, 3, 3, 3, 3, 3, 3, 1, 1, 3, 3, 3, 1, 3, 1, 1, 3, 1, 3, 3, 3, 3, 3, 1, 3, 1, 3, 3, 3, 1, 3, 3, 3, 1, 3, 3, 3, 3, 3, 3, 3, 3, 3, 1, 3, 3, 3, 3, 3, 3, 3, 1, 3, 3, 3, 3, 3, 3, 3, 1, 3, 3, 3, 3, 3, 3, 3, 1, 3, 3, 3, 3, 3, 3, 3, 1, 1, 3, 3, 3, 3, 3, 3, 3, 3, 3, 3, 3, 3, 3, 3, 3, 3, 3, 3, 3, 3, 3, 3, 3, 1, 3, 3, 3, 1, 1, 3, 3, 3, 3, 3, 3, 3, 3, 1, 3, 3, 3, 3, 1, 3, 3, 3, 3, 3, 3, 3, 3, 3, 1, 3, 3, 3, 1, 1, 3, 3, 3, 1, 3, 3, 3, 3, 3, 3, 3, 3, 3, 3, 3, 3, 3, 3, 3, 3, 3, 3, 3, 1, 3, 3, 3, 3, 3, 3, 3, 1, 1, 3, 3, 3, 3, 3, 3, 3, 3, 3, 3, 3, 3, 3, 3, 1, 3, 3, 3, 3, 3, 3, 3, 3, 1, 3, 3, 3, 1, 3, 3, 3, 1, 3, 3, 3, 1, 3, 3, 3, 1, 3, 3, 3, 3, 1, 1, 3, 1, 3, 3, 1, 3, 3, 1, 3, 3, 3, 1, 3, 3, 3, 3, 3, 1, 3, 3, 3, 1, 3, 3, 3, 1, 3, 3, 3, 1, 3, 3, 3, 1, 3, 3, 3, 1, 3, 3, 3, 3, 3, 1, 3, 1, 3, 3, 3, 1, 3, 1, 1, 3, 3, 1, 3, 3, 3, 3, 3, 1, 3, 1, 3, 3, 3, 1, 1, 1, 3, 1, 3, 3, 3, 3, 3, 1, 3, 1, 3, 3, 3, 3, 3, 3, 3, 1, 3, 3, 1, 3, 3, 3, 3, 3, 1, 3, 3]

Counterexample types
segment 0:
Types: 4
(1, 1) : 405
(1, 0) : 52
(0, 1) : 257
(0, 0) : 58
segment 1:
Types: 2
(1, 1) : 547
(0, 1) : 225

