bot_dist
0.0, 3.155973361967843
1.0, 3.160599645989545
2.0, 3.1652507629196203
3.0, 3.1699266034488276
4.0, 3.1746270583325815
5.0, 3.1793519054584642
6.0, 3.184101147514929
7.0, 3.1888746755066957
8.0, 3.1936723805344394
9.0, 3.1984941538023204
10.0, 3.2033398866254053
11.0, 3.2082094704369655
12.0, 3.213102796795667
13.0, 3.218019757392637
14.0, 3.222960244058423
15.0, 3.2279241487698282
16.0, 3.232911363656641
17.0, 3.237921781008244
18.0, 3.2429552932801093
19.0, 3.2480117931001873
20.0, 3.253091173275172
21.0, 3.258193326796664
22.0, 3.2633181468472117
23.0, 3.2684655268062492
24.0, 3.273635360255922
25.0, 3.2788275409867955
26.0, 3.2840419630034634
27.0, 3.289278520530042
28.0, 3.294537108015554
29.0, 3.2998176201392115
30.0, 3.3051199518155854
31.0, 3.310443998199673
32.0, 3.3157896546918573
33.0, 3.3211568169427634
34.0, 3.326545380858009
35.0, 3.331955242602856
36.0, 3.337386298606754
37.0, 3.3428384455677858
38.0, 3.348311580457014
39.0, 3.353805600522721
40.0, 3.3593204032945594
41.0, 3.3648558865875975
42.0, 3.3704119485062685
43.0, 3.3759884874482267
44.0, 3.3815854021081058
45.0, 3.387202591481184
46.0, 3.392839954866952
47.0, 3.398497391872598
48.0, 3.404174802416387
49.0, 3.4098720867309633
50.0, 3.4155891453665546
51.0, 3.4213258791940913
52.0, 3.427082189408235
53.0, 3.432857977530324
54.0, 3.4386531454112337
55.0, 3.444467595234143
56.0, 3.4503012295172315
57.0, 3.4561539511162827
58.0, 3.462025663227209
59.0, 3.467916269388496
60.0, 3.473825673483571
61.0, 3.479753779743084
62.0, 3.4857004927471187
63.0, 3.4916657174273222
64.0, 3.4976493590689652
65.0, 3.5036513233129174
66.0, 3.50967151615756
67.0, 3.515709843960616
68.0, 3.5217662134409187
69.0, 3.527840531680099
70.0, 3.533932706124211
71.0, 3.5400426445852866
72.0, 3.546170255242818
73.0, 3.552315446645184
74.0, 3.558478127710997
75.0, 3.564658207730396
76.0, 3.570855596366273
77.0, 3.5770702036554316
78.0, 3.583301940009692
79.0, 3.5895507162169284
80.0, 3.5958164434420508
81.0, 3.6020990332279235
82.0, 3.6083983974962313
83.0, 3.614714448548285
84.0, 3.6210470990657697
85.0, 3.6273962621114406
86.0, 3.633761851129764
87.0, 3.6401437799475023
88.0, 3.646541962774254
89.0, 3.6529563142029295
90.0, 3.659386749210191
91.0, 3.66583318315683
92.0, 3.6722955317881034
93.0, 3.678773711234022
94.0, 3.685267638009584
95.0, 3.6917772290149724
96.0, 3.6983024015357
97.0, 3.7048430732427136
98.0, 3.711399162192452
99.0, 3.717970586826863
100.0, 3.724557265973376
101.0, 3.724557265973376
102.0, 3.724557265973376
103.0, 3.724557265973376
104.0, 3.724557265973376
105.0, 3.724557265973376
106.0, 3.724557265973376
107.0, 3.724557265973376
108.0, 3.724557265973376
109.0, 3.724557265973376
110.0, 3.724557265973376
111.0, 3.724557265973376
112.0, 3.724557265973376
113.0, 3.724557265973376
114.0, 3.724557265973376
115.0, 3.724557265973376
116.0, 3.724557265973376
117.0, 3.724557265973376
118.0, 3.724557265973376
119.0, 3.724557265973376
120.0, 3.724557265973376
121.0, 3.724557265973376
122.0, 3.724557265973376
123.0, 3.724557265973376
124.0, 3.724557265973376
125.0, 3.724557265973376
126.0, 3.724557265973376
127.0, 3.724557265973376
128.0, 3.724557265973376
129.0, 3.724557265973376
130.0, 3.724557265973376
131.0, 3.717970586826863
132.0, 3.711399162192452
133.0, 3.7048430732427136
134.0, 3.6983024015357
135.0, 3.6917772290149724
136.0, 3.685267638009584
137.0, 3.678773711234022
138.0, 3.6722955317881034
139.0, 3.66583318315683
140.0, 3.659386749210191
141.0, 3.6529563142029295
142.0, 3.646541962774254
143.0, 3.64460028575347
144.0, 3.638226174243403
145.0, 3.631868409868925
146.0, 3.6255270786295903
147.0, 3.619202266904617
148.0, 3.6128940614522804
149.0, 3.606602549409253
150.0, 3.6003278182898875
151.0, 3.5108470483712306
152.0, 3.421386530792071
153.0, 3.3319478502608475
154.0, 3.2425328640367304
155.0, 3.153143587847924
156.0, 3.063782272052405
157.0, 2.974451436689897
158.0, 2.885153912989472
159.0, 2.795892892758628
160.0, 2.7066719874498717
161.0, 2.6174952991822824
162.0, 2.5283675066265046
163.0, 2.4392939694952696
164.0, 2.350280856492502
165.0, 2.2613353030681114
166.0, 2.1724656073542437
167.0, 2.1666314275623977
168.0, 2.0785360655527305
169.0, 1.9906522619371896
170.0, 1.9030091075860276
171.0, 1.8156414521051731
172.0, 1.7285910693675608
173.0, 1.6419084234632229
174.0, 1.6366949664767654
175.0, 1.552364845045192
176.0, 1.4688297432125832
177.0, 1.4640481539312344
178.0, 1.459319423269456
179.0, 1.4546440667228768
180.0, 1.4500226005794437
181.0, 1.3828505890289693
182.0, 1.3786895434620032
183.0, 1.3745886521224076
184.0, 1.3705484549823321
185.0, 1.366569490360351
186.0, 1.362652294656113
187.0, 1.3587974020794718
188.0, 1.2758396697809937
189.0, 1.2722844105276472
190.0, 1.1886476474899619
191.0, 1.1058870528897635
192.0, 1.0242149380202974
193.0, 0.9439138871886381
194.0, 0.8653656656235774
195.0, 0.7890938890281932
196.0, 0.7158265975863625
197.0, 0.6465859506449444
198.0, 0.5828088768882246
199.0, 0.5264846664784547
200.0, 0.4802427956180856
201.0, 0.44722176053737334
202.0, 0.4304748367816055
203.0, 0.43189928079944834
204.0, 0.4513230706012494
205.0, 0.4865954798472019
206.0, 0.5345885610518109
207.0, 0.5922177132238545
208.0, 0.6569519249942617
209.0, 0.726895429412078
210.0, 0.8006842202114398
211.0, 0.8773485221808638
212.0, 0.9561971003503078
213.0, 0.9649835961245768
214.0, 1.0419310160515622
215.0, 1.1205964621691982
216.0, 1.1290780677086536
217.0, 1.137584341731997
218.0, 1.146114734983137
219.0, 1.1546687129023812
220.0, 1.1632457551972186
221.0, 1.1718453554251873
222.0, 1.1804670205886103
223.0, 1.1891102707409635
224.0, 1.1977746386046395
225.0, 1.206459669199859
226.0, 1.2151649194844796
227.0, 1.2238901662583181
228.0, 1.2326347819761063
229.0, 1.2413983573237608
230.0, 1.2501804935889689
231.0, 1.2501804935889689
232.0, 1.2501804935889689
233.0, 1.2501804935889689
234.0, 1.2501804935889689
235.0, 1.2501804935889689
236.0, 1.2501804935889689
237.0, 1.2501804935889689
238.0, 1.2501804935889689
239.0, 1.2501804935889689
240.0, 1.2501804935889689
241.0, 1.2501804935889689
242.0, 1.2501804935889689
243.0, 1.2501804935889689
244.0, 1.2501804935889689
245.0, 1.2501804935889689
246.0, 1.2501804935889689
247.0, 1.2501804935889689
248.0, 1.2501804935889689
249.0, 1.2501804935889689
250.0, 1.2501804935889689
251.0, 1.2501804935889689
252.0, 1.2501804935889689
253.0, 1.2501804935889689
254.0, 1.2501804935889689
255.0, 1.2501804935889689
256.0, 1.2501804935889689
257.0, 1.2501804935889689
258.0, 1.2501804935889689
259.0, 1.2501804935889689
260.0, 1.2501804935889689
261.0, 1.2413983573237608
262.0, 1.2326347819761063
263.0, 1.2238901662583181
264.0, 1.2151649194844796
265.0, 1.206459669199859
266.0, 1.1977746386046395
267.0, 1.1891102707409635
268.0, 1.1804670205886103
269.0, 1.1718453554251873
270.0, 1.1632457551972186
271.0, 1.1546687129023812
272.0, 1.146114734983137
273.0, 1.137584341731997
274.0, 1.1290780677086536
275.0, 1.1205964621691982
276.0, 1.1121400895076436
277.0, 1.1037095297099444
278.0, 1.0953053788206986
279.0, 1.0869282494226984
280.0, 1.078578771129471
281.0, 1.0702575910909293
282.0, 1.0619653745122237
ee_dist
0.0, 1.0520148962881173
1.0, 1.0819890945491966
2.0, 1.172838842730663
3.0, 1.2563029460215622
4.0, 1.285032487293227
5.0, 1.310554461345083
6.0, 1.344387239314259
7.0, 1.3809022626695744
8.0, 1.4209811561435282
9.0, 1.4588610386253706
10.0, 1.494751718354297
11.0, 1.5290848618497668
12.0, 1.5618362376885322
13.0, 1.5917916529874918
14.0, 1.6168286572165882
15.0, 1.642367940215654
16.0, 1.6668361964753966
17.0, 1.6972234360375364
18.0, 1.7226878797793654
19.0, 1.7438685174198003
20.0, 1.7638057948998103
21.0, 1.7360627365891517
22.0, 1.6988080041232205
23.0, 1.658240637153362
24.0, 1.6140674143442006
25.0, 1.5664946839455949
26.0, 1.5156131710582343
27.0, 1.4616683223818308
28.0, 1.40477045214627
29.0, 1.3452792512273735
30.0, 1.283552364109931
31.0, 1.2197120028166324
32.0, 1.1534293631720434
33.0, 1.0871271534578277
34.0, 1.0198999438281025
35.0, 0.9529892049480556
36.0, 0.8867380718678651
37.0, 0.8235961862389294
38.0, 0.76391986755161
39.0, 0.7098585395386107
40.0, 0.6636069224948016
41.0, 0.6782116485108008
42.0, 0.7393621908005933
43.0, 1.0284207285755276
44.0, 0.9862367803149378
45.0, 0.9422660272604757
46.0, 0.8963013750425153
47.0, 0.8481319633500389
48.0, 0.7980107686710799
49.0, 0.7458851004597583
50.0, 0.6923510548426299
51.0, 0.6379799615227029
52.0, 0.5830824357506887
53.0, 0.5277875355696422
54.0, 0.472421907939149
55.0, 0.4173990374530822
56.0, 0.3642387239367487
57.0, 0.31398924057309013
58.0, 0.35198963438251324
59.0, 0.4188509558521831
60.0, 0.4966611139830729
61.0, 0.5847129377346528
62.0, 0.677268228113721
63.0, 0.7688839099625696
64.0, 0.8549820463537867
65.0, 0.9222260740151199
66.0, 0.9801686002503321
67.0, 1.0389210705032856
68.0, 1.0926168193800323
69.0, 1.1454941972462551
70.0, 1.1982853444322232
71.0, 1.2493124208200348
72.0, 1.304328767389848
73.0, 1.3650438072278395
74.0, 1.430348082432925
75.0, 1.5067818297214146
76.0, 1.5924756119608936
77.0, 1.6875966307255554
78.0, 1.7871235689523455
79.0, 1.8859776051244952
80.0, 1.9797115094790005
81.0, 2.058530537820066
82.0, 2.1226329630163185
83.0, 2.1857960276703623
84.0, 2.246245761468221
85.0, 2.3058085095461904
86.0, 2.354802218879405
87.0, 2.3809934403071025
88.0, 2.41170826956525
89.0, 2.451345710480782
90.0, 2.502590394096587
91.0, 2.58648751399744
92.0, 2.678827942825736
93.0, 2.7807478366372793
94.0, 2.8872187053695892
95.0, 2.995081921869282
96.0, 3.0959998923021557
97.0, 3.186823752341096
98.0, 3.2584059151730016
99.0, 3.326947720427949
100.0, 3.3921534353934986
101.0, 3.4567448944314014
102.0, 3.5190964752157328
103.0, 3.582196656064572
104.0, 3.6451446827096476
105.0, 3.7153131661697887
106.0, 3.7889468026303716
107.0, 3.870641563595104
108.0, 3.9612891037198863
109.0, 4.061865651426019
110.0, 4.167738391932762
111.0, 4.276874670778812
112.0, 4.379350315507396
113.0, 4.4748953463338115
114.0, 4.549136686623754
115.0, 4.618186229894548
116.0, 4.683594871498978
117.0, 4.7481140318219195
118.0, 4.810348708359501
119.0, 4.853218045341869
120.0, 4.894442974571642
121.0, 4.936174162595782
122.0, 4.975727732600554
123.0, 5.015265457331181
124.0, 5.052139056942605
125.0, 5.088528014159601
126.0, 5.121821011545854
127.0, 5.154219541025161
128.0, 5.18315263957782
129.0, 5.210838470230331
130.0, 5.234751473631536
131.0, 5.257130095707045
132.0, 5.275493319134675
133.0, 5.292097313503282
134.0, 5.304510167468829
135.0, 5.315001958943649
136.0, 5.3211932702097
137.0, 5.325366969446856
138.0, 5.32519757703678
139.0, 5.322980512581452
140.0, 5.316439957646872
141.0, 5.307888896469557
142.0, 5.295103662577563
143.0, 4.664224009147363
144.0, 4.653609262519468
145.0, 4.644257850875727
146.0, 4.6386711207871105
147.0, 4.634398752806603
148.0, 4.634031956043708
149.0, 4.634983313084823
150.0, 4.63985078002053
151.0, 4.556978530612297
152.0, 4.47544825273493
153.0, 4.392660936387761
154.0, 4.311219466900189
155.0, 4.228527224679867
156.0, 4.147185206237646
157.0, 4.064599671780344
158.0, 3.983369502328381
159.0, 3.900904267987253
160.0, 3.81980047430616
161.0, 3.7374715167278114
162.0, 3.656511332906407
163.0, 3.57433733999357
164.0, 3.493540990016816
165.0, 3.411544798182218
166.0, 3.33093658944689
167.0, 3.3389069302943524
168.0, 3.2604628234117774
169.0, 3.1809776582441396
170.0, 3.102982181384041
171.0, 3.0239866719380135
172.0, 2.9465122666522796
173.0, 2.868087789388969
174.0, 2.881280383300496
175.0, 2.806381963796366
176.0, 2.733194742861643
177.0, 2.748259206373221
178.0, 2.766651878395857
179.0, 2.7860282803646093
180.0, 2.8082483411970154
181.0, 2.7538106330455197
182.0, 2.732083946250089
183.0, 2.7112107858223933
184.0, 2.6933770923655183
185.0, 2.6766075375903653
186.0, 2.6633267253067507
187.0, 2.651287305295842
188.0, 2.5731833874182017
189.0, 2.5634147917606653
190.0, 2.483332184426158
191.0, 2.4021480616994113
192.0, 2.3224382441506033
193.0, 2.2416716007284063
194.0, 2.162418835420486
195.0, 2.08216795009715
196.0, 2.00348361445327
197.0, 1.9238790843046183
198.0, 1.8390692993970734
199.0, 1.769113016412842
200.0, 1.6756131029392627
201.0, 1.6123261471738621
202.0, 1.5365950609283519
203.0, 1.4603129080128834
204.0, 1.3775068191597954
205.0, 1.3125164159272065
206.0, 1.239592920281759
207.0, 1.1680130340571748
208.0, 1.0990676716995846
209.0, 1.0311743292507454
210.0, 0.966819725032792
211.0, 0.9044775144020278
212.0, 0.8468044614590065
213.0, 0.8257257839319324
214.0, 0.7660847460730151
215.0, 0.7102021266611124
216.0, 0.6892827167370772
217.0, 0.6697319784004373
218.0, 0.6539090889943682
219.0, 0.6399546803275006
220.0, 0.6304751793656413
221.0, 0.6232751137803051
222.0, 0.6210071739904508
223.0, 0.6212192140057704
224.0, 0.6264009152877639
225.0, 0.6339857945994729
226.0, 0.6461410863661755
227.0, 0.6603804635367023
228.0, 0.6784634498182881
229.0, 0.6780186012893039
230.0, 0.6784634498182881
231.0, 0.6780186012893039
232.0, 0.6784634498182881
233.0, 0.6780186012893039
234.0, 0.6784634498182881
235.0, 0.6780186012893039
236.0, 0.6784634498182881
237.0, 0.6780186012893039
238.0, 0.6784634498182881
239.0, 0.6780186012893039
240.0, 0.6784634498182881
241.0, 0.6780186012893039
242.0, 0.6784634498182881
243.0, 0.6836407499294407
244.0, 0.6941545006997512
245.0, 0.7059636925896722
246.0, 0.7200796656855566
247.0, 0.7353753559395555
248.0, 0.7526991923032608
249.0, 0.7708758788947796
250.0, 0.7908045024362189
251.0, 0.8112849997579521
252.0, 0.833206682941447
253.0, 0.8553858159312777
254.0, 0.8786575992884031
255.0, 0.9018986635258879
256.0, 0.9258659728555666
257.0, 0.9495418317037676
258.0, 0.9735969177449432
259.0, 0.9971405964826506
260.0, 1.0303676702676345
261.0, 1.0614358646638562
262.0, 1.0916944350639848
263.0, 1.0644717545927682
264.0, 1.0356336683209248
265.0, 1.0053509161937038
266.0, 0.9736646299860732
267.0, 0.9408208207489988
268.0, 0.9068544418412375
269.0, 0.8720360240178199
270.0, 0.836456312688518
271.0, 0.8004350406836784
272.0, 0.7641014082023108
273.0, 0.7278791328399398
274.0, 0.6919473826252502
275.0, 0.6568776382386745
276.0, 0.6229692190902774
277.0, 0.5906688615907463
278.0, 0.5602348098565465
279.0, 0.5328061041520259
280.0, 0.5085614444570407
281.0, 0.4891285707945087
282.0, 0.48701849150442833
ee_box_dist
0.0, 0.8021577102690918
1.0, 0.8394755628591172
2.0, 0.8723452961193836
3.0, 0.9051843574762802
4.0, 0.9413180828358053
5.0, 0.9781463177674298
6.0, 1.0153514285123133
7.0, 1.0518864494132638
8.0, 1.0898589876484637
9.0, 1.1245959142580135
10.0, 1.1567121951259944
11.0, 1.1869701274643552
12.0, 1.2154256496406233
13.0, 1.2411577101933382
14.0, 1.2620867397955255
15.0, 1.2836180543582651
16.0, 1.3042813056096998
17.0, 1.330999495476819
18.0, 1.3528079378671307
19.0, 1.3707823619216206
20.0, 1.3876835976596364
21.0, 1.3621632873994176
22.0, 1.3283985600058106
23.0, 1.2914884958708972
24.0, 1.25122315654664
25.0, 1.2077849463102557
26.0, 1.1612133922070658
27.0, 1.1117121924208317
28.0, 1.0593153628252454
29.0, 1.0043044397883372
30.0, 0.9469013615316137
31.0, 0.8871438789011103
32.0, 0.824532037981818
33.0, 0.7611446765065757
34.0, 0.6958886487657749
35.0, 0.6297053449645988
36.0, 0.5557402463400909
37.0, 0.48728476728817943
38.0, 0.42146849410094084
39.0, 0.35953736247356644
40.0, 0.3040567578542838
41.0, 0.3183752200184281
42.0, 0.3324105867135835
43.0, 0.3467048561791274
44.0, 0.36089836724292734
45.0, 0.37515835486961674
46.0, 0.38925769095402984
47.0, 0.40334600769638795
48.0, 0.4172238686075057
49.0, 0.4310190983738043
50.0, 0.44456306628838366
51.0, 0.45796734064457567
52.0, 0.471087799446393
53.0, 0.48404799514923175
54.0, 0.4967254766433579
55.0, 0.5092606367518668
56.0, 0.5215383206973262
57.0, 0.5336699277121122
58.0, 0.5455384306194315
59.0, 0.557213325723336
60.0, 0.568613538913397
61.0, 0.5797718543296368
62.0, 0.5906394745094442
63.0, 0.6012369157697225
64.0, 0.6115184593372254
65.0, 0.621504844587349
66.0, 0.6311466087786821
67.0, 0.6404709528784497
68.0, 0.649432778206492
69.0, 0.658064367899212
70.0, 0.6663224407599057
71.0, 0.6742363545363541
72.0, 0.6817649919401847
73.0, 0.6889329422122038
74.0, 0.695703935638236
75.0, 0.7020972923043969
76.0, 0.7080810553991902
77.0, 0.7136699097166412
78.0, 0.7188345587639576
79.0, 0.7235870453726677
80.0, 0.7278985335343264
81.0, 0.731779563946508
82.0, 0.7352019546597381
83.0, 0.7381750713956684
84.0, 0.7406708871239615
85.0, 0.7427003925553481
86.0, 0.761972105592022
87.0, 0.8084281474939131
88.0, 0.8467746797452693
89.0, 0.8799979607553273
90.0, 0.9045424720518079
91.0, 0.9032592350502712
92.0, 0.9041573731510605
93.0, 0.9035193889496158
94.0, 0.9041456602791393
95.0, 0.9035376807206176
96.0, 0.9041441961273391
97.0, 0.9035399052186502
98.0, 0.9041440108637198
99.0, 0.9035402019115285
100.0, 0.9041440108637198
101.0, 0.9035402576287472
102.0, 0.9041440108637198
103.0, 0.9035402576287472
104.0, 0.9041440108637198
105.0, 0.9035402576287472
106.0, 0.9041440108637198
107.0, 0.9035402576287472
108.0, 0.9041440108637198
109.0, 0.9035402576287472
110.0, 0.9041440289577967
111.0, 0.9035402576287472
112.0, 0.9041440108637198
113.0, 0.9035402576287472
114.0, 0.9041440108637198
115.0, 0.9021678364624989
116.0, 0.9038789028846805
117.0, 0.9035348800483372
118.0, 0.9041489860912126
119.0, 0.9035412052239964
120.0, 0.9041480359124963
121.0, 0.9035436010027625
122.0, 0.9041477071993855
123.0, 0.9035440091302005
124.0, 0.9041477629226199
125.0, 0.9035440091302005
126.0, 0.9041477629226199
127.0, 0.9035440091302005
128.0, 0.9041477629226199
129.0, 0.9035440091302005
130.0, 0.9041477629226199
131.0, 0.9035440091302005
132.0, 0.9041477629226199
133.0, 0.9035440091302005
134.0, 0.9041477810164449
135.0, 0.9035440091302005
136.0, 0.9041477629226199
137.0, 0.9035440091302005
138.0, 0.9041477629226199
139.0, 0.9035440091302005
140.0, 0.9041477629226199
141.0, 0.9035440091302005
142.0, 0.9041477629226199
143.0, 1.6258274055529796
144.0, 1.6249919478568688
145.0, 1.6236041150973413
146.0, 1.6191474618769623
147.0, 1.614154679568709
148.0, 1.6061434163107453
149.0, 1.5976169303398304
150.0, 1.5861703690345315
151.0, 1.660781499419074
152.0, 1.7350419522762583
153.0, 1.811249711842816
154.0, 1.8868917195382584
155.0, 1.964334865208815
156.0, 2.041055060636952
157.0, 2.1194699858420774
158.0, 2.1970450095588876
159.0, 2.2762359704745307
160.0, 2.3544985456970973
161.0, 2.4343177647680005
162.0, 2.5131404869031937
163.0, 2.5934748761057436
164.0, 2.672759528946199
165.0, 2.7535206516668747
166.0, 2.8331902459583502
167.0, 2.8258410914684484
168.0, 2.9042366150894967
169.0, 2.9841289391292674
170.0, 3.0629718596600983
171.0, 3.1432829732799
172.0, 3.2225081113268472
173.0, 3.303178139405575
174.0, 3.2936773385655345
175.0, 3.3728256610701415
176.0, 3.4509425925521238
177.0, 3.441052701016878
178.0, 3.42792496672714
179.0, 3.414046477950609
180.0, 3.3971500981977365
181.0, 3.4659411343041784
182.0, 3.4813773522739955
183.0, 3.49608663527878
184.0, 3.5076339964523027
185.0, 3.5183911999226756
186.0, 3.5258093665587262
187.0, 3.5323910046139133
188.0, 3.6136305869082386
189.0, 3.617973988867556
190.0, 3.699867186597501
191.0, 3.7830972569181607
192.0, 3.865056679355985
193.0, 3.948349991505992
194.0, 4.030367911426934
195.0, 4.113716811748533
196.0, 4.195786388747526
197.0, 4.279184491326959
198.0, 4.367293511302708
199.0, 4.444607687922109
200.0, 4.542338175936823
201.0, 4.609622778807994
202.0, 4.692615792827775
203.0, 4.776025863465042
204.0, 4.867172759855311
205.0, 4.94094931443852
206.0, 5.024201082319267
207.0, 5.107629308595539
208.0, 5.189999460453599
209.0, 5.273584535134419
210.0, 5.355902413486967
211.0, 5.439525546224945
212.0, 5.521855591697295
213.0, 5.523387190900228
214.0, 5.605727880447617
215.0, 5.689381142807902
216.0, 5.68736591692983
217.0, 5.684367463476985
218.0, 5.6778468600528065
219.0, 5.670348931536434
220.0, 5.659473291347093
221.0, 5.647648749748435
222.0, 5.6326727973739406
223.0, 5.616797110391543
224.0, 5.598073144022591
225.0, 5.57852084497282
226.0, 5.556496553221696
227.0, 5.533738456905499
228.0, 5.508953280792267
229.0, 5.5092446282332554
230.0, 5.508953280792267
231.0, 5.509244654544009
232.0, 5.50895330710154
233.0, 5.509244654544009
234.0, 5.508953333410813
235.0, 5.509244680854762
236.0, 5.508953333410813
237.0, 5.509244680854762
238.0, 5.508953359720085
239.0, 5.509244707165515
240.0, 5.508953359720085
241.0, 5.509244707165515
242.0, 5.508953359720085
243.0, 5.508175876395494
244.0, 5.508678597974566
245.0, 5.50851327575309
246.0, 5.507299020515611
247.0, 5.505383101428714
248.0, 5.50231455700576
249.0, 5.4984695793607745
250.0, 5.493418124389908
251.0, 5.487606768764924
252.0, 5.4806111058768225
253.0, 5.472975483144935
254.0, 5.464244242278479
255.0, 5.455059130865858
256.0, 5.444914804593165
257.0, 5.4345225549429275
258.0, 5.423335681067936
259.0, 5.412104863975346
260.0, 5.39555637715289
261.0, 5.380468284466465
262.0, 5.365141868657224
263.0, 5.390446875229164
264.0, 5.416543108588145
265.0, 5.443171816911287
266.0, 5.470146733008811
267.0, 5.497231579555372
268.0, 5.524232919602374
269.0, 5.550914462234573
270.0, 5.5770985934055926
271.0, 5.602553490959849
272.0, 5.627135786338755
273.0, 5.650605469916149
274.0, 5.672836541543035
275.0, 5.693589107489658
276.0, 5.712797852796712
277.0, 5.730460420843709
278.0, 5.746701334672651
279.0, 5.760989195071412
280.0, 5.773643654474343
281.0, 5.7840086298744
282.0, 5.787977125030343
spot_hold
0, 0
1, 0
2, 0
3, 0
4, 0
5, 0
6, 0
7, 0
8, 0
9, 0
10, 0
11, 0
12, 0
13, 0
14, 0
15, 0
16, 0
17, 0
18, 0
19, 0
20, 0
21, 0
22, 0
23, 0
24, 0
25, 0
26, 0
27, 0
28, 0
29, 0
30, 0
31, 0
32, 0
33, 0
34, 0
35, 0
36, 0
37, 0
38, 0
39, 0
40, 0
41, 1
42, 1
43, 1
44, 1
45, 1
46, 1
47, 1
48, 1
49, 1
50, 1
51, 1
52, 1
53, 1
54, 1
55, 1
56, 1
57, 1
58, 1
59, 1
60, 1
61, 1
62, 1
63, 1
64, 1
65, 1
66, 1
67, 1
68, 1
69, 1
70, 1
71, 1
72, 1
73, 1
74, 1
75, 1
76, 1
77, 1
78, 1
79, 1
80, 1
81, 1
82, 1
83, 1
84, 1
85, 1
86, 1
87, 1
88, 1
89, 1
90, 1
91, 1
92, 1
93, 1
94, 1
95, 1
96, 1
97, 1
98, 1
99, 1
100, 1
101, 1
102, 1
103, 1
104, 1
105, 1
106, 1
107, 1
108, 1
109, 1
110, 1
111, 1
112, 1
113, 1
114, 1
115, 1
116, 1
117, 1
118, 1
119, 1
120, 1
121, 1
122, 1
123, 1
124, 1
125, 1
126, 1
127, 1
128, 1
129, 1
130, 1
131, 1
132, 1
133, 1
134, 1
135, 1
136, 1
137, 1
138, 1
139, 1
140, 1
141, 1
142, 1
143, 1
144, 1
145, 1
146, 1
147, 1
148, 1
149, 1
150, 1
151, 1
152, 1
153, 1
154, 1
155, 1
156, 1
157, 1
158, 1
159, 1
160, 1
161, 1
162, 1
163, 1
164, 1
165, 1
166, 1
167, 1
168, 1
169, 1
170, 1
171, 1
172, 1
173, 1
174, 1
175, 1
176, 1
177, 1
178, 1
179, 1
180, 1
181, 1
182, 1
183, 1
184, 1
185, 1
186, 1
187, 1
188, 1
189, 1
190, 1
191, 1
192, 1
193, 1
194, 1
195, 1
196, 1
197, 1
198, 1
199, 1
200, 1
201, 1
202, 1
203, 1
204, 1
205, 1
206, 1
207, 1
208, 1
209, 1
210, 1
211, 1
212, 1
213, 1
214, 1
215, 1
216, 1
217, 1
218, 1
219, 1
220, 1
221, 1
222, 1
223, 1
224, 1
225, 1
226, 1
227, 1
228, 1
229, 1
230, 1
231, 1
232, 1
233, 1
234, 1
235, 1
236, 1
237, 1
238, 1
239, 1
240, 1
241, 1
242, 1
243, 1
244, 1
245, 1
246, 1
247, 1
248, 1
249, 1
250, 1
251, 1
252, 1
253, 1
254, 1
255, 1
256, 1
257, 1
258, 1
259, 1
260, 1
261, 1
262, 1
263, 1
264, 1
265, 1
266, 1
267, 1
268, 1
269, 1
270, 1
271, 1
272, 1
273, 1
274, 1
275, 1
276, 1
277, 1
278, 1
279, 1
280, 1
281, 1
282, 1
