bot_dist
0.0, 3.724557265973376
1.0, 3.7311591188448365
2.0, 3.7377760650394
3.0, 3.7444080245403804
4.0, 3.7510549177160675
5.0, 3.7577166653195033
6.0, 3.764393188488218
7.0, 3.771084408743934
8.0, 3.777790247992232
9.0, 3.784510628522183
10.0, 3.7912454730059424
11.0, 3.797994704498318
12.0, 3.804758246436298
13.0, 3.8115360226385495
14.0, 3.818327957304885
15.0, 3.825133975015703
16.0, 3.8319540007313897
17.0, 3.8387879597916976
18.0, 3.8456357779150943
19.0, 3.8524973811980834
20.0, 3.859372696114497
21.0, 3.866261649514761
22.0, 3.8731641686251375
23.0, 3.8800801810469374
24.0, 3.8870096147557116
25.0, 3.8939523981004163
26.0, 3.900908459802557
27.0, 3.9078777289553037
28.0, 3.914860135022591
29.0, 3.9218556078381908
30.0, 3.9288640776047665
31.0, 3.9358854748929093
32.0, 3.9429197306401425
33.0, 3.9499667761499233
34.0, 3.9570265430906115
35.0, 3.964098963494426
36.0, 3.9711839697563827
37.0, 3.9782814946332126
38.0, 3.985391471242268
39.0, 3.9925138330604035
40.0, 3.999648513922852
41.0, 4.006795448022073
42.0, 4.013954569906598
43.0, 4.021125814479852
44.0, 4.028309116998964
45.0, 4.035504413073566
46.0, 4.042711638664574
47.0, 4.049930730082963
48.0, 4.057161623988519
49.0, 4.0644042573885955
50.0, 4.071658567636835
51.0, 4.078924492431906
52.0, 4.086201969816206
53.0, 4.093490938174572
54.0, 4.100791336232967
55.0, 4.108103103057166
56.0, 4.11542617805143
57.0, 4.12276050095717
58.0, 4.130106011851605
59.0, 4.137462651146406
60.0, 4.144830359586343
61.0, 4.152209078247914
62.0, 4.159598748537972
63.0, 4.166999312192343
64.0, 4.174410711274441
65.0, 4.181832888173875
66.0, 4.189265785605043
67.0, 4.196709346605738
68.0, 4.204163514535729
69.0, 4.21162823307535
70.0, 4.21910344622408
71.0, 4.226589098299118
72.0, 4.234085133933956
73.0, 4.241591498076946
74.0, 4.249108135989864
75.0, 4.256634993246476
76.0, 4.264172015731088
77.0, 4.271719149637105
78.0, 4.279276341465588
79.0, 4.286843538023797
80.0, 4.294420686423748
81.0, 4.302007734080746
82.0, 4.309604628711947
83.0, 4.317211318334886
84.0, 4.324827751266031
85.0, 4.332453876119312
86.0, 4.340089641804677
87.0, 4.347734997526619
88.0, 4.355389892782717
89.0, 4.363054277362182
90.0, 4.370728101344393
91.0, 4.378411315097431
92.0, 4.386103869276627
93.0, 4.393805714823098
94.0, 4.401516802962287
95.0, 4.40923708520251
96.0, 4.416966513333493
97.0, 4.424705039424918
98.0, 4.432452615824971
99.0, 4.440209195158886
100.0, 4.447974730327495
101.0, 4.447974730327495
102.0, 4.447974730327495
103.0, 4.447974730327495
104.0, 4.447974730327495
105.0, 4.447974730327495
106.0, 4.447974730327495
107.0, 4.447974730327495
108.0, 4.447974730327495
109.0, 4.447974730327495
110.0, 4.447974730327495
111.0, 4.447974730327495
112.0, 4.447974730327495
113.0, 4.447974730327495
114.0, 4.447974730327495
115.0, 4.447974730327495
116.0, 4.447974730327495
117.0, 4.447974730327495
118.0, 4.447974730327495
119.0, 4.447974730327495
120.0, 4.447974730327495
121.0, 4.447974730327495
122.0, 4.447974730327495
123.0, 4.447974730327495
124.0, 4.447974730327495
125.0, 4.447974730327495
126.0, 4.447974730327495
127.0, 4.447974730327495
128.0, 4.447974730327495
129.0, 4.447974730327495
130.0, 4.447974730327495
131.0, 4.440209195158886
132.0, 4.432452615824971
133.0, 4.424705039424918
134.0, 4.416966513333493
135.0, 4.40923708520251
136.0, 4.401516802962287
137.0, 4.393805714823098
138.0, 4.386103869276627
139.0, 4.378411315097431
140.0, 4.370728101344393
141.0, 4.363054277362182
142.0, 4.355389892782717
143.0, 4.3514668920884105
144.0, 4.343828104693374
145.0, 4.33619892220422
146.0, 4.328579395407294
147.0, 4.320969575382662
148.0, 4.313369513505563
149.0, 4.305779261447844
150.0, 4.298198871179415
151.0, 4.208923216705246
152.0, 4.119673281967437
153.0, 4.030450737068537
154.0, 3.9412574835252965
155.0, 3.852095556016215
156.0, 3.762967181313634
157.0, 3.6738748013963343
158.0, 3.584821099965005
159.0, 3.495809032956683
160.0, 3.4068418637759885
161.0, 3.3179232041112168
162.0, 3.229057061389673
163.0, 3.140247894158876
164.0, 3.0515006769712305
165.0, 2.9628209767163423
166.0, 2.87421504280956
167.0, 2.8663211749948303
168.0, 2.776349028848356
169.0, 2.6864092393007706
170.0, 2.596505007786693
171.0, 2.506640160328103
172.0, 2.416819090193868
173.0, 2.3270468666378052
174.0, 2.3190632375868225
175.0, 2.2283779903921457
176.0, 2.1377185595334014
177.0, 2.1297457267016706
178.0, 2.1217900651697432
179.0, 2.1138517688145853
180.0, 2.105931034010043
181.0, 2.017761942793699
182.0, 2.009943382686999
183.0, 2.002144236823721
184.0, 1.994364732967407
185.0, 1.9866051018711297
186.0, 1.9788655773132184
187.0, 1.971146396133094
188.0, 1.8824688863524202
189.0, 1.87473462242438
190.0, 1.787985841481263
191.0, 1.70149482698273
192.0, 1.6153027718695492
193.0, 1.5294602201491987
194.0, 1.4440295034649226
195.0, 1.359088286456916
196.0, 1.2747344254944124
197.0, 1.191092717778793
198.0, 1.108324406841112
199.0, 1.0266407555238892
200.0, 0.9463226789285726
201.0, 0.8677494488937274
202.0, 0.7914409144750562
203.0, 0.7181193896587028
204.0, 0.6487983632465414
205.0, 0.5849019543033883
206.0, 0.5284017390143447
207.0, 0.48190623682182526
208.0, 0.4485375859736743
209.0, 0.431353025517775
210.0, 0.4322869658739595
211.0, 0.451226731020672
212.0, 0.486072382653794
213.0, 0.48285281960124743
214.0, 0.5362400894880192
215.0, 0.5980378827018609
216.0, 0.5972689505139733
217.0, 0.5966666481110974
218.0, 0.5962314804727534
219.0, 0.5959638137201463
220.0, 0.5958638735814762
221.0, 0.5959317444420227
222.0, 0.5961673689883014
223.0, 0.5965705484497915
224.0, 0.5971409434358584
225.0, 0.5978780753596671
226.0, 0.5987813284351998
227.0, 0.5998499522280518
228.0, 0.6010830647355655
229.0, 0.6024796559671823
230.0, 0.6040385919916865
231.0, 0.6040385919916865
232.0, 0.6040385919916865
233.0, 0.6040385919916865
234.0, 0.6040385919916865
235.0, 0.6040385919916865
236.0, 0.6040385919916865
237.0, 0.6040385919916865
238.0, 0.6040385919916865
239.0, 0.6040385919916865
240.0, 0.6040385919916865
241.0, 0.6040385919916865
242.0, 0.6040385919916865
243.0, 0.6040385919916865
244.0, 0.6040385919916865
245.0, 0.6040385919916865
246.0, 0.6040385919916865
247.0, 0.6040385919916865
248.0, 0.6040385919916865
249.0, 0.6040385919916865
250.0, 0.6040385919916865
251.0, 0.6040385919916865
252.0, 0.6040385919916865
253.0, 0.6040385919916865
254.0, 0.6040385919916865
255.0, 0.6040385919916865
256.0, 0.6040385919916865
257.0, 0.6040385919916865
258.0, 0.6040385919916865
259.0, 0.6040385919916865
260.0, 0.6040385919916865
261.0, 0.6024796559671823
262.0, 0.6010830647355655
263.0, 0.5998499522280518
264.0, 0.5987813284351998
265.0, 0.5978780753596671
266.0, 0.5971409434358584
267.0, 0.5965705484497915
268.0, 0.5961673689883014
269.0, 0.5959317444420227
270.0, 0.5958638735814762
271.0, 0.5959638137201463
272.0, 0.5962314804727534
273.0, 0.5966666481110974
274.0, 0.5972689505139733
275.0, 0.5980378827018609
276.0, 0.598972802941433
277.0, 0.6000729353995555
278.0, 0.6013373733214095
279.0, 0.6027650827027686
280.0, 0.6043549064223681
281.0, 0.6061055687967514
282.0, 0.6080156805170476
ee_dist
0.0, 0.9067090311718594
1.0, 0.9135796779690193
2.0, 0.9902895120267804
3.0, 1.0668084496241736
4.0, 1.0931227603764144
5.0, 1.1183543932254534
6.0, 1.1531923732602252
7.0, 1.189399452348517
8.0, 1.2257444625114005
9.0, 1.2672600774156786
10.0, 1.303880996761545
11.0, 1.3379912267336829
12.0, 1.3707415582104514
13.0, 1.4010461758265216
14.0, 1.4296171926298382
15.0, 1.4551657494354155
16.0, 1.4798396653626995
17.0, 1.5015097348827688
18.0, 1.5228308294673512
19.0, 1.541124944608943
20.0, 1.5596372518145616
21.0, 1.5354585259520641
22.0, 1.5013335261270613
23.0, 1.4642389250935717
24.0, 1.4236939903519468
25.0, 1.3798830184263151
26.0, 1.3328186123042698
27.0, 1.2827153983923236
28.0, 1.2296093824850154
29.0, 1.1737871629657952
30.0, 1.1153201436427702
31.0, 1.054583339569746
32.0, 0.9917095787733107
33.0, 0.9271901109106431
34.0, 0.8612779838626599
35.0, 0.7946766894753454
36.0, 0.7279128220609538
37.0, 0.6621165658444936
38.0, 0.5980452328914988
39.0, 0.5380574605954707
40.0, 0.4851420214453882
41.0, 0.5004645364771005
42.0, 0.7070745089610102
43.0, 1.1918432644970085
44.0, 1.1516117640135675
45.0, 1.1098667611257917
46.0, 1.0654707300433286
47.0, 1.0191171269759374
48.0, 0.9702442262175897
49.0, 0.9193854856739268
50.0, 0.866693156915023
51.0, 0.8128818054849616
52.0, 0.7580486753656707
53.0, 0.702295755762741
54.0, 0.6457236048470186
55.0, 0.5884852801012033
56.0, 0.5315172509408057
57.0, 0.47512055169172596
58.0, 0.5266200795154609
59.0, 0.6009026725339466
60.0, 0.684113095734569
61.0, 0.775848472050053
62.0, 0.8705427816160886
63.0, 0.9630685269668939
64.0, 1.049360774389293
65.0, 1.115983992669903
66.0, 1.1724255238143628
67.0, 1.230014453120355
68.0, 1.2829457075466055
69.0, 1.335397347843483
70.0, 1.388198839168582
71.0, 1.4393275564141748
72.0, 1.4954906704800484
73.0, 1.5569670237788866
74.0, 1.6231705437792208
75.0, 1.7004518789478003
76.0, 1.7869596665010563
77.0, 1.8828184667414145
78.0, 1.982881368212198
79.0, 2.081990135000211
80.0, 2.1757463890901123
81.0, 2.254281685551963
82.0, 2.317848388504273
83.0, 2.3803682890228917
84.0, 2.440338220940682
85.0, 2.49963181326085
86.0, 2.5483283824375422
87.0, 2.5766374735086117
88.0, 2.607461579371803
89.0, 2.646852790831956
90.0, 2.6985225830369344
91.0, 2.7824282742168713
92.0, 2.8760159121142572
93.0, 2.9778251032735907
94.0, 3.085467678254109
95.0, 3.192893394983043
96.0, 3.2946445543319767
97.0, 3.384662628035711
98.0, 3.456759498696274
99.0, 3.52415917277942
100.0, 3.5898287444701276
101.0, 3.653545300693146
102.0, 3.7165544112942843
103.0, 3.778986755574338
104.0, 3.8429509751920046
105.0, 3.9125755712488486
106.0, 3.9872358471855693
107.0, 4.068503680437255
108.0, 4.160173157579252
109.0, 4.260329914892918
110.0, 4.3672137599212455
111.0, 4.47581041262194
112.0, 4.579091828425819
113.0, 4.673867875539522
114.0, 4.74870503902111
115.0, 4.816682212483145
116.0, 4.861066974006394
117.0, 4.905860993378338
118.0, 4.949609274152858
119.0, 4.9917210443563365
120.0, 5.032467631880933
121.0, 5.071073857616927
122.0, 5.107852211685675
123.0, 5.142061984902756
124.0, 5.174045342388673
125.0, 5.2030986343309795
126.0, 5.229592500346135
127.0, 5.252861695151427
128.0, 5.27330969865914
129.0, 5.290308849444001
130.0, 5.304292210222893
131.0, 5.31467198851407
132.0, 5.321908640142806
133.0, 5.3254555199153195
134.0, 5.325804483750533
135.0, 5.322444562037287
136.0, 5.315902196048694
137.0, 5.3057007126155415
138.0, 5.292399590324543
139.0, 5.275559577682408
140.0, 5.25454769700917
141.0, 5.254423131315891
142.0, 5.25454769700917
143.0, 4.62395398995524
144.0, 4.612344260655575
145.0, 4.603469315703113
146.0, 4.5968491377994924
147.0, 4.593108698356757
148.0, 4.591705159756579
149.0, 4.593228510986474
150.0, 4.59708947924125
151.0, 4.514924777300873
152.0, 4.4325140067420445
153.0, 4.350428536071066
154.0, 4.268100946158501
155.0, 4.186103900695948
156.0, 4.10386970643806
157.0, 4.0219720065445035
158.0, 3.93984302509975
159.0, 3.858057473620693
160.0, 3.7760475595019356
161.0, 3.694389212324378
162.0, 3.612514760523496
163.0, 3.531001597091583
164.0, 3.4492820944011373
165.0, 3.367935221794679
166.0, 3.2863940553895103
167.0, 3.294899993682797
168.0, 3.2154665232900213
169.0, 3.136520650629844
170.0, 3.057522567458546
171.0, 2.9790459473895203
172.0, 2.900555436622728
173.0, 2.822627018775335
174.0, 2.8348483575655115
175.0, 2.7603400012836694
176.0, 2.6860790451536536
177.0, 2.7016557984914686
178.0, 2.719220382074872
179.0, 2.739089665912616
180.0, 2.760635586173716
181.0, 2.706196651299629
182.0, 2.683997052927066
183.0, 2.663855328269593
184.0, 2.645515727737892
185.0, 2.6296235685647447
186.0, 2.6158251475043857
187.0, 2.6047855831461715
188.0, 2.5256781241362876
189.0, 2.5169592561976164
190.0, 2.435923833897219
191.0, 2.355350555744406
192.0, 2.2746736429591827
193.0, 2.194498588540163
194.0, 2.1142637926947487
195.0, 2.0345828814817026
196.0, 1.954901056304452
197.0, 1.8758428558129991
198.0, 1.7968640589911185
199.0, 1.7186043668178197
200.0, 1.6405359809407742
201.0, 1.5633205017393432
202.0, 1.486456092436664
203.0, 1.4106369499115416
204.0, 1.3354028142984948
205.0, 1.2614982241233712
206.0, 1.188530449953807
207.0, 1.1173247183612363
208.0, 1.0475997589563282
209.0, 0.9803095198090611
210.0, 0.9153578634774542
211.0, 0.8539050459336603
212.0, 0.7961482527446496
213.0, 0.7756932328441736
214.0, 0.7162615664527525
215.0, 0.6623079138233222
216.0, 0.6406620176849072
217.0, 0.6216594966145824
218.0, 0.6050497287707033
219.0, 0.5918364050784082
220.0, 0.5816250667502082
221.0, 0.575398744057207
222.0, 0.5725617895099425
223.0, 0.5739615423040825
224.0, 0.5666511462336663
225.0, 0.5887231602424183
226.0, 0.5991449084049989
227.0, 0.6153879136971859
228.0, 0.633387515466156
229.0, 0.6540204848838119
230.0, 0.6538621343569727
231.0, 0.6540071701340024
232.0, 0.65385939712605
233.0, 0.6540039906436199
234.0, 0.653858942099581
235.0, 0.6540035661611819
236.0, 0.653858942099581
237.0, 0.6540035661611819
238.0, 0.6538593900594325
239.0, 0.6540035967958903
240.0, 0.653858942099581
241.0, 0.6540035967958903
242.0, 0.653858942099581
243.0, 0.659080619863776
244.0, 0.6702471163150896
245.0, 0.6825242658454203
246.0, 0.6968415582017934
247.0, 0.7121780686453323
248.0, 0.7292854045432653
249.0, 0.7470960816405718
250.0, 0.7664212034267451
251.0, 0.7861752009919446
252.0, 0.8071694719340763
253.0, 0.8283382982393569
254.0, 0.8504363498408326
255.0, 0.8724664628443345
256.0, 0.8950963133232248
257.0, 0.9174323694087014
258.0, 0.9400555932501115
259.0, 0.9621921136356729
260.0, 0.9922525511977643
261.0, 1.0175584986623323
262.0, 1.041540408619039
263.0, 1.0201272687991099
264.0, 0.9957833824041074
265.0, 0.9703586512314952
266.0, 0.9437912258764702
267.0, 0.9162940195101603
268.0, 0.8879316666389356
269.0, 0.858954737109701
270.0, 0.8294566952013239
271.0, 0.7997415684436223
272.0, 0.7699402628867543
273.0, 0.7404210197260354
274.0, 0.7104795812378871
275.0, 0.6624090392282665
276.0, 0.6266283362633375
277.0, 0.5995291783832805
278.0, 0.5744597553457629
279.0, 0.5513414673852063
280.0, 0.5302170622518046
281.0, 0.5140707821952346
282.0, 0.5099682248298619
ee_box_dist
0.0, 0.8347902475251266
1.0, 0.8728667536280215
2.0, 0.9017453905684542
3.0, 0.9370391389870177
4.0, 0.9721768743777013
5.0, 1.0082311908832613
6.0, 1.0452128803113936
7.0, 1.0790020829496108
8.0, 1.1113896262639789
9.0, 1.1482715351798953
10.0, 1.1797154650707806
11.0, 1.2084858534868361
12.0, 1.2358926675688002
13.0, 1.2610357755991888
14.0, 1.2846046179708157
15.0, 1.305441175774285
16.0, 1.3256213267909234
17.0, 1.3431326137956174
18.0, 1.360512384137768
19.0, 1.3752005995168242
20.0, 1.3902942767369362
21.0, 1.3664955549752753
22.0, 1.3335220811266109
23.0, 1.2977644666865753
24.0, 1.258800342432169
25.0, 1.2168352215225233
26.0, 1.1719006443180633
27.0, 1.1242290120637437
28.0, 1.073871508300701
29.0, 1.0211291051846185
30.0, 0.9660858209403171
31.0, 0.9091301941837477
32.0, 0.8503903548732317
33.0, 0.7903388885404574
34.0, 0.7291859402514056
35.0, 0.6676997815322799
36.0, 0.606437838623287
37.0, 0.5469406710187072
38.0, 0.4730181037065752
39.0, 0.41081139171226405
40.0, 0.3570696750550125
41.0, 0.3695222665185476
42.0, 0.3825706191363588
43.0, 0.3954691487439291
44.0, 0.4087860393129557
45.0, 0.42182752576830274
46.0, 0.43518848924068654
47.0, 0.44822821203111846
48.0, 0.46142074838734637
49.0, 0.4743457366663615
50.0, 0.48719205873839366
51.0, 0.49985686953389336
52.0, 0.512275469750822
53.0, 0.5245568244866746
54.0, 0.5365710169614719
55.0, 0.548501238942152
56.0, 0.560214946002807
57.0, 0.5718574798200492
58.0, 0.5832872779064114
59.0, 0.5945827650000877
60.0, 0.6056541699163469
61.0, 0.6165219366182548
62.0, 0.6271468762288556
63.0, 0.6375317900944826
64.0, 0.647637810216915
65.0, 0.6574691507331749
66.0, 0.6669788647838572
67.0, 0.6761858828143524
68.0, 0.6850470892355237
69.0, 0.6935939488698114
70.0, 0.7017836903465754
71.0, 0.7096439814952555
72.0, 0.7171350283782495
73.0, 0.7242791004619212
74.0, 0.7310414258900209
75.0, 0.7374390868361695
76.0, 0.743440726718215
77.0, 0.7490609831998238
78.0, 0.7542704166946832
79.0, 0.7590807925441967
80.0, 0.7634642525990386
81.0, 0.7674306777193838
82.0, 0.7709533243923399
83.0, 0.7739768441332774
84.0, 0.7766462720388733
85.0, 0.7788218637531917
86.0, 0.7972901221590363
87.0, 0.8392963813042323
88.0, 0.8764587060862074
89.0, 0.9090583222203172
90.0, 0.9328534631138583
91.0, 0.9321897576947019
92.0, 0.9322866315128857
93.0, 0.9323715016108978
94.0, 0.932214626401583
95.0, 0.9324035070926222
96.0, 0.9322162569445108
97.0, 0.9324070614968888
98.0, 0.932216382283044
99.0, 0.9324074026594111
100.0, 0.9322163283262256
101.0, 0.9324073661403662
102.0, 0.9322161934341826
103.0, 0.9324072582313484
104.0, 0.932216122052467
105.0, 0.9324072312540945
106.0, 0.9322160141388349
107.0, 0.9324070249778497
108.0, 0.9322158252899855
109.0, 0.9324068900915858
110.0, 0.9322157173763611
111.0, 0.9324068361370814
112.0, 0.93221566341955
113.0, 0.9324067821825779
114.0, 0.9322156094627395
115.0, 0.9313263685315816
116.0, 0.9324129452029405
117.0, 0.9323976181543603
118.0, 0.9322158511010584
119.0, 0.9324067539170998
120.0, 0.9322156526989099
121.0, 0.9324068157652678
122.0, 0.9322156108751787
123.0, 0.9324065825119896
124.0, 0.9322155569184299
125.0, 0.93240652855754
126.0, 0.9322153680698146
127.0, 0.9324063127397479
128.0, 0.9322152871346965
129.0, 0.9324063127397479
130.0, 0.9322151252644646
131.0, 0.9324060429675233
132.0, 0.9322149364158688
133.0, 0.9324059350586383
134.0, 0.9322148554807588
135.0, 0.932405827149756
136.0, 0.9322148285023891
137.0, 0.9324057287826076
138.0, 0.9322145952505176
139.0, 0.9324055399420703
140.0, 0.9322144603586764
141.0, 0.9324054320331958
142.0, 0.9322143794235735
143.0, 1.6476039160904286
144.0, 1.6496082464964812
145.0, 1.649638959782835
146.0, 1.6479795853807095
147.0, 1.6443543159145995
148.0, 1.6390533465760486
149.0, 1.6318262921557651
150.0, 1.6229595925939677
151.0, 1.699103748127263
152.0, 1.7760170973147216
153.0, 1.853354692209862
154.0, 1.9313286371387697
155.0, 2.0095894662247376
156.0, 2.088391792378249
157.0, 2.167378961909541
158.0, 2.2468390235891142
159.0, 2.326406902077726
160.0, 2.406396962817095
161.0, 2.486435506542504
162.0, 2.566858460253554
163.0, 2.6472834050996448
164.0, 2.728064073307185
165.0, 2.808809920118064
166.0, 2.889889425995574
167.0, 2.882844403398025
168.0, 2.9628158043192845
169.0, 3.0427815787871717
170.0, 3.123112048090705
171.0, 3.2034048022246657
172.0, 3.284042205120017
173.0, 3.3646158267076967
174.0, 3.3566938911291935
175.0, 3.435907696056554
176.0, 3.515505480303286
177.0, 3.505668254086943
178.0, 3.4939782594008504
179.0, 3.480121016942445
180.0, 3.4645255854524173
181.0, 3.5340561127317347
182.0, 3.549504251945322
183.0, 3.5628483488810385
184.0, 3.5743791795273
185.0, 3.583655058591083
186.0, 3.5910253120509803
187.0, 3.59604208504479
188.0, 3.678356088091679
189.0, 3.681124907448853
190.0, 3.7639089222562667
191.0, 3.846503951701309
192.0, 3.9293442427217102
193.0, 4.011989502440836
194.0, 4.094879450615132
195.0, 4.17756905192141
196.0, 4.260502728761396
197.0, 4.343231632298223
198.0, 4.426204324722535
199.0, 4.508968254311914
200.0, 4.591975835613948
201.0, 4.674770999340993
202.0, 4.757809911092708
203.0, 4.840633184213772
204.0, 4.923700181762123
205.0, 5.006548674411737
206.0, 5.0896414015662454
207.0, 5.172512615138672
208.0, 5.255628082518373
209.0, 5.338520215141407
210.0, 5.4216571227557315
211.0, 5.504568016341962
212.0, 5.587723343224689
213.0, 5.587937042283879
214.0, 5.670983448828347
215.0, 5.753802060029702
216.0, 5.752013521190036
217.0, 5.747705810244344
218.0, 5.74137565595994
219.0, 5.732595219764584
220.0, 5.7218700302166035
221.0, 5.708820173638396
222.0, 5.693948843358007
223.0, 5.676936495574427
224.0, 5.665954170501215
225.0, 5.637044901285394
226.0, 5.6161296821265845
227.0, 5.591904979072676
228.0, 5.5671208083917225
229.0, 5.541120194382875
230.0, 5.541170687012339
231.0, 5.541127390623743
232.0, 5.541172023498552
233.0, 5.541129051314165
234.0, 5.541172151088799
235.0, 5.541129188630461
236.0, 5.5411719424508865
237.0, 5.541129032154448
238.0, 5.541171473015591
239.0, 5.541128937581117
240.0, 5.541171681653498
241.0, 5.54112875502577
242.0, 5.54117149909533
243.0, 5.540952002047152
244.0, 5.541867124583725
245.0, 5.542221455343573
246.0, 5.541732992584081
247.0, 5.540648355565921
248.0, 5.538622200750109
249.0, 5.535927624807405
250.0, 5.532242348560977
251.0, 5.52790202112518
252.0, 5.522582170574237
253.0, 5.516709679505159
254.0, 5.509929181620439
255.0, 5.502751289662483
256.0, 5.494776179119434
257.0, 5.48658066037808
258.0, 5.477721661350689
259.0, 5.46881616067419
260.0, 5.456203299254505
261.0, 5.445959411332635
262.0, 5.435377481860764
263.0, 5.453387884533432
264.0, 5.474461349719115
265.0, 5.495813680166841
266.0, 5.517436314559918
267.0, 5.539148984155886
268.0, 5.560785132276606
269.0, 5.582176014541659
270.0, 5.603157222722799
271.0, 5.6235675622857455
272.0, 5.643254167158261
273.0, 5.66206832687505
274.0, 5.680896114315118
275.0, 5.721197093222284
276.0, 5.745427283624809
277.0, 5.759874782557623
278.0, 5.772919020356923
279.0, 5.785073073414927
280.0, 5.796162902032254
281.0, 5.804240500350374
282.0, 5.806914364951161
spot_hold
0, 0
1, 0
2, 0
3, 0
4, 0
5, 0
6, 0
7, 0
8, 0
9, 0
10, 0
11, 0
12, 0
13, 0
14, 0
15, 0
16, 0
17, 0
18, 0
19, 0
20, 0
21, 0
22, 0
23, 0
24, 0
25, 0
26, 0
27, 0
28, 0
29, 0
30, 0
31, 0
32, 0
33, 0
34, 0
35, 0
36, 0
37, 0
38, 0
39, 0
40, 0
41, 1
42, 1
43, 1
44, 1
45, 1
46, 1
47, 1
48, 1
49, 1
50, 1
51, 1
52, 1
53, 1
54, 1
55, 1
56, 1
57, 1
58, 1
59, 1
60, 1
61, 1
62, 1
63, 1
64, 1
65, 1
66, 1
67, 1
68, 1
69, 1
70, 1
71, 1
72, 1
73, 1
74, 1
75, 1
76, 1
77, 1
78, 1
79, 1
80, 1
81, 1
82, 1
83, 1
84, 1
85, 1
86, 1
87, 1
88, 1
89, 1
90, 1
91, 1
92, 1
93, 1
94, 1
95, 1
96, 1
97, 1
98, 1
99, 1
100, 1
101, 1
102, 1
103, 1
104, 1
105, 1
106, 1
107, 1
108, 1
109, 1
110, 1
111, 1
112, 1
113, 1
114, 1
115, 1
116, 1
117, 1
118, 1
119, 1
120, 1
121, 1
122, 1
123, 1
124, 1
125, 1
126, 1
127, 1
128, 1
129, 1
130, 1
131, 1
132, 1
133, 1
134, 1
135, 1
136, 1
137, 1
138, 1
139, 1
140, 1
141, 1
142, 1
143, 1
144, 1
145, 1
146, 1
147, 1
148, 1
149, 1
150, 1
151, 1
152, 1
153, 1
154, 1
155, 1
156, 1
157, 1
158, 1
159, 1
160, 1
161, 1
162, 1
163, 1
164, 1
165, 1
166, 1
167, 1
168, 1
169, 1
170, 1
171, 1
172, 1
173, 1
174, 1
175, 1
176, 1
177, 1
178, 1
179, 1
180, 1
181, 1
182, 1
183, 1
184, 1
185, 1
186, 1
187, 1
188, 1
189, 1
190, 1
191, 1
192, 1
193, 1
194, 1
195, 1
196, 1
197, 1
198, 1
199, 1
200, 1
201, 1
202, 1
203, 1
204, 1
205, 1
206, 1
207, 1
208, 1
209, 1
210, 1
211, 1
212, 1
213, 1
214, 1
215, 1
216, 1
217, 1
218, 1
219, 1
220, 1
221, 1
222, 1
223, 1
224, 1
225, 1
226, 1
227, 1
228, 1
229, 1
230, 1
231, 1
232, 1
233, 1
234, 1
235, 1
236, 1
237, 1
238, 1
239, 1
240, 1
241, 1
242, 1
243, 1
244, 1
245, 1
246, 1
247, 1
248, 1
249, 1
250, 1
251, 1
252, 1
253, 1
254, 1
255, 1
256, 1
257, 1
258, 1
259, 1
260, 1
261, 1
262, 1
263, 1
264, 1
265, 1
266, 1
267, 1
268, 1
269, 1
270, 1
271, 1
272, 1
273, 1
274, 1
275, 1
276, 1
277, 1
278, 1
279, 1
280, 1
281, 1
282, 1
