bot_dist
0.0, 2.9835133231393796
1.0, 2.9869811862624815
2.0, 2.9904784690710007
3.0, 2.9940050684699626
4.0, 2.9975608809873733
5.0, 3.0011458027865205
6.0, 3.0047597296782107
7.0, 3.0084025571329343
8.0, 3.012074180292953
9.0, 3.0157744939843107
10.0, 3.019503392728773
11.0, 3.0232607707556727
12.0, 3.0270465220136913
13.0, 3.0308605401825335
14.0, 3.0347027186845357
15.0, 3.038572950696172
16.0, 3.0424711291594786
17.0, 3.046397146793379
18.0, 3.050350896104923
19.0, 3.054332269400425
20.0, 3.058341158796509
21.0, 3.0623774562310526
22.0, 3.066441053474035
23.0, 3.0705318421382817
24.0, 3.0746497136901048
25.0, 3.0787945594598476
26.0, 3.082966270652316
27.0, 3.0871647383571097
28.0, 3.0913898535588435
29.0, 3.095641507147265
30.0, 3.099919589927261
31.0, 3.10422399262875
32.0, 3.108554605916477
33.0, 3.1129113203996805
34.0, 3.117294026641664
35.0, 3.1217026151692435
36.0, 3.126136976482088
37.0, 3.130597001061941
38.0, 3.1350825793817374
39.0, 3.1395936019145947
40.0, 3.1441299591426946
41.0, 3.1486915415660532
42.0, 3.1532782397111667
43.0, 3.1578899441395474
44.0, 3.1625265454561444
45.0, 3.167187934317642
46.0, 3.171874001440648
47.0, 3.1765845250100093
48.0, 3.181319507322324
49.0, 3.186078839329714
50.0, 3.19086241207579
51.0, 3.195670116703257
52.0, 3.2005018444614
53.0, 3.20535748671345
54.0, 3.2102369349438424
55.0, 3.215140080765353
56.0, 3.220066815926119
57.0, 3.2250170323165483
58.0, 3.2299906219761123
59.0, 3.2349874771000207
60.0, 3.2400074900457887
61.0, 3.2450505533396856
62.0, 3.2501165596830703
63.0, 3.255205401958617
64.0, 3.2603169732364274
65.0, 3.265451166780028
66.0, 3.270607876052262
67.0, 3.275786994721063
68.0, 3.2809884166651297
69.0, 3.286212035979477
70.0, 3.291457746980894
71.0, 3.2967254442132776
72.0, 3.302015022452874
73.0, 3.307326376713403
74.0, 3.3126594022510805
75.0, 3.3180139945695375
76.0, 3.3233900494246296
77.0, 3.328787462829148
78.0, 3.3342061310574245
79.0, 3.339645950649837
80.0, 3.3451068184172112
81.0, 3.3505886314451243
82.0, 3.356091287098108
83.0, 3.3616146830237543
84.0, 3.3671587171567188
85.0, 3.372723287722638
86.0, 3.378308293241936
87.0, 3.3839136325335524
88.0, 3.3895392047185604
89.0, 3.395184909223704
90.0, 3.400850645784836
91.0, 3.4065363144502716
92.0, 3.4122418155840406
93.0, 3.417967049869063
94.0, 3.4237119183102305
95.0, 3.429476322237397
96.0, 3.435260163308289
97.0, 3.44106334351133
98.0, 3.4468857651683766
99.0, 3.4527273309373756
100.0, 3.4585879438149325
101.0, 3.4585879438149325
102.0, 3.4585879438149325
103.0, 3.4585879438149325
104.0, 3.4585879438149325
105.0, 3.4585879438149325
106.0, 3.4585879438149325
107.0, 3.4585879438149325
108.0, 3.4585879438149325
109.0, 3.4585879438149325
110.0, 3.4585879438149325
111.0, 3.4585879438149325
112.0, 3.4585879438149325
113.0, 3.4585879438149325
114.0, 3.4585879438149325
115.0, 3.4585879438149325
116.0, 3.4585879438149325
117.0, 3.4585879438149325
118.0, 3.4585879438149325
119.0, 3.4585879438149325
120.0, 3.4585879438149325
121.0, 3.4585879438149325
122.0, 3.4585879438149325
123.0, 3.4585879438149325
124.0, 3.4585879438149325
125.0, 3.4585879438149325
126.0, 3.4585879438149325
127.0, 3.4585879438149325
128.0, 3.4585879438149325
129.0, 3.4585879438149325
130.0, 3.4585879438149325
131.0, 3.4527273309373756
132.0, 3.4468857651683766
133.0, 3.44106334351133
134.0, 3.435260163308289
135.0, 3.429476322237397
136.0, 3.4237119183102305
137.0, 3.417967049869063
138.0, 3.4122418155840406
139.0, 3.4065363144502716
140.0, 3.400850645784836
141.0, 3.395184909223704
142.0, 3.3895392047185604
143.0, 3.3887071246524396
144.0, 3.383109727515652
145.0, 3.3775326615401338
146.0, 3.371976027605811
147.0, 3.3664399268878507
148.0, 3.3609244608529396
149.0, 3.3554297312554615
150.0, 3.349955840133583
151.0, 3.261646953747324
152.0, 3.1734255575098578
153.0, 3.08529910624049
154.0, 2.997276029098398
155.0, 2.909365708874571
156.0, 2.821578684897957
157.0, 2.7339268344075367
158.0, 2.6464235886276066
159.0, 2.559084191409791
160.0, 2.4719260103672736
161.0, 2.384968913102413
162.0, 2.2982357246216987
163.0, 2.211752786619206
164.0, 2.1255506453707698
165.0, 2.039664903037322
166.0, 1.9541372779455077
167.0, 1.9498344618263408
168.0, 1.8667652873583296
169.0, 1.7844143764541671
170.0, 1.7028856917462465
171.0, 1.6223032006562046
172.0, 1.5428151716949543
173.0, 1.4645998144928158
174.0, 1.4616691686454197
175.0, 1.3887520005711587
176.0, 1.3180840197742167
177.0, 1.3159934138790272
178.0, 1.3139755885024373
179.0, 1.3120308794408027
180.0, 1.3101596122803574
181.0, 1.2649210079184858
182.0, 1.2637449353617702
183.0, 1.2626469683367803
184.0, 1.261627310764209
185.0, 1.260686131155106
186.0, 1.259823630697133
187.0, 1.2590399710868445
188.0, 1.2583352996245458
189.0, 1.2577097490770306
190.0, 1.2571634375533665
191.0, 1.2566964683940054
192.0, 1.2563089300734562
193.0, 1.2560008961167333
194.0, 1.2557724250297662
195.0, 1.1734494111007128
196.0, 1.091499720889925
197.0, 1.0100142297689008
198.0, 1.0103341349339057
199.0, 0.9289775521013202
200.0, 0.8481244206002865
201.0, 0.7679337769260288
202.0, 0.6886370967963263
203.0, 0.6105827780400979
204.0, 0.5343155612642656
205.0, 0.46072380185315387
206.0, 0.3913198648085661
207.0, 0.3287667319064659
208.0, 0.2777326121254304
209.0, 0.24550917718583312
210.0, 0.23980329593608193
211.0, 0.26235090587997717
212.0, 0.3069884155879086
213.0, 0.36571476482252874
214.0, 0.4328327662367001
215.0, 0.5050077544679047
216.0, 0.5803559705087111
217.0, 0.6577878570065667
218.0, 0.7366466378347665
219.0, 0.7399466894221287
220.0, 0.8171947854935674
221.0, 0.895492964230811
222.0, 0.9745881683222863
223.0, 0.977283333724932
224.0, 0.9800731299625672
225.0, 0.9829567513009446
226.0, 0.9859333744918922
227.0, 0.9890021598061403
228.0, 0.992162252064061
229.0, 0.9954127816618724
230.0, 0.9987528655909838
231.0, 0.9987528655909838
232.0, 0.9987528655909838
233.0, 0.9987528655909838
234.0, 0.9987528655909838
235.0, 0.9987528655909838
236.0, 0.9987528655909838
237.0, 0.9987528655909838
238.0, 0.9987528655909838
239.0, 0.9987528655909838
240.0, 0.9987528655909838
241.0, 0.9987528655909838
242.0, 0.9987528655909838
243.0, 0.9987528655909838
244.0, 0.9987528655909838
245.0, 0.9987528655909838
246.0, 0.9987528655909838
247.0, 0.9987528655909838
248.0, 0.9987528655909838
249.0, 0.9987528655909838
250.0, 0.9987528655909838
251.0, 0.9987528655909838
252.0, 0.9987528655909838
253.0, 0.9987528655909838
254.0, 0.9987528655909838
255.0, 0.9987528655909838
256.0, 0.9987528655909838
257.0, 0.9987528655909838
258.0, 0.9987528655909838
259.0, 0.9987528655909838
260.0, 0.9987528655909838
261.0, 0.9954127816618724
262.0, 0.992162252064061
263.0, 0.9890021598061403
264.0, 0.9859333744918922
265.0, 0.9829567513009446
266.0, 0.9800731299625672
267.0, 0.977283333724932
268.0, 0.9745881683222863
269.0, 0.9719884209425746
270.0, 0.969484859198156
271.0, 0.9670782301023404
272.0, 0.9647692590545474
273.0, 0.9625586488369544
274.0, 0.9604470786255559
275.0, 0.9584352030185894
276.0, 0.9565236510853156
277.0, 0.9547130254381462
278.0, 0.9530039013311082
279.0, 0.951396825787613
280.0, 0.949892316760461
281.0, 0.9484908623269626
282.0, 0.9471929199219724
ee_dist
0.0, 1.272728381883621
1.0, 1.3242000917955412
2.0, 1.427589361561763
3.0, 1.5172909732739208
4.0, 1.548254425359945
5.0, 1.574002274125007
6.0, 1.6067916505571396
7.0, 1.6410664636639043
8.0, 1.6765160580525804
9.0, 1.710161850315769
10.0, 1.7479116465879683
11.0, 1.78193575816891
12.0, 1.81254367196675
13.0, 1.848222904244862
14.0, 1.8742314700087783
15.0, 1.9007879662592133
16.0, 1.9257606902633644
17.0, 1.9531789097062968
18.0, 1.9745519217594103
19.0, 1.9936582186661753
20.0, 2.012834323783247
21.0, 1.9839936208964026
22.0, 1.9441701425451092
23.0, 1.9011478045824965
24.0, 1.854486073747655
25.0, 1.8044509236848485
26.0, 1.751161771111582
27.0, 1.694940444646606
28.0, 1.6359659695093989
29.0, 1.5746700951822972
30.0, 1.5113171256186309
31.0, 1.4464770283930541
32.0, 1.3805445203635796
33.0, 1.3142682602356963
34.0, 1.2482432287736744
35.0, 1.1834789707951936
36.0, 1.120883376332469
37.0, 1.061819788864208
38.0, 1.0075923479188902
39.0, 0.959868044899911
40.0, 0.9202949869313831
41.0, 0.9205818590560985
42.0, 0.8529845778766
43.0, 0.8433484508834425
44.0, 0.7983965946897512
45.0, 0.7521340262663451
46.0, 0.7043289518475968
47.0, 0.6547412663523806
48.0, 0.6039048687260151
49.0, 0.5517102139369271
50.0, 0.49913520095860303
51.0, 0.44705684387000566
52.0, 0.3964266960209782
53.0, 0.3480779030056474
54.0, 0.30390442121213274
55.0, 0.2664141992743507
56.0, 0.24035824467856992
57.0, 0.22913461255232234
58.0, 0.22659493343223688
59.0, 0.2485683035414911
60.0, 0.29599889866967427
61.0, 0.3653459987118146
62.0, 0.44759456801982234
63.0, 0.5350355801765027
64.0, 0.6212270148642806
65.0, 0.6879842617805858
66.0, 0.7479364458688547
67.0, 0.8082600710962392
68.0, 0.8623587458749726
69.0, 0.9150537918649357
70.0, 0.9674673043616965
71.0, 1.017070085130339
72.0, 1.0694437210547285
73.0, 1.12811470548847
74.0, 1.191263701697101
75.0, 1.265604432921361
76.0, 1.349324072984976
77.0, 1.442579677943861
78.0, 1.5406001855117528
79.0, 1.638368764380692
80.0, 1.7314142200946536
81.0, 1.8100209656181079
82.0, 1.8743598656018914
83.0, 1.937965949574277
84.0, 1.9984890320090687
85.0, 2.057818611118895
86.0, 2.1160436222580805
87.0, 2.1761875977098364
88.0, 2.2138891809905012
89.0, 2.254959243186575
90.0, 2.2903866780301096
91.0, 2.3696970229366685
92.0, 2.4629178378756227
93.0, 2.562662096813194
94.0, 2.669977692473631
95.0, 2.775953803448559
96.0, 2.878157840326112
97.0, 2.9675503631254774
98.0, 3.040804676866367
99.0, 3.1083341425988884
100.0, 3.1752606541823356
101.0, 3.238544972161222
102.0, 3.3023836158792426
103.0, 3.363957094783348
104.0, 3.427967997075517
105.0, 3.4964731445561372
106.0, 3.5711585955832263
107.0, 3.6510486194928244
108.0, 3.742767128651235
109.0, 3.8415116595227166
110.0, 3.9484924829225223
111.0, 4.055914695379567
112.0, 4.15975158775339
113.0, 4.253843186002047
114.0, 4.329685972859022
115.0, 4.396450851583429
116.0, 4.464893592889282
117.0, 4.529355386343322
118.0, 4.591538270679922
119.0, 4.654284148910741
120.0, 4.717110618708691
121.0, 4.786381866752658
122.0, 4.828595196095572
123.0, 4.8707333668090795
124.0, 4.913888348420339
125.0, 4.9546358600828775
126.0, 4.99598593215708
127.0, 5.034403976844538
128.0, 5.072928641833302
129.0, 5.108060941825712
130.0, 5.1428546490506495
131.0, 5.17386750709128
132.0, 5.2041586183381146
133.0, 5.230326712794889
134.0, 5.255457884056033
135.0, 5.276196878107899
136.0, 5.295643161896672
137.0, 5.310495504300363
138.0, 5.323863009870674
139.0, 5.3325002201247305
140.0, 5.339527763337518
141.0, 5.341758395076653
142.0, 5.342316847681801
143.0, 4.612979156601202
144.0, 4.600054852219569
145.0, 4.591910762278974
146.0, 4.584738362749995
147.0, 4.582572656586549
148.0, 4.581394976400727
149.0, 4.58529018607807
150.0, 4.590142720829358
151.0, 4.50947142132853
152.0, 4.426829818452939
153.0, 4.346283254645915
154.0, 4.263772748682725
155.0, 4.183369050308941
156.0, 4.101005910439662
157.0, 4.0207628038071315
158.0, 3.9385652918557787
159.0, 3.85850308436594
160.0, 3.7764929723386134
161.0, 3.6966355235308495
162.0, 3.6030743965224414
163.0, 3.535703475988654
164.0, 3.4536197077357462
165.0, 3.3743041866100216
166.0, 3.2930290021637787
167.0, 3.305383072289968
168.0, 3.226770549999862
169.0, 3.150460504349078
170.0, 3.0724494686053947
171.0, 2.9967918998960013
172.0, 2.919486074242129
173.0, 2.8445879206654268
174.0, 2.85967191064694
175.0, 2.7888136038973115
176.0, 2.7166764324248898
177.0, 2.7371780479201067
178.0, 2.7582870944771014
179.0, 2.7833330171727413
180.0, 2.808773183544596
181.0, 2.759906994700915
182.0, 2.7324666212345816
183.0, 2.7085176275927663
184.0, 2.6850449533994802
185.0, 2.6657491177334314
186.0, 2.6471280611083525
187.0, 2.6332403987343755
188.0, 2.620196263536952
189.0, 2.6024458148542364
190.0, 2.606462942778419
191.0, 2.60370412300241
192.0, 2.6031972027967396
193.0, 2.607998939107223
194.0, 2.6138329169549457
195.0, 2.535187008690122
196.0, 2.454684950844831
197.0, 2.3765467871572437
198.0, 2.386441125244228
199.0, 2.311504555618967
200.0, 2.235057463607133
201.0, 2.16003051566139
202.0, 2.1581645806035805
203.0, 2.1308275767315386
204.0, 2.2933376091631326
205.0, 2.0743294783860993
206.0, 2.1464408516862776
207.0, 1.9333553731814386
208.0, 1.7600481093574072
209.0, 1.5258548098002254
210.0, 1.5205827135885654
211.0, 1.480684365461586
212.0, 1.4090803798592173
213.0, 1.300419735736614
214.0, 1.289276017428561
215.0, 1.2331620013074187
216.0, 1.1825223009445103
217.0, 1.115116430138248
218.0, 1.0941300833595506
219.0, 1.1256257705632247
220.0, 1.0948209239248559
221.0, 1.0718012863418065
222.0, 1.0536544732856012
223.0, 1.022284466879091
224.0, 0.9906148045790012
225.0, 0.9615940410660031
226.0, 0.9325555073451659
227.0, 0.9072357012525375
228.0, 0.8822353127380839
229.0, 0.8620418081545049
230.0, 0.842544508890408
231.0, 0.8288513795236858
232.0, 0.8161976586255708
233.0, 0.8101020231455549
234.0, 0.805260777070356
235.0, 0.8073285652678953
236.0, 0.8106609204914305
237.0, 0.8207704924327357
238.0, 0.8319353205739659
239.0, 0.8332331069208849
240.0, 0.8319469454199019
241.0, 0.8332347130244278
242.0, 0.8319469703685626
243.0, 0.8476280758514965
244.0, 0.8602676348554602
245.0, 0.8753907828632727
246.0, 0.8931161399431556
247.0, 0.91240048499647
248.0, 0.9338784924652512
249.0, 0.9565460216843974
250.0, 0.9809299281833378
251.0, 1.006066893075254
252.0, 1.032327932034354
253.0, 1.0590914884426845
254.0, 1.0866481425946068
255.0, 1.1142628619489416
256.0, 1.1423257185605977
257.0, 1.1700811868842318
258.0, 1.197963633885772
259.0, 1.2252641628247805
260.0, 1.2524108906550473
261.0, 1.278790445553607
262.0, 1.3047890105776638
263.0, 1.2767387425229106
264.0, 1.2420299939736688
265.0, 1.2054539437832552
266.0, 1.1666422615670125
267.0, 1.1259350145990448
268.0, 1.0832223228242732
269.0, 1.0388945832898195
270.0, 0.9928337623325767
271.0, 0.9455116531427
272.0, 0.8968202458867712
273.0, 0.8473247491870427
274.0, 0.7970246210732439
275.0, 0.7437970611995112
276.0, 0.6881450633659275
277.0, 0.6292191123758788
278.0, 0.5783524399894929
279.0, 0.5303416964263078
280.0, 0.48537862087386224
281.0, 0.4318558147018941
282.0, 0.3885711161404811
ee_box_dist
0.0, 0.7387587453569954
1.0, 0.7830919792490993
2.0, 0.8144737621238108
3.0, 0.8508108397504212
4.0, 0.8869243295827868
5.0, 0.9237471776563402
6.0, 0.961570549251792
7.0, 0.9977324693690174
8.0, 1.0323181404117052
9.0, 1.0642297008391868
10.0, 1.099353474416691
11.0, 1.1303582474643816
12.0, 1.1576604119616658
13.0, 1.189879645400353
14.0, 1.212640861749313
15.0, 1.2359393874810323
16.0, 1.2576908451383175
17.0, 1.2818554812792242
18.0, 1.300388927654685
19.0, 1.3168294227078565
20.0, 1.3334170812123212
21.0, 1.3097626929934725
22.0, 1.2773513986799605
23.0, 1.2420017018002
24.0, 1.2033009196470077
25.0, 1.161430038397896
26.0, 1.1163782998842648
27.0, 1.068338220611359
28.0, 1.0173390314543849
29.0, 0.9636116369351871
30.0, 0.907092899007375
31.0, 0.8481453239824361
32.0, 0.7867943059925648
33.0, 0.7233665581909534
34.0, 0.6579349455087417
35.0, 0.5909014719977425
36.0, 0.5224772203028099
37.0, 0.45319114610348393
38.0, 0.38355471884224746
39.0, 0.314778714854315
40.0, 0.24879814441993614
41.0, 0.08025348143860485
42.0, 0.08272655105067901
43.0, 0.08283601323390762
44.0, 0.08276657664534733
45.0, 0.08282359840938999
46.0, 0.08277375112650014
47.0, 0.08284027497581312
48.0, 0.0828170406932245
49.0, 0.08288739065780022
50.0, 0.08280511588303541
51.0, 0.08283460159956386
52.0, 0.08279062886364585
53.0, 0.08283820191020005
54.0, 0.0828107019485163
55.0, 0.08292756381505473
56.0, 0.08282359072114309
57.0, 0.08285311220429101
58.0, 0.08297079672611032
59.0, 0.08299126202677018
60.0, 0.08297788648550998
61.0, 0.0829903452437775
62.0, 0.08298057863734394
63.0, 0.08290684592433938
64.0, 0.08258437433016444
65.0, 0.08315448045740417
66.0, 0.08283248445916769
67.0, 0.08293094266649438
68.0, 0.08295770276129638
69.0, 0.08295982855821314
70.0, 0.08278532671532396
71.0, 0.0829566622693923
72.0, 0.08296827690273863
73.0, 0.08296714452346565
74.0, 0.08297297535489223
75.0, 0.08297055161744353
76.0, 0.08297809121540366
77.0, 0.08297468841253196
78.0, 0.08298363344749085
79.0, 0.08297950205479843
80.0, 0.08298982599055109
81.0, 0.0829851647273277
82.0, 0.08299647687705561
83.0, 0.08299197956684709
84.0, 0.08300429082507152
85.0, 0.08299967281468307
86.0, 0.08493024654410408
87.0, 0.12154684673323814
88.0, 0.13553793125384242
89.0, 0.13429428877245828
90.0, 0.09207250834867112
91.0, 0.10766098921679226
92.0, 0.10940730667543946
93.0, 0.11158519903703548
94.0, 0.10959527750655969
95.0, 0.11158786396138122
96.0, 0.10959528180983577
97.0, 0.11158784851127292
98.0, 0.10959528180983577
99.0, 0.11158784851127292
100.0, 0.1095952973343585
101.0, 0.11158784851127292
102.0, 0.10959528180983577
103.0, 0.11158784851127292
104.0, 0.10959528180983577
105.0, 0.11158784851127292
106.0, 0.10959528180983577
107.0, 0.11158784851127292
108.0, 0.10959528180983577
109.0, 0.11158784851127292
110.0, 0.10959528180983577
111.0, 0.11158784851127292
112.0, 0.10959528180983577
113.0, 0.11158784851127292
114.0, 0.10959528180983577
115.0, 0.11158784851127292
116.0, 0.10579656740943037
117.0, 0.10628423117136455
118.0, 0.10927159026032127
119.0, 0.11157903005169066
120.0, 0.10959510074535922
121.0, 0.10637062236716438
122.0, 0.1092685118883661
123.0, 0.11157899516703626
124.0, 0.10959504986858605
125.0, 0.111587884028499
126.0, 0.10959531285888714
127.0, 0.11158784851127292
128.0, 0.10959528180983577
129.0, 0.11158784851127292
130.0, 0.10955402095993036
131.0, 0.11158694880715156
132.0, 0.10959531285888714
133.0, 0.11158784851127292
134.0, 0.1095952973343585
135.0, 0.11158784851127292
136.0, 0.10959528180983577
137.0, 0.11158784851127292
138.0, 0.10959528180983577
139.0, 0.11158784851127292
140.0, 0.10959528180983577
141.0, 0.11158784851127292
142.0, 0.10959528180983577
143.0, 0.10832409501461064
144.0, 0.10670630560357852
145.0, 0.10833166839551003
146.0, 0.10670698624274548
147.0, 0.10833205374745951
148.0, 0.10670735824226733
149.0, 0.10833161369405865
150.0, 0.10670695851707537
151.0, 0.10833150432800004
152.0, 0.10670706802237674
153.0, 0.10833185721387308
154.0, 0.10670706802237674
155.0, 0.1083315562390612
156.0, 0.10670706802237674
157.0, 0.1083315562390612
158.0, 0.10670716983895479
159.0, 0.1083315562390612
160.0, 0.10670706802237674
161.0, 0.1083315562390612
162.0, 0.08776627246709899
163.0, 0.10649520081171604
164.0, 0.10665000590191305
165.0, 0.10833174988179453
166.0, 0.10670716951913214
167.0, 0.1083309778836505
168.0, 0.10670686252497322
169.0, 0.1083315512658581
170.0, 0.10670702913087207
171.0, 0.10833120257398418
172.0, 0.10670697822254471
173.0, 0.10833120257398418
174.0, 0.10670634593710687
175.0, 0.10833046038870385
176.0, 0.10670653957974152
177.0, 0.10832991000567178
178.0, 0.10670514208653788
179.0, 0.10832848128206354
180.0, 0.10670390335340049
181.0, 0.10832752926805543
182.0, 0.10670453820316637
183.0, 0.10832896264466631
184.0, 0.10670578522010882
185.0, 0.10833038658209541
186.0, 0.10670670454289304
187.0, 0.1083313265840692
188.0, 0.10670747496881697
189.0, 0.0831445700555525
190.0, 0.10509080161299623
191.0, 0.1082893705667558
192.0, 0.10670767754619902
193.0, 0.10833148445308274
194.0, 0.10670632038412388
195.0, 0.10833137486605296
196.0, 0.1067064461451451
197.0, 0.1083317438608241
198.0, 0.10670604270752364
199.0, 0.10833130363707398
200.0, 0.10670614532762408
201.0, 0.10661075594101078
202.0, 0.11252877053495396
203.0, 0.10722847503304063
204.0, 0.06397469155931233
205.0, 1.1333408095276964
206.0, 3.146833874869745
207.0, 1.8031255924641374
208.0, 14.42900805786803
209.0, 0.1230398029088018
210.0, 0.10044322047802116
211.0, 0.10119237093953985
212.0, 0.10488492405714006
213.0, 0.06230661305868153
214.0, 0.10498154256403913
215.0, 0.10826102651506875
216.0, 0.1067115198644058
217.0, 0.10533528739131358
218.0, 0.1065670415281693
219.0, 0.10832525844427777
220.0, 0.10670608355976138
221.0, 0.1083311508958108
222.0, 0.10670637865554904
223.0, 0.10833143733523397
224.0, 0.10670653165684292
225.0, 0.10833158772905085
226.0, 0.10670656304940164
227.0, 0.10833198262832999
228.0, 0.10670721489917698
229.0, 0.10833198527643549
230.0, 0.10670765099140525
231.0, 0.10833134517271824
232.0, 0.1067066422081538
233.0, 0.10833067586515165
234.0, 0.10670580446351773
235.0, 0.10832911923332642
236.0, 0.10670446537712353
237.0, 0.10832760750192441
238.0, 0.10670271688845603
239.0, 0.11151582885116937
240.0, 0.10959368581029691
241.0, 0.11158712577381094
242.0, 0.10959544210108917
243.0, 0.07293001776969228
244.0, 0.07199242709319648
245.0, 0.07143044361643591
246.0, 0.07216785584344847
247.0, 0.07154835158095271
248.0, 0.07216390802586815
249.0, 0.07148406222275983
250.0, 0.07195262360373521
251.0, 0.07115384814992123
252.0, 0.07157366663646587
253.0, 0.07066698267214508
254.0, 0.07101980764369845
255.0, 0.0699903265072212
256.0, 0.07027611612272011
257.0, 0.0691203218892593
258.0, 0.06935036377071789
259.0, 0.06807547254186382
260.0, 0.0682718892231933
261.0, 0.06689807897998631
262.0, 0.06708884209711234
263.0, 0.07991336393862872
264.0, 0.08055374500173997
265.0, 0.08074131487995553
266.0, 0.08106306370722488
267.0, 0.08121750206125343
268.0, 0.08149919936966969
269.0, 0.08161847310615082
270.0, 0.08185311630935853
271.0, 0.08193204338629959
272.0, 0.0821161535695636
273.0, 0.08214974385390678
274.0, 0.08227337154271415
275.0, 0.0823596577889228
276.0, 0.08264689657052199
277.0, 0.08208160655800464
278.0, 0.08228884231309203
279.0, 0.08215980824303393
280.0, 0.08213513982527323
281.0, 0.08168641151702331
282.0, 0.08173903370015434
spot_hold
0, 0
1, 0
2, 0
3, 0
4, 0
5, 0
6, 0
7, 0
8, 0
9, 0
10, 0
11, 0
12, 0
13, 0
14, 0
15, 0
16, 0
17, 0
18, 0
19, 0
20, 0
21, 0
22, 0
23, 0
24, 0
25, 0
26, 0
27, 0
28, 0
29, 0
30, 0
31, 0
32, 0
33, 0
34, 0
35, 0
36, 0
37, 0
38, 0
39, 0
40, 0
41, 1
42, 1
43, 1
44, 1
45, 1
46, 1
47, 1
48, 1
49, 1
50, 1
51, 1
52, 1
53, 1
54, 1
55, 1
56, 1
57, 1
58, 1
59, 1
60, 1
61, 1
62, 1
63, 1
64, 1
65, 1
66, 1
67, 1
68, 1
69, 1
70, 1
71, 1
72, 1
73, 1
74, 1
75, 1
76, 1
77, 1
78, 1
79, 1
80, 1
81, 1
82, 1
83, 1
84, 1
85, 1
86, 1
87, 1
88, 1
89, 1
90, 1
91, 1
92, 1
93, 1
94, 1
95, 1
96, 1
97, 1
98, 1
99, 1
100, 1
101, 1
102, 1
103, 1
104, 1
105, 1
106, 1
107, 1
108, 1
109, 1
110, 1
111, 1
112, 1
113, 1
114, 1
115, 1
116, 1
117, 1
118, 1
119, 1
120, 1
121, 1
122, 1
123, 1
124, 1
125, 1
126, 1
127, 1
128, 1
129, 1
130, 1
131, 1
132, 1
133, 1
134, 1
135, 1
136, 1
137, 1
138, 1
139, 1
140, 1
141, 1
142, 1
143, 1
144, 1
145, 1
146, 1
147, 1
148, 1
149, 1
150, 1
151, 1
152, 1
153, 1
154, 1
155, 1
156, 1
157, 1
158, 1
159, 1
160, 1
161, 1
162, 1
163, 1
164, 1
165, 1
166, 1
167, 1
168, 1
169, 1
170, 1
171, 1
172, 1
173, 1
174, 1
175, 1
176, 1
177, 1
178, 1
179, 1
180, 1
181, 1
182, 1
183, 1
184, 1
185, 1
186, 1
187, 1
188, 1
189, 1
190, 1
191, 1
192, 1
193, 1
194, 1
195, 1
196, 1
197, 1
198, 1
199, 1
200, 1
201, 1
202, 1
203, 1
204, 1
205, 1
206, 1
207, 1
208, 1
209, 1
210, 1
211, 1
212, 1
213, 1
214, 1
215, 1
216, 1
217, 1
218, 1
219, 1
220, 1
221, 1
222, 1
223, 1
224, 1
225, 1
226, 1
227, 1
228, 1
229, 1
230, 1
231, 1
232, 1
233, 1
234, 1
235, 1
236, 1
237, 1
238, 1
239, 1
240, 1
241, 1
242, 1
243, 1
244, 1
245, 1
246, 1
247, 1
248, 1
249, 1
250, 1
251, 1
252, 1
253, 1
254, 1
255, 1
256, 1
257, 1
258, 1
259, 1
260, 1
261, 1
262, 1
263, 1
264, 1
265, 1
266, 1
267, 1
268, 1
269, 1
270, 1
271, 1
272, 1
273, 1
274, 1
275, 1
276, 1
277, 1
278, 1
279, 1
280, 1
281, 1
282, 1
