bot_dist
0.0, 2.970304117949274
1.0, 2.973656556962996
2.0, 2.9770388129124217
3.0, 2.9804507842875645
4.0, 2.9838923691529318
5.0, 2.987363465160075
6.0, 2.9908639695600847
7.0, 2.9943937792160167
8.0, 2.997952790615261
9.0, 3.0015408998818356
10.0, 3.005158002788617
11.0, 3.008803994769492
12.0, 3.012478770931443
13.0, 3.0161822260665487
14.0, 3.01991425466391
15.0, 3.023674750921497
16.0, 3.0274636087579077
17.0, 3.031280721824046
18.0, 3.0351259835147113
19.0, 3.0389992869800992
20.0, 3.0429005251372154
21.0, 3.046829590681191
22.0, 3.0507863760965073
23.0, 3.054770773668129
24.0, 3.058782675492537
25.0, 3.062821973488659
26.0, 3.0668885594087083
27.0, 3.0709823248489174
28.0, 3.0751031612601674
29.0, 3.0792509599585203
30.0, 3.083425612135639
31.0, 3.0876270088691067
32.0, 3.0918550411326398
33.0, 3.0961095998061863
34.0, 3.100390575685926
35.0, 3.104697859494152
36.0, 3.1090313418890476
37.0, 3.113390913474347
38.0, 3.1177764648088915
39.0, 3.1221878864160635
40.0, 3.126625068793116
41.0, 3.1310879024203855
42.0, 3.1355762777703875
43.0, 3.140090085316803
44.0, 3.1446292155433446
45.0, 3.149193558952513
46.0, 3.153783006074232
47.0, 3.158397447474371
48.0, 3.1630367737631513
49.0, 3.167700875603433
50.0, 3.172389643718894
51.0, 3.17710285623836
52.0, 3.181840515531778
53.0, 3.186602512560932
54.0, 3.1913887383799375
55.0, 3.1961990841428296
56.0, 3.201033441111037
57.0, 3.205891700660738
58.0, 3.210773754290104
59.0, 3.2156794936264195
60.0, 3.2206088104330974
61.0, 3.225561596616572
62.0, 3.230537744233077
63.0, 3.235537145495312
64.0, 3.2405596927789966
65.0, 3.245605278629301
66.0, 3.2506737957671774
67.0, 3.255765137095569
68.0, 3.260879195705508
69.0, 3.2660158648821045
70.0, 3.2711750381104236
71.0, 3.2763566090812515
72.0, 3.2815604716967486
73.0, 3.286786520076001
74.0, 3.2920346485604552
75.0, 3.2973047517192504
76.0, 3.302596724354437
77.0, 3.307910461506101
78.0, 3.313245858457365
79.0, 3.3186028107393004
80.0, 3.323981214135727
81.0, 3.3293809646879082
82.0, 3.3348019586991495
83.0, 3.3402440927392885
84.0, 3.345707263649088
85.0, 3.3511913685445296
86.0, 3.356696304821003
87.0, 3.3622219701574023
88.0, 3.367768262520122
89.0, 3.373335080166957
90.0, 3.3789223216509066
91.0, 3.384529885823883
92.0, 3.390157671840327
93.0, 3.3958055791607324
94.0, 3.401473507555074
95.0, 3.4071613571061485
96.0, 3.4128690282128225
97.0, 3.418596421593193
98.0, 3.424343438287663
99.0, 3.430109979661918
100.0, 3.4358959474098354
101.0, 3.4358959474098354
102.0, 3.4358959474098354
103.0, 3.4358959474098354
104.0, 3.4358959474098354
105.0, 3.4358959474098354
106.0, 3.4358959474098354
107.0, 3.4358959474098354
108.0, 3.4358959474098354
109.0, 3.4358959474098354
110.0, 3.4358959474098354
111.0, 3.4358959474098354
112.0, 3.4358959474098354
113.0, 3.4358959474098354
114.0, 3.4358959474098354
115.0, 3.4358959474098354
116.0, 3.4358959474098354
117.0, 3.4358959474098354
118.0, 3.4358959474098354
119.0, 3.4358959474098354
120.0, 3.4358959474098354
121.0, 3.4358959474098354
122.0, 3.4358959474098354
123.0, 3.4358959474098354
124.0, 3.4358959474098354
125.0, 3.4358959474098354
126.0, 3.4358959474098354
127.0, 3.4358959474098354
128.0, 3.4358959474098354
129.0, 3.4358959474098354
130.0, 3.4358959474098354
131.0, 3.430109979661918
132.0, 3.424343438287663
133.0, 3.418596421593193
134.0, 3.4128690282128225
135.0, 3.4071613571061485
136.0, 3.401473507555074
137.0, 3.3958055791607324
138.0, 3.390157671840327
139.0, 3.384529885823883
140.0, 3.3789223216509066
141.0, 3.373335080166957
142.0, 3.367768262520122
143.0, 3.3670463437310905
144.0, 3.3615286086872382
145.0, 3.356031598902361
146.0, 3.3505554163836857
147.0, 3.3451001634186524
148.0, 3.3396659425708233
149.0, 3.3342528566756857
150.0, 3.3288610088363564
151.0, 3.2407165593749316
152.0, 3.1526693798091556
153.0, 3.0647278029720124
154.0, 2.976901242560954
155.0, 2.889200187480978
156.0, 2.801636424029208
157.0, 2.7142232397653094
158.0, 2.6269756663975583
159.0, 2.5399107705066286
160.0, 2.4530480032307023
161.0, 2.366409623015545
162.0, 2.280021209413388
163.0, 2.1939122909945787
164.0, 2.108117117123039
165.0, 2.0226756121941802
166.0, 1.9376345626951765
167.0, 1.933496232339048
168.0, 1.8510989528543516
169.0, 1.7694888542450706
170.0, 1.6887798141806654
171.0, 1.609107423299677
172.0, 1.530633568852997
173.0, 1.4535523822445109
174.0, 1.4508675764293317
175.0, 1.379403048436395
176.0, 1.3103613315834972
177.0, 1.308555713734468
178.0, 1.30682412443431
179.0, 1.3051668583282408
180.0, 1.3035841988808583
181.0, 1.26078555561285
182.0, 1.2599144145019536
183.0, 1.2591220971982724
184.0, 1.2584087525885737
185.0, 1.2577745150405386
186.0, 1.2572195042771057
187.0, 1.2567438252641072
188.0, 1.1908330438701347
189.0, 1.1909320706767668
190.0, 1.1245028463559594
191.0, 1.0614241720274304
192.0, 1.002328823030802
193.0, 0.9479620461839408
194.0, 0.8991819546370519
195.0, 0.8569431189392382
196.0, 0.8222542220399017
197.0, 0.7961028056980538
198.0, 0.7793487818883897
199.0, 0.7726037441238913
200.0, 0.7761286891040223
201.0, 0.7897861189455887
202.0, 0.8130655941070669
203.0, 0.8451723977834072
204.0, 0.885146472987361
205.0, 0.9319760460021013
206.0, 0.984683500935296
207.0, 1.0423775797279053
208.0, 1.1042769650035063
209.0, 1.169714233121936
210.0, 1.2381285611403434
211.0, 1.3090532027769513
212.0, 1.3821018599660384
213.0, 1.3915393744324587
214.0, 1.4619490310320722
215.0, 1.5342416508373358
216.0, 1.5434617569246818
217.0, 1.5526915199643991
218.0, 1.561930768761876
219.0, 1.5711793359754167
220.0, 1.580437058013579
221.0, 1.5897037749355885
222.0, 1.5989793303547364
223.0, 1.6082635713446605
224.0, 1.6175563483484152
225.0, 1.6268575150902478
226.0, 1.6361669284899845
227.0, 1.64548444857995
228.0, 1.6548099384243355
229.0, 1.6641432640409366
230.0, 1.6734842943251873
231.0, 1.6734842943251873
232.0, 1.6734842943251873
233.0, 1.6734842943251873
234.0, 1.6734842943251873
235.0, 1.6734842943251873
236.0, 1.6734842943251873
237.0, 1.6734842943251873
238.0, 1.6734842943251873
239.0, 1.6734842943251873
240.0, 1.6734842943251873
241.0, 1.6734842943251873
242.0, 1.6734842943251873
243.0, 1.6734842943251873
244.0, 1.6734842943251873
245.0, 1.6734842943251873
246.0, 1.6734842943251873
247.0, 1.6734842943251873
248.0, 1.6734842943251873
249.0, 1.6734842943251873
250.0, 1.6734842943251873
251.0, 1.6734842943251873
252.0, 1.6734842943251873
253.0, 1.6734842943251873
254.0, 1.6734842943251873
255.0, 1.6734842943251873
256.0, 1.6734842943251873
257.0, 1.6734842943251873
258.0, 1.6734842943251873
259.0, 1.6734842943251873
260.0, 1.6734842943251873
261.0, 1.6641432640409366
262.0, 1.6548099384243355
263.0, 1.64548444857995
264.0, 1.6361669284899845
265.0, 1.6268575150902478
266.0, 1.6175563483484152
267.0, 1.6082635713446605
268.0, 1.5989793303547364
269.0, 1.5897037749355885
270.0, 1.580437058013579
271.0, 1.5711793359754167
272.0, 1.561930768761876
273.0, 1.5526915199643991
274.0, 1.5434617569246818
275.0, 1.5342416508373358
276.0, 1.5250313768557353
277.0, 1.5158311142011511
278.0, 1.506641046275285
279.0, 1.497461360776313
280.0, 1.4882922498185582
281.0, 1.4791339100559158
282.0, 1.46998654280915
ee_dist
0.0, 1.0048051620050344
1.0, 1.028393019380129
2.0, 1.1154153218020206
3.0, 1.1969939303977544
4.0, 1.2250611824071926
5.0, 1.250508193429832
6.0, 1.284628735554957
7.0, 1.3221977063380064
8.0, 1.3613554525124638
9.0, 1.3976716838794476
10.0, 1.4336493527177192
11.0, 1.4676354153808793
12.0, 1.5000832280917686
13.0, 1.5297165459713438
14.0, 1.5578134818946858
15.0, 1.5829388160169378
16.0, 1.6073536891747515
17.0, 1.6288032341584688
18.0, 1.6500310385018615
19.0, 1.6682496876312107
20.0, 1.686782005647142
21.0, 1.6612762370836476
22.0, 1.6252994429539231
23.0, 1.5862866032699041
24.0, 1.5437535882158115
25.0, 1.4979082934631116
26.0, 1.4487933563982047
27.0, 1.3966536204844813
28.0, 1.3415665436280586
29.0, 1.2838618628010694
30.0, 1.2236696507165516
31.0, 1.1614277646735762
32.0, 1.0973559511115738
33.0, 1.0320358083053915
34.0, 0.9658486888851716
35.0, 0.8996264902847035
36.0, 0.8402943092916975
37.0, 0.7784865961601156
38.0, 0.7165148867240914
39.0, 0.6600004250147343
40.0, 0.6102656830615202
41.0, 0.6106037721185802
42.0, 0.7140309806131186
43.0, 1.083246404653445
44.0, 1.0415265072386855
45.0, 0.999260068314712
46.0, 0.9536983317029527
47.0, 0.9068254656939583
48.0, 0.8571476808518571
49.0, 0.8058180120954986
50.0, 0.7526870361536891
51.0, 0.6986442845133956
52.0, 0.6438257623867274
53.0, 0.5883623390414942
54.0, 0.5325063421432459
55.0, 0.476504924351872
56.0, 0.42160162597839973
57.0, 0.36832006157315483
58.0, 0.41254075462980455
59.0, 0.4836338455463976
60.0, 0.5644516607942605
61.0, 0.6544394238588419
62.0, 0.7481444203072223
63.0, 0.8402773538409325
64.0, 0.9265636603195384
65.0, 0.9936039175301522
66.0, 1.0509831095799116
67.0, 1.1092522060939503
68.0, 1.162506031283586
69.0, 1.2149329159366746
70.0, 1.267606181695389
71.0, 1.318592750618085
72.0, 1.3738648659711683
73.0, 1.434781841322427
74.0, 1.5006155593378279
75.0, 1.5770552275638652
76.0, 1.662771552428721
77.0, 1.7578288040443295
78.0, 1.8572359455008012
79.0, 1.9558352111410164
80.0, 2.0492604332547253
81.0, 2.127623216014993
82.0, 2.191199728345641
83.0, 2.253741485951663
84.0, 2.3136707453694436
85.0, 2.375457244957887
86.0, 2.4336143236352488
87.0, 2.4907705649582654
88.0, 2.526435911063499
89.0, 2.5663994471737874
90.0, 2.6097648332683216
91.0, 2.66792736459627
92.0, 2.7619892859829873
93.0, 2.86408616846997
94.0, 2.9706425511303447
95.0, 3.08961543469981
96.0, 3.192729002179321
97.0, 3.2688952913718214
98.0, 3.3419831453643796
99.0, 3.4104770575737784
100.0, 3.4753808899719547
101.0, 3.5401437777527165
102.0, 3.602367725699803
103.0, 3.6655011203636176
104.0, 3.7285368482272156
105.0, 3.7989626944256676
106.0, 3.8771086062963214
107.0, 3.957784634547997
108.0, 4.064368708961225
109.0, 4.1440159620543335
110.0, 4.251860556010806
111.0, 4.361071613967267
112.0, 4.463424666862037
113.0, 4.5591676366305345
114.0, 4.633150685259157
115.0, 4.699540970870301
116.0, 4.7670678899040775
117.0, 4.832107684656631
118.0, 4.874295416226734
119.0, 4.917590520745057
120.0, 4.958427996466867
121.0, 4.999828025090302
122.0, 5.038252861830826
123.0, 5.076746933159995
124.0, 5.111807073039083
125.0, 5.146497778497472
126.0, 5.177360872339017
127.0, 5.207475472319593
128.0, 5.2334276427105735
129.0, 5.258316768777165
130.0, 5.2787783773330865
131.0, 5.297925769977331
132.0, 5.312444974787836
133.0, 5.325464202665705
134.0, 5.333722062667655
135.0, 5.340358255191408
136.0, 5.342169684272077
137.0, 5.3423041537681435
138.0, 5.337613889742824
139.0, 5.331260315951074
140.0, 5.320150866690888
141.0, 5.307453058854056
142.0, 5.290136661317528
143.0, 4.619756982347904
144.0, 4.608179597784819
145.0, 4.597944605341475
146.0, 4.591781378580621
147.0, 4.586971652243324
148.0, 4.586395044995768
149.0, 4.587183236234513
150.0, 4.592213627124952
151.0, 4.509128986187798
152.0, 4.427514238129919
153.0, 4.344501783604126
154.0, 4.262964691381063
155.0, 4.162729054451289
156.0, 4.0998320642033885
157.0, 4.015669375121291
158.0, 3.924768353127271
159.0, 3.8532139303599324
160.0, 3.758374182879784
161.0, 3.6896713088728452
162.0, 3.6064416251599867
163.0, 3.5243223984327092
164.0, 3.433687982717782
165.0, 3.362498650556129
166.0, 3.279981882899692
167.0, 3.288389762680107
168.0, 3.209615299479004
169.0, 3.1296886239577586
170.0, 3.0513564084918605
171.0, 2.9718863674658045
172.0, 2.894039820164782
173.0, 2.8151060512771764
174.0, 2.8289028842922583
175.0, 2.753405882274965
176.0, 2.6797014685812517
177.0, 2.695491864403363
178.0, 2.7148965072575555
179.0, 2.7353648954993104
180.0, 2.758906119500603
181.0, 2.7036873743092076
182.0, 2.6806874693813016
183.0, 2.6586005534756416
184.0, 2.639799626618964
185.0, 2.62214547265283
186.0, 2.608274564252927
187.0, 2.5957325197147183
188.0, 2.5172382854224904
189.0, 2.5071681706142246
190.0, 2.426791390811767
191.0, 2.345173149561679
192.0, 2.265130342977845
193.0, 2.183887133162159
194.0, 2.104251500805427
195.0, 2.0234731386791767
196.0, 1.9443479121551885
197.0, 1.8641563175629965
198.0, 1.785681600979325
199.0, 1.7062447840877053
200.0, 1.6286142294488974
201.0, 1.5501672332145051
202.0, 1.473657147495395
203.0, 1.3965390042354078
204.0, 1.3215528820590563
205.0, 1.2462662161365163
206.0, 1.1734118242459965
207.0, 1.1007239842332008
208.0, 1.0309427296557505
209.0, 0.962061702225243
210.0, 0.8968534250886694
211.0, 0.833719176438582
212.0, 0.7755033720555717
213.0, 0.7532732906877394
214.0, 0.6932577804794998
215.0, 0.6374793604183199
216.0, 0.6151844055426409
217.0, 0.5945326615067821
218.0, 0.5779652753091511
219.0, 0.5636836875516944
220.0, 0.5544012645294425
221.0, 0.5479089236081243
222.0, 0.5469394869907354
223.0, 0.5489547608558629
224.0, 0.5564356514143431
225.0, 0.5666981421050101
226.0, 0.5818088007976112
227.0, 0.5992011885066685
228.0, 0.6204694887937491
229.0, 0.6199844155061589
230.0, 0.6204189296448843
231.0, 0.6200168734034505
232.0, 0.6204242988180421
233.0, 0.620004636244405
234.0, 0.62042597630622
235.0, 0.6200031194021814
236.0, 0.6204262766198532
237.0, 0.6200031536835174
238.0, 0.6204266951202936
239.0, 0.6200031536835174
240.0, 0.6204261864314443
241.0, 0.6200031536835174
242.0, 0.6204266609279598
243.0, 0.6319741159037483
244.0, 0.644922858335469
245.0, 0.6588884669167768
246.0, 0.6745683384018863
247.0, 0.6913009984868221
248.0, 0.715125215010399
249.0, 0.7386220497794198
250.0, 0.7622296315135928
251.0, 0.7857363145229794
252.0, 0.8094005152117901
253.0, 0.8328024859301255
254.0, 0.8564088111560526
255.0, 0.8795989650860064
256.0, 0.9029080753708048
257.0, 0.9256381170235611
258.0, 0.9483198658621068
259.0, 0.9702830597096678
260.0, 0.9920177982070254
261.0, 1.01294458908311
262.0, 1.0334842500542623
263.0, 1.0119137100375257
264.0, 0.9854543133920184
265.0, 0.9578908316814786
266.0, 0.9289892277868061
267.0, 0.8990701260751764
268.0, 0.8680965731695532
269.0, 0.8364479500403823
270.0, 0.8041000411170702
271.0, 0.7715105956153053
272.0, 0.7386901968054619
273.0, 0.7061889534506247
274.0, 0.6740819800115321
275.0, 0.6429601860589277
276.0, 0.6129558371552122
277.0, 0.584784877254735
278.0, 0.5585547081283331
279.0, 0.5351851057714904
280.0, 0.5148941304528365
281.0, 0.49912228966386474
282.0, 0.4899769222792378
ee_box_dist
0.0, 0.6862170471484794
1.0, 0.7329529416699709
2.0, 0.7615536924410764
3.0, 0.8010343271919413
4.0, 0.8376058821641071
5.0, 0.8762710581040436
6.0, 0.9141878112204533
7.0, 0.9515940394443602
8.0, 0.9886937895995124
9.0, 1.0220982751312553
10.0, 1.054359063407584
11.0, 1.0844499730500206
12.0, 1.1128881660368142
13.0, 1.1386951609407172
14.0, 1.163006732031437
15.0, 1.1846501376350476
16.0, 1.2056799451016136
17.0, 1.2240816172212157
18.0, 1.2423778679267568
19.0, 1.25797505547483
20.0, 1.2739915188631845
21.0, 1.2518708822011508
22.0, 1.2210517209557903
23.0, 1.1874240945055912
24.0, 1.1505543399461782
25.0, 1.1106181371855701
26.0, 1.067598676374062
27.0, 1.0216840639673788
28.0, 0.9728544941057851
29.0, 0.9213426202361704
30.0, 0.8671252530791567
31.0, 0.8104792580968684
32.0, 0.7513859045237021
33.0, 0.6901742607083019
34.0, 0.6268469980959008
35.0, 0.561781626840778
36.0, 0.505482376742252
37.0, 0.4443931315511702
38.0, 0.37394819333174245
39.0, 0.3064092277544815
40.0, 0.239140219278568
41.0, 0.0803498037726865
42.0, 0.08298252947140375
43.0, 0.08312772529001274
44.0, 0.08305277913903678
45.0, 0.08311553839012435
46.0, 0.08305336987810816
47.0, 0.08310281282696236
48.0, 0.08305281266068791
49.0, 0.08309209532092307
50.0, 0.08305117096908232
51.0, 0.0830826787684718
52.0, 0.08304854394159333
53.0, 0.08307380555514905
54.0, 0.08304443250735535
55.0, 0.0830641517284671
56.0, 0.08303982440997908
57.0, 0.08305595807348572
58.0, 0.08303536747425076
59.0, 0.08304844593941485
60.0, 0.08303092117248848
61.0, 0.08304111484645518
62.0, 0.0830268666498412
63.0, 0.08303418731935414
64.0, 0.08302275767107052
65.0, 0.08302727571318909
66.0, 0.08301916506368065
67.0, 0.08302087828356561
68.0, 0.08299603278191625
69.0, 0.0831632196532199
70.0, 0.08295268315146538
71.0, 0.08301166129615753
72.0, 0.08301407793291361
73.0, 0.08314566282978073
74.0, 0.08300826916545488
75.0, 0.0830042961325298
76.0, 0.08300841918855005
77.0, 0.08300250356354236
78.0, 0.08300916377994035
79.0, 0.08300251820132323
80.0, 0.08301075352350164
81.0, 0.08300368218342928
82.0, 0.08301332261067189
83.0, 0.08300667112340865
84.0, 0.08301732945363222
85.0, 0.08232470046468861
86.0, 0.0906705571192877
87.0, 0.12670679859371475
88.0, 0.13560307956568632
89.0, 0.13353153860149025
90.0, 0.1263584955986188
91.0, 0.12411231700910204
92.0, 0.12242594181896392
93.0, 0.12281931215283436
94.0, 0.12268744441061925
95.0, 0.09792981399304544
96.0, 0.08307149664136823
97.0, 0.12039256499482025
98.0, 0.12262550654434416
99.0, 0.12272819620175429
100.0, 0.1227078900676465
101.0, 0.12272396490254038
102.0, 0.12175155446861229
103.0, 0.12294480273253698
104.0, 0.12265312302895688
105.0, 0.1227486708748347
106.0, 0.12590148888591154
107.0, 0.08378480143191669
108.0, 0.0824756838517985
109.0, 0.12150449573670356
110.0, 0.12259773041375774
111.0, 0.1227715680261765
112.0, 0.12269799875557076
113.0, 0.12273000117753374
114.0, 0.1227075259946375
115.0, 0.08720064498576918
116.0, 0.12117767970826303
117.0, 0.12271221560548769
118.0, 0.12270518429844758
119.0, 0.12272489502096187
120.0, 0.12270869058150939
121.0, 0.12272343936239063
122.0, 0.1227089152959975
123.0, 0.12272326379392903
124.0, 0.12270903568401051
125.0, 0.12272321694880606
126.0, 0.12270895206327008
127.0, 0.12272324540489314
128.0, 0.12270901730037002
129.0, 0.12272325547198994
130.0, 0.12270902559786905
131.0, 0.12272326379392903
132.0, 0.12270895206327008
133.0, 0.12272323533785343
134.0, 0.12270892359346723
135.0, 0.12272321694880606
136.0, 0.12270900721421257
137.0, 0.12272321694880606
138.0, 0.12270900721421257
139.0, 0.12272321694880606
140.0, 0.12270895206327008
141.0, 0.12272324540489314
142.0, 0.12270903568401051
143.0, 0.11886533969533714
144.0, 0.1190823816718888
145.0, 0.11891569374126791
146.0, 0.11908380048316851
147.0, 0.11891511784676237
148.0, 0.11908331031387911
149.0, 0.11891445179375218
150.0, 0.11908270777038231
151.0, 0.11891358157949315
152.0, 0.11908260274850502
153.0, 0.11891367048830431
154.0, 0.11908260146139046
155.0, 0.0945111425016288
156.0, 0.11864544414803824
157.0, 0.11891897528042344
158.0, 0.07871407362088233
159.0, 0.1189287608091341
160.0, 0.09516152381382156
161.0, 0.11984983413918925
162.0, 0.11900497100370064
163.0, 0.11897095408084661
164.0, 0.07867808280495403
165.0, 0.11892901046844236
166.0, 0.11909317708171423
167.0, 0.11892296883624241
168.0, 0.11908337528267963
169.0, 0.11891261119655654
170.0, 0.11908205162132507
171.0, 0.1189130316941627
172.0, 0.11908163259064385
173.0, 0.1189130316941627
174.0, 0.11908107105226913
175.0, 0.11891185221402238
176.0, 0.11908138338175026
177.0, 0.11891098472016912
178.0, 0.1190790702437565
179.0, 0.11890893118251752
180.0, 0.11907658297251278
181.0, 0.11890825125186964
182.0, 0.11907746891218704
183.0, 0.11890991088601384
184.0, 0.11907963693907879
185.0, 0.11891193676034433
186.0, 0.11908178925465279
187.0, 0.11891340715853724
188.0, 0.11908292629217473
189.0, 0.11891394424703591
190.0, 0.11908329500881448
191.0, 0.11891412980885192
192.0, 0.11908317879373778
193.0, 0.11891439292235802
194.0, 0.11908324684789433
195.0, 0.11891434604222777
196.0, 0.11908324684789433
197.0, 0.11891421830210744
198.0, 0.1190831998620664
199.0, 0.11891434604222777
200.0, 0.11908324684789433
201.0, 0.11891434604222777
202.0, 0.1190831998620664
203.0, 0.11891434604222777
204.0, 0.11908324684789433
205.0, 0.1189140905623279
206.0, 0.11908375605982972
207.0, 0.11891425228200146
208.0, 0.11908370907420274
209.0, 0.11891434604222777
210.0, 0.11908370907420274
211.0, 0.11891404368210834
212.0, 0.11908375605982972
213.0, 0.11891461002256078
214.0, 0.11908359005411064
215.0, 0.11891553495307013
216.0, 0.11908359865168375
217.0, 0.11891576355440504
218.0, 0.11908394469960439
219.0, 0.11891636593683852
220.0, 0.11908413606195214
221.0, 0.11891637094807449
222.0, 0.11908374294611078
223.0, 0.11891613621026959
224.0, 0.11908360557837083
225.0, 0.11891505151809485
226.0, 0.11908383599709843
227.0, 0.11891413788401098
228.0, 0.11908287480075551
229.0, 0.12285147607647415
230.0, 0.12268081095585881
231.0, 0.12274138464957371
232.0, 0.12270633694074033
233.0, 0.12272662841811392
234.0, 0.12270963531971753
235.0, 0.12272459589325543
236.0, 0.12271023761133902
237.0, 0.12272460199686498
238.0, 0.12271023264357145
239.0, 0.1227245551508922
240.0, 0.1227103213848374
241.0, 0.12272460199686498
242.0, 0.12271065040859681
243.0, 0.07916817460318344
244.0, 0.07693142767751156
245.0, 0.07506229658747325
246.0, 0.07406525180446083
247.0, 0.0723622787359052
248.0, 0.08112881691627796
249.0, 0.07987631435633157
250.0, 0.077224519614037
251.0, 0.07471248602450549
252.0, 0.07317448757747738
253.0, 0.07110193504613037
254.0, 0.07039694692316847
255.0, 0.06860718689118954
256.0, 0.06838829741143142
257.0, 0.06671837074900824
258.0, 0.06675793652343427
259.0, 0.06510714619068401
260.0, 0.06528474184901678
261.0, 0.06361262045764247
262.0, 0.06387629108003472
263.0, 0.07962507861101495
264.0, 0.0803552085222188
265.0, 0.08055307323305298
266.0, 0.08089625868233416
267.0, 0.08106087617654466
268.0, 0.08136388511061042
269.0, 0.08149572273626123
270.0, 0.08175115348903933
271.0, 0.08184139824080906
272.0, 0.082043181672943
273.0, 0.08208452070494562
274.0, 0.08222899337352164
275.0, 0.08221824550601495
276.0, 0.08230465280145348
277.0, 0.08224023193164678
278.0, 0.08227015275676526
279.0, 0.0821521061384255
280.0, 0.08212760332771975
281.0, 0.08195630253258644
282.0, 0.08248775707163758
spot_hold
0, 0
1, 0
2, 0
3, 0
4, 0
5, 0
6, 0
7, 0
8, 0
9, 0
10, 0
11, 0
12, 0
13, 0
14, 0
15, 0
16, 0
17, 0
18, 0
19, 0
20, 0
21, 0
22, 0
23, 0
24, 0
25, 0
26, 0
27, 0
28, 0
29, 0
30, 0
31, 0
32, 0
33, 0
34, 0
35, 0
36, 0
37, 0
38, 0
39, 0
40, 0
41, 1
42, 1
43, 1
44, 1
45, 1
46, 1
47, 1
48, 1
49, 1
50, 1
51, 1
52, 1
53, 1
54, 1
55, 1
56, 1
57, 1
58, 1
59, 1
60, 1
61, 1
62, 1
63, 1
64, 1
65, 1
66, 1
67, 1
68, 1
69, 1
70, 1
71, 1
72, 1
73, 1
74, 1
75, 1
76, 1
77, 1
78, 1
79, 1
80, 1
81, 1
82, 1
83, 1
84, 1
85, 1
86, 1
87, 1
88, 1
89, 1
90, 1
91, 1
92, 1
93, 1
94, 1
95, 1
96, 1
97, 1
98, 1
99, 1
100, 1
101, 1
102, 1
103, 1
104, 1
105, 1
106, 1
107, 1
108, 1
109, 1
110, 1
111, 1
112, 1
113, 1
114, 1
115, 1
116, 1
117, 1
118, 1
119, 1
120, 1
121, 1
122, 1
123, 1
124, 1
125, 1
126, 1
127, 1
128, 1
129, 1
130, 1
131, 1
132, 1
133, 1
134, 1
135, 1
136, 1
137, 1
138, 1
139, 1
140, 1
141, 1
142, 1
143, 1
144, 1
145, 1
146, 1
147, 1
148, 1
149, 1
150, 1
151, 1
152, 1
153, 1
154, 1
155, 1
156, 1
157, 1
158, 1
159, 1
160, 1
161, 1
162, 1
163, 1
164, 1
165, 1
166, 1
167, 1
168, 1
169, 1
170, 1
171, 1
172, 1
173, 1
174, 1
175, 1
176, 1
177, 1
178, 1
179, 1
180, 1
181, 1
182, 1
183, 1
184, 1
185, 1
186, 1
187, 1
188, 1
189, 1
190, 1
191, 1
192, 1
193, 1
194, 1
195, 1
196, 1
197, 1
198, 1
199, 1
200, 1
201, 1
202, 1
203, 1
204, 1
205, 1
206, 1
207, 1
208, 1
209, 1
210, 1
211, 1
212, 1
213, 1
214, 1
215, 1
216, 1
217, 1
218, 1
219, 1
220, 1
221, 1
222, 1
223, 1
224, 1
225, 1
226, 1
227, 1
228, 1
229, 1
230, 1
231, 1
232, 1
233, 1
234, 1
235, 1
236, 1
237, 1
238, 1
239, 1
240, 1
241, 1
242, 1
243, 1
244, 1
245, 1
246, 1
247, 1
248, 1
249, 1
250, 1
251, 1
252, 1
253, 1
254, 1
255, 1
256, 1
257, 1
258, 1
259, 1
260, 1
261, 1
262, 1
263, 1
264, 1
265, 1
266, 1
267, 1
268, 1
269, 1
270, 1
271, 1
272, 1
273, 1
274, 1
275, 1
276, 1
277, 1
278, 1
279, 1
280, 1
281, 1
282, 1
