bot_dist
0.0, 3.6004611217919713
1.0, 3.60675612562949
2.0, 3.613067839055161
3.0, 3.619396174651531
4.0, 3.625741045382044
5.0, 3.63210236459169
6.0, 3.63848004600761
7.0, 3.644874003739645
8.0, 3.651284152280829
9.0, 3.6577104065078365
10.0, 3.6641526816813794
11.0, 3.670610893446552
12.0, 3.6770849578331313
13.0, 3.6835747912558245
14.0, 3.690080310514479
15.0, 3.6966014327942376
16.0, 3.7031380756656525
17.0, 3.709690157084759
18.0, 3.7162575953931007
19.0, 3.722840309317713
20.0, 3.72943821797107
21.0, 3.7360512408509856
22.0, 3.7426792978404757
23.0, 3.7493223092075842
24.0, 3.7559801956051686
25.0, 3.7626528780706465
26.0, 3.769340278025709
27.0, 3.7760423172759947
28.0, 3.7827589180107335
29.0, 3.7894900028023475
30.0, 3.7962354946060266
31.0, 3.8029953167592683
32.0, 3.8097693929813805
33.0, 3.816557647372962
34.0, 3.823360004415343
35.0, 3.8301763889700005
36.0, 3.837006726277944
37.0, 3.84385094195907
38.0, 3.8507089620114896
39.0, 3.8575807128108295
40.0, 3.864466121109505
41.0, 3.871365114035966
42.0, 3.8782776190939203
43.0, 3.885203564161527
44.0, 3.892142877490572
45.0, 3.899095487705613
46.0, 3.9060613238031086
47.0, 3.913040315150515
48.0, 3.9200323914853707
49.0, 3.9270374829143573
50.0, 3.9340555199123295
51.0, 3.9410864333213422
52.0, 3.9481301543496437
53.0, 3.955186614570654
54.0, 3.9622557459219276
55.0, 3.9693374807040938
56.0, 3.9764317515797813
57.0, 3.983538491572524
58.0, 3.9906576340656534
59.0, 3.9977891128011738
60.0, 4.004932861878616
61.0, 4.012088815753885
62.0, 4.01925690923809
63.0, 4.02643707749635
64.0, 4.033629256046609
65.0, 4.040833380758406
66.0, 4.048049387851665
67.0, 4.055277213895445
68.0, 4.062516795806694
69.0, 4.06976807084899
70.0, 4.077030976631262
71.0, 4.084305451106507
72.0, 4.091591432570503
73.0, 4.098888859660491
74.0, 4.106197671353871
75.0, 4.113517806966873
76.0, 4.120849206153228
77.0, 4.128191808902821
78.0, 4.135545555540349
79.0, 4.142910386723959
80.0, 4.15028624344388
81.0, 4.157673067021059
82.0, 4.1650707991057745
83.0, 4.172479381676254
84.0, 4.179898757037284
85.0, 4.187328867818807
86.0, 4.1947696569745245
87.0, 4.202221067780483
88.0, 4.209683043833661
89.0, 4.2171555290505545
90.0, 4.22463846766575
91.0, 4.232131804230501
92.0, 4.239635483611289
93.0, 4.247149450988402
94.0, 4.254673651854482
95.0, 4.262208032013098
96.0, 4.26975253757729
97.0, 4.277307114968129
98.0, 4.284871710913266
99.0, 4.292446272445481
100.0, 4.300030746901233
101.0, 4.300030746901233
102.0, 4.300030746901233
103.0, 4.300030746901233
104.0, 4.300030746901233
105.0, 4.300030746901233
106.0, 4.300030746901233
107.0, 4.300030746901233
108.0, 4.300030746901233
109.0, 4.300030746901233
110.0, 4.300030746901233
111.0, 4.300030746901233
112.0, 4.300030746901233
113.0, 4.300030746901233
114.0, 4.300030746901233
115.0, 4.300030746901233
116.0, 4.300030746901233
117.0, 4.300030746901233
118.0, 4.300030746901233
119.0, 4.300030746901233
120.0, 4.300030746901233
121.0, 4.300030746901233
122.0, 4.300030746901233
123.0, 4.300030746901233
124.0, 4.300030746901233
125.0, 4.300030746901233
126.0, 4.300030746901233
127.0, 4.300030746901233
128.0, 4.300030746901233
129.0, 4.300030746901233
130.0, 4.300030746901233
131.0, 4.292446272445481
132.0, 4.284871710913266
133.0, 4.277307114968129
134.0, 4.26975253757729
135.0, 4.262208032013098
136.0, 4.254673651854482
137.0, 4.247149450988402
138.0, 4.239635483611289
139.0, 4.232131804230501
140.0, 4.22463846766575
141.0, 4.2171555290505545
142.0, 4.209683043833661
143.0, 4.206082073227045
144.0, 4.198637514634712
145.0, 4.1912035922265245
146.0, 4.183780362698981
147.0, 4.1763678830698385
148.0, 4.168966210679501
149.0, 4.161575403192411
150.0, 4.154195518598432
151.0, 4.0646751088711905
152.0, 3.9751703451216027
153.0, 3.88568226860296
154.0, 3.7962121023547364
155.0, 3.706761143278801
156.0, 3.6173308162658335
157.0, 3.5279226903404783
158.0, 3.4385384973066433
159.0, 3.349180153355197
160.0, 3.25984978419631
161.0, 3.1705497544036425
162.0, 3.0812827018144797
163.0, 2.992051578028221
164.0, 2.9028596962976123
165.0, 2.813710788429551
166.0, 2.7246090727274073
167.0, 2.716989445598391
168.0, 2.626804219754004
169.0, 2.5366381274418512
170.0, 2.4464931133590913
171.0, 2.3563715966041325
172.0, 2.2662763803868784
173.0, 2.176210731239897
174.0, 2.1685599852333115
175.0, 2.0779547835507626
176.0, 1.9873846529999804
177.0, 1.9797792962863014
178.0, 1.9721953160492103
179.0, 1.9646329598445442
180.0, 1.9570924783431052
181.0, 1.8708301938361938
182.0, 1.8634287859704721
183.0, 1.8560517412551127
184.0, 1.8486993513460794
185.0, 1.8413719115749607
186.0, 1.8340697209827017
187.0, 1.8267930823529075
188.0, 1.7375747997856525
189.0, 1.7303060606943144
190.0, 1.6424911900965788
191.0, 1.5548386654775919
192.0, 1.4673773759440105
193.0, 1.380143678335502
194.0, 1.2931836311659295
195.0, 1.206556404247425
196.0, 1.120339203542562
197.0, 1.0346345378959745
198.0, 0.9495811943530581
199.0, 0.8653712405549843
200.0, 0.7822770896167761
201.0, 0.700695816704969
202.0, 0.6212237373163729
203.0, 0.5447846893147138
204.0, 0.4728518851258449
205.0, 0.40781683936704954
206.0, 0.35350723517988053
207.0, 0.31551113740507725
208.0, 0.300090506310507
209.0, 0.3106259290170028
210.0, 0.34474591400999144
211.0, 0.3964063273427976
212.0, 0.4597319479395275
213.0, 0.4605279910797769
214.0, 0.5345624190599754
215.0, 0.6124681351463864
216.0, 0.6148578608628135
217.0, 0.6174003248933612
218.0, 0.6200936485004435
219.0, 0.6229358749191488
220.0, 0.6259249757203413
221.0, 0.6290588571972139
222.0, 0.6323353667355244
223.0, 0.635752299130224
224.0, 0.6393074028139453
225.0, 0.6429983859657729
226.0, 0.6468229224718277
227.0, 0.6507786577123851
228.0, 0.6548632141534609
229.0, 0.6590741967240108
230.0, 0.6634091979630138
231.0, 0.6634091979630138
232.0, 0.6634091979630138
233.0, 0.6634091979630138
234.0, 0.6634091979630138
235.0, 0.6634091979630138
236.0, 0.6634091979630138
237.0, 0.6634091979630138
238.0, 0.6634091979630138
239.0, 0.6634091979630138
240.0, 0.6634091979630138
241.0, 0.6634091979630138
242.0, 0.6634091979630138
243.0, 0.6634091979630138
244.0, 0.6634091979630138
245.0, 0.6634091979630138
246.0, 0.6634091979630138
247.0, 0.6634091979630138
248.0, 0.6634091979630138
249.0, 0.6634091979630138
250.0, 0.6634091979630138
251.0, 0.6634091979630138
252.0, 0.6634091979630138
253.0, 0.6634091979630138
254.0, 0.6634091979630138
255.0, 0.6634091979630138
256.0, 0.6634091979630138
257.0, 0.6634091979630138
258.0, 0.6634091979630138
259.0, 0.6634091979630138
260.0, 0.6634091979630138
261.0, 0.6590741967240108
262.0, 0.6548632141534609
263.0, 0.6507786577123851
264.0, 0.6468229224718277
265.0, 0.6429983859657729
266.0, 0.6393074028139453
267.0, 0.635752299130224
268.0, 0.6323353667355244
269.0, 0.6290588571972139
270.0, 0.6259249757203413
271.0, 0.6229358749191488
272.0, 0.6200936485004435
273.0, 0.6174003248933612
274.0, 0.6148578608628135
275.0, 0.6124681351463864
276.0, 0.6102329421566163
277.0, 0.6081539857923143
278.0, 0.606232873403915
279.0, 0.6044711099586038
280.0, 0.6028700924512146
281.0, 0.6014311046065178
282.0, 0.6001553119175292
ee_dist
0.0, 0.8399497832360008
1.0, 0.8313888830139815
2.0, 0.8981146739007011
3.0, 0.9715782732089705
4.0, 0.9954354400535654
5.0, 1.020564574545958
6.0, 1.0547587849186815
7.0, 1.094678081930991
8.0, 1.131080357954121
9.0, 1.1672966200002854
10.0, 1.2027233717338939
11.0, 1.23579715895513
12.0, 1.2673790369683757
13.0, 1.3104059959384573
14.0, 1.3481736060461695
15.0, 1.3801027904537781
16.0, 1.4083938887052576
17.0, 1.4332857263125873
18.0, 1.4561181835368395
19.0, 1.475823291057738
20.0, 1.4943421374167125
21.0, 1.4696666978865063
22.0, 1.4362743067374295
23.0, 1.3998075292948444
24.0, 1.359852489591407
25.0, 1.3165857986205947
26.0, 1.270005502651539
27.0, 1.220319384296564
28.0, 1.1675393745687506
29.0, 1.1119386469789292
30.0, 1.053551322961424
31.0, 0.9927262702231155
32.0, 0.9295356968095615
33.0, 0.8644211845202824
34.0, 0.7975371169935151
35.0, 0.7294963323553254
36.0, 0.6606702429950349
37.0, 0.5920482492090497
38.0, 0.5245253710748458
39.0, 0.4598518092497589
40.0, 0.3988316587053861
41.0, 0.41434474484917794
42.0, 0.6657498004954697
43.0, 1.2566944486503258
44.0, 1.2196165925499387
45.0, 1.1800075407944015
46.0, 1.13845171967684
47.0, 1.0940434652472748
48.0, 1.0476006430027698
49.0, 0.9985235823608902
50.0, 0.947735310043738
51.0, 0.8954276973825654
52.0, 0.8418942634679634
53.0, 0.7871326012871995
54.0, 0.7312294085787158
55.0, 0.6742784489205466
56.0, 0.6170924281337758
57.0, 0.5598866537098381
58.0, 0.6173941280818328
59.0, 0.6941323840433664
60.0, 0.7793778787437284
61.0, 0.8726731682380541
62.0, 0.9683592157108457
63.0, 1.0613375322386858
64.0, 1.1477585392018277
65.0, 1.2141292631485687
66.0, 1.2698656912607496
67.0, 1.326966082286442
68.0, 1.3796617676310814
69.0, 1.4320746061362013
70.0, 1.4850813458156455
71.0, 1.5364685272188765
72.0, 1.5934277209420886
73.0, 1.6554815251463824
74.0, 1.7223211690446603
75.0, 1.8001926791320888
76.0, 1.8872619222265454
77.0, 1.9836336164631134
78.0, 2.084098349666695
79.0, 2.183458473701819
80.0, 2.2773445663775234
81.0, 2.3558531782274708
82.0, 2.4192690574847906
83.0, 2.481499747253899
84.0, 2.5414020838533604
85.0, 2.6006702594932043
86.0, 2.64951914756624
87.0, 2.6779657812431337
88.0, 2.7088024267473427
89.0, 2.7485165706004384
90.0, 2.798902565516569
91.0, 2.88315699364012
92.0, 2.977046361893913
93.0, 3.0792527262379865
94.0, 3.1868671350545856
95.0, 3.294770362625218
96.0, 3.39621169395217
97.0, 3.486335381154003
98.0, 3.5581767677385043
99.0, 3.6256115061178806
100.0, 3.6909990023917083
101.0, 3.7549002019613993
102.0, 3.8176156906953236
103.0, 3.8803412209052848
104.0, 3.9441686884643032
105.0, 4.014146115457344
106.0, 4.088672658642214
107.0, 4.170351484518963
108.0, 4.261883209245053
109.0, 4.36245874449713
110.0, 4.469197246750336
111.0, 4.57815731011982
112.0, 4.681190581314841
113.0, 4.7762166304775215
114.0, 4.850702527234986
115.0, 4.901148922125597
116.0, 4.944284746820611
117.0, 4.989718298141307
118.0, 5.033084562563066
119.0, 5.074793840855125
120.0, 5.116947078207686
121.0, 5.151921534295441
122.0, 5.186805325277156
123.0, 5.219106933513245
124.0, 5.2482677413553525
125.0, 5.274681378366882
126.0, 5.297672061186279
127.0, 5.317656867266146
128.0, 5.334004173066863
129.0, 5.347160472226377
130.0, 5.356531228513415
131.0, 5.3625983250773785
132.0, 5.364805995702825
133.0, 5.3636650416051515
134.0, 5.35866314844464
135.0, 5.350342075146705
136.0, 5.338226148096789
137.0, 5.322889557292182
138.0, 5.303899479712838
139.0, 5.2818586314055995
140.0, 5.256374609694593
141.0, 5.228079680844847
142.0, 5.203054929400169
143.0, 4.581565079065162
144.0, 4.56959881968577
145.0, 4.559799743339225
146.0, 4.552784074060943
147.0, 4.548061418664811
148.0, 4.546237767417751
149.0, 4.546754033556494
150.0, 4.550185567622421
151.0, 4.467438338646562
152.0, 4.385009013409737
153.0, 4.302318771487
154.0, 4.21994953532286
155.0, 4.1373233833711645
156.0, 4.055021544683191
157.0, 3.972467326210329
158.0, 3.8902417648784144
159.0, 3.807769032156179
160.0, 3.7256298614798027
161.0, 3.643249780192513
162.0, 3.561209114118678
163.0, 3.4789350755486517
164.0, 3.39700738430499
165.0, 3.3148551123196186
166.0, 3.233057608068691
167.0, 3.240309590189261
168.0, 3.1603288422159865
169.0, 3.0802373892166575
170.0, 3.0006102242163277
171.0, 2.9209022829295592
172.0, 2.841689524027722
173.0, 2.7624327746997728
174.0, 2.7738688566121974
175.0, 2.6977149103610234
176.0, 2.6222724535440456
177.0, 2.6365550851255084
178.0, 2.653388523630004
179.0, 2.672123516315283
180.0, 2.693046830072075
181.0, 2.636017413743891
182.0, 2.614843083550372
183.0, 2.5953734652989926
184.0, 2.578242610506363
185.0, 2.5631279030672
186.0, 2.550686127055216
187.0, 2.5405072130689144
188.0, 2.4606601690145844
189.0, 2.4528609689333347
190.0, 2.37135993026649
191.0, 2.289696565804354
192.0, 2.2084514941454594
193.0, 2.127074560478487
194.0, 2.046148583813791
195.0, 1.9651308928445692
196.0, 1.8846075569856853
197.0, 1.8040477205021574
198.0, 1.7240425900790328
199.0, 1.6440782884578566
200.0, 1.564754157252117
201.0, 1.4855814675101082
202.0, 1.402026873176888
203.0, 1.3053745263835812
204.0, 1.2301454572716604
205.0, 1.1677096925049606
206.0, 1.0948603593324138
207.0, 1.0243988919805318
208.0, 0.9497055793634727
209.0, 0.8817245179137099
210.0, 0.8139464673510945
211.0, 0.7483939971735452
212.0, 0.6869663326906196
213.0, 0.6681088444888382
214.0, 0.6053321052671606
215.0, 0.5478537267612487
216.0, 0.5281414031936486
217.0, 0.5109517242871441
218.0, 0.4970805803436945
219.0, 0.4864722234465047
220.0, 0.47987995927018917
221.0, 0.47704435413418694
222.0, 0.478524549532216
223.0, 0.48380882586572815
224.0, 0.49318106878730383
225.0, 0.5059387308022196
226.0, 0.5221281995861148
227.0, 0.5409934144215899
228.0, 0.562439415182554
229.0, 0.5623789502366664
230.0, 0.562439415182554
231.0, 0.5624764156553133
232.0, 0.5624334360443296
233.0, 0.5623795651117204
234.0, 0.5624389081882568
235.0, 0.5623789502366664
236.0, 0.562439415182554
237.0, 0.5623789502366664
238.0, 0.562439415182554
239.0, 0.5623789858477999
240.0, 0.562439415182554
241.0, 0.5623794085098184
242.0, 0.562439415182554
243.0, 0.5686245876633819
244.0, 0.5806332630469809
245.0, 0.5937575121648396
246.0, 0.608868003017097
247.0, 0.6249205449403646
248.0, 0.6426319426195383
249.0, 0.6609273698857266
250.0, 0.6806004236267448
251.0, 0.7005786580801753
252.0, 0.7216558229173908
253.0, 0.7428090097260583
254.0, 0.7647636378442513
255.0, 0.786584320292365
256.0, 0.8088965991797678
257.0, 0.8308831750521818
258.0, 0.8530675161710869
259.0, 0.8747611287916134
260.0, 0.8964148336571476
261.0, 0.9174153231910034
262.0, 0.9381886893649478
263.0, 0.9202733053411016
264.0, 0.8990909434536917
265.0, 0.8770987325856354
266.0, 0.8541726189084534
267.0, 0.8305231659402514
268.0, 0.8062077976310469
269.0, 0.7805357366540928
270.0, 0.7556012901577326
271.0, 0.730456537061469
272.0, 0.7053944328059645
273.0, 0.680750836019178
274.0, 0.6566883347790861
275.0, 0.6351788197701264
276.0, 0.6140170938989988
277.0, 0.5939381775290462
278.0, 0.5752408677381264
279.0, 0.5592334769348706
280.0, 0.5452458541180507
281.0, 0.5346367691674113
282.0, 0.5302082232180285
ee_box_dist
0.0, 0.7582152816755222
1.0, 0.7983572950016885
2.0, 0.8249674070058232
3.0, 0.8687897675571689
4.0, 0.9039275090194147
5.0, 0.9420838836105876
6.0, 0.9787364930153734
7.0, 1.0161657737644534
8.0, 1.049085950427538
9.0, 1.081221760947437
10.0, 1.1121112594290106
11.0, 1.140730005825156
12.0, 1.168015259319211
13.0, 1.2068706318688711
14.0, 1.2407980781923609
15.0, 1.269194163916216
16.0, 1.294194831097657
17.0, 1.3160713746042971
18.0, 1.3361268654253604
19.0, 1.3533203307774782
20.0, 1.369540125780763
21.0, 1.344268996399352
22.0, 1.310599346603262
23.0, 1.2738619388110268
24.0, 1.2336778747979853
25.0, 1.1902398274426362
26.0, 1.1435537792739274
27.0, 1.0938334285463196
28.0, 1.0410865793005954
29.0, 0.9855793294684173
30.0, 0.92732415941553
31.0, 0.8666447042778004
32.0, 0.8035652000128299
33.0, 0.7384691601902095
34.0, 0.6714170186395723
35.0, 0.6029137328568381
36.0, 0.5331635091478597
37.0, 0.4629848260104345
38.0, 0.39303142622460235
39.0, 0.324903271753427
40.0, 0.25844766728901847
41.0, 0.2733996210226642
42.0, 0.288846139525279
43.0, 0.30427544330161793
44.0, 0.3194312197665246
45.0, 0.33455937258657253
46.0, 0.349387167666343
47.0, 0.3641421583390168
48.0, 0.37858824784540185
49.0, 0.3929078304251527
50.0, 0.4069245514395591
51.0, 0.4207653658451338
52.0, 0.4343059372478902
53.0, 0.44764248508464705
54.0, 0.4606754097056706
55.0, 0.47348972065665607
56.0, 0.48599442635109125
57.0, 0.4982604341357419
58.0, 0.5102045038633172
59.0, 0.5218874723914161
60.0, 0.5332368819801633
61.0, 0.5443051139466698
62.0, 0.5550293585915421
63.0, 0.5654565802596169
64.0, 0.5755287924170489
65.0, 0.5852889087858544
66.0, 0.5946831188865225
67.0, 0.6037508402371605
68.0, 0.6124426698913853
69.0, 0.6207945633255599
70.0, 0.6287616961349662
71.0, 0.6363755272277892
72.0, 0.6435950205389538
73.0, 0.6504472834087008
74.0, 0.6568946894231029
75.0, 0.6629606556046789
76.0, 0.6686102054230192
77.0, 0.6738628991355978
78.0, 0.6786863062706081
79.0, 0.68309597250842
80.0, 0.687061140950635
81.0, 0.6905950821021588
82.0, 0.693667327093124
83.0, 0.6962899874616514
84.0, 0.6984324634684519
85.0, 0.7001081269742067
86.0, 0.7204568681096084
87.0, 0.7658868404177295
88.0, 0.8055389075878023
89.0, 0.83962895862936
90.0, 0.8659730805283171
91.0, 0.8651473605335391
92.0, 0.8651941507884392
93.0, 0.8650784555720644
94.0, 0.8651758700463473
95.0, 0.8649721494579751
96.0, 0.8651629991452161
97.0, 0.8651838551148179
98.0, 0.8651458961677807
99.0, 0.8650661280256626
100.0, 0.8650439552727559
101.0, 0.8649290779940606
102.0, 0.8650272018006063
103.0, 0.864902598563276
104.0, 0.8650233541975313
105.0, 0.8649019413185876
106.0, 0.8650232222396722
107.0, 0.8649019413185876
108.0, 0.8650232222396722
109.0, 0.8649020732783061
110.0, 0.8650232222396722
111.0, 0.8649020732783061
112.0, 0.8650232222396722
113.0, 0.8649019413185876
114.0, 0.8650231660480485
115.0, 0.8617098016008261
116.0, 0.8653387447430771
117.0, 0.8650254352301557
118.0, 0.8652128296972602
119.0, 0.8652636331278295
120.0, 0.8624474841133619
121.0, 0.8650646930934002
122.0, 0.8649992217672301
123.0, 0.8648709545888785
124.0, 0.8649932054167281
125.0, 0.8648720834904978
126.0, 0.864993261610325
127.0, 0.8648719711079079
128.0, 0.8649932054167281
129.0, 0.8648719711079079
130.0, 0.8649932054167281
131.0, 0.8648719149166135
132.0, 0.8649932054167281
133.0, 0.8648721030668837
134.0, 0.864993261610325
135.0, 0.8648719906842963
136.0, 0.864993244556579
137.0, 0.8648720298370843
138.0, 0.8649932641265098
139.0, 0.864872012798599
140.0, 0.8649933228363245
141.0, 0.8648722009488682
142.0, 0.8649934181698061
143.0, 1.5897705541316656
144.0, 1.5873573837746449
145.0, 1.5834713116140244
146.0, 1.5775005819405477
147.0, 1.57008865902963
148.0, 1.5606466401194308
149.0, 1.5498164553327711
150.0, 1.5370420595440633
151.0, 1.6086126490256007
152.0, 1.6809886812427277
153.0, 1.754618257184447
154.0, 1.8287978429685596
155.0, 1.9040195375633422
156.0, 1.9796049064606558
157.0, 2.0560768495429977
158.0, 2.132774014480579
159.0, 2.2102416977640034
160.0, 2.2878307759270258
161.0, 2.3661018451756672
162.0, 2.4444152668610126
163.0, 2.5233431462893128
164.0, 2.6022521255451827
165.0, 2.6817225487266874
166.0, 2.7611298112048797
167.0, 2.752351247610444
168.0, 2.8303421382169915
169.0, 2.9089172334362017
170.0, 2.9874589030453635
171.0, 3.066545555427683
172.0, 3.1455622904797798
173.0, 3.2250864456616903
174.0, 3.2152959531391136
175.0, 3.2931892565382075
176.0, 3.3710539438958707
177.0, 3.3599768322167196
178.0, 3.3466296646609055
179.0, 3.3316437709451083
180.0, 3.3145533254702313
181.0, 3.381700009943231
182.0, 3.3981831428420453
183.0, 3.413081938236738
184.0, 3.425764172243078
185.0, 3.4367394619443252
186.0, 3.4453578360431587
187.0, 3.4521756917478794
188.0, 3.5335506977597397
189.0, 3.5381225337602253
190.0, 3.6203140566623886
191.0, 3.7028567594014032
192.0, 3.7851342609574026
193.0, 3.8677571091120155
194.0, 3.950109253440994
195.0, 4.032802282376812
196.0, 4.115220572165408
197.0, 4.197975526831288
198.0, 4.280452409240181
199.0, 4.363266238513233
200.0, 4.445795947622637
201.0, 4.528655097649301
202.0, 4.614885840738614
203.0, 4.703325453782692
204.0, 4.789446569517208
205.0, 4.86068789361281
206.0, 4.945734482535045
207.0, 5.022741039382694
208.0, 5.105710639453016
209.0, 5.191926542464538
210.0, 5.273690704497958
211.0, 5.356772424189562
212.0, 5.439534030888881
213.0, 5.4410434438365956
214.0, 5.52390306399179
215.0, 5.607074997021686
216.0, 5.606021029544826
217.0, 5.6029927067168925
218.0, 5.597408749015373
219.0, 5.589886189274501
220.0, 5.579900276026466
221.0, 5.568060933618793
222.0, 5.553903038918223
223.0, 5.538019823772623
224.0, 5.520022188032812
225.0, 5.500469507705571
226.0, 5.47905803654823
227.0, 5.456309442806785
228.0, 5.432007429476348
229.0, 5.43208175726636
230.0, 5.432006708630932
231.0, 5.432044128706349
232.0, 5.432008614357216
233.0, 5.432073985992506
234.0, 5.432001332815865
235.0, 5.432074377405744
236.0, 5.432000801647369
237.0, 5.432074377405744
238.0, 5.432000801647369
239.0, 5.4320743875939765
240.0, 5.432000801647369
241.0, 5.432073963152217
242.0, 5.432000801647369
243.0, 5.431053664254252
244.0, 5.43145432861313
245.0, 5.431169380456315
246.0, 5.429812950295492
247.0, 5.427743660251347
248.0, 5.42449743127127
249.0, 5.420462047008405
250.0, 5.415194745297755
251.0, 5.4091584988059935
252.0, 5.401912340099607
253.0, 5.394019898703135
254.0, 5.385008897194251
255.0, 5.375541761377118
256.0, 5.36509533977229
257.0, 5.354404609843453
258.0, 5.342902767252091
259.0, 5.331362443563785
260.0, 5.319175569889395
261.0, 5.307168154172506
262.0, 5.294678481069977
263.0, 5.315390207110314
264.0, 5.341498707584048
265.0, 5.367918340334492
266.0, 5.394725888403695
267.0, 5.4216956736791495
268.0, 5.448624430382927
269.0, 5.476561052145887
270.0, 5.502355352711726
271.0, 5.527939964577943
272.0, 5.552665370425231
273.0, 5.5763693251614255
274.0, 5.598879611214229
275.0, 5.617179587564839
276.0, 5.636049846235393
277.0, 5.654057747810601
278.0, 5.6708509489542
279.0, 5.685421170299149
280.0, 5.6986354048095365
281.0, 5.709466072034283
282.0, 5.717671918128537
spot_hold
0, 0
1, 0
2, 0
3, 0
4, 0
5, 0
6, 0
7, 0
8, 0
9, 0
10, 0
11, 0
12, 0
13, 0
14, 0
15, 0
16, 0
17, 0
18, 0
19, 0
20, 0
21, 0
22, 0
23, 0
24, 0
25, 0
26, 0
27, 0
28, 0
29, 0
30, 0
31, 0
32, 0
33, 0
34, 0
35, 0
36, 0
37, 0
38, 0
39, 0
40, 0
41, 1
42, 1
43, 1
44, 1
45, 1
46, 1
47, 1
48, 1
49, 1
50, 1
51, 1
52, 1
53, 1
54, 1
55, 1
56, 1
57, 1
58, 1
59, 1
60, 1
61, 1
62, 1
63, 1
64, 1
65, 1
66, 1
67, 1
68, 1
69, 1
70, 1
71, 1
72, 1
73, 1
74, 1
75, 1
76, 1
77, 1
78, 1
79, 1
80, 1
81, 1
82, 1
83, 1
84, 1
85, 1
86, 1
87, 1
88, 1
89, 1
90, 1
91, 1
92, 1
93, 1
94, 1
95, 1
96, 1
97, 1
98, 1
99, 1
100, 1
101, 1
102, 1
103, 1
104, 1
105, 1
106, 1
107, 1
108, 1
109, 1
110, 1
111, 1
112, 1
113, 1
114, 1
115, 1
116, 1
117, 1
118, 1
119, 1
120, 1
121, 1
122, 1
123, 1
124, 1
125, 1
126, 1
127, 1
128, 1
129, 1
130, 1
131, 1
132, 1
133, 1
134, 1
135, 1
136, 1
137, 1
138, 1
139, 1
140, 1
141, 1
142, 1
143, 1
144, 1
145, 1
146, 1
147, 1
148, 1
149, 1
150, 1
151, 1
152, 1
153, 1
154, 1
155, 1
156, 1
157, 1
158, 1
159, 1
160, 1
161, 1
162, 1
163, 1
164, 1
165, 1
166, 1
167, 1
168, 1
169, 1
170, 1
171, 1
172, 1
173, 1
174, 1
175, 1
176, 1
177, 1
178, 1
179, 1
180, 1
181, 1
182, 1
183, 1
184, 1
185, 1
186, 1
187, 1
188, 1
189, 1
190, 1
191, 1
192, 1
193, 1
194, 1
195, 1
196, 1
197, 1
198, 1
199, 1
200, 1
201, 1
202, 1
203, 1
204, 1
205, 1
206, 1
207, 1
208, 1
209, 1
210, 1
211, 1
212, 1
213, 1
214, 1
215, 1
216, 1
217, 1
218, 1
219, 1
220, 1
221, 1
222, 1
223, 1
224, 1
225, 1
226, 1
227, 1
228, 1
229, 1
230, 1
231, 1
232, 1
233, 1
234, 1
235, 1
236, 1
237, 1
238, 1
239, 1
240, 1
241, 1
242, 1
243, 1
244, 1
245, 1
246, 1
247, 1
248, 1
249, 1
250, 1
251, 1
252, 1
253, 1
254, 1
255, 1
256, 1
257, 1
258, 1
259, 1
260, 1
261, 1
262, 1
263, 1
264, 1
265, 1
266, 1
267, 1
268, 1
269, 1
270, 1
271, 1
272, 1
273, 1
274, 1
275, 1
276, 1
277, 1
278, 1
279, 1
280, 1
281, 1
282, 1
