bot_dist
0.0, 3.093404120526522
1.0, 3.0976683293756886
2.0, 3.1019589155724248
3.0, 3.1062757698145087
4.0, 3.110618782739144
5.0, 3.114987844932589
6.0, 3.1193828469396583
7.0, 3.12380367927313
8.0, 3.1282502324230226
9.0, 3.132722396865772
10.0, 3.1372200630732836
11.0, 3.141743121521876
12.0, 3.14629146270111
13.0, 3.1508649771224935
14.0, 3.155463555328084
15.0, 3.1600870878989635
16.0, 3.1647354654636035
17.0, 3.169408578706111
18.0, 3.174106318374358
19.0, 3.1788284624118113
20.0, 3.183575013432758
21.0, 3.1883458624317815
22.0, 3.1931409004985776
23.0, 3.1979600188255017
24.0, 3.202803108715001
25.0, 3.2076700615869256
26.0, 3.2125607689857323
27.0, 3.2174751225875635
28.0, 3.222413014207218
29.0, 3.227374335805
30.0, 3.2323589794934624
31.0, 3.2373668375440245
32.0, 3.2423978023934863
33.0, 3.2474517666504226
34.0, 3.2525286231014667
35.0, 3.2576282647174812
36.0, 3.262750584659615
37.0, 3.2678954762852537
38.0, 3.2730628331538516
39.0, 3.278252549032661
40.0, 3.2834645179023476
41.0, 3.288698633962495
42.0, 3.2939547916370073
43.0, 3.2992328855793955
44.0, 3.304532810677966
45.0, 3.3098544620608967
46.0, 3.315197735101206
47.0, 3.320562525421624
48.0, 3.3259487288993546
49.0, 3.3313562416707345
50.0, 3.336784960135792
51.0, 3.3422347809627038
52.0, 3.347705601092147
53.0, 3.353197317741558
54.0, 3.3587098284092898
55.0, 3.364243030878667
56.0, 3.3697968232219457
57.0, 3.3753711038041865
58.0, 3.380965771287014
59.0, 3.3865807246322994
60.0, 3.3922158631057355
61.0, 3.397871086280332
62.0, 3.403546294039808
63.0, 3.4092413865818982
64.0, 3.414956264421574
65.0, 3.4206908283941666
66.0, 3.4264449796584087
67.0, 3.432218619699391
68.0, 3.438011650331424
69.0, 3.443823973700825
70.0, 3.4496554922886147
71.0, 3.455506108913137
72.0, 3.4613757267325855
73.0, 3.467264249247466
74.0, 3.473171580302964
75.0, 3.4790976240912395
76.0, 3.4850422851536473
77.0, 3.491005468382876
78.0, 3.4969870790250073
79.0, 3.5029870226815136
80.0, 3.5090052053111673
81.0, 3.5150415332318867
82.0, 3.5210959131225046
83.0, 3.527168252024472
84.0, 3.5332584573434853
85.0, 3.539366436851049
86.0, 3.545492098685971
87.0, 3.5516353513557855
88.0, 3.55779610373812
89.0, 3.5639742650819883
90.0, 3.5701697450090206
91.0, 3.5763824535146385
92.0, 3.5826123009691577
93.0, 3.5888591981188385
94.0, 3.595123056086869
95.0, 3.6014037863742967
96.0, 3.607701300860893
97.0, 3.614015511805971
98.0, 3.620346331849136
99.0, 3.626693674010992
100.0, 3.6330574516937837
101.0, 3.6330574516937837
102.0, 3.6330574516937837
103.0, 3.6330574516937837
104.0, 3.6330574516937837
105.0, 3.6330574516937837
106.0, 3.6330574516937837
107.0, 3.6330574516937837
108.0, 3.6330574516937837
109.0, 3.6330574516937837
110.0, 3.6330574516937837
111.0, 3.6330574516937837
112.0, 3.6330574516937837
113.0, 3.6330574516937837
114.0, 3.6330574516937837
115.0, 3.6330574516937837
116.0, 3.6330574516937837
117.0, 3.6330574516937837
118.0, 3.6330574516937837
119.0, 3.6330574516937837
120.0, 3.6330574516937837
121.0, 3.6330574516937837
122.0, 3.6330574516937837
123.0, 3.6330574516937837
124.0, 3.6330574516937837
125.0, 3.6330574516937837
126.0, 3.6330574516937837
127.0, 3.6330574516937837
128.0, 3.6330574516937837
129.0, 3.6330574516937837
130.0, 3.6330574516937837
131.0, 3.626693674010992
132.0, 3.620346331849136
133.0, 3.614015511805971
134.0, 3.607701300860893
135.0, 3.6014037863742967
136.0, 3.595123056086869
137.0, 3.5888591981188385
138.0, 3.5826123009691577
139.0, 3.5763824535146385
140.0, 3.5701697450090206
141.0, 3.5639742650819883
142.0, 3.55779610373812
143.0, 3.5562027744806564
144.0, 3.5500674255665103
145.0, 3.543949672121696
146.0, 3.53784960542602
147.0, 3.5317673171251176
148.0, 3.525702899229002
149.0, 3.5196564441105544
150.0, 3.51362804450395
151.0, 3.424419357734304
152.0, 3.3352460236464787
153.0, 3.246110907935515
154.0, 3.1570172994005117
155.0, 3.0679688141404147
156.0, 2.978969498684078
157.0, 2.890023895639942
158.0, 2.801137121666404
159.0, 2.712314960529677
160.0, 2.6235639747443806
161.0, 2.5348916402418165
162.0, 2.4463065097585455
163.0, 2.3578184122900776
164.0, 2.269438698160638
165.0, 2.1811805422320902
166.0, 2.0930593218164115
167.0, 2.087679178709125
168.0, 2.000822598664716
169.0, 1.9142992474242686
170.0, 1.8281562103655997
171.0, 1.7424498941877757
172.0, 1.6572480567070118
173.0, 1.572632694754511
174.0, 1.5680889119149872
175.0, 1.48667779889118
176.0, 1.4064412264055255
177.0, 1.4024532814413422
178.0, 1.3985254697489886
179.0, 1.3946582993931527
180.0, 1.3908522762012876
181.0, 1.3298995268275011
182.0, 1.326636332209664
183.0, 1.3234406537657586
184.0, 1.3203129817432295
185.0, 1.3172538005631214
186.0, 1.3142635884992047
187.0, 1.3113428173556134
188.0, 1.308491952143397
189.0, 1.3057114507564258
190.0, 1.3030017636470765
191.0, 1.3003633335021656
192.0, 1.297796594919584
193.0, 1.2953019740861202
194.0, 1.2928798884569532
195.0, 1.2090801432177833
196.0, 1.1254244295369196
197.0, 1.0419474399418425
198.0, 1.0395219135737157
199.0, 0.9576521151911311
200.0, 0.8761739789992772
201.0, 0.795207904912982
202.0, 0.714927888260105
203.0, 0.6355939439636775
204.0, 0.5576100255643205
205.0, 0.48163235193627946
206.0, 0.40878112366985897
207.0, 0.3410656747918255
208.0, 0.28220752078728234
209.0, 0.23884697584833664
210.0, 0.22033196266129385
211.0, 0.23267138303570986
212.0, 0.27169334554348695
213.0, 0.32800919555350033
214.0, 0.39427693711094675
215.0, 0.4662727615175583
216.0, 0.5417175140390248
217.0, 0.6193521080837807
218.0, 0.6984467012212285
219.0, 0.697857765170991
220.0, 0.7781448596923822
221.0, 0.8589688598661781
222.0, 0.9401913098257314
223.0, 0.9399601839565778
224.0, 0.9398354137458969
225.0, 0.939817041553055
226.0, 0.9399050736172939
227.0, 0.94009948004714
228.0, 0.9404001948711267
229.0, 0.940807116149629
230.0, 0.9413201061473658
231.0, 0.9413201061473658
232.0, 0.9413201061473658
233.0, 0.9413201061473658
234.0, 0.9413201061473658
235.0, 0.9413201061473658
236.0, 0.9413201061473658
237.0, 0.9413201061473658
238.0, 0.9413201061473658
239.0, 0.9413201061473658
240.0, 0.9413201061473658
241.0, 0.9413201061473658
242.0, 0.9413201061473658
243.0, 0.9413201061473658
244.0, 0.9413201061473658
245.0, 0.9413201061473658
246.0, 0.9413201061473658
247.0, 0.9413201061473658
248.0, 0.9413201061473658
249.0, 0.9413201061473658
250.0, 0.9413201061473658
251.0, 0.9413201061473658
252.0, 0.9413201061473658
253.0, 0.9413201061473658
254.0, 0.9413201061473658
255.0, 0.9413201061473658
256.0, 0.9413201061473658
257.0, 0.9413201061473658
258.0, 0.9413201061473658
259.0, 0.9413201061473658
260.0, 0.9413201061473658
261.0, 0.940807116149629
262.0, 0.9404001948711267
263.0, 0.94009948004714
264.0, 0.9399050736172939
265.0, 0.939817041553055
266.0, 0.9398354137458969
267.0, 0.9399601839565778
268.0, 0.9401913098257314
269.0, 0.9405287129457257
270.0, 0.9409722789935103
271.0, 0.941521857923923
272.0, 0.9421772642226991
273.0, 0.9429382772181863
274.0, 0.9438046414505553
275.0, 0.9447760670970659
276.0, 0.9458522304517584
277.0, 0.9470327744577327
278.0, 0.9483173092900041
279.0, 0.9497053786614994
280.0, 0.9511965585706564
281.0, 0.9527903648931749
282.0, 0.9544862835307844
ee_dist
0.0, 1.3588110472873136
1.0, 1.4162518858373905
2.0, 1.5230503778679734
3.0, 1.6144710329783916
4.0, 1.646063531076691
5.0, 1.671867506739248
6.0, 1.7042624060465517
7.0, 1.7376052499632824
8.0, 1.771292251289431
9.0, 1.8048621894039982
10.0, 1.8382500314637784
11.0, 1.8697432524114306
12.0, 1.90027620409783
13.0, 1.928227049874901
14.0, 1.9556176369678038
15.0, 1.9801358084112588
16.0, 2.0043427055414917
17.0, 2.0255390476312023
18.0, 2.0468459884346943
19.0, 2.065227811578664
20.0, 2.0841370469123937
21.0, 2.0560406374521527
22.0, 2.0163532647679347
23.0, 1.9736018479983728
24.0, 1.927313582019875
25.0, 1.877758609225803
26.0, 1.8250651541567213
27.0, 1.7695585597122683
28.0, 1.7114315731919343
29.0, 1.6511191300379726
30.0, 1.5889028470896873
31.0, 1.525357584124428
32.0, 1.4608954274303918
33.0, 1.3962639947248623
34.0, 1.3320696031077566
35.0, 1.2693011294238772
36.0, 1.2088492768204167
37.0, 1.152008716065656
38.0, 1.099999515710056
39.0, 1.0543419981410371
40.0, 1.0165089762985577
41.0, 1.016760075859061
42.0, 0.9216946513935997
43.0, 0.7930852135451754
44.0, 0.7467373291386744
45.0, 0.699385474035669
46.0, 0.650871804230763
47.0, 0.6010269058222717
48.0, 0.550481480355622
49.0, 0.4994209436019783
50.0, 0.44897866331814834
51.0, 0.40049027068262133
52.0, 0.3555833694380225
53.0, 0.3159393834064091
54.0, 0.28457691879784375
55.0, 0.26485800653002173
56.0, 0.2605604499375854
57.0, 0.27200254073030483
58.0, 0.25370990172752544
59.0, 0.24173139104516506
60.0, 0.25704060409299095
61.0, 0.3036356797721694
62.0, 0.37302195470697197
63.0, 0.4528219111658599
64.0, 0.5329894237138928
65.0, 0.5990776921690814
66.0, 0.6593003724394305
67.0, 0.7192668465302768
68.0, 0.7732445894024255
69.0, 0.8255548258755936
70.0, 0.8767147472358497
71.0, 0.9260390104521983
72.0, 0.9766532068214235
73.0, 1.0340659415627202
74.0, 1.0958412314938584
75.0, 1.1688925459227206
76.0, 1.251396818650157
77.0, 1.343574538384172
78.0, 1.4407883546008124
79.0, 1.538069371973816
80.0, 1.6308835861482143
81.0, 1.709539294284223
82.0, 1.7741297101934517
83.0, 1.8381001583057623
84.0, 1.8988011466977224
85.0, 1.958189925855177
86.0, 2.016643579342379
87.0, 2.073494258133226
88.0, 2.1092966590702096
89.0, 2.1495915399889864
90.0, 2.189622460836067
91.0, 2.247002115339907
92.0, 2.3451330125963663
93.0, 2.4341848616108717
94.0, 2.5471697334998296
95.0, 2.651670875968759
96.0, 2.7541359087743205
97.0, 2.8431225067746206
98.0, 2.9169075953735373
99.0, 2.9843206496136476
100.0, 3.0518233888214987
101.0, 3.1147850763015446
102.0, 3.1790605391427635
103.0, 3.240172427839963
104.0, 3.3043334524581245
105.0, 3.372264790501405
106.0, 3.4470947517022585
107.0, 3.5262894670486724
108.0, 3.6181452282974353
109.0, 3.7161685627684893
110.0, 3.8232960020242266
111.0, 3.9300984330922093
112.0, 4.034265671246687
113.0, 4.12793744333457
114.0, 4.204286917762645
115.0, 4.2758106510371965
116.0, 4.339040583455662
117.0, 4.4025362938001535
118.0, 4.46673494562983
119.0, 4.5289443901516515
120.0, 4.592193614834884
121.0, 4.6592980927459955
122.0, 4.734022922744898
123.0, 4.776623684670663
124.0, 4.821631072404029
125.0, 4.8637832092159545
126.0, 4.9077578676127995
127.0, 4.948317444480561
128.0, 4.990154801640946
129.0, 5.028071386091566
130.0, 5.066773437296018
131.0, 5.101109997293873
132.0, 5.135793695154451
133.0, 5.165731541566969
134.0, 5.195640920353012
135.0, 5.2204913871565
136.0, 5.244995934430815
137.0, 5.2641958529402135
138.0, 5.282801152095792
139.0, 5.295922921880213
140.0, 5.308264242946491
141.0, 5.315012172669279
142.0, 5.320861012789986
143.0, 4.6382663889324665
144.0, 4.627257030622368
145.0, 4.620607893750666
146.0, 4.614784969284242
147.0, 4.613682828517341
148.0, 4.6133776702298395
149.0, 4.617863411940015
150.0, 4.623082522011384
151.0, 4.54262364084653
152.0, 4.460219226342237
153.0, 4.379899496131887
154.0, 4.29764331099432
155.0, 4.217482938846527
156.0, 4.135392886398647
157.0, 4.055411520660135
158.0, 3.973508173261413
159.0, 3.8937279727820733
160.0, 3.8120356309475114
161.0, 3.7324828284045015
162.0, 3.651029946575481
163.0, 3.5717355664314496
164.0, 3.49055584623433
165.0, 3.4115563509896427
166.0, 3.3306899248757214
167.0, 3.3430410193510918
168.0, 3.264947138144503
169.0, 3.1891500884471577
170.0, 3.111702022053817
171.0, 3.0366008962837987
172.0, 2.9599071226849976
173.0, 2.8856141761493688
174.0, 2.900332341558308
175.0, 2.8301893829570144
176.0, 2.758819825999714
177.0, 2.778592252834682
178.0, 2.79873459022158
179.0, 2.822564819078497
180.0, 2.846566807129341
181.0, 2.7986008476924176
182.0, 2.772653942027347
183.0, 2.749971574935503
184.0, 2.7275390133717567
185.0, 2.7090089376591804
186.0, 2.6909156073841354
187.0, 2.662531858277129
188.0, 2.665284305256989
189.0, 2.655787168028232
190.0, 2.6483353970750185
191.0, 2.645775716989042
192.0, 2.6440562030797876
193.0, 2.6473463008355735
194.0, 2.651514297259198
195.0, 2.5721984653536074
196.0, 2.4910920585672636
197.0, 2.4121872760813674
198.0, 2.420040177996612
199.0, 2.344010238140263
200.0, 2.266521438257343
201.0, 2.1914229734507327
202.0, 2.114984842064145
203.0, 2.041038494963324
204.0, 1.985991643840718
205.0, 1.9856482390662475
206.0, 1.9522551459615234
207.0, 1.8553377047909965
208.0, 1.7048655764084129
209.0, 1.5605709904734817
210.0, 1.503349914195318
211.0, 1.4652528298797922
212.0, 1.4102268175872898
213.0, 1.3481727781554242
214.0, 1.2868428117912312
215.0, 1.2302493454387284
216.0, 1.1751645496421008
217.0, 1.1251289585364195
218.0, 1.0777268058326863
219.0, 1.104145573961706
220.0, 1.065201607197118
221.0, 1.0400514817732323
222.0, 1.0159694779923893
223.0, 0.9877003929723684
224.0, 0.9595383356039836
225.0, 0.9339609471778011
226.0, 0.9087621500471976
227.0, 0.8871519287534213
228.0, 0.8661958301080177
229.0, 0.8498080663612294
230.0, 0.8343513375583287
231.0, 0.824307307780904
232.0, 0.8154069668239609
233.0, 0.8124953475056059
234.0, 0.8108013760068096
235.0, 0.8152950880417158
236.0, 0.8209038969647536
237.0, 0.8324840354299144
238.0, 0.8449176538563152
239.0, 0.8465336211190717
240.0, 0.8448729115960738
241.0, 0.8465386535778564
242.0, 0.8448716916169307
243.0, 0.8558875837103038
244.0, 0.8694840815032094
245.0, 0.8839379988883305
246.0, 0.9005979656712566
247.0, 0.9183986629626462
248.0, 0.9380763271887305
249.0, 0.958604433424126
250.0, 0.9806957233901356
251.0, 1.003366307674828
252.0, 1.0272222821125907
253.0, 1.0513330755576136
254.0, 1.076262974993631
255.0, 1.1123915060244212
256.0, 1.1430505167652831
257.0, 1.1730576798311816
258.0, 1.202066755495152
259.0, 1.2300624135908487
260.0, 1.2572166612985796
261.0, 1.2833346550950644
262.0, 1.3085632553035196
263.0, 1.2797264879001486
264.0, 1.2448137844310103
265.0, 1.2079960585171285
266.0, 1.1689734884575513
267.0, 1.1280614930376516
268.0, 1.0851336763730832
269.0, 1.0406655497835584
270.0, 0.9945034083794749
271.0, 0.9472765656253619
272.0, 0.8987892813124662
273.0, 0.8496421059862913
274.0, 0.7997548290002484
275.0, 0.7470920839437254
276.0, 0.6918986757381553
277.0, 0.6305433878446993
278.0, 0.5818092450078095
279.0, 0.5352752756755312
280.0, 0.4924664005072293
281.0, 0.43449083003027567
282.0, 0.39104611419322266
ee_box_dist
0.0, 0.6319980125231259
1.0, 0.676600126714784
2.0, 0.7076659927963799
3.0, 0.747101886249872
4.0, 0.784350200812409
5.0, 0.8242771400726032
6.0, 0.8628410653981928
7.0, 0.8988799924790172
8.0, 0.9321655038954788
9.0, 0.964056551683988
10.0, 0.9946472056252225
11.0, 1.022848341486923
12.0, 1.049621605726513
13.0, 1.0738086965547602
14.0, 1.0972088071001271
15.0, 1.1179588109217824
16.0, 1.1383249900734405
17.0, 1.1559733516379218
18.0, 1.1737312867185785
19.0, 1.188885877457522
20.0, 1.204582936292124
21.0, 1.1837901599885945
22.0, 1.1545456970438432
23.0, 1.1226522597327167
24.0, 1.0876784504311894
25.0, 1.0497935309126902
26.0, 1.008972577905904
27.0, 0.9653964530198677
28.0, 0.9190370096789849
29.0, 0.8701161377374842
30.0, 0.8186002728399417
31.0, 0.764753168752286
32.0, 0.7085319120790297
33.0, 0.6502299346068825
34.0, 0.589791216283124
35.0, 0.5275716557260731
36.0, 0.4635437842608909
37.0, 0.39821098829970303
38.0, 0.33164070670173107
39.0, 0.26444895846059746
40.0, 0.19719445650187017
41.0, 0.08025347673857594
42.0, 0.08290213217531643
43.0, 0.08302935609763758
44.0, 0.08297779568179824
45.0, 0.083030673420166
46.0, 0.08298409865684792
47.0, 0.08302996770082195
48.0, 0.08298947122151683
49.0, 0.08302876125101967
50.0, 0.08299370912450375
51.0, 0.0830271765964402
52.0, 0.08299704546023769
53.0, 0.08302521489091132
54.0, 0.08299971811496133
55.0, 0.08302341803860928
56.0, 0.08300186801853554
57.0, 0.08302144642399285
58.0, 0.08300357132660033
59.0, 0.08301916861289012
60.0, 0.08300452180547996
61.0, 0.08301655032854603
62.0, 0.08300516929174481
63.0, 0.08301424222698929
64.0, 0.08300588360550826
65.0, 0.08301161254691018
66.0, 0.08300603459029643
67.0, 0.08300966478646507
68.0, 0.08300658162631036
69.0, 0.08300767062386266
70.0, 0.0830072232279933
71.0, 0.08300611748053537
72.0, 0.08300787092153745
73.0, 0.08300508125262566
74.0, 0.08300889929387896
75.0, 0.08300505247163939
76.0, 0.08301037456637719
77.0, 0.08300558556043608
78.0, 0.08301238788514821
79.0, 0.08300695587019565
80.0, 0.08301513876911273
81.0, 0.0830091015934213
82.0, 0.08301846689284956
83.0, 0.08301256669671107
84.0, 0.08302298842784298
85.0, 0.08301708082471564
86.0, 0.08864249206757233
87.0, 0.12447538565507153
88.0, 0.1350698765640188
89.0, 0.13333795782419267
90.0, 0.12895174276692262
91.0, 0.11539126413647227
92.0, 0.08257484773398378
93.0, 0.12012500186562898
94.0, 0.1152588230150082
95.0, 0.11660679867718568
96.0, 0.11456636471187712
97.0, 0.11663396026107967
98.0, 0.11456509389515057
99.0, 0.11663398002137164
100.0, 0.11456513344157623
101.0, 0.11663396026107967
102.0, 0.11456513344157623
103.0, 0.11663396026107967
104.0, 0.11456513344157623
105.0, 0.11663396026107967
106.0, 0.11456513344157623
107.0, 0.11663396026107967
108.0, 0.11456513344157623
109.0, 0.11663396026107967
110.0, 0.11456513344157623
111.0, 0.11663396026107967
112.0, 0.11456513344157623
113.0, 0.11663396026107967
114.0, 0.11456513344157623
115.0, 0.0866360374487485
116.0, 0.11332210163209452
117.0, 0.11658071873483178
118.0, 0.11456456455808699
119.0, 0.11663394610603788
120.0, 0.11456513841978846
121.0, 0.11663396026107967
122.0, 0.11456513344157623
123.0, 0.11663396026107967
124.0, 0.11456513344157623
125.0, 0.11663398002137164
126.0, 0.11456513344157623
127.0, 0.11663396026107967
128.0, 0.11456513344157623
129.0, 0.11663396026107967
130.0, 0.11456513344157623
131.0, 0.11663396026107967
132.0, 0.11456513344157623
133.0, 0.11663398002137164
134.0, 0.11456513344157623
135.0, 0.11663396026107967
136.0, 0.11456513344157623
137.0, 0.11663396026107967
138.0, 0.11456517796619876
139.0, 0.11663396026107967
140.0, 0.11456513344157623
141.0, 0.11663396026107967
142.0, 0.11456513344157623
143.0, 0.11219546236944317
144.0, 0.1111877398549051
145.0, 0.11245164109421271
146.0, 0.11119283838217016
147.0, 0.1124498881702852
148.0, 0.11119271520343864
149.0, 0.1124494037011976
150.0, 0.11119228340158152
151.0, 0.11244960496285654
152.0, 0.11119269527473025
153.0, 0.11244968548210406
154.0, 0.11119263050480577
155.0, 0.11244959581852763
156.0, 0.11119256573497135
157.0, 0.11244975017640844
158.0, 0.11119265528611205
159.0, 0.11244975017640844
160.0, 0.11119265528611205
161.0, 0.11244975017640844
162.0, 0.11119263050480577
163.0, 0.11244972520732875
164.0, 0.11119269527473025
165.0, 0.11244981487080198
166.0, 0.11119269527473025
167.0, 0.1124484443832476
168.0, 0.11119202745024932
169.0, 0.11244920347678673
170.0, 0.11119214910152068
171.0, 0.11244906995672524
172.0, 0.11119202745024932
173.0, 0.1124489484383768
174.0, 0.11119095943508502
175.0, 0.11244813968708953
176.0, 0.11119112859673011
177.0, 0.11244754033894017
178.0, 0.11118909131027871
179.0, 0.11244578307490517
180.0, 0.11118764796063327
181.0, 0.11244558659569594
182.0, 0.11118847205939654
183.0, 0.11244673935707263
184.0, 0.11119016302064313
185.0, 0.11244820132156122
186.0, 0.11119177202986859
187.0, 0.09477297777061368
188.0, 0.11076233428779317
189.0, 0.11239772757304746
190.0, 0.11119391430917394
191.0, 0.11245059376576501
192.0, 0.11119312992116859
193.0, 0.11245087517012815
194.0, 0.11119304086775732
195.0, 0.11245138622498471
196.0, 0.11119299304395004
197.0, 0.11245122913348994
198.0, 0.11119290401298647
199.0, 0.11245118303369366
200.0, 0.11119324023873069
201.0, 0.112451232828714
202.0, 0.11119324023873069
203.0, 0.11245114316839336
204.0, 0.10503794527790272
205.0, 0.10098198399621706
206.0, 0.07645968281362638
207.0, 0.07503804879602319
208.0, 0.05772733087411652
209.0, 0.10850730598944873
210.0, 0.08764154656345212
211.0, 0.10777890449073316
212.0, 0.11089671750694721
213.0, 0.11248976428191984
214.0, 0.11119263806504674
215.0, 0.11245108346822964
216.0, 0.11119279705530662
217.0, 0.11245114316839336
218.0, 0.11119285631225917
219.0, 0.11245049047293731
220.0, 0.08863862549591446
221.0, 0.11102664597253256
222.0, 0.11118242051802868
223.0, 0.11245497789476291
224.0, 0.11119301985788986
225.0, 0.11244976704256188
226.0, 0.11119309187640466
227.0, 0.11245025090696131
228.0, 0.1111933543147446
229.0, 0.11244998442761783
230.0, 0.11119263203704702
231.0, 0.11244866300479948
232.0, 0.11119178428354734
233.0, 0.11244796848838032
234.0, 0.11118975861093926
235.0, 0.11244669463934444
236.0, 0.11118828257030346
237.0, 0.1124447085789149
238.0, 0.11118666254486363
239.0, 0.1165299547180001
240.0, 0.11455729939274704
241.0, 0.11662625559216087
242.0, 0.11455879145745534
243.0, 0.07435567429564709
244.0, 0.07355269798519841
245.0, 0.07238527102324338
246.0, 0.07241303055411914
247.0, 0.07129661198392011
248.0, 0.07151231722571
249.0, 0.07047867313303555
250.0, 0.07086100885433079
251.0, 0.06990434508989017
252.0, 0.07030323097319821
253.0, 0.06931285648428688
254.0, 0.06975929389276476
255.0, 0.08157316632925915
256.0, 0.07971704684533627
257.0, 0.07709681619334063
258.0, 0.07519407439027566
259.0, 0.07301052940544471
260.0, 0.07190539325307053
261.0, 0.06994457675704004
262.0, 0.06928761440996443
263.0, 0.07997917947589576
264.0, 0.08057408213436648
265.0, 0.0807560967527159
266.0, 0.08097403317356154
267.0, 0.08112944249845831
268.0, 0.08134760220805057
269.0, 0.08146861437407041
270.0, 0.08184164124503773
271.0, 0.08191981767533217
272.0, 0.08209914508484664
273.0, 0.08212847782943812
274.0, 0.08213446838885877
275.0, 0.08229767276548597
276.0, 0.0825378821690617
277.0, 0.08205883888591742
278.0, 0.08211409664056023
279.0, 0.08203058267728949
280.0, 0.08194510151528214
281.0, 0.08151757930432468
282.0, 0.08161668061880431
spot_hold
0, 0
1, 0
2, 0
3, 0
4, 0
5, 0
6, 0
7, 0
8, 0
9, 0
10, 0
11, 0
12, 0
13, 0
14, 0
15, 0
16, 0
17, 0
18, 0
19, 0
20, 0
21, 0
22, 0
23, 0
24, 0
25, 0
26, 0
27, 0
28, 0
29, 0
30, 0
31, 0
32, 0
33, 0
34, 0
35, 0
36, 0
37, 0
38, 0
39, 0
40, 0
41, 1
42, 1
43, 1
44, 1
45, 1
46, 1
47, 1
48, 1
49, 1
50, 1
51, 1
52, 1
53, 1
54, 1
55, 1
56, 1
57, 1
58, 1
59, 1
60, 1
61, 1
62, 1
63, 1
64, 1
65, 1
66, 1
67, 1
68, 1
69, 1
70, 1
71, 1
72, 1
73, 1
74, 1
75, 1
76, 1
77, 1
78, 1
79, 1
80, 1
81, 1
82, 1
83, 1
84, 1
85, 1
86, 1
87, 1
88, 1
89, 1
90, 1
91, 1
92, 1
93, 1
94, 1
95, 1
96, 1
97, 1
98, 1
99, 1
100, 1
101, 1
102, 1
103, 1
104, 1
105, 1
106, 1
107, 1
108, 1
109, 1
110, 1
111, 1
112, 1
113, 1
114, 1
115, 1
116, 1
117, 1
118, 1
119, 1
120, 1
121, 1
122, 1
123, 1
124, 1
125, 1
126, 1
127, 1
128, 1
129, 1
130, 1
131, 1
132, 1
133, 1
134, 1
135, 1
136, 1
137, 1
138, 1
139, 1
140, 1
141, 1
142, 1
143, 1
144, 1
145, 1
146, 1
147, 1
148, 1
149, 1
150, 1
151, 1
152, 1
153, 1
154, 1
155, 1
156, 1
157, 1
158, 1
159, 1
160, 1
161, 1
162, 1
163, 1
164, 1
165, 1
166, 1
167, 1
168, 1
169, 1
170, 1
171, 1
172, 1
173, 1
174, 1
175, 1
176, 1
177, 1
178, 1
179, 1
180, 1
181, 1
182, 1
183, 1
184, 1
185, 1
186, 1
187, 1
188, 1
189, 1
190, 1
191, 1
192, 1
193, 1
194, 1
195, 1
196, 1
197, 1
198, 1
199, 1
200, 1
201, 1
202, 1
203, 1
204, 1
205, 1
206, 1
207, 1
208, 1
209, 1
210, 1
211, 1
212, 1
213, 1
214, 1
215, 1
216, 1
217, 1
218, 1
219, 1
220, 1
221, 1
222, 1
223, 1
224, 1
225, 1
226, 1
227, 1
228, 1
229, 1
230, 1
231, 1
232, 1
233, 1
234, 1
235, 1
236, 1
237, 1
238, 1
239, 1
240, 1
241, 1
242, 1
243, 1
244, 1
245, 1
246, 1
247, 1
248, 1
249, 1
250, 1
251, 1
252, 1
253, 1
254, 1
255, 1
256, 1
257, 1
258, 1
259, 1
260, 1
261, 1
262, 1
263, 1
264, 1
265, 1
266, 1
267, 1
268, 1
269, 1
270, 1
271, 1
272, 1
273, 1
274, 1
275, 1
276, 1
277, 1
278, 1
279, 1
280, 1
281, 1
282, 1
