bot_dist
0.0, 3.210760802879038
1.0, 3.2156664796752477
2.0, 3.220595734228077
3.0, 3.2255484584435714
4.0, 3.2305245443775608
5.0, 3.235523884242322
6.0, 3.240546370413133
7.0, 3.2455918954347096
8.0, 3.2506603520275292
9.0, 3.2557516330940444
10.0, 3.2608656317247835
11.0, 3.2660022412043332
12.0, 3.271161355017224
13.0, 3.2763428668536876
14.0, 3.28154667061532
15.0, 3.2867726604206253
16.0, 3.2920207306104534
17.0, 3.2972907757533347
18.0, 3.302582690650697
19.0, 3.307896370341989
20.0, 3.3132317101096835
21.0, 3.3185886054841904
22.0, 3.3239669522486524
23.0, 3.3293666464436478
24.0, 3.334787584371781
25.0, 3.3402296626021792
26.0, 3.3456927779748815
27.0, 3.351176827605137
28.0, 3.356681708887589
29.0, 3.362207319500378
30.0, 3.3677535574091304
31.0, 3.3733203208708664
32.0, 3.378907508437797
33.0, 3.3845150189610402
34.0, 3.390142751594232
35.0, 3.3957906057970515
36.0, 3.401458481338649
37.0, 3.4071462783009885
38.0, 3.412853897082097
39.0, 3.418581238399224
40.0, 3.4243282032919122
41.0, 3.430094693124986
42.0, 3.435880609591447
43.0, 3.4416858547152915
44.0, 3.447510330854237
45.0, 3.4533539407023697
46.0, 3.4592165872927088
47.0, 3.465098173999688
48.0, 3.4709986045415606
49.0, 3.4769177829827203
50.0, 3.4828556137359503
51.0, 3.488812001564587
52.0, 3.4947868515846157
53.0, 3.500780069266684
54.0, 3.5067915604380473
55.0, 3.512821231284438
56.0, 3.5188689883518602
57.0, 3.5249347385483194
58.0, 3.531018389145474
59.0, 3.5371198477802275
60.0, 3.5432390224562433
61.0, 3.549375821545396
62.0, 3.55553015378916
63.0, 3.561701928299926
64.0, 3.5678910545622586
65.0, 3.5740974424340886
66.0, 3.580321002147842
67.0, 3.5865616443115114
68.0, 3.5928192799096634
69.0, 3.599093820304385
70.0, 3.605385177236182
71.0, 3.6116932628248017
72.0, 3.618017989570018
73.0, 3.6243592703523504
74.0, 3.6307170184337285
75.0, 3.6370911474581047
76.0, 3.6434815714520163
77.0, 3.6498882048250905
78.0, 3.6563109623705046
79.0, 3.6627497592653873
80.0, 3.669204511071183
81.0, 3.675675133733952
82.0, 3.6821615435846415
83.0, 3.688663657339292
84.0, 3.6951813920992116
85.0, 3.7017146653510964
86.0, 3.7082633949671133
87.0, 3.714827499204936
88.0, 3.721406896707736
89.0, 3.7280015065041403
90.0, 3.734611248008138
91.0, 3.7412360410189573
92.0, 3.7478758057208923
93.0, 3.7545304626831015
94.0, 3.7611999328593626
95.0, 3.7678841375877905
96.0, 3.7745829985905246
97.0, 3.781296437973373
98.0, 3.788024378225426
99.0, 3.79476674221864
100.0, 3.8015234532073765
101.0, 3.8015234532073765
102.0, 3.8015234532073765
103.0, 3.8015234532073765
104.0, 3.8015234532073765
105.0, 3.8015234532073765
106.0, 3.8015234532073765
107.0, 3.8015234532073765
108.0, 3.8015234532073765
109.0, 3.8015234532073765
110.0, 3.8015234532073765
111.0, 3.8015234532073765
112.0, 3.8015234532073765
113.0, 3.8015234532073765
114.0, 3.8015234532073765
115.0, 3.8015234532073765
116.0, 3.8015234532073765
117.0, 3.8015234532073765
118.0, 3.8015234532073765
119.0, 3.8015234532073765
120.0, 3.8015234532073765
121.0, 3.8015234532073765
122.0, 3.8015234532073765
123.0, 3.8015234532073765
124.0, 3.8015234532073765
125.0, 3.8015234532073765
126.0, 3.8015234532073765
127.0, 3.8015234532073765
128.0, 3.8015234532073765
129.0, 3.8015234532073765
130.0, 3.8015234532073765
131.0, 3.79476674221864
132.0, 3.788024378225426
133.0, 3.781296437973373
134.0, 3.7745829985905246
135.0, 3.7678841375877905
136.0, 3.7611999328593626
137.0, 3.7545304626831015
138.0, 3.7478758057208923
139.0, 3.7412360410189573
140.0, 3.734611248008138
141.0, 3.7280015065041403
142.0, 3.721406896707736
143.0, 3.714827499204936
144.0, 3.7082633949671133
145.0, 3.7017146653510964
146.0, 3.6951813920992116
147.0, 3.688663657339292
148.0, 3.6821615435846415
149.0, 3.675675133733952
150.0, 3.669204511071183
151.0, 3.6627497592653873
152.0, 3.6563109623705046
153.0, 3.6498882048250905
154.0, 3.6434815714520163
155.0, 3.6370911474581047
156.0, 3.6307170184337285
157.0, 3.6243592703523504
158.0, 3.618017989570018
159.0, 3.6116932628248017
160.0, 3.605385177236182
161.0, 3.599093820304385
162.0, 3.5928192799096634
163.0, 3.5865616443115114
164.0, 3.580321002147842
165.0, 3.5740974424340886
166.0, 3.5678910545622586
167.0, 3.561701928299926
168.0, 3.55553015378916
169.0, 3.549375821545396
170.0, 3.5432390224562433
171.0, 3.5371198477802275
172.0, 3.531018389145474
173.0, 3.5249347385483194
174.0, 3.5188689883518602
175.0, 3.512821231284438
176.0, 3.5067915604380473
177.0, 3.500780069266684
178.0, 3.4947868515846157
179.0, 3.488812001564587
180.0, 3.4828556137359503
181.0, 3.4769177829827203
182.0, 3.4709986045415606
183.0, 3.465098173999688
184.0, 3.4592165872927088
185.0, 3.4533539407023697
186.0, 3.447510330854237
187.0, 3.4416858547152915
188.0, 3.435880609591447
189.0, 3.430094693124986
190.0, 3.4243282032919122
191.0, 3.418581238399224
192.0, 3.412853897082097
193.0, 3.4071462783009885
194.0, 3.401458481338649
195.0, 3.3957906057970515
196.0, 3.390142751594232
197.0, 3.3845150189610402
198.0, 3.378907508437797
199.0, 3.3733203208708664
200.0, 3.3677535574091304
201.0, 3.362207319500378
202.0, 3.356681708887589
203.0, 3.351176827605137
204.0, 3.3456927779748815
205.0, 3.3402296626021792
206.0, 3.334787584371781
207.0, 3.3293666464436478
208.0, 3.3239669522486524
209.0, 3.3185886054841904
210.0, 3.3132317101096835
211.0, 3.307896370341989
212.0, 3.302582690650697
213.0, 3.2972907757533347
214.0, 3.2920207306104534
215.0, 3.2867726604206253
216.0, 3.28154667061532
217.0, 3.2763428668536876
218.0, 3.271161355017224
219.0, 3.2660022412043332
220.0, 3.2608656317247835
221.0, 3.2557516330940444
222.0, 3.2506603520275292
223.0, 3.2455918954347096
224.0, 3.240546370413133
225.0, 3.235523884242322
226.0, 3.2305245443775608
227.0, 3.2255484584435714
228.0, 3.220595734228077
229.0, 3.2156664796752477
230.0, 3.210760802879038
231.0, 3.210760802879038
232.0, 3.210760802879038
233.0, 3.210760802879038
234.0, 3.210760802879038
235.0, 3.210760802879038
236.0, 3.210760802879038
237.0, 3.210760802879038
238.0, 3.210760802879038
239.0, 3.210760802879038
240.0, 3.210760802879038
241.0, 3.210760802879038
242.0, 3.210760802879038
243.0, 3.210760802879038
244.0, 3.210760802879038
245.0, 3.210760802879038
246.0, 3.210760802879038
247.0, 3.210760802879038
248.0, 3.210760802879038
249.0, 3.210760802879038
250.0, 3.210760802879038
251.0, 3.210760802879038
252.0, 3.210760802879038
253.0, 3.210760802879038
254.0, 3.210760802879038
255.0, 3.210760802879038
256.0, 3.210760802879038
257.0, 3.210760802879038
258.0, 3.210760802879038
259.0, 3.210760802879038
260.0, 3.210760802879038
261.0, 3.2156664796752477
262.0, 3.220595734228077
263.0, 3.2255484584435714
264.0, 3.2305245443775608
265.0, 3.235523884242322
266.0, 3.240546370413133
267.0, 3.2455918954347096
268.0, 3.2506603520275292
269.0, 3.2557516330940444
270.0, 3.2608656317247835
271.0, 3.2660022412043332
272.0, 3.271161355017224
273.0, 3.2763428668536876
274.0, 3.28154667061532
275.0, 3.2867726604206253
276.0, 3.2920207306104534
277.0, 3.2972907757533347
278.0, 3.302582690650697
279.0, 3.307896370341989
280.0, 3.3132317101096835
281.0, 3.3185886054841904
282.0, 3.3239669522486524
ee_dist
0.0, 1.542706764956875
1.0, 1.6101911220619858
2.0, 1.7226773354701346
3.0, 1.8169959001955371
4.0, 1.8496641415092154
5.0, 1.8755542535688838
6.0, 1.9073853202034354
7.0, 1.9390773543779085
8.0, 1.9724573590378907
9.0, 2.0091582008053406
10.0, 2.040822112356812
11.0, 2.0723254764327357
12.0, 2.1028257135671486
13.0, 2.130789981221404
14.0, 2.158117408882267
15.0, 2.182609594936939
16.0, 2.2068209822049343
17.0, 2.2280134466120356
18.0, 2.24948707111945
19.0, 2.2677274756985084
20.0, 2.286648967665048
21.0, 2.257342607367138
22.0, 2.2161950489402296
23.0, 2.1719039528483384
24.0, 2.124074823418842
25.0, 2.072998440896718
26.0, 2.0184864360040224
27.0, 1.9616469814759825
28.0, 1.902280186507017
29.0, 1.840918180012648
30.0, 1.7778966251436141
31.0, 1.7140186003136018
32.0, 1.649144779344024
33.0, 1.5847622979352225
34.0, 1.5212551573053839
35.0, 1.4596479296520184
36.0, 1.4008445988616272
37.0, 1.3459216001026324
38.0, 1.2964903694207859
39.0, 1.2535002087004068
40.0, 1.2183505054831838
41.0, 1.2314961959193507
42.0, 1.0898796917347389
43.0, 0.7193732825619429
44.0, 0.672427266211502
45.0, 0.6256901691580581
46.0, 0.5792493135303017
47.0, 0.5333380490109859
48.0, 0.4892004700264275
49.0, 0.4478219009734491
50.0, 0.41118589651082305
51.0, 0.3816735888116566
52.0, 0.36170664203987823
53.0, 0.3528718338279447
54.0, 0.3565408092460095
55.0, 0.37252872081459765
56.0, 0.39975552710056256
57.0, 0.3692138249040244
58.0, 0.33618878686272397
59.0, 0.3175689718476573
60.0, 0.3238058377892967
61.0, 0.36045008234474885
62.0, 0.4198498247865935
63.0, 0.48880591051118183
64.0, 0.5528476511458925
65.0, 0.6124075032806182
66.0, 0.6728707589219661
67.0, 0.7268183188825398
68.0, 0.7784202959587254
69.0, 0.8277782684737249
70.0, 0.875958941374932
71.0, 0.921743379335121
72.0, 0.9757128907630801
73.0, 1.0336135376470685
74.0, 1.1011317739738726
75.0, 1.179591043945632
76.0, 1.2676398852379094
77.0, 1.3615816989533678
78.0, 1.4576566722232447
79.0, 1.5497430782848862
80.0, 1.6312607638688497
81.0, 1.697218971125702
82.0, 1.7625402610680403
83.0, 1.824041132354441
84.0, 1.8838162250800334
85.0, 1.9421922885312548
86.0, 1.9916930729481084
87.0, 2.0219456387767085
88.0, 2.058927269753404
89.0, 2.10320746759731
90.0, 2.1584191854295285
91.0, 2.2489349489448274
92.0, 2.3457737844088666
93.0, 2.4501985962458255
94.0, 2.5550265026108328
95.0, 2.656623273205108
96.0, 2.7487717382210666
97.0, 2.8231279146855393
98.0, 2.8912590343099676
99.0, 2.95917447344786
100.0, 3.024052984461205
101.0, 3.08741920504082
102.0, 3.149065010611974
103.0, 3.210641196306498
104.0, 3.278805270262497
105.0, 3.351643419152178
106.0, 3.4278826606932515
107.0, 3.5172511788313394
108.0, 3.6149347571399293
109.0, 3.720182579095923
110.0, 3.8315533821393135
111.0, 3.929239885788998
112.0, 4.026810093233087
113.0, 4.103744230739379
114.0, 4.172161353614659
115.0, 4.2409594390699885
116.0, 4.304208200320619
117.0, 4.368027374179938
118.0, 4.431804724082383
119.0, 4.474383883008177
120.0, 4.51577415706528
121.0, 4.557423941944295
122.0, 4.5983373498249644
123.0, 4.638295299286632
124.0, 4.675846935147688
125.0, 4.7132870067032195
126.0, 4.748822919330012
127.0, 4.782707338069857
128.0, 4.8134928663862
129.0, 4.842738630145943
130.0, 4.869558811323794
131.0, 4.893844812793784
132.0, 4.914332260529977
133.0, 4.933286181562985
134.0, 4.949151602992531
135.0, 4.9622661150643035
136.0, 4.971355763573384
137.0, 4.97804361189093
138.0, 4.981598512117121
139.0, 4.982031244599426
140.0, 4.97826521966149
141.0, 4.972571626473466
142.0, 4.9636013587404015
143.0, 4.401601219887351
144.0, 4.402091000014002
145.0, 4.401958101557317
146.0, 4.401824710832987
147.0, 4.401659185676443
148.0, 4.402448690471058
149.0, 4.402133481744428
150.0, 4.4019733848602955
151.0, 4.401601219887351
152.0, 4.402091000014002
153.0, 4.401958012472977
154.0, 4.401824532361467
155.0, 4.401659096290844
156.0, 4.402448868351961
157.0, 4.402133481744428
158.0, 4.401973295775619
159.0, 4.401601219887351
160.0, 4.402091000320081
161.0, 4.401958101557317
162.0, 4.401824532361467
163.0, 4.401659007211504
164.0, 4.402448868351961
165.0, 4.402133481744428
166.0, 4.401973295775619
167.0, 4.401601219887351
168.0, 4.402091000320081
169.0, 4.401958012472977
170.0, 4.401824532361467
171.0, 4.401659007211504
172.0, 4.402448868351961
173.0, 4.402133481744428
174.0, 4.4019733848602955
175.0, 4.401601219887351
176.0, 4.402091000320081
177.0, 4.401958012472977
178.0, 4.401824532361467
179.0, 4.401659007211504
180.0, 4.402448868047485
181.0, 4.402133481744428
182.0, 4.4019733848602955
183.0, 4.401601219887351
184.0, 4.402091000014002
185.0, 4.401958101557317
186.0, 4.4018246211364325
187.0, 4.401659185676443
188.0, 4.402448690166583
189.0, 4.402133481744428
190.0, 4.4019733848602955
191.0, 4.401601219887351
192.0, 4.402091000014002
193.0, 4.401958101557317
194.0, 4.4018246211364325
195.0, 4.401659185676443
196.0, 4.402448690166583
197.0, 4.402133481744428
198.0, 4.4019733848602955
199.0, 4.401601219887351
200.0, 4.402091000014002
201.0, 4.401958101557317
202.0, 4.4018246211364325
203.0, 4.401659185676443
204.0, 4.402448690166583
205.0, 4.402133481744428
206.0, 4.4019733848602955
207.0, 4.401601219887351
208.0, 4.402091000014002
209.0, 4.401958101557317
210.0, 4.4018246211364325
211.0, 4.401659185676443
212.0, 4.402448690166583
213.0, 4.402133481744428
214.0, 4.4019733848602955
215.0, 4.401601219887351
216.0, 4.402091000014002
217.0, 4.401958101557317
218.0, 4.4018246211364325
219.0, 4.401659185676443
220.0, 4.402448690166583
221.0, 4.402133481744428
222.0, 4.4019733848602955
223.0, 4.401601219887351
224.0, 4.402091000014002
225.0, 4.401958101557317
226.0, 4.4018246211364325
227.0, 4.401659185676443
228.0, 4.402448690166583
229.0, 4.402133481744428
230.0, 4.4019733848602955
231.0, 4.401601219887351
232.0, 4.402091000014002
233.0, 4.401958101557317
234.0, 4.4018246211364325
235.0, 4.401659185676443
236.0, 4.402448690166583
237.0, 4.402133481744428
238.0, 4.4019733848602955
239.0, 4.401601219887351
240.0, 4.402091000014002
241.0, 4.401958101557317
242.0, 4.4018246211364325
243.0, 4.403950892963319
244.0, 4.408177586020993
245.0, 4.413402463165293
246.0, 4.420476011630559
247.0, 4.4286388428467145
248.0, 4.4387051271806035
249.0, 4.449852567576707
250.0, 4.462898114607512
251.0, 4.476916209269584
252.0, 4.4927230717422
253.0, 4.5092815827739585
254.0, 4.52741957670047
255.0, 4.546017478819418
256.0, 4.565915601008565
257.0, 4.585961895663657
258.0, 4.60700043665507
259.0, 4.627893335108009
260.0, 4.64947254700295
261.0, 4.670647989272772
262.0, 4.6922536671579085
263.0, 4.662376837755687
264.0, 4.625003534588485
265.0, 4.586563910021249
266.0, 4.546917965709751
267.0, 4.506399253654738
268.0, 4.465263847874919
269.0, 4.42386059652075
270.0, 4.3824722418228275
271.0, 4.341473544085741
272.0, 4.301163930538884
273.0, 4.261935818470311
274.0, 4.2240976912551105
275.0, 4.188025987134643
276.0, 4.153981645653802
277.0, 4.122283208394184
278.0, 4.09312229377696
279.0, 4.066908838051891
280.0, 4.043774009914555
281.0, 4.024461152982497
282.0, 4.009235649759619
ee_box_dist
0.0, 0.9509297865888545
1.0, 0.994133044967115
2.0, 1.036247343944341
3.0, 1.0993009344145634
4.0, 1.2191673146093875
5.0, 1.4515746233597093
6.0, 1.524882950664038
7.0, 1.5756116636470072
8.0, 1.6386068823467623
9.0, 1.6781838948388512
10.0, 1.7067401354750202
11.0, 1.7300662178593704
12.0, 1.7557087840588201
13.0, 1.770854297541899
14.0, 1.7989838906809865
15.0, 1.8192256381489018
16.0, 1.8375536615316341
17.0, 1.8538243262853926
18.0, 1.8701467583916838
19.0, 1.8839951617712536
20.0, 1.8982813925565998
21.0, 1.8868948632836353
22.0, 1.8693819698522331
23.0, 1.8483924849805542
24.0, 1.8236876332775542
25.0, 1.7954046516530988
26.0, 1.7633092265847203
27.0, 1.7280486217644455
28.0, 1.6893579811323587
29.0, 1.6475316500165496
30.0, 1.6026031067547515
31.0, 1.5550563095907564
32.0, 1.5044992587943793
33.0, 1.4519667953000448
34.0, 1.3974660280899964
35.0, 1.3414928107648592
36.0, 1.2843263647681498
37.0, 1.2261302068523663
38.0, 1.1677805495697484
39.0, 1.1097710907338325
40.0, 1.0529196666259295
41.0, 1.0658784476024827
42.0, 1.0774947019312353
43.0, 1.0893863694155717
44.0, 1.1010488645594183
45.0, 1.1125917219456414
46.0, 1.1239298542893108
47.0, 1.135102854694628
48.0, 1.1460899864651954
49.0, 1.156873193903288
50.0, 1.1674820019325094
51.0, 1.1778611043781546
52.0, 1.188041747294307
53.0, 1.197941613490968
54.0, 1.2075577119017662
55.0, 1.2167899630325891
56.0, 1.225633425360343
57.0, 1.2340495115038752
58.0, 1.242041779199658
59.0, 1.2496427863359336
60.0, 1.256799842249014
61.0, 1.263604313102806
62.0, 1.2699544294419245
63.0, 1.2759561050283945
64.0, 1.2815150486024327
65.0, 1.286727577341515
66.0, 1.2915204615370812
67.0, 1.2959676241005098
68.0, 1.2999986819863512
69.0, 1.3036690216490723
70.0, 1.3069155338729093
71.0, 1.3097919399475704
72.0, 1.3122398734008367
73.0, 1.314312212903895
74.0, 1.31595210600441
75.0, 1.3172121292328323
76.0, 1.3180367070607908
77.0, 1.3184774297902153
78.0, 1.3184799956854278
79.0, 1.3180955554036513
80.0, 1.3172699689702458
81.0, 1.3160541137218575
82.0, 1.3143946630488648
83.0, 1.3123439539668411
84.0, 1.3098467347961231
85.0, 1.3069586143737142
86.0, 1.3319608988353573
87.0, 1.376436614499564
88.0, 1.410061058992129
89.0, 1.4370749835794794
90.0, 1.457300940468248
91.0, 1.4557893427266342
92.0, 1.4555927182147732
93.0, 1.4552368773740756
94.0, 1.455749513278684
95.0, 1.4556793909007777
96.0, 1.455448232867529
97.0, 1.4553377157604357
98.0, 1.456090436932793
99.0, 1.4558596179078174
100.0, 1.455599274558906
101.0, 1.4552463361774117
102.0, 1.4557320851042612
103.0, 1.4556600401788165
104.0, 1.455433556117428
105.0, 1.455320389596801
106.0, 1.4561268951265847
107.0, 1.4558592761325446
108.0, 1.4556005612600829
109.0, 1.4552538856036024
110.0, 1.448855365800385
111.0, 1.456478645575613
112.0, 1.4556700317811961
113.0, 1.4555695794021137
114.0, 1.4553721291686128
115.0, 1.4552470515309552
116.0, 1.4562794432282953
117.0, 1.4558559173069765
118.0, 1.45560587156725
119.0, 1.4552530524960015
120.0, 1.4557178100778483
121.0, 1.4556447978541556
122.0, 1.4554223320185475
123.0, 1.4553064673395286
124.0, 1.4561547056831634
125.0, 1.455858110500838
126.0, 1.4556014137771076
127.0, 1.455248337463123
128.0, 1.455727247547299
129.0, 1.4556550353883446
130.0, 1.455429660396787
131.0, 1.4553156297745824
132.0, 1.456135206114841
133.0, 1.455858704616965
134.0, 1.4556005023451493
135.0, 1.455247637004291
136.0, 1.4557285026326154
137.0, 1.4556562670635722
138.0, 1.4554309614092769
139.0, 1.4553168018208575
140.0, 1.456132710518335
141.0, 1.4558587445137932
142.0, 1.4556004624500758
143.0, 1.9886086553880662
144.0, 1.988050952534404
145.0, 1.988251168073602
146.0, 1.988326442435171
147.0, 1.9885518797622264
148.0, 1.9876857006276216
149.0, 1.9880766787830333
150.0, 1.9881751547452886
151.0, 1.9886086553880662
152.0, 1.988050952534404
153.0, 1.9882512702764439
154.0, 1.988326672236593
155.0, 1.9885520098118603
156.0, 1.9876855281950419
157.0, 1.9880766820595117
158.0, 1.9881752585881793
159.0, 1.9886086570255002
160.0, 1.9880509279649776
161.0, 1.9882511697115743
162.0, 1.9883266705990106
163.0, 1.988552107929685
164.0, 1.9876855265565603
165.0, 1.988076679602153
166.0, 1.9881752561314752
167.0, 1.988608656206783
168.0, 1.9880509271459967
169.0, 1.988251269457458
170.0, 1.9883266714178018
171.0, 1.9885521095672136
172.0, 1.9876855281950419
173.0, 1.9880766804212726
174.0, 1.9881751563830914
175.0, 1.988608656206783
176.0, 1.9880509287839583
177.0, 1.9882512710954303
178.0, 1.9883266705990106
179.0, 1.988552107929685
180.0, 1.9876855535915068
181.0, 1.9880766804212726
182.0, 1.9881751563830914
183.0, 1.9886086578442168
184.0, 1.9880509549913465
185.0, 1.988251168892588
186.0, 1.988326596228473
187.0, 1.9885518805809907
188.0, 1.9876857284818046
189.0, 1.9880766804212726
190.0, 1.9881751572019928
191.0, 1.9886086553880662
192.0, 1.988050952534404
193.0, 1.988251168073602
194.0, 1.9883265954096814
195.0, 1.9885518797622264
196.0, 1.987685726843323
197.0, 1.9880766779639136
198.0, 1.9881751547452886
199.0, 1.9886086545693495
200.0, 1.988050952534404
201.0, 1.988251168073602
202.0, 1.988326596228473
203.0, 1.9885518797622264
204.0, 1.987685726843323
205.0, 1.9880766787830333
206.0, 1.9881751539263872
207.0, 1.9886086553880662
208.0, 1.988050952534404
209.0, 1.988251168073602
210.0, 1.9883265954096814
211.0, 1.9885518789434617
212.0, 1.987685726843323
213.0, 1.9880766787830333
214.0, 1.9881751547452886
215.0, 1.9886086545693495
216.0, 1.9880509517154228
217.0, 1.9882511721685325
218.0, 1.9883265995036383
219.0, 1.9885518838560483
220.0, 1.9876857309395264
221.0, 1.9880766828786314
222.0, 1.9881751588397958
223.0, 1.9886086570255002
224.0, 1.9880509541723659
225.0, 1.9882511705305606
226.0, 1.9883265978660556
227.0, 1.9885518822185195
228.0, 1.9876857284818046
229.0, 1.988076681240392
230.0, 1.9881751563830914
231.0, 1.9886086578442168
232.0, 1.9880509549913465
233.0, 1.9882511697115743
234.0, 1.9883265978660556
235.0, 1.9885518813997551
236.0, 1.9876857284818046
237.0, 1.988076681240392
238.0, 1.9881751563830914
239.0, 1.9886086578442168
240.0, 1.9880509533533848
241.0, 1.9882511705305606
242.0, 1.9883265978660556
243.0, 1.9930876319737592
244.0, 1.9998155958565067
245.0, 2.0054162841582053
246.0, 2.009343752400738
247.0, 2.012066915433609
248.0, 2.0129378306131676
249.0, 2.012466781282554
250.0, 2.0100324815024995
251.0, 2.006285109347116
252.0, 2.000553681525932
253.0, 1.9936961183639281
254.0, 1.9849118983394713
255.0, 1.9752775543012986
256.0, 1.9638235962500072
257.0, 1.951810478942936
258.0, 1.9381135160163752
259.0, 1.9241164755448668
260.0, 1.9085927255486286
261.0, 1.8929935069062307
262.0, 1.8760068682257987
263.0, 1.9160496373018143
264.0, 1.965293036288059
265.0, 2.012976918424439
266.0, 2.0593520594330506
267.0, 2.1041586688663876
268.0, 2.1471301027831804
269.0, 2.188074498828473
270.0, 2.226760934162347
271.0, 2.2630329873649884
272.0, 2.2966895640321257
273.0, 2.3276087056805217
274.0, 2.3556128609572875
275.0, 2.3806104794819
276.0, 2.402425496300647
277.0, 2.420988307044386
278.0, 2.436119935511684
279.0, 2.44783549179353
280.0, 2.455960740545384
281.0, 2.460682391616114
282.0, 2.4619089822829467
spot_hold
0, 0
1, 0
2, 0
3, 0
4, 0
5, 0
6, 0
7, 0
8, 0
9, 0
10, 0
11, 0
12, 0
13, 0
14, 0
15, 0
16, 0
17, 0
18, 0
19, 0
20, 0
21, 0
22, 0
23, 0
24, 0
25, 0
26, 0
27, 0
28, 0
29, 0
30, 0
31, 0
32, 0
33, 0
34, 0
35, 0
36, 0
37, 0
38, 0
39, 0
40, 0
41, 1
42, 1
43, 1
44, 1
45, 1
46, 1
47, 1
48, 1
49, 1
50, 1
51, 1
52, 1
53, 1
54, 1
55, 1
56, 1
57, 1
58, 1
59, 1
60, 1
61, 1
62, 1
63, 1
64, 1
65, 1
66, 1
67, 1
68, 1
69, 1
70, 1
71, 1
72, 1
73, 1
74, 1
75, 1
76, 1
77, 1
78, 1
79, 1
80, 1
81, 1
82, 1
83, 1
84, 1
85, 1
86, 1
87, 1
88, 1
89, 1
90, 1
91, 1
92, 1
93, 1
94, 1
95, 1
96, 1
97, 1
98, 1
99, 1
100, 1
101, 1
102, 1
103, 1
104, 1
105, 1
106, 1
107, 1
108, 1
109, 1
110, 1
111, 1
112, 1
113, 1
114, 1
115, 1
116, 1
117, 1
118, 1
119, 1
120, 1
121, 1
122, 1
123, 1
124, 1
125, 1
126, 1
127, 1
128, 1
129, 1
130, 1
131, 1
132, 1
133, 1
134, 1
135, 1
136, 1
137, 1
138, 1
139, 1
140, 1
141, 1
142, 1
143, 1
144, 1
145, 1
146, 1
147, 1
148, 1
149, 1
150, 1
151, 1
152, 1
153, 1
154, 1
155, 1
156, 1
157, 1
158, 1
159, 1
160, 1
161, 1
162, 1
163, 1
164, 1
165, 1
166, 1
167, 1
168, 1
169, 1
170, 1
171, 1
172, 1
173, 1
174, 1
175, 1
176, 1
177, 1
178, 1
179, 1
180, 1
181, 1
182, 1
183, 1
184, 1
185, 1
186, 1
187, 1
188, 1
189, 1
190, 1
191, 1
192, 1
193, 1
194, 1
195, 1
196, 1
197, 1
198, 1
199, 1
200, 1
201, 1
202, 1
203, 1
204, 1
205, 1
206, 1
207, 1
208, 1
209, 1
210, 1
211, 1
212, 1
213, 1
214, 1
215, 1
216, 1
217, 1
218, 1
219, 1
220, 1
221, 1
222, 1
223, 1
224, 1
225, 1
226, 1
227, 1
228, 1
229, 1
230, 1
231, 1
232, 1
233, 1
234, 1
235, 1
236, 1
237, 1
238, 1
239, 1
240, 1
241, 1
242, 1
243, 1
244, 1
245, 1
246, 1
247, 1
248, 1
249, 1
250, 1
251, 1
252, 1
253, 1
254, 1
255, 1
256, 1
257, 1
258, 1
259, 1
260, 1
261, 1
262, 1
263, 1
264, 1
265, 1
266, 1
267, 1
268, 1
269, 1
270, 1
271, 1
272, 1
273, 1
274, 1
275, 1
276, 1
277, 1
278, 1
279, 1
280, 1
281, 1
282, 1
