bot_dist
0.0, 3.970398212188784
1.0, 3.977494353091268
2.0, 3.9846029531199822
3.0, 3.991723945712
4.0, 3.9988572646628935
5.0, 4.006002844125594
6.0, 4.013160618609232
7.0, 4.020330522977962
8.0, 4.027512492449774
9.0, 4.034706462595299
10.0, 4.0419123693365835
11.0, 4.049130148945871
12.0, 4.056359738044356
13.0, 4.063601073600935
14.0, 4.070854092930942
15.0, 4.078118733694871
16.0, 4.085394933897095
17.0, 4.092682631884564
18.0, 4.099981766345506
19.0, 4.107292276308102
20.0, 4.11461410113917
21.0, 4.121947180542825
22.0, 4.129291454559137
23.0, 4.136646863562783
24.0, 4.144013348261688
25.0, 4.151390849695654
26.0, 4.158779309234995
27.0, 4.166178668579148
28.0, 4.173588869755294
29.0, 4.1810098551169625
30.0, 4.188441567342628
31.0, 4.195883949434317
32.0, 4.203336944716185
33.0, 4.210800496833114
34.0, 4.218274549749285
35.0, 4.22575904774676
36.0, 4.233253935424049
37.0, 4.240759157694684
38.0, 4.24827465978578
39.0, 4.255800387236597
40.0, 4.263336285897101
41.0, 4.270882301926516
42.0, 4.278438381791879
43.0, 4.286004472266592
44.0, 4.293580520428966
45.0, 4.301166473660772
46.0, 4.308762279645785
47.0, 4.316367886368327
48.0, 4.323983242111807
49.0, 4.331608295457269
50.0, 4.339242995281925
51.0, 4.3468872907576985
52.0, 4.354541131349765
53.0, 4.362204466815088
54.0, 4.369877247200962
55.0, 4.377559422843547
56.0, 4.3852509443664145
57.0, 4.392951762679084
58.0, 4.400661828975562
59.0, 4.408381094732888
60.0, 4.416109511709675
61.0, 4.4238470319446535
62.0, 4.431593607755218
63.0, 4.439349191735972
64.0, 4.447113736757277
65.0, 4.454887195963806
66.0, 4.462669522773087
67.0, 4.4704606708740675
68.0, 4.478260594225662
69.0, 4.48606924705532
70.0, 4.493886583857576
71.0, 4.501712559392623
72.0, 4.509547128684872
73.0, 4.517390247021525
74.0, 4.525241869951147
75.0, 4.533101953282237
76.0, 4.5409704530818145
77.0, 4.548847325673989
78.0, 4.556732527638557
79.0, 4.564626015809584
80.0, 4.572527747273997
81.0, 4.58043767937018
82.0, 4.588355769686575
83.0, 4.596281976060282
84.0, 4.604216256575669
85.0, 4.6121585695629825
86.0, 4.620108873596961
87.0, 4.628067127495455
88.0, 4.636033290318051
89.0, 4.644007321364699
90.0, 4.651989180174344
91.0, 4.659978826523564
92.0, 4.667976220425211
93.0, 4.675981322127054
94.0, 4.683994092110433
95.0, 4.69201449108891
96.0, 4.700042480006936
97.0, 4.708078020038506
98.0, 4.716121072585838
99.0, 4.724171599278037
100.0, 4.7322295619697865
101.0, 4.7322295619697865
102.0, 4.7322295619697865
103.0, 4.7322295619697865
104.0, 4.7322295619697865
105.0, 4.7322295619697865
106.0, 4.7322295619697865
107.0, 4.7322295619697865
108.0, 4.7322295619697865
109.0, 4.7322295619697865
110.0, 4.7322295619697865
111.0, 4.7322295619697865
112.0, 4.7322295619697865
113.0, 4.7322295619697865
114.0, 4.7322295619697865
115.0, 4.7322295619697865
116.0, 4.7322295619697865
117.0, 4.7322295619697865
118.0, 4.7322295619697865
119.0, 4.7322295619697865
120.0, 4.7322295619697865
121.0, 4.7322295619697865
122.0, 4.7322295619697865
123.0, 4.7322295619697865
124.0, 4.7322295619697865
125.0, 4.7322295619697865
126.0, 4.7322295619697865
127.0, 4.7322295619697865
128.0, 4.7322295619697865
129.0, 4.7322295619697865
130.0, 4.7322295619697865
131.0, 4.724171599278037
132.0, 4.716121072585838
133.0, 4.708078020038506
134.0, 4.700042480006936
135.0, 4.69201449108891
136.0, 4.683994092110433
137.0, 4.675981322127054
138.0, 4.667976220425211
139.0, 4.659978826523564
140.0, 4.651989180174344
141.0, 4.644007321364699
142.0, 4.636033290318051
143.0, 4.631573149679039
144.0, 4.623620930408673
145.0, 4.6156766757450685
146.0, 4.607740426883816
147.0, 4.599812225263157
148.0, 4.59189211256535
149.0, 4.583980130718049
150.0, 4.576076321895692
151.0, 4.487403762055073
152.0, 4.39877968779082
153.0, 4.3102070538989485
154.0, 4.221689136704321
155.0, 4.133229451673615
156.0, 4.044831819386926
157.0, 3.9565003990642547
158.0, 3.8682397265673876
159.0, 3.780054757582296
160.0, 3.691950916815503
161.0, 3.603934154192749
162.0, 3.5160110092357573
163.0, 3.428188685020848
164.0, 3.3404751334010516
165.0, 3.252879153513769
166.0, 3.1654105060143483
167.0, 3.1571079827272106
168.0, 3.0678433049184153
169.0, 2.97865038091339
170.0, 2.889535710688781
171.0, 2.80050676457377
172.0, 2.7115719863113847
173.0, 2.622740955359751
174.0, 2.6142875657475235
175.0, 2.524010674072268
176.0, 2.4337868215625074
177.0, 2.4253075455588466
178.0, 2.416839897034256
179.0, 2.4083839986320625
180.0, 2.399939974552676
181.0, 2.309531633704531
182.0, 2.301144864628356
183.0, 2.2927710327347386
184.0, 2.2844102802929496
185.0, 2.2760627514388174
186.0, 2.267728592200772
187.0, 2.2594079505262172
188.0, 2.251100976308215
189.0, 2.242807821412492
190.0, 2.2345286397047643
191.0, 2.2262635870783885
192.0, 2.218012821482322
193.0, 2.209776502949414
194.0, 2.2015547936250055
195.0, 2.1415351992480054
196.0, 2.0832358188719393
197.0, 2.026805099552441
198.0, 2.0181403239644204
199.0, 1.9695646312227075
200.0, 1.9234268399736327
201.0, 1.8799064561072605
202.0, 1.839189294638226
203.0, 1.8014654429450596
204.0, 1.7669266327592428
205.0, 1.735763005654252
206.0, 1.708159301955511
207.0, 1.6842905606609822
208.0, 1.6643174839619765
209.0, 1.6483816866632106
210.0, 1.6366011075540272
211.0, 1.6290658944262437
212.0, 1.6258350759944187
213.0, 1.6269342958767774
214.0, 1.6323548066157816
215.0, 1.6420538757572198
216.0, 1.6559562884886658
217.0, 1.6739573202949933
218.0, 1.6959264645736918
219.0, 1.6868148512080474
220.0, 1.7188544455836725
221.0, 1.7542494070863996
222.0, 1.7928010134247245
223.0, 1.7842928562379667
224.0, 1.77580024764203
225.0, 1.7673234117862182
226.0, 1.7588625767206472
227.0, 1.7504179744699948
228.0, 1.7419898411085566
229.0, 1.7335784168366075
230.0, 1.725183946058088
231.0, 1.725183946058088
232.0, 1.725183946058088
233.0, 1.725183946058088
234.0, 1.725183946058088
235.0, 1.725183946058088
236.0, 1.725183946058088
237.0, 1.725183946058088
238.0, 1.725183946058088
239.0, 1.725183946058088
240.0, 1.725183946058088
241.0, 1.725183946058088
242.0, 1.725183946058088
243.0, 1.725183946058088
244.0, 1.725183946058088
245.0, 1.725183946058088
246.0, 1.725183946058088
247.0, 1.725183946058088
248.0, 1.725183946058088
249.0, 1.725183946058088
250.0, 1.725183946058088
251.0, 1.725183946058088
252.0, 1.725183946058088
253.0, 1.725183946058088
254.0, 1.725183946058088
255.0, 1.725183946058088
256.0, 1.725183946058088
257.0, 1.725183946058088
258.0, 1.725183946058088
259.0, 1.725183946058088
260.0, 1.725183946058088
261.0, 1.7335784168366075
262.0, 1.7419898411085566
263.0, 1.7504179744699948
264.0, 1.7588625767206472
265.0, 1.7673234117862182
266.0, 1.77580024764203
267.0, 1.7842928562379667
268.0, 1.7928010134247245
269.0, 1.8013244988813442
270.0, 1.8098630960440252
271.0, 1.8184165920361957
272.0, 1.8269847775998385
273.0, 1.8355674470280465
274.0, 1.8441643980988032
275.0, 1.8527754320099645
276.0, 1.8614003533154364
277.0, 1.8700389698625222
278.0, 1.8786910927304319
279.0, 1.8873565361699354
280.0, 1.8960351175441394
281.0, 1.904726657270379
282.0, 1.9134309787631991
ee_dist
0.0, 1.1888573016402288
1.0, 1.2334201403483713
2.0, 1.3328290330498727
3.0, 1.4205379911371396
4.0, 1.4507799403765693
5.0, 1.4764593970495683
6.0, 1.509598296794872
7.0, 1.5435327457152122
8.0, 1.578175103249065
9.0, 1.6122651791501894
10.0, 1.6460831355926608
11.0, 1.6879235571837845
12.0, 1.7268121404757788
13.0, 1.764914714192084
14.0, 1.7959378312706142
15.0, 1.8254650567781847
16.0, 1.8526650157344264
17.0, 1.8766213745774534
18.0, 1.8989530385922482
19.0, 1.9182783680037183
20.0, 1.9372237715089
21.0, 1.9081106396482692
22.0, 1.8684836177433513
23.0, 1.82556109042323
24.0, 1.7789210638439108
25.0, 1.728822469758326
26.0, 1.675371162937906
27.0, 1.6188812233233094
28.0, 1.5595113702219565
29.0, 1.497683223149515
30.0, 1.433635631545664
31.0, 1.3679248242830115
32.0, 1.3009144231147716
33.0, 1.2333406405653677
34.0, 1.1657695464383981
35.0, 1.099211500931328
36.0, 1.0345719546064311
37.0, 0.9732653838599893
38.0, 0.9166667518726369
39.0, 0.866595682056456
40.0, 0.8249006673291274
41.0, 0.838688364506914
42.0, 0.7987644872220327
43.0, 0.8939189399026429
44.0, 0.8500789101512141
45.0, 0.804766378446781
46.0, 0.7576681661471217
47.0, 0.7086254605761708
48.0, 0.6579532952263806
49.0, 0.6056232095265276
50.0, 0.552368606755634
51.0, 0.4988733007238895
52.0, 0.44576762977606166
53.0, 0.3934487452124549
54.0, 0.34294503307886376
55.0, 0.2957242932601216
56.0, 0.25519867966800397
57.0, 0.22499230052149505
58.0, 0.2396054001904863
59.0, 0.2852045115393344
60.0, 0.3493025954668748
61.0, 0.42903473325555586
62.0, 0.5170520520527668
63.0, 0.606520532955323
64.0, 0.6917502732207386
65.0, 0.7593438141797636
66.0, 0.818712933151423
67.0, 0.8785173765327419
68.0, 0.9328743802244537
69.0, 0.9860749954584492
70.0, 1.0387481230758653
71.0, 1.0895963521014407
72.0, 1.1433513530930088
73.0, 1.2032182868594505
74.0, 1.2675496624744904
75.0, 1.3430634427002017
76.0, 1.4278841632405912
77.0, 1.5222193676680507
78.0, 1.6211775878135082
79.0, 1.7197530981558924
80.0, 1.813444520795228
81.0, 1.892532901143798
82.0, 1.957157809150103
83.0, 2.0209927548148205
84.0, 2.0818630860492022
85.0, 2.1416718883225796
86.0, 2.1904757904745082
87.0, 2.2189982251114793
88.0, 2.2494376640861398
89.0, 2.2886074149785096
90.0, 2.339956888540751
91.0, 2.4221966384980482
92.0, 2.5151158232501154
93.0, 2.6154955897094094
94.0, 2.722462544800468
95.0, 2.8290353954705134
96.0, 2.930786901204965
97.0, 3.0206724256593382
98.0, 3.093390571708599
99.0, 3.1787929111870175
100.0, 3.2273538552807604
101.0, 3.2915791741762734
102.0, 3.3547996049641955
103.0, 3.416876628131402
104.0, 3.4804880633447506
105.0, 3.5495130447795766
106.0, 3.6238191862289337
107.0, 3.7042587210273363
108.0, 3.795592310584085
109.0, 3.894898978393139
110.0, 4.0014760955996715
111.0, 4.109443080506092
112.0, 4.21281442337212
113.0, 4.307395700763942
114.0, 4.382722523431838
115.0, 4.450649046955427
116.0, 4.517273256772464
117.0, 4.581489512344118
118.0, 4.6445090235069
119.0, 4.707631901192673
120.0, 4.770014859033472
121.0, 4.811470164288478
122.0, 4.853418045339858
123.0, 4.894146185590058
124.0, 4.934816094498681
125.0, 4.973743440681411
126.0, 5.0121062093797235
127.0, 5.0482504363659615
128.0, 5.0833790776905605
129.0, 5.115869368002844
130.0, 5.146948898955941
131.0, 5.175030289091256
132.0, 5.20136528130382
133.0, 5.224405704318256
134.0, 5.245425162273763
135.0, 5.266149816393786
136.0, 5.278158323831144
137.0, 5.289726820482589
138.0, 5.29899814131118
139.0, 5.30457957837199
140.0, 5.307255576441193
141.0, 5.306368438779786
142.0, 5.302998861794189
143.0, 4.662839003821519
144.0, 4.651960806505512
145.0, 4.6443095506488365
146.0, 4.638461755320573
147.0, 4.635993233921523
148.0, 4.635374874721832
149.0, 4.638175205326257
150.0, 4.642805842585167
151.0, 4.561331230837834
152.0, 4.479134931228729
153.0, 4.397771554179425
154.0, 4.315693190390004
155.0, 4.234454191778331
156.0, 4.152507633451613
157.0, 4.071408303765993
158.0, 3.9896101054180626
159.0, 3.9086678630789944
160.0, 3.8270370835549206
161.0, 3.7462726764004475
162.0, 3.664831834060184
163.0, 3.5842694556298755
164.0, 3.5030454755394222
165.0, 3.4227145385876687
166.0, 3.3417388172685287
167.0, 3.3517744341277402
168.0, 3.2732610757132687
169.0, 3.1957614965450167
170.0, 3.117794786948409
171.0, 3.040879534214818
172.0, 2.963546234717046
173.0, 2.88731030306519
174.0, 2.9006596539393756
175.0, 2.828228200357657
176.0, 2.7556888127855714
177.0, 2.772778097415378
178.0, 2.791344331909797
179.0, 2.8124981966451523
180.0, 2.8348598181431814
181.0, 2.783614735514431
182.0, 2.760281490884982
183.0, 2.739243002586806
184.0, 2.719518565804583
185.0, 2.7025485017581357
186.0, 2.687149339296013
187.0, 2.6748821970359757
188.0, 2.6643904604835216
189.0, 2.6573020763395823
190.0, 2.652125398853041
191.0, 2.6504986493591898
192.0, 2.650840802907305
193.0, 2.6547436145743566
194.0, 2.660589104402824
195.0, 2.581534709308293
196.0, 2.5019658518906716
197.0, 2.423442171310052
198.0, 2.4328116299017837
199.0, 2.357537145691737
200.0, 2.2820621485778076
201.0, 2.2079101257510105
202.0, 2.1336818782542006
203.0, 2.0608998854151
204.0, 1.9882013352379115
205.0, 1.9171085092520794
206.0, 1.846306102878361
207.0, 1.7773174221343002
208.0, 1.7088895183254464
209.0, 1.642548478807669
210.0, 1.577122889846177
211.0, 1.5141428522438833
212.0, 1.452544202076454
213.0, 1.3938601839806055
214.0, 1.3371642354354667
215.0, 1.283986438103936
216.0, 1.2335665886239124
217.0, 1.1874131947542224
218.0, 1.144954438715784
219.0, 1.1707803848775007
220.0, 1.1402306062927745
221.0, 1.1154389421423467
222.0, 1.0961337624309486
223.0, 1.0683578888675194
224.0, 1.0411377375303557
225.0, 1.0154340948487173
226.0, 0.9906899964204202
227.0, 0.9681565942178361
228.0, 0.9470200048842938
229.0, 0.9287881657815449
230.0, 0.9123883722240304
231.0, 0.8995200718446046
232.0, 0.8888588417242712
233.0, 0.8822006392031397
234.0, 0.8779932880335926
235.0, 0.8780252055688329
236.0, 0.8805631201806207
237.0, 0.8872930511942437
238.0, 0.8689669837614565
239.0, 0.8878806807050384
240.0, 0.8869287891587643
241.0, 0.8850942535942233
242.0, 0.8869923875379165
243.0, 0.8930292142662107
244.0, 0.9057292009601196
245.0, 0.9195428941712886
246.0, 0.935794206165921
247.0, 0.9531447674697556
248.0, 0.9726974823875968
249.0, 0.9930637826099671
250.0, 1.015384002955352
251.0, 1.0382221695286014
252.0, 1.0626997528670497
253.0, 1.0873735514605674
254.0, 1.1133064750264292
255.0, 1.1391049654802605
256.0, 1.165756252755497
257.0, 1.1919741857749335
258.0, 1.2186645895512005
259.0, 1.2446840283700122
260.0, 1.2708743445657658
261.0, 1.2961764047187194
262.0, 1.3214102255836508
263.0, 1.2925472185814109
264.0, 1.256586147543738
265.0, 1.2186565610806226
266.0, 1.178460962591171
267.0, 1.1361871048435868
268.0, 1.0918650923765536
269.0, 1.0457020595161557
270.0, 0.9977416714021623
271.0, 0.9482348693368683
272.0, 0.8972533758221866
273.0, 0.8451080345311024
274.0, 0.7919216573314829
275.0, 0.73810077910929
276.0, 0.6836935897555485
277.0, 0.6270725073631676
278.0, 0.5733848620982501
279.0, 0.5213173814596455
280.0, 0.4716876685010406
281.0, 0.4258905371004489
282.0, 0.37916584786165664
ee_box_dist
0.0, 0.8188452124093423
1.0, 0.862522170212989
2.0, 0.8913647680629625
3.0, 0.9249106275853701
4.0, 0.9597946096276306
5.0, 0.995210059469106
6.0, 1.0318066371473666
7.0, 1.066055321814956
8.0, 1.0988376731222327
9.0, 1.1304402072172763
10.0, 1.1610883986515044
11.0, 1.1992866101888668
12.0, 1.2347799995236397
13.0, 1.2694650517740007
14.0, 1.2974533671419792
15.0, 1.3239696465900732
16.0, 1.3482738787239195
17.0, 1.3696241050533977
18.0, 1.3894948927317368
19.0, 1.4066500730343559
20.0, 1.4235007470268222
21.0, 1.3986235004594216
22.0, 1.3651119253311188
23.0, 1.3285148743016861
24.0, 1.2884586223590588
25.0, 1.2451368176391906
26.0, 1.198567672087678
27.0, 1.1489768231144584
28.0, 1.0963914730824469
29.0, 1.0410995599171076
30.0, 0.9831467772806016
31.0, 0.9228922319317017
32.0, 0.8604373384817566
33.0, 0.7962690817746966
34.0, 0.7306218729725992
35.0, 0.6641176927093869
36.0, 0.5972099566014897
37.0, 0.5306954432257941
38.0, 0.46560939758814984
39.0, 0.40395792303255745
40.0, 0.3485272566934826
41.0, 0.3620497344798739
42.0, 0.3756423316289197
43.0, 0.38934883729574604
44.0, 0.403057249049861
45.0, 0.4167972724660409
46.0, 0.4304969353028355
47.0, 0.4441568583139061
48.0, 0.45775195400066176
49.0, 0.4712514787256483
50.0, 0.48466315330410803
51.0, 0.49793828151590536
52.0, 0.5110826373583767
53.0, 0.5240358087390741
54.0, 0.5367807046764907
55.0, 0.5492507772465762
56.0, 0.5614299855805752
57.0, 0.5732958861252575
58.0, 0.5848398670228511
59.0, 0.596085687366282
60.0, 0.6069882643774392
61.0, 0.6176084456118573
62.0, 0.6278710343108457
63.0, 0.6378435519804264
64.0, 0.6474584243837559
65.0, 0.6567742001400598
66.0, 0.665737687044693
67.0, 0.6743908546827451
68.0, 0.6826851680999589
69.0, 0.6906495035392135
70.0, 0.6982413039420887
71.0, 0.7054852924630234
72.0, 0.7123443381256928
73.0, 0.7188413740513739
74.0, 0.7249408592212029
75.0, 0.7306631781765054
76.0, 0.7359752720985833
77.0, 0.7408936591694979
78.0, 0.7453874994617699
79.0, 0.7494711323769472
80.0, 0.7531142658667342
81.0, 0.7563286356703621
82.0, 0.7590844379360917
83.0, 0.7613926231800193
84.0, 0.7632231099520976
85.0, 0.7645878926096841
86.0, 0.7850719611458193
87.0, 0.8298572665851742
88.0, 0.8684474706759694
89.0, 0.9020909324398387
90.0, 0.9260756292267418
91.0, 0.9259730817686306
92.0, 0.9256242207394755
93.0, 0.9260747890537807
94.0, 0.92563239548144
95.0, 0.9260877704696474
96.0, 0.9256335841313059
97.0, 0.9260898371197687
98.0, 0.925633843254608
99.0, 0.9063409337006998
100.0, 0.9260439746224185
101.0, 0.9259356673964597
102.0, 0.925622450560488
103.0, 0.9260704192633846
104.0, 0.9256318772349047
105.0, 0.9260871064188122
106.0, 0.9256334902251667
107.0, 0.9260896881248095
108.0, 0.9256337136929564
109.0, 0.9260900573990086
110.0, 0.925633768765342
111.0, 0.9260901124688198
112.0, 0.9256337881822229
113.0, 0.9260900930411552
114.0, 0.925633768765342
115.0, 0.9253400628888114
116.0, 0.9257430827595777
117.0, 0.9258319387581252
118.0, 0.9256526853843015
119.0, 0.9260948991663549
120.0, 0.925632276844918
121.0, 0.926088964763785
122.0, 0.9256316258572862
123.0, 0.926087931436699
124.0, 0.9256314218060211
125.0, 0.926087691729334
126.0, 0.9256313667335248
127.0, 0.9260877467992573
128.0, 0.9256314218060211
129.0, 0.926087691729334
130.0, 0.9256313667335248
131.0, 0.9260877467992573
132.0, 0.9256314218060211
133.0, 0.926087691729334
134.0, 0.9256313667335248
135.0, 0.92249416632639
136.0, 0.9256773508914571
137.0, 0.9260872586194676
138.0, 0.9255792548757719
139.0, 0.9258001374157567
140.0, 0.9256473912028693
141.0, 0.9260878426881444
142.0, 0.9256303576177765
143.0, 1.6371004864503722
144.0, 1.6308154906966084
145.0, 1.6222456317596439
146.0, 1.6124545377828097
147.0, 1.6004774686829741
148.0, 1.5873252709580319
149.0, 1.5721277176831931
150.0, 1.5558162471861956
151.0, 1.620473768524612
152.0, 1.6871716352365989
153.0, 1.754870255245434
154.0, 1.8243045153870587
155.0, 1.8944021762023564
156.0, 1.966006792037817
157.0, 2.0380150175701615
158.0, 2.1113580251601705
159.0, 2.1849042159026144
160.0, 2.259654671439841
161.0, 2.3344513847332022
162.0, 2.4103528844443707
163.0, 2.4861771512498936
164.0, 2.563029197029158
165.0, 2.6397052449599285
166.0, 2.7173501010610193
167.0, 2.7057044710426346
168.0, 2.78157292062367
169.0, 2.8572855519858673
170.0, 2.9339897404703392
171.0, 3.0104616286662687
172.0, 3.0878794410154686
173.0, 3.165001319988623
174.0, 3.153615479444313
175.0, 3.2288059791518795
176.0, 3.304973612750828
177.0, 3.291545910053826
178.0, 3.276781164188313
179.0, 3.259622374589047
180.0, 3.241234633119833
181.0, 3.304486698101767
182.0, 3.3230224082843813
183.0, 3.339251623645632
184.0, 3.354180800415137
185.0, 3.366581623644275
186.0, 3.3775892998114454
187.0, 3.385906288687016
188.0, 3.392764557846965
189.0, 3.3968299574890737
190.0, 3.399398497819992
191.0, 3.3991320346747753
192.0, 3.39735723882672
193.0, 3.3927657848985926
194.0, 3.3866808561806256
195.0, 3.465437527327327
196.0, 3.5450246607410176
197.0, 3.6241549429669098
198.0, 3.616505079094073
199.0, 3.693946485561616
200.0, 3.772255549554427
201.0, 3.8501550733594194
202.0, 3.9289019279447204
203.0, 4.007206386483003
204.0, 4.086341183981576
205.0, 4.165005095201886
206.0, 4.244485088751374
207.0, 4.323469364581854
208.0, 4.403257720097044
209.0, 4.482528381524425
210.0, 4.562593213503837
211.0, 4.642121442140929
212.0, 4.722435028866485
213.0, 4.802195556621814
214.0, 4.882733236216346
215.0, 4.962702844328652
216.0, 5.043444778825458
217.0, 5.123604345372288
218.0, 5.204530951026809
219.0, 5.197136884262293
220.0, 5.276399919793286
221.0, 5.355132481598655
222.0, 5.434658422283606
223.0, 5.440969664174893
224.0, 5.445719631330227
225.0, 5.447505938562899
226.0, 5.447711834775325
227.0, 5.444933638145597
228.0, 5.440589469490292
229.0, 5.433311553735894
230.0, 5.424514547838326
231.0, 5.4129040692318275
232.0, 5.399855092438305
233.0, 5.384181402612952
234.0, 5.367182639693535
235.0, 5.347813307780478
236.0, 5.327264572206133
237.0, 5.304662643622733
238.0, 5.31568586937711
239.0, 5.304332504002377
240.0, 5.304846659543892
241.0, 5.3058516212659095
242.0, 5.304842895059474
243.0, 5.303556734371391
244.0, 5.301345372817228
245.0, 5.298607662869578
246.0, 5.294643269086082
247.0, 5.2900673821554935
248.0, 5.284193847693932
249.0, 5.277666391284204
250.0, 5.269801812039927
251.0, 5.2613221858188535
252.0, 5.2515398792471775
253.0, 5.241276394883987
254.0, 5.229818004272417
255.0, 5.2180733867940825
256.0, 5.205289619530585
257.0, 5.192424934104443
258.0, 5.1786904332495745
259.0, 5.165051228282509
260.0, 5.15069322967921
261.0, 5.136604008172695
262.0, 5.121939811163407
263.0, 5.148361413391757
264.0, 5.181619249338537
265.0, 5.215378696786031
266.0, 5.2497253005485405
267.0, 5.2843651360500035
268.0, 5.319040125812461
269.0, 5.353474282603702
270.0, 5.387419376077478
271.0, 5.420611261980998
272.0, 5.452812042154727
273.0, 5.4837768491742205
274.0, 5.5132862301853915
275.0, 5.541104372323425
276.0, 5.5678161922816
277.0, 5.597893576162741
278.0, 5.619378513514508
279.0, 5.637984813179302
280.0, 5.653937838259075
281.0, 5.6673077354568235
282.0, 5.687658012976513
spot_hold
0, 0
1, 0
2, 0
3, 0
4, 0
5, 0
6, 0
7, 0
8, 0
9, 0
10, 0
11, 0
12, 0
13, 0
14, 0
15, 0
16, 0
17, 0
18, 0
19, 0
20, 0
21, 0
22, 0
23, 0
24, 0
25, 0
26, 0
27, 0
28, 0
29, 0
30, 0
31, 0
32, 0
33, 0
34, 0
35, 0
36, 0
37, 0
38, 0
39, 0
40, 0
41, 1
42, 1
43, 1
44, 1
45, 1
46, 1
47, 1
48, 1
49, 1
50, 1
51, 1
52, 1
53, 1
54, 1
55, 1
56, 1
57, 1
58, 1
59, 1
60, 1
61, 1
62, 1
63, 1
64, 1
65, 1
66, 1
67, 1
68, 1
69, 1
70, 1
71, 1
72, 1
73, 1
74, 1
75, 1
76, 1
77, 1
78, 1
79, 1
80, 1
81, 1
82, 1
83, 1
84, 1
85, 1
86, 1
87, 1
88, 1
89, 1
90, 1
91, 1
92, 1
93, 1
94, 1
95, 1
96, 1
97, 1
98, 1
99, 1
100, 1
101, 1
102, 1
103, 1
104, 1
105, 1
106, 1
107, 1
108, 1
109, 1
110, 1
111, 1
112, 1
113, 1
114, 1
115, 1
116, 1
117, 1
118, 1
119, 1
120, 1
121, 1
122, 1
123, 1
124, 1
125, 1
126, 1
127, 1
128, 1
129, 1
130, 1
131, 1
132, 1
133, 1
134, 1
135, 1
136, 1
137, 1
138, 1
139, 1
140, 1
141, 1
142, 1
143, 1
144, 1
145, 1
146, 1
147, 1
148, 1
149, 1
150, 1
151, 1
152, 1
153, 1
154, 1
155, 1
156, 1
157, 1
158, 1
159, 1
160, 1
161, 1
162, 1
163, 1
164, 1
165, 1
166, 1
167, 1
168, 1
169, 1
170, 1
171, 1
172, 1
173, 1
174, 1
175, 1
176, 1
177, 1
178, 1
179, 1
180, 1
181, 1
182, 1
183, 1
184, 1
185, 1
186, 1
187, 1
188, 1
189, 1
190, 1
191, 1
192, 1
193, 1
194, 1
195, 1
196, 1
197, 1
198, 1
199, 1
200, 1
201, 1
202, 1
203, 1
204, 1
205, 1
206, 1
207, 1
208, 1
209, 1
210, 1
211, 1
212, 1
213, 1
214, 1
215, 1
216, 1
217, 1
218, 1
219, 1
220, 1
221, 1
222, 1
223, 1
224, 1
225, 1
226, 1
227, 1
228, 1
229, 1
230, 1
231, 1
232, 1
233, 1
234, 1
235, 1
236, 1
237, 1
238, 1
239, 1
240, 1
241, 1
242, 1
243, 1
244, 1
245, 1
246, 1
247, 1
248, 1
249, 1
250, 1
251, 1
252, 1
253, 1
254, 1
255, 1
256, 1
257, 1
258, 1
259, 1
260, 1
261, 1
262, 1
263, 1
264, 1
265, 1
266, 1
267, 1
268, 1
269, 1
270, 1
271, 1
272, 1
273, 1
274, 1
275, 1
276, 1
277, 1
278, 1
279, 1
280, 1
281, 1
282, 1
