bot_dist
0.0, 2.9161923946709445
1.0, 2.9190028913623105
2.0, 2.92184491134998
3.0, 2.924718362738094
4.0, 2.927623152977241
5.0, 2.930559188877574
6.0, 2.9335263766219226
7.0, 2.936524621778895
8.0, 2.939553829315973
9.0, 2.9426139036125845
10.0, 2.945704748473167
11.0, 2.9488262671402024
12.0, 2.951978362307225
13.0, 2.9551609361318136
14.0, 2.9583738902485335
15.0, 2.96161712578186
16.0, 2.9648905433590547
17.0, 2.968194043123001
18.0, 2.9715275247450035
19.0, 2.9748908874375277
20.0, 2.9782840299669036
21.0, 2.9817068506659625
22.0, 2.985159247446632
23.0, 2.988641117812464
24.0, 2.992152358871102
25.0, 2.9956928673466927
26.0, 2.99926253959222
27.0, 3.0028612716017826
28.0, 3.006488959022793
29.0, 3.0101454971681045
30.0, 3.0138307810280676
31.0, 3.017544705282503
32.0, 3.021287164312598
33.0, 3.0250580522127226
34.0, 3.028857262802158
35.0, 3.032684689636743
36.0, 3.036540226020432
37.0, 3.0404237650167616
38.0, 3.044335199460231
39.0, 3.0482744219675837
40.0, 3.0522413249489997
41.0, 3.05623580061919
42.0, 3.0602577410083938
43.0, 3.0643070379732755
44.0, 3.068383583207726
45.0, 3.072487268253555
46.0, 3.07661798451109
47.0, 3.080775623249663
48.0, 3.084960075617996
49.0, 3.089171232654483
50.0, 3.0934089852973563
51.0, 3.0976732243947556
52.0, 3.101963840714678
53.0, 3.1062807249548277
54.0, 3.110623767752347
55.0, 3.1149928596934373
56.0, 3.1193878913228748
57.0, 3.1238087531534036
58.0, 3.1282553356750222
59.0, 3.1327275293641565
60.0, 3.1372252246927115
61.0, 3.1417483121370173
62.0, 3.1462966821866525
63.0, 3.1508702253531573
64.0, 3.1554688321786277
65.0, 3.1600923932441956
66.0, 3.1647407991783902
67.0, 3.1694139406653887
68.0, 3.1741117084531414
69.0, 3.178833880484533
70.0, 3.18358045937462
71.0, 3.1883513361180897
72.0, 3.1931464018047517
73.0, 3.1979655476270827
74.0, 3.20280866488766
75.0, 3.2076756450064727
76.0, 3.2125663795281234
77.0, 3.2174807601289106
78.0, 3.2224186786237943
79.0, 3.2273800269732504
80.0, 3.232364697290008
81.0, 3.2373725818456736
82.0, 3.24240357307724
83.0, 3.247457563593482
84.0, 3.2525344461812393
85.0, 3.25763411381159
86.0, 3.262756459645904
87.0, 3.267901377041794
88.0, 3.2730687595589507
89.0, 3.278258500964866
90.0, 3.283470495240452
91.0, 3.2887046365855483
92.0, 3.293960819424317
93.0, 3.2992389384105363
94.0, 3.3045388884327833
95.0, 3.309860564619513
96.0, 3.315203862344027
97.0, 3.320568677229345
98.0, 3.325954905152963
99.0, 3.3313624422515193
100.0, 3.3367911849253438
101.0, 3.3367911849253438
102.0, 3.3367911849253438
103.0, 3.3367911849253438
104.0, 3.3367911849253438
105.0, 3.3367911849253438
106.0, 3.3367911849253438
107.0, 3.3367911849253438
108.0, 3.3367911849253438
109.0, 3.3367911849253438
110.0, 3.3367911849253438
111.0, 3.3367911849253438
112.0, 3.3367911849253438
113.0, 3.3367911849253438
114.0, 3.3367911849253438
115.0, 3.3367911849253438
116.0, 3.3367911849253438
117.0, 3.3367911849253438
118.0, 3.3367911849253438
119.0, 3.3367911849253438
120.0, 3.3367911849253438
121.0, 3.3367911849253438
122.0, 3.3367911849253438
123.0, 3.3367911849253438
124.0, 3.3367911849253438
125.0, 3.3367911849253438
126.0, 3.3367911849253438
127.0, 3.3367911849253438
128.0, 3.3367911849253438
129.0, 3.3367911849253438
130.0, 3.3367911849253438
131.0, 3.3313624422515193
132.0, 3.325954905152963
133.0, 3.320568677229345
134.0, 3.315203862344027
135.0, 3.309860564619513
136.0, 3.3045388884327833
137.0, 3.2992389384105363
138.0, 3.293960819424317
139.0, 3.2887046365855483
140.0, 3.283470495240452
141.0, 3.278258500964866
142.0, 3.2730687595589507
143.0, 3.272864787047494
144.0, 3.2677276843679697
145.0, 3.262613143431628
146.0, 3.2575212705091094
147.0, 3.2524521720640713
148.0, 3.24740595474724
149.0, 3.2423827253903736
150.0, 3.237382591000098
151.0, 3.1501259147038896
152.0, 3.063020194936851
153.0, 2.9760786344512153
154.0, 2.889316108703047
155.0, 2.802749244458502
156.0, 2.716396747962706
157.0, 2.6302797324809206
158.0, 2.544422107981559
159.0, 2.4588510466879887
160.0, 2.373597541652711
161.0, 2.288697079870738
162.0, 2.2041904570172184
163.0, 2.1201246764258235
164.0, 2.0365544404291187
165.0, 1.9535433464685013
166.0, 1.8711658121847645
167.0, 1.8678244031234097
168.0, 1.7889954933578576
169.0, 1.7113169293298685
170.0, 1.634952426576933
171.0, 1.5600949615107074
172.0, 1.486972154377779
173.0, 1.4158527939235752
174.0, 1.4143436930869144
175.0, 1.3503336043625456
176.0, 1.2895703454802894
177.0, 1.28910424394827
178.0, 1.2887155763565936
179.0, 1.2884044127827843
180.0, 1.2881708093911979
181.0, 1.2570567835533641
182.0, 1.2575861164640223
183.0, 1.2581947117691963
184.0, 1.2588824545128348
185.0, 1.2596492150562895
186.0, 1.2604948491996986
187.0, 1.261419198316481
188.0, 1.2048138190170972
189.0, 1.2063743886976956
190.0, 1.1494615271356172
191.0, 1.0968644045377034
192.0, 1.0492322986505374
193.0, 1.0072698179404886
194.0, 0.9717117529128554
195.0, 0.9432826460699985
196.0, 0.9226417208306787
197.0, 0.910318908224315
198.0, 0.9066534394887367
199.0, 0.9117497348590446
200.0, 0.9254630590720813
201.0, 0.9474193070712174
202.0, 0.9770629396964616
203.0, 1.0137197876425277
204.0, 1.0566602115157293
205.0, 1.1051520132342225
206.0, 1.1584983025984885
207.0, 1.2160603755176949
208.0, 1.27726838671347
209.0, 1.34162342015327
210.0, 1.4086942345032225
211.0, 1.478111125114482
212.0, 1.5495589243018906
213.0, 1.5591138854412345
214.0, 1.627693880623415
215.0, 1.698124837975961
216.0, 1.7074928069815025
217.0, 1.7168679086032315
218.0, 1.7262500266314487
219.0, 1.7356390472831325
220.0, 1.7450348591412432
221.0, 1.7544373530957655
222.0, 1.7638464222864283
223.0, 1.7732619620470538
224.0, 1.7826838698514884
225.0, 1.7921120452610573
226.0, 1.8015463898734991
227.0, 1.8109868072733397
228.0, 1.8204332029836496
229.0, 1.8298854844191517
230.0, 1.8393435608406319
231.0, 1.8393435608406319
232.0, 1.8393435608406319
233.0, 1.8393435608406319
234.0, 1.8393435608406319
235.0, 1.8393435608406319
236.0, 1.8393435608406319
237.0, 1.8393435608406319
238.0, 1.8393435608406319
239.0, 1.8393435608406319
240.0, 1.8393435608406319
241.0, 1.8393435608406319
242.0, 1.8393435608406319
243.0, 1.8393435608406319
244.0, 1.8393435608406319
245.0, 1.8393435608406319
246.0, 1.8393435608406319
247.0, 1.8393435608406319
248.0, 1.8393435608406319
249.0, 1.8393435608406319
250.0, 1.8393435608406319
251.0, 1.8393435608406319
252.0, 1.8393435608406319
253.0, 1.8393435608406319
254.0, 1.8393435608406319
255.0, 1.8393435608406319
256.0, 1.8393435608406319
257.0, 1.8393435608406319
258.0, 1.8393435608406319
259.0, 1.8393435608406319
260.0, 1.8393435608406319
261.0, 1.8298854844191517
262.0, 1.8204332029836496
263.0, 1.8109868072733397
264.0, 1.8015463898734991
265.0, 1.7921120452610573
266.0, 1.7826838698514884
267.0, 1.7732619620470538
268.0, 1.7638464222864283
269.0, 1.7544373530957655
270.0, 1.7450348591412432
271.0, 1.7356390472831325
272.0, 1.7262500266314487
273.0, 1.7168679086032315
274.0, 1.7074928069815025
275.0, 1.698124837975961
276.0, 1.6887641202854753
277.0, 1.6794107751624212
278.0, 1.6700649264789358
279.0, 1.6607267007951425
280.0, 1.6513962274294207
281.0, 1.6420736385307773
282.0, 1.6327590691533969
ee_dist
0.0, 1.0297553058285256
1.0, 1.0568260415802515
2.0, 1.1459425152464364
3.0, 1.2285520285495226
4.0, 1.2569807110180302
5.0, 1.2824690401100802
6.0, 1.3164336626528748
7.0, 1.3527724374796244
8.0, 1.3925901081117975
9.0, 1.4314352697924564
10.0, 1.4677560697609249
11.0, 1.5025298858133593
12.0, 1.5356473145930123
13.0, 1.5659677615930752
14.0, 1.5945945970209348
15.0, 1.6201889190034893
16.0, 1.6448944830203678
17.0, 1.6665678597552243
18.0, 1.6878861973109347
19.0, 1.7061476255060894
20.0, 1.7246361253284832
21.0, 1.6985203256468613
22.0, 1.661899987567554
23.0, 1.6221930604606862
24.0, 1.5789247408102
25.0, 1.532309388104154
26.0, 1.4824003297348294
27.0, 1.42945312780396
28.0, 1.3735576283615325
29.0, 1.315058094466101
30.0, 1.254102077552539
31.0, 1.1911468726197638
32.0, 1.126435119910644
33.0, 1.0605753225153016
34.0, 0.993981010886088
35.0, 0.9275182274678209
36.0, 0.861675609406386
37.0, 0.7976081274715414
38.0, 0.7379481846579924
39.0, 0.6834054680855391
40.0, 0.6363987928782198
41.0, 0.6368296967978445
42.0, 0.7224076838370808
43.0, 1.057785538021659
44.0, 1.0160023505889768
45.0, 0.9726543758663203
46.0, 0.9270138172492326
47.0, 0.8793559546719987
48.0, 0.8295014509796432
49.0, 0.7777142963536265
50.0, 0.7243582860620038
51.0, 0.6701021567971976
52.0, 0.6151704075969316
53.0, 0.5596969287706534
54.0, 0.5039653884671197
55.0, 0.4482957240927978
56.0, 0.39448335334707924
57.0, 0.3437217885192421
58.0, 0.3867151343350498
59.0, 0.4569572512035208
60.0, 0.537036560192493
61.0, 0.6265988547602084
62.0, 0.7200217206811196
63.0, 0.8119528723103476
64.0, 0.8981028218706517
65.0, 0.9651320037648647
66.0, 1.0226574880740251
67.0, 1.0810074279589736
68.0, 1.1343963224125515
69.0, 1.1869830707777482
70.0, 1.2395526491818025
71.0, 1.2903309795786237
72.0, 1.3454244058660525
73.0, 1.4060527926802497
74.0, 1.4713378979454252
75.0, 1.5476891863816427
76.0, 1.6333035956856425
77.0, 1.7282687464911992
78.0, 1.8275885548556285
79.0, 1.9261128749025804
80.0, 2.0194722798458984
81.0, 2.097809775309757
82.0, 2.1614054459925813
83.0, 2.2239889642995183
84.0, 2.283927233619791
85.0, 2.3430043201774127
86.0, 2.401813220085823
87.0, 2.4582304742049113
88.0, 2.4939907695334185
89.0, 2.5340269037383347
90.0, 2.575637801429727
91.0, 2.644207174558076
92.0, 2.7262546245782078
93.0, 2.8279743222058538
94.0, 2.9352750440607913
95.0, 3.0387755381836627
96.0, 3.143700654245007
97.0, 3.2340963548654535
98.0, 3.31937643048647
99.0, 3.373853745786436
100.0, 3.4401770744263276
101.0, 3.524211352987802
102.0, 3.584220794845443
103.0, 3.647020971124682
104.0, 3.6920211210147693
105.0, 3.7614339462769477
106.0, 3.842451630009704
107.0, 3.9177267059136476
108.0, 4.01136487986085
109.0, 4.109371979033856
110.0, 4.216167971104058
111.0, 4.3246015627103205
112.0, 4.42786001200144
113.0, 4.5226439281295185
114.0, 4.597616912509578
115.0, 4.664686781801063
116.0, 4.731703223077245
117.0, 4.795678134668656
118.0, 4.838853063604104
119.0, 4.881190112379039
120.0, 4.923023237140185
121.0, 4.963476597279094
122.0, 5.002906494805922
123.0, 5.040467956343734
124.0, 5.076543403993113
125.0, 5.110318136502383
126.0, 5.1422015987581
127.0, 5.171416136320014
128.0, 5.19839588695827
129.0, 5.22240128670728
130.0, 5.252319193829044
131.0, 5.273102165440716
132.0, 5.2933228190616415
133.0, 5.305764497819033
134.0, 5.30917502699528
135.0, 5.315396381739919
136.0, 5.306948290156987
137.0, 5.3250190263957515
138.0, 5.302914426656513
139.0, 5.296363672958931
140.0, 5.28622900025103
141.0, 5.2727193523185605
142.0, 5.25642086341613
143.0, 4.5938619541628745
144.0, 4.581323289611155
145.0, 4.5716081574529825
146.0, 4.564370754079437
147.0, 4.560073222631754
148.0, 4.558345385914924
149.0, 4.559614750967423
150.0, 4.5634563995291
151.0, 4.481166833000274
152.0, 4.398703284968197
153.0, 4.31648355508656
154.0, 4.234096001671608
155.0, 4.151958302259652
156.0, 4.069656588756268
157.0, 3.9876109163582183
158.0, 3.9054060177693857
159.0, 3.823464333690304
160.0, 3.7413691599516885
161.0, 3.659545575058559
162.0, 3.577575412570936
163.0, 3.495886582162354
164.0, 3.414059660335767
165.0, 3.3325258528408974
166.0, 3.2508640798267456
167.0, 3.2594756788292902
168.0, 3.1798727871929096
169.0, 3.1006784483631957
170.0, 3.019797533365662
171.0, 2.943529594579117
172.0, 2.863993563487489
173.0, 2.7858299694817874
174.0, 2.798449367020589
175.0, 2.72362718735516
176.0, 2.6490918504459566
177.0, 2.665210757905385
178.0, 2.6835254330724228
179.0, 2.7042477085384955
180.0, 2.7268092469422474
181.0, 2.672054686371501
182.0, 2.648851527592417
183.0, 2.6277818343730863
184.0, 2.608695957505444
185.0, 2.59215675995251
186.0, 2.5779270967342054
187.0, 2.5665626396580974
188.0, 2.487220191810525
189.0, 2.4783417128345544
190.0, 2.3971129815438936
191.0, 2.3162718451938047
192.0, 2.235378724476368
193.0, 2.1549089531251453
194.0, 2.0744258102282283
195.0, 1.9944182433507733
196.0, 1.914450868336747
197.0, 1.8350289409912186
198.0, 1.7557214750296872
199.0, 1.677055112646516
200.0, 1.598608431876513
201.0, 1.52093788142244
202.0, 1.4436396451594147
203.0, 1.3673133434407923
204.0, 1.2915872732754223
205.0, 1.2171257416019894
206.0, 1.1436150706951764
207.0, 1.071820352537708
208.0, 1.0015331708011734
209.0, 0.9336810533841788
210.0, 0.868238162155101
211.0, 0.8063970835190518
212.0, 0.7484400788539569
213.0, 0.7268821704334432
214.0, 0.6672956561426072
215.0, 0.6136023903640568
216.0, 0.5905900804607791
217.0, 0.5704412814833553
218.0, 0.5529491349708848
219.0, 0.5392209119037499
220.0, 0.528900590772305
221.0, 0.523030007329549
222.0, 0.5210253580856693
223.0, 0.5237199733382938
224.0, 0.5302627225801004
225.0, 0.5412073861609717
226.0, 0.55551599650636
227.0, 0.5735094516741939
228.0, 0.5941073025739207
229.0, 0.6174992119618592
230.0, 0.6171058613496045
231.0, 0.6173291750566853
232.0, 0.6170747066608114
233.0, 0.6173288909878083
234.0, 0.6170730803129751
235.0, 0.6173286599433984
236.0, 0.6170731497851353
237.0, 0.6173285622485075
238.0, 0.6170731497851353
239.0, 0.6173285622485075
240.0, 0.6170731497851353
241.0, 0.6173285622485075
242.0, 0.6170731497851353
243.0, 0.6271740869790428
244.0, 0.6405300092655254
245.0, 0.654078269976406
246.0, 0.6693463358952495
247.0, 0.6855148038081877
248.0, 0.7029497025005472
249.0, 0.7209532105039482
250.0, 0.740045598589671
251.0, 0.7594378882485513
252.0, 0.7797233526764749
253.0, 0.8000740034890652
254.0, 0.8210858875233316
255.0, 0.8419500103921654
256.0, 0.8632244930685928
257.0, 0.8841414186190294
258.0, 0.9052064703450269
259.0, 0.9257430158676001
260.0, 0.9452808403173556
261.0, 0.9651180250897258
262.0, 0.984541970473221
263.0, 0.9658384276275969
264.0, 0.9426799176329984
265.0, 0.9187121526281249
266.0, 0.8937154925936093
267.0, 0.8679990564751557
268.0, 0.8415405299535836
269.0, 0.8146992239461193
270.0, 0.7874679055970372
271.0, 0.7602748994450558
272.0, 0.7331435410955123
273.0, 0.706574980219614
274.0, 0.6806575798720481
275.0, 0.6528048868482181
276.0, 0.6145690114121584
277.0, 0.5865323764470721
278.0, 0.5656416894287173
279.0, 0.5471388835522525
280.0, 0.5317524247506749
281.0, 0.5206325444810819
282.0, 0.5141548523508213
ee_box_dist
0.0, 0.7063851434323988
1.0, 0.7437177266617359
2.0, 0.7798284212508794
3.0, 0.8147497000302076
4.0, 0.8504077436596931
5.0, 0.8881334945884772
6.0, 0.9260418598248705
7.0, 0.9622459813042127
8.0, 0.9997172074553465
9.0, 1.035277344481394
10.0, 1.067525314392885
11.0, 1.097694211036055
12.0, 1.1260018852012126
13.0, 1.1515617138168963
14.0, 1.1754201024952324
15.0, 1.1965027401800585
16.0, 1.2168044314021824
17.0, 1.234422656623004
18.0, 1.2518319622655183
19.0, 1.2665410384303901
20.0, 1.281612101827283
21.0, 1.258977529166883
22.0, 1.2276768121967416
23.0, 1.1936181142800937
24.0, 1.1563819394432073
25.0, 1.1161543500437314
26.0, 1.0729362262015083
27.0, 1.0269329321215026
28.0, 0.9781485873965028
29.0, 0.9268417471313608
30.0, 0.8730258006948047
31.0, 0.8170199471250511
32.0, 0.7588467968826725
33.0, 0.6988725816259065
34.0, 0.6371411192833046
35.0, 0.57419759855397
36.0, 0.5027076849015945
37.0, 0.43356359382593496
38.0, 0.36946214929918525
39.0, 0.3065863365735261
40.0, 0.2484155967298558
41.0, 0.08025231503601472
42.0, 0.08289917497917405
43.0, 0.08302625612427073
44.0, 0.08297496670394451
45.0, 0.08302757514101394
46.0, 0.08298101497656643
47.0, 0.08302693470787714
48.0, 0.08298640099832981
49.0, 0.08302587997882317
50.0, 0.08299063488525249
51.0, 0.08302416949231828
52.0, 0.082994060524939
53.0, 0.08302282357304346
54.0, 0.0829912683848492
55.0, 0.08287289356898139
56.0, 0.08276070273068926
57.0, 0.08280301668292173
58.0, 0.08268712267364231
59.0, 0.08302004934884906
60.0, 0.08296886838147656
61.0, 0.08298170167466873
62.0, 0.08297187013008893
63.0, 0.08298094392132768
64.0, 0.08297416263247155
65.0, 0.08298043548191028
66.0, 0.08297639412624504
67.0, 0.08298037430646234
68.0, 0.0829792033888495
69.0, 0.08298081760618617
70.0, 0.082982040882566
71.0, 0.08298159263725145
72.0, 0.08298499488119124
73.0, 0.08298303380464303
74.0, 0.08298820379321825
75.0, 0.08298516917134681
76.0, 0.08299198297758376
77.0, 0.08298819741009612
78.0, 0.08299619144080693
79.0, 0.08299183822493603
80.0, 0.08300134691874023
81.0, 0.08299628026712887
82.0, 0.08300697893005866
83.0, 0.0830019238994214
84.0, 0.08293466509972791
85.0, 0.08293918465245789
86.0, 0.09019615026489321
87.0, 0.12588279752929252
88.0, 0.13534589556606447
89.0, 0.13344465738034633
90.0, 0.12773290193794418
91.0, 0.0998609401850682
92.0, 0.12088712647960145
93.0, 0.12284955352640918
94.0, 0.12182439388893394
95.0, 0.1030577301175457
96.0, 0.12273775299266243
97.0, 0.12262991624612439
98.0, 0.10062297645173791
99.0, 0.12760844638231802
100.0, 0.12200522745469398
101.0, 0.0984109662329403
102.0, 0.08295822914289178
103.0, 0.08277754708603488
104.0, 0.11985978421498004
105.0, 0.12224256744592633
106.0, 0.09674388996162273
107.0, 0.12173459276531773
108.0, 0.12477619391425386
109.0, 0.1227928653601343
110.0, 0.12179665556984336
111.0, 0.122829010411234
112.0, 0.12181957078786804
113.0, 0.1228340405232582
114.0, 0.12182060285154983
115.0, 0.12283431665216875
116.0, 0.12182064411305532
117.0, 0.12283411315102145
118.0, 0.12182072403043341
119.0, 0.12283427895354976
120.0, 0.12182070534141212
121.0, 0.1228343439658449
122.0, 0.12182061249581648
123.0, 0.12283411315102145
124.0, 0.12182068665239525
125.0, 0.12283411315102145
126.0, 0.12182064022958455
127.0, 0.12283427895354976
128.0, 0.12182064987389199
129.0, 0.12283432511654467
130.0, 0.10852761086698916
131.0, 0.10219283659348502
132.0, 0.09665867424096478
133.0, 0.09808583249435648
134.0, 0.10083168339339611
135.0, 0.10209816185670055
136.0, 0.12045133669885219
137.0, 0.09852860685363325
138.0, 0.12066258370373534
139.0, 0.12285036710491491
140.0, 0.12182514698129698
141.0, 0.12283559157318584
142.0, 0.12182086053848944
143.0, 0.11902256347419003
144.0, 0.11840103339264291
145.0, 0.11899056408913693
146.0, 0.11840892343692712
147.0, 0.11899220063360724
148.0, 0.11840909585944598
149.0, 0.1189913747525571
150.0, 0.11840828389278259
151.0, 0.11899077207611117
152.0, 0.11840814182141075
153.0, 0.11899082980052739
154.0, 0.11840808248897622
155.0, 0.11899087602839364
156.0, 0.11840808248897622
157.0, 0.11899105804337287
158.0, 0.11840808248897622
159.0, 0.11899087602839364
160.0, 0.11840808248897622
161.0, 0.11899092225627181
162.0, 0.11840808248897622
163.0, 0.1189908623212263
164.0, 0.11840802315663197
165.0, 0.11899081609332483
166.0, 0.11840802315663197
167.0, 0.11899043861636659
168.0, 0.11840735376394174
169.0, 0.11899048361321135
170.0, 0.08425668701002001
171.0, 0.1184249980806658
172.0, 0.11844650244778918
173.0, 0.1189939179345674
174.0, 0.1184070265750406
175.0, 0.11898935020630384
176.0, 0.11840661593018743
177.0, 0.11898838468662126
178.0, 0.1184043274150182
179.0, 0.11898628676571323
180.0, 0.11840215326540372
181.0, 0.11898565062355151
182.0, 0.1184033557836584
183.0, 0.11898731274750986
184.0, 0.11840584449180375
185.0, 0.11898939775732313
186.0, 0.1184072472505363
187.0, 0.11899082730167246
188.0, 0.11840809527593651
189.0, 0.1189913526212915
190.0, 0.11840855994679998
191.0, 0.11899160320210124
192.0, 0.11840856114995471
193.0, 0.11899161512023601
194.0, 0.11840856114995471
195.0, 0.11899166134794643
196.0, 0.11840852789449872
197.0, 0.11899166134794643
198.0, 0.11840860769539585
199.0, 0.11899166134794643
200.0, 0.11840846805910754
201.0, 0.11899161512023601
202.0, 0.1184084813490262
203.0, 0.11899166134794643
204.0, 0.11840846805910754
205.0, 0.11899166134794643
206.0, 0.11840873343952915
207.0, 0.11899126860416606
208.0, 0.11840873343952915
209.0, 0.11899166134794643
210.0, 0.11840868689413744
211.0, 0.11899170757566879
212.0, 0.11840893838354244
213.0, 0.11899205303687609
214.0, 0.118409115869347
215.0, 0.11899179420095311
216.0, 0.11840949669860171
217.0, 0.11899227643624992
218.0, 0.11840942209469425
219.0, 0.11899237860096952
220.0, 0.11840977164006532
221.0, 0.11899238924737235
222.0, 0.11840919513650217
223.0, 0.11899227198832188
224.0, 0.11840968058517726
225.0, 0.1189922156325194
226.0, 0.11840962252704613
227.0, 0.11899217843055553
228.0, 0.11840818698341446
229.0, 0.11899129342452587
230.0, 0.12169139263249197
231.0, 0.12282346573427076
232.0, 0.12181977155759109
233.0, 0.1228348602499132
234.0, 0.1218217379695855
235.0, 0.12283532782427481
236.0, 0.12182178439326104
237.0, 0.12283509403695494
238.0, 0.12182178439326104
239.0, 0.12283504787265827
240.0, 0.12182178439326104
241.0, 0.12283504787265827
242.0, 0.12182178439326104
243.0, 0.07966429081361164
244.0, 0.07858086209694914
245.0, 0.07578497936986578
246.0, 0.0745369234094897
247.0, 0.07270702797278021
248.0, 0.07208423024642596
249.0, 0.07048977686638457
250.0, 0.070377429415446
251.0, 0.06899709144653436
252.0, 0.06918016790628874
253.0, 0.06787580254758313
254.0, 0.0682157547359048
255.0, 0.0669113438748602
256.0, 0.06730965534071102
257.0, 0.06593830950821007
258.0, 0.06633274495473476
259.0, 0.06486596725273855
260.0, 0.06473446448973413
261.0, 0.06339046852974177
262.0, 0.06383295066771594
263.0, 0.07988009169849801
264.0, 0.08059224943253115
265.0, 0.08077974577260054
266.0, 0.08109677738900652
267.0, 0.08124928585188307
268.0, 0.08152792819446798
269.0, 0.08164715563831514
270.0, 0.08187934999468581
271.0, 0.08195802232124283
272.0, 0.08213949687993682
273.0, 0.08217221679053767
274.0, 0.08229123163254994
275.0, 0.08131592764006321
276.0, 0.0814083371574115
277.0, 0.08231986436050295
278.0, 0.08230206388621333
279.0, 0.08218119822068348
280.0, 0.08215516498830837
281.0, 0.08198905225902973
282.0, 0.08191131975077062
spot_hold
0, 0
1, 0
2, 0
3, 0
4, 0
5, 0
6, 0
7, 0
8, 0
9, 0
10, 0
11, 0
12, 0
13, 0
14, 0
15, 0
16, 0
17, 0
18, 0
19, 0
20, 0
21, 0
22, 0
23, 0
24, 0
25, 0
26, 0
27, 0
28, 0
29, 0
30, 0
31, 0
32, 0
33, 0
34, 0
35, 0
36, 0
37, 0
38, 0
39, 0
40, 0
41, 1
42, 1
43, 1
44, 1
45, 1
46, 1
47, 1
48, 1
49, 1
50, 1
51, 1
52, 1
53, 1
54, 1
55, 1
56, 1
57, 1
58, 1
59, 1
60, 1
61, 1
62, 1
63, 1
64, 1
65, 1
66, 1
67, 1
68, 1
69, 1
70, 1
71, 1
72, 1
73, 1
74, 1
75, 1
76, 1
77, 1
78, 1
79, 1
80, 1
81, 1
82, 1
83, 1
84, 1
85, 1
86, 1
87, 1
88, 1
89, 1
90, 1
91, 1
92, 1
93, 1
94, 1
95, 1
96, 1
97, 1
98, 1
99, 1
100, 1
101, 1
102, 1
103, 1
104, 1
105, 1
106, 1
107, 1
108, 1
109, 1
110, 1
111, 1
112, 1
113, 1
114, 1
115, 1
116, 1
117, 1
118, 1
119, 1
120, 1
121, 1
122, 1
123, 1
124, 1
125, 1
126, 1
127, 1
128, 1
129, 1
130, 1
131, 1
132, 1
133, 1
134, 1
135, 1
136, 1
137, 1
138, 1
139, 1
140, 1
141, 1
142, 1
143, 1
144, 1
145, 1
146, 1
147, 1
148, 1
149, 1
150, 1
151, 1
152, 1
153, 1
154, 1
155, 1
156, 1
157, 1
158, 1
159, 1
160, 1
161, 1
162, 1
163, 1
164, 1
165, 1
166, 1
167, 1
168, 1
169, 1
170, 1
171, 1
172, 1
173, 1
174, 1
175, 1
176, 1
177, 1
178, 1
179, 1
180, 1
181, 1
182, 1
183, 1
184, 1
185, 1
186, 1
187, 1
188, 1
189, 1
190, 1
191, 1
192, 1
193, 1
194, 1
195, 1
196, 1
197, 1
198, 1
199, 1
200, 1
201, 1
202, 1
203, 1
204, 1
205, 1
206, 1
207, 1
208, 1
209, 1
210, 1
211, 1
212, 1
213, 1
214, 1
215, 1
216, 1
217, 1
218, 1
219, 1
220, 1
221, 1
222, 1
223, 1
224, 1
225, 1
226, 1
227, 1
228, 1
229, 1
230, 1
231, 1
232, 1
233, 1
234, 1
235, 1
236, 1
237, 1
238, 1
239, 1
240, 1
241, 1
242, 1
243, 1
244, 1
245, 1
246, 1
247, 1
248, 1
249, 1
250, 1
251, 1
252, 1
253, 1
254, 1
255, 1
256, 1
257, 1
258, 1
259, 1
260, 1
261, 1
262, 1
263, 1
264, 1
265, 1
266, 1
267, 1
268, 1
269, 1
270, 1
271, 1
272, 1
273, 1
274, 1
275, 1
276, 1
277, 1
278, 1
279, 1
280, 1
281, 1
282, 1
