bot_dist
0.0, 3.2534099457149566
1.0, 3.2585135214926306
2.0, 3.2636397571181384
3.0, 3.268788545983437
4.0, 3.2739597816835517
5.0, 3.279153358022287
6.0, 3.284369169017819
7.0, 3.2896071089081884
8.0, 3.2948670721566766
9.0, 3.3001489534570805
10.0, 3.3054526477388753
11.0, 3.3107780501722788
12.0, 3.316125056173199
13.0, 3.3214935614080865
14.0, 3.3268834617986816
15.0, 3.332294653526652
16.0, 3.3377270330381386
17.0, 3.3431804970481878
18.0, 3.3486549425450955
19.0, 3.354150266794639
20.0, 3.3596663673442246
21.0, 3.3652031420269197
22.0, 3.3707604889654057
23.0, 3.3763383065758203
24.0, 3.381936493571514
25.0, 3.3875549489667067
26.0, 3.3931935720800532
27.0, 3.3988522625381195
28.0, 3.4045309202787575
29.0, 3.410229445554402
30.0, 3.4159477389352686
31.0, 3.421685701312468
32.0, 3.4274432339010295
33.0, 3.4332202382428405
34.0, 3.4390166162095004
35.0, 3.444832270005085
36.0, 3.450667102168834
37.0, 3.4565210155777533
38.0, 3.4623939134491324
39.0, 3.4682856993429856
40.0, 3.4741962771644124
41.0, 3.480125551165875
42.0, 3.486073425949408
43.0, 3.492039806468739
44.0, 3.4980245980313436
45.0, 3.5040277063004215
46.0, 3.5100490372967967
47.0, 3.516088497400752
48.0, 3.522145993353785
49.0, 3.528221432260295
50.0, 3.534314721589206
51.0, 3.5404257691755117
52.0, 3.5465544832217617
53.0, 3.5527007722994726
54.0, 3.5588645453504815
55.0, 3.565045711688231
56.0, 3.571244180998987
57.0, 3.577459863343003
58.0, 3.583692669155613
59.0, 3.5899425092482686
60.0, 3.5962092948095163
61.0, 3.602492937405915
62.0, 3.6087933489828927
63.0, 3.615110441865554
64.0, 3.6214441287594212
65.0, 3.627794322751132
66.0, 3.6341609373090686
67.0, 3.64054388628395
68.0, 3.6469430839093575
69.0, 3.653358444802217
70.0, 3.659789883963229
71.0, 3.6662373167772464
72.0, 3.6727006590136084
73.0, 3.6791798268264206
74.0, 3.685674736754794
75.0, 3.692185305723033
76.0, 3.6987114510407775
77.0, 3.70525309040311
78.0, 3.7118101418906044
79.0, 3.718382523969345
80.0, 3.724970155490893
81.0, 3.7315729556922226
82.0, 3.738190844195607
83.0, 3.74482374100847
84.0, 3.751471566523197
85.0, 3.7581342415169092
86.0, 3.764811687151201
87.0, 3.7715038249718367
88.0, 3.7782105769084193
89.0, 3.7849318652740163
90.0, 3.791667612764752
91.0, 3.7984177424593795
92.0, 3.8051821778187946
93.0, 3.811960842685546
94.0, 3.818753661283291
95.0, 3.825560558216234
96.0, 3.832381458468534
97.0, 3.8392162874036724
98.0, 3.8460649707638064
99.0, 3.8529274346690845
100.0, 3.8598036056169382
101.0, 3.8598036056169382
102.0, 3.8598036056169382
103.0, 3.8598036056169382
104.0, 3.8598036056169382
105.0, 3.8598036056169382
106.0, 3.8598036056169382
107.0, 3.8598036056169382
108.0, 3.8598036056169382
109.0, 3.8598036056169382
110.0, 3.8598036056169382
111.0, 3.8598036056169382
112.0, 3.8598036056169382
113.0, 3.8598036056169382
114.0, 3.8598036056169382
115.0, 3.8598036056169382
116.0, 3.8598036056169382
117.0, 3.8598036056169382
118.0, 3.8598036056169382
119.0, 3.8598036056169382
120.0, 3.8598036056169382
121.0, 3.8598036056169382
122.0, 3.8598036056169382
123.0, 3.8598036056169382
124.0, 3.8598036056169382
125.0, 3.8598036056169382
126.0, 3.8598036056169382
127.0, 3.8598036056169382
128.0, 3.8598036056169382
129.0, 3.8598036056169382
130.0, 3.8598036056169382
131.0, 3.8529274346690845
132.0, 3.8460649707638064
133.0, 3.8392162874036724
134.0, 3.832381458468534
135.0, 3.825560558216234
136.0, 3.818753661283291
137.0, 3.811960842685546
138.0, 3.8051821778187946
139.0, 3.7984177424593795
140.0, 3.791667612764752
141.0, 3.7849318652740163
142.0, 3.7782105769084193
143.0, 3.7715038249718367
144.0, 3.764811687151201
145.0, 3.7581342415169092
146.0, 3.751471566523197
147.0, 3.74482374100847
148.0, 3.738190844195607
149.0, 3.7315729556922226
150.0, 3.724970155490893
151.0, 3.718382523969345
152.0, 3.7118101418906044
153.0, 3.70525309040311
154.0, 3.6987114510407775
155.0, 3.692185305723033
156.0, 3.685674736754794
157.0, 3.6791798268264206
158.0, 3.6727006590136084
159.0, 3.6662373167772464
160.0, 3.659789883963229
161.0, 3.653358444802217
162.0, 3.6469430839093575
163.0, 3.64054388628395
164.0, 3.6341609373090686
165.0, 3.627794322751132
166.0, 3.6214441287594212
167.0, 3.615110441865554
168.0, 3.6087933489828927
169.0, 3.602492937405915
170.0, 3.5962092948095163
171.0, 3.5899425092482686
172.0, 3.583692669155613
173.0, 3.577459863343003
174.0, 3.571244180998987
175.0, 3.565045711688231
176.0, 3.5588645453504815
177.0, 3.5527007722994726
178.0, 3.5465544832217617
179.0, 3.5404257691755117
180.0, 3.534314721589206
181.0, 3.528221432260295
182.0, 3.522145993353785
183.0, 3.516088497400752
184.0, 3.5100490372967967
185.0, 3.5040277063004215
186.0, 3.4980245980313436
187.0, 3.492039806468739
188.0, 3.486073425949408
189.0, 3.480125551165875
190.0, 3.4741962771644124
191.0, 3.4682856993429856
192.0, 3.4623939134491324
193.0, 3.4565210155777533
194.0, 3.450667102168834
195.0, 3.444832270005085
196.0, 3.4390166162095004
197.0, 3.4332202382428405
198.0, 3.4274432339010295
199.0, 3.421685701312468
200.0, 3.4159477389352686
201.0, 3.410229445554402
202.0, 3.4045309202787575
203.0, 3.3988522625381195
204.0, 3.3931935720800532
205.0, 3.3875549489667067
206.0, 3.381936493571514
207.0, 3.3763383065758203
208.0, 3.3707604889654057
209.0, 3.3652031420269197
210.0, 3.3596663673442246
211.0, 3.354150266794639
212.0, 3.3486549425450955
213.0, 3.3431804970481878
214.0, 3.3377270330381386
215.0, 3.332294653526652
216.0, 3.3268834617986816
217.0, 3.3214935614080865
218.0, 3.316125056173199
219.0, 3.3107780501722788
220.0, 3.3054526477388753
221.0, 3.3001489534570805
222.0, 3.2948670721566766
223.0, 3.2896071089081884
224.0, 3.284369169017819
225.0, 3.279153358022287
226.0, 3.2739597816835517
227.0, 3.268788545983437
228.0, 3.2636397571181384
229.0, 3.2585135214926306
230.0, 3.2534099457149566
231.0, 3.2534099457149566
232.0, 3.2534099457149566
233.0, 3.2534099457149566
234.0, 3.2534099457149566
235.0, 3.2534099457149566
236.0, 3.2534099457149566
237.0, 3.2534099457149566
238.0, 3.2534099457149566
239.0, 3.2534099457149566
240.0, 3.2534099457149566
241.0, 3.2534099457149566
242.0, 3.2534099457149566
243.0, 3.2534099457149566
244.0, 3.2534099457149566
245.0, 3.2534099457149566
246.0, 3.2534099457149566
247.0, 3.2534099457149566
248.0, 3.2534099457149566
249.0, 3.2534099457149566
250.0, 3.2534099457149566
251.0, 3.2534099457149566
252.0, 3.2534099457149566
253.0, 3.2534099457149566
254.0, 3.2534099457149566
255.0, 3.2534099457149566
256.0, 3.2534099457149566
257.0, 3.2534099457149566
258.0, 3.2534099457149566
259.0, 3.2534099457149566
260.0, 3.2534099457149566
261.0, 3.2585135214926306
262.0, 3.2636397571181384
263.0, 3.268788545983437
264.0, 3.2739597816835517
265.0, 3.279153358022287
266.0, 3.284369169017819
267.0, 3.2896071089081884
268.0, 3.2948670721566766
269.0, 3.3001489534570805
270.0, 3.3054526477388753
271.0, 3.3107780501722788
272.0, 3.316125056173199
273.0, 3.3214935614080865
274.0, 3.3268834617986816
275.0, 3.332294653526652
276.0, 3.3377270330381386
277.0, 3.3431804970481878
278.0, 3.3486549425450955
279.0, 3.354150266794639
280.0, 3.3596663673442246
281.0, 3.3652031420269197
282.0, 3.3707604889654057
ee_dist
0.0, 1.4417644817283615
1.0, 1.504124631334864
2.0, 1.613715595595341
3.0, 1.7065539619109251
4.0, 1.7386700029984425
5.0, 1.7636994122748046
6.0, 1.7960303598401086
7.0, 1.8286868102627325
8.0, 1.8658918853474091
9.0, 1.9039180204018347
10.0, 1.9423114021265016
11.0, 1.9795075415535286
12.0, 2.0213221420477114
13.0, 2.0618900530854756
14.0, 2.102738643252665
15.0, 2.1387072917810985
16.0, 2.1700860295420843
17.0, 2.1981747443178024
18.0, 2.2234306454654953
19.0, 2.245159665390565
20.0, 2.2648745886220127
21.0, 2.2313386895833744
22.0, 2.187512615262418
23.0, 2.140040280637153
24.0, 2.088601339291649
25.0, 2.0335253373016435
26.0, 1.9750024705521532
27.0, 1.913440509201551
28.0, 1.849100399199493
29.0, 1.7825216580761511
30.0, 1.7140675024096836
31.0, 1.6444381722145895
32.0, 1.5741466865423903
33.0, 1.5040884668733334
34.0, 1.4349944634583354
35.0, 1.3680177853192692
36.0, 1.3041942197216068
37.0, 1.2449785786208114
38.0, 1.1917224406524147
39.0, 1.1460449242635473
40.0, 1.109454671141641
41.0, 1.1224689593584716
42.0, 1.0018310521739568
43.0, 0.7494506135631736
44.0, 0.7023672944030496
45.0, 0.6547834092210899
46.0, 0.6066059020193229
47.0, 0.5578401530001444
48.0, 0.5093628398292783
49.0, 0.4617084634504732
50.0, 0.416432937608017
51.0, 0.3754937568337522
52.0, 0.3412316791248824
53.0, 0.3158777286750357
54.0, 0.302355709111232
55.0, 0.3025693540154991
56.0, 0.3172013254356877
57.0, 0.2971919291086102
58.0, 0.2877248242063047
59.0, 0.3005717454220406
60.0, 0.340414276065729
61.0, 0.40365827580802904
62.0, 0.4797522240246786
63.0, 0.5585374187961262
64.0, 0.6269371009171673
65.0, 0.6880248844254929
66.0, 0.7492329967278096
67.0, 0.8044631848616359
68.0, 0.8575603311145661
69.0, 0.9085552998749672
70.0, 0.9587339754872238
71.0, 1.0075451486151474
72.0, 1.0639337813221437
73.0, 1.1244064031413326
74.0, 1.1943340560500173
75.0, 1.275075504182949
76.0, 1.3652257944344748
77.0, 1.4608664209225377
78.0, 1.5581663118297369
79.0, 1.6509810916376526
80.0, 1.732768161575953
81.0, 1.7986288149958036
82.0, 1.8635947650516267
83.0, 1.9249614490662492
84.0, 1.9847980618719574
85.0, 2.0433510145149434
86.0, 2.092939504225029
87.0, 2.1234048748788155
88.0, 2.1613692307590315
89.0, 2.2058618895627315
90.0, 2.2634289383505846
91.0, 2.3542153081332557
92.0, 2.4509260705939377
93.0, 2.556261334139774
94.0, 2.6616150428054723
95.0, 2.7639855139253524
96.0, 2.855507485247629
97.0, 2.9302268972839047
98.0, 2.9983394304266078
99.0, 3.0664068323200255
100.0, 3.1304624604726934
101.0, 3.1940291584434437
102.0, 3.255784754141971
103.0, 3.3181399072484625
104.0, 3.385781174069139
105.0, 3.4593718684202073
106.0, 3.5362674128437273
107.0, 3.626239424642898
108.0, 3.723491534709807
109.0, 3.8292527242652334
110.0, 3.935877163664371
111.0, 4.039785331375413
112.0, 4.136281804979897
113.0, 4.213591556668475
114.0, 4.281060728234058
115.0, 4.357302920484252
116.0, 4.413750260840109
117.0, 4.477651442694317
118.0, 4.519582367797781
119.0, 4.562362193817441
120.0, 4.603377469279898
121.0, 4.644785935870149
122.0, 4.683877827914568
123.0, 4.722868067021423
124.0, 4.759069035199217
125.0, 4.7947147837472075
126.0, 4.827159566321241
127.0, 4.858653511783486
128.0, 4.886596618170101
129.0, 4.9132535131784785
130.0, 4.936072483460927
131.0, 4.95733099205035
132.0, 4.974530631808537
133.0, 4.989956779930555
134.0, 5.001170205625244
135.0, 5.010457602320191
136.0, 5.015443667957205
137.0, 5.018416458564362
138.0, 5.017061056885411
139.0, 5.013671571223548
140.0, 5.005992243151226
141.0, 4.9963195545996495
142.0, 4.982459082816454
143.0, 4.422947494079325
144.0, 4.423459821140365
145.0, 4.422947494079325
146.0, 4.423459821140365
147.0, 4.422947494079325
148.0, 4.423459821140365
149.0, 4.422947494079325
150.0, 4.423459821140365
151.0, 4.422947494079325
152.0, 4.423459820660035
153.0, 4.422947494079325
154.0, 4.423459821140365
155.0, 4.422947494079325
156.0, 4.423459821140365
157.0, 4.422947494079325
158.0, 4.423459821140365
159.0, 4.422947494079325
160.0, 4.423459821140365
161.0, 4.422947494079325
162.0, 4.423459821140365
163.0, 4.422947494079325
164.0, 4.423459821140365
165.0, 4.422947494079325
166.0, 4.423459821140365
167.0, 4.422947494079325
168.0, 4.423459821140365
169.0, 4.422947494079325
170.0, 4.423459820660035
171.0, 4.422947494079325
172.0, 4.423459821140365
173.0, 4.422947494079325
174.0, 4.423459821140365
175.0, 4.422947494079325
176.0, 4.423459821140365
177.0, 4.422947494079325
178.0, 4.423459821140365
179.0, 4.422947494079325
180.0, 4.423459821140365
181.0, 4.422947494079325
182.0, 4.423459821140365
183.0, 4.422947494079325
184.0, 4.423459821140365
185.0, 4.422947494079325
186.0, 4.423459821140365
187.0, 4.422947494079325
188.0, 4.423459820660035
189.0, 4.422947494079325
190.0, 4.423459821140365
191.0, 4.422947494079325
192.0, 4.423459821140365
193.0, 4.422947494079325
194.0, 4.423459821140365
195.0, 4.422947494079325
196.0, 4.423459821140365
197.0, 4.422947494079325
198.0, 4.423459821140365
199.0, 4.422947494079325
200.0, 4.423459821140365
201.0, 4.422947494079325
202.0, 4.423459821140365
203.0, 4.422947494079325
204.0, 4.423459821140365
205.0, 4.422947494079325
206.0, 4.423459820660035
207.0, 4.422947494079325
208.0, 4.423459821140365
209.0, 4.422947494079325
210.0, 4.423459821140365
211.0, 4.422947494079325
212.0, 4.423459821140365
213.0, 4.422947494079325
214.0, 4.423459821140365
215.0, 4.422947494079325
216.0, 4.423459821140365
217.0, 4.422947494079325
218.0, 4.423459821140365
219.0, 4.422947494079325
220.0, 4.423459821140365
221.0, 4.422947494079325
222.0, 4.423459821140365
223.0, 4.422947494079325
224.0, 4.423459820660035
225.0, 4.422947494079325
226.0, 4.423459821140365
227.0, 4.422947494079325
228.0, 4.423459821140365
229.0, 4.422947494079325
230.0, 4.423459821140365
231.0, 4.422947494079325
232.0, 4.423459821140365
233.0, 4.422947494079325
234.0, 4.423459821140365
235.0, 4.422947494079325
236.0, 4.423459821140365
237.0, 4.422947494079325
238.0, 4.423459821140365
239.0, 4.422947494079325
240.0, 4.423459821140365
241.0, 4.422947494079325
242.0, 4.423459820660035
243.0, 4.426707519965791
244.0, 4.430514087724025
245.0, 4.435382539215947
246.0, 4.442083118276997
247.0, 4.449883238105318
248.0, 4.4595849812646735
249.0, 4.470390666973826
250.0, 4.483108707079094
251.0, 4.496835828871769
252.0, 4.512379897413391
253.0, 4.5287206425091195
254.0, 4.546673774772918
255.0, 4.565130573652928
256.0, 4.5849209544862966
257.0, 4.604896713715439
258.0, 4.625893820978792
259.0, 4.646774065213994
260.0, 4.668387122426052
261.0, 4.68957603361986
262.0, 4.711227293731904
263.0, 4.681545774438923
264.0, 4.644371527115395
265.0, 4.606161285678098
266.0, 4.566772721189541
267.0, 4.5265382808677055
268.0, 4.485714975118379
269.0, 4.444647493588959
270.0, 4.40361832702956
271.0, 4.362999120781584
272.0, 4.323087884045941
273.0, 4.2842717804448505
274.0, 4.246858689606447
275.0, 4.21121839207795
276.0, 4.177608748469653
277.0, 4.146341623541164
278.0, 4.11760449964958
279.0, 4.091802457723711
280.0, 4.069060461365263
281.0, 4.0501204745306945
282.0, 4.035243382153165
ee_box_dist
0.0, 0.8963953116293256
1.0, 0.9385930721475374
2.0, 0.969551063664332
3.0, 0.9993501558339537
4.0, 1.0314598678933498
5.0, 1.0643393905868508
6.0, 1.1006719969278353
7.0, 1.1313274566219784
8.0, 1.16872806000115
9.0, 1.2074974672024519
10.0, 1.2437888254780982
11.0, 1.2781759846774534
12.0, 1.3163537839239037
13.0, 1.3538441232719451
14.0, 1.3909733248121927
15.0, 1.4242243348453676
16.0, 1.4527208498007953
17.0, 1.478059460990402
18.0, 1.5007095892289253
19.0, 1.5201862066812029
20.0, 1.537825574086359
21.0, 1.510345856275042
22.0, 1.4746752809360109
23.0, 1.4356386417591311
24.0, 1.3929220923664498
25.0, 1.3467698258355632
26.0, 1.2972258103748875
27.0, 1.2445794306707287
28.0, 1.1888446288454644
29.0, 1.1304454771787145
30.0, 1.0694255796482777
31.0, 1.0062482345371537
32.0, 0.9411031538189213
33.0, 0.8746065995985183
34.0, 0.8071418387917866
35.0, 0.7395177760652097
36.0, 0.6724217257444591
37.0, 0.6068695245933006
38.0, 0.5442369208759313
39.0, 0.48682894426462675
40.0, 0.4375266917683448
41.0, 0.4500175500684345
42.0, 0.4626723207837868
43.0, 0.475510032322546
44.0, 0.4884428357793639
45.0, 0.5014711197580922
46.0, 0.514549625552103
47.0, 0.5276467893006591
48.0, 0.540768344560404
49.0, 0.5538440990964701
50.0, 0.5669164213902771
51.0, 0.5798952221166065
52.0, 0.5928181127327933
53.0, 0.6055742556166775
54.0, 0.6181814246699507
55.0, 0.6305185741713342
56.0, 0.642611922221255
57.0, 0.6543903538623128
58.0, 0.6658697394972957
59.0, 0.6770607875392185
60.0, 0.6879265145835685
61.0, 0.6985227384321397
62.0, 0.708775689487702
63.0, 0.718750019965435
64.0, 0.7283807613339403
65.0, 0.7377237640522339
66.0, 0.7467288519923397
67.0, 0.755435826719876
68.0, 0.7637956443222683
69.0, 0.7718312453159578
70.0, 0.7795047549391898
71.0, 0.7868345838125533
72.0, 0.7937878071787035
73.0, 0.8003810142781781
74.0, 0.8065832009617252
75.0, 0.8124089495886426
76.0, 0.8178295645604484
77.0, 0.8228567677013398
78.0, 0.8274625037763361
79.0, 0.8316575682558159
80.0, 0.835413782102148
81.0, 0.8387403296568459
82.0, 0.8416092238605741
83.0, 0.8440290898073182
84.0, 0.8459719391352892
85.0, 0.8474466327195219
86.0, 0.8672514928754907
87.0, 0.9108466536206962
88.0, 0.9485164410762944
89.0, 0.9814722518883194
90.0, 1.006262043300028
91.0, 1.0048861310732764
92.0, 1.0058319751494202
93.0, 1.0051277638780454
94.0, 1.0058175728336027
95.0, 1.005143340563977
96.0, 1.0058163001296119
97.0, 1.0051451405080585
98.0, 1.0058158634047305
99.0, 1.005145554647409
100.0, 1.0058197529845425
101.0, 1.0051492744663613
102.0, 1.005819798314338
103.0, 1.0051492203299783
104.0, 1.0058195355965038
105.0, 1.0051494179613711
106.0, 1.0058197525573156
107.0, 1.0051488580765446
108.0, 1.005818845962395
109.0, 1.0051484491551714
110.0, 1.0058186923655075
111.0, 1.0051481868099355
112.0, 1.0058185563763065
113.0, 1.0051480415500709
114.0, 1.005818393091776
115.0, 0.9958469796402742
116.0, 1.0059199123248563
117.0, 1.0051769870972538
118.0, 1.0057426865554089
119.0, 1.0050926910148368
120.0, 1.005749392912808
121.0, 1.005081416327959
122.0, 1.0057501576610013
123.0, 1.0050799720697132
124.0, 1.0057502742100262
125.0, 1.0050798629012372
126.0, 1.0057502561741234
127.0, 1.0050798083169998
128.0, 1.0057502561741234
129.0, 1.0050798629012372
130.0, 1.005750310764518
131.0, 1.0050798083169998
132.0, 1.0057502834693206
133.0, 1.005079917485475
134.0, 1.005750310764518
135.0, 1.005079890193356
136.0, 1.0057502834693206
137.0, 1.005079890193356
138.0, 1.0057504735703682
139.0, 1.0050802075666372
140.0, 1.005750682672653
141.0, 1.0050802894429873
142.0, 1.005750682672653
143.0, 1.6723175505200572
144.0, 1.671618397383001
145.0, 1.6723176084942561
146.0, 1.6716184843422799
147.0, 1.6723176084942561
148.0, 1.671618513328706
149.0, 1.6723176374813555
150.0, 1.671618513328706
151.0, 1.6723176084942561
152.0, 1.6716184951938222
153.0, 1.6723176084942561
154.0, 1.6716184553558533
155.0, 1.6723176084942561
156.0, 1.6716184553558533
157.0, 1.6723176374813555
158.0, 1.671618513328706
159.0, 1.6723176374813555
160.0, 1.6716184553558533
161.0, 1.6723175795071568
162.0, 1.6716184263694271
163.0, 1.6723175795071568
164.0, 1.6716184843422799
165.0, 1.6723176084942561
166.0, 1.6716184843422799
167.0, 1.6723176084942561
168.0, 1.6716184843422799
169.0, 1.6723176084942561
170.0, 1.6716185748697647
171.0, 1.6723179634436363
172.0, 1.6716188972886696
173.0, 1.6723180214178337
174.0, 1.6716188972886696
175.0, 1.6723180214178337
176.0, 1.6716188972886696
177.0, 1.6723179924307348
178.0, 1.6716188972886696
179.0, 1.6723180214178337
180.0, 1.6716188972886696
181.0, 1.6723180504049324
182.0, 1.6716189262750947
183.0, 1.6723180214178337
184.0, 1.6716188683022442
185.0, 1.6723179924307348
186.0, 1.6716188683022442
187.0, 1.6723180214178337
188.0, 1.6716189661130725
189.0, 1.672318079392031
190.0, 1.6716189262750947
191.0, 1.6723180504049324
192.0, 1.6716189262750947
193.0, 1.6723180504049324
194.0, 1.6716189552615206
195.0, 1.672318079392031
196.0, 1.6716189552615206
197.0, 1.6723180214178337
198.0, 1.6716188102859626
199.0, 1.672317923583533
200.0, 1.6716187994344092
201.0, 1.67231783307013
202.0, 1.6716185314201393
203.0, 1.6723175976212397
204.0, 1.6716183864880017
205.0, 1.672317481672837
206.0, 1.6716183683531176
207.0, 1.6723174201465631
208.0, 1.6716183068120658
209.0, 1.6723174707999535
210.0, 1.6716183176202828
211.0, 1.672317383865142
212.0, 1.6716182415125411
213.0, 1.6723173367108406
214.0, 1.6716181545532565
215.0, 1.6723172787366378
216.0, 1.6716181545532565
217.0, 1.6723172497495364
218.0, 1.6716181545532565
219.0, 1.6723173077237392
220.0, 1.6716181835396846
221.0, 1.6723173077237392
222.0, 1.6716181255668283
223.0, 1.6723172787366378
224.0, 1.6716181654048032
225.0, 1.6723172787366378
226.0, 1.6716181545532565
227.0, 1.6723172787366378
228.0, 1.6716181255668283
229.0, 1.6723172497495364
230.0, 1.6716180965804
231.0, 1.6723172787366378
232.0, 1.6716181545532565
233.0, 1.6723172497495364
234.0, 1.6716181255668283
235.0, 1.6723172497495364
236.0, 1.6716181255668283
237.0, 1.6723171917753337
238.0, 1.6716181255668283
239.0, 1.6723172497495364
240.0, 1.6716181255668283
241.0, 1.6723172497495364
242.0, 1.671618136418375
243.0, 1.6691009919024424
244.0, 1.668560389893403
245.0, 1.6671156172746175
246.0, 1.663919906329128
247.0, 1.6597489966562753
248.0, 1.6536344247377293
249.0, 1.6463859329964476
250.0, 1.6370617439734882
251.0, 1.6265930432702154
252.0, 1.6140306515805083
253.0, 1.600487860485887
254.0, 1.584944790282032
255.0, 1.5687011225427037
256.0, 1.5506245531920608
257.0, 1.5321589902174393
258.0, 1.5120629052352397
259.0, 1.4918650449603956
260.0, 1.470224265106032
261.0, 1.4487859309096853
262.0, 1.426099882237866
263.0, 1.4695641107156654
264.0, 1.5234202774017689
265.0, 1.5765971816361644
266.0, 1.629315780395465
267.0, 1.6812199705871027
268.0, 1.7320054767545434
269.0, 1.7814009316455612
270.0, 1.829153832424388
271.0, 1.8750364015137424
272.0, 1.9188354605333615
273.0, 1.9603626986377474
274.0, 1.9994353696663933
275.0, 2.035897910707366
276.0, 2.069583077580752
277.0, 2.10036388598989
278.0, 2.128082980584966
279.0, 2.1526686597163183
280.0, 2.1739739785295535
281.0, 2.192022665583303
282.0, 2.2067126894564666
spot_hold
0, 0
1, 0
2, 0
3, 0
4, 0
5, 0
6, 0
7, 0
8, 0
9, 0
10, 0
11, 0
12, 0
13, 0
14, 0
15, 0
16, 0
17, 0
18, 0
19, 0
20, 0
21, 0
22, 0
23, 0
24, 0
25, 0
26, 0
27, 0
28, 0
29, 0
30, 0
31, 0
32, 0
33, 0
34, 0
35, 0
36, 0
37, 0
38, 0
39, 0
40, 0
41, 1
42, 1
43, 1
44, 1
45, 1
46, 1
47, 1
48, 1
49, 1
50, 1
51, 1
52, 1
53, 1
54, 1
55, 1
56, 1
57, 1
58, 1
59, 1
60, 1
61, 1
62, 1
63, 1
64, 1
65, 1
66, 1
67, 1
68, 1
69, 1
70, 1
71, 1
72, 1
73, 1
74, 1
75, 1
76, 1
77, 1
78, 1
79, 1
80, 1
81, 1
82, 1
83, 1
84, 1
85, 1
86, 1
87, 1
88, 1
89, 1
90, 1
91, 1
92, 1
93, 1
94, 1
95, 1
96, 1
97, 1
98, 1
99, 1
100, 1
101, 1
102, 1
103, 1
104, 1
105, 1
106, 1
107, 1
108, 1
109, 1
110, 1
111, 1
112, 1
113, 1
114, 1
115, 1
116, 1
117, 1
118, 1
119, 1
120, 1
121, 1
122, 1
123, 1
124, 1
125, 1
126, 1
127, 1
128, 1
129, 1
130, 1
131, 1
132, 1
133, 1
134, 1
135, 1
136, 1
137, 1
138, 1
139, 1
140, 1
141, 1
142, 1
143, 1
144, 1
145, 1
146, 1
147, 1
148, 1
149, 1
150, 1
151, 1
152, 1
153, 1
154, 1
155, 1
156, 1
157, 1
158, 1
159, 1
160, 1
161, 1
162, 1
163, 1
164, 1
165, 1
166, 1
167, 1
168, 1
169, 1
170, 1
171, 1
172, 1
173, 1
174, 1
175, 1
176, 1
177, 1
178, 1
179, 1
180, 1
181, 1
182, 1
183, 1
184, 1
185, 1
186, 1
187, 1
188, 1
189, 1
190, 1
191, 1
192, 1
193, 1
194, 1
195, 1
196, 1
197, 1
198, 1
199, 1
200, 1
201, 1
202, 1
203, 1
204, 1
205, 1
206, 1
207, 1
208, 1
209, 1
210, 1
211, 1
212, 1
213, 1
214, 1
215, 1
216, 1
217, 1
218, 1
219, 1
220, 1
221, 1
222, 1
223, 1
224, 1
225, 1
226, 1
227, 1
228, 1
229, 1
230, 1
231, 1
232, 1
233, 1
234, 1
235, 1
236, 1
237, 1
238, 1
239, 1
240, 1
241, 1
242, 1
243, 1
244, 1
245, 1
246, 1
247, 1
248, 1
249, 1
250, 1
251, 1
252, 1
253, 1
254, 1
255, 1
256, 1
257, 1
258, 1
259, 1
260, 1
261, 1
262, 1
263, 1
264, 1
265, 1
266, 1
267, 1
268, 1
269, 1
270, 1
271, 1
272, 1
273, 1
274, 1
275, 1
276, 1
277, 1
278, 1
279, 1
280, 1
281, 1
282, 1
