bot_dist
0.0, 2.9626462192764182
1.0, 2.9659291347622214
2.0, 2.9692421008441334
3.0, 2.972585017047378
4.0, 2.9759577824423555
5.0, 2.9793602956573175
6.0, 2.982792454891
7.0, 2.9862541579251873
8.0, 2.989745302137231
9.0, 2.9932657845124937
10.0, 2.996815501656737
11.0, 3.000394349808443
12.0, 3.0040022248510594
13.0, 3.007639022325182
14.0, 3.011304637440659
15.0, 3.0149989650886178
16.0, 3.018721899853419
17.0, 3.0224733360245235
18.0, 3.0262531676082833
19.0, 3.030061288339643
20.0, 3.033897591693762
21.0, 3.037761970897539
22.0, 3.041654318941054
23.0, 3.0455745285889186
24.0, 3.049522492391528
25.0, 3.0534981026962233
26.0, 3.0575012516583566
27.0, 3.0615318312522533
28.0, 3.065589733282083
29.0, 3.069674849392624
30.0, 3.0737870710799275
31.0, 3.0779262897018818
32.0, 3.082092396488665
33.0, 3.0862852825530998
34.0, 3.0905048389008996
35.0, 3.094750956440802
36.0, 3.099023525994603
37.0, 3.103322438307073
38.0, 3.1076475840557727
39.0, 3.111998853860743
40.0, 3.1163761382941004
41.0, 3.1207793278895104
42.0, 3.1252083131515467
43.0, 3.129662984564943
44.0, 3.134143232603726
45.0, 3.1386489477402373
46.0, 3.143180020454037
47.0, 3.1477363412406967
48.0, 3.1523178006204686
49.0, 3.1569242891468505
50.0, 3.1615556974150247
51.0, 3.166211916070186
52.0, 3.1708928358157507
53.0, 3.17559834742145
54.0, 3.1803282286710615
55.0, 3.1850824823914228
56.0, 3.189860999606399
57.0, 3.1946636714373695
58.0, 3.199490389110738
59.0, 3.2043410439653264
60.0, 3.209215527459654
61.0, 3.214113731179099
62.0, 3.2190355468429415
63.0, 3.2239808663113028
64.0, 3.228949581591953
65.0, 3.2339415848470194
66.0, 3.238956768399569
67.0, 3.243995024740088
68.0, 3.2490562465328354
69.0, 3.254140326622096
70.0, 3.259247158038312
71.0, 3.2643766340041087
72.0, 3.2695286479402057
73.0, 3.2747030934712167
74.0, 3.279899864431341
75.0, 3.285118854869948
76.0, 3.2903599590570445
77.0, 3.2956230714886434
78.0, 3.30090808689202
79.0, 3.306214900230861
80.0, 3.31154340671031
81.0, 3.316893501781902
82.0, 3.3222650811484065
83.0, 3.327658040768549
84.0, 3.333072276861643
85.0, 3.338507685912116
86.0, 3.3439641646739298
87.0, 3.349441610174908
88.0, 3.35493991972096
89.0, 3.3604589909002036
90.0, 3.3659987215869935
91.0, 3.3715590099458543
92.0, 3.3771397544353112
93.0, 3.3827408538116317
94.0, 3.388362207132471
95.0, 3.3940037137604238
96.0, 3.3996652733664816
97.0, 3.4053467859334043
98.0, 3.4110481517589974
99.0, 3.4167692714593
100.0, 3.422510045971681
101.0, 3.422510045971681
102.0, 3.422510045971681
103.0, 3.422510045971681
104.0, 3.422510045971681
105.0, 3.422510045971681
106.0, 3.422510045971681
107.0, 3.422510045971681
108.0, 3.422510045971681
109.0, 3.422510045971681
110.0, 3.422510045971681
111.0, 3.422510045971681
112.0, 3.422510045971681
113.0, 3.422510045971681
114.0, 3.422510045971681
115.0, 3.422510045971681
116.0, 3.422510045971681
117.0, 3.422510045971681
118.0, 3.422510045971681
119.0, 3.422510045971681
120.0, 3.422510045971681
121.0, 3.422510045971681
122.0, 3.422510045971681
123.0, 3.422510045971681
124.0, 3.422510045971681
125.0, 3.422510045971681
126.0, 3.422510045971681
127.0, 3.422510045971681
128.0, 3.422510045971681
129.0, 3.422510045971681
130.0, 3.422510045971681
131.0, 3.4167692714593
132.0, 3.4110481517589974
133.0, 3.4053467859334043
134.0, 3.3996652733664816
135.0, 3.3940037137604238
136.0, 3.388362207132471
137.0, 3.3827408538116317
138.0, 3.3771397544353112
139.0, 3.3715590099458543
140.0, 3.3659987215869935
141.0, 3.3604589909002036
142.0, 3.35493991972096
143.0, 3.354284365433984
144.0, 3.3488148409321155
145.0, 3.3433662786356586
146.0, 3.3379387811952816
147.0, 3.332532451532222
148.0, 3.327147392833959
149.0, 3.32178370854979
150.0, 3.316441502386301
151.0, 3.2284003065608506
152.0, 3.1404625491435385
153.0, 3.052637169442697
154.0, 2.9649341538172753
155.0, 2.8773646913799875
156.0, 2.7899413578868275
157.0, 2.702678333841004
158.0, 2.615591664327371
159.0, 2.528699569997021
160.0, 2.4420228210699553
161.0, 2.35558518938901
162.0, 2.269413997672152
163.0, 2.183540790484756
164.0, 2.098002158509457
165.0, 2.0128407569971687
166.0, 1.9281065716050505
167.0, 1.9240682581050563
168.0, 1.8420908267050267
169.0, 1.760943487782421
170.0, 1.6807463532440932
171.0, 1.6016421648329608
172.0, 1.5238011444561266
173.0, 1.4474271017803562
174.0, 1.4448913937857022
175.0, 1.3743266542509975
176.0, 1.3062902876136213
177.0, 1.3046567673583744
178.0, 1.3030979053006775
179.0, 1.3016140096585478
180.0, 1.300205337104555
181.0, 1.2588887894013867
182.0, 1.258200640809074
183.0, 1.2575916388635935
184.0, 1.2570618985961874
185.0, 1.2566115202481085
186.0, 1.256240589176154
187.0, 1.2559491757720205
188.0, 1.1911935848644157
189.0, 1.191487208928261
190.0, 1.1262432229670774
191.0, 1.0644872258020048
192.0, 1.0068612311976242
193.0, 0.9541138570729965
194.0, 0.9070965736928968
195.0, 0.866742386253749
196.0, 0.8340190421261741
197.0, 0.8098520787810862
198.0, 0.7950221662065783
199.0, 0.7900552691997701
200.0, 0.7951362401485736
201.0, 0.810076033950929
202.0, 0.8343452220409074
203.0, 0.8671608539827448
204.0, 0.9075963707477256
205.0, 0.9546840451613146
206.0, 1.0074915921998884
207.0, 1.0651686340660476
208.0, 1.1269677715088218
209.0, 1.1922481811341792
210.0, 1.2604690877576985
211.0, 1.3311784798983413
212.0, 1.40400042659287
213.0, 1.413455813203197
214.0, 1.4836070406288722
215.0, 1.5556386795197434
216.0, 1.5648809257811083
217.0, 1.57413243778423
218.0, 1.5833930531143827
219.0, 1.5926626129763413
220.0, 1.6019409620987122
221.0, 1.6112279486411116
222.0, 1.6205234241041138
223.0, 1.6298272432418641
224.0, 1.6391392639772886
225.0, 1.6484593473197993
226.0, 1.657787357285429
227.0, 1.6671231608193122
228.0, 1.6764666277204323
229.0, 1.6858176305685748
230.0, 1.6951760446533994
231.0, 1.6951760446533994
232.0, 1.6951760446533994
233.0, 1.6951760446533994
234.0, 1.6951760446533994
235.0, 1.6951760446533994
236.0, 1.6951760446533994
237.0, 1.6951760446533994
238.0, 1.6951760446533994
239.0, 1.6951760446533994
240.0, 1.6951760446533994
241.0, 1.6951760446533994
242.0, 1.6951760446533994
243.0, 1.6951760446533994
244.0, 1.6951760446533994
245.0, 1.6951760446533994
246.0, 1.6951760446533994
247.0, 1.6951760446533994
248.0, 1.6951760446533994
249.0, 1.6951760446533994
250.0, 1.6951760446533994
251.0, 1.6951760446533994
252.0, 1.6951760446533994
253.0, 1.6951760446533994
254.0, 1.6951760446533994
255.0, 1.6951760446533994
256.0, 1.6951760446533994
257.0, 1.6951760446533994
258.0, 1.6951760446533994
259.0, 1.6951760446533994
260.0, 1.6951760446533994
261.0, 1.6858176305685748
262.0, 1.6764666277204323
263.0, 1.6671231608193122
264.0, 1.657787357285429
265.0, 1.6484593473197993
266.0, 1.6391392639772886
267.0, 1.6298272432418641
268.0, 1.6205234241041138
269.0, 1.6112279486411116
270.0, 1.6019409620987122
271.0, 1.5926626129763413
272.0, 1.5833930531143827
273.0, 1.57413243778423
274.0, 1.5648809257811083
275.0, 1.5556386795197434
276.0, 1.546405865132987
277.0, 1.537182652573484
278.0, 1.5279692157184912
279.0, 1.5187657324779507
280.0, 1.509572384905928
281.0, 1.500389359315519
282.0, 1.4912168463973556
ee_dist
0.0, 1.4147425503327067
1.0, 1.4755785358409843
2.0, 1.5843057734560761
3.0, 1.676704539602367
4.0, 1.7086576783030332
5.0, 1.7344921040826813
6.0, 1.7667813958030292
7.0, 1.8002526338679912
8.0, 1.8351686721850284
9.0, 1.8683528231251254
10.0, 1.9056993461530103
11.0, 1.9394130768350468
12.0, 1.9698045887135547
13.0, 2.0053192335105914
14.0, 2.031223051490829
15.0, 2.0577191194015896
16.0, 2.0826779914359115
17.0, 2.1101208823151696
18.0, 2.131520360049622
19.0, 2.1507446819466485
20.0, 2.1699361464676135
21.0, 2.140110399591528
22.0, 2.0990031563573988
23.0, 2.054678368332805
24.0, 2.00670538506272
25.0, 1.9553758292028929
26.0, 1.900841545148105
27.0, 1.8434550656240596
28.0, 1.7834362363654703
29.0, 1.7212563120343927
30.0, 1.6572284940952535
31.0, 1.5919687776200757
32.0, 1.525928645819836
33.0, 1.4599028185644216
34.0, 1.3945419880914305
35.0, 1.3308822006732715
36.0, 1.2698552687909386
37.0, 1.212789832664387
38.0, 1.160926620246667
39.0, 1.115782348003346
40.0, 1.0789038992094129
41.0, 1.0790365519892597
42.0, 0.9703960043055975
43.0, 0.7667527462377107
44.0, 0.7206888162846036
45.0, 0.672036721252514
46.0, 0.6242328447991317
47.0, 0.574074273789003
48.0, 0.5248137859625668
49.0, 0.47508632229680203
50.0, 0.4273823645183025
51.0, 0.3827429951477139
52.0, 0.34388521210666595
53.0, 0.3131079619744063
54.0, 0.2928907953427707
55.0, 0.28546500548144815
56.0, 0.2920716505123987
57.0, 0.3124338465613759
58.0, 0.2884660530193862
59.0, 0.25969488712194505
60.0, 0.2536537722135177
61.0, 0.2808517349322735
62.0, 0.3399693991522003
63.0, 0.41425541839235236
64.0, 0.49116635327114705
65.0, 0.5554156252295266
66.0, 0.6156173975950022
67.0, 0.6750759012350294
68.0, 0.7285164185207733
69.0, 0.7802538328211198
70.0, 0.8305948209932272
71.0, 0.8790471124530724
72.0, 0.9282857871551158
73.0, 0.9847295713366591
74.0, 1.0455462609967126
75.0, 1.11772527385194
76.0, 1.1994661692675241
77.0, 1.2909676832702706
78.0, 1.3876229700084082
79.0, 1.484486307878538
80.0, 1.576991485871134
81.0, 1.6555161625144925
82.0, 1.7201366358444778
83.0, 1.7842083717975297
84.0, 1.8449183931364959
85.0, 1.9042507201616319
86.0, 1.9625495700849795
87.0, 2.020775388049609
88.0, 2.057475881094471
89.0, 2.0981661653640833
90.0, 2.1385352272929476
91.0, 2.1920197800496397
92.0, 2.2845072121405168
93.0, 2.3839432244729664
94.0, 2.4898844965182665
95.0, 2.5960797901941963
96.0, 2.6973631437263736
97.0, 2.787443116378934
98.0, 2.860163184153759
99.0, 2.928761041472119
100.0, 2.995221349546372
101.0, 3.0592939248133617
102.0, 3.1224868124159495
103.0, 3.1846534264202524
104.0, 3.247646938013768
105.0, 3.3165997234049587
106.0, 3.3902600881358373
107.0, 3.475493981883793
108.0, 3.5750982142678196
109.0, 3.658704629537704
110.0, 3.766149703161197
111.0, 3.873940039769438
112.0, 3.975908481718442
113.0, 4.070208311223987
114.0, 4.1475802286762695
115.0, 4.236402355509961
116.0, 4.280788372172563
117.0, 4.346645135427481
118.0, 4.409601359134024
119.0, 4.47290700366628
120.0, 4.53505265332823
121.0, 4.603190771006225
122.0, 4.676771697292742
123.0, 4.753672315974153
124.0, 4.798603917897678
125.0, 4.843247055645057
126.0, 4.887868649634899
127.0, 4.931600094547711
128.0, 4.974729961185456
129.0, 5.01641183060535
130.0, 5.05696188801745
131.0, 5.095564652208647
132.0, 5.132562667065579
133.0, 5.167172329504603
134.0, 5.199766504638271
135.0, 5.229598253853111
136.0, 5.257067622390295
137.0, 5.2814652733241685
138.0, 5.303221552293546
139.0, 5.321663350750599
140.0, 5.337250567730957
141.0, 5.349348910773448
142.0, 5.358450141423519
143.0, 4.661415008556696
144.0, 4.650727124188
145.0, 4.643216707093036
146.0, 4.638082888490171
147.0, 4.636187112217738
148.0, 4.636725792814946
149.0, 4.640515484162608
150.0, 4.646707677065294
151.0, 4.565676297894368
152.0, 4.468461649561299
153.0, 4.379462500024464
154.0, 4.323595891291097
155.0, 4.241434033947608
156.0, 4.160548551869458
157.0, 4.080035644102774
158.0, 3.99923967054601
159.0, 3.9189571215323924
160.0, 3.8383983657248626
161.0, 3.758366668422552
162.0, 3.6780756909455055
163.0, 3.5983288677927145
164.0, 3.5183425339696166
165.0, 3.4389210993139
166.0, 3.3592832525071996
167.0, 3.3712238946356035
168.0, 3.2944963990167007
169.0, 3.2184809113112696
170.0, 3.1424457550599856
171.0, 3.067178168082817
172.0, 2.99195161213069
173.0, 2.9175508482577155
174.0, 2.9335938086297944
175.0, 2.8635381036892826
176.0, 2.7938390798387776
177.0, 2.81345184021169
178.0, 2.8349469081819487
179.0, 2.858745574253888
180.0, 2.8840559824799152
181.0, 2.836853826202275
182.0, 2.810861403462848
183.0, 2.786850991881982
184.0, 2.764492601752618
185.0, 2.7446048027963776
186.0, 2.7267116976933976
187.0, 2.711689734045984
188.0, 2.636030681743202
189.0, 2.623308732831171
190.0, 2.5450461061416054
191.0, 2.467530164426063
192.0, 2.38999941303712
193.0, 2.313278473376556
194.0, 2.2366252718067003
195.0, 2.16087129835157
196.0, 2.0852922343139753
197.0, 2.0107281369797394
198.0, 1.9364789211047406
199.0, 1.8633964699177707
200.0, 1.790813559563068
201.0, 1.7195990504718792
202.0, 1.6491305361822326
203.0, 1.580300956048357
204.0, 1.512549347777324
205.0, 1.4468023555457385
206.0, 1.3825828379373601
207.0, 1.320863067738884
208.0, 1.2612774496826717
209.0, 1.2048554167169465
210.0, 1.1513739763512583
211.0, 1.101920844357805
212.0, 1.0564369308110988
213.0, 1.030417488502659
214.0, 0.9827739417099947
215.0, 0.9404248798878001
216.0, 0.9135281536597406
217.0, 0.8886793917048523
218.0, 0.8656079727781908
219.0, 0.8453392748470783
220.0, 0.8274511642935485
221.0, 0.8130590667364251
222.0, 0.8015763234527737
223.0, 0.7941249259034443
224.0, 0.789933105089562
225.0, 0.7900320762029299
226.0, 0.7934715217762438
227.0, 0.8011195916761601
228.0, 0.8118968476245209
229.0, 0.8119368822827605
230.0, 0.8116682956253438
231.0, 0.8119289351285035
232.0, 0.8116593986400018
233.0, 0.811928124282607
234.0, 0.811658860772248
235.0, 0.8119281538150617
236.0, 0.8116588283194934
237.0, 0.8119281509418783
238.0, 0.811658860772248
239.0, 0.8119281538150617
240.0, 0.8116588283194934
241.0, 0.8119281509418783
242.0, 0.811658860772248
243.0, 0.8323305736439146
244.0, 0.8521995234285606
245.0, 0.874342319583905
246.0, 0.8960524019020144
247.0, 0.9173960084595219
248.0, 0.93906075631172
249.0, 0.9606607905306717
250.0, 0.9828832213483819
251.0, 1.0049386295786429
252.0, 1.0277345032167413
253.0, 1.0502579930074392
254.0, 1.073398437635076
255.0, 1.0960873499182284
256.0, 1.1191912775911967
257.0, 1.141693183682512
258.0, 1.164374350465169
259.0, 1.1862523576910429
260.0, 1.2080900164966173
261.0, 1.2289913405937352
262.0, 1.2496751288144945
263.0, 1.2248097558958706
264.0, 1.1917195547623836
265.0, 1.1569701714429754
266.0, 1.1200833176638425
267.0, 1.0813916289889418
268.0, 1.0407919528019247
269.0, 0.9986587497747847
270.0, 0.9548797343664365
271.0, 0.9099115257072541
272.0, 0.8636510449514384
273.0, 0.8166490660001822
274.0, 0.7688491294064724
275.0, 0.7208832866092879
276.0, 0.6601042404171035
277.0, 0.6134051174771202
278.0, 0.565348106646672
279.0, 0.5200727230037152
280.0, 0.4769745107443174
281.0, 0.44459630413489476
282.0, 0.43282453845593705
ee_box_dist
0.0, 0.6232239761579035
1.0, 0.6726833060951548
2.0, 0.7065915511005647
3.0, 0.7441650696981809
4.0, 0.7806743564667797
5.0, 0.8184332068482472
6.0, 0.8567918062326264
7.0, 0.89334647456689
8.0, 0.9280555665619086
9.0, 0.9599039154602876
10.0, 0.994765097733516
11.0, 1.0254018319758096
12.0, 1.0522546922649154
13.0, 1.0838767257072963
14.0, 1.106111252253677
15.0, 1.1288027264854092
16.0, 1.1498902141715293
17.0, 1.1733549048457974
18.0, 1.191284893714238
19.0, 1.2072355041244598
20.0, 1.223198484758669
21.0, 1.201594611463525
22.0, 1.1719805251189748
23.0, 1.1396012135202942
24.0, 1.10405672060921
25.0, 1.0655190249645847
26.0, 1.0239684446390624
27.0, 0.9795919540733449
28.0, 0.9323623660378084
29.0, 0.8825088270821978
30.0, 0.8299966843307481
31.0, 0.7750950129653523
32.0, 0.7177621261132334
33.0, 0.6583050796101149
34.0, 0.5966776112594177
35.0, 0.5332214452516068
36.0, 0.46789198861822645
37.0, 0.40105320057106475
38.0, 0.33266553964587314
39.0, 0.26312376896679374
40.0, 0.20317149448276717
41.0, 0.08040441421279701
42.0, 0.08272393585876121
43.0, 0.0828723169019557
44.0, 0.08296573585083095
45.0, 0.08299746969811576
46.0, 0.08297519116610928
47.0, 0.0830221330767428
48.0, 0.08298185155426817
49.0, 0.08285803671720327
50.0, 0.08280646911168804
51.0, 0.08305768542433277
52.0, 0.08277362847768813
53.0, 0.08237787161660218
54.0, 0.08272653342629457
55.0, 0.08281051619320172
56.0, 0.08278546204692046
57.0, 0.08287121613821687
58.0, 0.08279028035236122
59.0, 0.08282051957858816
60.0, 0.08280941162528119
61.0, 0.08282118927828859
62.0, 0.08259485806107342
63.0, 0.08202636387231821
64.0, 0.08278816391344834
65.0, 0.08323976790102258
66.0, 0.0829498952288465
67.0, 0.08295517807090402
68.0, 0.082954035971453
69.0, 0.0830014854733867
70.0, 0.08295581791767555
71.0, 0.08277103652699536
72.0, 0.08295527362555818
73.0, 0.08295868004559555
74.0, 0.08296487827261226
75.0, 0.0829626082103343
76.0, 0.08297067599299573
77.0, 0.0829673150098298
78.0, 0.08297699620437403
79.0, 0.08297297339220817
80.0, 0.08298363171558663
81.0, 0.08297931560758716
82.0, 0.08299124035791397
83.0, 0.08298695804389
84.0, 0.08299948691983407
85.0, 0.08299541950636499
86.0, 0.08739230444504284
87.0, 0.12362383744859973
88.0, 0.13541020581596203
89.0, 0.134018704611739
90.0, 0.12951652735935534
91.0, 0.12457013534521566
92.0, 0.123001393877918
93.0, 0.12384057531289902
94.0, 0.12281210400672245
95.0, 0.12382948984892125
96.0, 0.12281045494754032
97.0, 0.12382892979219774
98.0, 0.1228103424687727
99.0, 0.12382909033656485
100.0, 0.1228103602767714
101.0, 0.12382909033656485
102.0, 0.12281029467532237
103.0, 0.12382897085260092
104.0, 0.1228103424687727
105.0, 0.12382909033656485
106.0, 0.12281029467532237
107.0, 0.0918377722370061
108.0, 0.08298099772123368
109.0, 0.12213459563313495
110.0, 0.12277950921158189
111.0, 0.12382603679113298
112.0, 0.08778682708883451
113.0, 0.12007281179629195
114.0, 0.08680748921246684
115.0, 0.08217107415987876
116.0, 0.12090122673051326
117.0, 0.12389299937769427
118.0, 0.12281101202088446
119.0, 0.1238300228373294
120.0, 0.12281056088081709
121.0, 0.12382906081057321
122.0, 0.12281043165970337
123.0, 0.12382897085260092
124.0, 0.1228103602767714
125.0, 0.12382898884418625
126.0, 0.12281043165970337
127.0, 0.12382900683577615
128.0, 0.1228103602767714
129.0, 0.12382900683577615
130.0, 0.12281038386628775
131.0, 0.12382905435338518
132.0, 0.1228103424687727
133.0, 0.12382900683577615
134.0, 0.12281043165970337
135.0, 0.12382900683577615
136.0, 0.122810312483328
137.0, 0.12382909033656485
138.0, 0.12281030030593394
139.0, 0.12382892333498853
140.0, 0.12281029467532237
141.0, 0.12382905435338518
142.0, 0.12281029467532237
143.0, 0.1200574723698421
144.0, 0.1194771918621797
145.0, 0.12008533532810009
146.0, 0.11947852809278568
147.0, 0.12008516947503191
148.0, 0.11947811077916969
149.0, 0.12008453331782172
150.0, 0.11947778329255496
151.0, 0.12008410878050033
152.0, 0.09313095548017226
153.0, 0.07945900452813971
154.0, 0.11857608002628696
155.0, 0.1200802410963796
156.0, 0.11946386947619343
157.0, 0.12008392100516511
158.0, 0.11947764775734128
159.0, 0.12008392103621486
160.0, 0.11947760773321102
161.0, 0.12008382595951571
162.0, 0.11947764775734128
163.0, 0.12008388235679851
164.0, 0.11947749628752097
165.0, 0.12008409022820486
166.0, 0.1194775920345874
167.0, 0.12008387496598447
168.0, 0.11947660454030523
169.0, 0.1200835693807778
170.0, 0.11947695561867087
171.0, 0.12008321034595586
172.0, 0.11947690774505577
173.0, 0.12008321034595586
174.0, 0.11947557708688487
175.0, 0.12008280638677617
176.0, 0.11947599257993025
177.0, 0.12008169977385652
178.0, 0.11947385830910202
179.0, 0.12007969354324385
180.0, 0.11947227949837781
181.0, 0.12007876238045465
182.0, 0.11947301870643993
183.0, 0.1200806631966581
184.0, 0.11947500317492674
185.0, 0.12008257926229518
186.0, 0.11947675823139074
187.0, 0.12008412705310917
188.0, 0.11947745502259932
189.0, 0.12008439722738003
190.0, 0.1194780433804779
191.0, 0.12008495156150392
192.0, 0.11947820827044427
193.0, 0.12008477695039212
194.0, 0.11947820827044427
195.0, 0.1200848564856207
196.0, 0.11947811252375273
197.0, 0.12008465711787764
198.0, 0.11947820827044427
199.0, 0.12008477695039212
200.0, 0.11947820827044427
201.0, 0.12008477695039212
202.0, 0.11947820827044427
203.0, 0.12008477695039212
204.0, 0.11947811252375273
205.0, 0.12008453728571693
206.0, 0.11947811252375273
207.0, 0.12008497631840959
208.0, 0.11947811252375273
209.0, 0.12008507139419795
210.0, 0.11947811252375273
211.0, 0.12008497631840959
212.0, 0.11947811252375273
213.0, 0.1200847205562069
214.0, 0.11947813339945516
215.0, 0.12008474606160288
216.0, 0.11947850048106563
217.0, 0.12008545549974971
218.0, 0.11947877684026069
219.0, 0.12008556092126332
220.0, 0.11947851932971346
221.0, 0.12008523631131952
222.0, 0.11947829927344392
223.0, 0.12008494648536813
224.0, 0.11947830534693706
225.0, 0.12008527895623268
226.0, 0.1194781145447994
227.0, 0.12008484287510238
228.0, 0.11947825291628425
229.0, 0.12371121188688089
230.0, 0.12280218113876581
231.0, 0.12382881936695429
232.0, 0.122811653597949
233.0, 0.12383099838036295
234.0, 0.12281210815483001
235.0, 0.12383086810667944
236.0, 0.12281204731578944
237.0, 0.12383112485653114
238.0, 0.12281239408369318
239.0, 0.12383110877693856
240.0, 0.12281228545038293
241.0, 0.12383107733779442
242.0, 0.12281215594931033
243.0, 0.08383128695341813
244.0, 0.08302847939545668
245.0, 0.08287205122263334
246.0, 0.07950945862375222
247.0, 0.07634368620084145
248.0, 0.07388625680197307
249.0, 0.07111077640149586
250.0, 0.06986258550762382
251.0, 0.06759161867675269
252.0, 0.067227676182226
253.0, 0.06532070076337673
254.0, 0.06538409937837186
255.0, 0.06358806969737116
256.0, 0.06392560217595865
257.0, 0.06213289219204463
258.0, 0.0625714427690192
259.0, 0.060715196698803126
260.0, 0.061197869980144315
261.0, 0.05926532531606697
262.0, 0.059786290047519446
263.0, 0.07970388716277708
264.0, 0.08050948939966085
265.0, 0.08070482844005415
266.0, 0.08103265268828577
267.0, 0.08119075457571638
268.0, 0.08147934848904341
269.0, 0.08160443611340079
270.0, 0.08184583828614417
271.0, 0.08193035329627216
272.0, 0.08211967787934031
273.0, 0.08215694486562264
274.0, 0.08229043398520915
275.0, 0.08227743006877829
276.0, 0.08215421916611021
277.0, 0.08227451511079592
278.0, 0.08230872635226949
279.0, 0.08219160856735234
280.0, 0.08216202705468316
281.0, 0.08220187367254367
282.0, 0.08131456240938305
spot_hold
0, 0
1, 0
2, 0
3, 0
4, 0
5, 0
6, 0
7, 0
8, 0
9, 0
10, 0
11, 0
12, 0
13, 0
14, 0
15, 0
16, 0
17, 0
18, 0
19, 0
20, 0
21, 0
22, 0
23, 0
24, 0
25, 0
26, 0
27, 0
28, 0
29, 0
30, 0
31, 0
32, 0
33, 0
34, 0
35, 0
36, 0
37, 0
38, 0
39, 0
40, 0
41, 1
42, 1
43, 1
44, 1
45, 1
46, 1
47, 1
48, 1
49, 1
50, 1
51, 1
52, 1
53, 1
54, 1
55, 1
56, 1
57, 1
58, 1
59, 1
60, 1
61, 1
62, 1
63, 1
64, 1
65, 1
66, 1
67, 1
68, 1
69, 1
70, 1
71, 1
72, 1
73, 1
74, 1
75, 1
76, 1
77, 1
78, 1
79, 1
80, 1
81, 1
82, 1
83, 1
84, 1
85, 1
86, 1
87, 1
88, 1
89, 1
90, 1
91, 1
92, 1
93, 1
94, 1
95, 1
96, 1
97, 1
98, 1
99, 1
100, 1
101, 1
102, 1
103, 1
104, 1
105, 1
106, 1
107, 1
108, 1
109, 1
110, 1
111, 1
112, 1
113, 1
114, 1
115, 1
116, 1
117, 1
118, 1
119, 1
120, 1
121, 1
122, 1
123, 1
124, 1
125, 1
126, 1
127, 1
128, 1
129, 1
130, 1
131, 1
132, 1
133, 1
134, 1
135, 1
136, 1
137, 1
138, 1
139, 1
140, 1
141, 1
142, 1
143, 1
144, 1
145, 1
146, 1
147, 1
148, 1
149, 1
150, 1
151, 1
152, 1
153, 1
154, 1
155, 1
156, 1
157, 1
158, 1
159, 1
160, 1
161, 1
162, 1
163, 1
164, 1
165, 1
166, 1
167, 1
168, 1
169, 1
170, 1
171, 1
172, 1
173, 1
174, 1
175, 1
176, 1
177, 1
178, 1
179, 1
180, 1
181, 1
182, 1
183, 1
184, 1
185, 1
186, 1
187, 1
188, 1
189, 1
190, 1
191, 1
192, 1
193, 1
194, 1
195, 1
196, 1
197, 1
198, 1
199, 1
200, 1
201, 1
202, 1
203, 1
204, 1
205, 1
206, 1
207, 1
208, 1
209, 1
210, 1
211, 1
212, 1
213, 1
214, 1
215, 1
216, 1
217, 1
218, 1
219, 1
220, 1
221, 1
222, 1
223, 1
224, 1
225, 1
226, 1
227, 1
228, 1
229, 1
230, 1
231, 1
232, 1
233, 1
234, 1
235, 1
236, 1
237, 1
238, 1
239, 1
240, 1
241, 1
242, 1
243, 1
244, 1
245, 1
246, 1
247, 1
248, 1
249, 1
250, 1
251, 1
252, 1
253, 1
254, 1
255, 1
256, 1
257, 1
258, 1
259, 1
260, 1
261, 1
262, 1
263, 1
264, 1
265, 1
266, 1
267, 1
268, 1
269, 1
270, 1
271, 1
272, 1
273, 1
274, 1
275, 1
276, 1
277, 1
278, 1
279, 1
280, 1
281, 1
282, 1
