bot_dist
0.0, 3.3367828852120835
1.0, 3.342232698008742
2.0, 3.347703510147193
3.0, 3.353195218844769
4.0, 3.358707721599712
5.0, 3.3642409161952367
6.0, 3.369794700703492
7.0, 3.375368973489422
8.0, 3.3809636332145407
9.0, 3.3865785788406018
10.0, 3.392213709633183
11.0, 3.3978689251651746
12.0, 3.403544125320178
13.0, 3.409239210295807
14.0, 3.4149540806069107
15.0, 3.420688637088698
16.0, 3.426442780899779
17.0, 3.4322164135251167
18.0, 3.438009436778897
19.0, 3.44382175280731
20.0, 3.4496532640912494
21.0, 3.4555038734489267
22.0, 3.461373484038409
23.0, 3.467261999360069
24.0, 3.473169323258959
25.0, 3.47909535992711
26.0, 3.485040013905741
27.0, 3.491003190087404
28.0, 3.4969847937180503
29.0, 3.502984730399013
30.0, 3.509002906088929
31.0, 3.5150392271055777
32.0, 3.521093600127656
33.0, 3.5271659321964757
34.0, 3.533256130717592
35.0, 3.5393641034623724
36.0, 3.5454897585694827
37.0, 3.5516330045463174
38.0, 3.557793750270362
39.0, 3.5639719049904874
40.0, 3.5701673783281827
41.0, 3.5763800802787253
42.0, 3.5826099212122897
43.0, 3.588856811874991
44.0, 3.5951206633898747
45.0, 3.6014013872578423
46.0, 3.6076988953585216
47.0, 3.6140130999510807
48.0, 3.620343913674979
49.0, 3.626691249550676
50.0, 3.6330550209802706
51.0, 3.6394351417480975
52.0, 3.6458315260212673
53.0, 3.6522440883501566
54.0, 3.658672743668842
55.0, 3.6651174072954964
56.0, 3.671577994932717
57.0, 3.6780544226678287
58.0, 3.6845466069731194
59.0, 3.691054464706043
60.0, 3.6975779131093676
61.0, 3.7041168698112874
62.0, 3.7106712528254837
63.0, 3.717240980551147
64.0, 3.7238259717729547
65.0, 3.730426145661009
66.0, 3.737041421770737
67.0, 3.7436717200427414
68.0, 3.7503169608026248
69.0, 3.7569770647607665
70.0, 3.763651953012067
71.0, 3.7703415470356516
72.0, 3.777045768694546
73.0, 3.783764540235304
74.0, 3.790497784287616
75.0, 3.797245423863869
76.0, 3.804007382358688
77.0, 3.810783583548432
78.0, 3.8175739515906684
79.0, 3.824378411023612
80.0, 3.8311968867655324
81.0, 3.8380293041141385
82.0, 3.844875588745928
83.0, 3.8517356667155083
84.0, 3.8586094644548967
85.0, 3.8654969087727884
86.0, 3.8723979268537976
87.0, 3.879312446257677
88.0, 3.886240394918512
89.0, 3.893181701143884
90.0, 3.9001362936140214
91.0, 3.907104101380916
92.0, 3.9140850538674243
93.0, 3.9210790808663476
94.0, 3.9280861125394813
95.0, 3.9351060794166544
96.0, 3.942138912394745
97.0, 3.949184542736673
98.0, 3.956242902070377
99.0, 3.9633139223877705
100.0, 3.970397536043686
101.0, 3.970397536043686
102.0, 3.970397536043686
103.0, 3.970397536043686
104.0, 3.970397536043686
105.0, 3.970397536043686
106.0, 3.970397536043686
107.0, 3.970397536043686
108.0, 3.970397536043686
109.0, 3.970397536043686
110.0, 3.970397536043686
111.0, 3.970397536043686
112.0, 3.970397536043686
113.0, 3.970397536043686
114.0, 3.970397536043686
115.0, 3.970397536043686
116.0, 3.970397536043686
117.0, 3.970397536043686
118.0, 3.970397536043686
119.0, 3.970397536043686
120.0, 3.970397536043686
121.0, 3.970397536043686
122.0, 3.970397536043686
123.0, 3.970397536043686
124.0, 3.970397536043686
125.0, 3.970397536043686
126.0, 3.970397536043686
127.0, 3.970397536043686
128.0, 3.970397536043686
129.0, 3.970397536043686
130.0, 3.970397536043686
131.0, 3.9633139223877705
132.0, 3.956242902070377
133.0, 3.949184542736673
134.0, 3.942138912394745
135.0, 3.9351060794166544
136.0, 3.9280861125394813
137.0, 3.9210790808663476
138.0, 3.9140850538674243
139.0, 3.907104101380916
140.0, 3.9001362936140214
141.0, 3.893181701143884
142.0, 3.886240394918512
143.0, 3.879312446257677
144.0, 3.8723979268537976
145.0, 3.8654969087727884
146.0, 3.8586094644548967
147.0, 3.8517356667155083
148.0, 3.844875588745928
149.0, 3.8380293041141385
150.0, 3.8311968867655324
151.0, 3.824378411023612
152.0, 3.8175739515906684
153.0, 3.810783583548432
154.0, 3.804007382358688
155.0, 3.797245423863869
156.0, 3.790497784287616
157.0, 3.783764540235304
158.0, 3.777045768694546
159.0, 3.7703415470356516
160.0, 3.763651953012067
161.0, 3.7569770647607665
162.0, 3.7503169608026248
163.0, 3.7436717200427414
164.0, 3.737041421770737
165.0, 3.730426145661009
166.0, 3.7238259717729547
167.0, 3.717240980551147
168.0, 3.7106712528254837
169.0, 3.7041168698112874
170.0, 3.6975779131093676
171.0, 3.691054464706043
172.0, 3.6845466069731194
173.0, 3.6780544226678287
174.0, 3.671577994932717
175.0, 3.6651174072954964
176.0, 3.658672743668842
177.0, 3.6522440883501566
178.0, 3.6458315260212673
179.0, 3.6394351417480975
180.0, 3.6330550209802706
181.0, 3.626691249550676
182.0, 3.620343913674979
183.0, 3.6140130999510807
184.0, 3.6076988953585216
185.0, 3.6014013872578423
186.0, 3.5951206633898747
187.0, 3.588856811874991
188.0, 3.5826099212122897
189.0, 3.5763800802787253
190.0, 3.5701673783281827
191.0, 3.5639719049904874
192.0, 3.557793750270362
193.0, 3.5516330045463174
194.0, 3.5454897585694827
195.0, 3.5393641034623724
196.0, 3.533256130717592
197.0, 3.5271659321964757
198.0, 3.521093600127656
199.0, 3.5150392271055777
200.0, 3.509002906088929
201.0, 3.502984730399013
202.0, 3.4969847937180503
203.0, 3.491003190087404
204.0, 3.485040013905741
205.0, 3.47909535992711
206.0, 3.473169323258959
207.0, 3.467261999360069
208.0, 3.461373484038409
209.0, 3.4555038734489267
210.0, 3.4496532640912494
211.0, 3.44382175280731
212.0, 3.438009436778897
213.0, 3.4322164135251167
214.0, 3.426442780899779
215.0, 3.420688637088698
216.0, 3.4149540806069107
217.0, 3.409239210295807
218.0, 3.403544125320178
219.0, 3.3978689251651746
220.0, 3.392213709633183
221.0, 3.3865785788406018
222.0, 3.3809636332145407
223.0, 3.375368973489422
224.0, 3.369794700703492
225.0, 3.3642409161952367
226.0, 3.358707721599712
227.0, 3.353195218844769
228.0, 3.347703510147193
229.0, 3.342232698008742
230.0, 3.3367828852120835
231.0, 3.3367828852120835
232.0, 3.3367828852120835
233.0, 3.3367828852120835
234.0, 3.3367828852120835
235.0, 3.3367828852120835
236.0, 3.3367828852120835
237.0, 3.3367828852120835
238.0, 3.3367828852120835
239.0, 3.3367828852120835
240.0, 3.3367828852120835
241.0, 3.3367828852120835
242.0, 3.3367828852120835
243.0, 3.3367828852120835
244.0, 3.3367828852120835
245.0, 3.3367828852120835
246.0, 3.3367828852120835
247.0, 3.3367828852120835
248.0, 3.3367828852120835
249.0, 3.3367828852120835
250.0, 3.3367828852120835
251.0, 3.3367828852120835
252.0, 3.3367828852120835
253.0, 3.3367828852120835
254.0, 3.3367828852120835
255.0, 3.3367828852120835
256.0, 3.3367828852120835
257.0, 3.3367828852120835
258.0, 3.3367828852120835
259.0, 3.3367828852120835
260.0, 3.3367828852120835
261.0, 3.342232698008742
262.0, 3.347703510147193
263.0, 3.353195218844769
264.0, 3.358707721599712
265.0, 3.3642409161952367
266.0, 3.369794700703492
267.0, 3.375368973489422
268.0, 3.3809636332145407
269.0, 3.3865785788406018
270.0, 3.392213709633183
271.0, 3.3978689251651746
272.0, 3.403544125320178
273.0, 3.409239210295807
274.0, 3.4149540806069107
275.0, 3.420688637088698
276.0, 3.426442780899779
277.0, 3.4322164135251167
278.0, 3.438009436778897
279.0, 3.44382175280731
280.0, 3.4496532640912494
281.0, 3.4555038734489267
282.0, 3.461373484038409
ee_dist
0.0, 1.5360185380843008
1.0, 1.6031884688857687
2.0, 1.715497384100887
3.0, 1.8097249873215107
4.0, 1.8419716696587234
5.0, 1.8680216956043108
6.0, 1.899440182422948
7.0, 1.933214441204368
8.0, 1.9701790707147298
9.0, 2.0082960786444426
10.0, 2.045343256624135
11.0, 2.0807192568627486
12.0, 2.1182772006192208
13.0, 2.164545774465584
14.0, 2.2027473896883856
15.0, 2.241297077417315
16.0, 2.2760792345828107
17.0, 2.305015220692357
18.0, 2.3307127774529968
19.0, 2.3533637836860586
20.0, 2.3737099736059424
21.0, 2.339042099086149
22.0, 2.2942515819313902
23.0, 2.2457361996085266
24.0, 2.193212570333439
25.0, 2.1370305777149974
26.0, 2.0774044769604854
27.0, 2.014768425198734
28.0, 1.949413078901198
29.0, 1.8819094984876126
30.0, 1.8126553146520574
31.0, 1.742385461078434
32.0, 1.6716517193698188
33.0, 1.6013824238536412
34.0, 1.5323441298241074
35.0, 1.4657086448967744
36.0, 1.4025238357561518
37.0, 1.3442247157088243
38.0, 1.29212514559515
39.0, 1.2477598156519776
40.0, 1.2125313151820039
41.0, 1.2253431622616429
42.0, 1.08484092701586
43.0, 0.7204403890341307
44.0, 0.6734786634325726
45.0, 0.6266687630169876
46.0, 0.5801083834208309
47.0, 0.5339942145991097
48.0, 0.48956851602120005
49.0, 0.4477745209948685
50.0, 0.41058695331690676
51.0, 0.38037110513547556
52.0, 0.35956882228455683
53.0, 0.3498277131550562
54.0, 0.3526170665413958
55.0, 0.36784315830055303
56.0, 0.39448240280967295
57.0, 0.36427975092351655
58.0, 0.3323089212691331
59.0, 0.31531079896379
60.0, 0.3235888213665981
61.0, 0.3620937054013335
62.0, 0.4227650115691615
63.0, 0.4925004884878472
64.0, 0.5569200276687101
65.0, 0.6166502856672248
66.0, 0.6772212843338108
67.0, 0.7313060216256497
68.0, 0.7830548150491415
69.0, 0.8325598620153805
70.0, 0.8809086772824634
71.0, 0.9269432511316029
72.0, 0.9811159980376828
73.0, 1.0392391412788726
74.0, 1.106968029874718
75.0, 1.185633413112021
76.0, 1.2738712598281028
77.0, 1.3679718994244427
78.0, 1.4641647047645032
79.0, 1.5563291042563105
80.0, 1.6378901913417676
81.0, 1.7038641597314657
82.0, 1.7691804590152442
83.0, 1.83068962904926
84.0, 1.8904851067970072
85.0, 1.9488849377020319
86.0, 1.9981791830852185
87.0, 2.0283352630853253
88.0, 2.0661349357351044
89.0, 2.1102644124616994
90.0, 2.167231594271562
91.0, 2.257302770074825
92.0, 2.3532601477791926
93.0, 2.458103167719213
94.0, 2.5627755490507984
95.0, 2.6650429575674126
96.0, 2.75624515005686
97.0, 2.8312074729533436
98.0, 2.8993749101058177
99.0, 2.967754016774994
100.0, 3.0316503471321683
101.0, 3.0953812257717663
102.0, 3.156818805491722
103.0, 3.219063235336309
104.0, 3.286294491296745
105.0, 3.359765374530502
106.0, 3.4361457148193426
107.0, 3.525985666640927
108.0, 3.622698505068344
109.0, 3.728343446129985
110.0, 3.834519666776705
111.0, 3.9384838125214965
112.0, 4.034723446753294
113.0, 4.112279213133831
114.0, 4.179731266230772
115.0, 4.26653541927865
116.0, 4.312895335944841
117.0, 4.376793012418703
118.0, 4.439611056565821
119.0, 4.482496549226399
120.0, 4.523663961378488
121.0, 4.5659955319965055
122.0, 4.605930806766094
123.0, 4.646492858927984
124.0, 4.684187913425021
125.0, 4.722022879954071
126.0, 4.756545092229564
127.0, 4.7907753960013
128.0, 4.8213055812858645
129.0, 4.851170099957782
130.0, 4.877012774155164
131.0, 4.9018696210589265
132.0, 4.922449098886236
133.0, 4.941788075265743
134.0, 4.95665560447249
135.0, 4.970088741138857
136.0, 4.978921789936444
137.0, 4.9861883637641
138.0, 4.988791870745076
139.0, 4.98976233971966
140.0, 4.986069614985959
141.0, 4.9807369537954935
142.0, 4.97080633184215
143.0, 4.407110360654793
144.0, 4.407795418983215
145.0, 4.407110360654793
146.0, 4.407795418983215
147.0, 4.4071101824490775
148.0, 4.407795418983215
149.0, 4.4071101824490775
150.0, 4.407795418983215
151.0, 4.407110360654793
152.0, 4.407795418983215
153.0, 4.407110360654793
154.0, 4.407795418983215
155.0, 4.4071101824490775
156.0, 4.407795418983215
157.0, 4.4071101824490775
158.0, 4.407795418983215
159.0, 4.4071101824490775
160.0, 4.407795418983215
161.0, 4.407110360654793
162.0, 4.407795418983215
163.0, 4.407110360654793
164.0, 4.407795418983215
165.0, 4.4071101824490775
166.0, 4.407795418983215
167.0, 4.4071101824490775
168.0, 4.397060136961559
169.0, 4.4078528392501
170.0, 4.407776502553801
171.0, 4.407248061644554
172.0, 4.407787848449353
173.0, 4.4071182292811635
174.0, 4.407794794880125
175.0, 4.407111428077059
176.0, 4.407795240452785
177.0, 4.407110449455626
178.0, 4.407795418983215
179.0, 4.407110360654793
180.0, 4.407795418983215
181.0, 4.4071101824490775
182.0, 4.407795418983215
183.0, 4.4071101824490775
184.0, 4.407795418983215
185.0, 4.407110360654793
186.0, 4.407795418983215
187.0, 4.407110360654793
188.0, 4.407795418983215
189.0, 4.4071101824490775
190.0, 4.407795418983215
191.0, 4.4071101824490775
192.0, 4.407795418983215
193.0, 4.4065708091684765
194.0, 4.4076083320908666
195.0, 4.407094364740106
196.0, 4.4077966190284945
197.0, 4.407106979579711
198.0, 4.4077956866281935
199.0, 4.40710973753887
200.0, 4.407795418983215
201.0, 4.4071101824490775
202.0, 4.407795418983215
203.0, 4.4071101824490775
204.0, 4.407795418983215
205.0, 4.407110360654793
206.0, 4.407795418983215
207.0, 4.407110360654793
208.0, 4.407795418983215
209.0, 4.407110360654793
210.0, 4.407795418983215
211.0, 4.4071101824490775
212.0, 4.407795418983215
213.0, 4.4071101824490775
214.0, 4.407795418983215
215.0, 4.407110360654793
216.0, 4.407795418983215
217.0, 4.407110360654793
218.0, 4.407795418983215
219.0, 4.4071101824490775
220.0, 4.407795418983215
221.0, 4.4071101824490775
222.0, 4.407795418983215
223.0, 4.407110360654793
224.0, 4.407795418983215
225.0, 4.407110360654793
226.0, 4.407795418983215
227.0, 4.407110360654793
228.0, 4.407795418983215
229.0, 4.4071101824490775
230.0, 4.407795418983215
231.0, 4.4071101824490775
232.0, 4.407795418983215
233.0, 4.407110360654793
234.0, 4.407795418983215
235.0, 4.407110360654793
236.0, 4.407795418983215
237.0, 4.407110360654793
238.0, 4.407795418983215
239.0, 4.4071101824490775
240.0, 4.407795418983215
241.0, 4.4071101824490775
242.0, 4.407795418983215
243.0, 4.411219304533041
244.0, 4.4151358752714875
245.0, 4.420121893054651
246.0, 4.426952390044902
247.0, 4.4348843942414575
248.0, 4.444730167359868
249.0, 4.455681099869748
250.0, 4.468555958635717
251.0, 4.482441336760003
252.0, 4.498152973543604
253.0, 4.514661306327585
254.0, 4.5327905621160935
255.0, 4.551420160301032
256.0, 4.571388587404167
257.0, 4.5915379207719615
258.0, 4.612709955469318
259.0, 4.633760221162658
260.0, 4.655542498426904
261.0, 4.676893813947203
262.0, 4.698705292767813
263.0, 4.668848679872447
264.0, 4.631442849112603
265.0, 4.592974421873138
266.0, 4.553301134152725
267.0, 4.512755169667285
268.0, 4.471595426003704
269.0, 4.43016881181068
270.0, 4.388758775050711
271.0, 4.34774065863083
272.0, 4.307413603470335
273.0, 4.268169444453193
274.0, 4.230318451293517
275.0, 4.194235746120236
276.0, 4.160181955693395
277.0, 4.128476626364251
278.0, 4.099310020692156
279.0, 4.073093669405653
280.0, 4.049957503294653
281.0, 4.030643804234743
282.0, 4.0154188467321905
ee_box_dist
0.0, 0.9076508845127002
1.0, 0.9549464834692687
2.0, 0.9895404964133826
3.0, 1.0199109657936976
4.0, 1.0521298843289224
5.0, 1.0867881319944241
6.0, 1.1219691565728758
7.0, 1.1564962713080804
8.0, 1.1919142349855343
9.0, 1.2281011732214826
10.0, 1.2622293173486248
11.0, 1.2942956180451914
12.0, 1.3283158602978928
13.0, 1.3700756857958571
14.0, 1.404960270375309
15.0, 1.4397644569831776
16.0, 1.4710573697577267
17.0, 1.4969595976641052
18.0, 1.5200837588816396
19.0, 1.5401185067710381
20.0, 1.5580399389205908
21.0, 1.531051412920193
22.0, 1.4964761152304187
23.0, 1.4584812883801606
24.0, 1.4167915913174314
25.0, 1.3716401970468757
26.0, 1.3230775250694224
27.0, 1.271263849175462
28.0, 1.2164932655193956
29.0, 1.1589183401041774
30.0, 1.0988567410989907
31.0, 1.0365620838433036
32.0, 0.9723289908524534
33.0, 0.9068116436871371
34.0, 0.8402854250322676
35.0, 0.7736977747352642
36.0, 0.7076716843955086
37.0, 0.6431242436311034
38.0, 0.5813612540445847
39.0, 0.5245120570162158
40.0, 0.4751249872693756
41.0, 0.48723187944245544
42.0, 0.499448837526637
43.0, 0.5117602845648763
44.0, 0.5243323531274912
45.0, 0.5368201304631898
46.0, 0.5494416322512352
47.0, 0.5620674066268906
48.0, 0.574671825269664
49.0, 0.5872741621056791
50.0, 0.5998604190326504
51.0, 0.6123800475455472
52.0, 0.6248381156243895
53.0, 0.6371437505280506
54.0, 0.6492789228206474
55.0, 0.6611654309580738
56.0, 0.6728032360438987
57.0, 0.6840993064424506
58.0, 0.6951006577988789
59.0, 0.7058100425589231
60.0, 0.7161811293336057
61.0, 0.7263092996257228
62.0, 0.7360620617346788
63.0, 0.7455742225421887
64.0, 0.7547225688350682
65.0, 0.7635816302301545
66.0, 0.7720971990306904
67.0, 0.7803373138290219
68.0, 0.7882529092442462
69.0, 0.7957701376159161
70.0, 0.8030183465637388
71.0, 0.8098867613707628
72.0, 0.816357846577699
73.0, 0.8225298584812147
74.0, 0.8282797246894994
75.0, 0.8336514443174042
76.0, 0.8386613482107029
77.0, 0.8432596586244689
78.0, 0.8474288062794967
79.0, 0.8512245383371649
80.0, 0.8545675687131091
81.0, 0.8574534643692526
82.0, 0.8599682420982581
83.0, 0.8619853250543048
84.0, 0.8635715412638717
85.0, 0.8646962039187027
86.0, 0.8849504201096541
87.0, 0.9285170649533193
88.0, 0.9657046127935316
89.0, 0.9981428008613248
90.0, 1.0225636446378255
91.0, 1.0212077566229303
92.0, 1.0221535024244581
93.0, 1.0212755228699002
94.0, 1.0221428428387678
95.0, 1.0212827849488413
96.0, 1.0221393481752592
97.0, 1.0212840312924039
98.0, 1.0221498945098053
99.0, 1.0212853885212008
100.0, 1.0221799538450764
101.0, 1.0212866347642673
102.0, 1.022159401965211
103.0, 1.0212981262912069
104.0, 1.0221667369800314
105.0, 1.02127523182071
106.0, 1.0221438109748708
107.0, 1.0212944091979783
108.0, 1.0221668184536665
109.0, 1.021259241027734
110.0, 1.0221488090027873
111.0, 1.0213049076923213
112.0, 1.022131789842358
113.0, 1.0212961971180945
114.0, 1.022180313671384
115.0, 1.0011534457199667
116.0, 1.0219016515773274
117.0, 1.0213553128464494
118.0, 1.0221377680108326
119.0, 1.0213815538801434
120.0, 1.0222720027109873
121.0, 1.0213795777380514
122.0, 1.022348659706042
123.0, 1.021476474157272
124.0, 1.0223463198175342
125.0, 1.021512655571356
126.0, 1.0224539797253887
127.0, 1.0215572780902844
128.0, 1.02244674791286
129.0, 1.0216254718794446
130.0, 1.0225127367773217
131.0, 1.0216427099093826
132.0, 1.0224999257165797
133.0, 1.0216404985916208
134.0, 1.0225113956701248
135.0, 1.0216341125982502
136.0, 1.0225222822405484
137.0, 1.0216552074472636
138.0, 1.0226004878540957
139.0, 1.021686499304702
140.0, 1.0226007322525534
141.0, 1.021725591975613
142.0, 1.0226414069513898
143.0, 1.679466626906921
144.0, 1.678554037762084
145.0, 1.6794657475537935
146.0, 1.6785634505332137
147.0, 1.6794708762068977
148.0, 1.678566108758096
149.0, 1.6794721868029667
150.0, 1.6785638728846775
151.0, 1.6794755808903974
152.0, 1.6785728823645758
153.0, 1.6794786343337724
154.0, 1.6785707220013824
155.0, 1.6794822803897087
156.0, 1.6785816254778843
157.0, 1.679485451214888
158.0, 1.6785756113852768
159.0, 1.6794883186496188
160.0, 1.6785859828728962
161.0, 1.6794929193613808
162.0, 1.678584970411725
163.0, 1.6794976620670632
164.0, 1.6785952867440062
165.0, 1.6795011980811476
166.0, 1.6785954763480193
167.0, 1.679508250518821
168.0, 1.6916274636568285
169.0, 1.6785523464265384
170.0, 1.678642800045983
171.0, 1.6793394054281452
172.0, 1.6786169094191505
173.0, 1.6795071941526443
174.0, 1.6786157485877424
175.0, 1.6795192870540503
176.0, 1.6786124187614035
177.0, 1.6795239769998598
178.0, 1.6786218764003524
179.0, 1.6795277207187997
180.0, 1.6786192991001296
181.0, 1.6795314483600334
182.0, 1.6786291506011848
183.0, 1.6795350949520258
184.0, 1.678626332895683
185.0, 1.6795381086328958
186.0, 1.6786365742415934
187.0, 1.6795420466375066
188.0, 1.6786333617168039
189.0, 1.6795455973533107
190.0, 1.6786434391793805
191.0, 1.679548970365521
192.0, 1.6786406174005084
193.0, 1.680193219839946
194.0, 1.6788777440527838
195.0, 1.6795797324575952
196.0, 1.678654125351459
197.0, 1.67956783697169
198.0, 1.6786524548907273
199.0, 1.6795672933214238
200.0, 1.6786645757591827
201.0, 1.6795684126934458
202.0, 1.678662250496469
203.0, 1.6795732087268977
204.0, 1.678669800142048
205.0, 1.6795773508418492
206.0, 1.678668441612212
207.0, 1.6795793332448947
208.0, 1.6786777803628727
209.0, 1.6795833065821077
210.0, 1.678674554413364
211.0, 1.6795873116088462
212.0, 1.6786851401584701
213.0, 1.6795908481571393
214.0, 1.6786819902835368
215.0, 1.6795944817195103
216.0, 1.6786927038535535
217.0, 1.6795979038673614
218.0, 1.6787263818973994
219.0, 1.679636973821631
220.0, 1.6787234280915426
221.0, 1.6796212164575341
222.0, 1.678696552566734
223.0, 1.6796306405957133
224.0, 1.6787263722892232
225.0, 1.6796113812466935
226.0, 1.6787896051406466
227.0, 1.6797238981937332
228.0, 1.6787537480208201
229.0, 1.6796091427987605
230.0, 1.678728917337512
231.0, 1.6796723840737453
232.0, 1.6787668885447529
233.0, 1.6796541253258392
234.0, 1.6787670747422307
235.0, 1.67968457651268
236.0, 1.6787810893817856
237.0, 1.679664442407574
238.0, 1.6787864003174673
239.0, 1.679703164604182
240.0, 1.6788304270333703
241.0, 1.6797330914481292
242.0, 1.6788335368194545
243.0, 1.6763511082764573
244.0, 1.6763385502897972
245.0, 1.6753631005767915
246.0, 1.6726692662415923
247.0, 1.6689673863204362
248.0, 1.6633493297914401
249.0, 1.6565776715893525
250.0, 1.647755288490254
251.0, 1.6377835333979427
252.0, 1.6257237091342738
253.0, 1.6126562318119124
254.0, 1.5976133116692846
255.0, 1.5818843590847802
256.0, 1.564292472018261
257.0, 1.5463023948644214
258.0, 1.5266860335854928
259.0, 1.5069885911786356
260.0, 1.485840201295605
261.0, 1.464884122483096
262.0, 1.4426513622938657
263.0, 1.4858261132293054
264.0, 1.5393157022305348
265.0, 1.5920689217198496
266.0, 1.644310208311223
267.0, 1.6956922165456858
268.0, 1.7459140402435056
269.0, 1.7947112813788435
270.0, 1.8418336252635084
271.0, 1.887058904530182
272.0, 1.9301757710219445
273.0, 1.971000518391809
274.0, 2.0093512140773253
275.0, 2.045076861863631
276.0, 2.078008452178894
277.0, 2.1080225735234968
278.0, 2.1349579731397412
279.0, 2.1587507387905744
280.0, 2.179250652849549
281.0, 2.196499187337304
282.0, 2.210395311729445
spot_hold
0, 0
1, 0
2, 0
3, 0
4, 0
5, 0
6, 0
7, 0
8, 0
9, 0
10, 0
11, 0
12, 0
13, 0
14, 0
15, 0
16, 0
17, 0
18, 0
19, 0
20, 0
21, 0
22, 0
23, 0
24, 0
25, 0
26, 0
27, 0
28, 0
29, 0
30, 0
31, 0
32, 0
33, 0
34, 0
35, 0
36, 0
37, 0
38, 0
39, 0
40, 0
41, 1
42, 1
43, 1
44, 1
45, 1
46, 1
47, 1
48, 1
49, 1
50, 1
51, 1
52, 1
53, 1
54, 1
55, 1
56, 1
57, 1
58, 1
59, 1
60, 1
61, 1
62, 1
63, 1
64, 1
65, 1
66, 1
67, 1
68, 1
69, 1
70, 1
71, 1
72, 1
73, 1
74, 1
75, 1
76, 1
77, 1
78, 1
79, 1
80, 1
81, 1
82, 1
83, 1
84, 1
85, 1
86, 1
87, 1
88, 1
89, 1
90, 1
91, 1
92, 1
93, 1
94, 1
95, 1
96, 1
97, 1
98, 1
99, 1
100, 1
101, 1
102, 1
103, 1
104, 1
105, 1
106, 1
107, 1
108, 1
109, 1
110, 1
111, 1
112, 1
113, 1
114, 1
115, 1
116, 1
117, 1
118, 1
119, 1
120, 1
121, 1
122, 1
123, 1
124, 1
125, 1
126, 1
127, 1
128, 1
129, 1
130, 1
131, 1
132, 1
133, 1
134, 1
135, 1
136, 1
137, 1
138, 1
139, 1
140, 1
141, 1
142, 1
143, 1
144, 1
145, 1
146, 1
147, 1
148, 1
149, 1
150, 1
151, 1
152, 1
153, 1
154, 1
155, 1
156, 1
157, 1
158, 1
159, 1
160, 1
161, 1
162, 1
163, 1
164, 1
165, 1
166, 1
167, 1
168, 1
169, 1
170, 1
171, 1
172, 1
173, 1
174, 1
175, 1
176, 1
177, 1
178, 1
179, 1
180, 1
181, 1
182, 1
183, 1
184, 1
185, 1
186, 1
187, 1
188, 1
189, 1
190, 1
191, 1
192, 1
193, 1
194, 1
195, 1
196, 1
197, 1
198, 1
199, 1
200, 1
201, 1
202, 1
203, 1
204, 1
205, 1
206, 1
207, 1
208, 1
209, 1
210, 1
211, 1
212, 1
213, 1
214, 1
215, 1
216, 1
217, 1
218, 1
219, 1
220, 1
221, 1
222, 1
223, 1
224, 1
225, 1
226, 1
227, 1
228, 1
229, 1
230, 1
231, 1
232, 1
233, 1
234, 1
235, 1
236, 1
237, 1
238, 1
239, 1
240, 1
241, 1
242, 1
243, 1
244, 1
245, 1
246, 1
247, 1
248, 1
249, 1
250, 1
251, 1
252, 1
253, 1
254, 1
255, 1
256, 1
257, 1
258, 1
259, 1
260, 1
261, 1
262, 1
263, 1
264, 1
265, 1
266, 1
267, 1
268, 1
269, 1
270, 1
271, 1
272, 1
273, 1
274, 1
275, 1
276, 1
277, 1
278, 1
279, 1
280, 1
281, 1
282, 1
