bot_dist
0.0, 2.9161923946709445
1.0, 2.9190028913623105
2.0, 2.92184491134998
3.0, 2.924718362738094
4.0, 2.927623152977241
5.0, 2.930559188877574
6.0, 2.9335263766219226
7.0, 2.936524621778895
8.0, 2.939553829315973
9.0, 2.9426139036125845
10.0, 2.945704748473167
11.0, 2.9488262671402024
12.0, 2.951978362307225
13.0, 2.9551609361318136
14.0, 2.9583738902485335
15.0, 2.96161712578186
16.0, 2.9648905433590547
17.0, 2.968194043123001
18.0, 2.9715275247450035
19.0, 2.9748908874375277
20.0, 2.9782840299669036
21.0, 2.9817068506659625
22.0, 2.985159247446632
23.0, 2.988641117812464
24.0, 2.992152358871102
25.0, 2.9956928673466927
26.0, 2.99926253959222
27.0, 3.0028612716017826
28.0, 3.006488959022793
29.0, 3.0101454971681045
30.0, 3.0138307810280676
31.0, 3.017544705282503
32.0, 3.021287164312598
33.0, 3.0250580522127226
34.0, 3.028857262802158
35.0, 3.032684689636743
36.0, 3.036540226020432
37.0, 3.0404237650167616
38.0, 3.044335199460231
39.0, 3.0482744219675837
40.0, 3.0522413249489997
41.0, 3.05623580061919
42.0, 3.0602577410083938
43.0, 3.0643070379732755
44.0, 3.068383583207726
45.0, 3.072487268253555
46.0, 3.07661798451109
47.0, 3.080775623249663
48.0, 3.084960075617996
49.0, 3.089171232654483
50.0, 3.0934089852973563
51.0, 3.0976732243947556
52.0, 3.101963840714678
53.0, 3.1062807249548277
54.0, 3.110623767752347
55.0, 3.1149928596934373
56.0, 3.1193878913228748
57.0, 3.1238087531534036
58.0, 3.1282553356750222
59.0, 3.1327275293641565
60.0, 3.1372252246927115
61.0, 3.1417483121370173
62.0, 3.1462966821866525
63.0, 3.1508702253531573
64.0, 3.1554688321786277
65.0, 3.1600923932441956
66.0, 3.1647407991783902
67.0, 3.1694139406653887
68.0, 3.1741117084531414
69.0, 3.178833880484533
70.0, 3.18358045937462
71.0, 3.1883513361180897
72.0, 3.1931464018047517
73.0, 3.1979655476270827
74.0, 3.20280866488766
75.0, 3.2076756450064727
76.0, 3.2125663795281234
77.0, 3.2174807601289106
78.0, 3.2224186786237943
79.0, 3.2273800269732504
80.0, 3.232364697290008
81.0, 3.2373725818456736
82.0, 3.24240357307724
83.0, 3.247457563593482
84.0, 3.2525344461812393
85.0, 3.25763411381159
86.0, 3.262756459645904
87.0, 3.267901377041794
88.0, 3.2730687595589507
89.0, 3.278258500964866
90.0, 3.283470495240452
91.0, 3.2887046365855483
92.0, 3.293960819424317
93.0, 3.2992389384105363
94.0, 3.3045388884327833
95.0, 3.309860564619513
96.0, 3.315203862344027
97.0, 3.320568677229345
98.0, 3.325954905152963
99.0, 3.3313624422515193
100.0, 3.3367911849253438
101.0, 3.3367911849253438
102.0, 3.3367911849253438
103.0, 3.3367911849253438
104.0, 3.3367911849253438
105.0, 3.3367911849253438
106.0, 3.3367911849253438
107.0, 3.3367911849253438
108.0, 3.3367911849253438
109.0, 3.3367911849253438
110.0, 3.3367911849253438
111.0, 3.3367911849253438
112.0, 3.3367911849253438
113.0, 3.3367911849253438
114.0, 3.3367911849253438
115.0, 3.3367911849253438
116.0, 3.3367911849253438
117.0, 3.3367911849253438
118.0, 3.3367911849253438
119.0, 3.3367911849253438
120.0, 3.3367911849253438
121.0, 3.3367911849253438
122.0, 3.3367911849253438
123.0, 3.3367911849253438
124.0, 3.3367911849253438
125.0, 3.3367911849253438
126.0, 3.3367911849253438
127.0, 3.3367911849253438
128.0, 3.3367911849253438
129.0, 3.3367911849253438
130.0, 3.3367911849253438
131.0, 3.3313624422515193
132.0, 3.325954905152963
133.0, 3.320568677229345
134.0, 3.315203862344027
135.0, 3.309860564619513
136.0, 3.3045388884327833
137.0, 3.2992389384105363
138.0, 3.293960819424317
139.0, 3.2887046365855483
140.0, 3.283470495240452
141.0, 3.278258500964866
142.0, 3.2730687595589507
143.0, 3.272864787047494
144.0, 3.2677276843679697
145.0, 3.262613143431628
146.0, 3.2575212705091094
147.0, 3.2524521720640713
148.0, 3.24740595474724
149.0, 3.2423827253903736
150.0, 3.237382591000098
151.0, 3.1501259147038896
152.0, 3.063020194936851
153.0, 2.9760786344512153
154.0, 2.889316108703047
155.0, 2.802749244458502
156.0, 2.716396747962706
157.0, 2.6302797324809206
158.0, 2.544422107981559
159.0, 2.4588510466879887
160.0, 2.373597541652711
161.0, 2.288697079870738
162.0, 2.2041904570172184
163.0, 2.1201246764258235
164.0, 2.0365544404291187
165.0, 1.9535433464685013
166.0, 1.8711658121847645
167.0, 1.8678244031234097
168.0, 1.7889954933578576
169.0, 1.7113169293298685
170.0, 1.634952426576933
171.0, 1.5600949615107074
172.0, 1.486972154377779
173.0, 1.4158527939235752
174.0, 1.4143436930869144
175.0, 1.3503336043625456
176.0, 1.2895703454802894
177.0, 1.28910424394827
178.0, 1.2887155763565936
179.0, 1.2884044127827843
180.0, 1.2881708093911979
181.0, 1.2570567835533641
182.0, 1.2575861164640223
183.0, 1.2581947117691963
184.0, 1.2588824545128348
185.0, 1.2596492150562895
186.0, 1.2604948491996986
187.0, 1.261419198316481
188.0, 1.2624220895006528
189.0, 1.2635033357266507
190.0, 1.26466273602132
191.0, 1.2659000756477055
192.0, 1.2672151263002587
193.0, 1.2686076463110543
194.0, 1.2700773808665924
195.0, 1.1918201365069232
196.0, 1.1145146502045296
197.0, 1.0383735149744404
198.0, 1.0407549842149784
199.0, 0.9642243276979293
200.0, 0.8890318799096135
201.0, 0.8155478681730534
202.0, 0.7442784959156726
203.0, 0.6759246600755686
204.0, 0.6114649009787426
205.0, 0.5522644444235996
206.0, 0.5001941827280322
207.0, 0.4576941519293362
208.0, 0.427627367459752
209.0, 0.4127201309673354
210.0, 0.41461085372397627
211.0, 0.4330795838649609
212.0, 0.46616006297243456
213.0, 0.5110224995782221
214.0, 0.5648666198801068
215.0, 0.625376938861728
216.0, 0.6908038252305386
217.0, 0.7598783627226232
218.0, 0.8316922022014367
219.0, 0.8371916232542854
220.0, 0.9069306801363926
221.0, 0.9787598379562126
222.0, 1.052251158002395
223.0, 1.0567867224521115
224.0, 1.0613971279121446
225.0, 1.066081403404356
226.0, 1.0708385795181414
227.0, 1.0756676890376689
228.0, 1.0805677675417795
229.0, 1.0855378539766312
230.0, 1.0905769912012322
231.0, 1.0905769912012322
232.0, 1.0905769912012322
233.0, 1.0905769912012322
234.0, 1.0905769912012322
235.0, 1.0905769912012322
236.0, 1.0905769912012322
237.0, 1.0905769912012322
238.0, 1.0905769912012322
239.0, 1.0905769912012322
240.0, 1.0905769912012322
241.0, 1.0905769912012322
242.0, 1.0905769912012322
243.0, 1.0905769912012322
244.0, 1.0905769912012322
245.0, 1.0905769912012322
246.0, 1.0905769912012322
247.0, 1.0905769912012322
248.0, 1.0905769912012322
249.0, 1.0905769912012322
250.0, 1.0905769912012322
251.0, 1.0905769912012322
252.0, 1.0905769912012322
253.0, 1.0905769912012322
254.0, 1.0905769912012322
255.0, 1.0905769912012322
256.0, 1.0905769912012322
257.0, 1.0905769912012322
258.0, 1.0905769912012322
259.0, 1.0905769912012322
260.0, 1.0905769912012322
261.0, 1.0855378539766312
262.0, 1.0805677675417795
263.0, 1.0756676890376689
264.0, 1.0708385795181414
265.0, 1.066081403404356
266.0, 1.0613971279121446
267.0, 1.0567867224521115
268.0, 1.052251158002395
269.0, 1.0477914064541014
270.0, 1.0434084399295058
271.0, 1.0391032300732035
272.0, 1.0348767473165017
273.0, 1.030729960115441
274.0, 1.0266638341629417
275.0, 1.0226793315756924
276.0, 1.0187774100565026
277.0, 1.0149590220329805
278.0, 1.0112251137735015
279.0, 1.0075766244815805
280.0, 1.0040144853698774
281.0, 1.0005396187152016
282.0, 0.9971529368960215
ee_dist
0.0, 1.3588110472873136
1.0, 1.4162518858373905
2.0, 1.5230503778679734
3.0, 1.6144710329783916
4.0, 1.646063531076691
5.0, 1.671867506739248
6.0, 1.7043421246175507
7.0, 1.7381107042263402
8.0, 1.7732254067731155
9.0, 1.8065817948233323
10.0, 1.8440799851490557
11.0, 1.8779106889292467
12.0, 1.908384186483932
13.0, 1.943961713738123
14.0, 1.9699062617120675
15.0, 1.9964263549991097
16.0, 2.021391652162521
17.0, 2.048827193274298
18.0, 2.0702181562079196
19.0, 2.0894279389418573
20.0, 2.108596958449757
21.0, 2.07913669912551
22.0, 2.0385031525454598
23.0, 1.9946577718315037
24.0, 1.9471662329801591
25.0, 1.8963098416256297
26.0, 1.8422284653043828
27.0, 1.7852632949499037
28.0, 1.7256189564616053
29.0, 1.6637509833992765
30.0, 1.5999553067352055
31.0, 1.5348314081700578
32.0, 1.4688099999885103
33.0, 1.4026700736354036
34.0, 1.3370430684858434
35.0, 1.2729574546221554
36.0, 1.2113395015314492
37.0, 1.1535334179114711
38.0, 1.1008056503655579
39.0, 1.0547291654604691
40.0, 1.0168200139843293
41.0, 1.0170712217482432
42.0, 0.9218938610313758
43.0, 0.7929205523786855
44.0, 0.7465747329345567
45.0, 0.6992254725973387
46.0, 0.6507170409445345
47.0, 0.6008774320683263
48.0, 0.5503406825526176
49.0, 0.4992909476990275
50.0, 0.44886404816105185
51.0, 0.40039508050604944
52.0, 0.3555132941642305
53.0, 0.315901639993101
54.0, 0.284616248048675
55.0, 0.2652776109139468
56.0, 0.26174018013412925
57.0, 0.2740576944804879
58.0, 0.256514340238352
59.0, 0.2452348029279592
60.0, 0.26150716372119265
61.0, 0.30850591911486563
62.0, 0.3778956330155501
63.0, 0.457502590253587
64.0, 0.5374621416955991
65.0, 0.6033844625900575
66.0, 0.6634996245555036
67.0, 0.7233510731256795
68.0, 0.7772378661912586
69.0, 0.8294385135183954
70.0, 0.8804525280361193
71.0, 0.9296254228505642
72.0, 0.9802050794544612
73.0, 1.0375529037375573
74.0, 1.0993130099810011
75.0, 1.172355801890139
76.0, 1.2548700219731188
77.0, 1.3470533700053968
78.0, 1.4442542241187146
79.0, 1.5415019225379247
80.0, 1.6342662528388168
81.0, 1.7128739783789002
82.0, 1.7774286807764912
83.0, 1.8413632341119435
84.0, 1.903087796053907
85.0, 1.964964927898232
86.0, 2.0258546410838987
87.0, 2.089809232310017
88.0, 2.1531077053759353
89.0, 2.225744564021908
90.0, 2.279487173641581
91.0, 2.328731758582648
92.0, 2.4215886908503306
93.0, 2.522910591765226
94.0, 2.62871561003451
95.0, 2.7361093497026063
96.0, 2.8367865894411235
97.0, 2.927632190401379
98.0, 2.999449681553795
99.0, 3.0685239886935416
100.0, 3.1340169641737154
101.0, 3.1987734910124366
102.0, 3.261093133430575
103.0, 3.324007156655283
104.0, 3.3864606937921367
105.0, 3.4578671694431575
106.0, 3.5293817393322917
107.0, 3.6107868996505954
108.0, 3.7009660081375464
109.0, 3.8011634974980746
110.0, 3.9066204393745037
111.0, 4.015514707965279
112.0, 4.117819220230888
113.0, 4.213389027079735
114.0, 4.287748655215228
115.0, 4.3560605574148745
116.0, 4.42258713220589
117.0, 4.487530981761086
118.0, 4.549787219473033
119.0, 4.6138238100970765
120.0, 4.675104560927915
121.0, 4.744240087203748
122.0, 4.817160541512054
123.0, 4.861655604083584
124.0, 4.904754676997636
125.0, 4.948755500777386
126.0, 4.990780525874535
127.0, 5.033143091340692
128.0, 5.072994059311844
129.0, 5.112668126356076
130.0, 5.149217113291015
131.0, 5.187711250100961
132.0, 5.2262890103594675
133.0, 5.2574268851239285
134.0, 5.279705672218133
135.0, 5.305833447453753
136.0, 5.3255414900744
137.0, 5.357143192208746
138.0, 5.362411765174452
139.0, 5.378199339571692
140.0, 5.3884266046860265
141.0, 5.396688210070546
142.0, 5.400465817915731
143.0, 4.5547877617955645
144.0, 4.5428542167626125
145.0, 4.531635789984881
146.0, 4.526504870983346
147.0, 4.522169874996709
148.0, 4.524094346751132
149.0, 4.526794709551011
150.0, 4.5357079063691135
151.0, 4.452951567735205
152.0, 4.372963075157558
153.0, 4.290351123294861
154.0, 4.210519099818274
155.0, 4.128075264861708
156.0, 4.048418432563474
157.0, 3.966163470852687
158.0, 3.8867040194091365
159.0, 3.8046623472886045
160.0, 3.7254261605954304
161.0, 3.643626502594807
162.0, 3.564644110678192
163.0, 3.483120691493525
164.0, 3.404428117573179
165.0, 3.323221243161629
166.0, 3.2448622519455803
167.0, 3.257674255931948
168.0, 3.182175856509648
169.0, 3.1044260827931707
170.0, 3.0353634285163733
171.0, 2.9538702620298105
172.0, 2.87851905345066
173.0, 2.8025185204051
174.0, 2.8234573733547785
175.0, 2.7518644951218296
176.0, 2.683387994003885
177.0, 2.705980888993072
178.0, 2.7335278303111408
179.0, 2.7614949359087317
180.0, 2.7935258153108893
181.0, 2.7457712687637987
182.0, 2.7149611127259043
183.0, 2.6844297784734144
184.0, 2.65830460894948
185.0, 2.6326705235774472
186.0, 2.6122763463557397
187.0, 2.592558338280585
188.0, 2.578747227367398
189.0, 2.5657713531186173
190.0, 2.5591512619477004
191.0, 2.5534787321272248
192.0, 2.5543564552534
193.0, 2.5562321353949438
194.0, 2.564579824518151
195.0, 2.483089814042405
196.0, 2.404487945947398
197.0, 2.32345061641281
198.0, 2.336463525811766
199.0, 2.258616544817164
200.0, 2.183820555849838
201.0, 2.107022778865685
202.0, 2.0342464581432615
203.0, 1.9577301084762002
204.0, 1.890091240880125
205.0, 1.818380775035761
206.0, 1.729534043887567
207.0, 1.6882549810656289
208.0, 1.597823913482323
209.0, 1.5317488301320261
210.0, 1.467325405289027
211.0, 1.4014311394264938
212.0, 1.33997546601664
213.0, 1.2788208482580614
214.0, 1.22246111242387
215.0, 1.1672478616160176
216.0, 1.1175083257933074
217.0, 1.0700964802519137
218.0, 1.028976969345402
219.0, 1.0619577548966497
220.0, 1.0334801024138243
221.0, 1.009981891485808
222.0, 0.9938185119965841
223.0, 0.9566019392926918
224.0, 0.9213297959673069
225.0, 0.886346598397963
226.0, 0.8546657331844892
227.0, 0.8236466830048274
228.0, 0.797385490486708
229.0, 0.7722749256083915
230.0, 0.7533747463700448
231.0, 0.7361529696440605
232.0, 0.726356248614572
233.0, 0.7186372492354286
234.0, 0.7190183864729035
235.0, 0.7215738493796813
236.0, 0.7321548057271788
237.0, 0.7446426305001034
238.0, 0.7643672526304978
239.0, 0.7636064406461285
240.0, 0.7644182654188719
241.0, 0.7638037393566613
242.0, 0.7644031774692959
243.0, 0.7993128760974896
244.0, 0.8216722893373255
245.0, 0.8471160812788339
246.0, 0.8751276182096682
247.0, 0.9053949153074456
248.0, 0.9341726604518339
249.0, 0.962108214987429
250.0, 0.9895870512517477
251.0, 1.0164649764871665
252.0, 1.0431205748778496
253.0, 1.0689879817745405
254.0, 1.094690536153867
255.0, 1.1193573757093616
256.0, 1.143814288741602
257.0, 1.167192064833438
258.0, 1.1906567889498119
259.0, 1.2124718924441473
260.0, 1.232821224427079
261.0, 1.253095190484249
262.0, 1.2733365216551933
263.0, 1.2495234481771083
264.0, 1.2165938388046833
265.0, 1.1819589597864133
266.0, 1.1451125170805871
267.0, 1.1063891147067906
268.0, 1.0656964286830894
269.0, 1.0234124250704213
270.0, 0.9794371901078253
271.0, 0.9342319564212156
272.0, 0.8877107211127696
273.0, 0.8404310277878987
274.0, 0.7921996081791974
275.0, 0.7408086347796867
276.0, 0.6870100118741361
277.0, 0.6291168252617344
278.0, 0.5807617808792512
279.0, 0.5355779011988717
280.0, 0.4934922231435557
281.0, 0.4362076574507497
282.0, 0.3925804081842265
ee_box_dist
0.0, 0.6333274056488191
1.0, 0.684307568422185
2.0, 0.7116053307582435
3.0, 0.7512296514207003
4.0, 0.7899349684437161
5.0, 0.8267066291105026
6.0, 0.8649417636392851
7.0, 0.9012393088586839
8.0, 0.935814581011173
9.0, 0.9676082065332926
10.0, 1.002444763975446
11.0, 1.033141402896138
12.0, 1.060115832545572
13.0, 1.091829195071657
14.0, 1.1142299658176211
15.0, 1.137116210598442
16.0, 1.158422757871667
17.0, 1.1820754500372337
18.0, 1.200214630387907
19.0, 1.216369391903105
20.0, 1.2325209701725315
21.0, 1.2109726137588703
22.0, 1.1814235281174246
23.0, 1.1490874260553268
24.0, 1.1135745625549207
25.0, 1.0750566829232144
26.0, 1.03351475016477
27.0, 0.9891516459902271
28.0, 0.9419111826194203
29.0, 0.8920639744867189
30.0, 0.8395368677772314
31.0, 0.7846423790724844
32.0, 0.7273165421272764
33.0, 0.6679118526486828
34.0, 0.6064009675146838
35.0, 0.5431517300067101
36.0, 0.4781707356892846
37.0, 0.41180032984361703
38.0, 0.344111865439244
39.0, 0.27571214608049827
40.0, 0.20710917422489147
41.0, 0.08025332875484693
42.0, 0.08290178898177497
43.0, 0.08302851734740732
44.0, 0.08297739474729585
45.0, 0.08302994199660475
46.0, 0.08298402504132797
47.0, 0.08302951064368329
48.0, 0.08298912201192404
49.0, 0.08302840317149116
50.0, 0.08299336923260715
51.0, 0.08302708859587432
52.0, 0.08299684191596211
53.0, 0.08302514390675948
54.0, 0.08298878090386769
55.0, 0.08309460435697402
56.0, 0.08255266795092678
57.0, 0.08308368774118045
58.0, 0.08282843534110156
59.0, 0.08296154214238148
60.0, 0.08297329149805248
61.0, 0.0829862044625095
62.0, 0.08297617106637768
63.0, 0.08298538302647414
64.0, 0.08297841731281928
65.0, 0.08298492255379028
66.0, 0.08298055966995185
67.0, 0.08298465240309778
68.0, 0.08298308719417952
69.0, 0.08298473342128097
70.0, 0.0829853151766002
71.0, 0.08298504994350238
72.0, 0.08298781440140622
73.0, 0.08298620752416136
74.0, 0.0829909256153108
75.0, 0.08298764434657238
76.0, 0.08299446135033439
77.0, 0.08299000795604876
78.0, 0.08299809450267172
79.0, 0.08299313624322267
80.0, 0.08300254203817645
81.0, 0.08299715411471316
82.0, 0.08300780610302061
83.0, 0.08300249177900532
84.0, 0.08284025964488559
85.0, 0.08236951424359341
86.0, 0.08386346159984329
87.0, 0.08402196373934974
88.0, 0.08363703542701188
89.0, 0.11975221310852402
90.0, 0.1405383534409148
91.0, 0.11396230307164425
92.0, 0.13732427309793255
93.0, 0.1397139606191368
94.0, 0.13870094168882674
95.0, 0.13966007991313648
96.0, 0.1386475644364843
97.0, 0.13960528134110342
98.0, 0.1386090385758205
99.0, 0.13956794927378255
100.0, 0.13858784270044794
101.0, 0.13954693489826875
102.0, 0.13857382564682316
103.0, 0.13953412391925646
104.0, 0.13856532684344727
105.0, 0.13681679277337663
106.0, 0.13803487787077592
107.0, 0.1393952173429719
108.0, 0.1384779357857264
109.0, 0.1394471413402005
110.0, 0.13850848283539202
111.0, 0.13947479615571617
112.0, 0.1385265045151728
113.0, 0.13949136824437647
114.0, 0.13853739437261794
115.0, 0.13950119567532998
116.0, 0.13854379925990656
117.0, 0.13950701516391278
118.0, 0.1385476618193854
119.0, 0.13951065371078794
120.0, 0.1385498965789326
121.0, 0.13951284994352917
122.0, 0.138551381142113
123.0, 0.13951400928280974
124.0, 0.13855221646809104
125.0, 0.13951473594423977
126.0, 0.13855266873138042
127.0, 0.13951512099173274
128.0, 0.1385530147107099
129.0, 0.13951539862847495
130.0, 0.12048597883208748
131.0, 0.11096467373285805
132.0, 0.10290475061035254
133.0, 0.1049052939935914
134.0, 0.10912437053336939
135.0, 0.11093838226253125
136.0, 0.1372408315247506
137.0, 0.10543369006323706
138.0, 0.1377707937164062
139.0, 0.13994579104503685
140.0, 0.13880705816318975
141.0, 0.13976735384296296
142.0, 0.13872039071189804
143.0, 0.1337647803511632
144.0, 0.13437597044662225
145.0, 0.13387042501839444
146.0, 0.1343842777331531
147.0, 0.1338742812493525
148.0, 0.13438872283905426
149.0, 0.13387866073810406
150.0, 0.13439283404695498
151.0, 0.13388047385143462
152.0, 0.13439289113791908
153.0, 0.1338803571695262
154.0, 0.13439285195723355
155.0, 0.1338804938192294
156.0, 0.13439285195723355
157.0, 0.1338804938192294
158.0, 0.13439287154752488
159.0, 0.1338804938192294
160.0, 0.13439287154752488
161.0, 0.1338804938192294
162.0, 0.13439289113791908
163.0, 0.1338805711910177
164.0, 0.13439289113791908
165.0, 0.1338805711910177
166.0, 0.1343929303190162
167.0, 0.13388211246069245
168.0, 0.13439475138308507
169.0, 0.13388206019578938
170.0, 0.08988599327885075
171.0, 0.13427416505556572
172.0, 0.13440005120914364
173.0, 0.1338837200758357
174.0, 0.13439567839909103
175.0, 0.13388341780156346
176.0, 0.13439591347396523
177.0, 0.1338843056263824
178.0, 0.1343973936970593
179.0, 0.1338850201030762
180.0, 0.13439782433605788
181.0, 0.13388534090870857
182.0, 0.13439761823770013
183.0, 0.1338847360086359
184.0, 0.13439661435867423
185.0, 0.1338831701234484
186.0, 0.13439449828271546
187.0, 0.13388035316872693
188.0, 0.13439088188351275
189.0, 0.13387636541741355
190.0, 0.13438656163022192
191.0, 0.13387214862759186
192.0, 0.13438237267860126
193.0, 0.13386876244349036
194.0, 0.1343796879653163
195.0, 0.13386815726192697
196.0, 0.1343797011638574
197.0, 0.13386798649332307
198.0, 0.13437935457482525
199.0, 0.1338676768215142
200.0, 0.1343792344451882
201.0, 0.1338675360606646
202.0, 0.13158485781321397
203.0, 0.13453083979871475
204.0, 0.12478117201683273
205.0, 0.045417996969313916
206.0, 0.07759752714045655
207.0, 0.11671915845929343
208.0, 0.13246691964343502
209.0, 0.13008573134670098
210.0, 0.1343510572258413
211.0, 0.13386631133767507
212.0, 0.13437919195441242
213.0, 0.1338676563554885
214.0, 0.13437939254439835
215.0, 0.13386761219022023
216.0, 0.13437930030353423
217.0, 0.13386747442111455
218.0, 0.13437935892861236
219.0, 0.13386768627289944
220.0, 0.13437974947335382
221.0, 0.13386803830337668
222.0, 0.13437980809855324
223.0, 0.13386770031414943
224.0, 0.13437964913906733
225.0, 0.13386873062812
226.0, 0.1343823497362018
227.0, 0.13387222720770586
228.0, 0.1343867342658661
229.0, 0.13387649619165187
230.0, 0.13439083000750876
231.0, 0.1338804043297821
232.0, 0.1343946246962912
233.0, 0.1338834445469766
234.0, 0.13439676728112246
235.0, 0.13388492551698097
236.0, 0.1343977214227579
237.0, 0.13388539689992954
238.0, 0.13439773954972822
239.0, 0.1388950302997497
240.0, 0.13808635455925766
241.0, 0.13927380559759897
242.0, 0.13839016429251616
243.0, 0.08528441371578699
244.0, 0.08410429886612507
245.0, 0.0840999165503706
246.0, 0.08386476018451433
247.0, 0.08389015066761875
248.0, 0.08011714849840793
249.0, 0.0765517184386163
250.0, 0.07382935711250381
251.0, 0.07075194932843032
252.0, 0.0691647385107546
253.0, 0.06638031252636839
254.0, 0.06550932406960894
255.0, 0.06283946865172732
256.0, 0.06242018061303313
257.0, 0.05981618038080028
258.0, 0.05983098480019914
259.0, 0.057100493681055055
260.0, 0.05664182106661362
261.0, 0.05425037915510053
262.0, 0.05489349231910919
263.0, 0.07928135337843373
264.0, 0.08020984277492173
265.0, 0.08042599744769525
266.0, 0.08078883309083922
267.0, 0.08096685527134978
268.0, 0.08128746073998677
269.0, 0.08143114446881651
270.0, 0.08170131241293888
271.0, 0.08180170562508393
272.0, 0.08201669713100493
273.0, 0.08206884040029475
274.0, 0.08218908187909238
275.0, 0.08230011643860795
276.0, 0.08251313178008679
277.0, 0.08205726441718672
278.0, 0.08229433092220607
279.0, 0.08217070994067599
280.0, 0.08214990558130345
281.0, 0.08140384284114441
282.0, 0.0817030481746222
spot_hold
0, 0
1, 0
2, 0
3, 0
4, 0
5, 0
6, 0
7, 0
8, 0
9, 0
10, 0
11, 0
12, 0
13, 0
14, 0
15, 0
16, 0
17, 0
18, 0
19, 0
20, 0
21, 0
22, 0
23, 0
24, 0
25, 0
26, 0
27, 0
28, 0
29, 0
30, 0
31, 0
32, 0
33, 0
34, 0
35, 0
36, 0
37, 0
38, 0
39, 0
40, 0
41, 1
42, 1
43, 1
44, 1
45, 1
46, 1
47, 1
48, 1
49, 1
50, 1
51, 1
52, 1
53, 1
54, 1
55, 1
56, 1
57, 1
58, 1
59, 1
60, 1
61, 1
62, 1
63, 1
64, 1
65, 1
66, 1
67, 1
68, 1
69, 1
70, 1
71, 1
72, 1
73, 1
74, 1
75, 1
76, 1
77, 1
78, 1
79, 1
80, 1
81, 1
82, 1
83, 1
84, 1
85, 1
86, 1
87, 1
88, 1
89, 1
90, 1
91, 1
92, 1
93, 1
94, 1
95, 1
96, 1
97, 1
98, 1
99, 1
100, 1
101, 1
102, 1
103, 1
104, 1
105, 1
106, 1
107, 1
108, 1
109, 1
110, 1
111, 1
112, 1
113, 1
114, 1
115, 1
116, 1
117, 1
118, 1
119, 1
120, 1
121, 1
122, 1
123, 1
124, 1
125, 1
126, 1
127, 1
128, 1
129, 1
130, 1
131, 1
132, 1
133, 1
134, 1
135, 1
136, 1
137, 1
138, 1
139, 1
140, 1
141, 1
142, 1
143, 1
144, 1
145, 1
146, 1
147, 1
148, 1
149, 1
150, 1
151, 1
152, 1
153, 1
154, 1
155, 1
156, 1
157, 1
158, 1
159, 1
160, 1
161, 1
162, 1
163, 1
164, 1
165, 1
166, 1
167, 1
168, 1
169, 1
170, 1
171, 1
172, 1
173, 1
174, 1
175, 1
176, 1
177, 1
178, 1
179, 1
180, 1
181, 1
182, 1
183, 1
184, 1
185, 1
186, 1
187, 1
188, 1
189, 1
190, 1
191, 1
192, 1
193, 1
194, 1
195, 1
196, 1
197, 1
198, 1
199, 1
200, 1
201, 1
202, 1
203, 1
204, 1
205, 1
206, 1
207, 1
208, 1
209, 1
210, 1
211, 1
212, 1
213, 1
214, 1
215, 1
216, 1
217, 1
218, 1
219, 1
220, 1
221, 1
222, 1
223, 1
224, 1
225, 1
226, 1
227, 1
228, 1
229, 1
230, 1
231, 1
232, 1
233, 1
234, 1
235, 1
236, 1
237, 1
238, 1
239, 1
240, 1
241, 1
242, 1
243, 1
244, 1
245, 1
246, 1
247, 1
248, 1
249, 1
250, 1
251, 1
252, 1
253, 1
254, 1
255, 1
256, 1
257, 1
258, 1
259, 1
260, 1
261, 1
262, 1
263, 1
264, 1
265, 1
266, 1
267, 1
268, 1
269, 1
270, 1
271, 1
272, 1
273, 1
274, 1
275, 1
276, 1
277, 1
278, 1
279, 1
280, 1
281, 1
282, 1
