bot_dist
0.0, 3.6004611217919713
1.0, 3.60675612562949
2.0, 3.613067839055161
3.0, 3.619396174651531
4.0, 3.625741045382044
5.0, 3.63210236459169
6.0, 3.63848004600761
7.0, 3.644874003739645
8.0, 3.651284152280829
9.0, 3.6577104065078365
10.0, 3.6641526816813794
11.0, 3.670610893446552
12.0, 3.6770849578331313
13.0, 3.6835747912558245
14.0, 3.690080310514479
15.0, 3.6966014327942376
16.0, 3.7031380756656525
17.0, 3.709690157084759
18.0, 3.7162575953931007
19.0, 3.722840309317713
20.0, 3.72943821797107
21.0, 3.7360512408509856
22.0, 3.7426792978404757
23.0, 3.7493223092075842
24.0, 3.7559801956051686
25.0, 3.7626528780706465
26.0, 3.769340278025709
27.0, 3.7760423172759947
28.0, 3.7827589180107335
29.0, 3.7894900028023475
30.0, 3.7962354946060266
31.0, 3.8029953167592683
32.0, 3.8097693929813805
33.0, 3.816557647372962
34.0, 3.823360004415343
35.0, 3.8301763889700005
36.0, 3.837006726277944
37.0, 3.84385094195907
38.0, 3.8507089620114896
39.0, 3.8575807128108295
40.0, 3.864466121109505
41.0, 3.871365114035966
42.0, 3.8782776190939203
43.0, 3.885203564161527
44.0, 3.892142877490572
45.0, 3.899095487705613
46.0, 3.9060613238031086
47.0, 3.913040315150515
48.0, 3.9200323914853707
49.0, 3.9270374829143573
50.0, 3.9340555199123295
51.0, 3.9410864333213422
52.0, 3.9481301543496437
53.0, 3.955186614570654
54.0, 3.9622557459219276
55.0, 3.9693374807040938
56.0, 3.9764317515797813
57.0, 3.983538491572524
58.0, 3.9906576340656534
59.0, 3.9977891128011738
60.0, 4.004932861878616
61.0, 4.012088815753885
62.0, 4.01925690923809
63.0, 4.02643707749635
64.0, 4.033629256046609
65.0, 4.040833380758406
66.0, 4.048049387851665
67.0, 4.055277213895445
68.0, 4.062516795806694
69.0, 4.06976807084899
70.0, 4.077030976631262
71.0, 4.084305451106507
72.0, 4.091591432570503
73.0, 4.098888859660491
74.0, 4.106197671353871
75.0, 4.113517806966873
76.0, 4.120849206153228
77.0, 4.128191808902821
78.0, 4.135545555540349
79.0, 4.142910386723959
80.0, 4.15028624344388
81.0, 4.157673067021059
82.0, 4.1650707991057745
83.0, 4.172479381676254
84.0, 4.179898757037284
85.0, 4.187328867818807
86.0, 4.1947696569745245
87.0, 4.202221067780483
88.0, 4.209683043833661
89.0, 4.2171555290505545
90.0, 4.22463846766575
91.0, 4.232131804230501
92.0, 4.239635483611289
93.0, 4.247149450988402
94.0, 4.254673651854482
95.0, 4.262208032013098
96.0, 4.26975253757729
97.0, 4.277307114968129
98.0, 4.284871710913266
99.0, 4.292446272445481
100.0, 4.300030746901233
101.0, 4.300030746901233
102.0, 4.300030746901233
103.0, 4.300030746901233
104.0, 4.300030746901233
105.0, 4.300030746901233
106.0, 4.300030746901233
107.0, 4.300030746901233
108.0, 4.300030746901233
109.0, 4.300030746901233
110.0, 4.300030746901233
111.0, 4.300030746901233
112.0, 4.300030746901233
113.0, 4.300030746901233
114.0, 4.300030746901233
115.0, 4.300030746901233
116.0, 4.300030746901233
117.0, 4.300030746901233
118.0, 4.300030746901233
119.0, 4.300030746901233
120.0, 4.300030746901233
121.0, 4.300030746901233
122.0, 4.300030746901233
123.0, 4.300030746901233
124.0, 4.300030746901233
125.0, 4.300030746901233
126.0, 4.300030746901233
127.0, 4.300030746901233
128.0, 4.300030746901233
129.0, 4.300030746901233
130.0, 4.300030746901233
131.0, 4.292446272445481
132.0, 4.284871710913266
133.0, 4.277307114968129
134.0, 4.26975253757729
135.0, 4.262208032013098
136.0, 4.254673651854482
137.0, 4.247149450988402
138.0, 4.239635483611289
139.0, 4.232131804230501
140.0, 4.22463846766575
141.0, 4.2171555290505545
142.0, 4.209683043833661
143.0, 4.206082073227045
144.0, 4.198637514634712
145.0, 4.1912035922265245
146.0, 4.183780362698981
147.0, 4.1763678830698385
148.0, 4.168966210679501
149.0, 4.161575403192411
150.0, 4.154195518598432
151.0, 4.0646751088711905
152.0, 3.9751703451216027
153.0, 3.88568226860296
154.0, 3.7962121023547364
155.0, 3.706761143278801
156.0, 3.6173308162658335
157.0, 3.5279226903404783
158.0, 3.4385384973066433
159.0, 3.349180153355197
160.0, 3.25984978419631
161.0, 3.1705497544036425
162.0, 3.0812827018144797
163.0, 2.992051578028221
164.0, 2.9028596962976123
165.0, 2.813710788429551
166.0, 2.7246090727274073
167.0, 2.716989445598391
168.0, 2.626804219754004
169.0, 2.5366381274418512
170.0, 2.4464931133590913
171.0, 2.3563715966041325
172.0, 2.2662763803868784
173.0, 2.176210731239897
174.0, 2.1685599852333115
175.0, 2.0779547835507626
176.0, 1.9873846529999804
177.0, 1.9797792962863014
178.0, 1.9721953160492103
179.0, 1.9646329598445442
180.0, 1.9570924783431052
181.0, 1.8708301938361938
182.0, 1.8634287859704721
183.0, 1.8560517412551127
184.0, 1.8486993513460794
185.0, 1.8413719115749607
186.0, 1.8340697209827017
187.0, 1.8267930823529075
188.0, 1.7375747997856525
189.0, 1.7303060606943144
190.0, 1.6424911900965788
191.0, 1.5548386654775919
192.0, 1.4673773759440105
193.0, 1.380143678335502
194.0, 1.2931836311659295
195.0, 1.206556404247425
196.0, 1.120339203542562
197.0, 1.0346345378959745
198.0, 0.9495811943530581
199.0, 0.8653712405549843
200.0, 0.7822770896167761
201.0, 0.700695816704969
202.0, 0.6212237373163729
203.0, 0.5447846893147138
204.0, 0.4728518851258449
205.0, 0.40781683936704954
206.0, 0.35350723517988053
207.0, 0.31551113740507725
208.0, 0.300090506310507
209.0, 0.3106259290170028
210.0, 0.34474591400999144
211.0, 0.3964063273427976
212.0, 0.4597319479395275
213.0, 0.4605279910797769
214.0, 0.5345624190599754
215.0, 0.6124681351463864
216.0, 0.6148578608628135
217.0, 0.6174003248933612
218.0, 0.6200936485004435
219.0, 0.6229358749191488
220.0, 0.6259249757203413
221.0, 0.6290588571972139
222.0, 0.6323353667355244
223.0, 0.635752299130224
224.0, 0.6393074028139453
225.0, 0.6429983859657729
226.0, 0.6468229224718277
227.0, 0.6507786577123851
228.0, 0.6548632141534609
229.0, 0.6590741967240108
230.0, 0.6634091979630138
231.0, 0.6634091979630138
232.0, 0.6634091979630138
233.0, 0.6634091979630138
234.0, 0.6634091979630138
235.0, 0.6634091979630138
236.0, 0.6634091979630138
237.0, 0.6634091979630138
238.0, 0.6634091979630138
239.0, 0.6634091979630138
240.0, 0.6634091979630138
241.0, 0.6634091979630138
242.0, 0.6634091979630138
243.0, 0.6634091979630138
244.0, 0.6634091979630138
245.0, 0.6634091979630138
246.0, 0.6634091979630138
247.0, 0.6634091979630138
248.0, 0.6634091979630138
249.0, 0.6634091979630138
250.0, 0.6634091979630138
251.0, 0.6634091979630138
252.0, 0.6634091979630138
253.0, 0.6634091979630138
254.0, 0.6634091979630138
255.0, 0.6634091979630138
256.0, 0.6634091979630138
257.0, 0.6634091979630138
258.0, 0.6634091979630138
259.0, 0.6634091979630138
260.0, 0.6634091979630138
261.0, 0.6590741967240108
262.0, 0.6548632141534609
263.0, 0.6507786577123851
264.0, 0.6468229224718277
265.0, 0.6429983859657729
266.0, 0.6393074028139453
267.0, 0.635752299130224
268.0, 0.6323353667355244
269.0, 0.6290588571972139
270.0, 0.6259249757203413
271.0, 0.6229358749191488
272.0, 0.6200936485004435
273.0, 0.6174003248933612
274.0, 0.6148578608628135
275.0, 0.6124681351463864
276.0, 0.6102329421566163
277.0, 0.6081539857923143
278.0, 0.606232873403915
279.0, 0.6044711099586038
280.0, 0.6028700924512146
281.0, 0.6014311046065178
282.0, 0.6001553119175292
ee_dist
0.0, 0.8399497832360008
1.0, 0.8313888830139815
2.0, 0.8981146739007011
3.0, 0.9715782732089705
4.0, 0.9954354400535654
5.0, 1.020564574545958
6.0, 1.0547587849186815
7.0, 1.094678081930991
8.0, 1.131080357954121
9.0, 1.1672966200002854
10.0, 1.2027233717338939
11.0, 1.23579715895513
12.0, 1.2673790369683757
13.0, 1.2960868084666057
14.0, 1.3238463100845432
15.0, 1.3485949096291026
16.0, 1.3727646720950153
17.0, 1.3938676536900159
18.0, 1.414894274338711
19.0, 1.43299847519297
20.0, 1.451485678304423
21.0, 1.4291318191626652
22.0, 1.397113081121051
23.0, 1.362259971220274
24.0, 1.3240820518859915
25.0, 1.2827441859498754
26.0, 1.2382325198152877
27.0, 1.190735857105053
28.0, 1.1402550741358704
29.0, 1.0870396866713903
30.0, 1.0311125993462844
31.0, 0.9727938622655773
32.0, 0.9121445585907687
33.0, 0.849571815436696
34.0, 0.7852130022708657
35.0, 0.7196399976778505
36.0, 0.6531919795931312
37.0, 0.5867945202863345
38.0, 0.5212686273341385
39.0, 0.4582350137620268
40.0, 0.39810201249181093
41.0, 0.3992881934335468
42.0, 0.6618982033005695
43.0, 1.2652016083792055
44.0, 1.2284484556911044
45.0, 1.189110563917235
46.0, 1.1478066302068386
47.0, 1.1036927410931892
48.0, 1.0574521632700091
49.0, 1.0086454994685055
50.0, 0.958049153051562
51.0, 0.9059532800266143
52.0, 0.852606611718868
53.0, 0.7980232986368274
54.0, 0.7423223516316667
55.0, 0.6855663640699358
56.0, 0.6285917173252643
57.0, 0.5715222105346734
58.0, 0.629447543302515
59.0, 0.7065148309749263
60.0, 0.792086537628097
61.0, 0.8855617331693352
62.0, 0.9813575742276286
63.0, 1.0743237804395553
64.0, 1.160692805377468
65.0, 1.226945444998995
66.0, 1.282534956618856
67.0, 1.3394427952451275
68.0, 1.3919529400008823
69.0, 1.4441455611475942
70.0, 1.4969478991192502
71.0, 1.548095335308402
72.0, 1.6048584100918595
73.0, 1.6666564004148543
74.0, 1.7332486340109825
75.0, 1.8108189315429255
76.0, 1.897586864655696
77.0, 1.9936011095248594
78.0, 2.0937133888695896
79.0, 2.192669253621441
80.0, 2.2861659345788636
81.0, 2.364235272771906
82.0, 2.4272237124775202
83.0, 2.4889811233049177
84.0, 2.5484315652116187
85.0, 2.6072058278098287
86.0, 2.6656467556869323
87.0, 2.723677243074949
88.0, 2.760843882833576
89.0, 2.80162469103709
90.0, 2.8430928093510985
91.0, 2.8993048578571545
92.0, 2.9957310671535478
93.0, 3.0959988810479793
94.0, 3.2054441963384033
95.0, 3.3114067762484973
96.0, 3.414782870729728
97.0, 3.5031711518149886
98.0, 3.5767201076746766
99.0, 3.6423186827602607
100.0, 3.7094062213638193
101.0, 3.771476887988799
102.0, 3.8360133317784384
103.0, 3.8969470100998653
104.0, 3.9626090267722147
105.0, 4.0308001793391846
106.0, 4.107155169151638
107.0, 4.187024269068095
108.0, 4.2803805205256875
109.0, 4.379115039058685
110.0, 4.487691873458946
111.0, 4.594794579561373
112.0, 4.699685758227998
113.0, 4.792858035216111
114.0, 4.86919241776315
115.0, 4.9149012040461635
116.0, 4.9630224966792875
117.0, 5.006425017361064
118.0, 5.051664408713853
119.0, 5.0916662061828415
120.0, 5.1332006242761725
121.0, 5.1692906577391575
122.0, 5.205149318695689
123.0, 5.235588868422683
124.0, 5.266526442434648
125.0, 5.29110122871325
126.0, 5.315847752502945
127.0, 5.334003499523063
128.0, 5.352085725120932
129.0, 5.363424993200585
130.0, 5.374509012871217
131.0, 5.378772715046874
132.0, 5.382671862951268
133.0, 5.379743025655459
134.0, 5.376411023565906
135.0, 5.366318781163013
136.0, 5.355852276815775
137.0, 5.338762781687703
138.0, 5.321403192592389
139.0, 5.297628699689969
140.0, 5.264484500114494
141.0, 5.262942697411787
142.0, 5.264484500114494
143.0, 4.603930251626339
144.0, 4.5909771837227975
145.0, 4.582368904979528
146.0, 4.574469663517945
147.0, 4.571318502940716
148.0, 4.568861942330591
149.0, 4.571282779291146
150.0, 4.574350099555184
151.0, 4.4930178146092326
152.0, 4.40959625584243
153.0, 4.328335190289087
154.0, 4.244987995923389
155.0, 4.163810417279191
156.0, 4.08054719167187
157.0, 3.9994630235541364
158.0, 3.916294587435286
159.0, 3.835315811859189
160.0, 3.752254898307801
161.0, 3.671395632563134
162.0, 3.5884574288821063
163.0, 3.507734320184812
164.0, 3.4249364945505665
165.0, 3.344369860164308
166.0, 3.261734261366466
167.0, 3.2714409030806357
168.0, 3.1908545232157923
169.0, 3.112592376801605
170.0, 3.0324149745515276
171.0, 2.954600514906125
172.0, 2.874905937596089
173.0, 2.7976155455196037
174.0, 2.8093692396596386
175.0, 2.73541248365323
176.0, 2.659872414317154
177.0, 2.6769507905837164
178.0, 2.694411833349587
179.0, 2.715967956822415
180.0, 2.7377276987756645
181.0, 2.6835174600481366
182.0, 2.6595707217578557
183.0, 2.6393268185018557
184.0, 2.619363027815366
185.0, 2.6036947348730957
186.0, 2.588471962396445
187.0, 2.5779927423249878
188.0, 2.497649836397601
189.0, 2.4896593943526906
190.0, 2.4074420356168944
191.0, 2.3275929281439653
192.0, 2.2457041647033416
193.0, 2.166228589595456
194.0, 2.0847430826088935
195.0, 2.0057312565634224
196.0, 1.924753438058711
197.0, 1.846327354635766
198.0, 1.7659992711962031
199.0, 1.6883266611127294
200.0, 1.6088463587694475
201.0, 1.532163519786435
202.0, 1.4528947903308842
203.0, 1.353947393063957
204.0, 1.2895375449737496
205.0, 1.2179742627022778
206.0, 1.1501028362258425
207.0, 1.0818143557288535
208.0, 1.0089171680214026
209.0, 0.9440147221236439
210.0, 0.8777131937546997
211.0, 0.8162346839655484
212.0, 0.7568671130116783
213.0, 0.7367347078604229
214.0, 0.6757565030596298
215.0, 0.622518610830909
216.0, 0.599101522121909
217.0, 0.580648381017602
218.0, 0.5626190989552399
219.0, 0.5506650703243879
220.0, 0.5396354718075053
221.0, 0.535467355235408
222.0, 0.532565984503706
223.0, 0.536741913487836
224.0, 0.542227428855562
225.0, 0.554338742254854
226.0, 0.5675121952614377
227.0, 0.5863367114711874
228.0, 0.6058255928141691
229.0, 0.6074405138383827
230.0, 0.6056849131055142
231.0, 0.6069350138325993
232.0, 0.6056675144595645
233.0, 0.6074573276119428
234.0, 0.6056836850633056
235.0, 0.607456195700815
236.0, 0.6056833794592119
237.0, 0.607456195700815
238.0, 0.6056833452303007
239.0, 0.607456195700815
240.0, 0.6056833452303007
241.0, 0.607456195700815
242.0, 0.6056833452303007
243.0, 0.6142559416156176
244.0, 0.6267803757047454
245.0, 0.6403629920465552
246.0, 0.6560027722793271
247.0, 0.6728128979763194
248.0, 0.6913118665803365
249.0, 0.7106193881439226
250.0, 0.73129447577309
251.0, 0.7524587935874885
252.0, 0.7746601565549437
253.0, 0.797054975463583
254.0, 0.8201667478370187
255.0, 0.8432267154535433
256.0, 0.8666897642339774
257.0, 0.8898537782903723
258.0, 0.9131216999370183
259.0, 0.9358919686692545
260.0, 0.9585067334799677
261.0, 0.9804835799213946
262.0, 1.002092016823519
263.0, 0.9825610674301272
264.0, 0.9587161029313711
265.0, 0.9338190550672316
266.0, 0.9076432227818279
267.0, 0.8804871032918838
268.0, 0.8522982740992211
269.0, 0.823426125727631
270.0, 0.7938280659937434
271.0, 0.7639240311096528
272.0, 0.7336966196396834
273.0, 0.7036464657748674
274.0, 0.6738058585534753
275.0, 0.6446991779335377
276.0, 0.6164014388882075
277.0, 0.5895546672649993
278.0, 0.5641885602241412
279.0, 0.5411485992461121
280.0, 0.5205674695651571
281.0, 0.503819182990989
282.0, 0.48405159260838293
ee_box_dist
0.0, 0.6470798551661384
1.0, 0.691812143400552
2.0, 0.7222800381215055
3.0, 0.7632354012713919
4.0, 0.7999082906118107
5.0, 0.8397040229240119
6.0, 0.8768990203007508
7.0, 0.9146474649757237
8.0, 0.9476977415421823
9.0, 0.9797962222997456
10.0, 1.0104586199452057
11.0, 1.0410257252324704
12.0, 1.0706364152614052
13.0, 1.0958239413976445
14.0, 1.1202340975139107
15.0, 1.1388606608652503
16.0, 1.1558030677147708
17.0, 1.1725948162318873
18.0, 1.1890974513559318
19.0, 1.1821175368167984
20.0, 1.2152063138343463
21.0, 1.1955284113260778
22.0, 1.160059263860577
23.0, 1.1302726478879117
24.0, 1.094653639997195
25.0, 1.0579605419468043
26.0, 1.0200708081383747
27.0, 0.9763678847965466
28.0, 0.9296938461830475
29.0, 0.8808300561473131
30.0, 0.8294145564892128
31.0, 0.7759558260975458
32.0, 0.7191781140741462
33.0, 0.6600165775093915
34.0, 0.598802313108448
35.0, 0.5357307397941364
36.0, 0.47081339442305303
37.0, 0.40435704747050666
38.0, 0.3363718695193554
39.0, 0.26738446561498724
40.0, 0.20202720443471842
41.0, 0.08141075715717391
42.0, 0.08291352820080397
43.0, 0.08302043861563793
44.0, 0.08296369190207423
45.0, 0.08302037713771925
46.0, 0.0829713095017002
47.0, 0.08301917982200543
48.0, 0.0829776464717552
49.0, 0.08301787897579688
50.0, 0.08298245116241948
51.0, 0.08301647403226883
52.0, 0.08298668938895733
53.0, 0.08301549393592048
54.0, 0.08299013099261417
55.0, 0.08301451640641544
56.0, 0.08299369866925266
57.0, 0.08301343396233744
58.0, 0.08299620679500933
59.0, 0.0830119953375307
60.0, 0.08299797010288167
61.0, 0.0830101389451529
62.0, 0.08299911650494819
63.0, 0.08300789880122258
64.0, 0.08299995061833212
65.0, 0.08300602650777518
66.0, 0.08300056917884815
67.0, 0.08300396371623661
68.0, 0.08300129430944685
69.0, 0.08300226438068405
70.0, 0.08300235233134197
71.0, 0.08300146449031434
72.0, 0.08300356676993503
73.0, 0.08300103224047513
74.0, 0.08300500632753127
75.0, 0.0830012466784728
76.0, 0.08300692685069179
77.0, 0.08300199013393121
78.0, 0.08300951389277551
79.0, 0.0830037708816063
80.0, 0.08301277592947022
81.0, 0.08300668457373515
82.0, 0.08301651818703669
83.0, 0.08301051873751834
84.0, 0.08302142587565668
85.0, 0.08301542734328878
86.0, 0.0882418892668247
87.0, 0.12437433497291484
88.0, 0.13518081388041525
89.0, 0.1334806484615368
90.0, 0.12882117245298141
91.0, 0.11965975728158017
92.0, 0.1188248956174962
93.0, 0.12031746562066867
94.0, 0.11885858377684659
95.0, 0.12030996662089079
96.0, 0.11885894267908474
97.0, 0.12031005516457137
98.0, 0.11885885338014393
99.0, 0.12031005516457137
100.0, 0.11885887309426552
101.0, 0.12031005516457137
102.0, 0.11885885338014393
103.0, 0.12031005516457137
104.0, 0.11885887309426552
105.0, 0.12031005516457137
106.0, 0.11885885338014393
107.0, 0.12031005516457137
108.0, 0.11885882844482219
109.0, 0.12031005516457137
110.0, 0.11885885338014393
111.0, 0.12031005516457137
112.0, 0.11885885338014393
113.0, 0.12031005516457137
114.0, 0.11885887309426552
115.0, 0.12031005516457137
116.0, 0.11885885338014393
117.0, 0.12031005516457137
118.0, 0.11885885338014393
119.0, 0.12031005516457137
120.0, 0.1160512826045853
121.0, 0.11953113118214785
122.0, 0.11884005367471048
123.0, 0.12031377106405555
124.0, 0.11885856171883208
125.0, 0.12030997104106898
126.0, 0.11885878901656842
127.0, 0.12031005516457137
128.0, 0.11885887309426552
129.0, 0.12031005516457137
130.0, 0.11885887309426552
131.0, 0.12031005516457137
132.0, 0.11885887309426552
133.0, 0.12031005516457137
134.0, 0.11885887309426552
135.0, 0.12031005516457137
136.0, 0.11885882844482219
137.0, 0.12031005516457137
138.0, 0.11885882844482219
139.0, 0.12031005516457137
140.0, 0.11885880873069321
141.0, 0.12031005516457137
142.0, 0.11885885338014393
143.0, 0.11579502160524772
144.0, 0.11568589946844132
145.0, 0.11601212643237037
146.0, 0.11571039027811073
147.0, 0.11601474988231157
148.0, 0.1157102956133095
149.0, 0.1160140813211442
150.0, 0.11570965867292081
151.0, 0.11601405997088345
152.0, 0.11571002310207743
153.0, 0.11601395623535055
154.0, 0.11570965521562367
155.0, 0.11601389235646715
156.0, 0.11570965521562367
157.0, 0.11601389235646715
158.0, 0.11570965521562367
159.0, 0.11601389235646715
160.0, 0.11570965521562367
161.0, 0.11601389235646715
162.0, 0.1157097818815501
163.0, 0.1160139635928855
164.0, 0.1157097818815501
165.0, 0.11601365568191278
166.0, 0.11570965521562367
167.0, 0.11601295178953065
168.0, 0.11570940209080477
169.0, 0.11601325726603974
170.0, 0.1157091130549522
171.0, 0.11601318246741513
172.0, 0.11570915839276547
173.0, 0.11601313742900017
174.0, 0.11570851425415125
175.0, 0.11601263259767942
176.0, 0.11570866997183035
177.0, 0.11601145035424419
178.0, 0.11570706203352032
179.0, 0.11600991177960185
180.0, 0.11570527304815616
181.0, 0.11600960435435613
182.0, 0.11570633079164594
183.0, 0.1160105501665267
184.0, 0.11570757626889984
185.0, 0.11601201328041262
186.0, 0.11570918538493954
187.0, 0.11601341592450264
188.0, 0.11570992377885274
189.0, 0.11601376726189525
190.0, 0.11571019035647394
191.0, 0.11601443567468178
192.0, 0.11571036932458373
193.0, 0.1160143906364165
194.0, 0.11571032398684576
195.0, 0.11601455925428694
196.0, 0.11571044741535581
197.0, 0.11601455925428694
198.0, 0.11571044741535581
199.0, 0.11601443567468178
200.0, 0.11571032398684576
201.0, 0.11601464933063851
202.0, 0.11444923571508349
203.0, 0.11221255605557368
204.0, 0.11435701799331681
205.0, 0.11422219046790592
206.0, 0.11601277720177455
207.0, 0.1154956038646483
208.0, 0.11656853930239112
209.0, 0.1158756729261902
210.0, 0.11576508204191019
211.0, 0.11601588006956595
212.0, 0.11571129906873076
213.0, 0.1160144632680507
214.0, 0.11571097681444094
215.0, 0.1160146714992356
216.0, 0.11571072874861225
217.0, 0.11601462140909673
218.0, 0.11571125018998064
219.0, 0.11601541842489664
220.0, 0.11571105475738103
221.0, 0.11601515099844907
222.0, 0.11571131461475556
223.0, 0.11601533865273253
224.0, 0.11571067135428818
225.0, 0.11601481916063258
226.0, 0.1157109789879305
227.0, 0.11601393395456662
228.0, 0.11571020292380495
229.0, 0.12020255838957371
230.0, 0.11886021213710675
231.0, 0.11955574875358489
232.0, 0.11882357941135827
233.0, 0.12031337662643811
234.0, 0.11885993466848661
235.0, 0.120310748274268
236.0, 0.11885956030897614
237.0, 0.1203108368206806
238.0, 0.11885938170645571
239.0, 0.120310748274268
240.0, 0.11885947100768968
241.0, 0.120310748274268
242.0, 0.11885938170645571
243.0, 0.07415941794298384
244.0, 0.07329988281437468
245.0, 0.07216810567438951
246.0, 0.07225802971914481
247.0, 0.0711746433136201
248.0, 0.07143411727317854
249.0, 0.07042489873242389
250.0, 0.07083503135840698
251.0, 0.0698960603786556
252.0, 0.07031136546664167
253.0, 0.06933412398176486
254.0, 0.06979106674543241
255.0, 0.06874494339006314
256.0, 0.06916938315576046
257.0, 0.06802271769362148
258.0, 0.06839304864207887
259.0, 0.06713495121314854
260.0, 0.06745919342680344
261.0, 0.0660997016246423
262.0, 0.06639813788187701
263.0, 0.08002654971299868
264.0, 0.08067429448084058
265.0, 0.08085534553571808
266.0, 0.08116251756571047
267.0, 0.0813095421769524
268.0, 0.08157774970597675
269.0, 0.08169142005294151
270.0, 0.08191567568115939
271.0, 0.08198943914032597
272.0, 0.08216377198643336
273.0, 0.08219225741887135
274.0, 0.08231383680164595
275.0, 0.08229396097093916
276.0, 0.08236309125020318
277.0, 0.08229374596252104
278.0, 0.08231156514287045
279.0, 0.08219287285986825
280.0, 0.08216124612358032
281.0, 0.08199289280589579
282.0, 0.08213210414919671
spot_hold
0, 0
1, 0
2, 0
3, 0
4, 0
5, 0
6, 0
7, 0
8, 0
9, 0
10, 0
11, 0
12, 0
13, 0
14, 0
15, 0
16, 0
17, 0
18, 0
19, 0
20, 0
21, 0
22, 0
23, 0
24, 0
25, 0
26, 0
27, 0
28, 0
29, 0
30, 0
31, 0
32, 0
33, 0
34, 0
35, 0
36, 0
37, 0
38, 0
39, 0
40, 0
41, 1
42, 1
43, 1
44, 1
45, 1
46, 1
47, 1
48, 1
49, 1
50, 1
51, 1
52, 1
53, 1
54, 1
55, 1
56, 1
57, 1
58, 1
59, 1
60, 1
61, 1
62, 1
63, 1
64, 1
65, 1
66, 1
67, 1
68, 1
69, 1
70, 1
71, 1
72, 1
73, 1
74, 1
75, 1
76, 1
77, 1
78, 1
79, 1
80, 1
81, 1
82, 1
83, 1
84, 1
85, 1
86, 1
87, 1
88, 1
89, 1
90, 1
91, 1
92, 1
93, 1
94, 1
95, 1
96, 1
97, 1
98, 1
99, 1
100, 1
101, 1
102, 1
103, 1
104, 1
105, 1
106, 1
107, 1
108, 1
109, 1
110, 1
111, 1
112, 1
113, 1
114, 1
115, 1
116, 1
117, 1
118, 1
119, 1
120, 1
121, 1
122, 1
123, 1
124, 1
125, 1
126, 1
127, 1
128, 1
129, 1
130, 1
131, 1
132, 1
133, 1
134, 1
135, 1
136, 1
137, 1
138, 1
139, 1
140, 1
141, 1
142, 1
143, 1
144, 1
145, 1
146, 1
147, 1
148, 1
149, 1
150, 1
151, 1
152, 1
153, 1
154, 1
155, 1
156, 1
157, 1
158, 1
159, 1
160, 1
161, 1
162, 1
163, 1
164, 1
165, 1
166, 1
167, 1
168, 1
169, 1
170, 1
171, 1
172, 1
173, 1
174, 1
175, 1
176, 1
177, 1
178, 1
179, 1
180, 1
181, 1
182, 1
183, 1
184, 1
185, 1
186, 1
187, 1
188, 1
189, 1
190, 1
191, 1
192, 1
193, 1
194, 1
195, 1
196, 1
197, 1
198, 1
199, 1
200, 1
201, 1
202, 1
203, 1
204, 1
205, 1
206, 1
207, 1
208, 1
209, 1
210, 1
211, 1
212, 1
213, 1
214, 1
215, 1
216, 1
217, 1
218, 1
219, 1
220, 1
221, 1
222, 1
223, 1
224, 1
225, 1
226, 1
227, 1
228, 1
229, 1
230, 1
231, 1
232, 1
233, 1
234, 1
235, 1
236, 1
237, 1
238, 1
239, 1
240, 1
241, 1
242, 1
243, 1
244, 1
245, 1
246, 1
247, 1
248, 1
249, 1
250, 1
251, 1
252, 1
253, 1
254, 1
255, 1
256, 1
257, 1
258, 1
259, 1
260, 1
261, 1
262, 1
263, 1
264, 1
265, 1
266, 1
267, 1
268, 1
269, 1
270, 1
271, 1
272, 1
273, 1
274, 1
275, 1
276, 1
277, 1
278, 1
279, 1
280, 1
281, 1
282, 1
