bot_dist
0.0, 3.8814975902306346
1.0, 3.888429762515415
2.0, 3.895375269814667
3.0, 3.902334040926048
4.0, 3.909306005018702
5.0, 3.916291091632347
6.0, 3.9232892306763465
7.0, 3.9303003524287625
8.0, 3.937324387535378
9.0, 3.944361267008709
10.0, 3.9514109222269957
11.0, 3.958473284933166
12.0, 3.965548287233794
13.0, 3.9726358615980293
14.0, 3.979735940856514
15.0, 3.986848458200283
16.0, 3.993973347179648
17.0, 4.001110541703061
18.0, 4.008259976035967
19.0, 4.015421584799642
20.0, 4.022595302970014
21.0, 4.0297810658764694
22.0, 4.036978809200651
23.0, 4.044188468975234
24.0, 4.051409981582698
25.0, 4.0586432837540825
26.0, 4.065888312567729
27.0, 4.073145005448016
28.0, 4.0804133001640785
29.0, 4.087693134828522
30.0, 4.094984447896119
31.0, 4.102287178162502
32.0, 4.109601264762846
33.0, 4.116926647170536
34.0, 4.124263265195834
35.0, 4.131611058984535
36.0, 4.138969969016609
37.0, 4.146339936104843
38.0, 4.1537209013934735
39.0, 4.161112806356809
40.0, 4.168515592797848
41.0, 4.175929202846893
42.0, 4.183353578960151
43.0, 4.190788663918339
44.0, 4.198234400825273
45.0, 4.205690733106459
46.0, 4.213157604507679
47.0, 4.220634959093568
48.0, 4.228122741246185
49.0, 4.235620895663597
50.0, 4.2431293673584305
51.0, 4.250648101656446
52.0, 4.258177044195095
53.0, 4.265716140922075
54.0, 4.273265338093892
55.0, 4.280824582274404
56.0, 4.288393820333375
57.0, 4.295972999445021
58.0, 4.303562067086561
59.0, 4.311160971036757
60.0, 4.318769659374456
61.0, 4.326388080477138
62.0, 4.33401618301945
63.0, 4.341653915971752
64.0, 4.349301228598651
65.0, 4.356958070457547
66.0, 4.364624391397168
67.0, 4.372300141556111
68.0, 4.3799852713613765
69.0, 4.3876797315269185
70.0, 4.395383473052176
71.0, 4.403096447220616
72.0, 4.410818605598278
73.0, 4.418549900032318
74.0, 4.426290282649546
75.0, 4.434039705854981
76.0, 4.441798122330391
77.0, 4.449565485032844
78.0, 4.4573417471932615
79.0, 4.46512686231497
80.0, 4.47292078417225
81.0, 4.480723466808905
82.0, 4.488534864536806
83.0, 4.496354931934468
84.0, 4.504183623845603
85.0, 4.512020895377695
86.0, 4.519866701900566
87.0, 4.5277209990449485
88.0, 4.535583742701066
89.0, 4.543454889017206
90.0, 4.551334394398311
91.0, 4.559222215504554
92.0, 4.567118309249936
93.0, 4.575022632800877
94.0, 4.582935143574811
95.0, 4.590855799238787
96.0, 4.598784557708076
97.0, 4.606721377144775
98.0, 4.614666215956424
99.0, 4.622619032794617
100.0, 4.630579786553627
101.0, 4.630579786553627
102.0, 4.630579786553627
103.0, 4.630579786553627
104.0, 4.630579786553627
105.0, 4.630579786553627
106.0, 4.630579786553627
107.0, 4.630579786553627
108.0, 4.630579786553627
109.0, 4.630579786553627
110.0, 4.630579786553627
111.0, 4.630579786553627
112.0, 4.630579786553627
113.0, 4.630579786553627
114.0, 4.630579786553627
115.0, 4.630579786553627
116.0, 4.630579786553627
117.0, 4.630579786553627
118.0, 4.630579786553627
119.0, 4.630579786553627
120.0, 4.630579786553627
121.0, 4.630579786553627
122.0, 4.630579786553627
123.0, 4.630579786553627
124.0, 4.630579786553627
125.0, 4.630579786553627
126.0, 4.630579786553627
127.0, 4.630579786553627
128.0, 4.630579786553627
129.0, 4.630579786553627
130.0, 4.630579786553627
131.0, 4.622619032794617
132.0, 4.614666215956424
133.0, 4.606721377144775
134.0, 4.598784557708076
135.0, 4.590855799238787
136.0, 4.582935143574811
137.0, 4.575022632800877
138.0, 4.567118309249936
139.0, 4.559222215504554
140.0, 4.551334394398311
141.0, 4.543454889017206
142.0, 4.535583742701066
143.0, 4.53130466305416
144.0, 4.523456588403748
145.0, 4.5156170192509375
146.0, 4.507785999971903
147.0, 4.499963575203159
148.0, 4.492149789842968
149.0, 4.4843446890527705
150.0, 4.4765483182585974
151.0, 4.387644671494395
152.0, 4.298781092240671
153.0, 4.20996008086332
154.0, 4.121184429220241
155.0, 4.032457133133583
156.0, 3.943781456318333
157.0, 3.855160960786029
158.0, 3.7665995414517917
159.0, 3.6781014656326314
160.0, 3.5896714182555556
161.0, 3.5013145537527297
162.0, 3.413036555814833
163.0, 3.3248437064114684
164.0, 3.236742965780169
165.0, 3.148742065447524
166.0, 3.0608496167956294
167.0, 3.0526782356028574
168.0, 2.9631293826720317
169.0, 2.8736372224125937
170.0, 2.7842070715130895
171.0, 2.694845103440885
172.0, 2.605558333536716
173.0, 2.516354766489303
174.0, 2.508048555910695
175.0, 2.4175678076140303
176.0, 2.327126694786869
177.0, 2.3188044207726026
178.0, 2.310495451113895
179.0, 2.3021999298627325
180.0, 2.2939180029199977
181.0, 2.2041473482217473
182.0, 2.195935733137028
183.0, 2.187739005247582
184.0, 2.1795573325136086
185.0, 2.1713908851159256
186.0, 2.1632398354860563
187.0, 2.155104358336618
188.0, 2.1469846306920233
189.0, 2.138880831919481
190.0, 2.1307931437603016
191.0, 2.1227217503614977
192.0, 2.1146668383076754
193.0, 2.1066285966532186
194.0, 2.0986072169547523
195.0, 2.036613626571115
196.0, 1.9763114238256134
197.0, 1.9178601594172582
198.0, 1.9093653231351477
199.0, 1.8586349804802897
200.0, 1.8103766312439626
201.0, 1.7647930774056202
202.0, 1.722096735952615
203.0, 1.6825074242670648
204.0, 1.6462493129123015
205.0, 1.6135469843267494
206.0, 1.5846205993268416
207.0, 1.5596802620432377
208.0, 1.5389197830357684
209.0, 1.5225101576822861
210.0, 1.5105931830535693
211.0, 1.5032757072291758
212.0, 1.5006250171239095
213.0, 1.5026658094553753
214.0, 1.5093790546478092
215.0, 1.5207029397416618
216.0, 1.5365354904968964
217.0, 1.5567391491391014
218.0, 1.581146364400309
219.0, 1.5721763530668187
220.0, 1.6067509463625944
221.0, 1.6448017620507365
222.0, 1.6860934682178292
223.0, 1.6778002256298308
224.0, 1.6695256842285253
225.0, 1.6612701234574918
226.0, 1.6530338276952306
227.0, 1.6448170863459406
228.0, 1.6366201939316543
229.0, 1.628443450185714
230.0, 1.620287160147592
231.0, 1.620287160147592
232.0, 1.620287160147592
233.0, 1.620287160147592
234.0, 1.620287160147592
235.0, 1.620287160147592
236.0, 1.620287160147592
237.0, 1.620287160147592
238.0, 1.620287160147592
239.0, 1.620287160147592
240.0, 1.620287160147592
241.0, 1.620287160147592
242.0, 1.620287160147592
243.0, 1.620287160147592
244.0, 1.620287160147592
245.0, 1.620287160147592
246.0, 1.620287160147592
247.0, 1.620287160147592
248.0, 1.620287160147592
249.0, 1.620287160147592
250.0, 1.620287160147592
251.0, 1.620287160147592
252.0, 1.620287160147592
253.0, 1.620287160147592
254.0, 1.620287160147592
255.0, 1.620287160147592
256.0, 1.620287160147592
257.0, 1.620287160147592
258.0, 1.620287160147592
259.0, 1.620287160147592
260.0, 1.620287160147592
261.0, 1.628443450185714
262.0, 1.6366201939316543
263.0, 1.6448170863459406
264.0, 1.6530338276952306
265.0, 1.6612701234574918
266.0, 1.6695256842285253
267.0, 1.6778002256298308
268.0, 1.6860934682178292
269.0, 1.6944051373944409
270.0, 1.702734963319028
271.0, 1.7110826808216952
272.0, 1.7194480293179546
273.0, 1.7278307527247472
274.0, 1.7362305993778204
275.0, 1.744647321950455
276.0, 1.753080677373536
277.0, 1.7615304267569567
278.0, 1.7699963353123553
279.0, 1.778478172277163
280.0, 1.7869757108399653
281.0, 1.7954887280671554
282.0, 1.8040170048308732
ee_dist
0.0, 1.1744574830876373
1.0, 1.217701861061344
2.0, 1.316346377450994
3.0, 1.4036742059590113
4.0, 1.4337790423740657
5.0, 1.459444994670331
6.0, 1.4926489105608416
7.0, 1.5262643896945685
8.0, 1.560960101995615
9.0, 1.5947882085917091
10.0, 1.6297241006892371
11.0, 1.6602591691449617
12.0, 1.691078608504626
13.0, 1.7191770840286165
14.0, 1.7466620899106908
15.0, 1.7712512022481937
16.0, 1.795491220458299
17.0, 1.816712613385756
18.0, 1.8380174360485084
19.0, 1.8563988418316995
20.0, 1.8752815776563463
21.0, 1.8486362228578936
22.0, 1.8108334492725893
23.0, 1.7700038049746
24.0, 1.725661530413169
25.0, 1.6780424655370725
26.0, 1.6272314775991006
27.0, 1.5735113202744928
28.0, 1.5170176319499609
29.0, 1.4581316655718264
30.0, 1.3970647573227353
31.0, 1.3343243575029422
32.0, 1.2702378526400147
33.0, 1.2054802310478647
34.0, 1.1405668960278723
35.0, 1.0764322849115386
36.0, 1.0139086869441154
37.0, 0.954313752061736
38.0, 0.8989272558518618
39.0, 0.84946666211039
40.0, 0.8076944929187374
41.0, 0.8215480383353811
42.0, 0.7882618279446785
43.0, 0.905160775431966
44.0, 0.8615952430753819
45.0, 0.8165231695408603
46.0, 0.7696237717549894
47.0, 0.7207437375184969
48.0, 0.6701777414907422
49.0, 0.6178917254491698
50.0, 0.5645989348411999
51.0, 0.5109523429507348
52.0, 0.4575336585777323
53.0, 0.4046791998700164
54.0, 0.3532935114410491
55.0, 0.3046546098370954
56.0, 0.2618795021347181
57.0, 0.228290998514123
58.0, 0.24636940264438872
59.0, 0.2958110910204813
60.0, 0.3624267582894786
61.0, 0.44367832708251614
62.0, 0.5325306521115909
63.0, 0.6224182947609679
64.0, 0.7078484055990413
65.0, 0.7754507124662957
66.0, 0.8346759720057227
67.0, 0.8943904565014056
68.0, 0.9487058006461448
69.0, 1.0019061193306995
70.0, 1.054633877639295
71.0, 1.1055405493890238
72.0, 1.1594818825616398
73.0, 1.2194812595418822
74.0, 1.283954769586514
75.0, 1.35960051528067
76.0, 1.4445446049866388
77.0, 1.5389895785388508
78.0, 1.6380296470408873
79.0, 1.7366513423442462
80.0, 1.8303610686575098
81.0, 1.9094311300427813
82.0, 1.9740093412701467
83.0, 2.0377814154742615
84.0, 2.098614847658401
85.0, 2.1584071157592293
86.0, 2.207279730002963
87.0, 2.23583918949203
88.0, 2.2661280137863025
89.0, 2.3054609619569257
90.0, 2.355716679722425
91.0, 2.4392393698883494
92.0, 2.5310349476613108
93.0, 2.6327288139867386
94.0, 2.738492590594634
95.0, 2.8463711022001115
96.0, 2.9468665461342787
97.0, 3.0380241938406973
98.0, 3.1094539262653496
99.0, 3.1786138837328166
100.0, 3.243709180161381
101.0, 3.3087050801073414
102.0, 3.370789559082663
103.0, 3.4341286699534095
104.0, 3.4965221219691047
105.0, 3.5668300356764155
106.0, 3.639901730814067
107.0, 3.721641339155391
108.0, 3.8117316936930026
109.0, 3.9123462821922197
110.0, 4.017670899651246
111.0, 4.126943188715992
112.0, 4.229036351181868
113.0, 4.32490352111202
114.0, 4.398934988135893
115.0, 4.46808056452718
116.0, 4.5337607218609115
117.0, 4.598691147130193
118.0, 4.660686843565449
119.0, 4.725075994451661
120.0, 4.786179789061317
121.0, 4.828909142152483
122.0, 4.869575038352314
123.0, 4.911569559100185
124.0, 4.95295678004089
125.0, 4.990092808718998
126.0, 5.028267114070985
127.0, 5.0654063153233375
128.0, 5.099442073713584
129.0, 5.13315253705752
130.0, 5.162939104349038
131.0, 5.1922414393876855
132.0, 5.217283107211188
133.0, 5.241531024201777
134.0, 5.261260378717252
135.0, 5.279946423478427
136.0, 5.293922071667694
137.0, 5.306670040654912
138.0, 5.314579253977834
139.0, 5.321139972336439
140.0, 5.32280110246559
141.0, 5.323056884949599
142.0, 5.318417662278034
143.0, 4.6788090005802
144.0, 4.669228179322334
145.0, 4.660301959509276
146.0, 4.655825811229948
147.0, 4.652015445186817
148.0, 4.6527990156096894
149.0, 4.654233312101895
150.0, 4.660252051776712
151.0, 4.577418291961285
152.0, 4.496598967380469
153.0, 4.413877993493613
154.0, 4.3331756175695855
155.0, 4.25058058122639
156.0, 4.170009017512823
157.0, 4.087555165100134
158.0, 4.007130531161067
159.0, 3.9248356388721444
160.0, 3.8445767771725325
161.0, 3.7624616902729087
162.0, 3.682390652309523
163.0, 3.6004800740412213
164.0, 3.520623194493985
165.0, 3.4389462296684297
166.0, 3.3593347634893047
167.0, 3.3680359724035847
168.0, 3.2908526039719774
169.0, 3.212048931127492
170.0, 3.1354030329214373
171.0, 3.0571894811324456
172.0, 2.9811657354816306
173.0, 2.90363777990807
174.0, 2.9182434863732056
175.0, 2.844576631220611
176.0, 2.7732640243639852
177.0, 2.789140556615971
178.0, 2.8088029431144093
179.0, 2.8288859923657648
180.0, 2.8521725103835855
181.0, 2.800005735302223
182.0, 2.7776393144044467
183.0, 2.7556110224582615
184.0, 2.7370178884972876
185.0, 2.7188985442260045
186.0, 2.7047589490438435
187.0, 2.6912170806838134
188.0, 2.6820711142991693
189.0, 2.673624110898052
190.0, 2.6698331322388444
191.0, 2.6668096470342415
192.0, 2.668528610882712
193.0, 2.671045118191522
194.0, 2.6782100543284297
195.0, 2.597817422128422
196.0, 2.519547523569481
197.0, 2.4396873699495556
198.0, 2.4503097255313864
199.0, 2.3737412685312593
200.0, 2.299474393730758
201.0, 2.224032349602514
202.0, 2.150977151911614
203.0, 2.0769081969266696
204.0, 2.0053374810492093
205.0, 1.932959106933338
206.0, 1.8632255907399955
207.0, 1.7929499836650475
208.0, 1.7255133367518924
209.0, 1.6578793270335113
210.0, 1.5933422757370912
211.0, 1.529056966851857
212.0, 1.4682088034373666
213.0, 1.408197152950499
214.0, 1.3520688065196766
215.0, 1.297528348007697
216.0, 1.2474364957447337
217.0, 1.199873023651122
218.0, 1.1574374135962933
219.0, 1.182459068612814
220.0, 1.1516115867929797
221.0, 1.1254465041940955
222.0, 1.1054758356713652
223.0, 1.0774688158776162
224.0, 1.0509056272911632
225.0, 1.0247976419217018
226.0, 1.0010206175986556
227.0, 0.9779154294965945
228.0, 0.9580362592925652
229.0, 0.9390757721355253
230.0, 0.9241800743275445
231.0, 0.9104448782153057
232.0, 0.9014639460046594
233.0, 0.8938253825068478
234.0, 0.8913842455211566
235.0, 0.890358448733554
236.0, 0.8946484167343935
237.0, 0.9002906859288131
238.0, 0.8806299852690711
239.0, 0.8876820616884845
240.0, 0.8970808359520985
241.0, 0.901220431980615
242.0, 0.9011819068416173
243.0, 0.9082679386116318
244.0, 0.920546697576938
245.0, 0.9340139827671149
246.0, 0.9499253920400745
247.0, 0.9669472460792349
248.0, 0.9861861290109455
249.0, 1.0062524713071994
250.0, 1.0282950555590162
251.0, 1.0508779902732692
252.0, 1.0751286369167445
253.0, 1.099604147858912
254.0, 1.125368923139279
255.0, 1.151029257611081
256.0, 1.177571508787294
257.0, 1.2037073238791902
258.0, 1.2303416744721805
259.0, 1.256328480654552
260.0, 1.2825046288030804
261.0, 1.3078121886338054
262.0, 1.3359638290361584
263.0, 1.3057381608204806
264.0, 1.269663414543887
265.0, 1.2315404754470525
266.0, 1.1911555528420454
267.0, 1.1486951131749945
268.0, 1.104187695122874
269.0, 1.0578652760001799
270.0, 1.0097316500584743
271.0, 0.9601156260860505
272.0, 0.9090304317180856
273.0, 0.8568190242727692
274.0, 0.8036138123484587
275.0, 0.7498312340768021
276.0, 0.6938728607404155
277.0, 0.6366105515261955
278.0, 0.5796177953289956
279.0, 0.5314017522244319
280.0, 0.48062214338358006
281.0, 0.43051678779407543
282.0, 0.387903786678082
ee_box_dist
0.0, 0.8364473728484266
1.0, 0.8819561195849663
2.0, 0.9089882955494046
3.0, 0.9409781959294452
4.0, 0.9748037925343715
5.0, 1.010443618426449
6.0, 1.0472674206464618
7.0, 1.0812664728194532
8.0, 1.114127486099457
9.0, 1.145530610366015
10.0, 1.177334395779549
11.0, 1.2048327374875745
12.0, 1.232487482065613
13.0, 1.2576409991249495
14.0, 1.2821663226722453
15.0, 1.3041172819690514
16.0, 1.3257750831795474
17.0, 1.3446942675025697
18.0, 1.363743504038227
19.0, 1.3801490646272707
20.0, 1.3970759761322713
21.0, 1.3737874512450465
22.0, 1.3409906602869077
23.0, 1.3053132134264371
24.0, 1.2663047519902586
25.0, 1.2241500832360521
26.0, 1.178828214289007
27.0, 1.1306033830161022
28.0, 1.079462598045253
29.0, 1.0256693714713596
30.0, 0.9692628060365345
31.0, 0.9105598836341571
32.0, 0.8496619658962213
33.0, 0.7870376747372018
34.0, 0.7228778478334555
35.0, 0.6577515558524877
36.0, 0.5920951603272447
37.0, 0.5266957520705442
38.0, 0.46252324042786763
39.0, 0.40145156245455016
40.0, 0.3461755072154856
41.0, 0.3603545671898594
42.0, 0.374587240694652
43.0, 0.3889057816924264
44.0, 0.40320283161786846
45.0, 0.4175224525591527
46.0, 0.4317764580937533
47.0, 0.44597707816042
48.0, 0.4600823178878191
49.0, 0.474057729275017
50.0, 0.4879380855873073
51.0, 0.5016698980966423
52.0, 0.5152443254613377
53.0, 0.5286232559321488
54.0, 0.5417772006241508
55.0, 0.5546349385674328
56.0, 0.5672241589237786
57.0, 0.5794988474709787
58.0, 0.5914543247607577
59.0, 0.603104337704768
60.0, 0.614410756278413
61.0, 0.6254326639769819
62.0, 0.6360974037352811
63.0, 0.6464635506323182
64.0, 0.6564399807557617
65.0, 0.6661377033792798
66.0, 0.6754702564658787
67.0, 0.6844844798157983
68.0, 0.693130774999974
69.0, 0.7014166743068693
70.0, 0.7093400612519076
71.0, 0.7169051935908515
72.0, 0.7240803814274237
73.0, 0.7308688164280361
74.0, 0.737253338011647
75.0, 0.7432619336440799
76.0, 0.7488567762072796
77.0, 0.7540188504395727
78.0, 0.758757483050681
79.0, 0.7631071095663642
80.0, 0.7669783019828852
81.0, 0.77042665308234
82.0, 0.7734072147441113
83.0, 0.7759040037560309
84.0, 0.7779378939356182
85.0, 0.7794945158584279
86.0, 0.7997075798550335
87.0, 0.8446155708690618
88.0, 0.8837242579371862
89.0, 0.9175266371750322
90.0, 0.9429692728800878
91.0, 0.9414910459174877
92.0, 0.9424799950534034
93.0, 0.9415421632055754
94.0, 0.9424704875972402
95.0, 0.941527609735208
96.0, 0.9424874033819285
97.0, 0.9415437112939407
98.0, 0.9425036576950304
99.0, 0.9415394935482622
100.0, 0.9424980643327818
101.0, 0.9415559530138099
102.0, 0.9425162168461848
103.0, 0.9415534849124273
104.0, 0.9425114842546783
105.0, 0.941571187777055
106.0, 0.9425291821212125
107.0, 0.9415655481048115
108.0, 0.9425166532974859
109.0, 0.941576428833833
110.0, 0.9425362778539879
111.0, 0.941571959884262
112.0, 0.9425340445533062
113.0, 0.9415958001934535
114.0, 0.9425326225257905
115.0, 0.9408416924984115
116.0, 0.9422827004541533
117.0, 0.9415997372159713
118.0, 0.9425517509030876
119.0, 0.9415866640435178
120.0, 0.9425509256078717
121.0, 0.9415928135968442
122.0, 0.9425580796839029
123.0, 0.9416064256053964
124.0, 0.9403678761645277
125.0, 0.9427421831643595
126.0, 0.942490267013333
127.0, 0.9418189933052941
128.0, 0.9425639148424257
129.0, 0.9416158641080388
130.0, 0.9425576691392021
131.0, 0.9416120872713957
132.0, 0.9425655392961032
133.0, 0.9416200613042054
134.0, 0.942577718779524
135.0, 0.9416320599700603
136.0, 0.9425846353783395
137.0, 0.9416155383509064
138.0, 0.9425703300131916
139.0, 0.9416384341505535
140.0, 0.9425779711260427
141.0, 0.9416331480527093
142.0, 0.9425844028179967
143.0, 1.6577945958243216
144.0, 1.650946481008015
145.0, 1.644161181188741
146.0, 1.6338209806108615
147.0, 1.623563084373553
148.0, 1.6098861270533054
149.0, 1.5962578088343133
150.0, 1.5794525138080815
151.0, 1.6462457659262204
152.0, 1.7129647712095553
153.0, 1.7825857193101342
154.0, 1.8517827258123392
155.0, 1.9237133966973492
156.0, 1.9948562938237218
157.0, 2.0686010207599086
158.0, 2.141367421498464
159.0, 2.2165581434793737
160.0, 2.290601359185751
161.0, 2.367006345817022
162.0, 2.442078173285701
163.0, 2.519467531397368
164.0, 2.595452809107195
165.0, 2.6736159698356587
166.0, 2.75033260931457
167.0, 2.7401214997508863
168.0, 2.815090244609219
169.0, 2.892280085108309
170.0, 2.968024131364694
171.0, 3.0459517295607514
172.0, 3.122366383372733
173.0, 3.200919679242896
174.0, 3.188488817178069
175.0, 3.265097151612147
176.0, 3.3402760082285914
177.0, 3.3281992500932343
178.0, 3.3124331716683
179.0, 3.296517080311953
180.0, 3.2772313623961535
181.0, 3.34181733396791
182.0, 3.3591323794492167
183.0, 3.3762829298421058
184.0, 3.3898865351131877
185.0, 3.4033059015143396
186.0, 3.4128913365814153
187.0, 3.4222831807808
188.0, 3.427664836101234
189.0, 3.432831062369215
190.0, 3.4338981355517535
191.0, 3.4347342166561727
192.0, 3.431469540215985
193.0, 3.4279491979711363
194.0, 3.4204199558222745
195.0, 3.5002683632485634
196.0, 3.578476871134829
197.0, 3.6587176606655407
198.0, 3.649650235796105
199.0, 3.7281334150384047
200.0, 3.805053393813504
201.0, 3.8840120416614763
202.0, 3.9613693024992664
203.0, 4.040752352501622
204.0, 4.118496305000255
205.0, 4.1982581954627145
206.0, 4.276346484832765
207.0, 4.356446344602773
208.0, 4.43484559449827
209.0, 4.515242159518973
210.0, 4.593920242206674
211.0, 4.674585432607583
212.0, 4.753512896896815
213.0, 4.834421484513805
214.0, 4.913571715186672
215.0, 4.99470913954154
216.0, 5.074065845515585
217.0, 5.155399239021496
218.0, 5.23494140154809
219.0, 5.228662678879517
220.0, 5.30653840603102
221.0, 5.386396787974322
222.0, 5.464537889694466
223.0, 5.472269454078433
224.0, 5.4758658075371445
225.0, 5.479126426277366
226.0, 5.478157669296071
227.0, 5.476867508926546
228.0, 5.471349683866817
229.0, 5.465540340240891
230.0, 5.455609127195221
231.0, 5.445405088191401
232.0, 5.431286675429765
233.0, 5.416928322372932
234.0, 5.398949240127908
235.0, 5.380766625198988
236.0, 5.359357736379496
237.0, 5.337787203813659
238.0, 5.350018365536646
239.0, 5.345706106508292
240.0, 5.3390515982881075
241.0, 5.337293510835192
242.0, 5.3372795020192125
243.0, 5.334884089391049
244.0, 5.332844603568771
245.0, 5.330216911972331
246.0, 5.3263555978040245
247.0, 5.321877431222659
248.0, 5.316087417016971
249.0, 5.3096372691102705
250.0, 5.301794433583282
251.0, 5.29333679430504
252.0, 5.283570657856228
253.0, 5.273270301435259
254.0, 5.261785394245043
255.0, 5.25000552301246
256.0, 5.2371631061240445
257.0, 5.224198083355217
258.0, 5.210346096716752
259.0, 5.196605568275677
260.0, 5.18213283260556
261.0, 5.167920878241494
262.0, 5.151274984933514
263.0, 5.178878483187412
264.0, 5.212385288195142
265.0, 5.246420595450869
266.0, 5.281045869400066
267.0, 5.315983473671684
268.0, 5.350975451969879
269.0, 5.385686972030095
270.0, 5.419963265574274
271.0, 5.4534003791884755
272.0, 5.485874228644892
273.0, 5.517098333490986
274.0, 5.546853045034697
275.0, 5.574900419278559
276.0, 5.60572320841536
277.0, 5.638857139622232
278.0, 5.667466036250018
279.0, 5.677702125711775
280.0, 5.696299270687133
281.0, 5.717494591757386
282.0, 5.731593502309413
spot_hold
0, 0
1, 0
2, 0
3, 0
4, 0
5, 0
6, 0
7, 0
8, 0
9, 0
10, 0
11, 0
12, 0
13, 0
14, 0
15, 0
16, 0
17, 0
18, 0
19, 0
20, 0
21, 0
22, 0
23, 0
24, 0
25, 0
26, 0
27, 0
28, 0
29, 0
30, 0
31, 0
32, 0
33, 0
34, 0
35, 0
36, 0
37, 0
38, 0
39, 0
40, 0
41, 1
42, 1
43, 1
44, 1
45, 1
46, 1
47, 1
48, 1
49, 1
50, 1
51, 1
52, 1
53, 1
54, 1
55, 1
56, 1
57, 1
58, 1
59, 1
60, 1
61, 1
62, 1
63, 1
64, 1
65, 1
66, 1
67, 1
68, 1
69, 1
70, 1
71, 1
72, 1
73, 1
74, 1
75, 1
76, 1
77, 1
78, 1
79, 1
80, 1
81, 1
82, 1
83, 1
84, 1
85, 1
86, 1
87, 1
88, 1
89, 1
90, 1
91, 1
92, 1
93, 1
94, 1
95, 1
96, 1
97, 1
98, 1
99, 1
100, 1
101, 1
102, 1
103, 1
104, 1
105, 1
106, 1
107, 1
108, 1
109, 1
110, 1
111, 1
112, 1
113, 1
114, 1
115, 1
116, 1
117, 1
118, 1
119, 1
120, 1
121, 1
122, 1
123, 1
124, 1
125, 1
126, 1
127, 1
128, 1
129, 1
130, 1
131, 1
132, 1
133, 1
134, 1
135, 1
136, 1
137, 1
138, 1
139, 1
140, 1
141, 1
142, 1
143, 1
144, 1
145, 1
146, 1
147, 1
148, 1
149, 1
150, 1
151, 1
152, 1
153, 1
154, 1
155, 1
156, 1
157, 1
158, 1
159, 1
160, 1
161, 1
162, 1
163, 1
164, 1
165, 1
166, 1
167, 1
168, 1
169, 1
170, 1
171, 1
172, 1
173, 1
174, 1
175, 1
176, 1
177, 1
178, 1
179, 1
180, 1
181, 1
182, 1
183, 1
184, 1
185, 1
186, 1
187, 1
188, 1
189, 1
190, 1
191, 1
192, 1
193, 1
194, 1
195, 1
196, 1
197, 1
198, 1
199, 1
200, 1
201, 1
202, 1
203, 1
204, 1
205, 1
206, 1
207, 1
208, 1
209, 1
210, 1
211, 1
212, 1
213, 1
214, 1
215, 1
216, 1
217, 1
218, 1
219, 1
220, 1
221, 1
222, 1
223, 1
224, 1
225, 1
226, 1
227, 1
228, 1
229, 1
230, 1
231, 1
232, 1
233, 1
234, 1
235, 1
236, 1
237, 1
238, 1
239, 1
240, 1
241, 1
242, 1
243, 1
244, 1
245, 1
246, 1
247, 1
248, 1
249, 1
250, 1
251, 1
252, 1
253, 1
254, 1
255, 1
256, 1
257, 1
258, 1
259, 1
260, 1
261, 1
262, 1
263, 1
264, 1
265, 1
266, 1
267, 1
268, 1
269, 1
270, 1
271, 1
272, 1
273, 1
274, 1
275, 1
276, 1
277, 1
278, 1
279, 1
280, 1
281, 1
282, 1
