bot_dist
0.0, 3.56928877348766
1.0, 3.5754990405553504
2.0, 3.581726459278814
3.0, 3.587970940350854
4.0, 3.5942323948410686
5.0, 3.6005107341967846
6.0, 3.606805870243934
7.0, 3.6131177151878777
8.0, 3.619446181614166
9.0, 3.6257911824892495
10.0, 3.6321526311611345
11.0, 3.6385304413599786
12.0, 3.6449245271986435
13.0, 3.6513348031731914
14.0, 3.6577611841633244
15.0, 3.6642035854327877
16.0, 3.670661922629709
17.0, 3.6771361117869032
18.0, 3.683626069322117
19.0, 3.6901317120382355
20.0, 3.6966529571234434
21.0, 3.7031897221513366
22.0, 3.7097419250809907
23.0, 3.716309484256992
24.0, 3.722892318409418
25.0, 3.7294903466537845
26.0, 3.736103488490945
27.0, 3.742731663806956
28.0, 3.7493747928728984
29.0, 3.756032796344666
30.0, 3.762705595262709
31.0, 3.7693931110517505
32.0, 3.7760952655204583
33.0, 3.782811980861087
34.0, 3.7895431796490806
35.0, 3.7962887848426496
36.0, 3.8030487197823053
37.0, 3.809822908190368
38.0, 3.816611274170442
39.0, 3.82341374220686
40.0, 3.830230237164097
41.0, 3.8370606842861554
42.0, 3.8439050091959177
43.0, 3.8507631378944787
44.0, 3.857634996760441
45.0, 3.864520512549189
46.0, 3.8714196123921387
47.0, 3.878332223795956
48.0, 3.8852582746417514
49.0, 3.892197693184256
50.0, 3.899150408050967
51.0, 3.9061163482412717
52.0, 3.9130954431255525
53.0, 3.920087622444265
54.0, 3.927092816306998
55.0, 3.9341109551915103
56.0, 3.9411419699427497
57.0, 3.9481857917718495
58.0, 3.9552423522551083
59.0, 3.9623115833329505
60.0, 3.9693934173088654
61.0, 3.9764877868483337
62.0, 3.9835946249777354
63.0, 3.9907138650832357
64.0, 3.997845440909663
65.0, 4.004989286559367
66.0, 4.012145336491061
67.0, 4.019313525518651
68.0, 4.026493788810048
69.0, 4.03368606188597
70.0, 4.040890280618731
71.0, 4.048106381231013
72.0, 4.055334300294625
73.0, 4.062573974729256
74.0, 4.069825341801215
75.0, 4.07708833912215
76.0, 4.084362904647771
77.0, 4.091648976676551
78.0, 4.098946493848426
79.0, 4.106255395143471
80.0, 4.113575619880587
81.0, 4.12090710771616
82.0, 4.128249798642727
83.0, 4.13560363298762
84.0, 4.14296855141161
85.0, 4.150344494907544
86.0, 4.157731404798971
87.0, 4.165129222738765
88.0, 4.172537890707735
89.0, 4.179957351013241
90.0, 4.187387546287783
91.0, 4.194828419487613
92.0, 4.202279913891315
93.0, 4.209741973098398
94.0, 4.217214541027869
95.0, 4.224697561916822
96.0, 4.232190980319003
97.0, 4.239694741103377
98.0, 4.2472087894527
99.0, 4.254733070862077
100.0, 4.262267531137521
101.0, 4.262267531137521
102.0, 4.262267531137521
103.0, 4.262267531137521
104.0, 4.262267531137521
105.0, 4.262267531137521
106.0, 4.262267531137521
107.0, 4.262267531137521
108.0, 4.262267531137521
109.0, 4.262267531137521
110.0, 4.262267531137521
111.0, 4.262267531137521
112.0, 4.262267531137521
113.0, 4.262267531137521
114.0, 4.262267531137521
115.0, 4.262267531137521
116.0, 4.262267531137521
117.0, 4.262267531137521
118.0, 4.262267531137521
119.0, 4.262267531137521
120.0, 4.262267531137521
121.0, 4.262267531137521
122.0, 4.262267531137521
123.0, 4.262267531137521
124.0, 4.262267531137521
125.0, 4.262267531137521
126.0, 4.262267531137521
127.0, 4.262267531137521
128.0, 4.262267531137521
129.0, 4.262267531137521
130.0, 4.262267531137521
131.0, 4.254733070862077
132.0, 4.2472087894527
133.0, 4.239694741103377
134.0, 4.232190980319003
135.0, 4.224697561916822
136.0, 4.217214541027869
137.0, 4.209741973098398
138.0, 4.202279913891315
139.0, 4.194828419487613
140.0, 4.187387546287783
141.0, 4.179957351013241
142.0, 4.172537890707735
143.0, 4.1690245797232
144.0, 4.161633686267378
145.0, 4.154253715245753
146.0, 4.146884724972397
147.0, 4.1395267740895445
148.0, 4.132179921568942
149.0, 4.124844226713217
150.0, 4.1175197491572195
151.0, 4.027947464072527
152.0, 3.9383886121204865
153.0, 3.848844090707809
154.0, 3.7593149672247983
155.0, 3.669802368623171
156.0, 3.580307534337233
157.0, 3.490831830644318
158.0, 3.4013767672774855
159.0, 3.3119440167126006
160.0, 3.222535436644511
161.0, 3.1331530962831584
162.0, 3.04379930724674
163.0, 2.9544766600145285
164.0, 2.865188067138586
165.0, 2.775936814717506
166.0, 2.686726624028295
167.0, 2.6791855890046494
168.0, 2.588972539324463
169.0, 2.4987769043418018
170.0, 2.4086004669548937
171.0, 2.318445467248725
172.0, 2.228314507255311
173.0, 2.1382106269800207
174.0, 2.130657731285077
175.0, 2.040124339739218
176.0, 1.9496333703750175
177.0, 1.9421372252410598
178.0, 1.934663723770301
179.0, 1.9272131293909927
180.0, 1.9197857088070556
181.0, 1.834127247778944
182.0, 1.8268504063065882
183.0, 1.8195994209216653
184.0, 1.812374601960892
185.0, 1.805176263600282
186.0, 1.7980047238862804
187.0, 1.7908603047662353
188.0, 1.783743332118155
189.0, 1.776654135779689
190.0, 1.690253256923853
191.0, 1.6831268264249686
192.0, 1.5992620845018548
193.0, 1.5158505573064107
194.0, 1.4329713902636716
195.0, 1.35072258240149
196.0, 1.2692266858097516
197.0, 1.1886385747572592
198.0, 1.109156138195807
199.0, 1.0310351169872978
200.0, 0.9546098061992091
201.0, 0.8803219568938846
202.0, 0.8087607863604486
203.0, 0.7407169954755798
204.0, 0.677251593785851
205.0, 0.6197726770773996
206.0, 0.570093867082434
207.0, 0.5304114057836873
208.0, 0.5030963104147724
209.0, 0.49411863360191133
210.0, 0.48833057466365226
211.0, 0.49795818141906295
212.0, 0.49061474087119217
213.0, 0.48336662803359115
214.0, 0.47621819563258144
215.0, 0.4691739999457233
216.0, 0.46223880648114984
217.0, 0.45541759499134066
218.0, 0.44871556364450543
219.0, 0.44213813215379416
220.0, 0.4356909436408063
221.0, 0.4293798649859084
222.0, 0.42321098539445795
223.0, 0.41719061288613585
224.0, 0.4113252683954655
225.0, 0.4056216771567125
226.0, 0.40008675703749214
227.0, 0.39472760348455577
228.0, 0.3895514707546034
229.0, 0.38456574912493047
230.0, 0.37977793781563157
231.0, 0.37977793781563157
232.0, 0.37977793781563157
233.0, 0.37977793781563157
234.0, 0.37977793781563157
235.0, 0.37977793781563157
236.0, 0.37977793781563157
237.0, 0.37977793781563157
238.0, 0.37977793781563157
239.0, 0.37977793781563157
240.0, 0.37977793781563157
241.0, 0.37977793781563157
242.0, 0.37977793781563157
243.0, 0.37977793781563157
244.0, 0.37977793781563157
245.0, 0.37977793781563157
246.0, 0.37977793781563157
247.0, 0.37977793781563157
248.0, 0.37977793781563157
249.0, 0.37977793781563157
250.0, 0.37977793781563157
251.0, 0.37977793781563157
252.0, 0.37977793781563157
253.0, 0.37977793781563157
254.0, 0.37977793781563157
255.0, 0.37977793781563157
256.0, 0.37977793781563157
257.0, 0.37977793781563157
258.0, 0.37977793781563157
259.0, 0.37977793781563157
260.0, 0.37977793781563157
261.0, 0.38456574912493047
262.0, 0.3895514707546034
263.0, 0.39472760348455577
264.0, 0.40008675703749214
265.0, 0.4056216771567125
266.0, 0.4113252683954655
267.0, 0.41719061288613585
268.0, 0.42321098539445795
269.0, 0.4293798649859084
270.0, 0.4356909436408063
271.0, 0.44213813215379416
272.0, 0.44871556364450543
273.0, 0.45541759499134066
274.0, 0.46223880648114984
275.0, 0.4691739999457233
276.0, 0.47621819563258144
277.0, 0.48336662803359115
278.0, 0.49061474087119217
279.0, 0.49795818141906295
280.0, 0.5053927943122896
281.0, 0.5129146149817907
282.0, 0.5205198628290599
ee_dist
0.0, 0.8787721814651703
1.0, 0.8797036720285897
2.0, 0.9526299545019451
3.0, 1.0272948239400654
4.0, 1.0529746628531522
5.0, 1.0781228419108304
6.0, 1.1131305082985248
7.0, 1.149874227419574
8.0, 1.18645606851071
9.0, 1.2222239751680188
10.0, 1.2572849302106
11.0, 1.2900591707823708
12.0, 1.3332271837774876
13.0, 1.3673002306190654
14.0, 1.3992897316943387
15.0, 1.4280330659090954
16.0, 1.4546001127495962
17.0, 1.4779714689525154
18.0, 1.4998391781915188
19.0, 1.5190658608414154
20.0, 1.5379940733488227
21.0, 1.5132927888742362
22.0, 1.479244850672144
23.0, 1.442156724412978
24.0, 1.401581693745731
25.0, 1.3577036251251111
26.0, 1.3105299242798882
27.0, 1.2602754452561897
28.0, 1.2069667463123726
29.0, 1.1508883814569526
30.0, 1.0920976604553752
31.0, 1.0309626178938662
32.0, 0.9675935781588344
33.0, 0.9024660768728721
34.0, 0.8357971507072672
35.0, 0.7682610670297715
36.0, 0.7003316954584978
37.0, 0.6330999766719839
38.0, 0.5673602467135636
39.0, 0.5057785918504013
40.0, 0.45017020380514144
41.0, 0.46584354643118664
42.0, 0.7078932110321317
43.0, 1.2277501785591831
44.0, 1.1880993317791417
45.0, 1.1465825107596106
46.0, 1.1026969424472972
47.0, 1.0565501676173215
48.0, 1.0080830664103388
49.0, 0.9574253723399114
50.0, 0.9050014359348022
51.0, 0.8513532711205937
52.0, 0.7966411247594957
53.0, 0.7409375456197995
54.0, 0.6843323525556692
55.0, 0.6269598301093826
56.0, 0.5697069399297441
57.0, 0.5128300510375301
58.0, 0.5664138239682157
59.0, 0.6413902411626315
60.0, 0.7251454766886956
61.0, 0.8172704210629271
62.0, 0.912183809686888
63.0, 1.0047776159479296
64.0, 1.0910428087937298
65.0, 1.157520042708128
66.0, 1.213669306798193
67.0, 1.2710212786662414
68.0, 1.3237868392165295
69.0, 1.3761342062994122
70.0, 1.4289129172329875
71.0, 1.4800369165614375
72.0, 1.5363814334344712
73.0, 1.5979714931656475
74.0, 1.6643153152532393
75.0, 1.7417271878426375
76.0, 1.8283604270984837
77.0, 1.9243334466806041
78.0, 2.0244766719377663
79.0, 2.123615489507795
80.0, 2.2173622992630366
81.0, 2.29583081558996
82.0, 2.359286644776116
83.0, 2.42160102167333
84.0, 2.481514630285564
85.0, 2.5405228429590876
86.0, 2.58931701975108
87.0, 2.6176144872976566
88.0, 2.6481491887328805
89.0, 2.6878043264310034
90.0, 2.7378233091127666
91.0, 2.8236093281085393
92.0, 2.9158147976347917
93.0, 3.0185299770629124
94.0, 3.12521574292182
95.0, 3.2345978689125694
96.0, 3.3346076865865015
97.0, 3.4255299039189953
98.0, 3.496509117927937
99.0, 3.565722904413348
100.0, 3.6295895222802375
101.0, 3.694190922316781
102.0, 3.756119818327672
103.0, 3.820448205062321
104.0, 3.8827265095421692
105.0, 3.953299317939615
106.0, 4.026950868939836
107.0, 4.110170069927303
108.0, 4.200146454073548
109.0, 4.301283827158072
110.0, 4.407146546478782
111.0, 4.517690683131421
112.0, 4.61922080065562
113.0, 4.7149149283355785
114.0, 4.788646327152002
115.0, 4.857352724576875
116.0, 4.901262104186445
117.0, 4.946746623530083
118.0, 4.989389681533496
119.0, 5.03334391877791
120.0, 5.072279572216267
121.0, 5.111729818411775
122.0, 5.147364043181763
123.0, 5.1833662547213075
124.0, 5.213517604676854
125.0, 5.2433704635626714
126.0, 5.268698363908048
127.0, 5.293705948228755
128.0, 5.312314271727829
129.0, 5.330073489576166
130.0, 5.342879778244041
131.0, 5.3549431619198025
132.0, 5.3603437581253965
133.0, 5.364614862826024
134.0, 5.363787638600161
135.0, 5.362066280651173
136.0, 5.353704998214415
137.0, 5.344205343526752
138.0, 5.329740166892622
139.0, 5.314505885516929
140.0, 5.292931065068479
141.0, 5.270487648745234
142.0, 5.243487081212904
143.0, 4.622626603566501
144.0, 4.611874013011479
145.0, 4.601236420524784
146.0, 4.59484401704698
147.0, 4.588194841261322
148.0, 4.587735018705524
149.0, 4.587338371744685
150.0, 4.591410663408016
151.0, 4.506823477118616
152.0, 4.425885793714704
153.0, 4.342400770371708
154.0, 4.260783958031412
155.0, 4.1763021345448745
156.0, 4.095473952075376
157.0, 4.012107324096466
158.0, 3.93061399324461
159.0, 3.846266190648304
160.0, 3.765577427708316
161.0, 3.682361675743946
162.0, 3.60102730398518
163.0, 3.5168524208679104
164.0, 3.4363444251423743
165.0, 3.353325875799905
166.0, 3.2721995297837876
167.0, 3.27742278412538
168.0, 3.1987245041162704
169.0, 3.117666128625192
170.0, 3.0385698788230404
171.0, 2.9568364922191788
172.0, 2.8788234405412294
173.0, 2.798526015900656
174.0, 2.810415489115203
175.0, 2.7321397734694037
176.0, 2.6576590753876452
177.0, 2.670940360916608
178.0, 2.688162437421342
179.0, 2.7051639740727573
180.0, 2.7270173346026176
181.0, 2.6685906426371675
182.0, 2.648363817970062
183.0, 2.627803173741212
184.0, 2.6123652981147862
185.0, 2.5970047806934526
186.0, 2.585766886346329
187.0, 2.5742948327769795
188.0, 2.5690161292504845
189.0, 2.563901300062509
190.0, 2.481893830537938
191.0, 2.47840975860955
192.0, 2.3969718031517306
193.0, 2.312949428269678
194.0, 2.23079473157938
195.0, 2.1457361508603072
196.0, 2.0643510199440525
197.0, 1.980384250840942
198.0, 1.8982936465607887
199.0, 1.8133047335854784
200.0, 1.7320039787326527
201.0, 1.6481292899904971
202.0, 1.5661466187258988
203.0, 1.4812787214642444
204.0, 1.4002228896453621
205.0, 1.3154877126526208
206.0, 1.234479427979202
207.0, 1.1509205504974807
208.0, 1.0693116842809622
209.0, 1.069776671660696
210.0, 0.9901170028915373
211.0, 0.90823962850748
212.0, 0.9156814270039726
213.0, 0.9235728771666403
214.0, 0.9251727134453309
215.0, 0.924399055951438
216.0, 0.9253122688997256
217.0, 0.9235728942315068
218.0, 0.9251727134453309
219.0, 0.924399055951438
220.0, 0.9253122688997256
221.0, 0.9235729112963883
222.0, 0.9251726963595456
223.0, 0.9243986649448536
224.0, 0.9253122688997256
225.0, 0.9235728942315068
226.0, 0.9251727134453309
227.0, 0.924399055951438
228.0, 0.9253122688997256
229.0, 0.9235728942315068
230.0, 0.9251727134453309
231.0, 0.9243990388716611
232.0, 0.9253122688997256
233.0, 0.9235729112963883
234.0, 0.9251727134453309
235.0, 0.924399055951438
236.0, 0.9253122688997256
237.0, 0.9235728942315068
238.0, 0.9171935448518428
239.0, 0.9224122587444955
240.0, 0.932152427911771
241.0, 0.923647535709974
242.0, 0.9253215129644926
243.0, 0.9303462831587295
244.0, 0.9400986546878167
245.0, 0.9587714534024921
246.0, 0.9796950348423203
247.0, 0.9997309758461276
248.0, 1.0207100699655005
249.0, 1.042173018567143
250.0, 1.0646721229111193
251.0, 1.0874521774733212
252.0, 1.1113273999025344
253.0, 1.135283924846681
254.0, 1.1602316412438416
255.0, 1.1850228151843067
256.0, 1.2105671790337056
257.0, 1.2357014196807337
258.0, 1.26129165969411
259.0, 1.2862487440518222
260.0, 1.2695874467018544
261.0, 1.2786995663888807
262.0, 1.3037818814834001
263.0, 1.26542018263265
264.0, 1.2289366992104895
265.0, 1.1907818658821325
266.0, 1.1507997140623443
267.0, 1.109464405613574
268.0, 1.0667932813111327
269.0, 1.0229214082247897
270.0, 0.9781049585370231
271.0, 0.932554706681271
272.0, 0.8863991902472087
273.0, 0.8400105558782843
274.0, 0.7935918013619684
275.0, 0.7475891587253432
276.0, 0.7023029931647818
277.0, 0.6583361987459503
278.0, 0.6161103888925047
279.0, 0.5765694725180778
280.0, 0.5404725377108163
281.0, 0.5094020229653934
282.0, 0.48451154525532414
ee_box_dist
0.0, 0.7793592805295552
1.0, 0.8147162619601588
2.0, 0.8489886745745749
3.0, 0.8823887997386747
4.0, 0.9176116351096602
5.0, 0.9540595808782557
6.0, 0.991143924912647
7.0, 1.0251338695311805
8.0, 1.0576633482772284
9.0, 1.0886038728774006
10.0, 1.1182298326209708
11.0, 1.1455062591517815
12.0, 1.1830197272809804
13.0, 1.2118297569337344
14.0, 1.2386495927807315
15.0, 1.262466733643285
16.0, 1.2843153546715937
17.0, 1.303300187297182
18.0, 1.3210396548329895
19.0, 1.3364729314825727
20.0, 1.3518285386823918
21.0, 1.3278031455439017
22.0, 1.2952803173860328
23.0, 1.2599424463444084
24.0, 1.2214002523359773
25.0, 1.179861832148233
26.0, 1.1353493706524496
27.0, 1.088087058611736
28.0, 1.0381229382706847
29.0, 0.9857569376703904
30.0, 0.9310536910316634
31.0, 0.8743950746708982
32.0, 0.8158803621067644
33.0, 0.755963961057061
34.0, 0.6948113872351516
35.0, 0.6331424042683382
36.0, 0.5714573941691276
37.0, 0.5112563527351024
38.0, 0.4510880017092978
39.0, 0.37166646215951654
40.0, 0.3111663832050326
41.0, 0.32387227725126955
42.0, 0.336721260632564
43.0, 0.3496750986351908
44.0, 0.3626988924017667
45.0, 0.3757306921623408
46.0, 0.3887528540421547
47.0, 0.4017033015678214
48.0, 0.41455379675524584
49.0, 0.4272884894485515
50.0, 0.43981690113486666
51.0, 0.45219590926661685
52.0, 0.4642883778683355
53.0, 0.4762465768366722
54.0, 0.4879208161945441
55.0, 0.4995129471771976
56.0, 0.5108777912412588
57.0, 0.5221761976524965
58.0, 0.5332544721480275
59.0, 0.5441915883734358
60.0, 0.5549013490941035
61.0, 0.5654125439321209
62.0, 0.5756800199032451
63.0, 0.5857135566532594
64.0, 0.5954695746855175
65.0, 0.6049595913811664
66.0, 0.6141292092285733
67.0, 0.6229943204516991
68.0, 0.6315163441670228
69.0, 0.639733920730499
70.0, 0.6475993660277312
71.0, 0.6551477009214007
72.0, 0.6623320338999797
73.0, 0.6691837513543795
74.0, 0.6756596970808642
75.0, 0.6817726710520399
76.0, 0.687498319150457
77.0, 0.6928558170521758
78.0, 0.6978117264897844
79.0, 0.7023840640731958
80.0, 0.7065392315186589
81.0, 0.7102940344073315
82.0, 0.7136154880070597
83.0, 0.7165012898831179
84.0, 0.7189451897188536
85.0, 0.7212215935097335
86.0, 0.7398877373172776
87.0, 0.7822448397187404
88.0, 0.8197449177471483
89.0, 0.8520204345673034
90.0, 0.8772978539804571
91.0, 0.8747532685609319
92.0, 0.8764435018174169
93.0, 0.87564084927619
94.0, 0.8765823772704993
95.0, 0.8747848489145232
96.0, 0.8764563566627603
97.0, 0.8756537544749488
98.0, 0.8765871986328386
99.0, 0.8747848801380265
100.0, 0.8764467195103602
101.0, 0.8756493695776852
102.0, 0.8765884066751672
103.0, 0.8747929143563513
104.0, 0.8764619868978663
105.0, 0.8756595135959802
106.0, 0.8765929097379234
107.0, 0.8747904020743256
108.0, 0.8764528033721628
109.0, 0.8756558764243497
110.0, 0.8765949449219029
111.0, 0.8747998315844724
112.0, 0.8764695701502432
113.0, 0.8756672755875154
114.0, 0.876600876928432
115.0, 0.8747986744830436
116.0, 0.8764614035585615
117.0, 0.8756646550810446
118.0, 0.8766036538253449
119.0, 0.8748086219995989
120.0, 0.8764785742102579
121.0, 0.8756764387278497
122.0, 0.8766098095260505
123.0, 0.8748079229187672
124.0, 0.8764705241894942
125.0, 0.8756740738490525
126.0, 0.8766129406618689
127.0, 0.8748180712318444
128.0, 0.8764878120554356
129.0, 0.8756856483504725
130.0, 0.8766191416106673
131.0, 0.8748170190706396
132.0, 0.8764797620555818
133.0, 0.8756830814084858
134.0, 0.8766222191696562
135.0, 0.8748272125947185
136.0, 0.8764970047112504
137.0, 0.8756948446090045
138.0, 0.8766282945946366
139.0, 0.8748263344899103
140.0, 0.8764888928201237
141.0, 0.8756924261817862
142.0, 0.8766313956078332
143.0, 1.589669910036337
144.0, 1.5900343001385855
145.0, 1.5908818753341596
146.0, 1.5882460674267984
147.0, 1.5864386076908263
148.0, 1.579613912748051
149.0, 1.5733062127764752
150.0, 1.563632774757993
151.0, 1.641374766351468
152.0, 1.7166551592123775
153.0, 1.794749835524139
154.0, 1.87170554738748
155.0, 1.9517273476758206
156.0, 2.0288939425134425
157.0, 2.1087361277355647
158.0, 2.1871977786047863
159.0, 2.2686210403957654
160.0, 2.346966172964385
161.0, 2.427900161186531
162.0, 2.507314312557863
163.0, 2.5896364399882024
164.0, 2.668743642934541
165.0, 2.7504158233998446
166.0, 2.8304827218502777
167.0, 2.825477667550817
168.0, 2.903827680452675
169.0, 2.984745467931725
170.0, 3.064095941054025
171.0, 3.146339769234348
172.0, 3.2253223063508614
173.0, 3.3068631987561106
174.0, 3.298066421487888
175.0, 3.3792515253116315
176.0, 3.457247991940477
177.0, 3.4484597809302486
178.0, 3.4359456851703527
179.0, 3.424007761656377
180.0, 3.4070623778412887
181.0, 3.477612100563148
182.0, 3.4919224901674113
183.0, 3.5068481358528016
184.0, 3.5165519596637065
185.0, 3.5265271111886594
186.0, 3.532662052171695
187.0, 3.5394396163598203
188.0, 3.5405751806063215
189.0, 3.5420136800570474
190.0, 3.6236242392540086
191.0, 3.6239180285071497
192.0, 3.7043846616402387
193.0, 3.7873551519101984
194.0, 3.86859721027677
195.0, 3.952678303158007
196.0, 4.033323166030504
197.0, 4.116485841242054
198.0, 4.1979014519833004
199.0, 4.282158019658597
200.0, 4.362954733531325
201.0, 4.446256967797798
202.0, 4.527798435742055
203.0, 4.612181246050214
204.0, 4.692969682041358
205.0, 4.77739273711774
206.0, 4.8583258343838445
207.0, 4.94179931910248
208.0, 5.023503589249985
209.0, 5.022557341330284
210.0, 5.10280279931977
211.0, 5.185564275726276
212.0, 5.179742524809547
213.0, 5.174422688118032
214.0, 5.172831881809037
215.0, 5.173615947898255
216.0, 5.17269241545629
217.0, 5.174434925553103
218.0, 5.172838106543223
219.0, 5.173614776953978
220.0, 5.172683787428983
221.0, 5.174432353779443
222.0, 5.172841229806647
223.0, 5.173625767024609
224.0, 5.1727018316147735
225.0, 5.174444284602876
226.0, 5.17284741232847
227.0, 5.173624091000804
228.0, 5.172693190437741
229.0, 5.1744418076870415
230.0, 5.172850774815128
231.0, 5.173634891704192
232.0, 5.1727113872782144
233.0, 5.174454000469744
234.0, 5.172857078491249
235.0, 5.173633788982174
236.0, 5.1727027145977775
237.0, 5.1744513824228635
238.0, 5.1805855449468945
239.0, 5.172288048118391
240.0, 5.1644870508821645
241.0, 5.174463459325063
242.0, 5.172705197810061
243.0, 5.171140291826718
244.0, 5.168318740929025
245.0, 5.157866876631927
246.0, 5.14455238884796
247.0, 5.132873776901072
248.0, 5.120221791765938
249.0, 5.106890271889271
250.0, 5.0923033929941415
251.0, 5.076847373188649
252.0, 5.059875704584695
253.0, 5.042105698323721
254.0, 5.022693249768222
255.0, 5.002692568217762
256.0, 4.981142504839434
257.0, 4.959304226502928
258.0, 4.936170901276189
259.0, 4.913063236174565
260.0, 4.949355673509434
261.0, 4.940953003452577
262.0, 4.919513259245713
263.0, 4.969989474434645
264.0, 5.018717385373711
265.0, 5.067719550323484
266.0, 5.117428906256806
267.0, 5.1666628601339175
268.0, 5.215385393904383
269.0, 5.263343913974311
270.0, 5.310107892512539
271.0, 5.355430195904611
272.0, 5.399078511039633
273.0, 5.4407733614931795
274.0, 5.4802893345906725
275.0, 5.517415606133417
276.0, 5.551945838388504
277.0, 5.583719199355214
278.0, 5.61259779126269
279.0, 5.638387012511315
280.0, 5.660950052329026
281.0, 5.680029824249803
282.0, 5.6954939995689156
spot_hold
0, 0
1, 0
2, 0
3, 0
4, 0
5, 0
6, 0
7, 0
8, 0
9, 0
10, 0
11, 0
12, 0
13, 0
14, 0
15, 0
16, 0
17, 0
18, 0
19, 0
20, 0
21, 0
22, 0
23, 0
24, 0
25, 0
26, 0
27, 0
28, 0
29, 0
30, 0
31, 0
32, 0
33, 0
34, 0
35, 0
36, 0
37, 0
38, 0
39, 0
40, 0
41, 1
42, 1
43, 1
44, 1
45, 1
46, 1
47, 1
48, 1
49, 1
50, 1
51, 1
52, 1
53, 1
54, 1
55, 1
56, 1
57, 1
58, 1
59, 1
60, 1
61, 1
62, 1
63, 1
64, 1
65, 1
66, 1
67, 1
68, 1
69, 1
70, 1
71, 1
72, 1
73, 1
74, 1
75, 1
76, 1
77, 1
78, 1
79, 1
80, 1
81, 1
82, 1
83, 1
84, 1
85, 1
86, 1
87, 1
88, 1
89, 1
90, 1
91, 1
92, 1
93, 1
94, 1
95, 1
96, 1
97, 1
98, 1
99, 1
100, 1
101, 1
102, 1
103, 1
104, 1
105, 1
106, 1
107, 1
108, 1
109, 1
110, 1
111, 1
112, 1
113, 1
114, 1
115, 1
116, 1
117, 1
118, 1
119, 1
120, 1
121, 1
122, 1
123, 1
124, 1
125, 1
126, 1
127, 1
128, 1
129, 1
130, 1
131, 1
132, 1
133, 1
134, 1
135, 1
136, 1
137, 1
138, 1
139, 1
140, 1
141, 1
142, 1
143, 1
144, 1
145, 1
146, 1
147, 1
148, 1
149, 1
150, 1
151, 1
152, 1
153, 1
154, 1
155, 1
156, 1
157, 1
158, 1
159, 1
160, 1
161, 1
162, 1
163, 1
164, 1
165, 1
166, 1
167, 1
168, 1
169, 1
170, 1
171, 1
172, 1
173, 1
174, 1
175, 1
176, 1
177, 1
178, 1
179, 1
180, 1
181, 1
182, 1
183, 1
184, 1
185, 1
186, 1
187, 1
188, 1
189, 1
190, 1
191, 1
192, 1
193, 1
194, 1
195, 1
196, 1
197, 1
198, 1
199, 1
200, 1
201, 1
202, 1
203, 1
204, 1
205, 1
206, 1
207, 1
208, 1
209, 1
210, 1
211, 1
212, 1
213, 1
214, 1
215, 1
216, 1
217, 1
218, 1
219, 1
220, 1
221, 1
222, 1
223, 1
224, 1
225, 1
226, 1
227, 1
228, 1
229, 1
230, 1
231, 1
232, 1
233, 1
234, 1
235, 1
236, 1
237, 1
238, 1
239, 1
240, 1
241, 1
242, 1
243, 1
244, 1
245, 1
246, 1
247, 1
248, 1
249, 1
250, 1
251, 1
252, 1
253, 1
254, 1
255, 1
256, 1
257, 1
258, 1
259, 1
260, 1
261, 1
262, 1
263, 1
264, 1
265, 1
266, 1
267, 1
268, 1
269, 1
270, 1
271, 1
272, 1
273, 1
274, 1
275, 1
276, 1
277, 1
278, 1
279, 1
280, 1
281, 1
282, 1
