bot_dist
0.0, 3.801524098259917
1.0, 3.8082950812377905
2.0, 3.815080258857938
3.0, 3.8218795555189438
4.0, 3.8286928959996698
5.0, 3.8355202054586455
6.0, 3.8423614094334297
7.0, 3.8492164338399446
8.0, 3.856085204971784
9.0, 3.862967649499488
10.0, 3.869863694469799
11.0, 3.876773267304887
12.0, 3.883696295801555
13.0, 3.890632708130408
14.0, 3.8975824328350157
15.0, 3.9045453988310364
16.0, 3.9115215354053254
17.0, 3.9185107722150256
18.0, 3.9255130392866207
19.0, 3.9325282670149875
20.0, 3.9395563861624128
21.0, 3.9465973278575968
22.0, 3.953651023594639
23.0, 3.960717405231996
24.0, 3.9677964049914336
25.0, 3.974887955456951
26.0, 3.981991989573695
27.0, 3.989108440646849
28.0, 3.9962372423405155
29.0, 4.003378328676575
30.0, 4.010531634033535
31.0, 4.017697093145361
32.0, 4.024874641100291
33.0, 4.032064213339644
34.0, 4.039265745656605
35.0, 4.046479174195008
36.0, 4.053704435448094
37.0, 4.060941466257266
38.0, 4.068190203810831
39.0, 4.075450585642726
40.0, 4.082722549631238
41.0, 4.090006033997711
42.0, 4.097300977305244
43.0, 4.104607318457376
44.0, 4.11192499669677
45.0, 4.119253951603875
46.0, 4.126594123095591
47.0, 4.133945451423924
48.0, 4.1413078771746195
49.0, 4.14868134126581
50.0, 4.156065784946642
51.0, 4.163461149795892
52.0, 4.170867377720594
53.0, 4.1782844109546335
54.0, 4.185712192057368
55.0, 4.19315066391221
56.0, 4.20059976972523
57.0, 4.208059453023736
58.0, 4.215529657654863
59.0, 4.223010327784147
60.0, 4.230501407894096
61.0, 4.238002842782768
62.0, 4.24551457756233
63.0, 4.253036557657624
64.0, 4.260568728804723
65.0, 4.268111037049494
66.0, 4.275663428746148
67.0, 4.2832258505557865
68.0, 4.290798249444963
69.0, 4.298380572684216
70.0, 4.3059727678466295
71.0, 4.313574782806364
72.0, 4.321186565737205
73.0, 4.328808065111106
74.0, 4.336439229696728
75.0, 4.344080008557977
76.0, 4.351730351052547
77.0, 4.359390206830459
78.0, 4.367059525832596
79.0, 4.374738258289251
80.0, 4.382426354718655
81.0, 4.390123765925529
82.0, 4.397830442999615
83.0, 4.405546337314222
84.0, 4.413271400524768
85.0, 4.421005584567325
86.0, 4.42874884165716
87.0, 4.4365011242872825
88.0, 4.444262385226995
89.0, 4.4520325775204395
90.0, 4.45981165448515
91.0, 4.467599569710605
92.0, 4.475396277056784
93.0, 4.483201730652725
94.0, 4.491015884895086
95.0, 4.498838694446704
96.0, 4.506670114235164
97.0, 4.514510099451366
98.0, 4.522358605548094
99.0, 4.530215588238595
100.0, 4.538081003495149
101.0, 4.538081003495149
102.0, 4.538081003495149
103.0, 4.538081003495149
104.0, 4.538081003495149
105.0, 4.538081003495149
106.0, 4.538081003495149
107.0, 4.538081003495149
108.0, 4.538081003495149
109.0, 4.538081003495149
110.0, 4.538081003495149
111.0, 4.538081003495149
112.0, 4.538081003495149
113.0, 4.538081003495149
114.0, 4.538081003495149
115.0, 4.538081003495149
116.0, 4.538081003495149
117.0, 4.538081003495149
118.0, 4.538081003495149
119.0, 4.538081003495149
120.0, 4.538081003495149
121.0, 4.538081003495149
122.0, 4.538081003495149
123.0, 4.538081003495149
124.0, 4.538081003495149
125.0, 4.538081003495149
126.0, 4.538081003495149
127.0, 4.538081003495149
128.0, 4.538081003495149
129.0, 4.538081003495149
130.0, 4.538081003495149
131.0, 4.530215588238595
132.0, 4.522358605548094
133.0, 4.514510099451366
134.0, 4.506670114235164
135.0, 4.498838694446704
136.0, 4.491015884895086
137.0, 4.483201730652725
138.0, 4.475396277056784
139.0, 4.467599569710605
140.0, 4.45981165448515
141.0, 4.4520325775204395
142.0, 4.444262385226995
143.0, 4.440158412717513
144.0, 4.432412526683795
145.0, 4.4246756811092105
146.0, 4.416947923500302
147.0, 4.4092293016406545
148.0, 4.401519863592344
149.0, 4.393819657697381
150.0, 4.386128732579155
151.0, 4.297028639499142
152.0, 4.207961168632466
153.0, 4.11892839856505
154.0, 4.02993266966341
155.0, 3.9409764913360172
156.0, 3.852062603623378
157.0, 3.7631940041581915
158.0, 3.674373978973627
159.0, 3.585606137811665
160.0, 3.4968944547118905
161.0, 3.40824331481846
162.0, 3.319657568536635
163.0, 3.2311425944096426
164.0, 3.1427043723840566
165.0, 3.0543495695030285
166.0, 2.9660856405324316
167.0, 2.9580474268304946
168.0, 2.8682670700015387
169.0, 2.778530404653112
170.0, 2.6888416498105374
171.0, 2.599205765109298
172.0, 2.509628415611854
173.0, 2.4201161011329626
174.0, 2.4119628334316645
175.0, 2.3213466364639244
176.0, 2.2307607910668064
177.0, 2.222603319102694
178.0, 2.2144609549120866
179.0, 2.2063338657584257
180.0, 2.198222221062607
181.0, 2.1091779814121767
182.0, 2.1011512291097567
183.0, 2.0931414709769305
184.0, 2.0851489028546677
185.0, 2.07717372317462
186.0, 2.0692161329925716
187.0, 2.0612763360221455
188.0, 2.053354538668751
189.0, 2.0454509500637674
190.0, 2.0375657820989503
191.0, 2.029699249461057
192.0, 2.0218515696666706
193.0, 2.0140229630972213
194.0, 2.0062136530341856
195.0, 1.942294691380633
196.0, 1.880024755644961
197.0, 1.819573153967242
198.0, 1.811262357492612
199.0, 1.7583717681985
200.0, 1.707970352652714
201.0, 1.660284818547421
202.0, 1.6155556736531052
203.0, 1.5740349721215614
204.0, 1.5359829279865065
205.0, 1.501663251027197
206.0, 1.4713371424389543
207.0, 1.4452560177250866
208.0, 1.4236531985129013
209.0, 1.4067350160270924
210.0, 1.3946719627972604
211.0, 1.387590669154298
212.0, 1.3855675188350343
213.0, 1.3886246203321342
214.0, 1.3967286157123526
215.0, 1.4097925451402442
216.0, 1.4276802152458576
217.0, 1.4502131415637145
218.0, 1.4771787627812434
219.0, 1.4683692572437268
220.0, 1.5055728307048983
221.0, 1.5463521383593495
222.0, 1.5904321542819135
223.0, 1.5823758623825417
224.0, 1.5743418631118555
225.0, 1.5663304994989578
226.0, 1.5583421206504464
227.0, 1.5503770818560683
228.0, 1.542435744695472
229.0, 1.5345184771460207
230.0, 1.5266256536916119
231.0, 1.5266256536916119
232.0, 1.5266256536916119
233.0, 1.5266256536916119
234.0, 1.5266256536916119
235.0, 1.5266256536916119
236.0, 1.5266256536916119
237.0, 1.5266256536916119
238.0, 1.5266256536916119
239.0, 1.5266256536916119
240.0, 1.5266256536916119
241.0, 1.5266256536916119
242.0, 1.5266256536916119
243.0, 1.5266256536916119
244.0, 1.5266256536916119
245.0, 1.5266256536916119
246.0, 1.5266256536916119
247.0, 1.5266256536916119
248.0, 1.5266256536916119
249.0, 1.5266256536916119
250.0, 1.5266256536916119
251.0, 1.5266256536916119
252.0, 1.5266256536916119
253.0, 1.5266256536916119
254.0, 1.5266256536916119
255.0, 1.5266256536916119
256.0, 1.5266256536916119
257.0, 1.5266256536916119
258.0, 1.5266256536916119
259.0, 1.5266256536916119
260.0, 1.5266256536916119
261.0, 1.5345184771460207
262.0, 1.542435744695472
263.0, 1.5503770818560683
264.0, 1.5583421206504464
265.0, 1.5663304994989578
266.0, 1.5743418631118555
267.0, 1.5823758623825417
268.0, 1.5904321542819135
269.0, 1.5985104017538494
270.0, 1.6066102736118766
271.0, 1.614731444437042
272.0, 1.6228735944770227
273.0, 1.6310364095465004
274.0, 1.6392195809288144
275.0, 1.64742280527892
276.0, 1.655645784527664
277.0, 1.6638882257873915
278.0, 1.6721498412588904
279.0, 1.680430348139691
280.0, 1.688729468533715
281.0, 1.6970469293622892
282.0, 1.7053824622765166
ee_dist
0.0, 1.1950024734241749
1.0, 1.2401151483555246
2.0, 1.339842302175919
3.0, 1.4277100879588833
4.0, 1.4580092575833477
5.0, 1.4836942434737512
6.0, 1.5168058796382315
7.0, 1.5517879637338023
8.0, 1.588447920354598
9.0, 1.6236468655353429
10.0, 1.6584392031049235
11.0, 1.6913678051807308
12.0, 1.723032819911249
13.0, 1.75777453614309
14.0, 1.799070637679609
15.0, 1.8311011334872094
16.0, 1.8605929743751015
17.0, 1.8866666677316029
18.0, 1.9105817304533055
19.0, 1.9312724369775387
20.0, 1.9506446006327327
21.0, 1.9207583640427455
22.0, 1.8808414973420864
23.0, 1.8375656573270425
24.0, 1.790548136199918
25.0, 1.7400494857478068
26.0, 1.686179877285223
27.0, 1.6292595212156897
28.0, 1.5694516738959787
29.0, 1.5071852070218275
30.0, 1.4427038874734315
31.0, 1.3765739500144458
32.0, 1.3091658074265837
33.0, 1.2412260526824177
34.0, 1.1733310186821144
35.0, 1.106503080295471
36.0, 1.0416591847219037
37.0, 0.9802268715651953
38.0, 0.9235917097439996
39.0, 0.8730591494440271
40.0, 0.8318429848050027
41.0, 0.8455881905467431
42.0, 0.8031379634115571
43.0, 0.8894278345875433
44.0, 0.845470669902741
45.0, 0.800054532214511
46.0, 0.7528708525826786
47.0, 0.7037565602540461
48.0, 0.6530386453899691
49.0, 0.6006887547285508
50.0, 0.5474505810690784
51.0, 0.49402097204404494
52.0, 0.44105306884090945
53.0, 0.3889720005491149
54.0, 0.3388611920272285
55.0, 0.292273060763499
56.0, 0.25274683944059223
57.0, 0.22401275462257816
58.0, 0.2371545634327431
59.0, 0.2810472937666172
60.0, 0.34401887515614016
61.0, 0.423066830351369
62.0, 0.5107066917783822
63.0, 0.5999806572774845
64.0, 0.6851111982109106
65.0, 0.7526892156189335
66.0, 0.8121087892736456
67.0, 0.8719415587330333
68.0, 0.9263071190463589
69.0, 0.9794976768464947
70.0, 1.0321384187781175
71.0, 1.0829513436687952
72.0, 1.1366199867327926
73.0, 1.1964209145711793
74.0, 1.2606835537398386
75.0, 1.3361321701982547
76.0, 1.4208912679691699
77.0, 1.515171767283412
78.0, 1.6140869967326572
79.0, 1.712633716976947
80.0, 1.8063108590792238
81.0, 1.8853996502685633
82.0, 1.9500370552986832
83.0, 2.0138929209473457
84.0, 2.0747717225449636
85.0, 2.1345828621759786
86.0, 2.1833985399161193
87.0, 2.2119254360772906
88.0, 2.242289052936714
89.0, 2.2814049876976927
90.0, 2.3330075540784843
91.0, 2.415157293847036
92.0, 2.507989334700134
93.0, 2.6084764778468204
94.0, 2.7152380824965325
95.0, 2.8217846468128314
96.0, 2.9236159477928023
97.0, 3.0136300667375013
98.0, 3.0862064706189942
99.0, 3.154286309950958
100.0, 3.2205368089500546
101.0, 3.2844221010707786
102.0, 3.347633582948673
103.0, 3.410938750068022
104.0, 3.4732090746917175
105.0, 3.5422771666117074
106.0, 3.616622121895601
107.0, 3.697180780409598
108.0, 3.7883719620794745
109.0, 3.887807093508873
110.0, 3.994231522803789
111.0, 4.102333293949052
112.0, 4.205557370339785
113.0, 4.300281778585567
114.0, 4.375470458881194
115.0, 4.443921807600055
116.0, 4.51001975055876
117.0, 4.573978586194069
118.0, 4.637297285853471
119.0, 4.70053945605303
120.0, 4.762784502223216
121.0, 4.804382882128737
122.0, 4.8461903976817995
123.0, 4.887065291627888
124.0, 4.927598726247259
125.0, 4.966674252345166
126.0, 5.004903984318254
127.0, 5.041199369858986
128.0, 5.076198813449426
129.0, 5.108843654514066
130.0, 5.139795711479317
131.0, 5.168034075533715
132.0, 5.194246217394273
133.0, 5.217443166126297
134.0, 5.238343982530839
135.0, 5.2559941534168635
136.0, 5.271141707938688
137.0, 5.2828677022378026
138.0, 5.291945877444052
139.0, 5.297498274363964
140.0, 5.300324510099949
141.0, 5.299584434324006
142.0, 5.296103815950316
143.0, 4.655735883626168
144.0, 4.644984274333501
145.0, 4.637173292881109
146.0, 4.631462192042001
147.0, 4.6288305574673965
148.0, 4.628356093733994
149.0, 4.630994400113841
150.0, 4.635771311284511
151.0, 4.5541407711662725
152.0, 4.472092398526932
153.0, 4.390572874755454
154.0, 4.308642110173619
155.0, 4.22724706962629
156.0, 4.145447968597195
157.0, 4.064192542310953
158.0, 3.9825414625987365
159.0, 3.901443305813133
160.0, 3.819959391993033
161.0, 3.7390392255442415
162.0, 3.657745019246109
163.0, 3.5770274223432623
164.0, 3.4959495290049443
165.0, 3.415463488173115
166.0, 3.3346338940079
167.0, 3.344518344578867
168.0, 3.2661465621369787
169.0, 3.1884960818086916
170.0, 3.110670452328068
171.0, 3.033606071014321
172.0, 2.956413977505112
173.0, 2.880031244666192
174.0, 2.8935252458869893
175.0, 2.82095509388041
176.0, 2.7485523781936254
177.0, 2.7655172576796136
178.0, 2.784216740949868
179.0, 2.805265211778883
180.0, 2.827744790147665
181.0, 2.776409820993666
182.0, 2.753166719553988
183.0, 2.7320029933197825
184.0, 2.712389789072561
185.0, 2.695280112952259
186.0, 2.6800107031920697
187.0, 2.6675940447907154
188.0, 2.6572465234174474
189.0, 2.6500047207958772
190.0, 2.64498266530776
191.0, 2.643203678031801
192.0, 2.6437060661219722
193.0, 2.6474632576039796
194.0, 2.653467594193733
195.0, 2.5742725449917456
196.0, 2.4948594295349134
197.0, 2.416198184505564
198.0, 2.4257272332083577
199.0, 2.35032654562955
200.0, 2.275010162109347
201.0, 2.2007395822060505
202.0, 2.1266747164777096
203.0, 2.0537843193769447
204.0, 1.981255901175545
205.0, 1.9100682806071103
206.0, 1.8394455758224872
207.0, 1.7703805034163744
208.0, 1.7021458783299253
209.0, 1.6357531248754782
210.0, 1.570540605043159
211.0, 1.5075430873330022
212.0, 1.4461843472779146
213.0, 1.3875294552982067
214.0, 1.331110823623109
215.0, 1.2780246986599024
216.0, 1.2279322832519493
217.0, 1.1819518796870465
218.0, 1.139883837003717
219.0, 1.1657051209172904
220.0, 1.1355775101980528
221.0, 1.1111324706952264
222.0, 1.0923083456881637
223.0, 1.0644338631182813
224.0, 1.0372006381721244
225.0, 1.0113400793657938
226.0, 0.9865803427321036
227.0, 0.9638336474406325
228.0, 0.9426775294101849
229.0, 0.9241833323618334
230.0, 0.9077643101184982
231.0, 0.8945970159437376
232.0, 0.8839205386472817
233.0, 0.8769446867032096
234.0, 0.8727332806270262
235.0, 0.8724490359782627
236.0, 0.8747633417390701
237.0, 0.8816846650575447
238.0, 0.8898320218978933
239.0, 0.8910224281707009
240.0, 0.8905299587557185
241.0, 0.8908077962535531
242.0, 0.8905533493112994
243.0, 0.8962062388246252
244.0, 0.9088430964283807
245.0, 0.9225307166967799
246.0, 0.9385846615902537
247.0, 0.9556969685254995
248.0, 0.9749454520375624
249.0, 0.9949710220820162
250.0, 1.0168924213308936
251.0, 1.0393051657998358
252.0, 1.06331100851455
253.0, 1.0874985723796728
254.0, 1.112912346656271
255.0, 1.1381893271261398
256.0, 1.1642991369767808
257.0, 1.1899843203013916
258.0, 1.216132668848551
259.0, 1.2416280438715528
260.0, 1.2672928890390873
261.0, 1.2920950656041732
262.0, 1.3257111358385651
263.0, 1.2941146326913986
264.0, 1.2586801708628477
265.0, 1.2211561395987323
266.0, 1.1814792400399154
267.0, 1.1398325287011382
268.0, 1.0962584987608066
269.0, 1.0509762977284764
270.0, 1.0040270252189367
271.0, 0.9557120348042181
272.0, 0.906121519385377
273.0, 0.8555299279650652
274.0, 0.8078911845358401
275.0, 0.7605727913927721
276.0, 0.711761722174792
277.0, 0.6784111596034109
278.0, 0.6326166604323675
279.0, 0.5867949048060861
280.0, 0.5585221498718485
281.0, 0.5212394024330952
282.0, 0.4961528525532712
ee_box_dist
0.0, 0.8630680878597565
1.0, 0.9047066433323244
2.0, 0.9356413548011625
3.0, 0.9674949511159427
4.0, 1.0010028397756001
5.0, 1.0361728742098006
6.0, 1.07260626578081
7.0, 1.1078198929559424
8.0, 1.1425774878926538
9.0, 1.1753369540132306
10.0, 1.2070310956464891
11.0, 1.2368115763123038
12.0, 1.2652887688535441
13.0, 1.2969204255975126
14.0, 1.3346462621185755
15.0, 1.3638471658111924
16.0, 1.3906193181478543
17.0, 1.4141901501147178
18.0, 1.435760481964259
19.0, 1.4543777815235022
20.0, 1.4718176080110241
21.0, 1.4456461411172254
22.0, 1.4109829804778278
23.0, 1.3731407972939793
24.0, 1.3317692972731199
25.0, 1.2870695387469442
26.0, 1.2390701418762313
27.0, 1.1880154439646042
28.0, 1.133945356441804
29.0, 1.0771681513481546
30.0, 1.0177398471765007
31.0, 0.9560541354252377
32.0, 0.8922389769859654
33.0, 0.8268200944076733
34.0, 0.7600832361414767
35.0, 0.6927228620704866
36.0, 0.6252774506395852
37.0, 0.5586645611601257
38.0, 0.49408631982106394
39.0, 0.4330899975829696
40.0, 0.3802047185416367
41.0, 0.3937984287342541
42.0, 0.4075179399176993
43.0, 0.42136058893556655
44.0, 0.4352366552355793
45.0, 0.44916607101513956
46.0, 0.46307475109011925
47.0, 0.4769579835129094
48.0, 0.490799366937545
49.0, 0.5045547342410929
50.0, 0.5182379267060231
51.0, 0.5317946864622899
52.0, 0.5452375040221961
53.0, 0.558493044312016
54.0, 0.5715553132276365
55.0, 0.5843515467911489
56.0, 0.5968701785690408
57.0, 0.6090742603023013
58.0, 0.6209754083415221
59.0, 0.6325666105276704
60.0, 0.6438310894842263
61.0, 0.654799489345986
62.0, 0.6654215973355335
63.0, 0.6757482810158317
64.0, 0.6857284633777077
65.0, 0.6953906471436426
66.0, 0.7047043384925097
67.0, 0.7137075752759673
68.0, 0.7223412862252406
69.0, 0.730638976129868
70.0, 0.7385817061006176
71.0, 0.7461399753150721
72.0, 0.7533217145753701
73.0, 0.7601402874197368
74.0, 0.7665500593226909
75.0, 0.77258631450605
76.0, 0.778195605496155
77.0, 0.7834156623277173
78.0, 0.7881889011112199
79.0, 0.792561457705423
80.0, 0.7964663691698104
81.0, 0.7999446831686007
82.0, 0.8029507048472051
83.0, 0.8054984636949707
84.0, 0.8075601473817441
85.0, 0.8091546236636569
86.0, 0.8291736960166971
87.0, 0.8736151461536028
88.0, 0.9122848148833719
89.0, 0.9460816593080462
90.0, 0.9699322648286969
91.0, 0.9698845144531126
92.0, 0.969611313004497
93.0, 0.9699063472866065
94.0, 0.969645462091964
95.0, 0.9701399503451742
96.0, 0.969591929043145
97.0, 0.9699023424823617
98.0, 0.9696151122002341
99.0, 0.9699049305471421
100.0, 0.9696120344756792
101.0, 0.9699047710171705
102.0, 0.9696090831245686
103.0, 0.9686771515107646
104.0, 0.9697422393116919
105.0, 0.9700993702190555
106.0, 0.9696138881567212
107.0, 0.9699116264846118
108.0, 0.9696061737317235
109.0, 0.9699012475203311
110.0, 0.969606581449386
111.0, 0.9699046664802605
112.0, 0.9696111153563204
113.0, 0.9699025898393445
114.0, 0.9696071055558537
115.0, 0.9686763586159338
116.0, 0.9697416617026132
117.0, 0.9700993459008553
118.0, 0.9696122011269052
119.0, 0.969914131764636
120.0, 0.9696063799052662
121.0, 0.9699018860983568
122.0, 0.9695992062272515
123.0, 0.9698988391559162
124.0, 0.9696099641532687
125.0, 0.9698893661641845
126.0, 0.9695962845668287
127.0, 0.9698881726672134
128.0, 0.9695935471259736
129.0, 0.9698881716635145
130.0, 0.9695939799453807
131.0, 0.9698877541466874
132.0, 0.9695937105586114
133.0, 0.9698868469493162
134.0, 0.9695929053414529
135.0, 0.9698863276572034
136.0, 0.9695924231006443
137.0, 0.9698859843108598
138.0, 0.969592181569017
139.0, 0.9698858535015302
140.0, 0.9695921519748063
141.0, 0.9698858240436686
142.0, 0.9695921962545373
143.0, 1.6824011816487707
144.0, 1.6759924638594776
145.0, 1.6675204565339372
146.0, 1.657568416140945
147.0, 1.6456417269698473
148.0, 1.6322950048435467
149.0, 1.6171004293594962
150.0, 1.6005688767975637
151.0, 1.6654007356987353
152.0, 1.732022461441477
153.0, 1.7998173379707554
154.0, 1.8691010318033376
155.0, 1.939247396163441
156.0, 2.0106543675060617
157.0, 2.082684309107955
158.0, 2.155801210958516
159.0, 2.2293549347409916
160.0, 2.3038625753934836
161.0, 2.3786610310023972
162.0, 2.454310911291153
163.0, 2.5301360142675575
164.0, 2.606732997612083
165.0, 2.683412782207018
166.0, 2.7608019249464526
167.0, 2.749094870614373
168.0, 2.824667212680397
169.0, 2.900343841140421
170.0, 2.9767553662668482
171.0, 3.0531988598577535
172.0, 3.130328358713804
173.0, 3.207430156634713
174.0, 3.195723107695598
175.0, 3.270850481361336
176.0, 3.3466985599396093
177.0, 3.333211163453983
178.0, 3.3181370114378237
179.0, 3.3009147795198537
180.0, 3.2822380253820445
181.0, 3.345237865969312
182.0, 3.3638405543675467
183.0, 3.380374707858998
184.0, 3.3953675940036114
185.0, 3.4080895597016734
186.0, 3.4191558301492506
187.0, 3.427802197806784
188.0, 3.4347125557085647
189.0, 3.439107146205515
190.0, 3.4417197039236225
191.0, 3.4417751745575824
192.0, 3.4400354544821288
193.0, 3.4357515059372283
194.0, 3.4296941478414134
195.0, 3.508748398583434
196.0, 3.588354869572557
197.0, 3.6677657241149935
198.0, 3.660120822912567
199.0, 3.7378592793795935
200.0, 3.816190081095402
201.0, 3.8943695944512657
202.0, 3.9731200281375343
203.0, 4.051690096448319
204.0, 4.13081295637568
205.0, 4.209730414081509
206.0, 4.2891854279917885
207.0, 4.368412098790981
208.0, 4.448163303888944
209.0, 4.527667459730706
210.0, 4.60768414021661
211.0, 4.68743772186683
212.0, 4.767694356309903
213.0, 4.847673003978617
214.0, 4.928145639965385
215.0, 5.008327191089007
216.0, 5.088996921472755
217.0, 5.169362966594317
218.0, 5.250213507132988
219.0, 5.243030178343104
220.0, 5.322232611888316
221.0, 5.401191854750498
222.0, 5.48064887302604
223.0, 5.487037357908007
224.0, 5.491578588152292
225.0, 5.493440375028167
226.0, 5.493429237339831
227.0, 5.490724350168445
228.0, 5.486159118443106
229.0, 5.4789467202435995
230.0, 5.469925525716338
231.0, 5.458370901215899
232.0, 5.445113607370387
233.0, 5.4294911651578115
234.0, 5.412292212992759
235.0, 5.392962636349277
236.0, 5.3725088207212925
237.0, 5.349509595993706
238.0, 5.3263625163081505
239.0, 5.325694901272457
240.0, 5.325936387268457
241.0, 5.32581756197355
242.0, 5.325921767178895
243.0, 5.325024136975384
244.0, 5.323120615917846
245.0, 5.320779732229598
246.0, 5.317358071045301
247.0, 5.313412711500568
248.0, 5.308326490884289
249.0, 5.302677550449348
250.0, 5.295855011105365
251.0, 5.288503632132702
252.0, 5.280008643391625
253.0, 5.271104956776032
254.0, 5.261151559707373
255.0, 5.250963743521453
256.0, 5.239861972938012
257.0, 5.22870532043084
258.0, 5.216781519152566
259.0, 5.204953440860096
260.0, 5.192487890040835
261.0, 5.18026565535629
262.0, 5.1624782325988186
263.0, 5.190384112642847
264.0, 5.220286226346711
265.0, 5.250830099411098
266.0, 5.281868542291455
267.0, 5.313142099184999
268.0, 5.344415114589507
269.0, 5.375440621939293
270.0, 5.406025606741879
271.0, 5.435873984585324
272.0, 5.46477237721287
273.0, 5.492588103895639
274.0, 5.517598322078238
275.0, 5.532414463700683
276.0, 5.5504810983610895
277.0, 5.544020891521094
278.0, 5.56069306002031
279.0, 5.5778953613816045
280.0, 5.575812737004418
281.0, 5.587995067253988
282.0, 5.591613942395907
spot_hold
0, 0
1, 0
2, 0
3, 0
4, 0
5, 0
6, 0
7, 0
8, 0
9, 0
10, 0
11, 0
12, 0
13, 0
14, 0
15, 0
16, 0
17, 0
18, 0
19, 0
20, 0
21, 0
22, 0
23, 0
24, 0
25, 0
26, 0
27, 0
28, 0
29, 0
30, 0
31, 0
32, 0
33, 0
34, 0
35, 0
36, 0
37, 0
38, 0
39, 0
40, 0
41, 1
42, 1
43, 1
44, 1
45, 1
46, 1
47, 1
48, 1
49, 1
50, 1
51, 1
52, 1
53, 1
54, 1
55, 1
56, 1
57, 1
58, 1
59, 1
60, 1
61, 1
62, 1
63, 1
64, 1
65, 1
66, 1
67, 1
68, 1
69, 1
70, 1
71, 1
72, 1
73, 1
74, 1
75, 1
76, 1
77, 1
78, 1
79, 1
80, 1
81, 1
82, 1
83, 1
84, 1
85, 1
86, 1
87, 1
88, 1
89, 1
90, 1
91, 1
92, 1
93, 1
94, 1
95, 1
96, 1
97, 1
98, 1
99, 1
100, 1
101, 1
102, 1
103, 1
104, 1
105, 1
106, 1
107, 1
108, 1
109, 1
110, 1
111, 1
112, 1
113, 1
114, 1
115, 1
116, 1
117, 1
118, 1
119, 1
120, 1
121, 1
122, 1
123, 1
124, 1
125, 1
126, 1
127, 1
128, 1
129, 1
130, 1
131, 1
132, 1
133, 1
134, 1
135, 1
136, 1
137, 1
138, 1
139, 1
140, 1
141, 1
142, 1
143, 1
144, 1
145, 1
146, 1
147, 1
148, 1
149, 1
150, 1
151, 1
152, 1
153, 1
154, 1
155, 1
156, 1
157, 1
158, 1
159, 1
160, 1
161, 1
162, 1
163, 1
164, 1
165, 1
166, 1
167, 1
168, 1
169, 1
170, 1
171, 1
172, 1
173, 1
174, 1
175, 1
176, 1
177, 1
178, 1
179, 1
180, 1
181, 1
182, 1
183, 1
184, 1
185, 1
186, 1
187, 1
188, 1
189, 1
190, 1
191, 1
192, 1
193, 1
194, 1
195, 1
196, 1
197, 1
198, 1
199, 1
200, 1
201, 1
202, 1
203, 1
204, 1
205, 1
206, 1
207, 1
208, 1
209, 1
210, 1
211, 1
212, 1
213, 1
214, 1
215, 1
216, 1
217, 1
218, 1
219, 1
220, 1
221, 1
222, 1
223, 1
224, 1
225, 1
226, 1
227, 1
228, 1
229, 1
230, 1
231, 1
232, 1
233, 1
234, 1
235, 1
236, 1
237, 1
238, 1
239, 1
240, 1
241, 1
242, 1
243, 1
244, 1
245, 1
246, 1
247, 1
248, 1
249, 1
250, 1
251, 1
252, 1
253, 1
254, 1
255, 1
256, 1
257, 1
258, 1
259, 1
260, 1
261, 1
262, 1
263, 1
264, 1
265, 1
266, 1
267, 1
268, 1
269, 1
270, 1
271, 1
272, 1
273, 1
274, 1
275, 1
276, 1
277, 1
278, 1
279, 1
280, 1
281, 1
282, 1
