bot_dist
0.0, 2.997946656345891
1.0, 3.0015347157530137
2.0, 3.0051517689795504
3.0, 3.0087977114599602
4.0, 3.0124724383017756
5.0, 3.016175844297606
6.0, 3.0199078239370625
7.0, 3.0236682714186043
8.0, 3.027457080661299
9.0, 3.0312741453165
10.0, 3.0351193587794367
11.0, 3.0389926142007155
12.0, 3.0428938044977314
13.0, 3.046822822365986
14.0, 3.050779560290315
15.0, 3.054763910556015
16.0, 3.058775765259881
17.0, 3.062815016321135
18.0, 3.0668815554922695
19.0, 3.0709752743697742
20.0, 3.075096064404771
21.0, 3.0792438169135448
22.0, 3.083418423087962
23.0, 3.087619774005794
24.0, 3.091847760640926
25.0, 3.0961022738734587
26.0, 3.1003832044997073
27.0, 3.104690443242083
28.0, 3.1090238807588713
29.0, 3.113383407653892
30.0, 3.1177689144860534
31.0, 3.122180291778793
32.0, 3.1266174300294
33.0, 3.1310802197182315
34.0, 3.1355685513178098
35.0, 3.1400823153018047
36.0, 3.144621402153906
37.0, 3.149185702376573
38.0, 3.153775106499676
39.0, 3.158389505089015
40.0, 3.1630287887547275
41.0, 3.167692848159579
42.0, 3.172381574027133
43.0, 3.177094744487091
44.0, 3.181832361908253
45.0, 3.186594317252251
46.0, 3.191380501573035
47.0, 3.196190806024463
48.0, 3.201025121867772
49.0, 3.2058833404789375
50.0, 3.210765353355914
51.0, 3.2156710521257614
52.0, 3.2206003285516505
53.0, 3.225553074539765
54.0, 3.2305291821460753
55.0, 3.2355285435830083
56.0, 3.240551051225996
57.0, 3.2455965976199135
58.0, 3.2506650754854065
59.0, 3.2557563777250986
60.0, 3.260870397429695
61.0, 3.266007027883968
62.0, 3.2711661625726345
63.0, 3.2763476951861215
64.0, 3.2815515196262233
65.0, 3.286777530011649
66.0, 3.2920256206834573
67.0, 3.2972956862103917
68.0, 3.302587621394101
69.0, 3.3079013212742554
70.0, 3.313236681133558
71.0, 3.3185935965026494
72.0, 3.323971963164912
73.0, 3.3293716771611637
74.0, 3.334792634794255
75.0, 3.3402347326335633
76.0, 3.3456978675193825
77.0, 3.3511819365672175
78.0, 3.3566868371719747
79.0, 3.3622124670120597
80.0, 3.3677587240533686
81.0, 3.3733255065531926
82.0, 3.3789127130640217
83.0, 3.384520242437252
84.0, 3.390147993826802
85.0, 3.3957958666926364
86.0, 3.4014637608041967
87.0, 3.407151576243739
88.0, 3.412859213409585
89.0, 3.4185865730192817
90.0, 3.424333556112675
91.0, 3.4301000640548907
92.0, 3.435885998539239
93.0, 3.441691261590024
94.0, 3.447515755565275
95.0, 3.4533593831593925
96.0, 3.459222047405711
97.0, 3.465103651678984
98.0, 3.4710040996977853
99.0, 3.4769232955268317
100.0, 3.4828611435792305
101.0, 3.4828611435792305
102.0, 3.4828611435792305
103.0, 3.4828611435792305
104.0, 3.4828611435792305
105.0, 3.4828611435792305
106.0, 3.4828611435792305
107.0, 3.4828611435792305
108.0, 3.4828611435792305
109.0, 3.4828611435792305
110.0, 3.4828611435792305
111.0, 3.4828611435792305
112.0, 3.4828611435792305
113.0, 3.4828611435792305
114.0, 3.4828611435792305
115.0, 3.4828611435792305
116.0, 3.4828611435792305
117.0, 3.4828611435792305
118.0, 3.4828611435792305
119.0, 3.4828611435792305
120.0, 3.4828611435792305
121.0, 3.4828611435792305
122.0, 3.4828611435792305
123.0, 3.4828611435792305
124.0, 3.4828611435792305
125.0, 3.4828611435792305
126.0, 3.4828611435792305
127.0, 3.4828611435792305
128.0, 3.4828611435792305
129.0, 3.4828611435792305
130.0, 3.4828611435792305
131.0, 3.4769232955268317
132.0, 3.4710040996977853
133.0, 3.465103651678984
134.0, 3.459222047405711
135.0, 3.4533593831593925
136.0, 3.447515755565275
137.0, 3.441691261590024
138.0, 3.435885998539239
139.0, 3.4301000640548907
140.0, 3.424333556112675
141.0, 3.4185865730192817
142.0, 3.412859213409585
143.0, 3.4119124208754217
144.0, 3.4062325552269637
145.0, 3.4005726094983735
146.0, 3.3949326833196074
147.0, 3.389312876630202
148.0, 3.383713289675922
149.0, 3.3781340230053245
150.0, 3.372575177466227
151.0, 3.2841042012694457
152.0, 3.195711138393668
153.0, 3.107402587862593
154.0, 3.019186019407351
155.0, 2.93106973820862
156.0, 2.8430630690204133
157.0, 2.7551765156412524
158.0, 2.667421950869838
159.0, 2.5798128438612182
160.0, 2.4923645336202815
161.0, 2.405094559736281
162.0, 2.318023064558622
163.0, 2.2311732850915713
164.0, 2.144572158290497
165.0, 2.0582510706546677
166.0, 1.972246792699962
167.0, 1.9677748193347322
168.0, 1.884039118777044
169.0, 1.800953325826741
170.0, 1.718611458700922
171.0, 1.6371257720765735
172.0, 1.5566307284208465
173.0, 1.4772882721995075
174.0, 1.474104196438508
175.0, 1.3997305196796381
176.0, 1.3274282945076918
177.0, 1.325042437083292
178.0, 1.3227278793093427
179.0, 1.3204849961098697
180.0, 1.318314153310547
181.0, 1.270566917664269
182.0, 1.2690724165567149
183.0, 1.2676550415179395
184.0, 1.2663150515275132
185.0, 1.265052692492664
186.0, 1.2638681970281862
187.0, 1.262761784246795
188.0, 1.1930608895074923
189.0, 1.1924891675623044
190.0, 1.122170471564872
191.0, 1.0547179361780743
192.0, 0.9907171430595517
193.0, 0.9308803173454463
194.0, 0.8760610982705326
195.0, 0.8272575811665429
196.0, 0.7855917122174859
197.0, 0.752250454320114
198.0, 0.72837787497807
199.0, 0.7149231332829109
200.0, 0.7124766798017146
201.0, 0.7211505578117718
202.0, 0.7405541234885665
203.0, 0.7698765275109658
204.0, 0.8080386750778092
205.0, 0.8538561402504491
206.0, 0.9061684672719648
207.0, 0.9639187978898347
208.0, 1.0261894473173463
209.0, 1.0922075304896557
210.0, 1.1613341347535935
211.0, 1.2330464964773882
212.0, 1.3069191490824126
213.0, 1.3162880427931343
214.0, 1.387633674040485
215.0, 1.4608660274476688
216.0, 1.4700022354279845
217.0, 1.4791496216851043
218.0, 1.488307980108446
219.0, 1.4974771093853676
220.0, 1.5066568128698743
221.0, 1.5158468984553277
222.0, 1.5250471784510289
223.0, 1.534257469462551
224.0, 1.543477592275701
225.0, 1.5527073717439928
226.0, 1.5619466366795178
227.0, 1.571195219747106
228.0, 1.5804529573616652
229.0, 1.5897196895886045
230.0, 1.5989952600472344
231.0, 1.5989952600472344
232.0, 1.5989952600472344
233.0, 1.5989952600472344
234.0, 1.5989952600472344
235.0, 1.5989952600472344
236.0, 1.5989952600472344
237.0, 1.5989952600472344
238.0, 1.5989952600472344
239.0, 1.5989952600472344
240.0, 1.5989952600472344
241.0, 1.5989952600472344
242.0, 1.5989952600472344
243.0, 1.5989952600472344
244.0, 1.5989952600472344
245.0, 1.5989952600472344
246.0, 1.5989952600472344
247.0, 1.5989952600472344
248.0, 1.5989952600472344
249.0, 1.5989952600472344
250.0, 1.5989952600472344
251.0, 1.5989952600472344
252.0, 1.5989952600472344
253.0, 1.5989952600472344
254.0, 1.5989952600472344
255.0, 1.5989952600472344
256.0, 1.5989952600472344
257.0, 1.5989952600472344
258.0, 1.5989952600472344
259.0, 1.5989952600472344
260.0, 1.5989952600472344
261.0, 1.5897196895886045
262.0, 1.5804529573616652
263.0, 1.571195219747106
264.0, 1.5619466366795178
265.0, 1.5527073717439928
266.0, 1.543477592275701
267.0, 1.534257469462551
268.0, 1.5250471784510289
269.0, 1.5158468984553277
270.0, 1.5066568128698743
271.0, 1.4974771093853676
272.0, 1.488307980108446
273.0, 1.4791496216851043
274.0, 1.4700022354279845
275.0, 1.4608660274476688
276.0, 1.4517412087881134
277.0, 1.442627995566352
278.0, 1.4335266091166172
279.0, 1.4244372761390234
280.0, 1.4153602288529636
281.0, 1.4062957051553717
282.0, 1.397243948784017
ee_dist
0.0, 1.0354102348595273
1.0, 1.0632359252219306
2.0, 1.1528041254842754
3.0, 1.2356361859082348
4.0, 1.2641432414166522
5.0, 1.2896403923104147
6.0, 1.323570890775762
7.0, 1.3608307230456402
8.0, 1.4001684565766839
9.0, 1.4366238224114607
10.0, 1.4717097460339614
11.0, 1.5054262396246072
12.0, 1.5376348976987106
13.0, 1.567050410289771
14.0, 1.594991056056891
15.0, 1.6202494760095627
16.0, 1.6446995617971611
17.0, 1.6660916446949567
18.0, 1.6873054331455501
19.0, 1.705516782481219
20.0, 1.724067288169486
21.0, 1.6982288485273762
22.0, 1.6617808895122546
23.0, 1.6222840788179234
24.0, 1.5792551638252514
25.0, 1.532657539724661
26.0, 1.4829084200489968
27.0, 1.4302689286068238
28.0, 1.374588993694973
29.0, 1.316436287786788
30.0, 1.2556028580852203
31.0, 1.1929687857395805
32.0, 1.1293576836211858
33.0, 1.0636765804438872
34.0, 0.9969278195138904
35.0, 0.9306125158369166
36.0, 0.8636443495306577
37.0, 0.8015841607759223
38.0, 0.7422904917012614
39.0, 0.688237436621643
40.0, 0.6420403587418939
41.0, 0.6561874763354797
42.0, 0.7377472352139571
43.0, 1.0497171653325237
44.0, 1.0074585153369444
45.0, 0.9636637729003885
46.0, 0.9175762830931755
47.0, 0.8695176725891886
48.0, 0.8192626919051736
49.0, 0.7671472080680904
50.0, 0.7134826163371755
51.0, 0.6590070799367826
52.0, 0.6039252405211178
53.0, 0.548398332282331
54.0, 0.4927013794609682
55.0, 0.43720359860456814
56.0, 0.38330976887104123
57.0, 0.3318962323685492
58.0, 0.3716585409730661
59.0, 0.4397044760091277
60.0, 0.518290750055799
61.0, 0.6068313332412255
62.0, 0.699631047391612
63.0, 0.7915052029152834
64.0, 0.8776774286757134
65.0, 0.9448018068878721
66.0, 1.0025223780714025
67.0, 1.0610813930045113
68.0, 1.114623182995249
69.0, 1.1673771535285673
70.0, 1.2200808481963303
71.0, 1.2710272206534534
72.0, 1.3261054900838491
73.0, 1.3868317754631383
74.0, 1.4521755666952534
75.0, 1.5286445344686257
76.0, 1.6143732258069285
77.0, 1.7095211429769261
78.0, 1.8090491799255572
79.0, 1.907867727415923
80.0, 2.0015378795519023
81.0, 2.0802577467139267
82.0, 2.144232781985809
83.0, 2.207251877834475
84.0, 2.2675894773270646
85.0, 2.327063048389412
86.0, 2.376038092844474
87.0, 2.402887347504648
88.0, 2.4337825782145583
89.0, 2.4731250441846067
90.0, 2.525115444921823
91.0, 2.6074727547409773
92.0, 2.701355951274662
93.0, 2.8021582362836064
94.0, 2.909868678826728
95.0, 3.016608522840386
96.0, 3.1186500143868288
97.0, 3.209928104341944
98.0, 3.2984017004527004
99.0, 3.3474156049928494
100.0, 3.4147939128143543
101.0, 3.478060816328192
102.0, 3.5500376534087787
103.0, 3.6118460463371207
104.0, 3.684674493970582
105.0, 3.7438603023559773
106.0, 3.8129870611245895
107.0, 3.89381634910636
108.0, 3.9928550430458065
109.0, 4.083176049796741
110.0, 4.190543134908806
111.0, 4.298551534490206
112.0, 4.4022088116494364
113.0, 4.496585013963848
114.0, 4.57197798840357
115.0, 4.643211885100317
116.0, 4.705642636754433
117.0, 4.769624899564234
118.0, 4.813280684551654
119.0, 4.855227362446918
120.0, 4.897498112218506
121.0, 4.937576577463094
122.0, 4.977445266473188
123.0, 5.014645716842579
124.0, 5.051168383990311
125.0, 5.084593744275676
126.0, 5.116935123431413
127.0, 5.14581139252439
128.0, 5.173257659989153
129.0, 5.196937424365574
130.0, 5.21890350561124
131.0, 5.236866696120337
132.0, 5.252899348073787
133.0, 5.264759313494577
134.0, 5.274536169911107
135.0, 5.280037658594201
136.0, 5.283368533989845
137.0, 5.2823876204858955
138.0, 5.279215534403987
139.0, 5.271761078880159
140.0, 5.26216247390125
141.0, 5.248375912466068
142.0, 5.232556035963998
143.0, 4.604159998741439
144.0, 4.5919453476581005
145.0, 4.583283181561695
146.0, 4.57600888501289
147.0, 4.572487931834062
148.0, 4.57040195931724
149.0, 4.572145140754765
150.0, 4.575316927624922
151.0, 4.493498954830361
152.0, 4.410526939156779
153.0, 4.328780276908881
154.0, 4.24588372035581
155.0, 4.1642166284471
156.0, 4.081404766342535
157.0, 3.9998271444778184
158.0, 3.9171107695405873
159.0, 3.835634218346955
160.0, 3.753026020315392
161.0, 3.671664219722817
162.0, 3.5761200973048513
163.0, 3.493653742870983
164.0, 3.4271344579744536
165.0, 3.3445422910397173
166.0, 3.2422063658412115
167.0, 3.2719780639611145
168.0, 3.1907518112864857
169.0, 3.112095587406178
170.0, 3.0323371743339633
171.0, 2.9539909413171284
172.0, 2.855270032457117
173.0, 2.7978801125567494
174.0, 2.808293638299266
175.0, 2.7339050698665073
176.0, 2.6587606991346293
177.0, 2.6744377830038717
178.0, 2.6913317072566705
179.0, 2.7112940624597774
180.0, 2.7322642527193377
181.0, 2.6774735820853564
182.0, 2.655186973810676
183.0, 2.6356567938531836
184.0, 2.6172218891543344
185.0, 2.6020279646872595
186.0, 2.588129893878611
187.0, 2.5778549365681656
188.0, 2.49797058514802
189.0, 2.490044838986738
190.0, 2.4082873521727786
191.0, 2.3278698595353338
192.0, 2.24643676537268
193.0, 2.166376874676259
194.0, 2.0853450224637324
195.0, 2.005730633871809
196.0, 1.9252026221475897
197.0, 1.846152090128286
198.0, 1.7662678057551584
199.0, 1.68794409144135
200.0, 1.6088984861338593
201.0, 1.5315314307881465
202.0, 1.4536032015078957
203.0, 1.3775258047912227
204.0, 1.3011248010462635
205.0, 1.226834020539421
206.0, 1.1525820245239489
207.0, 1.0808432573795559
208.0, 1.009712279355141
209.0, 0.9417417667499192
210.0, 0.8752994281847304
211.0, 0.813073499244174
212.0, 0.753879859522705
213.0, 0.7339676480045018
214.0, 0.6731103038545508
215.0, 0.6185617546915034
216.0, 0.5966117202962756
217.0, 0.5780631716543768
218.0, 0.5612607332962725
219.0, 0.5487842354056222
220.0, 0.5385995110894304
221.0, 0.5334354999342915
222.0, 0.5309085623599329
223.0, 0.5336521858492624
224.0, 0.5390401055755122
225.0, 0.5494106062317679
226.0, 0.5620943423667936
227.0, 0.5790357722282388
228.0, 0.5977600351322101
229.0, 0.6197978119756514
230.0, 0.6193958262722072
231.0, 0.6197978119756514
232.0, 0.6193958262722072
233.0, 0.6197978119756514
234.0, 0.6193958262722072
235.0, 0.6197978119756514
236.0, 0.6193958262722072
237.0, 0.6197978119756514
238.0, 0.6193958262722072
239.0, 0.6197978119756514
240.0, 0.6193958262722072
241.0, 0.6197978119756514
242.0, 0.6191391630726603
243.0, 0.6263259919336808
244.0, 0.6377121487487808
245.0, 0.6487288626504434
246.0, 0.6624989125945264
247.0, 0.6772459011396083
248.0, 0.6936786529764987
249.0, 0.7108014434244144
250.0, 0.7293923738548403
251.0, 0.7483982688011198
252.0, 0.7686341311070066
253.0, 0.7890435388431374
254.0, 0.8103997795631058
255.0, 0.8316968787059134
256.0, 0.8536275339567727
257.0, 0.875280326160597
258.0, 0.8972613380923667
259.0, 0.9187731948642047
260.0, 0.9403632516000878
261.0, 0.9613003073397304
262.0, 0.982112201027071
263.0, 0.9625065781049594
264.0, 0.9390005679195822
265.0, 0.9146849182658743
266.0, 0.8894177345928891
267.0, 0.8634214819120785
268.0, 0.8367731741210351
269.0, 0.8097293120815166
270.0, 0.7823965333639435
271.0, 0.7550867436480379
272.0, 0.7279473012192352
273.0, 0.7013532541578318
274.0, 0.6755073802108986
275.0, 0.6447412148526058
276.0, 0.6097803409249645
277.0, 0.5868604675278823
278.0, 0.5673984256229446
279.0, 0.5488797697070428
280.0, 0.5345054155418489
281.0, 0.5238801867658
282.0, 0.5176628373417964
ee_box_dist
0.0, 0.7489204359165974
1.0, 0.7855885141335667
2.0, 0.8204063495220619
3.0, 0.8538536054007637
4.0, 0.8908639031630549
5.0, 0.9280422910770059
6.0, 0.9658533082758265
7.0, 1.0029146632546215
8.0, 1.0399318040707828
9.0, 1.0732089540142025
10.0, 1.104209389677504
11.0, 1.133557635422776
12.0, 1.1611886469791273
13.0, 1.1861079924087312
14.0, 1.2096143834001714
15.0, 1.230679549364651
16.0, 1.2510235881517124
17.0, 1.268633481128796
18.0, 1.2862412560084588
19.0, 1.3011512951531434
20.0, 1.3165367498591714
21.0, 1.2933866892629173
22.0, 1.2612603531271858
23.0, 1.2262984717743146
24.0, 1.188120631125687
25.0, 1.1467612887363867
26.0, 1.1024516774713184
27.0, 1.0553890441733729
28.0, 1.005405246281021
29.0, 0.9530223377769358
30.0, 0.8978750688164193
31.0, 0.8406685692822051
32.0, 0.7819891723422294
33.0, 0.7207241546698492
34.0, 0.6573988378679337
35.0, 0.5931249451879094
36.0, 0.5160805672573477
37.0, 0.44829873034137424
38.0, 0.38409755676411084
39.0, 0.32097881520997645
40.0, 0.26387358059451727
41.0, 0.2772093220413766
42.0, 0.29155311021354413
43.0, 0.305485339018022
44.0, 0.3194830056899073
45.0, 0.3333785591220714
46.0, 0.34725202247815135
47.0, 0.3609615008457751
48.0, 0.37456626233418666
49.0, 0.3879854655918841
50.0, 0.40119530365041084
51.0, 0.41422208216681433
52.0, 0.4269574217221975
53.0, 0.4395165630294035
54.0, 0.45177557354698755
55.0, 0.463891662138247
56.0, 0.4757447173804298
57.0, 0.4874648934735736
58.0, 0.49892520726845613
59.0, 0.5101474426983141
60.0, 0.5211933766672554
61.0, 0.531975771954088
62.0, 0.5424783020287952
63.0, 0.5524476264585992
64.0, 0.5620512462177892
65.0, 0.5717186893479895
66.0, 0.5810425321618166
67.0, 0.5900586579120024
68.0, 0.5987183410399112
69.0, 0.6070582588923402
70.0, 0.6150314353229281
71.0, 0.622671370104708
72.0, 0.6299340904467574
73.0, 0.6368473244492875
74.0, 0.6433717426343075
75.0, 0.6495301415821944
76.0, 0.6552872471334019
77.0, 0.6606614559800313
78.0, 0.6656196859956096
79.0, 0.6701776234253264
80.0, 0.6743040062537463
81.0, 0.6780114243804712
82.0, 0.6812698037348771
83.0, 0.6840904788583132
84.0, 0.6864435622341156
85.0, 0.6883417978937941
86.0, 0.7080427674137435
87.0, 0.7539291052460598
88.0, 0.7919651154432445
89.0, 0.8253459630813063
90.0, 0.8489741337281141
91.0, 0.8494397535035273
92.0, 0.8487419432952441
93.0, 0.8493874625989171
94.0, 0.8487385252787805
95.0, 0.8493809938705961
96.0, 0.8487431874444227
97.0, 0.8462316167886242
98.0, 0.8297271101619426
99.0, 0.8503803537612706
100.0, 0.8486086535070442
101.0, 0.8495126920225078
102.0, 0.8392722434862205
103.0, 0.8392156416372922
104.0, 0.8299188570160859
105.0, 0.8408809786777316
106.0, 0.8457157003048164
107.0, 0.8460445996997893
108.0, 0.8392045826579649
109.0, 0.8497382901346945
110.0, 0.8487956196710165
111.0, 0.8494298323030441
112.0, 0.8487783297252902
113.0, 0.849422900351389
114.0, 0.8487789421553794
115.0, 0.8448630648216838
116.0, 0.8492504748906262
117.0, 0.8494515622168252
118.0, 0.8487370040727583
119.0, 0.849380371870311
120.0, 0.8487240648313201
121.0, 0.8493668706562013
122.0, 0.848722338945543
123.0, 0.8493648780264291
124.0, 0.848722157238982
125.0, 0.849364583536723
126.0, 0.8487220884404436
127.0, 0.8493645202750746
128.0, 0.8487220884404436
129.0, 0.8493645697770555
130.0, 0.8487220829104248
131.0, 0.8493645258117675
132.0, 0.8487220471613209
133.0, 0.8493645120521007
134.0, 0.8487220829104248
135.0, 0.8493645890734098
136.0, 0.8487221022001511
137.0, 0.8493645670907675
138.0, 0.8487221022001511
139.0, 0.8493645533311008
140.0, 0.8487220966701328
141.0, 0.8493645890734098
142.0, 0.8487221159598587
143.0, 1.5707120295521375
144.0, 1.571330170257511
145.0, 1.5692007075655474
146.0, 1.5662366827208138
147.0, 1.560551899215545
148.0, 1.5540447447690593
149.0, 1.5448888017186058
150.0, 1.5349289641399655
151.0, 1.6087746420992013
152.0, 1.684358781126469
153.0, 1.759770926082766
154.0, 1.8367571661574429
155.0, 1.913370545294633
156.0, 1.9914430133866763
157.0, 2.0689939571376343
158.0, 2.147922089205139
159.0, 2.2262166972996797
160.0, 2.305829304242277
161.0, 2.3847224197939947
162.0, 2.4763366099440405
163.0, 2.5569734195236387
164.0, 2.6234844816932674
165.0, 2.7046302526178505
166.0, 2.8043515073347365
167.0, 2.776661630312686
168.0, 2.857427050248319
169.0, 2.936283322737217
170.0, 3.0165281814562284
171.0, 3.095900436336848
172.0, 3.1951368078607008
173.0, 3.255325409380298
174.0, 3.2483222878085938
175.0, 3.326470731269791
176.0, 3.4060260357397234
177.0, 3.3953001031762873
178.0, 3.3835788209895403
179.0, 3.3689155153900328
180.0, 3.3533072833081845
181.0, 3.4216270146288355
182.0, 3.4378298113678993
183.0, 3.4511676608410737
184.0, 3.4635341340646706
185.0, 3.4728345126052718
186.0, 3.4810965554850006
187.0, 3.48617031649988
188.0, 3.5686957455211767
189.0, 3.571519261139559
190.0, 3.6546424699847733
191.0, 3.7366691199785005
192.0, 3.8198678231852607
193.0, 3.9020000579982668
194.0, 3.985245340026558
195.0, 4.067419576620071
196.0, 4.150719370026183
197.0, 4.232930835892083
198.0, 4.316274832431063
199.0, 4.398526766045888
200.0, 4.481917006152905
201.0, 4.564208121411211
202.0, 4.647629597250148
203.0, 4.729965859714021
204.0, 4.8134050935296075
205.0, 4.89576248024603
206.0, 4.979247313209367
207.0, 5.061625243664067
208.0, 5.1451408029145975
209.0, 5.227541886077016
210.0, 5.311082225652411
211.0, 5.393506171689144
212.0, 5.477069409221404
213.0, 5.477147296482316
214.0, 5.560669966780843
215.0, 5.64308586226963
216.0, 5.642041623469763
217.0, 5.637607774905061
218.0, 5.6320269122670785
219.0, 5.623143734439703
220.0, 5.613137078428811
221.0, 5.600014606756822
222.0, 5.585809178786311
223.0, 5.568742980697415
224.0, 5.550693438545207
225.0, 5.530092744840766
226.0, 5.508611502354848
227.0, 5.484980440317945
228.0, 5.460592482004056
229.0, 5.4345117647596215
230.0, 5.434719149837314
231.0, 5.4345093369678645
232.0, 5.434717661740387
233.0, 5.434505563679642
234.0, 5.434714570808861
235.0, 5.434504001373107
236.0, 5.434710996857641
237.0, 5.434502235670791
238.0, 5.434708461742178
239.0, 5.434498213878571
240.0, 5.434709571162985
241.0, 5.434495987353923
242.0, 5.434852755703522
243.0, 5.432977488212837
244.0, 5.433252208190333
245.0, 5.433828430640798
246.0, 5.43317612561744
247.0, 5.431994274625977
248.0, 5.429906045987953
249.0, 5.427180507930224
250.0, 5.423481866664871
251.0, 5.419134306670147
252.0, 5.413769430845513
253.0, 5.407873675302159
254.0, 5.401020834336288
255.0, 5.393792692041797
256.0, 5.385730519495235
257.0, 5.3774653120822515
258.0, 5.36853537641445
259.0, 5.359551079382445
260.0, 5.350028575581287
261.0, 5.340663907040922
262.0, 5.330897752199721
263.0, 5.347638115493156
264.0, 5.368911958218369
265.0, 5.390422033938611
266.0, 5.412209312685504
267.0, 5.434133043691868
268.0, 5.455986379313724
269.0, 5.477628043685219
270.0, 5.498878944826794
271.0, 5.519599627257294
272.0, 5.539608411070663
273.0, 5.55878573226214
274.0, 5.576960010717359
275.0, 5.600822501944738
276.0, 5.62929461636876
277.0, 5.644903262140164
278.0, 5.657672658276777
279.0, 5.67076217328502
280.0, 5.68123134181838
281.0, 5.68989298020925
282.0, 5.696364993839437
spot_hold
0, 0
1, 0
2, 0
3, 0
4, 0
5, 0
6, 0
7, 0
8, 0
9, 0
10, 0
11, 0
12, 0
13, 0
14, 0
15, 0
16, 0
17, 0
18, 0
19, 0
20, 0
21, 0
22, 0
23, 0
24, 0
25, 0
26, 0
27, 0
28, 0
29, 0
30, 0
31, 0
32, 0
33, 0
34, 0
35, 0
36, 0
37, 0
38, 0
39, 0
40, 0
41, 1
42, 1
43, 1
44, 1
45, 1
46, 1
47, 1
48, 1
49, 1
50, 1
51, 1
52, 1
53, 1
54, 1
55, 1
56, 1
57, 1
58, 1
59, 1
60, 1
61, 1
62, 1
63, 1
64, 1
65, 1
66, 1
67, 1
68, 1
69, 1
70, 1
71, 1
72, 1
73, 1
74, 1
75, 1
76, 1
77, 1
78, 1
79, 1
80, 1
81, 1
82, 1
83, 1
84, 1
85, 1
86, 1
87, 1
88, 1
89, 1
90, 1
91, 1
92, 1
93, 1
94, 1
95, 1
96, 1
97, 1
98, 1
99, 1
100, 1
101, 1
102, 1
103, 1
104, 1
105, 1
106, 1
107, 1
108, 1
109, 1
110, 1
111, 1
112, 1
113, 1
114, 1
115, 1
116, 1
117, 1
118, 1
119, 1
120, 1
121, 1
122, 1
123, 1
124, 1
125, 1
126, 1
127, 1
128, 1
129, 1
130, 1
131, 1
132, 1
133, 1
134, 1
135, 1
136, 1
137, 1
138, 1
139, 1
140, 1
141, 1
142, 1
143, 1
144, 1
145, 1
146, 1
147, 1
148, 1
149, 1
150, 1
151, 1
152, 1
153, 1
154, 1
155, 1
156, 1
157, 1
158, 1
159, 1
160, 1
161, 1
162, 1
163, 1
164, 1
165, 1
166, 1
167, 1
168, 1
169, 1
170, 1
171, 1
172, 1
173, 1
174, 1
175, 1
176, 1
177, 1
178, 1
179, 1
180, 1
181, 1
182, 1
183, 1
184, 1
185, 1
186, 1
187, 1
188, 1
189, 1
190, 1
191, 1
192, 1
193, 1
194, 1
195, 1
196, 1
197, 1
198, 1
199, 1
200, 1
201, 1
202, 1
203, 1
204, 1
205, 1
206, 1
207, 1
208, 1
209, 1
210, 1
211, 1
212, 1
213, 1
214, 1
215, 1
216, 1
217, 1
218, 1
219, 1
220, 1
221, 1
222, 1
223, 1
224, 1
225, 1
226, 1
227, 1
228, 1
229, 1
230, 1
231, 1
232, 1
233, 1
234, 1
235, 1
236, 1
237, 1
238, 1
239, 1
240, 1
241, 1
242, 1
243, 1
244, 1
245, 1
246, 1
247, 1
248, 1
249, 1
250, 1
251, 1
252, 1
253, 1
254, 1
255, 1
256, 1
257, 1
258, 1
259, 1
260, 1
261, 1
262, 1
263, 1
264, 1
265, 1
266, 1
267, 1
268, 1
269, 1
270, 1
271, 1
272, 1
273, 1
274, 1
275, 1
276, 1
277, 1
278, 1
279, 1
280, 1
281, 1
282, 1
