Error weights
segment 0:
average: 2.3266666666666667 max: 3 percentage: 0.925 [3, 3, 3, 2, 3, 1, 2, 0, 2, 2, 3, 1, 3, 2, 3, 0, 3, 3, 2, 1, 3, 0, 3, 0, 3, 2, 3, 0, 3, 3, 3, 2, 3, 0, 3, 3, 3, 2, 2, 2, 3, 1, 3, 2, 3, 0, 3, 3, 3, 2, 3, 0, 3, 3, 3, 2, 3, 0, 3, 3, 3, 2, 3, 0, 3, 3, 2, 1, 3, 0, 3, 0, 3, 2, 3, 0, 3, 3, 3, 2, 3, 0, 3, 3, 3, 2, 3, 0, 3, 3, 3, 2, 3, 0, 3, 3, 3, 2, 3, 0, 3, 3, 3, 2, 3, 0, 3, 3, 2, 1, 3, 0, 3, 0, 3, 2, 3, 0, 3, 3, 3, 2, 3, 0, 3, 3, 3, 2, 3, 0, 3, 3, 3, 2, 3, 0, 3, 3, 3, 2, 3, 0, 3, 3, 3, 2, 3, 0, 3, 3, 3, 2, 3, 0, 3, 3, 3, 2, 3, 0, 3, 3, 3, 0, 3, 0, 3, 0, 3, 2, 2, 1, 3, 0, 3, 2, 3, 2, 3, 1, 3, 2, 3, 2, 3, 2, 3, 2, 3, 0, 3, 2, 3, 0, 3, 3, 3, 3, 3, 3, 1, 3, 2, 2, 3, 1, 2, 2, 2, 1, 3, 2, 2, 2, 3, 1, 3, 2, 3, 2, 3, 3, 3, 2, 3, 2, 3, 3, 3, 2, 3, 2, 3, 3, 2, 2, 3, 2, 3, 3, 3, 2, 3, 2, 3, 3, 3, 2, 3, 2, 3, 3, 3, 2, 3, 2, 3, 2, 3, 2, 3, 2, 3, 0, 3, 2, 3, 2, 3, 3, 2, 2, 3, 3, 3, 2, 3, 2, 3, 2, 3, 3, 3, 2, 3, 2, 3, 0, 3, 2, 3, 2, 3, 0, 3, 2, 3, 2, 3, 0, 3, 2, 3, 2, 3, 2, 3, 2, 3, 2, 2, 2, 1, 2, 3, 2, 3, 2, 3, 0, 3, 2, 3, 0, 3, 2, 3, 2, 3, 0, 3, 2, 3, 2, 3, 0, 3, 2, 3, 2, 3, 2, 3, 2, 3, 2, 3, 2, 3, 2, 3, 2, 3, 2, 3, 2, 3, 2, 3, 2, 3, 2, 3, 2, 3, 0, 3, 2, 1, 2, 3, 0, 3, 3, 3, 3, 3, 3, 3, 3, 3, 3, 2, 2, 3, 2, 3, 2, 3, 2, 3, 2, 3, 2, 3, 2, 3, 0, 3, 2, 2, 2, 2, 3, 2, 2, 1, 3, 3, 2, 3, 3, 3, 2, 3, 3, 3, 2, 3, 3, 3, 2, 3, 3, 3, 2, 3, 1, 3, 2, 3, 1, 3, 2, 3, 1, 3, 2, 3, 1, 3, 2, 3, 1, 3, 2, 3, 1, 3, 2, 3, 1, 3, 2, 3, 1, 3, 2, 3, 1, 3, 2, 3, 2, 3, 2, 3, 1, 3, 2, 3, 1, 3, 2, 3, 1, 3, 2, 3, 1, 3, 2, 3, 1, 3, 2, 3, 1, 2, 2, 3, 2, 3, 2, 3, 2, 3, 2, 3, 2, 3, 1, 2, 2, 3, 2, 3, 2, 3, 2, 3, 2, 3, 2, 3, 2, 3, 2, 3, 2, 3, 2, 3, 2, 3, 1, 2, 2, 3, 2, 3, 2, 3, 2, 3, 2, 3, 2, 3, 2, 3, 2, 3, 3, 3, 1, 2, 2, 3, 2, 3, 2, 3, 2, 3, 2, 3, 2, 3, 2, 3, 2, 3, 2, 3, 2, 3, 2, 3, 1, 2, 2, 3, 2, 3, 2, 3, 2, 3, 2, 3, 2, 3, 2, 3, 2, 3, 2, 3, 2, 3, 2, 3, 2, 3, 2, 3, 2, 3, 2]
segment 1:
average: 2.473333333333333 max: 3 percentage: 1.0 [1, 1, 1, 3, 1, 3, 3, 3, 1, 3, 1, 3, 1, 3, 1, 3, 1, 3, 1, 3, 1, 3, 1, 3, 1, 3, 1, 3, 1, 3, 1, 3, 1, 3, 1, 3, 1, 3, 1, 3, 1, 3, 1, 3, 1, 3, 1, 3, 1, 3, 1, 3, 1, 3, 1, 3, 1, 3, 1, 3, 1, 3, 1, 3, 1, 3, 1, 3, 1, 3, 1, 3, 1, 3, 1, 3, 1, 3, 1, 3, 1, 3, 1, 3, 1, 3, 1, 3, 1, 3, 1, 3, 1, 3, 1, 3, 1, 3, 1, 3, 1, 3, 1, 3, 1, 3, 1, 3, 1, 3, 1, 3, 1, 3, 1, 3, 1, 3, 1, 3, 1, 3, 1, 3, 1, 3, 1, 3, 1, 3, 1, 3, 1, 3, 1, 3, 1, 3, 1, 3, 1, 3, 1, 3, 1, 3, 1, 3, 1, 3, 1, 3, 1, 3, 1, 3, 1, 3, 1, 3, 1, 3, 3, 3, 1, 3, 3, 3, 3, 3, 1, 3, 1, 3, 3, 1, 1, 3, 1, 1, 1, 3, 1, 3, 1, 3, 1, 3, 1, 3, 1, 1, 1, 1, 1, 3, 1, 3, 1, 3, 3, 3, 3, 3, 1, 3, 3, 3, 1, 3, 3, 3, 1, 3, 3, 3, 3, 3, 3, 3, 3, 3, 3, 3, 3, 3, 3, 3, 3, 3, 3, 3, 3, 3, 3, 3, 3, 3, 3, 3, 3, 3, 3, 3, 3, 3, 3, 3, 3, 3, 3, 3, 3, 3, 3, 3, 3, 3, 3, 3, 3, 3, 3, 3, 3, 3, 3, 1, 3, 3, 1, 3, 3, 3, 3, 3, 3, 3, 3, 3, 3, 3, 3, 3, 3, 3, 3, 3, 3, 3, 3, 3, 3, 3, 3, 3, 3, 3, 1, 1, 1, 3, 3, 3, 1, 3, 3, 3, 1, 3, 1, 1, 3, 3, 3, 3, 3, 3, 3, 3, 3, 3, 3, 3, 1, 3, 1, 3, 3, 3, 1, 3, 3, 3, 1, 1, 3, 3, 3, 3, 3, 3, 3, 3, 1, 3, 3, 3, 1, 3, 3, 3, 1, 3, 3, 3, 1, 3, 3, 3, 3, 3, 3, 3, 3, 3, 1, 1, 3, 3, 3, 1, 3, 3, 3, 3, 3, 3, 3, 3, 3, 3, 1, 3, 3, 3, 3, 3, 3, 3, 3, 3, 3, 3, 3, 3, 3, 1, 3, 3, 3, 1, 1, 3, 1, 3, 3, 3, 3, 3, 1, 3, 1, 3, 3, 3, 1, 3, 3, 3, 1, 3, 3, 3, 3, 3, 3, 3, 3, 3, 1, 3, 3, 3, 3, 3, 3, 3, 1, 3, 3, 3, 3, 3, 3, 3, 1, 3, 3, 3, 3, 3, 3, 3, 1, 3, 3, 3, 3, 3, 3, 3, 1, 1, 3, 3, 3, 3, 3, 3, 3, 3, 3, 3, 3, 3, 3, 3, 3, 3, 3, 3, 3, 3, 3, 3, 3, 1, 3, 3, 3, 1, 1, 3, 3, 3, 3, 3, 3, 3, 3, 1, 3, 3, 3, 3, 1, 3, 3, 3, 3, 3, 3, 3, 3, 3, 1, 3, 3, 3, 1, 1, 3, 3, 3, 1, 3, 3, 3, 3, 3, 3, 3, 3, 3, 3, 3, 3, 3, 3, 3, 3, 3, 3, 3, 1, 3, 3, 3, 3, 3, 3, 3, 1, 1, 3, 3, 3, 3, 3, 3, 3, 3, 3, 3, 3, 3, 3, 3, 1, 3, 3, 3, 3, 3, 3, 3, 3, 1, 3, 3, 3, 1, 3, 3, 3, 1, 3, 3, 3, 1, 3, 3, 3, 1, 3, 3, 3, 3, 1]

Counterexample types
segment 0:
Types: 4
(1, 1) : 320
(1, 0) : 34
(0, 1) : 201
(0, 0) : 45
segment 1:
Types: 2
(1, 1) : 442
(0, 1) : 158

