Error weights
segment 0:
average: 2.245 max: 3 percentage: 0.925 [2, 3, 2, 3, 3, 2, 1, 3, 2, 2, 3, 2, 3, 1, 0, 1, 3, 2, 3, 3, 2, 3, 2, 2, 3, 3, 2, 0, 1, 2, 2, 3, 2, 3, 3, 0, 1, 3, 2, 3, 3, 2, 3, 3, 2, 3, 3, 2, 1, 1, 2, 3, 3, 2, 2, 3, 0, 1, 3, 2, 3, 3, 2, 3, 3, 2, 3, 3, 2, 1, 0, 2, 3, 3, 2, 3, 3, 2, 3, 3, 2, 2, 3, 2, 3, 3, 2, 3, 3, 2, 0, 1, 2, 3, 3, 2, 3, 3, 2, 3, 3, 2, 3, 3, 0, 3, 3, 2, 2, 3, 2, 1, 1, 0, 3, 3, 2, 3, 3, 2, 3, 3, 2, 3, 3, 0, 0, 3, 2, 3, 3, 2, 3, 3, 2, 2, 3, 2, 3, 3, 2, 3, 2, 2, 3, 3, 0, 1, 1, 2, 3, 3, 2, 3, 3, 0, 3, 3, 2, 3, 1, 2, 2, 3, 2, 3, 3, 0, 1, 1, 2, 3, 3, 2, 2, 3, 2, 3, 3, 2, 3, 1, 2, 3, 3, 2, 3, 3, 0, 0, 1, 2, 3, 3, 2, 3, 3, 2, 2, 3, 2, 3, 2, 3, 3, 2, 1, 3, 2, 2, 3, 2, 3, 1, 0, 1, 3, 2, 3, 3, 2, 3, 2, 2, 3, 3, 2, 0, 1, 2, 2, 3, 2, 3, 3, 0, 1, 3, 2, 3, 3, 2, 3, 3, 2, 3, 3, 2, 1, 1, 2, 3, 3, 2, 2, 3, 0, 1, 3, 2, 3, 3, 2, 3, 3, 2, 3, 3, 2, 1, 0, 2, 3, 3, 2, 3, 3, 2, 3, 3, 2, 2, 3, 2, 3, 3, 2, 3, 3, 2, 0, 1, 2, 3, 3, 2, 3, 3, 2, 3, 3, 2, 3, 3, 0, 3, 3, 2, 2, 3, 2, 1, 1, 0, 3, 3, 2, 3, 3, 2, 3, 3, 2, 3, 3, 0, 0, 3, 2, 3, 3, 2, 3, 3, 2, 2, 3, 2, 3, 3, 2, 3, 2, 2, 3, 3, 0, 1, 1, 2, 3, 3, 2, 3, 3, 0, 3, 3, 2, 3, 1, 2, 2, 3, 2, 3, 3, 0, 1, 1, 2, 3, 3, 2, 2, 3, 2, 3, 3, 2, 3, 1, 2, 3, 3, 2, 3, 3, 0, 0, 1, 2, 3, 3, 2, 3, 3, 2, 2, 3, 2, 3, 2, 3, 3, 2, 1, 3, 2, 2, 3, 2, 3, 1, 0, 1, 3, 2, 3, 3, 2, 3, 2, 2, 3, 3, 2, 0, 1, 2, 2, 3, 2, 3, 3, 0, 1, 3, 2, 3, 3, 2, 3, 3, 2, 3, 3, 2, 1, 1, 2, 3, 3, 2, 2, 3, 0, 1, 3, 2, 3, 3, 2, 3, 3, 2, 3, 3, 2, 1, 0, 2, 3, 3, 2, 3, 3, 2, 3, 3, 2, 2, 3, 2, 3, 3, 2, 3, 3, 2, 0, 1, 2, 3, 3, 2, 3, 3, 2, 3, 3, 2, 3, 3, 0, 3, 3, 2, 2, 3, 2, 1, 1, 0, 3, 3, 2, 3, 3, 2, 3, 3, 2, 3, 3, 0, 0, 3, 2, 3, 3, 2, 3, 3, 2, 2, 3, 2, 3, 3, 2, 3, 2, 2, 3, 3, 0, 1, 1, 2, 3, 3, 2, 3, 3, 0, 3, 3, 2, 3, 1, 2, 2, 3, 2, 3, 3, 0, 1, 1, 2, 3, 3, 2, 2, 3, 2, 3, 3, 2, 3, 1, 2, 3, 3, 2, 3, 3, 0, 0, 1, 2, 3, 3, 2, 3, 3, 2, 2, 3]
segment 1:
average: 2.465 max: 3 percentage: 1.0 [3, 1, 3, 1, 1, 3, 1, 3, 3, 3, 3, 3, 1, 1, 3, 3, 1, 3, 3, 3, 3, 3, 3, 3, 3, 3, 3, 3, 1, 1, 3, 3, 3, 1, 3, 3, 3, 1, 2, 3, 3, 3, 1, 3, 1, 3, 1, 3, 1, 1, 3, 3, 3, 3, 1, 3, 3, 3, 3, 3, 3, 3, 3, 3, 3, 1, 3, 1, 3, 3, 1, 3, 1, 3, 1, 3, 3, 3, 1, 1, 3, 3, 3, 3, 3, 3, 1, 1, 3, 3, 3, 3, 3, 1, 3, 3, 3, 3, 1, 1, 1, 3, 3, 3, 1, 3, 3, 3, 3, 3, 3, 3, 3, 3, 3, 3, 3, 3, 3, 3, 1, 3, 3, 1, 1, 3, 1, 1, 3, 3, 3, 3, 3, 3, 3, 3, 3, 3, 1, 3, 3, 3, 3, 3, 3, 3, 1, 1, 1, 1, 3, 3, 3, 1, 1, 3, 3, 3, 3, 1, 3, 3, 3, 1, 3, 3, 1, 3, 1, 3, 3, 3, 1, 3, 1, 3, 3, 3, 3, 1, 3, 1, 3, 1, 3, 3, 3, 3, 3, 3, 3, 3, 1, 3, 3, 3, 3, 3, 3, 3, 3, 1, 3, 1, 1, 3, 1, 3, 3, 3, 3, 3, 1, 1, 3, 3, 1, 3, 3, 3, 3, 3, 3, 3, 3, 3, 3, 3, 1, 1, 3, 3, 3, 1, 3, 3, 3, 1, 2, 3, 3, 3, 1, 3, 1, 3, 1, 3, 1, 1, 3, 3, 3, 3, 1, 3, 3, 3, 3, 3, 3, 3, 3, 3, 3, 1, 3, 1, 3, 3, 1, 3, 1, 3, 1, 3, 3, 3, 1, 1, 3, 3, 3, 3, 3, 3, 1, 1, 3, 3, 3, 3, 3, 1, 3, 3, 3, 3, 1, 1, 1, 3, 3, 3, 1, 3, 3, 3, 3, 3, 3, 3, 3, 3, 3, 3, 3, 3, 3, 3, 1, 3, 3, 1, 1, 3, 1, 1, 3, 3, 3, 3, 3, 3, 3, 3, 3, 3, 1, 3, 3, 3, 3, 3, 3, 3, 1, 1, 1, 1, 3, 3, 3, 1, 1, 3, 3, 3, 3, 1, 3, 3, 3, 1, 3, 3, 1, 3, 1, 3, 3, 3, 1, 3, 1, 3, 3, 3, 3, 1, 3, 1, 3, 1, 3, 3, 3, 3, 3, 3, 3, 3, 1, 3, 3, 3, 3, 3, 3, 3, 3, 1, 3, 1, 1, 3, 1, 3, 3, 3, 3, 3, 1, 1, 3, 3, 1, 3, 3, 3, 3, 3, 3, 3, 3, 3, 3, 3, 1, 1, 3, 3, 3, 1, 3, 3, 3, 1, 2, 3, 3, 3, 1, 3, 1, 3, 1, 3, 1, 1, 3, 3, 3, 3, 1, 3, 3, 3, 3, 3, 3, 3, 3, 3, 3, 1, 3, 1, 3, 3, 1, 3, 1, 3, 1, 3, 3, 3, 1, 1, 3, 3, 3, 3, 3, 3, 1, 1, 3, 3, 3, 3, 3, 1, 3, 3, 3, 3, 1, 1, 1, 3, 3, 3, 1, 3, 3, 3, 3, 3, 3, 3, 3, 3, 3, 3, 3, 3, 3, 3, 1, 3, 3, 1, 1, 3, 1, 1, 3, 3, 3, 3, 3, 3, 3, 3, 3, 3, 1, 3, 3, 3, 3, 3, 3, 3, 1, 1, 1, 1, 3, 3, 3, 1, 1, 3, 3, 3, 3, 1, 3, 3, 3, 1, 3, 3, 1, 3, 1, 3, 3, 3, 1, 3, 1, 3, 3, 3, 3, 1, 3, 1, 3, 1, 3, 3, 3, 3, 3, 3, 3, 3, 1, 3, 3, 3, 3, 3, 3, 3]

Counterexample types
segment 0:
Types: 4
(1, 1) : 294
(1, 0) : 57
(0, 1) : 204
(0, 0) : 45
segment 1:
Types: 3
(1, 1) : 438
(1, 0) : 3
(0, 1) : 159

