Error weights
segment 0:
average: 2.2283333333333335 max: 3 percentage: 0.8633333333333333 [3, 3, 3, 3, 3, 3, 2, 0, 2, 3, 3, 2, 3, 2, 3, 0, 3, 2, 3, 0, 3, 2, 3, 0, 3, 0, 1, 2, 3, 2, 3, 0, 3, 1, 3, 2, 3, 0, 3, 3, 3, 1, 3, 2, 3, 0, 3, 2, 3, 3, 1, 0, 3, 0, 3, 2, 3, 0, 3, 2, 3, 0, 3, 2, 3, 0, 3, 2, 3, 1, 3, 2, 3, 2, 1, 2, 3, 2, 3, 0, 3, 2, 3, 0, 3, 2, 3, 2, 3, 2, 3, 2, 3, 0, 3, 2, 3, 0, 3, 2, 3, 0, 3, 2, 3, 0, 3, 0, 3, 0, 3, 0, 3, 0, 3, 2, 3, 0, 3, 0, 3, 0, 3, 0, 3, 0, 3, 2, 3, 2, 3, 0, 3, 2, 3, 2, 1, 2, 3, 2, 3, 2, 3, 2, 3, 2, 3, 2, 3, 2, 3, 2, 3, 0, 3, 2, 3, 2, 3, 0, 3, 2, 1, 0, 3, 0, 3, 2, 3, 0, 3, 2, 3, 0, 3, 0, 3, 0, 3, 3, 3, 0, 3, 0, 3, 0, 3, 0, 3, 0, 3, 2, 3, 0, 3, 0, 3, 0, 3, 0, 1, 3, 3, 3, 2, 2, 3, 1, 2, 2, 3, 2, 3, 2, 3, 2, 3, 0, 3, 0, 3, 2, 3, 2, 3, 2, 3, 2, 3, 0, 3, 0, 3, 2, 3, 2, 2, 2, 3, 2, 3, 0, 3, 0, 3, 2, 3, 2, 3, 2, 3, 2, 3, 0, 3, 0, 3, 2, 3, 2, 3, 2, 3, 2, 3, 0, 3, 0, 3, 2, 3, 2, 3, 2, 3, 2, 3, 0, 3, 0, 3, 2, 3, 2, 3, 2, 3, 2, 3, 0, 3, 0, 3, 2, 3, 2, 3, 2, 3, 2, 3, 0, 3, 0, 3, 2, 3, 2, 3, 2, 3, 2, 3, 0, 3, 0, 3, 2, 3, 2, 3, 2, 3, 2, 3, 0, 3, 0, 3, 2, 3, 2, 3, 2, 3, 2, 3, 0, 3, 2, 2, 3, 3, 0, 3, 2, 3, 0, 3, 0, 3, 0, 3, 0, 3, 0, 3, 0, 3, 0, 3, 2, 3, 2, 3, 0, 3, 2, 3, 2, 3, 0, 3, 2, 3, 2, 3, 0, 3, 2, 3, 2, 3, 0, 3, 2, 3, 2, 3, 0, 3, 0, 3, 2, 3, 2, 3, 0, 3, 2, 2, 2, 3, 3, 3, 2, 2, 2, 1, 1, 3, 2, 3, 2, 3, 2, 3, 2, 3, 2, 3, 2, 3, 2, 3, 2, 3, 2, 3, 2, 1, 1, 3, 2, 3, 2, 3, 2, 3, 2, 3, 2, 3, 2, 3, 2, 3, 2, 3, 3, 3, 3, 3, 3, 3, 3, 3, 3, 3, 3, 3, 2, 3, 2, 3, 2, 3, 2, 3, 3, 3, 2, 3, 2, 3, 3, 3, 2, 3, 2, 3, 2, 3, 2, 3, 3, 3, 2, 3, 3, 3, 2, 3, 2, 3, 3, 1, 1, 3, 2, 3, 2, 3, 3, 3, 2, 3, 2, 3, 3, 3, 2, 3, 2, 3, 3, 3, 2, 3, 2, 3, 2, 3, 2, 3, 3, 3, 2, 3, 2, 3, 3, 3, 2, 3, 2, 3, 2, 3, 3, 3, 2, 3, 2, 3, 3, 3, 2, 3, 2, 3, 3, 3, 2, 3, 2, 3, 3, 3, 2, 3, 2, 3, 3, 3, 2, 3, 2, 3, 3, 3, 2, 3, 2, 3, 3, 3, 2, 3, 2, 3, 3, 3, 2, 3, 2, 3, 3, 3, 2, 3, 2, 3, 3, 3, 2, 3, 2, 1, 1]
segment 1:
average: 2.506666666666667 max: 3 percentage: 1.0 [1, 3, 1, 3, 1, 3, 3, 3, 3, 1, 1, 3, 1, 3, 3, 3, 1, 3, 3, 3, 3, 3, 3, 3, 1, 3, 3, 3, 3, 3, 1, 3, 3, 3, 1, 3, 3, 3, 1, 3, 3, 3, 3, 3, 1, 1, 1, 3, 1, 1, 3, 3, 1, 3, 1, 3, 1, 3, 3, 3, 3, 3, 3, 3, 3, 3, 3, 3, 3, 1, 3, 3, 3, 3, 3, 3, 1, 3, 1, 3, 1, 3, 1, 3, 1, 3, 1, 3, 1, 3, 1, 3, 1, 3, 1, 3, 1, 3, 1, 3, 1, 3, 3, 3, 1, 3, 3, 3, 1, 3, 3, 3, 1, 3, 1, 3, 1, 3, 3, 3, 1, 3, 3, 3, 1, 3, 1, 3, 1, 3, 3, 3, 1, 3, 1, 1, 3, 3, 3, 3, 1, 3, 3, 3, 1, 3, 1, 3, 1, 3, 1, 3, 1, 3, 1, 3, 1, 3, 1, 3, 1, 3, 1, 3, 3, 3, 3, 3, 3, 3, 3, 3, 3, 3, 1, 3, 1, 3, 1, 3, 1, 3, 1, 3, 1, 3, 3, 3, 1, 3, 3, 3, 1, 3, 1, 3, 1, 3, 3, 3, 3, 3, 3, 3, 3, 3, 1, 3, 1, 3, 3, 3, 3, 3, 3, 3, 3, 3, 3, 3, 3, 3, 3, 3, 3, 3, 3, 3, 3, 3, 3, 3, 3, 3, 3, 3, 1, 3, 3, 3, 3, 3, 3, 3, 3, 3, 3, 3, 3, 3, 3, 3, 3, 3, 3, 3, 3, 3, 3, 3, 3, 3, 3, 3, 3, 3, 3, 3, 3, 3, 3, 3, 3, 3, 3, 3, 3, 3, 3, 3, 3, 3, 3, 3, 3, 3, 3, 3, 3, 3, 3, 3, 3, 3, 3, 3, 3, 3, 3, 3, 3, 3, 3, 3, 3, 3, 3, 3, 3, 3, 3, 3, 3, 3, 3, 3, 3, 3, 3, 3, 3, 3, 3, 3, 3, 3, 3, 3, 3, 3, 3, 3, 3, 3, 3, 3, 3, 3, 3, 3, 1, 1, 3, 3, 1, 1, 3, 3, 1, 3, 3, 3, 1, 3, 3, 3, 1, 3, 3, 3, 1, 3, 3, 3, 3, 3, 3, 3, 3, 3, 3, 3, 3, 3, 3, 3, 3, 3, 3, 3, 3, 3, 3, 3, 3, 3, 3, 3, 1, 3, 3, 3, 1, 3, 3, 3, 1, 3, 3, 3, 3, 1, 3, 3, 3, 1, 3, 3, 3, 1, 3, 3, 1, 3, 1, 3, 1, 3, 1, 3, 1, 3, 1, 3, 1, 3, 1, 3, 1, 3, 3, 1, 3, 3, 1, 1, 1, 3, 1, 3, 1, 3, 1, 3, 1, 3, 1, 3, 3, 3, 3, 3, 3, 3, 3, 3, 3, 3, 3, 3, 3, 3, 3, 3, 1, 3, 3, 3, 1, 3, 1, 3, 3, 3, 1, 3, 1, 3, 3, 3, 1, 3, 3, 3, 1, 3, 1, 3, 1, 3, 1, 3, 3, 3, 1, 3, 3, 1, 3, 3, 3, 3, 1, 3, 1, 3, 3, 3, 1, 3, 1, 3, 3, 3, 1, 3, 1, 3, 3, 3, 1, 1, 3, 3, 1, 3, 1, 3, 3, 3, 1, 3, 1, 3, 3, 3, 1, 3, 1, 3, 1, 3, 3, 3, 1, 3, 1, 3, 3, 3, 1, 3, 1, 3, 3, 3, 1, 3, 1, 3, 3, 3, 1, 3, 1, 3, 3, 3, 1, 3, 1, 3, 3, 3, 1, 3, 1, 3, 3, 3, 1, 3, 1, 3, 3, 3, 1, 3, 1, 3, 3, 3, 1, 3, 1, 3, 1, 3, 3, 1]

Counterexample types
segment 0:
Types: 4
(1, 1) : 319
(1, 0) : 18
(0, 1) : 181
(0, 0) : 82
segment 1:
Types: 2
(1, 1) : 452
(0, 1) : 148

