bot_dist
0.0, 3.826806020695277
1.0, 3.8336294719490875
2.0, 3.840466838287006
3.0, 3.8473180455203178
4.0, 3.854183019838172
5.0, 3.8610616878068695
6.0, 3.867953976369122
7.0, 3.8748598128432863
8.0, 3.881779124922571
9.0, 3.888711840674223
10.0, 3.8956578885386866
11.0, 3.9026171973287394
12.0, 3.9095896962286054
13.0, 3.9165753147930484
14.0, 3.923573982946439
15.0, 3.930585630981805
16.0, 3.937610189559856
17.0, 3.944647589707998
18.0, 3.951697762819312
19.0, 3.9587606406515317
20.0, 3.9658361553259893
21.0, 3.972924239326551
22.0, 3.980024825498531
23.0, 3.9871378470475918
24.0, 3.994263237538623
25.0, 4.001400930894613
26.0, 4.008550861395494
27.0, 4.015712963676982
28.0, 4.022887172729396
29.0, 4.030073423896466
30.0, 4.037271652874128
31.0, 4.0444817957093
32.0, 4.051703788798657
33.0, 4.058937568887379
34.0, 4.066183073067901
35.0, 4.073440238778638
36.0, 4.080709003802716
37.0, 4.087989306266673
38.0, 4.095281084639163
39.0, 4.102584277729648
40.0, 4.109898824687075
41.0, 4.117224664998552
42.0, 4.1245617384880084
43.0, 4.131909985314843
44.0, 4.139269345972589
45.0, 4.14663976128753
46.0, 4.154021172417348
47.0, 4.161413520849739
48.0, 4.168816748401034
49.0, 4.176230797214811
50.0, 4.183655609760496
51.0, 4.1910911288319666
52.0, 4.198537297546145
53.0, 4.205994059341583
54.0, 4.213461357977053
55.0, 4.2209391375301175
56.0, 4.228427342395714
57.0, 4.235925917284722
58.0, 4.243434807222524
59.0, 4.2509539575475825
60.0, 4.258483313909986
61.0, 4.266022822270014
62.0, 4.273572428896695
63.0, 4.2811320803663495
64.0, 4.288701723561147
65.0, 4.296281305667649
66.0, 4.303870774175361
67.0, 4.3114700768752705
68.0, 4.319079161858394
69.0, 4.3266979775143195
70.0, 4.334326472529743
71.0, 4.3419645958870134
72.0, 4.349612296862671
73.0, 4.357269525025985
74.0, 4.364936230237496
75.0, 4.37261236264755
76.0, 4.380297872694847
77.0, 4.387992711104969
78.0, 4.39569682888893
79.0, 4.403410177341716
80.0, 4.411132708040818
81.0, 4.41886437284479
82.0, 4.426605123891781
83.0, 4.434354913598086
84.0, 4.442113694656693
85.0, 4.449881420035832
86.0, 4.457658042977525
87.0, 4.465443516996141
88.0, 4.473237795876945
89.0, 4.4810408336746645
90.0, 4.48885258471204
91.0, 4.496673003578393
92.0, 4.504502045128187
93.0, 4.5123396644795974
94.0, 4.520185817013079
95.0, 4.528040458369942
96.0, 4.535903544450928
97.0, 4.543775031414786
98.0, 4.551654875676858
99.0, 4.559543033907666
100.0, 4.567439463031497
101.0, 4.567439463031497
102.0, 4.567439463031497
103.0, 4.567439463031497
104.0, 4.567439463031497
105.0, 4.567439463031497
106.0, 4.567439463031497
107.0, 4.567439463031497
108.0, 4.567439463031497
109.0, 4.567439463031497
110.0, 4.567439463031497
111.0, 4.567439463031497
112.0, 4.567439463031497
113.0, 4.567439463031497
114.0, 4.567439463031497
115.0, 4.567439463031497
116.0, 4.567439463031497
117.0, 4.567439463031497
118.0, 4.567439463031497
119.0, 4.567439463031497
120.0, 4.567439463031497
121.0, 4.567439463031497
122.0, 4.567439463031497
123.0, 4.567439463031497
124.0, 4.567439463031497
125.0, 4.567439463031497
126.0, 4.567439463031497
127.0, 4.567439463031497
128.0, 4.567439463031497
129.0, 4.567439463031497
130.0, 4.567439463031497
131.0, 4.559543033907666
132.0, 4.551654875676858
133.0, 4.543775031414786
134.0, 4.535903544450928
135.0, 4.528040458369942
136.0, 4.520185817013079
137.0, 4.5123396644795974
138.0, 4.504502045128187
139.0, 4.496673003578393
140.0, 4.48885258471204
141.0, 4.4810408336746645
142.0, 4.473237795876945
143.0, 4.469077120357921
144.0, 4.46129798739627
145.0, 4.4535277204261225
146.0, 4.445766365935159
147.0, 4.438013970682749
148.0, 4.430270581701388
149.0, 4.422536246298131
150.0, 4.4148110120560435
151.0, 4.325771649276882
152.0, 4.236767240400092
153.0, 4.147799998157006
154.0, 4.058872406694127
155.0, 3.9699871305411776
156.0, 3.8811470769902616
157.0, 3.792355424208734
158.0, 3.703615653324281
159.0, 3.6149315851478785
160.0, 3.5263074223298716
161.0, 3.4377477979028086
162.0, 3.349257831359114
163.0, 3.2608431936514486
164.0, 3.1725101828005977
165.0, 3.08426581216533
166.0, 2.9961179138909264
167.0, 2.9880358857125517
168.0, 2.898325674950767
169.0, 2.8086631697484696
170.0, 2.7190529357796103
171.0, 2.629500317073455
172.0, 2.540011407622923
173.0, 2.4505931868972572
174.0, 2.4423892160181997
175.0, 2.35180983005657
176.0, 2.26126333595877
177.0, 2.2530510490529823
178.0, 2.244853265660059
179.0, 2.2366701452536644
180.0, 2.2285018493624804
181.0, 2.1392099417305603
182.0, 2.1311215950940974
183.0, 2.123049535685045
184.0, 2.1149939499882953
185.0, 2.106955026957203
186.0, 2.098932958046039
187.0, 2.0909279372427187
188.0, 2.0028663493709224
189.0, 1.994834665913709
190.0, 1.9090750125480604
191.0, 1.8236494585105725
192.0, 1.7386070324157092
193.0, 1.6540068320456673
194.0, 1.5699203512888982
195.0, 1.4864347748815954
196.0, 1.403657327203641
197.0, 1.3217210621370037
198.0, 1.2407926344194653
199.0, 1.1610828044595072
200.0, 1.0828607101758008
201.0, 1.0064732873366553
202.0, 0.9323715784230001
203.0, 0.8611458436459346
204.0, 0.7935708471556078
205.0, 0.7306602059307721
206.0, 0.6737218307693881
207.0, 0.6243917004802697
208.0, 0.5845990144115523
209.0, 0.5563938724700357
210.0, 0.5415896939957178
211.0, 0.5412869900934814
212.0, 0.5555097398917432
213.0, 0.5499295316580309
214.0, 0.5844489920828652
215.0, 0.6296253221550852
216.0, 0.6264661769459894
217.0, 0.6234514375909989
218.0, 0.6205832086269923
219.0, 0.6178635304367732
220.0, 0.6152943728625706
221.0, 0.6128776288358267
222.0, 0.6106151080648408
223.0, 0.6085085308236684
224.0, 0.6065595218870544
225.0, 0.6047696046570586
226.0, 0.6031401955273654
227.0, 0.6016725985310055
228.0, 0.6003680003163452
229.0, 0.599227465494675
230.0, 0.5982519324005793
231.0, 0.5982519324005793
232.0, 0.5982519324005793
233.0, 0.5982519324005793
234.0, 0.5982519324005793
235.0, 0.5982519324005793
236.0, 0.5982519324005793
237.0, 0.5982519324005793
238.0, 0.5982519324005793
239.0, 0.5982519324005793
240.0, 0.5982519324005793
241.0, 0.5982519324005793
242.0, 0.5982519324005793
243.0, 0.5982519324005793
244.0, 0.5982519324005793
245.0, 0.5982519324005793
246.0, 0.5982519324005793
247.0, 0.5982519324005793
248.0, 0.5982519324005793
249.0, 0.5982519324005793
250.0, 0.5982519324005793
251.0, 0.5982519324005793
252.0, 0.5982519324005793
253.0, 0.5982519324005793
254.0, 0.5982519324005793
255.0, 0.5982519324005793
256.0, 0.5982519324005793
257.0, 0.5982519324005793
258.0, 0.5982519324005793
259.0, 0.5982519324005793
260.0, 0.5982519324005793
261.0, 0.599227465494675
262.0, 0.6003680003163452
263.0, 0.6016725985310055
264.0, 0.6031401955273654
265.0, 0.6047696046570586
266.0, 0.6065595218870544
267.0, 0.6085085308236684
268.0, 0.6106151080648408
269.0, 0.6128776288358267
270.0, 0.6152943728625706
271.0, 0.6178635304367732
272.0, 0.6205832086269923
273.0, 0.6234514375909989
274.0, 0.6264661769459894
275.0, 0.6296253221550852
276.0, 0.6329267108907604
277.0, 0.6363681293383792
278.0, 0.6399473184058125
279.0, 0.6436619798081002
280.0, 0.6475097819992426
281.0, 0.6514883659264072
282.0, 0.6555953505850577
ee_dist
0.0, 1.48592572426715
1.0, 1.5506316339636355
2.0, 1.6615496018870923
3.0, 1.7550649060768748
4.0, 1.7874328487960067
5.0, 1.8132999108094148
6.0, 1.8453714810342872
7.0, 1.8784941496023455
8.0, 1.9131761518242494
9.0, 1.9461562464491728
10.0, 1.9833217699548054
11.0, 2.0168957011897346
12.0, 2.0471871010796066
13.0, 2.082623659026206
14.0, 2.1084766568967614
15.0, 2.1349414566381695
16.0, 2.159889410163991
17.0, 2.187338425600384
18.0, 2.2087459173430593
19.0, 2.2279850991087953
20.0, 2.2472002403338354
21.0, 2.2169472203686933
22.0, 2.1752867534439977
23.0, 2.1304032371796175
24.0, 2.0818725354739263
25.0, 2.0299970500212883
26.0, 1.974943173592087
27.0, 1.9170782551994192
28.0, 1.8566399220919216
29.0, 1.7941152973399206
30.0, 1.7298405057229136
31.0, 1.6644489368325883
32.0, 1.598415405504892
33.0, 1.5325519197078208
34.0, 1.4675277424143445
35.0, 1.4043859602925148
36.0, 1.344061830948269
37.0, 1.2878605227137039
38.0, 1.2369902838331093
39.0, 1.1929004290075373
40.0, 1.1569513222932297
41.0, 1.1571616155110847
42.0, 1.0301503089694242
43.0, 0.7385404029662082
44.0, 0.6913549770505364
45.0, 0.6438339754812763
46.0, 0.5960139763750398
47.0, 0.5478848671387773
48.0, 0.5004932267548925
49.0, 0.4544813124634332
50.0, 0.4115744826457957
51.0, 0.3739336377339087
52.0, 0.3440534466907865
53.0, 0.3241340028265812
54.0, 0.316730920085234
55.0, 0.32295136370141464
56.0, 0.34263077932880925
57.0, 0.3732151773083393
58.0, 0.3453263865552052
59.0, 0.3000528313758338
60.0, 0.2681015067718735
61.0, 0.2646619528931493
62.0, 0.29789031492401935
63.0, 0.3574074840045385
64.0, 0.4268523377758384
65.0, 0.4888000437339644
66.0, 0.5483639251754181
67.0, 0.6072753126945691
68.0, 0.6599987480815434
69.0, 0.7107733898165803
70.0, 0.7599349239055295
71.0, 0.8074340768088669
72.0, 0.8547293515164295
73.0, 0.9096081908977377
74.0, 0.9688385239735697
75.0, 1.0395374886362214
76.0, 1.1199010962305056
77.0, 1.210209472507584
78.0, 1.305981129203064
79.0, 1.402318499656998
80.0, 1.4945773776094216
81.0, 1.573138542558979
82.0, 1.6379876184724542
83.0, 1.702394758758635
84.0, 1.7632725947754713
85.0, 1.8226680331001741
86.0, 1.8809666828824247
87.0, 1.9373264264145797
88.0, 1.9726241917308889
89.0, 2.012632401151373
90.0, 2.052334841962468
91.0, 2.1090557087598474
92.0, 2.2024529391704544
93.0, 2.306796312380833
94.0, 2.4001014809107133
95.0, 2.5118606329282094
96.0, 2.6140874937816654
97.0, 2.702616612779505
98.0, 2.776941718408957
99.0, 2.844203538997889
100.0, 2.9122920862855124
101.0, 2.974884913495287
102.0, 3.039581882839917
103.0, 3.1001616511209757
104.0, 3.164448590300416
105.0, 3.2317469852284377
106.0, 3.3066976978873437
107.0, 3.3851613449837634
108.0, 3.4771500993315265
109.0, 3.5744283475579155
110.0, 3.681715903937975
111.0, 3.7878670149097546
112.0, 3.892372706406725
113.0, 3.985582750836117
114.0, 4.0624511956475144
115.0, 4.135783029641807
116.0, 4.196427302380485
117.0, 4.260750264207674
118.0, 4.325342877473243
119.0, 4.38708729450073
120.0, 4.450731516831659
121.0, 4.51719355704735
122.0, 4.592188844652683
123.0, 4.667435848153841
124.0, 4.758439310817159
125.0, 4.8026220497624585
126.0, 4.850122300268993
127.0, 4.8938906795183765
128.0, 4.940359198655101
129.0, 4.982510582695106
130.0, 5.0267910647780925
131.0, 5.066230477867378
132.0, 5.107278372635858
133.0, 5.143021762097712
134.0, 5.179913057520485
135.0, 5.211105413325681
136.0, 5.243046908651287
137.0, 5.268966219000398
138.0, 5.295299439724132
139.0, 5.3153579273499965
140.0, 5.335560553569726
141.0, 5.3493072579883965
142.0, 5.362992589989358
143.0, 4.674188415122484
144.0, 4.663868705965913
145.0, 4.657846646537274
146.0, 4.652788762966644
147.0, 4.652318712147237
148.0, 4.652785098039451
149.0, 4.657885640964924
150.0, 4.663855552662774
151.0, 4.583720930005418
152.0, 4.50180695606835
153.0, 4.421838444550053
154.0, 4.3401028976612865
155.0, 4.260325326968312
156.0, 4.178594272509164
157.0, 4.099349041942643
158.0, 4.0179125171043
159.0, 3.938586804823039
160.0, 3.8575273740639062
161.0, 3.7784717799149523
162.0, 3.6976978470310127
163.0, 3.6189484269218006
164.0, 3.5384993224269294
165.0, 3.460098366876784
166.0, 3.380020880982856
167.0, 3.3931340730192234
168.0, 3.3160724999891737
169.0, 3.241182274790016
170.0, 3.1648486557397395
171.0, 3.0907408171345603
172.0, 3.0152533357533615
173.0, 2.9420483955244916
174.0, 2.957708105650236
175.0, 2.8889126603727213
176.0, 2.819116287885353
177.0, 2.8396021881584956
178.0, 2.860554027383903
179.0, 2.88495326522046
180.0, 2.909603105387025
181.0, 2.86371384629199
182.0, 2.837294248105674
183.0, 2.8138996908010565
184.0, 2.7908406824825445
185.0, 2.771441627197695
186.0, 2.752579544548224
187.0, 2.7378965295890296
188.0, 2.6619984632662397
189.0, 2.6495370763844273
190.0, 2.5709482633204837
191.0, 2.4946221047021484
192.0, 2.4168094972383423
193.0, 2.341328970412519
194.0, 2.2644466085996457
195.0, 2.189990116833113
196.0, 2.114243217406122
197.0, 2.04104081969812
198.0, 1.9666941588385936
199.0, 1.8950446156317085
200.0, 1.8224442486354944
201.0, 1.7527396025961712
202.0, 1.6823423179821748
203.0, 1.6151017570099828
204.0, 1.54751538346996
205.0, 1.4834307561183906
206.0, 1.4194675850979517
207.0, 1.359461700523448
208.0, 1.3002028335142077
209.0, 1.2454959955867166
210.0, 1.1923599568603347
211.0, 1.1445261853514317
212.0, 1.0993058923764054
213.0, 1.0739843736337247
214.0, 1.0264920125127244
215.0, 0.985424401635804
216.0, 0.9580188379261515
217.0, 0.9338683399603798
218.0, 0.9099059692394132
219.0, 0.8901210011205318
220.0, 0.8709044104009024
221.0, 0.856691024971712
222.0, 0.8434232095268709
223.0, 0.8357892161720605
224.0, 0.8293985659305796
225.0, 0.8289561747655001
226.0, 0.8299031306151964
227.0, 0.8367243808783204
228.0, 0.8448984472494763
229.0, 0.846324090242827
230.0, 0.8442160592212619
231.0, 0.8463391990864841
232.0, 0.8442153584563018
233.0, 0.8463392482633839
234.0, 0.8442153827365073
235.0, 0.8463392482633839
236.0, 0.8442153827365073
237.0, 0.8463392482633839
238.0, 0.8442153827365073
239.0, 0.8463392482633839
240.0, 0.8440778887589717
241.0, 0.8463881425731934
242.0, 0.8442132040835566
243.0, 0.8564580295614659
244.0, 0.8688155878828681
245.0, 0.8823574299139578
246.0, 0.8983129713891034
247.0, 0.9156577465031944
248.0, 0.9351089121895
249.0, 0.9556515014113863
250.0, 0.9779710196846959
251.0, 1.001071080070972
252.0, 1.0255262836197472
253.0, 1.0503667987114855
254.0, 1.076138606050172
255.0, 1.1020757787887188
256.0, 1.1285931000312082
257.0, 1.1549005598415347
258.0, 1.1814543815364658
259.0, 1.207500039613849
260.0, 1.2334879108967256
261.0, 1.2587606315022575
262.0, 1.2837191546972049
263.0, 1.2565310403732104
264.0, 1.2222808234281843
265.0, 1.1847543104934952
266.0, 1.1377524054835428
267.0, 1.0945450154218452
268.0, 1.0528962712014869
269.0, 1.0133744837807062
270.0, 0.9667355467897472
271.0, 0.9184499943812177
272.0, 0.8701926215925735
273.0, 0.8211896672913334
274.0, 0.7588908457702477
275.0, 0.7125422492281247
276.0, 0.6593293098032708
277.0, 0.6102450828630192
278.0, 0.5636160705007593
279.0, 0.48647397952036625
280.0, 0.42686255695435776
281.0, 0.3875881393396005
282.0, 0.35024354034537625
ee_box_dist
0.0, 0.5575707657653017
1.0, 0.613147673732866
2.0, 0.643669054619358
3.0, 0.6829850393465733
4.0, 0.7215914679964378
5.0, 0.7593088885288988
6.0, 0.7975661661888243
7.0, 0.8340325932988084
8.0, 0.8685607790639858
9.0, 0.900194600470691
10.0, 0.9347090773206512
11.0, 0.9650106462915947
12.0, 0.9915569962529335
13.0, 1.0227306984263254
14.0, 1.0446581099994867
15.0, 1.0670897416995868
16.0, 1.087893334531548
17.0, 1.1110065797595232
18.0, 1.1287440578766348
19.0, 1.144483369467692
20.0, 1.1602823450134405
21.0, 1.140379148687529
22.0, 1.113082159030544
23.0, 1.0831585098920848
24.0, 1.0502245846078708
25.0, 1.0144508344242587
26.0, 0.975809033946529
27.0, 0.9344916322371827
28.0, 0.890465109428312
29.0, 0.8439590515063428
30.0, 0.7949369833414888
31.0, 0.7436717544690897
32.0, 0.690129642136158
33.0, 0.6346395843258325
34.0, 0.5771889868807135
35.0, 0.5181480599378655
36.0, 0.4575145840365608
37.0, 0.3956942501024078
38.0, 0.33285253714289836
39.0, 0.2697110973060497
40.0, 0.2070390363503972
41.0, 0.08025340332550794
42.0, 0.08290185061703789
43.0, 0.08302858005835495
44.0, 0.08297737647886301
45.0, 0.08303003543992653
46.0, 0.08298390890810392
47.0, 0.08302941075315312
48.0, 0.08298907921650843
49.0, 0.0830283848402698
50.0, 0.08299337014618302
51.0, 0.083026937355386
52.0, 0.08299690502761438
53.0, 0.08302512434587032
54.0, 0.08299957313525068
55.0, 0.08302304637147413
56.0, 0.08300183401483063
57.0, 0.08302113659597535
58.0, 0.08300334757409635
59.0, 0.08301914034402252
60.0, 0.08300442208645396
61.0, 0.08301652575015882
62.0, 0.08300543362170287
63.0, 0.08301432413965845
64.0, 0.0830060165454796
65.0, 0.08301189314713141
66.0, 0.08300621814745793
67.0, 0.08300971760762513
68.0, 0.08300652312720055
69.0, 0.08300776516162187
70.0, 0.0830072087140388
71.0, 0.08300631042526495
72.0, 0.08300774806720271
73.0, 0.08300545931468016
74.0, 0.08300897415448678
75.0, 0.08300503207088539
76.0, 0.08301032439806415
77.0, 0.08300651634448336
78.0, 0.08301247613051974
79.0, 0.0830069189415555
80.0, 0.08301532723500517
81.0, 0.08300951781895148
82.0, 0.08301878565348372
83.0, 0.08301273364220171
84.0, 0.08302324910225191
85.0, 0.0830170898506937
86.0, 0.08876272177605933
87.0, 0.12455169878554136
88.0, 0.13506200692264633
89.0, 0.1333103451615223
90.0, 0.12889332330587
91.0, 0.11566716943670063
92.0, 0.11521266787861842
93.0, 0.08217927449159074
94.0, 0.11709418930984954
95.0, 0.11675334515985317
96.0, 0.11529073751262639
97.0, 0.1167488461004091
98.0, 0.11529185359507099
99.0, 0.11674833685648756
100.0, 0.1152919048094628
101.0, 0.11674826758026027
102.0, 0.1152919048094628
103.0, 0.11674829233209584
104.0, 0.1152919048094628
105.0, 0.11674829233209584
106.0, 0.11529187884187539
107.0, 0.11674826758026027
108.0, 0.1152919048094628
109.0, 0.11674829233209584
110.0, 0.11529187884187539
111.0, 0.11674826758026027
112.0, 0.11529189843534124
113.0, 0.11674829233209584
114.0, 0.11529189843534124
115.0, 0.08219670208984718
116.0, 0.11228993023754387
117.0, 0.11663517891671242
118.0, 0.11529112526331232
119.0, 0.11674843645829462
120.0, 0.11529185996916425
121.0, 0.11674829233209584
122.0, 0.1152919048094628
123.0, 0.11674833247117813
124.0, 0.11529187884187539
125.0, 0.11674827255956498
126.0, 0.11529187884187539
127.0, 0.11674822803517919
128.0, 0.1152919048094628
129.0, 0.11674833247117813
130.0, 0.11529187884187539
131.0, 0.11674826758026027
132.0, 0.11529192440290881
133.0, 0.11674829233209584
134.0, 0.11529187884187539
135.0, 0.11674826758026027
136.0, 0.11529189843534124
137.0, 0.11674826758026027
138.0, 0.11529192440290881
139.0, 0.11674826758026027
140.0, 0.1152919048094628
141.0, 0.11674826758026027
142.0, 0.1152919048094628
143.0, 0.11233617831599337
144.0, 0.11136863313963215
145.0, 0.11258741247433798
146.0, 0.11137223389640631
147.0, 0.11258626282163994
148.0, 0.11137191657777412
149.0, 0.11258540244371022
150.0, 0.11137138017839159
151.0, 0.1125858266720441
152.0, 0.11137145939099805
153.0, 0.1125857122068751
154.0, 0.11137161370647604
155.0, 0.1125857122068751
156.0, 0.10917870314737341
157.0, 0.11262398518739825
158.0, 0.11138445685428616
159.0, 0.1125851978377365
160.0, 0.1113715734652723
161.0, 0.11258553379571555
162.0, 0.11137167854099522
163.0, 0.11258580181291579
164.0, 0.11137163835315107
165.0, 0.11258580181291579
166.0, 0.11137163835315107
167.0, 0.11258460029919184
168.0, 0.11137145904724711
169.0, 0.11258516057969525
170.0, 0.11137143813126431
171.0, 0.1125852703240525
172.0, 0.11137145904724711
173.0, 0.11258539194265964
174.0, 0.1113705902691441
175.0, 0.11258441548368452
176.0, 0.11137022836382258
177.0, 0.11258305664735377
178.0, 0.1113683762008156
179.0, 0.11258166708345241
180.0, 0.11136648317787494
181.0, 0.11258159496529316
182.0, 0.11136778364070404
183.0, 0.11258253012294205
184.0, 0.11136931806721276
185.0, 0.11258430529058772
186.0, 0.1113712610054487
187.0, 0.11258551346621587
188.0, 0.1113718574232386
189.0, 0.1125862708515629
190.0, 0.11137227304060474
191.0, 0.11258609014095367
192.0, 0.11137217242894472
193.0, 0.11258631621823448
194.0, 0.11137227304060474
195.0, 0.11258631621823448
196.0, 0.11137227304060474
197.0, 0.11258631621823448
198.0, 0.1113721835600103
199.0, 0.112586226612477
200.0, 0.11137227304060474
201.0, 0.11258631621823448
202.0, 0.11137227304060474
203.0, 0.112586226612477
204.0, 0.11137227304060474
205.0, 0.11258631621823448
206.0, 0.1113721835600103
207.0, 0.11258699858039999
208.0, 0.1113721835600103
209.0, 0.11258690897518557
210.0, 0.11137227304060474
211.0, 0.1125865579133437
212.0, 0.11137236741341348
213.0, 0.11258636999025044
214.0, 0.1113722596076201
215.0, 0.11258696128855938
216.0, 0.11137229074709196
217.0, 0.11258677292587936
218.0, 0.1113720183781137
219.0, 0.11258758387690748
220.0, 0.11137246279901172
221.0, 0.11258706091334723
222.0, 0.11137226711598448
223.0, 0.11258692890557435
224.0, 0.1113723324519013
225.0, 0.11258633789204113
226.0, 0.11137154875695277
227.0, 0.11258572563714205
228.0, 0.11137201777023649
229.0, 0.11667828606326289
230.0, 0.11529067424277008
231.0, 0.11674880778127596
232.0, 0.11529284474521329
233.0, 0.11674898588422326
234.0, 0.1152928895862998
235.0, 0.11674898588422326
236.0, 0.1152928895862998
237.0, 0.11674907493577762
238.0, 0.1152928895862998
239.0, 0.11674907493577762
240.0, 0.11493464116060807
241.0, 0.11678754832624041
242.0, 0.11529340624208899
243.0, 0.07441823404705529
244.0, 0.07353855126942738
245.0, 0.07237003736972007
246.0, 0.0723986508736848
247.0, 0.07128326278046568
248.0, 0.07150036014257163
249.0, 0.07046708440991586
250.0, 0.07085116093163613
251.0, 0.06989625773873
252.0, 0.07029768764042127
253.0, 0.0693083553008098
254.0, 0.06975665651014239
255.0, 0.06870043446366617
256.0, 0.06911801320849441
257.0, 0.0679584347216537
258.0, 0.0683246379976895
259.0, 0.06705294506052813
260.0, 0.06737268856761443
261.0, 0.0659987961335912
262.0, 0.06629515383040588
263.0, 0.08001770200209875
264.0, 0.08066844744723081
265.0, 0.08086146417981392
266.0, 0.08059162611250814
267.0, 0.08017825360627324
268.0, 0.08164654993110951
269.0, 0.08171506590501909
270.0, 0.08187407940059042
271.0, 0.08204553932425265
272.0, 0.08226343651770052
273.0, 0.08246117533946225
274.0, 0.08215524173763133
275.0, 0.08166352137299522
276.0, 0.08239688099200979
277.0, 0.08226240954024908
278.0, 0.08230986137119817
279.0, 0.08161222882763543
280.0, 0.08207051549418191
281.0, 0.0820528884472729
282.0, 0.07987349155346664
spot_hold
0, 0
1, 0
2, 0
3, 0
4, 0
5, 0
6, 0
7, 0
8, 0
9, 0
10, 0
11, 0
12, 0
13, 0
14, 0
15, 0
16, 0
17, 0
18, 0
19, 0
20, 0
21, 0
22, 0
23, 0
24, 0
25, 0
26, 0
27, 0
28, 0
29, 0
30, 0
31, 0
32, 0
33, 0
34, 0
35, 0
36, 0
37, 0
38, 0
39, 0
40, 0
41, 1
42, 1
43, 1
44, 1
45, 1
46, 1
47, 1
48, 1
49, 1
50, 1
51, 1
52, 1
53, 1
54, 1
55, 1
56, 1
57, 1
58, 1
59, 1
60, 1
61, 1
62, 1
63, 1
64, 1
65, 1
66, 1
67, 1
68, 1
69, 1
70, 1
71, 1
72, 1
73, 1
74, 1
75, 1
76, 1
77, 1
78, 1
79, 1
80, 1
81, 1
82, 1
83, 1
84, 1
85, 1
86, 1
87, 1
88, 1
89, 1
90, 1
91, 1
92, 1
93, 1
94, 1
95, 1
96, 1
97, 1
98, 1
99, 1
100, 1
101, 1
102, 1
103, 1
104, 1
105, 1
106, 1
107, 1
108, 1
109, 1
110, 1
111, 1
112, 1
113, 1
114, 1
115, 1
116, 1
117, 1
118, 1
119, 1
120, 1
121, 1
122, 1
123, 1
124, 1
125, 1
126, 1
127, 1
128, 1
129, 1
130, 1
131, 1
132, 1
133, 1
134, 1
135, 1
136, 1
137, 1
138, 1
139, 1
140, 1
141, 1
142, 1
143, 1
144, 1
145, 1
146, 1
147, 1
148, 1
149, 1
150, 1
151, 1
152, 1
153, 1
154, 1
155, 1
156, 1
157, 1
158, 1
159, 1
160, 1
161, 1
162, 1
163, 1
164, 1
165, 1
166, 1
167, 1
168, 1
169, 1
170, 1
171, 1
172, 1
173, 1
174, 1
175, 1
176, 1
177, 1
178, 1
179, 1
180, 1
181, 1
182, 1
183, 1
184, 1
185, 1
186, 1
187, 1
188, 1
189, 1
190, 1
191, 1
192, 1
193, 1
194, 1
195, 1
196, 1
197, 1
198, 1
199, 1
200, 1
201, 1
202, 1
203, 1
204, 1
205, 1
206, 1
207, 1
208, 1
209, 1
210, 1
211, 1
212, 1
213, 1
214, 1
215, 1
216, 1
217, 1
218, 1
219, 1
220, 1
221, 1
222, 1
223, 1
224, 1
225, 1
226, 1
227, 1
228, 1
229, 1
230, 1
231, 1
232, 1
233, 1
234, 1
235, 1
236, 1
237, 1
238, 1
239, 1
240, 1
241, 1
242, 1
243, 1
244, 1
245, 1
246, 1
247, 1
248, 1
249, 1
250, 1
251, 1
252, 1
253, 1
254, 1
255, 1
256, 1
257, 1
258, 1
259, 1
260, 1
261, 1
262, 1
263, 1
264, 1
265, 1
266, 1
267, 1
268, 1
269, 1
270, 1
271, 1
272, 1
273, 1
274, 1
275, 1
276, 1
277, 1
278, 1
279, 1
280, 1
281, 1
282, 1
