bot_dist
0.0, 4.035253406829074
1.0, 4.042460217668299
2.0, 4.049678896549026
3.0, 4.056909380118907
4.0, 4.064151605373198
5.0, 4.071405509653496
6.0, 4.078671030646462
7.0, 4.085948106382536
8.0, 4.093236675234639
9.0, 4.100536675916866
10.0, 4.10784804748317
11.0, 4.115170729326035
12.0, 4.122504661175144
13.0, 4.129849783096031
14.0, 4.137206035488734
15.0, 4.144573359086434
16.0, 4.15195169495409
17.0, 4.159340984487063
18.0, 4.166741169409734
19.0, 4.174152191774125
20.0, 4.181573993958493
21.0, 4.189006518665943
22.0, 4.196449708923018
23.0, 4.203903508078288
24.0, 4.211367859800935
25.0, 4.2188427080793405
26.0, 4.22632799721965
27.0, 4.233823671844356
28.0, 4.24132967689086
29.0, 4.248845957610038
30.0, 4.256372459564802
31.0, 4.263909128628659
32.0, 4.271455910984266
33.0, 4.279012753121984
34.0, 4.286579601838424
35.0, 4.294156404235001
36.0, 4.301743107716478
37.0, 4.309339659989509
38.0, 4.316946009061185
39.0, 4.324562103237579
40.0, 4.332187891122279
41.0, 4.339823321614936
42.0, 4.3474683439098
43.0, 4.355122907494262
44.0, 4.362786962147391
45.0, 4.370460457938474
46.0, 4.378143345225557
47.0, 4.38583557465398
48.0, 4.3935370971549235
49.0, 4.401247863943946
50.0, 4.408967826519527
51.0, 4.416696936661608
52.0, 4.4244351464301355
53.0, 4.432182408163614
54.0, 4.439938674477645
55.0, 4.447703898263477
56.0, 4.455478032686558
57.0, 4.463261031185087
58.0, 4.471052847468567
59.0, 4.4788534355163625
60.0, 4.486662749576258
61.0, 4.494480744163023
62.0, 4.502307374056966
63.0, 4.510142594302513
64.0, 4.517986360206767
65.0, 4.525838627338089
66.0, 4.533699351524666
67.0, 4.541568488853093
68.0, 4.549445995666954
69.0, 4.557331828565409
70.0, 4.565225944401778
71.0, 4.573128300282141
72.0, 4.581038853563923
73.0, 4.588957561854504
74.0, 4.596884383009815
75.0, 4.604819275132952
76.0, 4.6127621965727785
77.0, 4.620713105922549
78.0, 4.628671962018527
79.0, 4.636638723938602
80.0, 4.644613351000928
81.0, 4.652595802762549
82.0, 4.660586039018036
83.0, 4.668584019798135
84.0, 4.676589705368401
85.0, 4.684603056227864
86.0, 4.6926240331076725
87.0, 4.700652596969755
88.0, 4.708688709005495
89.0, 4.716732330634387
90.0, 4.7247834235027195
91.0, 4.732841949482255
92.0, 4.740907870668914
93.0, 4.748981149381457
94.0, 4.757061748160196
95.0, 4.765149629765678
96.0, 4.773244757177402
97.0, 4.781347093592521
98.0, 4.7894566024245675
99.0, 4.797573247302165
100.0, 4.805696992067762
101.0, 4.805696992067762
102.0, 4.805696992067762
103.0, 4.805696992067762
104.0, 4.805696992067762
105.0, 4.805696992067762
106.0, 4.805696992067762
107.0, 4.805696992067762
108.0, 4.805696992067762
109.0, 4.805696992067762
110.0, 4.805696992067762
111.0, 4.805696992067762
112.0, 4.805696992067762
113.0, 4.805696992067762
114.0, 4.805696992067762
115.0, 4.805696992067762
116.0, 4.805696992067762
117.0, 4.805696992067762
118.0, 4.805696992067762
119.0, 4.805696992067762
120.0, 4.805696992067762
121.0, 4.805696992067762
122.0, 4.805696992067762
123.0, 4.805696992067762
124.0, 4.805696992067762
125.0, 4.805696992067762
126.0, 4.805696992067762
127.0, 4.805696992067762
128.0, 4.805696992067762
129.0, 4.805696992067762
130.0, 4.805696992067762
131.0, 4.797573247302165
132.0, 4.7894566024245675
133.0, 4.781347093592521
134.0, 4.773244757177402
135.0, 4.765149629765678
136.0, 4.757061748160196
137.0, 4.748981149381457
138.0, 4.740907870668914
139.0, 4.732841949482255
140.0, 4.7247834235027195
141.0, 4.716732330634387
142.0, 4.708688709005495
143.0, 4.70410452069491
144.0, 4.696081858349947
145.0, 4.688066797587597
146.0, 4.680059377463228
147.0, 4.672059637262595
148.0, 4.664067616503176
149.0, 4.656083354935506
150.0, 4.648106892544518
151.0, 4.559609331238865
152.0, 4.4711664049378275
153.0, 4.3827813857769415
154.0, 4.294457887103903
155.0, 4.206199784417386
156.0, 4.118011282462044
157.0, 4.029896950576329
158.0, 3.941861762641097
159.0, 3.8539111423341654
160.0, 3.7660510145204844
161.0, 3.678287863756993
162.0, 3.590628801071071
163.0, 3.503081640388652
164.0, 3.4156549862512313
165.0, 3.3283583347809214
166.0, 3.2412021902430324
167.0, 3.232813572179186
168.0, 3.1437685088991896
169.0, 3.0548062298411653
170.0, 2.9659340433755514
171.0, 2.877160298085456
172.0, 2.7884943958257886
173.0, 2.6999469612701583
174.0, 2.6913988486637477
175.0, 2.6012955464035272
176.0, 2.51125611606245
177.0, 2.5026766650149317
178.0, 2.494107796062149
179.0, 2.485549618648611
180.0, 2.4770022435938657
181.0, 2.3862180630838083
182.0, 2.377720079598696
183.0, 2.3692338231767565
184.0, 2.3607594202843285
185.0, 2.3522969990322604
186.0, 2.3438466891991223
187.0, 2.3354086222547283
188.0, 2.3269829313839625
189.0, 2.318569751510918
190.0, 2.310169219323345
191.0, 2.30178147329741
192.0, 2.228479624746357
193.0, 2.2199964268790744
194.0, 2.1523160000574393
195.0, 2.0860154184416837
196.0, 2.0212304720084227
197.0, 1.9581116028204655
198.0, 1.896825139634819
199.0, 1.8375544358540643
200.0, 1.7805005861536636
201.0, 1.7258839220964979
202.0, 1.6739425483745933
203.0, 1.624933509839042
204.0, 1.579129369065914
205.0, 1.5368171983898615
206.0, 1.498292382766659
207.0, 1.4638544607160562
208.0, 1.4337974596466092
209.0, 1.4084023764791522
210.0, 1.3879246511766932
211.0, 1.3725848669602727
212.0, 1.3625560944127098
213.0, 1.3579563896005062
214.0, 1.358840486486202
215.0, 1.3651981688597086
216.0, 1.37695319749185
217.0, 1.3684210047479628
218.0, 1.3921356848553186
219.0, 1.420616754926398
220.0, 1.4127574074974771
221.0, 1.4049252720763858
222.0, 1.3971208063075116
223.0, 1.3893444764831815
224.0, 1.3815967576937314
225.0, 1.3738781339783621
226.0, 1.3661890984766467
227.0, 1.3585301535805265
228.0, 1.3509018110866373
229.0, 1.3433045923487772
230.0, 1.33573902843033
231.0, 1.33573902843033
232.0, 1.33573902843033
233.0, 1.33573902843033
234.0, 1.33573902843033
235.0, 1.33573902843033
236.0, 1.33573902843033
237.0, 1.33573902843033
238.0, 1.33573902843033
239.0, 1.33573902843033
240.0, 1.33573902843033
241.0, 1.33573902843033
242.0, 1.33573902843033
243.0, 1.33573902843033
244.0, 1.33573902843033
245.0, 1.33573902843033
246.0, 1.33573902843033
247.0, 1.33573902843033
248.0, 1.33573902843033
249.0, 1.33573902843033
250.0, 1.33573902843033
251.0, 1.33573902843033
252.0, 1.33573902843033
253.0, 1.33573902843033
254.0, 1.33573902843033
255.0, 1.33573902843033
256.0, 1.33573902843033
257.0, 1.33573902843033
258.0, 1.33573902843033
259.0, 1.33573902843033
260.0, 1.33573902843033
261.0, 1.3433045923487772
262.0, 1.3509018110866373
263.0, 1.3585301535805265
264.0, 1.3661890984766467
265.0, 1.3738781339783621
266.0, 1.3815967576937314
267.0, 1.3893444764831815
268.0, 1.3971208063075116
269.0, 1.4049252720763858
270.0, 1.4127574074974771
271.0, 1.420616754926398
272.0, 1.4285028652175522
273.0, 1.4364152975760296
274.0, 1.444353619410649
275.0, 1.4523174061882547
276.0, 1.4603062412893568
277.0, 1.4683197158651955
278.0, 1.4763574286963093
279.0, 1.4844189860526706
280.0, 1.4925040015554494
281.0, 1.5006120960404625
282.0, 1.5087428974233488
ee_dist
0.0, 1.2224675873440023
1.0, 1.2699483973005028
2.0, 1.3710433489332425
3.0, 1.459594693520382
4.0, 1.4901406839129765
5.0, 1.5158494995573253
6.0, 1.5488426404515772
7.0, 1.5834454866673178
8.0, 1.619109626763037
9.0, 1.6529397254461897
10.0, 1.6908487886146095
11.0, 1.724993992991653
12.0, 1.7556852034092856
13.0, 1.7914255220699393
14.0, 1.8174724749947386
15.0, 1.8440491096294955
16.0, 1.8690236388364732
17.0, 1.8964274575283684
18.0, 1.9177865638414018
19.0, 1.9368738614200345
20.0, 1.9560216680916838
21.0, 1.9275835132310009
22.0, 1.8882853350934825
23.0, 1.8457987741878172
24.0, 1.7996796565489483
25.0, 1.7501843752485302
26.0, 1.6974198052374516
27.0, 1.6416958553022514
28.0, 1.5831751995645622
29.0, 1.5222744093202052
30.0, 1.459237097660848
31.0, 1.394614452498657
32.0, 1.3287762178251203
33.0, 1.2624498889584121
34.0, 1.1962042213415427
35.0, 1.1310319245755391
36.0, 1.0678238994309281
37.0, 1.0079505968283202
38.0, 0.9527338401127298
39.0, 0.9039001989667491
40.0, 0.863185202293134
41.0, 0.8634970599719111
42.0, 0.8150807375530983
43.0, 0.8771560969886784
44.0, 0.8329212612028319
45.0, 0.7872429172558909
46.0, 0.7398742427205202
47.0, 0.690595723721782
48.0, 0.6397974013182851
49.0, 0.5874340547049702
50.0, 0.5342943714202802
51.0, 0.4811128017181886
52.0, 0.428637944742971
53.0, 0.37738992034846264
54.0, 0.3286988148984903
55.0, 0.2843509509282849
56.0, 0.2957109673283174
57.0, 0.35478401294792683
58.0, 0.42667079553366444
59.0, 0.5105730021877255
60.0, 0.6014333128255553
61.0, 0.6934734900372606
62.0, 0.7815478397396592
63.0, 0.855867732447169
64.0, 0.9161901048625398
65.0, 0.9761192507691014
66.0, 1.0318785055451143
67.0, 1.0857487191284523
68.0, 1.137797053118652
69.0, 1.1901843918379529
70.0, 1.2421461493760104
71.0, 1.3009041485235253
72.0, 1.3643868349432586
73.0, 1.4358335552731454
74.0, 1.5184287010115007
75.0, 1.6095123258204025
76.0, 1.7071510651267932
77.0, 1.8057324760850553
78.0, 1.8994013798134781
79.0, 1.982529221290155
80.0, 2.0485927861936357
81.0, 2.111321402708579
82.0, 2.172060682192231
83.0, 2.231057998949884
84.0, 2.2890849105996547
85.0, 2.346472671389468
86.0, 2.405885293847752
87.0, 2.469793516003507
88.0, 2.5173436623252865
89.0, 2.570021331481709
90.0, 2.6280490632392777
91.0, 2.7037156179953623
92.0, 2.811010976830986
93.0, 2.916950308798938
94.0, 3.0211874129525857
95.0, 3.1144823478315082
96.0, 3.191287678039929
97.0, 3.2579744587479964
98.0, 3.3271237672041787
99.0, 3.390100109380195
100.0, 3.454674982001072
101.0, 3.516487345858616
102.0, 3.5799240515293103
103.0, 3.646252259774132
104.0, 3.7209040724608684
105.0, 3.7960952587113836
106.0, 3.8867689518910007
107.0, 3.982645447892909
108.0, 4.089296922968314
109.0, 4.195111649947071
110.0, 4.3016284456940665
111.0, 4.398610395128232
112.0, 4.478853469767444
113.0, 4.545227945625093
114.0, 4.593082981507943
115.0, 4.643609421590172
116.0, 4.681808907363738
117.0, 4.724949625417262
118.0, 4.768121095879175
119.0, 4.806472375755579
120.0, 4.845907603530605
121.0, 4.880003407415685
122.0, 4.914754193732367
123.0, 4.943817896282349
124.0, 4.973164510680733
125.0, 4.996549624221993
126.0, 5.019907616752769
127.0, 5.037103537483341
128.0, 5.05402811556855
129.0, 5.064660748733239
130.0, 5.074842872752141
131.0, 5.078671350138414
132.0, 5.081938766336453
133.0, 5.078862179128931
134.0, 5.0751774426378455
135.0, 5.0652266315376595
136.0, 5.054690958014437
137.0, 5.038034670660867
138.0, 5.02088433274713
139.0, 4.997826508911023
140.0, 4.974434698393371
141.0, 4.945414220963191
142.0, 4.916292563134819
143.0, 4.327563969853747
144.0, 4.309096406002803
145.0, 4.294281702847552
146.0, 4.280415643500171
147.0, 4.270723350442977
148.0, 4.262022076244924
149.0, 4.257795471253237
150.0, 4.2545606927284405
151.0, 4.172400769113935
152.0, 4.088422349778491
153.0, 4.006287071346946
154.0, 3.922330721950742
155.0, 3.840221370916963
156.0, 3.756289705493973
157.0, 3.674210097207838
158.0, 3.5903067713188044
159.0, 3.5082609813676826
160.0, 3.424390264987557
161.0, 3.342383281811957
162.0, 3.258550419773541
163.0, 3.176588100302366
164.0, 3.0927993808415417
165.0, 3.010889426576979
166.0, 2.927152335674992
167.0, 2.9276081089451766
168.0, 2.8434306753618905
169.0, 2.761147533511144
170.0, 2.676978703112779
171.0, 2.5947138754553323
172.0, 2.5105552174912713
173.0, 2.428311318998572
174.0, 2.4297440235068644
175.0, 2.347819153475919
176.0, 2.263997268559862
177.0, 2.2704969051653703
178.0, 2.277979072009407
179.0, 2.2901847700588864
180.0, 2.3032209808356705
181.0, 2.2304959171408467
182.0, 2.2151585418499904
183.0, 2.204361005505941
184.0, 2.1944734019304986
185.0, 2.18942081517862
186.0, 2.185406912495585
187.0, 2.1863272270135186
188.0, 2.188354147185371
189.0, 2.195216875622563
190.0, 2.203185728674513
191.0, 2.2157014001284594
192.0, 2.1413343092257775
193.0, 2.156967094560313
194.0, 2.087657368703209
195.0, 2.020960783172622
196.0, 1.9540011167663722
197.0, 1.8898603813763848
198.0, 1.8257826086878883
199.0, 1.764771669623505
200.0, 1.7042298837106973
201.0, 1.6470640780812884
202.0, 1.590871378321299
203.0, 1.5384331989459865
204.0, 1.4875819013160283
205.0, 1.4409333675992486
206.0, 1.3965970052843137
207.0, 1.3569661046948147
208.0, 1.3204628972890546
209.0, 1.289178210490038
210.0, 1.261870495069946
211.0, 1.24022560724644
212.0, 1.223342822542991
213.0, 1.2123919549430362
214.0, 1.2068030325250032
215.0, 1.2071388784781323
216.0, 1.2131507660376282
217.0, 1.2436637729803603
218.0, 1.2619372734261696
219.0, 1.2850367728059537
220.0, 1.2553093219242377
221.0, 1.2248062468620782
222.0, 1.1941791702151514
223.0, 1.1634618448288325
224.0, 1.1327353999736482
225.0, 1.1026792178182294
226.0, 1.0727716726365766
227.0, 1.044382657479733
228.0, 1.0163535176812841
229.0, 0.9907632770387219
230.0, 0.9657937345347257
231.0, 0.9442199032306797
232.0, 0.9235626078255001
233.0, 0.907224251421411
234.0, 0.8920871140782264
235.0, 0.8820568609571333
236.0, 0.8734414688820501
237.0, 0.8704645709387309
238.0, 0.8689779607047563
239.0, 0.8733105324936451
240.0, 0.8790357720289955
241.0, 0.8805384897764141
242.0, 0.8783212684213354
243.0, 0.8910161218055915
244.0, 0.9032301713794657
245.0, 0.9166075869049717
246.0, 0.9324641417437518
247.0, 0.9497098448800841
248.0, 0.9691209927108991
249.0, 0.9896327118382543
250.0, 1.0119732742745613
251.0, 1.035119949108187
252.0, 1.059662009227415
253.0, 1.0846147669863848
254.0, 1.1105342050952685
255.0, 1.136672708081264
256.0, 1.1634407643616578
257.0, 1.1900465975605445
258.0, 1.2169587566530324
259.0, 1.243408608469644
260.0, 1.279158781650667
261.0, 1.3155496821503898
262.0, 1.3481534072103796
263.0, 1.3129217985366217
264.0, 1.274116406187377
265.0, 1.233137226869513
266.0, 1.1897711241854332
267.0, 1.1444883467911233
268.0, 1.0970404107874265
269.0, 1.0478491751157435
270.0, 0.9969228792448088
271.0, 0.9447117754423511
272.0, 0.8909501204336903
273.0, 0.8364112324994464
274.0, 0.780868711568618
275.0, 0.7249911096003152
276.0, 0.6651376555218921
277.0, 0.6101547803133145
278.0, 0.5653708799285476
279.0, 0.5118747394507256
280.0, 0.46395601761888877
281.0, 0.42022719722381996
282.0, 0.38331838796932083
ee_box_dist
0.0, 0.5575707657653017
1.0, 0.613147673732866
2.0, 0.643669054619358
3.0, 0.6829850393465733
4.0, 0.7215914679964378
5.0, 0.7593088885288988
6.0, 0.7975661661888243
7.0, 0.8340325932988084
8.0, 0.8685607790639858
9.0, 0.900194600470691
10.0, 0.9347090773206512
11.0, 0.9650106462915947
12.0, 0.9915569962529335
13.0, 1.0227306984263254
14.0, 1.0446581099994867
15.0, 1.0670897416995868
16.0, 1.087893334531548
17.0, 1.1110065797595232
18.0, 1.1287440578766348
19.0, 1.1443998494533076
20.0, 1.1601856176947243
21.0, 1.1402818682640823
22.0, 1.1129904698747044
23.0, 1.083055530178118
24.0, 1.0501188429025952
25.0, 1.0143440177702014
26.0, 0.9757334006638008
27.0, 0.9343944772235523
28.0, 0.890381004044839
29.0, 0.8438714570946843
30.0, 0.7948505774980436
31.0, 0.7436131467966437
32.0, 0.6900475040369914
33.0, 0.6345906372184901
34.0, 0.5771102636342079
35.0, 0.5181108036082724
36.0, 0.45747661264729084
37.0, 0.3956949583952035
38.0, 0.33286071307174037
39.0, 0.269725835562939
40.0, 0.20707453835975037
41.0, 0.08025356375237407
42.0, 0.08290160045491028
43.0, 0.08302875969575893
44.0, 0.08297747541563363
45.0, 0.08302999599496377
46.0, 0.08298387938983984
47.0, 0.08302963558135602
48.0, 0.08298905615499809
49.0, 0.08302845176625688
50.0, 0.08299344869582158
51.0, 0.0830269153562312
52.0, 0.08299682158167461
53.0, 0.08302541655824949
54.0, 0.08299972056210948
55.0, 0.08302326562266413
56.0, 0.08300177329542181
57.0, 0.08302111091649796
58.0, 0.08300316872442488
59.0, 0.08301913353503632
60.0, 0.08300446715407667
61.0, 0.08301645520453106
62.0, 0.08300534134599744
63.0, 0.08301409931385988
64.0, 0.08300587164319131
65.0, 0.08301184805275276
66.0, 0.08300612823221878
67.0, 0.08300968144727086
68.0, 0.08300623733516113
69.0, 0.08300777926547336
70.0, 0.08300728766505
71.0, 0.08300639170909886
72.0, 0.08300767531010618
73.0, 0.08300536623598677
74.0, 0.0830090176128036
75.0, 0.08300526225313672
76.0, 0.08301043794642446
77.0, 0.08300557277340438
78.0, 0.0830127115516467
79.0, 0.08300697641783249
80.0, 0.08301539746390191
81.0, 0.08300939798221227
82.0, 0.08301894094231983
83.0, 0.0830129163555394
84.0, 0.08302301819375245
85.0, 0.0830170438611973
86.0, 0.08876280759401635
87.0, 0.12455127215478183
88.0, 0.1350621562089169
89.0, 0.1333104704641225
90.0, 0.12889372025752383
91.0, 0.11566460636335564
92.0, 0.11521096437639114
93.0, 0.11675486148171223
94.0, 0.11528978492602658
95.0, 0.11674727427931444
96.0, 0.11528992398997058
97.0, 0.11674728423846484
98.0, 0.11528992964367009
99.0, 0.11674721436762991
100.0, 0.11528986520985071
101.0, 0.11674728423846484
102.0, 0.11528986520985071
103.0, 0.11674728423846484
104.0, 0.11528988480321962
105.0, 0.11674721436762991
106.0, 0.11528990439659292
107.0, 0.11674721436762991
108.0, 0.11528997448413392
109.0, 0.11674728423846484
110.0, 0.11528992964367009
111.0, 0.11674721436762991
112.0, 0.11528988480321962
113.0, 0.11674725889212843
114.0, 0.11528992964367009
115.0, 0.08219704165586442
116.0, 0.11228777743909807
117.0, 0.1166341652210245
118.0, 0.11528929925932835
119.0, 0.11674732392987637
120.0, 0.11528994358335262
121.0, 0.11674727866459515
122.0, 0.11528983996278254
123.0, 0.11674719459515993
124.0, 0.11528997448413392
125.0, 0.1167472792588593
126.0, 0.11528994358335262
127.0, 0.11674719459515993
128.0, 0.11528994923703575
129.0, 0.1167472792588593
130.0, 0.1152898987429384
131.0, 0.11674729903132258
132.0, 0.11528988480321962
133.0, 0.11674725889212843
134.0, 0.11528983996278254
135.0, 0.11674728423846484
136.0, 0.11528994923703575
137.0, 0.1167472792588593
138.0, 0.11528992964367009
139.0, 0.11674728423846484
140.0, 0.11528997448413392
141.0, 0.1167472792588593
142.0, 0.11528986520985071
143.0, 0.11233482665653316
144.0, 0.11136699006413356
145.0, 0.11258624442340458
146.0, 0.11137033573952859
147.0, 0.11258504912881846
148.0, 0.1113702824163695
149.0, 0.11258452364478468
150.0, 0.11136960886197654
151.0, 0.11258449401246415
152.0, 0.111370200275268
153.0, 0.11258464836589425
154.0, 0.1113701756285299
155.0, 0.11258455956348629
156.0, 0.1113700213131009
157.0, 0.11258446995708801
158.0, 0.1113700213131009
159.0, 0.11258455956348629
160.0, 0.1113700213131009
161.0, 0.11258446995708801
162.0, 0.11136995647876537
163.0, 0.11258446995708801
164.0, 0.11137004595987314
165.0, 0.11258468905820987
166.0, 0.11136995647876537
167.0, 0.11258305396733354
168.0, 0.11136936712500098
169.0, 0.11258359056690412
170.0, 0.11136936712500098
171.0, 0.11258411088577544
172.0, 0.11136936712500098
173.0, 0.11258391153495999
174.0, 0.11136834848962422
175.0, 0.11258301861130691
176.0, 0.1113687345144223
177.0, 0.11258220920339491
178.0, 0.11136662256283154
179.0, 0.11258059347816889
180.0, 0.11136485126676787
181.0, 0.11258033673106863
182.0, 0.11136596311466705
183.0, 0.1125816650532161
184.0, 0.11136765345119375
185.0, 0.11258304814461317
186.0, 0.11136917958981271
187.0, 0.112583922658625
188.0, 0.11137025405463676
189.0, 0.11258489326422251
190.0, 0.11137071092685152
191.0, 0.1125855452312429
192.0, 0.11137077748353243
193.0, 0.11258588551761192
194.0, 0.11137059955840238
195.0, 0.11258617547546662
196.0, 0.1113707785178539
197.0, 0.11258614631539887
198.0, 0.1113707785178539
199.0, 0.11258605671152572
200.0, 0.11137074767367114
201.0, 0.11258614631539887
202.0, 0.11137071835563438
203.0, 0.11258614631539887
204.0, 0.11137090245561772
205.0, 0.11258614631539887
206.0, 0.11137031931262252
207.0, 0.1125858372678472
208.0, 0.11137028332960312
209.0, 0.11258614631539887
210.0, 0.11137025401144413
211.0, 0.11258552822146671
212.0, 0.11137028332960312
213.0, 0.1125858372678472
214.0, 0.11137025401144413
215.0, 0.1125858372678472
216.0, 0.11137028332960312
217.0, 0.1125859695910041
218.0, 0.11137057197663996
219.0, 0.11258634653994083
220.0, 0.11137062168999337
221.0, 0.11258527159770605
222.0, 0.11137043270814852
223.0, 0.11258514507216921
224.0, 0.11137024734000069
225.0, 0.11258375434235648
226.0, 0.11136854665610117
227.0, 0.11258249566093693
228.0, 0.11136772169629448
229.0, 0.11258104531265396
230.0, 0.11136607168759116
231.0, 0.11257976714189548
232.0, 0.11136413617896068
233.0, 0.11257834713129941
234.0, 0.1113630344143
235.0, 0.1125775777814883
236.0, 0.11136250472985948
237.0, 0.11257737277073201
238.0, 0.1113625501150657
239.0, 0.11257806257471918
240.0, 0.11136377072087163
241.0, 0.11666937381924893
242.0, 0.11528157494013287
243.0, 0.07442048981606947
244.0, 0.0735414881869877
245.0, 0.072372657621396
246.0, 0.07240051224211601
247.0, 0.07128480386693778
248.0, 0.07150209911781351
249.0, 0.07046823723455227
250.0, 0.07085262103722825
251.0, 0.06989709986642008
252.0, 0.07029827449886673
253.0, 0.0693090623969867
254.0, 0.06975770303614569
255.0, 0.06870063789315282
256.0, 0.0691192533846191
257.0, 0.06796016119105151
258.0, 0.06832626597869233
259.0, 0.06705476147522996
260.0, 0.07687287009143959
261.0, 0.08116405141193096
262.0, 0.07905677821620757
263.0, 0.08039127666344732
264.0, 0.08074788804922117
265.0, 0.08086691647603325
266.0, 0.08113935816790473
267.0, 0.08129118699947456
268.0, 0.08153922274174293
269.0, 0.0817106065157666
270.0, 0.08192525286891907
271.0, 0.08190978246239182
272.0, 0.08215519556903887
273.0, 0.08209424956072059
274.0, 0.08229362012308222
275.0, 0.08220486518854059
276.0, 0.08198208647012672
277.0, 0.08225593341024412
278.0, 0.08421011859973378
279.0, 0.08155699121430737
280.0, 0.08212496397589653
281.0, 0.08196916367062594
282.0, 0.08189412397494286
spot_hold
0, 0
1, 0
2, 0
3, 0
4, 0
5, 0
6, 0
7, 0
8, 0
9, 0
10, 0
11, 0
12, 0
13, 0
14, 0
15, 0
16, 0
17, 0
18, 0
19, 0
20, 0
21, 0
22, 0
23, 0
24, 0
25, 0
26, 0
27, 0
28, 0
29, 0
30, 0
31, 0
32, 0
33, 0
34, 0
35, 0
36, 0
37, 0
38, 0
39, 0
40, 0
41, 1
42, 1
43, 1
44, 1
45, 1
46, 1
47, 1
48, 1
49, 1
50, 1
51, 1
52, 1
53, 1
54, 1
55, 1
56, 1
57, 1
58, 1
59, 1
60, 1
61, 1
62, 1
63, 1
64, 1
65, 1
66, 1
67, 1
68, 1
69, 1
70, 1
71, 1
72, 1
73, 1
74, 1
75, 1
76, 1
77, 1
78, 1
79, 1
80, 1
81, 1
82, 1
83, 1
84, 1
85, 1
86, 1
87, 1
88, 1
89, 1
90, 1
91, 1
92, 1
93, 1
94, 1
95, 1
96, 1
97, 1
98, 1
99, 1
100, 1
101, 1
102, 1
103, 1
104, 1
105, 1
106, 1
107, 1
108, 1
109, 1
110, 1
111, 1
112, 1
113, 1
114, 1
115, 1
116, 1
117, 1
118, 1
119, 1
120, 1
121, 1
122, 1
123, 1
124, 1
125, 1
126, 1
127, 1
128, 1
129, 1
130, 1
131, 1
132, 1
133, 1
134, 1
135, 1
136, 1
137, 1
138, 1
139, 1
140, 1
141, 1
142, 1
143, 1
144, 1
145, 1
146, 1
147, 1
148, 1
149, 1
150, 1
151, 1
152, 1
153, 1
154, 1
155, 1
156, 1
157, 1
158, 1
159, 1
160, 1
161, 1
162, 1
163, 1
164, 1
165, 1
166, 1
167, 1
168, 1
169, 1
170, 1
171, 1
172, 1
173, 1
174, 1
175, 1
176, 1
177, 1
178, 1
179, 1
180, 1
181, 1
182, 1
183, 1
184, 1
185, 1
186, 1
187, 1
188, 1
189, 1
190, 1
191, 1
192, 1
193, 1
194, 1
195, 1
196, 1
197, 1
198, 1
199, 1
200, 1
201, 1
202, 1
203, 1
204, 1
205, 1
206, 1
207, 1
208, 1
209, 1
210, 1
211, 1
212, 1
213, 1
214, 1
215, 1
216, 1
217, 1
218, 1
219, 1
220, 1
221, 1
222, 1
223, 1
224, 1
225, 1
226, 1
227, 1
228, 1
229, 1
230, 1
231, 1
232, 1
233, 1
234, 1
235, 1
236, 1
237, 1
238, 1
239, 1
240, 1
241, 1
242, 1
243, 1
244, 1
245, 1
246, 1
247, 1
248, 1
249, 1
250, 1
251, 1
252, 1
253, 1
254, 1
255, 1
256, 1
257, 1
258, 1
259, 1
260, 1
261, 1
262, 1
263, 1
264, 1
265, 1
266, 1
267, 1
268, 1
269, 1
270, 1
271, 1
272, 1
273, 1
274, 1
275, 1
276, 1
277, 1
278, 1
279, 1
280, 1
281, 1
282, 1
