bot_dist
0.0, 3.229145166893615
1.0, 3.2341380824128247
2.0, 3.2391541740046796
3.0, 3.24419333416637
4.0, 3.249255455569107
5.0, 3.2543404310643704
6.0, 3.2594481536900375
7.0, 3.2645785166764
8.0, 3.2697314134520745
9.0, 3.2749067376498
10.0, 3.280104383112119
11.0, 3.2853242438969623
12.0, 3.290566214283112
13.0, 3.2958301887755628
14.0, 3.301116062110777
15.0, 3.306423729261829
16.0, 3.311753085443443
17.0, 3.3171040261169313
18.0, 3.3224764469950245
19.0, 3.327870244046594
20.0, 3.333285313501279
21.0, 3.3387215518540083
22.0, 3.3441788558694174
23.0, 3.3496571225861707
24.0, 3.3551562493211806
25.0, 3.3606761336737296
26.0, 3.366216673529495
27.0, 3.3717777670644717
28.0, 3.377359312748809
29.0, 3.38296120935054
30.0, 3.388583355939227
31.0, 3.394225651889511
32.0, 3.399887996884563
33.0, 3.4055702909194534
34.0, 3.411272434304423
35.0, 3.4169943276680694
36.0, 3.422735871960446
37.0, 3.428496968456067
38.0, 3.434277518756831
39.0, 3.4400774247948607
40.0, 3.4458965888352533
41.0, 3.451734913478751
42.0, 3.4575923016643264
43.0, 3.4634686566716897
44.0, 3.4693638821237127
45.0, 3.475277881988772
46.0, 3.4812105605830195
47.0, 3.4871618225725705
48.0, 3.493131572975614
49.0, 3.4991197171644552
50.0, 3.505126160867474
51.0, 3.5111508101710167
52.0, 3.517193571521213
53.0, 3.523254351725722
54.0, 3.5293330579554065
55.0, 3.5354295977459387
56.0, 3.54154387899934
57.0, 3.547675809985448
58.0, 3.5538252993433215
59.0, 3.5599922560825776
60.0, 3.566176589584667
61.0, 3.5723782096040813
62.0, 3.578597026269503
63.0, 3.584832950084888
64.0, 3.5910858919304958
65.0, 3.5973557630638515
66.0, 3.6036424751206506
67.0, 3.6099459401156144
68.0, 3.6162660704432765
69.0, 3.622602778878721
70.0, 3.628955978578266
71.0, 3.6353255830800877
72.0, 3.6417115063047962
73.0, 3.6481136625559585
74.0, 3.6545319665205667
75.0, 3.6609663332694606
76.0, 3.6674166782576987
77.0, 3.6738829173248773
78.0, 3.68036496669541
79.0, 3.6868627429787497
80.0, 3.6933761631695736
81.0, 3.69990514464792
82.0, 3.706449605179277
83.0, 3.7130094629146346
84.0, 3.719584636390488
85.0, 3.726175044528803
86.0, 3.732780606636937
87.0, 3.7394012424075256
88.0, 3.7460368719183212
89.0, 3.752687415632001
90.0, 3.759352794395933
91.0, 3.766032929441902
92.0, 3.7727277423858103
93.0, 3.779437155227329
94.0, 3.786161090349522
95.0, 3.7928994705184382
96.0, 3.7996522188826645
97.0, 3.806419258972845
98.0, 3.8132005147011805
99.0, 3.8199959103608783
100.0, 3.82680537062559
101.0, 3.82680537062559
102.0, 3.82680537062559
103.0, 3.82680537062559
104.0, 3.82680537062559
105.0, 3.82680537062559
106.0, 3.82680537062559
107.0, 3.82680537062559
108.0, 3.82680537062559
109.0, 3.82680537062559
110.0, 3.82680537062559
111.0, 3.82680537062559
112.0, 3.82680537062559
113.0, 3.82680537062559
114.0, 3.82680537062559
115.0, 3.82680537062559
116.0, 3.82680537062559
117.0, 3.82680537062559
118.0, 3.82680537062559
119.0, 3.82680537062559
120.0, 3.82680537062559
121.0, 3.82680537062559
122.0, 3.82680537062559
123.0, 3.82680537062559
124.0, 3.82680537062559
125.0, 3.82680537062559
126.0, 3.82680537062559
127.0, 3.82680537062559
128.0, 3.82680537062559
129.0, 3.82680537062559
130.0, 3.82680537062559
131.0, 3.8199959103608783
132.0, 3.8132005147011805
133.0, 3.806419258972845
134.0, 3.7996522188826645
135.0, 3.7928994705184382
136.0, 3.786161090349522
137.0, 3.779437155227329
138.0, 3.7727277423858103
139.0, 3.766032929441902
140.0, 3.759352794395933
141.0, 3.752687415632001
142.0, 3.7460368719183212
143.0, 3.7437395951031003
144.0, 3.7371266450989595
145.0, 3.7305287784298096
146.0, 3.7239460752669262
147.0, 3.717378616164542
148.0, 3.7108264820599475
149.0, 3.7042897542735407
150.0, 3.6977685145088492
151.0, 3.608102227468299
152.0, 3.5184461881566236
153.0, 3.428801155183851
154.0, 3.3391680638078443
155.0, 3.249547902192891
156.0, 3.15994177045497
157.0, 3.0703508969519815
158.0, 2.980776657498757
159.0, 2.891220598137224
160.0, 2.8016844622520125
161.0, 2.712170223028711
162.0, 2.6226801225217584
163.0, 2.5332167189535446
164.0, 2.4437829443362307
165.0, 2.3543821751362772
166.0, 2.2650183195502147
167.0, 2.2587482969982444
168.0, 2.1696960251643493
169.0, 2.080764675133966
170.0, 1.9919702328107802
171.0, 1.9033318593904225
172.0, 1.8148724222337134
173.0, 1.7266194237427719
174.0, 1.7207767810576342
175.0, 1.634095863762826
176.0, 1.547909511980089
177.0, 1.542384839556039
178.0, 1.5369053740958514
179.0, 1.531471600838762
180.0, 1.5260840078596924
181.0, 1.4533491384052593
182.0, 1.448338281378825
183.0, 1.4433793112449536
184.0, 1.438472764626107
185.0, 1.4336191797791789
186.0, 1.4288190964250533
187.0, 1.4240730555718046
188.0, 1.3381493376145743
189.0, 1.3336173969971634
190.0, 1.247256858588722
191.0, 1.1613317308025193
192.0, 1.0759462013919985
193.0, 0.9912397234069549
194.0, 0.9074024861542149
195.0, 0.8246996278322992
196.0, 0.7435097861249332
197.0, 0.6643878758897426
198.0, 0.5881690393449425
199.0, 0.516140978519968
200.0, 0.45031913374858523
201.0, 0.39382769885005686
202.0, 0.3511983943470055
203.0, 0.327883347627212
204.0, 0.32802711589054384
205.0, 0.3516009236572596
206.0, 0.3944258509818248
207.0, 0.45105145602000213
208.0, 0.5169624760867272
209.0, 0.5890501753115813
210.0, 0.6653098060576127
211.0, 0.7444602882089442
212.0, 0.8256708544401434
213.0, 0.8340046519495314
214.0, 0.9136423275335299
215.0, 0.994791502398103
216.0, 1.0028170016151587
217.0, 1.0108777096325205
218.0, 1.0189727908800579
219.0, 1.0271014326221282
220.0, 1.0352628443315701
221.0, 1.0434562570760153
222.0, 1.0516809229168382
223.0, 1.0599361143209853
224.0, 1.0682211235858683
225.0, 1.0765352622774471
226.0, 1.0848778606815694
227.0, 1.0932482672686001
228.0, 1.101645848171319
229.0, 1.11006998667604
230.0, 1.1185200827268647
231.0, 1.1185200827268647
232.0, 1.1185200827268647
233.0, 1.1185200827268647
234.0, 1.1185200827268647
235.0, 1.1185200827268647
236.0, 1.1185200827268647
237.0, 1.1185200827268647
238.0, 1.1185200827268647
239.0, 1.1185200827268647
240.0, 1.1185200827268647
241.0, 1.1185200827268647
242.0, 1.1185200827268647
243.0, 1.1185200827268647
244.0, 1.1185200827268647
245.0, 1.1185200827268647
246.0, 1.1185200827268647
247.0, 1.1185200827268647
248.0, 1.1185200827268647
249.0, 1.1185200827268647
250.0, 1.1185200827268647
251.0, 1.1185200827268647
252.0, 1.1185200827268647
253.0, 1.1185200827268647
254.0, 1.1185200827268647
255.0, 1.1185200827268647
256.0, 1.1185200827268647
257.0, 1.1185200827268647
258.0, 1.1185200827268647
259.0, 1.1185200827268647
260.0, 1.1185200827268647
261.0, 1.11006998667604
262.0, 1.101645848171319
263.0, 1.0932482672686001
264.0, 1.0848778606815694
265.0, 1.0765352622774471
266.0, 1.0682211235858683
267.0, 1.0599361143209853
268.0, 1.0516809229168382
269.0, 1.0434562570760153
270.0, 1.0352628443315701
271.0, 1.0271014326221282
272.0, 1.0189727908800579
273.0, 1.0108777096325205
274.0, 1.0028170016151587
275.0, 0.994791502398103
276.0, 0.9868020710239023
277.0, 0.9788495906569001
278.0, 0.9709349692434759
279.0, 0.9630591401824753
280.0, 0.9552230630050336
281.0, 0.9474277240628747
282.0, 0.939674137224032
ee_dist
0.0, 0.8517266301210393
1.0, 0.8461605741638607
2.0, 0.9138021870280182
3.0, 0.9863793725958262
4.0, 1.011320002455768
5.0, 1.0358332966525898
6.0, 1.0710686999431849
7.0, 1.109090740373367
8.0, 1.1505678462608768
9.0, 1.190030644234166
10.0, 1.22726716827348
11.0, 1.2628552806251094
12.0, 1.2965451372512027
13.0, 1.3272969813661735
14.0, 1.3561658155435163
15.0, 1.3819314283800463
16.0, 1.4066623113234256
17.0, 1.4443250560646428
18.0, 1.462926954027435
19.0, 1.4980647147267758
20.0, 1.5242525200623323
21.0, 1.4958611875361967
22.0, 1.4617551845272674
23.0, 1.42431948480813
24.0, 1.3833804130168956
25.0, 1.3391052653230413
26.0, 1.2915010315545374
27.0, 1.2407856760391267
28.0, 1.1869781941036464
29.0, 1.1303659700284203
30.0, 1.0709927128946233
31.0, 1.009224272832259
32.0, 0.9451488217301458
33.0, 0.8792308972630217
34.0, 0.8116506065130624
35.0, 0.743055864413024
36.0, 0.6738635240149539
37.0, 0.6051182377663771
38.0, 0.5377934566431973
39.0, 0.47348494732647517
40.0, 0.41439244755743077
41.0, 0.4296597434800242
42.0, 0.6872186089035729
43.0, 1.2526477096813724
44.0, 1.2140432355999708
45.0, 1.1739575276810537
46.0, 1.1309933719892367
47.0, 1.0860890170979436
48.0, 1.0384758002287064
49.0, 0.9888074225947292
50.0, 0.9371587243644026
51.0, 0.8842306002945011
52.0, 0.8300945262719366
53.0, 0.7748376578579753
54.0, 0.7185293351195066
55.0, 0.6612844583600732
56.0, 0.6039407081077875
57.0, 0.546728293962479
58.0, 0.6028401221146957
59.0, 0.6788846963605952
60.0, 0.7635347036865454
61.0, 0.8563553628836377
62.0, 0.9517198480808646
63.0, 1.0445272908156427
64.0, 1.130867270402146
65.0, 1.1972547599899703
66.0, 1.253121615070521
67.0, 1.310289591215048
68.0, 1.3629837434796832
69.0, 1.4153473440376834
70.0, 1.4682466077560585
71.0, 1.5195159044766513
72.0, 1.5762333941865816
73.0, 1.63810240808074
74.0, 1.7047483887801609
75.0, 1.782441673699952
76.0, 1.869343747250435
77.0, 1.9655620734135153
78.0, 2.065902435665962
79.0, 2.1651732334391034
80.0, 2.2590002494002883
81.0, 2.337482922761618
82.0, 2.400898444583713
83.0, 2.4631442950416202
84.0, 2.523033772767408
85.0, 2.582270571767878
86.0, 2.63099652905554
87.0, 2.659352314566565
88.0, 2.69034928016368
89.0, 2.7298671818683955
90.0, 2.781558027653581
91.0, 2.865876147818254
92.0, 2.9595056833124365
93.0, 3.061646377992874
94.0, 3.1689898369405043
95.0, 3.2770176383024787
96.0, 3.3782950185141423
97.0, 3.468776315839189
98.0, 3.540274776412842
99.0, 3.608005538103245
100.0, 3.673060011751889
101.0, 3.737210371153151
102.0, 3.7996860792351153
103.0, 3.862633627176943
104.0, 3.9262069729698594
105.0, 3.996398532769796
106.0, 4.070670227769257
107.0, 4.1525536835724415
108.0, 4.243830803450595
109.0, 4.3446088887709875
110.0, 4.451093335229124
111.0, 4.5602672102214505
112.0, 4.6630657612242254
113.0, 4.7583289028191365
114.0, 4.832597815109679
115.0, 4.882418268448468
116.0, 4.926482959559102
117.0, 4.971943753720612
118.0, 5.015212671584811
119.0, 5.057327719972334
120.0, 5.096657823235186
121.0, 5.13600361170717
122.0, 5.169105653713473
123.0, 5.20155179990167
124.0, 5.230520245821827
125.0, 5.25722182331966
126.0, 5.280045989782762
127.0, 5.300322304209017
128.0, 5.316513705247461
129.0, 5.329961920894764
130.0, 5.339186498727468
131.0, 5.345549122868671
132.0, 5.3476160874561085
133.0, 5.346771928067333
134.0, 5.341634076435807
135.0, 5.333607273304022
136.0, 5.321360485721907
137.0, 5.3063164150002935
138.0, 5.287195179342139
139.0, 5.2654424471457695
140.0, 5.230168855417321
141.0, 5.230507757731745
142.0, 5.230169753355214
143.0, 4.601813503807223
144.0, 4.590490534187773
145.0, 4.580906833281509
146.0, 4.574596909879696
147.0, 4.570112693882249
148.0, 4.569032881904577
149.0, 4.569800629644691
150.0, 4.573989251921879
151.0, 4.4911728781366325
152.0, 4.409181103337524
153.0, 4.326435392506669
154.0, 4.2445179984017125
155.0, 4.161851642122206
156.0, 4.080017500015968
157.0, 3.997440619239167
158.0, 3.9157004270840243
159.0, 3.8332242074724423
160.0, 3.751590447681711
161.0, 3.6692289876707256
162.0, 3.5877164223716704
163.0, 3.505485449302742
164.0, 3.424111778347226
165.0, 3.342031152295596
166.0, 3.260817416487748
167.0, 3.2684975919291195
168.0, 3.189277417070741
169.0, 3.109485829323588
170.0, 3.030669830156931
171.0, 2.9513187026750796
172.0, 2.856739770284529
173.0, 2.7950275916319987
174.0, 2.806528325817584
175.0, 2.7311027887716586
176.0, 2.6567424837598166
177.0, 2.67153591585106
178.0, 2.6892602845189066
179.0, 2.708438527915195
180.0, 2.730139932172521
181.0, 2.674473975482318
182.0, 2.6528945705756417
183.0, 2.632591786744381
184.0, 2.614987078727477
185.0, 2.598925582241548
186.0, 2.5859541884822614
187.0, 2.5747452804273467
188.0, 2.495784059956196
189.0, 2.4869083624231028
190.0, 2.406123163747398
191.0, 2.324714229528715
192.0, 2.2442495305166004
193.0, 2.16320004129997
194.0, 2.083131964864365
195.0, 2.0025301344854
196.0, 1.9229602937613397
197.0, 1.8410181494661197
198.0, 1.7952822852059198
199.0, 1.7572529710617537
200.0, 1.5607843888669521
201.0, 1.1314510508150757
202.0, 1.322589746393421
203.0, 1.3665462511375277
204.0, 1.3035367104851374
205.0, 1.2289137393265481
206.0, 1.1492582295876739
207.0, 1.077452580053486
208.0, 1.0069783068355125
209.0, 0.9383890935856193
210.0, 0.8727543929434489
211.0, 0.8097404608011224
212.0, 0.7513217961317359
213.0, 0.7308955698675718
214.0, 0.6709758773331655
215.0, 0.615925737912069
216.0, 0.5811817489507698
217.0, 0.5605857477839131
218.0, 0.5603201172778882
219.0, 0.5474312910621789
220.0, 0.5386019217187065
221.0, 0.5327977450455914
222.0, 0.5316093029498489
223.0, 0.533656774293185
224.0, 0.5402671588780272
225.0, 0.5499213615843668
226.0, 0.563627268083911
227.0, 0.5798804914256421
228.0, 0.5993790714778304
229.0, 0.6208029906173337
230.0, 0.6209856389671568
231.0, 0.620802923908722
232.0, 0.6209856389671568
233.0, 0.6208029906173337
234.0, 0.620985705554717
235.0, 0.6208029906173337
236.0, 0.620985705554717
237.0, 0.620802923908722
238.0, 0.6209856389671568
239.0, 0.6208029906173337
240.0, 0.620985705554717
241.0, 0.6208024846778387
242.0, 0.6209856389671568
243.0, 0.6261474080845795
244.0, 0.6373871006852311
245.0, 0.6497497189124966
246.0, 0.664030016190429
247.0, 0.6793104020976128
248.0, 0.6963002232229945
249.0, 0.7139578618516862
250.0, 0.7330632890694917
251.0, 0.7525650723250334
252.0, 0.7732416716331916
253.0, 0.7940734127232507
254.0, 0.8157776106205661
255.0, 0.8374101116305707
256.0, 0.8595982777185904
257.0, 0.8815033508609227
258.0, 0.9036605552852933
259.0, 0.9253520113571805
260.0, 0.9470490889298949
261.0, 0.9678363492160912
262.0, 0.988084281468172
263.0, 0.9696717951943719
264.0, 0.9476837049326523
265.0, 0.9248415445095148
266.0, 0.9004930278837143
267.0, 0.8750856071552312
268.0, 0.8490701987848749
269.0, 0.8217791673260171
270.0, 0.7951302468576698
271.0, 0.7688900249747128
272.0, 0.7426810319891394
273.0, 0.7168885692907563
274.0, 0.6913381694363393
275.0, 0.6486792408878944
276.0, 0.6188472574834203
277.0, 0.5974643559336313
278.0, 0.576199984054904
279.0, 0.557813845149272
280.0, 0.5420376880358694
281.0, 0.528742399314745
282.0, 0.5289943475100423
ee_box_dist
0.0, 0.7624030222030891
1.0, 0.8037716033233675
2.0, 0.8353618139322421
3.0, 0.8698847439572651
4.0, 0.9054332849041136
5.0, 0.9418477252856458
6.0, 0.9796173991736563
7.0, 1.015378657607214
8.0, 1.0533487385092475
9.0, 1.0889732253313775
10.0, 1.1219025449824833
11.0, 1.1531974866903867
12.0, 1.1827749900896962
13.0, 1.2096577492249259
14.0, 1.2348741124499578
15.0, 1.2572631274893993
16.0, 1.2789009743028155
17.0, 1.3135278383257574
18.0, 1.3296591286515849
19.0, 1.3622502536633951
20.0, 1.3862351517471452
21.0, 1.357768382572976
22.0, 1.323765513195349
23.0, 1.2864610563708214
24.0, 1.245695633530257
25.0, 1.2016523836894775
26.0, 1.1543321235095918
27.0, 1.103976924924509
28.0, 1.0505642162269866
29.0, 0.9943777580598161
30.0, 0.9354285602370492
31.0, 0.8740446039167911
32.0, 0.8102526045764255
33.0, 0.7444464796875253
34.0, 0.6767056960745653
35.0, 0.6075205647112111
36.0, 0.5371033435548253
37.0, 0.4661909802874978
38.0, 0.395409446943471
39.0, 0.3263220412510506
40.0, 0.2677127913367496
41.0, 0.2821347066184987
42.0, 0.29722373383239276
43.0, 0.31241313910278856
44.0, 0.32725613797248854
45.0, 0.3422027230820341
46.0, 0.35678424700952777
47.0, 0.37140197073939274
48.0, 0.38567977859485153
49.0, 0.3998991360816099
50.0, 0.41383193005766394
51.0, 0.42761545398383416
52.0, 0.4411412028165329
53.0, 0.4544595178566363
54.0, 0.46749837117978116
55.0, 0.4802857271526265
56.0, 0.4927579623803823
57.0, 0.5049497607405617
58.0, 0.5168074493797913
59.0, 0.528379102447365
60.0, 0.5396063004865868
61.0, 0.5505424867013983
62.0, 0.5611220205062493
63.0, 0.57140332293642
64.0, 0.5813234506845161
65.0, 0.5909344682278094
66.0, 0.6001811776386494
67.0, 0.6091065908176435
68.0, 0.6176567120486387
69.0, 0.6258790246375749
70.0, 0.6337133817884419
71.0, 0.6411963291583404
72.0, 0.6482879325934457
73.0, 0.6550137737289649
74.0, 0.661337493659992
75.0, 0.667281093078153
76.0, 0.6728105033285904
77.0, 0.6779425669160102
78.0, 0.6826526307258
79.0, 0.6869465090680302
80.0, 0.6907972388548461
81.0, 0.6942180855683743
82.0, 0.6971779168235955
83.0, 0.6996894778051759
84.0, 0.7017209179797984
85.0, 0.7032866716368483
86.0, 0.7239609643238232
87.0, 0.7696310581656405
88.0, 0.8091325748659892
89.0, 0.8434229743571016
90.0, 0.868398520236592
91.0, 0.8674700091581634
92.0, 0.867743037284196
93.0, 0.8676712564431983
94.0, 0.8680141316968246
95.0, 0.8676619843859057
96.0, 0.8680102166288466
97.0, 0.8676640350051545
98.0, 0.8680155444040484
99.0, 0.8676634606410337
100.0, 0.8680151952232418
101.0, 0.8676630978588468
102.0, 0.8680149481910527
103.0, 0.8676630027718493
104.0, 0.8680149208956861
105.0, 0.8676628910880515
106.0, 0.8680105529573452
107.0, 0.8676643637222943
108.0, 0.8680159211062561
109.0, 0.8676636187310133
110.0, 0.8680154658117355
111.0, 0.8676634182881302
112.0, 0.8680152884836473
113.0, 0.867663371126033
114.0, 0.8680152414000544
115.0, 0.8651508985366831
116.0, 0.8680270614085881
117.0, 0.8677693485153928
118.0, 0.8680218912868255
119.0, 0.8677184083351095
120.0, 0.8680462822094099
121.0, 0.865860921089688
122.0, 0.8678397922425476
123.0, 0.867646147813512
124.0, 0.8680209063801796
125.0, 0.8676659903356065
126.0, 0.8680748510168894
127.0, 0.8676707555961632
128.0, 0.8680574377711631
129.0, 0.8676727152263518
130.0, 0.8680295907658554
131.0, 0.8676710399653065
132.0, 0.8680216256774236
133.0, 0.867671646094769
134.0, 0.868027887778053
135.0, 0.8676985486361747
136.0, 0.8680253026904546
137.0, 0.8676834431430219
138.0, 0.8680265019100033
139.0, 0.8677143999286814
140.0, 0.8680286798895717
141.0, 0.8677153950526474
142.0, 0.8680306294800029
143.0, 1.593499507866369
144.0, 1.589826187958461
145.0, 1.585180058717982
146.0, 1.577965345597793
147.0, 1.5698432760721306
148.0, 1.5591523656075528
149.0, 1.5475971035358662
150.0, 1.533664153492577
151.0, 1.6040968429313278
152.0, 1.6750558414944547
153.0, 1.7477558867878786
154.0, 1.8206483571968206
155.0, 1.8951809526541348
156.0, 1.9696251701644183
157.0, 2.0455279646319546
158.0, 2.1212286251234875
159.0, 2.1982548191028335
160.0, 2.2749730440678246
161.0, 2.3528910622993875
162.0, 2.4303761379190107
163.0, 2.50903651771172
164.0, 2.5872357050680126
165.0, 2.6664637972944214
166.0, 2.7451996711583706
167.0, 2.736101178442822
168.0, 2.8133390661651805
169.0, 2.891678538432142
170.0, 2.9695575393856357
171.0, 3.048429529739192
172.0, 3.1417534813872865
173.0, 3.205322117934153
174.0, 3.1957067189056456
175.0, 3.2733172730828826
176.0, 3.350557637870948
177.0, 3.3392835933957365
178.0, 3.325269717204785
179.0, 3.310104205311218
180.0, 3.292378738277563
181.0, 3.3590118379927394
182.0, 3.375675437661289
183.0, 3.3912257863529085
184.0, 3.4040917545354508
185.0, 3.4157435678495527
186.0, 3.4245591160664874
187.0, 3.432075635436665
188.0, 3.512959808647084
189.0, 3.5182441988935302
190.0, 3.600060751663118
191.0, 3.6827392537752237
192.0, 3.7646526087116117
193.0, 3.847421364175692
194.0, 3.9294193800874164
195.0, 4.012267691073427
196.0, 4.0943401566595545
197.0, 4.178826745666954
198.0, 4.233885320209347
199.0, 4.292223156127032
200.0, 4.491939126259158
201.0, 4.847542137796408
202.0, 4.703505936223931
203.0, 4.677169695705836
204.0, 4.756738783580535
205.0, 4.834083923843817
206.0, 4.921425359236356
207.0, 5.003925346644218
208.0, 5.08650299367435
209.0, 5.169439277350517
210.0, 5.251872526622167
211.0, 5.33510846841358
212.0, 5.41755304304295
213.0, 5.419606753613161
214.0, 5.502219350296261
215.0, 5.585650541581828
216.0, 5.600870538131853
217.0, 5.598509384710464
218.0, 5.576747789588851
219.0, 5.5695497751478165
220.0, 5.5595573753842
221.0, 5.548174705625647
222.0, 5.534018699385774
223.0, 5.518538228715297
224.0, 5.500536988067679
225.0, 5.481326117051224
226.0, 5.459903533279024
227.0, 5.437421819158963
228.0, 5.413097627186201
229.0, 5.387894336661077
230.0, 5.387734378324169
231.0, 5.387894440798515
232.0, 5.387734378324169
233.0, 5.387894336661077
234.0, 5.387734274171947
235.0, 5.387894336661077
236.0, 5.387734274171947
237.0, 5.387894440798515
238.0, 5.387734378324169
239.0, 5.387894336661077
240.0, 5.387734274171947
241.0, 5.387894867736692
242.0, 5.387734378324169
243.0, 5.387277545405802
244.0, 5.3881047067252466
245.0, 5.3882846135763005
246.0, 5.387548842807816
247.0, 5.386186066692643
248.0, 5.383780168797704
249.0, 5.380645865233622
250.0, 5.3764168493924025
251.0, 5.371474336141723
252.0, 5.365453433956348
253.0, 5.358830465615758
254.0, 5.351209434914253
255.0, 5.343155987454289
256.0, 5.334225335037221
257.0, 5.325055385980877
258.0, 5.315156633300763
259.0, 5.305207840092871
260.0, 5.294676741050867
261.0, 5.284425744860696
262.0, 5.2738126141141155
263.0, 5.291860705509007
264.0, 5.31468150456498
265.0, 5.337746298425379
266.0, 5.361671746642701
267.0, 5.385871637484685
268.0, 5.409694027916362
269.0, 5.434201294241574
270.0, 5.456741126868588
271.0, 5.478847186329725
272.0, 5.500165946650095
273.0, 5.520557680334388
274.0, 5.540306077886276
275.0, 5.579375608551369
276.0, 5.6024576042266565
277.0, 5.617077284521367
278.0, 5.63204707962193
279.0, 5.64463076311392
280.0, 5.655697710668974
281.0, 5.665690502694752
282.0, 5.667720427153049
spot_hold
0, 0
1, 0
2, 0
3, 0
4, 0
5, 0
6, 0
7, 0
8, 0
9, 0
10, 0
11, 0
12, 0
13, 0
14, 0
15, 0
16, 0
17, 0
18, 0
19, 0
20, 0
21, 0
22, 0
23, 0
24, 0
25, 0
26, 0
27, 0
28, 0
29, 0
30, 0
31, 0
32, 0
33, 0
34, 0
35, 0
36, 0
37, 0
38, 0
39, 0
40, 0
41, 1
42, 1
43, 1
44, 1
45, 1
46, 1
47, 1
48, 1
49, 1
50, 1
51, 1
52, 1
53, 1
54, 1
55, 1
56, 1
57, 1
58, 1
59, 1
60, 1
61, 1
62, 1
63, 1
64, 1
65, 1
66, 1
67, 1
68, 1
69, 1
70, 1
71, 1
72, 1
73, 1
74, 1
75, 1
76, 1
77, 1
78, 1
79, 1
80, 1
81, 1
82, 1
83, 1
84, 1
85, 1
86, 1
87, 1
88, 1
89, 1
90, 1
91, 1
92, 1
93, 1
94, 1
95, 1
96, 1
97, 1
98, 1
99, 1
100, 1
101, 1
102, 1
103, 1
104, 1
105, 1
106, 1
107, 1
108, 1
109, 1
110, 1
111, 1
112, 1
113, 1
114, 1
115, 1
116, 1
117, 1
118, 1
119, 1
120, 1
121, 1
122, 1
123, 1
124, 1
125, 1
126, 1
127, 1
128, 1
129, 1
130, 1
131, 1
132, 1
133, 1
134, 1
135, 1
136, 1
137, 1
138, 1
139, 1
140, 1
141, 1
142, 1
143, 1
144, 1
145, 1
146, 1
147, 1
148, 1
149, 1
150, 1
151, 1
152, 1
153, 1
154, 1
155, 1
156, 1
157, 1
158, 1
159, 1
160, 1
161, 1
162, 1
163, 1
164, 1
165, 1
166, 1
167, 1
168, 1
169, 1
170, 1
171, 1
172, 1
173, 1
174, 1
175, 1
176, 1
177, 1
178, 1
179, 1
180, 1
181, 1
182, 1
183, 1
184, 1
185, 1
186, 1
187, 1
188, 1
189, 1
190, 1
191, 1
192, 1
193, 1
194, 1
195, 1
196, 1
197, 1
198, 1
199, 1
200, 1
201, 1
202, 1
203, 1
204, 1
205, 1
206, 1
207, 1
208, 1
209, 1
210, 1
211, 1
212, 1
213, 1
214, 1
215, 1
216, 1
217, 1
218, 1
219, 1
220, 1
221, 1
222, 1
223, 1
224, 1
225, 1
226, 1
227, 1
228, 1
229, 1
230, 1
231, 1
232, 1
233, 1
234, 1
235, 1
236, 1
237, 1
238, 1
239, 1
240, 1
241, 1
242, 1
243, 1
244, 1
245, 1
246, 1
247, 1
248, 1
249, 1
250, 1
251, 1
252, 1
253, 1
254, 1
255, 1
256, 1
257, 1
258, 1
259, 1
260, 1
261, 1
262, 1
263, 1
264, 1
265, 1
266, 1
267, 1
268, 1
269, 1
270, 1
271, 1
272, 1
273, 1
274, 1
275, 1
276, 1
277, 1
278, 1
279, 1
280, 1
281, 1
282, 1
