bot_dist
0.0, 4.079536533941157
1.0, 4.0868149807968095
2.0, 4.094104913456463
3.0, 4.101406270674731
4.0, 4.1087189915459295
5.0, 4.116043015502743
6.0, 4.123378282314899
7.0, 4.130724732087814
8.0, 4.13808230526125
9.0, 4.145450942607945
10.0, 4.152830585232254
11.0, 4.160221174568772
12.0, 4.167622652380947
13.0, 4.175034960759701
14.0, 4.182458042122032
15.0, 4.189891839209609
16.0, 4.197336295087378
17.0, 4.204791353142141
18.0, 4.212256957081147
19.0, 4.219733050930671
20.0, 4.227219579034586
21.0, 4.234716486052939
22.0, 4.242223716960515
23.0, 4.249741217045405
24.0, 4.257268931907562
25.0, 4.264806807457365
26.0, 4.272354789914169
27.0, 4.279912825804858
28.0, 4.2874808619624005
29.0, 4.295058845524389
30.0, 4.302646723931593
31.0, 4.310244444926504
32.0, 4.317851956551872
33.0, 4.325469207149254
34.0, 4.333096145357555
35.0, 4.340732720111563
36.0, 4.348378880640496
37.0, 4.356034576466534
38.0, 4.363699757403367
39.0, 4.371374373554724
40.0, 4.379058375312922
41.0, 4.386751713357397
42.0, 4.3944543386532535
43.0, 4.4021662024497985
44.0, 4.409887256279087
45.0, 4.41761745195446
46.0, 4.425356741569101
47.0, 4.433105077494564
48.0, 4.440862412379336
49.0, 4.448628699147376
50.0, 4.45640389099667
51.0, 4.4641879413977845
52.0, 4.471980804092413
53.0, 4.479782433091948
54.0, 4.487592782676022
55.0, 4.495411807391084
56.0, 4.503239462048953
57.0, 4.511075701725392
58.0, 4.518920481758676
59.0, 4.526773757748163
60.0, 4.534635485552871
61.0, 4.542505621290055
62.0, 4.550384121333792
63.0, 4.558270942313564
64.0, 4.566166041112851
65.0, 4.574069374867717
66.0, 4.581980900965414
67.0, 4.589900577042975
68.0, 4.597828360985822
69.0, 4.605764210926373
70.0, 4.613708085242654
71.0, 4.621659942556913
72.0, 4.629619741734241
73.0, 4.6375874418812
74.0, 4.645563002344446
75.0, 4.6535463827093615
76.0, 4.661537542798703
77.0, 4.6695364426712285
78.0, 4.677543042620358
79.0, 4.685557303172813
80.0, 4.693579185087282
81.0, 4.701608649353072
82.0, 4.709645657188785
83.0, 4.71769017004098
84.0, 4.725742149582847
85.0, 4.733801557712899
86.0, 4.741868356553643
87.0, 4.749942508450283
88.0, 4.758023975969405
89.0, 4.766112721897688
90.0, 4.7742087092406
91.0, 4.782311901221116
92.0, 4.790422261278435
93.0, 4.798539753066697
94.0, 4.806664340453712
95.0, 4.814795987519698
96.0, 4.82293465855601
97.0, 4.83108031806389
98.0, 4.839232930753214
99.0, 4.847392461541249
100.0, 4.855558875551407
101.0, 4.855558875551407
102.0, 4.855558875551407
103.0, 4.855558875551407
104.0, 4.855558875551407
105.0, 4.855558875551407
106.0, 4.855558875551407
107.0, 4.855558875551407
108.0, 4.855558875551407
109.0, 4.855558875551407
110.0, 4.855558875551407
111.0, 4.855558875551407
112.0, 4.855558875551407
113.0, 4.855558875551407
114.0, 4.855558875551407
115.0, 4.855558875551407
116.0, 4.855558875551407
117.0, 4.855558875551407
118.0, 4.855558875551407
119.0, 4.855558875551407
120.0, 4.855558875551407
121.0, 4.855558875551407
122.0, 4.855558875551407
123.0, 4.855558875551407
124.0, 4.855558875551407
125.0, 4.855558875551407
126.0, 4.855558875551407
127.0, 4.855558875551407
128.0, 4.855558875551407
129.0, 4.855558875551407
130.0, 4.855558875551407
131.0, 4.847392461541249
132.0, 4.839232930753214
133.0, 4.83108031806389
134.0, 4.82293465855601
135.0, 4.814795987519698
136.0, 4.806664340453712
137.0, 4.798539753066697
138.0, 4.790422261278435
139.0, 4.782311901221116
140.0, 4.7742087092406
141.0, 4.766112721897688
142.0, 4.758023975969405
143.0, 4.753358637616852
144.0, 4.745290298296673
145.0, 4.737229326518703
146.0, 4.7291757599572986
147.0, 4.721129636509155
148.0, 4.713090994294611
149.0, 4.705059871658957
150.0, 4.697036307173745
151.0, 4.608660664508034
152.0, 4.520343832982437
153.0, 4.432089293315865
154.0, 4.3439008797618515
155.0, 4.255782703122225
156.0, 4.167739218439745
157.0, 4.0797752613808305
158.0, 3.991896089273516
159.0, 3.9041074275008416
160.0, 3.8164155220710914
161.0, 3.728827199331039
162.0, 3.6413499339619424
163.0, 3.5539919266067836
164.0, 3.4667621927290653
165.0, 3.379670664608158
166.0, 3.292728308746129
167.0, 3.284284985845236
168.0, 3.195394086218286
169.0, 3.106593421012641
170.0, 3.0178908171381464
171.0, 2.9292951828557605
172.0, 2.840816526262242
173.0, 2.7524661282048277
174.0, 2.743858625081117
175.0, 2.653882637767468
176.0, 2.5639781510822495
177.0, 2.555336253211489
178.0, 2.546704296604779
179.0, 2.538082382692115
180.0, 2.529470614167608
181.0, 2.4384655665126123
182.0, 2.4298984855354853
183.0, 2.4213423922622233
184.0, 2.412797403584307
185.0, 2.4042636379022024
186.0, 2.3957412151467494
187.0, 2.3872302568008488
188.0, 2.3787308859214398
189.0, 2.370243227161778
190.0, 2.3617674067940078
191.0, 2.3533035527320387
192.0, 2.344851794554724
193.0, 2.3364122635293443
194.0, 2.327985092635399
195.0, 2.27017115908442
196.0, 2.2140931684716074
197.0, 2.1598863379665327
198.0, 2.1510512449940262
199.0, 2.104817555113445
200.0, 2.0609667452077973
201.0, 2.0196540328002697
202.0, 1.981038213254771
203.0, 1.945279901546358
204.0, 1.9125393829043238
205.0, 1.882974081015239
206.0, 1.8567356815674134
207.0, 1.833966983195532
208.0, 1.8147985845576156
209.0, 1.7993455511348062
210.0, 1.787704233110221
211.0, 1.7799494207946136
212.0, 1.7761320218129184
213.0, 1.7762774220393338
214.0, 1.7803846505739844
215.0, 1.7884264683174078
216.0, 1.8003501169065126
217.0, 1.8160791383088177
218.0, 1.8355157073814137
219.0, 1.82626851560085
220.0, 1.8556459734935686
221.0, 1.888227047027015
222.0, 1.9238489799408196
223.0, 1.9151296119899792
224.0, 1.9064228186425427
225.0, 1.8977287729756314
226.0, 1.8890476509968575
227.0, 1.8803796317000523
228.0, 1.871724897122073
229.0, 1.8630836324006967
230.0, 1.8544560258336256
231.0, 1.8544560258336256
232.0, 1.8544560258336256
233.0, 1.8544560258336256
234.0, 1.8544560258336256
235.0, 1.8544560258336256
236.0, 1.8544560258336256
237.0, 1.8544560258336256
238.0, 1.8544560258336256
239.0, 1.8544560258336256
240.0, 1.8544560258336256
241.0, 1.8544560258336256
242.0, 1.8544560258336256
243.0, 1.8544560258336256
244.0, 1.8544560258336256
245.0, 1.8544560258336256
246.0, 1.8544560258336256
247.0, 1.8544560258336256
248.0, 1.8544560258336256
249.0, 1.8544560258336256
250.0, 1.8544560258336256
251.0, 1.8544560258336256
252.0, 1.8544560258336256
253.0, 1.8544560258336256
254.0, 1.8544560258336256
255.0, 1.8544560258336256
256.0, 1.8544560258336256
257.0, 1.8544560258336256
258.0, 1.8544560258336256
259.0, 1.8544560258336256
260.0, 1.8544560258336256
261.0, 1.8630836324006967
262.0, 1.871724897122073
263.0, 1.8803796317000523
264.0, 1.8890476509968575
265.0, 1.8977287729756314
266.0, 1.9064228186425427
267.0, 1.9151296119899792
268.0, 1.9238489799408196
269.0, 1.9325807522937573
270.0, 1.9413247616696718
271.0, 1.9500808434590198
272.0, 1.9588488357702354
273.0, 1.9676285793791217
274.0, 1.9764199176792177
275.0, 1.9852226966331212
276.0, 1.994036764724755
277.0, 2.0028619729125583
278.0, 2.011698174583586
279.0, 2.0205452255085032
280.0, 2.0294029837974557
281.0, 2.0382713098567997
282.0, 2.0471500663466817
ee_dist
0.0, 1.4555079768813808
1.0, 1.5186167896714176
2.0, 1.6286315568545946
3.0, 1.721685914584774
4.0, 1.7538821590407683
5.0, 1.7797357653966284
6.0, 1.8118977913578511
7.0, 1.845165300126762
8.0, 1.8799451158179952
9.0, 1.9130104541597652
10.0, 1.9502514849252253
11.0, 1.9838841771396547
12.0, 2.014217543169686
13.0, 2.0496870743677986
14.0, 2.0755614326363285
15.0, 2.1020395550961966
16.0, 2.12699214281697
17.0, 2.154438977031243
18.0, 2.175843394676958
19.0, 2.1950766515863673
20.0, 2.2142819598460095
21.0, 2.1842067704730628
22.0, 2.1427764595001606
23.0, 2.098125125008417
24.0, 2.049825908464967
25.0, 1.9981767908453174
26.0, 1.9433375792520586
27.0, 1.8856701626454784
28.0, 1.8254042657294107
29.0, 1.7630200277020447
30.0, 1.6988450191851612
31.0, 1.6335046032647889
32.0, 1.5674644489982572
33.0, 1.5015297098524407
34.0, 1.4363620254969567
35.0, 1.3730018857942714
36.0, 1.312383945212307
37.0, 1.2558232898655166
38.0, 1.204542152708863
39.0, 1.1600172693268302
40.0, 1.123643340491244
41.0, 1.1366342329934636
42.0, 1.0131035886919173
43.0, 0.7446705189113463
44.0, 0.6975345465981404
45.0, 0.6499781759515462
46.0, 0.6019282570025836
47.0, 0.5534146755264789
48.0, 0.5053574142077908
49.0, 0.4583513918159945
50.0, 0.41401519968944916
51.0, 0.37439212839435543
52.0, 0.34189139000975405
53.0, 0.3187397511507351
54.0, 0.3077142734915625
55.0, 0.31040159146958374
56.0, 0.327125847027278
57.0, 0.3555682561394638
58.0, 0.3277794767906085
59.0, 0.2852831186878521
60.0, 0.258238142259811
61.0, 0.26209499471303466
62.0, 0.30214344130603843
63.0, 0.3661458562250658
64.0, 0.4381795775005226
65.0, 0.5012729283662314
66.0, 0.561234934097095
67.0, 0.6206524432776608
68.0, 0.6739117676500992
69.0, 0.7252967749787245
70.0, 0.7751559649546459
71.0, 0.8233334418308217
72.0, 0.8715972687199284
73.0, 0.9273310339627993
74.0, 0.9874207132704004
75.0, 1.0589973006741378
76.0, 1.140199258740075
77.0, 1.2313431228032206
78.0, 1.3278505801133507
79.0, 1.4248488964935604
80.0, 1.517655542813535
81.0, 1.5966982832290282
82.0, 1.6619315359542686
83.0, 1.7267238296722653
84.0, 1.788031241057443
85.0, 1.847937487827513
86.0, 1.8965565112604414
87.0, 1.9250707781794674
88.0, 1.9547016432891937
89.0, 1.9933868268433896
90.0, 2.043674816537443
91.0, 2.1246680235202935
92.0, 2.2161699645882798
93.0, 2.3160628940837413
94.0, 2.4210065936166605
95.0, 2.526896628262343
96.0, 2.6282422807389816
97.0, 2.7181531606096514
98.0, 2.7910646963350962
99.0, 2.859670336536108
100.0, 2.92633601915839
101.0, 2.990299613684173
102.0, 3.054645793694969
103.0, 3.115560971735749
104.0, 3.1784930339492026
105.0, 3.2471851415131754
106.0, 3.3208144814014475
107.0, 3.4007129957547817
108.0, 3.491381951788592
109.0, 3.5901334149699564
110.0, 3.6960779402540394
111.0, 3.803698732689733
112.0, 3.9067982244350494
113.0, 4.001433033901536
114.0, 4.076860327020581
115.0, 4.146115374301319
116.0, 4.212122218456439
117.0, 4.276361866529242
118.0, 4.339663778006066
119.0, 4.402787319204217
120.0, 4.465027532536306
121.0, 4.532919288829274
122.0, 4.606544721497366
123.0, 4.6832227027867015
124.0, 4.72827815313601
125.0, 4.772795784463876
126.0, 4.817579812629437
127.0, 4.861221898518641
128.0, 4.904547575614549
129.0, 4.946175294691235
130.0, 4.986955920734935
131.0, 5.025537585791031
132.0, 5.06279628778829
133.0, 5.09741640578276
134.0, 5.130300054943554
135.0, 5.1601721660936395
136.0, 5.187958960483029
137.0, 5.212421755905246
138.0, 5.234519674360204
139.0, 5.253051184065116
140.0, 5.269001707698489
141.0, 5.281212115478152
142.0, 5.29069441361706
143.0, 4.6416314073231995
144.0, 4.631770090373394
145.0, 4.6250097418312865
146.0, 4.62023465359482
147.0, 4.6186840534319655
148.0, 4.619158985952466
149.0, 4.622872485451232
150.0, 4.628579325024242
151.0, 4.547589674282797
152.0, 4.46607685429374
153.0, 4.385242057857796
154.0, 4.303892555755912
155.0, 4.223230603593969
156.0, 4.142064264367843
157.0, 4.061595889603828
158.0, 3.9806352788218744
159.0, 3.900384753322032
160.0, 3.8196562266826746
161.0, 3.7396519746673578
162.0, 3.659186600414761
163.0, 3.5794618846492425
164.0, 3.4992963599904914
165.0, 3.4198908063434144
166.0, 3.340068601423945
167.0, 3.3513238834663768
168.0, 3.274362594703629
169.0, 3.198308062686157
170.0, 3.122039526912904
171.0, 3.046725182663921
172.0, 2.9712567811267685
173.0, 2.8967999342872663
174.0, 2.911640169624381
175.0, 2.841456484963356
176.0, 2.7714551574243123
177.0, 2.789809136010453
178.0, 2.809701257445971
179.0, 2.8319056589413347
180.0, 2.8553472349226094
181.0, 2.8077605206867426
182.0, 2.783510459039274
183.0, 2.7612788400725488
184.0, 2.7403996004929807
185.0, 2.7219973182554558
186.0, 2.705236744996498
187.0, 2.691341784926076
188.0, 2.6793261719248784
189.0, 2.6704710855473985
190.0, 2.6636633217463923
191.0, 2.660197623556879
192.0, 2.658866007637055
193.0, 2.6609298892441373
194.0, 2.6651257353575
195.0, 2.5846404909344782
196.0, 2.5037109436016807
197.0, 2.4235755322205295
198.0, 2.4311794371805746
199.0, 2.3536986683266443
200.0, 2.2760199811595716
201.0, 2.199365916356687
202.0, 2.122605930863806
203.0, 2.0469682291166587
204.0, 1.971344821453472
205.0, 1.8969720378084434
206.0, 1.8227727111840533
207.0, 1.7499949650424351
208.0, 1.6776041822896526
209.0, 1.6068658856952707
210.0, 1.5368040579289317
211.0, 1.4687097497635375
212.0, 1.4016893795454672
213.0, 1.337068880461135
214.0, 1.2740702512918625
215.0, 1.2140656862899992
216.0, 1.1564305599692393
217.0, 1.1025931430180025
218.0, 1.0521236034605659
219.0, 1.0761146448236492
220.0, 1.0371333074784437
221.0, 1.0039374521220092
222.0, 0.9764164171966692
223.0, 0.9497097142027746
224.0, 0.923858697433932
225.0, 0.8998619078999099
226.0, 0.877198468835592
227.0, 0.8570898827761022
228.0, 0.8388133353587975
229.0, 0.8237629881070809
230.0, 0.8110058182586423
231.0, 0.802029822181326
232.0, 0.7956868187738706
233.0, 0.7934606936515248
234.0, 0.7940099567555148
235.0, 0.7987181190326493
236.0, 0.8061056215911022
237.0, 0.8173918263545626
238.0, 0.8310504201942892
239.0, 0.8313599762661711
240.0, 0.8310504201942892
241.0, 0.8313599762661711
242.0, 0.8310504201942892
243.0, 0.8368685792581232
244.0, 0.8494348482045246
245.0, 0.8629929945713473
246.0, 0.8787897761759729
247.0, 0.8955633122044744
248.0, 0.914329605357411
249.0, 0.9337823947281876
250.0, 0.954986181597116
251.0, 0.9766023517744317
252.0, 0.9996818255660164
253.0, 1.0228915427047696
254.0, 1.0472231209892553
255.0, 1.0713989827118453
256.0, 1.0963297385341801
257.0, 1.120848771613973
258.0, 1.1457787527068055
259.0, 1.1700926808829604
260.0, 1.1945439036842371
261.0, 1.2181928914813864
262.0, 1.241761740102784
263.0, 1.2156618023063333
264.0, 1.1833868861574615
265.0, 1.1494251936758753
266.0, 1.1135257300193662
267.0, 1.0758858128527389
268.0, 1.0365513522321859
269.0, 0.9957447178670328
270.0, 0.9535335027549748
271.0, 0.9101934110789442
272.0, 0.8658322015443612
273.0, 0.8207963545667116
274.0, 0.7752692892056934
275.0, 0.7259207418263741
276.0, 0.6740107399115571
277.0, 0.6202217999279518
278.0, 0.5752639442548885
279.0, 0.532980114853532
280.0, 0.4939667293129177
281.0, 0.4336578854528227
282.0, 0.38951669584741205
ee_box_dist
0.0, 0.6898888526603993
1.0, 0.7402435937807498
2.0, 0.7665040681409637
3.0, 0.8046676838253607
4.0, 0.8402799431870785
5.0, 0.8772240446654078
6.0, 0.9145118125246706
7.0, 0.9502541486385604
8.0, 0.9844242134170555
9.0, 1.0159960920998206
10.0, 1.0506948273578427
11.0, 1.0814454144873913
12.0, 1.1086000698765888
13.0, 1.1405459768630573
14.0, 1.1632730745583915
15.0, 1.1865020006047287
16.0, 1.2081698502473213
17.0, 1.2321915801352854
18.0, 1.2507334510590438
19.0, 1.267235132491294
20.0, 1.2837923414700745
21.0, 1.2616674520846693
22.0, 1.2313145336373703
23.0, 1.1981227515290056
24.0, 1.1617226943628853
25.0, 1.1222278907143681
26.0, 1.079711019505169
27.0, 1.0342800832919896
28.0, 0.9859697206738678
29.0, 0.9350321695942455
30.0, 0.881417088965696
31.0, 0.8255418442136343
32.0, 0.7672910231412462
33.0, 0.7070928341920383
34.0, 0.6450339753709612
35.0, 0.581559529310252
36.0, 0.5168520723275375
37.0, 0.45138239748243364
38.0, 0.38563402908778444
39.0, 0.3208961094858047
40.0, 0.2590149642177635
41.0, 0.271924621257613
42.0, 0.28482042655845125
43.0, 0.2977965133137725
44.0, 0.310700332559344
45.0, 0.32360658320866476
46.0, 0.3364106318213117
47.0, 0.3491524229985635
48.0, 0.36177786285862007
49.0, 0.37429139329403327
50.0, 0.38667520724735827
51.0, 0.39891244306369944
52.0, 0.41098613462880823
53.0, 0.4228656572541357
54.0, 0.43451461527566615
55.0, 0.44589318813798734
56.0, 0.4569685651772017
57.0, 0.4677406418962551
58.0, 0.4781851305045409
59.0, 0.48834431162569925
60.0, 0.4981597530410289
61.0, 0.5077077681496669
62.0, 0.5169019933370669
63.0, 0.5258230272982155
64.0, 0.5343932957759572
65.0, 0.5426838425913888
66.0, 0.5506308334987686
67.0, 0.5582888214042013
68.0, 0.56559939323008
69.0, 0.5726029809995499
70.0, 0.5792479343022225
71.0, 0.585570463330816
72.0, 0.5915239886206164
73.0, 0.5971418088463474
74.0, 0.60238001229484
75.0, 0.607268759163982
76.0, 0.6117664202872711
77.0, 0.6158995707077705
78.0, 0.6196291409756408
79.0, 0.6229777865622712
80.0, 0.6259080863783446
81.0, 0.6284398703472737
82.0, 0.6305360177932517
83.0, 0.632215483145938
84.0, 0.6334410339263509
85.0, 0.6342316640813082
86.0, 0.6560634240828743
87.0, 0.7021420240244558
88.0, 0.7410192325681932
89.0, 0.7745491032873005
90.0, 0.7983219996125825
91.0, 0.7980909986928477
92.0, 0.797843621877061
93.0, 0.7974608115796282
94.0, 0.7979719310043469
95.0, 0.7982992046699976
96.0, 0.7978606388585693
97.0, 0.7982441426588902
98.0, 0.7978549617120033
99.0, 0.7982340082557472
100.0, 0.7978541955685966
101.0, 0.798232465873385
102.0, 0.7967305779370525
103.0, 0.7981977286797124
104.0, 0.7978603465069382
105.0, 0.7982288217242046
106.0, 0.7978528516471763
107.0, 0.7982308105667034
108.0, 0.7978528741718279
109.0, 0.7982311352978391
110.0, 0.797853004947389
111.0, 0.7982311037116928
112.0, 0.797853004947389
113.0, 0.7982311352978391
114.0, 0.797853004947389
115.0, 0.7965269740568485
116.0, 0.7980079830212603
117.0, 0.7982658532398791
118.0, 0.7978569139949827
119.0, 0.7982377469010741
120.0, 0.7978490034259936
121.0, 0.7982322270308063
122.0, 0.7978530548928732
123.0, 0.7982312393521785
124.0, 0.7978513460406158
125.0, 0.798230558529948
126.0, 0.7978397692881678
127.0, 0.7982226895693155
128.0, 0.7978531003834141
129.0, 0.7982311990969492
130.0, 0.7978530237333173
131.0, 0.7982312306830728
132.0, 0.7978530462579774
133.0, 0.7982312306830728
134.0, 0.7978531003834141
135.0, 0.7982311990969492
136.0, 0.7978530462579774
137.0, 0.7982311990969492
138.0, 0.7978530237333173
139.0, 0.7982312306830728
140.0, 0.7978531003834141
141.0, 0.7982311990969492
142.0, 0.7978530778587556
143.0, 1.5099318169002396
144.0, 1.5042196877059888
145.0, 1.4964396153552149
146.0, 1.487329213787622
147.0, 1.476233061708933
148.0, 1.4638529437979662
149.0, 1.4496058742774427
150.0, 1.4341374983751065
151.0, 1.4998339926367585
152.0, 1.5674822524457643
153.0, 1.636285763243642
154.0, 1.7066947437071351
155.0, 1.7778965896944474
156.0, 1.8504509035327148
157.0, 1.9235272502584144
158.0, 1.9977701966839805
159.0, 2.0723304503655977
160.0, 2.147919594705233
161.0, 2.223669382512719
162.0, 2.300344869265632
163.0, 2.377059883170796
164.0, 2.454622170836744
165.0, 2.5321291048870425
166.0, 2.610423262282233
167.0, 2.5997356062739048
168.0, 2.6764239470550577
169.0, 2.7530719005377096
170.0, 2.830529980582894
171.0, 2.9078753730106954
172.0, 2.985985673669651
173.0, 3.0639238120695578
174.0, 3.053275800148652
175.0, 3.129435027091796
176.0, 3.2063931795395852
177.0, 3.1938218469921384
178.0, 3.179751487763024
179.0, 3.1633976376124036
180.0, 3.1456586625014413
181.0, 3.210516043907675
182.0, 3.2282740101197525
183.0, 3.2438253945770383
184.0, 3.2579165062118354
185.0, 3.269604212913692
186.0, 3.279734824021861
187.0, 3.2873207247046574
188.0, 3.2932836455329992
189.0, 3.2966163111833695
190.0, 3.2982913566279195
191.0, 3.2973058046615837
192.0, 3.2946574836404183
193.0, 3.2893751360201176
194.0, 3.2824545169108785
195.0, 3.3605954899921144
196.0, 3.4394420612290206
197.0, 3.518030238540635
198.0, 3.5096295351904714
199.0, 3.586427305937664
200.0, 3.663967982806777
201.0, 3.7412963820414635
202.0, 3.8193392301629387
203.0, 3.8971372530723905
204.0, 3.9756317771486325
205.0, 4.053843819704161
206.0, 4.132730112729756
207.0, 4.2113132700095655
208.0, 4.290555196916674
209.0, 4.369464593421776
210.0, 4.449022726813575
211.0, 4.528226981224513
212.0, 4.608068796562323
213.0, 4.687538598992816
214.0, 4.767635507065489
215.0, 4.847343970344361
216.0, 4.927672739188979
217.0, 5.007597565374847
218.0, 5.088135682446473
219.0, 5.080428345964693
220.0, 5.159234294010494
221.0, 5.237684956122742
222.0, 5.31678201990596
223.0, 5.323544753632199
224.0, 5.328590798368771
225.0, 5.330849667962518
226.0, 5.33136328756217
227.0, 5.329065066895788
228.0, 5.325034811323481
229.0, 5.318234304010091
230.0, 5.309748627604371
231.0, 5.2986007409123985
232.0, 5.2858532782610625
233.0, 5.270615766157651
234.0, 5.2538992237439155
235.0, 5.234927153074483
236.0, 5.21463324533564
237.0, 5.1923786006107315
238.0, 5.168990678090084
239.0, 5.16884447018142
240.0, 5.168990678090084
241.0, 5.16884447018142
242.0, 5.168990678090084
243.0, 5.167850826967368
244.0, 5.166016141706598
245.0, 5.163713773074261
246.0, 5.160301000942874
247.0, 5.156341099886252
248.0, 5.151204197581882
249.0, 5.145480139829351
250.0, 5.1385443688250145
251.0, 5.131055296060883
252.0, 5.122384219418285
253.0, 5.113282009246219
254.0, 5.1030930235093805
255.0, 5.092652406546188
256.0, 5.081264947976679
257.0, 5.06981001362839
258.0, 5.057560292730573
259.0, 5.0454010132147
260.0, 5.032579884233064
261.0, 5.020002238651758
262.0, 5.006890067986747
263.0, 5.031136910349386
264.0, 5.061689603887146
265.0, 5.092691184667499
266.0, 5.12422380624965
267.0, 5.156018799918561
268.0, 5.187837387921004
269.0, 5.2194290209066345
270.0, 5.250563450476145
271.0, 5.280999728745197
272.0, 5.310516477176616
273.0, 5.338890793993302
274.0, 5.366083526547486
275.0, 5.3973820563889845
276.0, 5.43002286830913
277.0, 5.462353924341829
278.0, 5.482405159460598
279.0, 5.499517114899542
280.0, 5.5140132552995
281.0, 5.549901034110525
282.0, 5.570915469149329
spot_hold
0, 0
1, 0
2, 0
3, 0
4, 0
5, 0
6, 0
7, 0
8, 0
9, 0
10, 0
11, 0
12, 0
13, 0
14, 0
15, 0
16, 0
17, 0
18, 0
19, 0
20, 0
21, 0
22, 0
23, 0
24, 0
25, 0
26, 0
27, 0
28, 0
29, 0
30, 0
31, 0
32, 0
33, 0
34, 0
35, 0
36, 0
37, 0
38, 0
39, 0
40, 0
41, 1
42, 1
43, 1
44, 1
45, 1
46, 1
47, 1
48, 1
49, 1
50, 1
51, 1
52, 1
53, 1
54, 1
55, 1
56, 1
57, 1
58, 1
59, 1
60, 1
61, 1
62, 1
63, 1
64, 1
65, 1
66, 1
67, 1
68, 1
69, 1
70, 1
71, 1
72, 1
73, 1
74, 1
75, 1
76, 1
77, 1
78, 1
79, 1
80, 1
81, 1
82, 1
83, 1
84, 1
85, 1
86, 1
87, 1
88, 1
89, 1
90, 1
91, 1
92, 1
93, 1
94, 1
95, 1
96, 1
97, 1
98, 1
99, 1
100, 1
101, 1
102, 1
103, 1
104, 1
105, 1
106, 1
107, 1
108, 1
109, 1
110, 1
111, 1
112, 1
113, 1
114, 1
115, 1
116, 1
117, 1
118, 1
119, 1
120, 1
121, 1
122, 1
123, 1
124, 1
125, 1
126, 1
127, 1
128, 1
129, 1
130, 1
131, 1
132, 1
133, 1
134, 1
135, 1
136, 1
137, 1
138, 1
139, 1
140, 1
141, 1
142, 1
143, 1
144, 1
145, 1
146, 1
147, 1
148, 1
149, 1
150, 1
151, 1
152, 1
153, 1
154, 1
155, 1
156, 1
157, 1
158, 1
159, 1
160, 1
161, 1
162, 1
163, 1
164, 1
165, 1
166, 1
167, 1
168, 1
169, 1
170, 1
171, 1
172, 1
173, 1
174, 1
175, 1
176, 1
177, 1
178, 1
179, 1
180, 1
181, 1
182, 1
183, 1
184, 1
185, 1
186, 1
187, 1
188, 1
189, 1
190, 1
191, 1
192, 1
193, 1
194, 1
195, 1
196, 1
197, 1
198, 1
199, 1
200, 1
201, 1
202, 1
203, 1
204, 1
205, 1
206, 1
207, 1
208, 1
209, 1
210, 1
211, 1
212, 1
213, 1
214, 1
215, 1
216, 1
217, 1
218, 1
219, 1
220, 1
221, 1
222, 1
223, 1
224, 1
225, 1
226, 1
227, 1
228, 1
229, 1
230, 1
231, 1
232, 1
233, 1
234, 1
235, 1
236, 1
237, 1
238, 1
239, 1
240, 1
241, 1
242, 1
243, 1
244, 1
245, 1
246, 1
247, 1
248, 1
249, 1
250, 1
251, 1
252, 1
253, 1
254, 1
255, 1
256, 1
257, 1
258, 1
259, 1
260, 1
261, 1
262, 1
263, 1
264, 1
265, 1
266, 1
267, 1
268, 1
269, 1
270, 1
271, 1
272, 1
273, 1
274, 1
275, 1
276, 1
277, 1
278, 1
279, 1
280, 1
281, 1
282, 1
