bot_dist
0.0, 3.0875536590300845
1.0, 3.0917812286574327
2.0, 3.0960353265946825
3.0, 3.1003158436393865
4.0, 3.1046226705150395
5.0, 3.108955697880858
6.0, 3.1133148163414415
7.0, 3.1176999164563313
8.0, 3.1221108887494466
9.0, 3.126547623718418
10.0, 3.131010011843797
11.0, 3.135497943598158
12.0, 3.1400113094550854
13.0, 3.1445499998980426
14.0, 3.1491139054291284
15.0, 3.1537029165777164
16.0, 3.1583169239089774
17.0, 3.162955818032291
18.0, 3.167619489609532
19.0, 3.172307829363248
20.0, 3.177020615431143
21.0, 3.1817578501715253
22.0, 3.18651942454464
23.0, 3.1913052296029307
24.0, 3.1961151564986285
25.0, 3.20094909649123
26.0, 3.205806940954855
27.0, 3.210688581385487
28.0, 3.2155939094081067
29.0, 3.2205228167836983
30.0, 3.2254751954161462
31.0, 3.230450937359022
32.0, 3.2354499348222436
33.0, 3.240472080178639
34.0, 3.245517265970375
35.0, 3.2505853849152917
36.0, 3.25567632991311
37.0, 3.260789994051539
38.0, 3.265926270612259
39.0, 3.2710850530768067
40.0, 3.2762662351323377
41.0, 3.281469710677287
42.0, 3.2866953738269182
43.0, 3.291943118918762
44.0, 3.2972128405179473
45.0, 3.3025044334224307
46.0, 3.3078177926681085
47.0, 3.313152813533834
48.0, 3.3185093915463204
49.0, 3.323887422484948
50.0, 3.32928680238646
51.0, 3.3347074275495627
52.0, 3.3401491945394164
53.0, 3.3456120001920335
54.0, 3.351095741618567
55.0, 3.3566003162095086
56.0, 3.362125621638785
57.0, 3.367671555867753
58.0, 3.373238017149102
59.0, 3.378824904030662
60.0, 3.384432115359111
61.0, 3.390059550283595
62.0, 3.3957071082592516
63.0, 3.4013746890506398
64.0, 3.4070621927350837
65.0, 3.412769519705921
66.0, 3.4184965706756674
67.0, 3.4242432466790893
68.0, 3.430009449076187
69.0, 3.4357950795551
70.0, 3.441600040134919
71.0, 3.447424233168417
72.0, 3.4532675613446964
73.0, 3.459129927691757
74.0, 3.4650112355789764
75.0, 3.4709113887195158
76.0, 3.4768302911726447
77.0, 3.482767847345988
78.0, 3.488723961997695
79.0, 3.4946985402385295
80.0, 3.500691487533892
81.0, 3.5067027097057615
82.0, 3.512732112934565
83.0, 3.518779603760979
84.0, 3.524845089087652
85.0, 3.530928476180866
86.0, 3.537029672672123
87.0, 3.54314858655966
88.0, 3.5492851262099117
89.0, 3.5554392003588853
90.0, 3.5616107181134877
91.0, 3.567799588952784
92.0, 3.5740057227291855
93.0, 3.5802290296695833
94.0, 3.5864694203764205
95.0, 3.592726805828698
96.0, 3.5990010973829265
97.0, 3.6052922067740187
98.0, 3.611600046116121
99.0, 3.6179245279033934
100.0, 3.6242655650107296
101.0, 3.6242655650107296
102.0, 3.6242655650107296
103.0, 3.6242655650107296
104.0, 3.6242655650107296
105.0, 3.6242655650107296
106.0, 3.6242655650107296
107.0, 3.6242655650107296
108.0, 3.6242655650107296
109.0, 3.6242655650107296
110.0, 3.6242655650107296
111.0, 3.6242655650107296
112.0, 3.6242655650107296
113.0, 3.6242655650107296
114.0, 3.6242655650107296
115.0, 3.6242655650107296
116.0, 3.6242655650107296
117.0, 3.6242655650107296
118.0, 3.6242655650107296
119.0, 3.6242655650107296
120.0, 3.6242655650107296
121.0, 3.6242655650107296
122.0, 3.6242655650107296
123.0, 3.6242655650107296
124.0, 3.6242655650107296
125.0, 3.6242655650107296
126.0, 3.6242655650107296
127.0, 3.6242655650107296
128.0, 3.6242655650107296
129.0, 3.6242655650107296
130.0, 3.6242655650107296
131.0, 3.6179245279033934
132.0, 3.611600046116121
133.0, 3.6052922067740187
134.0, 3.5990010973829265
135.0, 3.592726805828698
136.0, 3.5864694203764205
137.0, 3.5802290296695833
138.0, 3.5740057227291855
139.0, 3.567799588952784
140.0, 3.5616107181134877
141.0, 3.5554392003588853
142.0, 3.5492851262099117
143.0, 3.5477269357524546
144.0, 3.5416159319704392
145.0, 3.5355226499244377
146.0, 3.5294471813995347
147.0, 3.5233896185446274
148.0, 3.5173500538708846
149.0, 3.511328580250147
150.0, 3.5053252909132464
151.0, 3.416148962165103
152.0, 3.327009808583504
153.0, 3.237910852519574
154.0, 3.148855557983742
155.0, 3.0598477372173365
156.0, 2.9708916571613444
157.0, 2.881992108933608
158.0, 2.793154490365359
159.0, 2.7043849045334922
160.0, 2.6156902779987097
161.0, 2.527078503468617
162.0, 2.43855861293045
163.0, 2.3501409890534766
164.0, 2.2618376250051866
165.0, 2.1736624459830076
166.0, 2.085631710056317
167.0, 2.0802988017696635
168.0, 1.9935841887960577
169.0, 1.9072169646479262
170.0, 1.8212463221957529
171.0, 1.7357311904294845
172.0, 1.6507423627554514
173.0, 1.5663655111143877
174.0, 1.561891994840667
175.0, 1.4808097402920917
176.0, 1.4009448147277122
177.0, 1.397040122288477
178.0, 1.3931962648075369
179.0, 1.3894137471905452
180.0, 1.3856930717547096
181.0, 1.3254068402315944
182.0, 1.322237098516838
183.0, 1.3191355490904955
184.0, 1.316102674061895
185.0, 1.3131389492700265
186.0, 1.3102448439607146
187.0, 1.3074208204628746
188.0, 1.22876662696766
189.0, 1.2263387495802762
190.0, 1.1469178792078651
191.0, 1.069047134578304
192.0, 0.9930911599155565
193.0, 0.9195245779769553
194.0, 0.8489687678318318
195.0, 0.7822388443774885
196.0, 0.7203987591612627
197.0, 0.6648144526092028
198.0, 0.617178468713864
199.0, 0.5794543896967514
200.0, 0.5536719596318818
201.0, 0.5415394811787135
202.0, 0.5439710489694659
203.0, 0.5607772429472336
204.0, 0.5907324707064857
205.0, 0.6319697060266466
206.0, 0.6824468392283402
207.0, 0.7402761572947129
208.0, 0.8038725094156596
209.0, 0.8719749740550824
210.0, 0.9436084044832487
211.0, 1.0180276225753382
212.0, 1.0946649670387985
213.0, 1.103753082220182
214.0, 1.1782165459985572
215.0, 1.2545146181323323
216.0, 1.263323741646165
217.0, 1.272150476343659
218.0, 1.2809944581735353
219.0, 1.2898553323673934
220.0, 1.298732753170284
221.0, 1.3076263835795419
222.0, 1.3165358950916357
223.0, 1.3254609674568074
224.0, 1.3344012884412682
225.0, 1.3433565535967265
226.0, 1.3523264660370333
227.0, 1.3613107362217216
228.0, 1.3703090817462382
229.0, 1.3793212271386566
230.0, 1.3883469036626757
231.0, 1.3883469036626757
232.0, 1.3883469036626757
233.0, 1.3883469036626757
234.0, 1.3883469036626757
235.0, 1.3883469036626757
236.0, 1.3883469036626757
237.0, 1.3883469036626757
238.0, 1.3883469036626757
239.0, 1.3883469036626757
240.0, 1.3883469036626757
241.0, 1.3883469036626757
242.0, 1.3883469036626757
243.0, 1.3883469036626757
244.0, 1.3883469036626757
245.0, 1.3883469036626757
246.0, 1.3883469036626757
247.0, 1.3883469036626757
248.0, 1.3883469036626757
249.0, 1.3883469036626757
250.0, 1.3883469036626757
251.0, 1.3883469036626757
252.0, 1.3883469036626757
253.0, 1.3883469036626757
254.0, 1.3883469036626757
255.0, 1.3883469036626757
256.0, 1.3883469036626757
257.0, 1.3883469036626757
258.0, 1.3883469036626757
259.0, 1.3883469036626757
260.0, 1.3883469036626757
261.0, 1.3793212271386566
262.0, 1.3703090817462382
263.0, 1.3613107362217216
264.0, 1.3523264660370333
265.0, 1.3433565535967265
266.0, 1.3344012884412682
267.0, 1.3254609674568074
268.0, 1.3165358950916357
269.0, 1.3076263835795419
270.0, 1.298732753170284
271.0, 1.2898553323673934
272.0, 1.2809944581735353
273.0, 1.272150476343659
274.0, 1.263323741646165
275.0, 1.2545146181323323
276.0, 1.2457234794142462
277.0, 1.2369507089514673
278.0, 1.2281967003466985
279.0, 1.219461857650692
280.0, 1.2107468032231667
281.0, 1.2020517544531473
282.0, 1.1933771486295486
ee_dist
0.0, 1.599960928843411
1.0, 1.6700089944830143
2.0, 1.7839394700057913
3.0, 1.879000929830837
4.0, 1.9119483012663132
5.0, 1.9378592729123314
6.0, 1.969619901146458
7.0, 2.0009558423448213
8.0, 2.0341388670066567
9.0, 2.072887330842137
10.0, 2.1068815368899565
11.0, 2.1377190038059086
12.0, 2.169289889958108
13.0, 2.198245499308878
14.0, 2.226003784510695
15.0, 2.2509506487284208
16.0, 2.275411863053118
17.0, 2.2969647189396403
18.0, 2.3184431384383477
19.0, 2.336920456677932
20.0, 2.3558155710312865
21.0, 2.3258196504781967
22.0, 2.2839221332672808
23.0, 2.2388879405561726
24.0, 2.190273214712059
25.0, 2.1383914764719103
26.0, 2.0834223916334955
27.0, 2.025744497035614
28.0, 1.9656134970467998
29.0, 1.903527689134726
30.0, 1.8398430349807586
31.0, 1.7752036668042768
32.0, 1.7101023600680971
33.0, 1.6453527272564532
34.0, 1.5816329782986809
35.0, 1.5199664707485034
36.0, 1.461266785727365
37.0, 1.406776151183815
38.0, 1.3576307210235579
39.0, 1.3151622435363854
40.0, 1.2806047086707668
41.0, 1.280786180890519
42.0, 1.131729836600793
43.0, 0.7117768963179071
44.0, 0.6652457007959828
45.0, 0.6192797520312898
46.0, 0.5741510331808783
47.0, 0.5301042265640518
48.0, 0.4886365485864784
49.0, 0.45086064469178
50.0, 0.4188669555918295
51.0, 0.3950224215783879
52.0, 0.3814736580309624
53.0, 0.379287601291237
54.0, 0.3891571768626464
55.0, 0.41035469281900966
56.0, 0.4414358691617145
57.0, 0.48019288944220617
58.0, 0.45052602923496576
59.0, 0.3916278706381048
60.0, 0.3355743256625911
61.0, 0.29373268896592714
62.0, 0.28321559952637576
63.0, 0.30919846541255686
64.0, 0.3584391943701344
65.0, 0.41140238703197446
66.0, 0.467572252048409
67.0, 0.5232573799208394
68.0, 0.5731211889638687
69.0, 0.6210360636549621
70.0, 0.667057196033632
71.0, 0.7118114806184574
72.0, 0.75485219294384
73.0, 0.8064115586694518
74.0, 0.8624171592152634
75.0, 0.9301623188866036
76.0, 1.0078858972201026
77.0, 1.0959190396748721
78.0, 1.1899575025990212
79.0, 1.285136186862901
80.0, 1.3766826665330065
81.0, 1.4550427492279217
82.0, 1.5200744408047857
83.0, 1.5848485329472393
84.0, 1.6458457867857401
85.0, 1.7052033598373464
86.0, 1.76324985335238
87.0, 1.8194703124075662
88.0, 1.8544873583751107
89.0, 1.8943192431521223
90.0, 1.9337315455504416
91.0, 1.988682697064499
92.0, 2.0813835802947698
93.0, 2.1784811395671397
94.0, 2.284706621688372
95.0, 2.3888936352273986
96.0, 2.4910862474533864
97.0, 2.579767867922635
98.0, 2.653935564445834
99.0, 2.721671213798513
100.0, 2.789650186362435
101.0, 2.8525162769461043
102.0, 2.916962735920928
103.0, 2.977664337879885
104.0, 3.0414354241044714
105.0, 3.108763396942385
106.0, 3.1831948564498656
107.0, 3.26160011077295
108.0, 3.3530746496997663
109.0, 3.4502903575361854
110.0, 3.557077476585225
111.0, 3.6632630206073853
112.0, 3.767428175809628
113.0, 3.860849189201926
114.0, 3.937540201866665
115.0, 4.004270384091296
116.0, 4.073279123260194
117.0, 4.136328060081256
118.0, 4.2008129384231765
119.0, 4.262754048518151
120.0, 4.326127478426626
121.0, 4.3926323758897015
122.0, 4.467401164111183
123.0, 4.54244972811456
124.0, 4.6331710327588995
125.0, 4.72914515977417
126.0, 4.777686831007759
127.0, 4.823141168075145
128.0, 4.871016634243435
129.0, 4.915187645685074
130.0, 4.961178156147369
131.0, 5.002907824907145
132.0, 5.045910077850386
133.0, 5.084155728314532
134.0, 5.123188036815945
135.0, 5.157035288494481
136.0, 5.191244708236611
137.0, 5.21991623593689
138.0, 5.248590283448334
139.0, 5.271440456940108
140.0, 5.294002119400944
141.0, 5.310529839916657
142.0, 5.326543288769138
143.0, 4.636683518357235
144.0, 4.6261630767508795
145.0, 4.620499421409454
146.0, 4.615207644700244
147.0, 4.615117103234636
148.0, 4.6153474205523715
149.0, 4.620836141175989
150.0, 4.626574528922777
151.0, 4.546839183976193
152.0, 4.464713456819338
153.0, 4.385152489987887
154.0, 4.303213765798387
155.0, 4.223852921374998
156.0, 4.142123688777567
157.0, 4.062986735189942
158.0, 3.9814927203801482
159.0, 3.902607401909264
160.0, 3.821378736763489
161.0, 3.7427775075110676
162.0, 3.6618494636415058
163.0, 3.583570902800707
164.0, 3.502985118618393
165.0, 3.425073792991847
166.0, 3.3448803046636733
167.0, 3.3584582372753724
168.0, 3.2813616574549385
169.0, 3.2070519444882155
170.0, 3.1307189749961473
171.0, 3.057227353468978
172.0, 2.981781838901628
173.0, 2.9092346667256312
174.0, 2.924809724967664
175.0, 2.8567565074275056
176.0, 2.7871699611814678
177.0, 2.8081388558369667
178.0, 2.8290321229729254
179.0, 2.8538489213342384
180.0, 2.8784437042846482
181.0, 2.833529237559987
182.0, 2.8067333466073556
183.0, 2.7833858585932454
184.0, 2.7598743329929496
185.0, 2.7405237976136405
186.0, 2.7071891894786746
187.0, 2.707531027735201
188.0, 2.630666098119819
189.0, 2.612811158168862
190.0, 2.5411046808072846
191.0, 2.463850987604809
192.0, 2.38638358176146
193.0, 2.311627692615951
194.0, 2.234903229276643
195.0, 2.161259250761893
196.0, 2.085755395954801
197.0, 2.0134578307675746
198.0, 1.9394624006027208
199.0, 1.8688335600764898
200.0, 1.7967216775734256
201.0, 1.7281845058957281
202.0, 1.6584506992028303
203.0, 1.5925634707560195
204.0, 1.5258650688786168
205.0, 1.4633699130827615
206.0, 1.4005803250349584
207.0, 1.3424609459790848
208.0, 1.2847341503360186
209.0, 1.23227653407985
210.0, 1.1811070988346861
211.0, 1.1359419418196504
212.0, 1.093180014948219
213.0, 1.0674438780620292
214.0, 1.0225191755008216
215.0, 0.9847155369736724
216.0, 0.9564198881706361
217.0, 0.9316990160534898
218.0, 0.9065294370137419
219.0, 0.8859668130895513
220.0, 0.8652443999507302
221.0, 0.8500731717616902
222.0, 0.8350605409189606
223.0, 0.8263489813170032
224.0, 0.818080250038488
225.0, 0.8165313060728887
226.0, 0.8156040796940085
227.0, 0.821392377134248
228.0, 0.8278285144146006
229.0, 0.8405434202569734
230.0, 0.8387994187656319
231.0, 0.8405769659904324
232.0, 0.8388179840290324
233.0, 0.8405742040145122
234.0, 0.83881804978187
235.0, 0.8405742040145122
236.0, 0.83881804978187
237.0, 0.8405742040145122
238.0, 0.8388180271589996
239.0, 0.8405742040145122
240.0, 0.8388180271589996
241.0, 0.8405742040145122
242.0, 0.8388180271589996
243.0, 0.851412291027787
244.0, 0.8633042384150822
245.0, 0.8763864337436489
246.0, 0.8918142452703937
247.0, 0.9094517876784293
248.0, 0.9285539753631377
249.0, 0.948548484141786
250.0, 0.9702892030149393
251.0, 0.9927965796020388
252.0, 1.0166681729518932
253.0, 1.0409047928698612
254.0, 1.0660719684416933
255.0, 1.0914139933782045
256.0, 1.1173466892851112
257.0, 1.1430861441072722
258.0, 1.1690883218032726
259.0, 1.1946027246473931
260.0, 1.2200790381374074
261.0, 1.244862416757132
262.0, 1.2693535016242696
263.0, 1.2424963961144646
264.0, 1.2086790197378554
265.0, 1.173193672808709
266.0, 1.1356429008314612
267.0, 1.0963678450183894
268.0, 1.0510357128334502
269.0, 0.9955688499091446
270.0, 0.9533561211423687
271.0, 0.8999463213537441
272.0, 0.8591806272302281
273.0, 0.8120079192619898
274.0, 0.7627044885539056
275.0, 0.7162192462244913
276.0, 0.6477014308205478
277.0, 0.5988748732907732
278.0, 0.5481599147991705
279.0, 0.5067562092751985
280.0, 0.45926799022171105
281.0, 0.43299696459506626
282.0, 0.42572874454756815
ee_box_dist
0.0, 0.5575707657653017
1.0, 0.613147673732866
2.0, 0.643669054619358
3.0, 0.6829850393465733
4.0, 0.7215914679964378
5.0, 0.7593088885288988
6.0, 0.7975661661888243
7.0, 0.8326245027208131
8.0, 0.865973971332361
9.0, 0.9036646086878982
10.0, 0.9353338322884819
11.0, 0.9632473242749761
12.0, 0.9911636637556309
13.0, 1.016376777300911
14.0, 1.040060899279722
15.0, 1.061149632416742
16.0, 1.0815922472788024
17.0, 1.099497457389674
18.0, 1.1172688273391502
19.0, 1.13243017228258
20.0, 1.147978399745812
21.0, 1.1287009016795893
22.0, 1.101790505448083
23.0, 1.072306427269021
24.0, 1.0398533924325395
25.0, 1.0045999814145492
26.0, 0.9665170193919356
27.0, 0.9257866493242439
28.0, 0.8823753763302489
29.0, 0.8365072504993442
30.0, 0.7881433981323659
31.0, 0.7375514222004135
32.0, 0.6846951874552228
33.0, 0.6298977785286101
34.0, 0.573145927529978
35.0, 0.5148047866693912
36.0, 0.4548923310714512
37.0, 0.3937910161667944
38.0, 0.3316315313636867
39.0, 0.2691645950639998
40.0, 0.20717518907030136
41.0, 0.08025346561989599
42.0, 0.08290181340860693
43.0, 0.08302896334890594
44.0, 0.08297780548075838
45.0, 0.0829309322024176
46.0, 0.0829801581658206
47.0, 0.08302863615268809
48.0, 0.08298823823690388
49.0, 0.0830278501841739
50.0, 0.08299262408849963
51.0, 0.08302641044122368
52.0, 0.0829962115743335
53.0, 0.08302445310496254
54.0, 0.08299884157512229
55.0, 0.08294891456892212
56.0, 0.08299726529859233
57.0, 0.08293480109586907
58.0, 0.08299923514046419
59.0, 0.08294646564970777
60.0, 0.08290752039291416
61.0, 0.0830111198140045
62.0, 0.08300237890076852
63.0, 0.08301132139808946
64.0, 0.08300310698218143
65.0, 0.08300899756983651
66.0, 0.0830038660695791
67.0, 0.08300712321237512
68.0, 0.08300438151703264
69.0, 0.08300549258523247
70.0, 0.08300511840800386
71.0, 0.08300455502643204
72.0, 0.08300611003014471
73.0, 0.08300386127584318
74.0, 0.08300752506216012
75.0, 0.08300357274631082
76.0, 0.08300920113922614
77.0, 0.08300440854541087
78.0, 0.0830115011612273
79.0, 0.08300612902599772
80.0, 0.08301443258654068
81.0, 0.08300868386224859
82.0, 0.08301810720385104
83.0, 0.08301211307269095
84.0, 0.08302277609816335
85.0, 0.08301705852844644
86.0, 0.08826566288870012
87.0, 0.12416768773650676
88.0, 0.1350829752619159
89.0, 0.13343500142199802
90.0, 0.12901843617632666
91.0, 0.11775977131404906
92.0, 0.11681280881330501
93.0, 0.11811703473489708
94.0, 0.11687367200976109
95.0, 0.11811156488290608
96.0, 0.11687379772206015
97.0, 0.11811158455718697
98.0, 0.11687381721583942
99.0, 0.11811154520862946
100.0, 0.11687375268723764
101.0, 0.11811158455718697
102.0, 0.11687381721583942
103.0, 0.11811154520862946
104.0, 0.11687375268723764
105.0, 0.11811154520862946
106.0, 0.11687379167481554
107.0, 0.11811154520862946
108.0, 0.11687375268723764
109.0, 0.11811158455718697
110.0, 0.11687381721583942
111.0, 0.11811154520862946
112.0, 0.11687377218102442
113.0, 0.1181116292769598
114.0, 0.11687381721583942
115.0, 0.11811154520862946
116.0, 0.11687375268723764
117.0, 0.11811156488290608
118.0, 0.11687379167481554
119.0, 0.11811156488290608
120.0, 0.11687375268723764
121.0, 0.11811152016313894
122.0, 0.11434164450522548
123.0, 0.11806622016714545
124.0, 0.11688189172156777
125.0, 0.11811092450385104
126.0, 0.11687385863647372
127.0, 0.11811152016313894
128.0, 0.11687379167481554
129.0, 0.11811154520862946
130.0, 0.11687381116861104
131.0, 0.11811154520862946
132.0, 0.11687375268723764
133.0, 0.11811158455718697
134.0, 0.11687381721583942
135.0, 0.11811154520862946
136.0, 0.11687375268723764
137.0, 0.11811156488290608
138.0, 0.11687375268723764
139.0, 0.11811158455718697
140.0, 0.11687379772206015
141.0, 0.11811156488290608
142.0, 0.11687375268723764
143.0, 0.11351986160182764
144.0, 0.11324676113707398
145.0, 0.11373150177124472
146.0, 0.11325129885311956
147.0, 0.11373034288544105
148.0, 0.1132511013169445
149.0, 0.11372939121663816
150.0, 0.11325042469927764
151.0, 0.11372924278609947
152.0, 0.11325077405714372
153.0, 0.1137295241025707
154.0, 0.11325086478266194
155.0, 0.11372946042352514
156.0, 0.11325081941989622
157.0, 0.11372946042352514
158.0, 0.11325086478266194
159.0, 0.11372946042352514
160.0, 0.11325081941989622
161.0, 0.11372946042352514
162.0, 0.11325073825286766
163.0, 0.11372965146092968
164.0, 0.11325080151771973
165.0, 0.11372965146092968
166.0, 0.11325088268495391
167.0, 0.11372830850418413
168.0, 0.11325042686799336
169.0, 0.11372860012043408
170.0, 0.11325031927919017
171.0, 0.11372902872574224
172.0, 0.11325031927919017
173.0, 0.11372879983189547
174.0, 0.1132494049213648
175.0, 0.11372832307311873
176.0, 0.11324957832137685
177.0, 0.11372721134492514
178.0, 0.11324769064562512
179.0, 0.11372519640107387
180.0, 0.11324571978803989
181.0, 0.11372471078738594
182.0, 0.1132469778806218
183.0, 0.1137261117995896
184.0, 0.11324872905992216
185.0, 0.1137279876970058
186.0, 0.08464717630289262
187.0, 0.11397853221130057
188.0, 0.11324257707452967
189.0, 0.0808301632916006
190.0, 0.11168513344459324
191.0, 0.11379095024710616
192.0, 0.11324940381493573
193.0, 0.11372976866997908
194.0, 0.1132512412934196
195.0, 0.11372988931935489
196.0, 0.11325134205932356
197.0, 0.11372988931935489
198.0, 0.11325134205932356
199.0, 0.11372988931935489
200.0, 0.11325134205932356
201.0, 0.11373002369214041
202.0, 0.11325134205932356
203.0, 0.11372988931935489
204.0, 0.11325134205932356
205.0, 0.11373002369214041
206.0, 0.11325120856462234
207.0, 0.11373002369214041
208.0, 0.11325120856462234
209.0, 0.11373002369214041
210.0, 0.11325120856462234
211.0, 0.11372948620304464
212.0, 0.11325138482921494
213.0, 0.11373031818314133
214.0, 0.11325152450859399
215.0, 0.11373076376503918
216.0, 0.11325159177325923
217.0, 0.1137302189142517
218.0, 0.11325167756578983
219.0, 0.11373091318645791
220.0, 0.11325108868601666
221.0, 0.11373098793051818
222.0, 0.11325110188468303
223.0, 0.1137307154714385
224.0, 0.11325180922468117
225.0, 0.1137299750083109
226.0, 0.11325148071714002
227.0, 0.11372998787917646
228.0, 0.11325032234182461
229.0, 0.11372890109472401
230.0, 0.11676294862537931
231.0, 0.11811436965110154
232.0, 0.11687486397425946
233.0, 0.1181121359541953
234.0, 0.11687468699246681
235.0, 0.1181121359541953
236.0, 0.11687492188470058
237.0, 0.1181121359541953
238.0, 0.11687483181289517
239.0, 0.1181121359541953
240.0, 0.11687483181289517
241.0, 0.1181121359541953
242.0, 0.11687459692048037
243.0, 0.07489746891254549
244.0, 0.07386960293427362
245.0, 0.07262566563605596
246.0, 0.07254497509957795
247.0, 0.07126775648119958
248.0, 0.07160622064788591
249.0, 0.070500991074164
250.0, 0.07081458239737326
251.0, 0.06980877428448652
252.0, 0.07017302974646582
253.0, 0.06914810469246427
254.0, 0.06958229492865672
255.0, 0.06849900821129021
256.0, 0.0689181188297438
257.0, 0.06774061866261238
258.0, 0.06811407245098883
259.0, 0.06682829473969681
260.0, 0.0671586805992612
261.0, 0.06577192377564113
262.0, 0.06607996435420939
263.0, 0.08000004238590136
264.0, 0.08065589515983118
265.0, 0.08083807587383242
266.0, 0.08114761382792783
267.0, 0.08129515355427447
268.0, 0.08120968354869022
269.0, 0.08039323895510499
270.0, 0.08199169121266504
271.0, 0.07985694195112658
272.0, 0.08222615963840323
273.0, 0.08227315284543371
274.0, 0.08212893062905355
275.0, 0.08098692964198746
276.0, 0.08188305898327203
277.0, 0.08216536903377566
278.0, 0.08232244493188438
279.0, 0.08218017419760264
280.0, 0.08090124888054989
281.0, 0.09259114902316053
282.0, 0.09276380749042958
spot_hold
0, 0
1, 0
2, 0
3, 0
4, 0
5, 0
6, 0
7, 0
8, 0
9, 0
10, 0
11, 0
12, 0
13, 0
14, 0
15, 0
16, 0
17, 0
18, 0
19, 0
20, 0
21, 0
22, 0
23, 0
24, 0
25, 0
26, 0
27, 0
28, 0
29, 0
30, 0
31, 0
32, 0
33, 0
34, 0
35, 0
36, 0
37, 0
38, 0
39, 0
40, 0
41, 1
42, 1
43, 1
44, 1
45, 1
46, 1
47, 1
48, 1
49, 1
50, 1
51, 1
52, 1
53, 1
54, 1
55, 1
56, 1
57, 1
58, 1
59, 1
60, 1
61, 1
62, 1
63, 1
64, 1
65, 1
66, 1
67, 1
68, 1
69, 1
70, 1
71, 1
72, 1
73, 1
74, 1
75, 1
76, 1
77, 1
78, 1
79, 1
80, 1
81, 1
82, 1
83, 1
84, 1
85, 1
86, 1
87, 1
88, 1
89, 1
90, 1
91, 1
92, 1
93, 1
94, 1
95, 1
96, 1
97, 1
98, 1
99, 1
100, 1
101, 1
102, 1
103, 1
104, 1
105, 1
106, 1
107, 1
108, 1
109, 1
110, 1
111, 1
112, 1
113, 1
114, 1
115, 1
116, 1
117, 1
118, 1
119, 1
120, 1
121, 1
122, 1
123, 1
124, 1
125, 1
126, 1
127, 1
128, 1
129, 1
130, 1
131, 1
132, 1
133, 1
134, 1
135, 1
136, 1
137, 1
138, 1
139, 1
140, 1
141, 1
142, 1
143, 1
144, 1
145, 1
146, 1
147, 1
148, 1
149, 1
150, 1
151, 1
152, 1
153, 1
154, 1
155, 1
156, 1
157, 1
158, 1
159, 1
160, 1
161, 1
162, 1
163, 1
164, 1
165, 1
166, 1
167, 1
168, 1
169, 1
170, 1
171, 1
172, 1
173, 1
174, 1
175, 1
176, 1
177, 1
178, 1
179, 1
180, 1
181, 1
182, 1
183, 1
184, 1
185, 1
186, 1
187, 1
188, 1
189, 1
190, 1
191, 1
192, 1
193, 1
194, 1
195, 1
196, 1
197, 1
198, 1
199, 1
200, 1
201, 1
202, 1
203, 1
204, 1
205, 1
206, 1
207, 1
208, 1
209, 1
210, 1
211, 1
212, 1
213, 1
214, 1
215, 1
216, 1
217, 1
218, 1
219, 1
220, 1
221, 1
222, 1
223, 1
224, 1
225, 1
226, 1
227, 1
228, 1
229, 1
230, 1
231, 1
232, 1
233, 1
234, 1
235, 1
236, 1
237, 1
238, 1
239, 1
240, 1
241, 1
242, 1
243, 1
244, 1
245, 1
246, 1
247, 1
248, 1
249, 1
250, 1
251, 1
252, 1
253, 1
254, 1
255, 1
256, 1
257, 1
258, 1
259, 1
260, 1
261, 1
262, 1
263, 1
264, 1
265, 1
266, 1
267, 1
268, 1
269, 1
270, 1
271, 1
272, 1
273, 1
274, 1
275, 1
276, 1
277, 1
278, 1
279, 1
280, 1
281, 1
282, 1
