bot_dist
0.0, 2.9622519028357717
1.0, 2.9655311834655023
2.0, 2.9688405267905233
3.0, 2.972179832391832
4.0, 2.9755489993940656
5.0, 2.9789479264781873
6.0, 2.982376511894119
7.0, 2.985834653473322
8.0, 2.9893222486413125
9.0, 2.9928391944301205
10.0, 2.9963853874906823
11.0, 2.9999607241051707
12.0, 3.0035651001992503
13.0, 3.0071984113542665
14.0, 3.010860552819358
15.0, 3.014551419523498
16.0, 3.018270906087451
17.0, 3.0220189068356547
18.0, 3.025795315808019
19.0, 3.0296000267716376
20.0, 3.0334329332324197
21.0, 3.0372939284466294
22.0, 3.041182905432334
23.0, 3.0450997569807674
24.0, 3.049044375667592
25.0, 3.053016653864077
26.0, 3.0570164837481686
27.0, 3.0610437573154683
28.0, 3.065098366390117
29.0, 3.0691802026355677
30.0, 3.073289157565266
31.0, 3.077425122553223
32.0, 3.081587988844485
33.0, 3.085777647565497
34.0, 3.089993989734363
35.0, 3.0942369062709942
36.0, 3.0985062880071563
37.0, 3.102802025696395
38.0, 3.1071240100238673
39.0, 3.111472131616049
40.0, 3.115846281050338
41.0, 3.120246348864541
42.0, 3.124672225566253
43.0, 3.1291238016421143
44.0, 3.133600967566964
45.0, 3.1381036138128717
46.0, 3.142631630858058
47.0, 3.1471849091956967
48.0, 3.151763339342606
49.0, 3.156366811847818
50.0, 3.1609952173010387
51.0, 3.165648446340987
52.0, 3.1703263896636176
53.0, 3.1750289380302292
54.0, 3.179755869285387
55.0, 3.184507186174794
56.0, 3.1892827797110535
57.0, 3.194082541003372
58.0, 3.1989063612650783
59.0, 3.2037541318210327
60.0, 3.208625744114921
61.0, 3.2135210897164255
62.0, 3.2184400603282937
63.0, 3.223382547793275
64.0, 3.228348444100958
65.0, 3.2333376413944794
66.0, 3.2383500319771303
67.0, 3.2433855083188434
68.0, 3.248443963062563
69.0, 3.2535252890305113
70.0, 3.2586293792303325
71.0, 3.263756126861132
72.0, 3.268905425319404
73.0, 3.274077168204838
74.0, 3.279271249326034
75.0, 3.2844875627060865
76.0, 3.289726002588079
77.0, 3.2949864634404564
78.0, 3.300268839962296
79.0, 3.3055730270884722
80.0, 3.3108989199947105
81.0, 3.316246414102542
82.0, 3.321615405084147
83.0, 3.3270057888671016
84.0, 3.3324174616390168
85.0, 3.3378503198520706
86.0, 3.3433042602274545
87.0, 3.3487791797597017
88.0, 3.3542749757209225
89.0, 3.359791545664949
90.0, 3.3653287874313658
91.0, 3.370886599149457
92.0, 3.3764648792420537
93.0, 3.382063526429278
94.0, 3.3876824397322087
95.0, 3.3933215184764354
96.0, 3.3989806622955365
97.0, 3.404659771134454
98.0, 3.4103587452527866
99.0, 3.416077485227982
100.0, 3.421815891958455
101.0, 3.421815891958455
102.0, 3.421815891958455
103.0, 3.421815891958455
104.0, 3.421815891958455
105.0, 3.421815891958455
106.0, 3.421815891958455
107.0, 3.421815891958455
108.0, 3.421815891958455
109.0, 3.421815891958455
110.0, 3.421815891958455
111.0, 3.421815891958455
112.0, 3.421815891958455
113.0, 3.421815891958455
114.0, 3.421815891958455
115.0, 3.421815891958455
116.0, 3.421815891958455
117.0, 3.421815891958455
118.0, 3.421815891958455
119.0, 3.421815891958455
120.0, 3.421815891958455
121.0, 3.421815891958455
122.0, 3.421815891958455
123.0, 3.421815891958455
124.0, 3.421815891958455
125.0, 3.421815891958455
126.0, 3.421815891958455
127.0, 3.421815891958455
128.0, 3.421815891958455
129.0, 3.421815891958455
130.0, 3.421815891958455
131.0, 3.416077485227982
132.0, 3.4103587452527866
133.0, 3.404659771134454
134.0, 3.3989806622955365
135.0, 3.3933215184764354
136.0, 3.3876824397322087
137.0, 3.382063526429278
138.0, 3.3764648792420537
139.0, 3.370886599149457
140.0, 3.3653287874313658
141.0, 3.359791545664949
142.0, 3.3542749757209225
143.0, 3.3536228915928876
144.0, 3.348155892529324
145.0, 3.342709868050225
146.0, 3.337284920839155
147.0, 3.3318811538497277
148.0, 3.3264986703012682
149.0, 3.32113757367438
150.0, 3.3157979677064047
151.0, 3.227762203372119
152.0, 3.139830205363469
153.0, 3.052010891732209
154.0, 2.9643143324754115
155.0, 2.8767517539603813
156.0, 2.7893357739499547
157.0, 2.702080620464115
158.0, 2.6150023925163737
159.0, 2.528119372176254
160.0, 2.441452399865136
161.0, 2.3550253279677245
162.0, 2.2688655719675466
163.0, 2.1830047837047064
164.0, 2.0974796784292145
165.0, 2.012333056652722
166.0, 1.9276150741522367
167.0, 1.9235820053978565
168.0, 1.84162670631047
169.0, 1.7605038876842445
170.0, 1.6803338760955275
171.0, 1.6012597900417638
172.0, 1.5234522896049159
173.0, 1.4471156918670394
174.0, 1.444587795021885
175.0, 1.3740703352703592
176.0, 1.306086780648882
177.0, 1.304462261124004
178.0, 1.3029124331543285
179.0, 1.3014376033428934
180.0, 1.300038026934995
181.0, 1.2587989220362623
182.0, 1.2581203210177891
183.0, 1.2575208814773344
184.0, 1.2570007166666763
185.0, 1.2565599250353807
186.0, 1.2561985901379937
187.0, 1.2559167805550748
188.0, 1.255714549828241
189.0, 1.2555919364093728
190.0, 1.2555489636240849
191.0, 1.2555856396495486
192.0, 1.1786279113923241
193.0, 1.1790684681538437
194.0, 1.1014766501422035
195.0, 1.025287926100666
196.0, 0.9508396365279446
197.0, 0.8785743336581479
198.0, 0.8090771703110887
199.0, 0.7431251830343348
200.0, 0.6817481204551143
201.0, 0.6262922714565069
202.0, 0.5784633437230018
203.0, 0.5402903746820967
204.0, 0.513929847722374
205.0, 0.5012485179267089
206.0, 0.5032818740927609
207.0, 0.5198568769718798
208.0, 0.5496599942349205
209.0, 0.5906919471330401
210.0, 0.6407997205024173
211.0, 0.6980311514125428
212.0, 0.7607806269820833
213.0, 0.827793750537125
214.0, 0.8981170548660857
215.0, 0.9710312871921903
216.0, 1.0459950889974476
217.0, 1.0533081798280655
218.0, 1.125859468843898
219.0, 1.2001272719087999
220.0, 1.206985292383905
221.0, 1.2138869520833648
222.0, 1.2208315108977161
223.0, 1.227818240913018
224.0, 1.2348464263186953
225.0, 1.241915363308123
226.0, 1.2490243599725421
227.0, 1.2561727361888844
228.0, 1.2633598235020367
229.0, 1.2705849650020669
230.0, 1.2778475151968987
231.0, 1.2778475151968987
232.0, 1.2778475151968987
233.0, 1.2778475151968987
234.0, 1.2778475151968987
235.0, 1.2778475151968987
236.0, 1.2778475151968987
237.0, 1.2778475151968987
238.0, 1.2778475151968987
239.0, 1.2778475151968987
240.0, 1.2778475151968987
241.0, 1.2778475151968987
242.0, 1.2778475151968987
243.0, 1.2778475151968987
244.0, 1.2778475151968987
245.0, 1.2778475151968987
246.0, 1.2778475151968987
247.0, 1.2778475151968987
248.0, 1.2778475151968987
249.0, 1.2778475151968987
250.0, 1.2778475151968987
251.0, 1.2778475151968987
252.0, 1.2778475151968987
253.0, 1.2778475151968987
254.0, 1.2778475151968987
255.0, 1.2778475151968987
256.0, 1.2778475151968987
257.0, 1.2778475151968987
258.0, 1.2778475151968987
259.0, 1.2778475151968987
260.0, 1.2778475151968987
261.0, 1.2705849650020669
262.0, 1.2633598235020367
263.0, 1.2561727361888844
264.0, 1.2490243599725421
265.0, 1.241915363308123
266.0, 1.2348464263186953
267.0, 1.227818240913018
268.0, 1.2208315108977161
269.0, 1.2138869520833648
270.0, 1.206985292383905
271.0, 1.2001272719087999
272.0, 1.1933136430473064
273.0, 1.1865451705442098
274.0, 1.1798226315663385
275.0, 1.173146815759149
276.0, 1.1665185252926416
277.0, 1.159938574895837
278.0, 1.1534077918790173
279.0, 1.1469270161428988
280.0, 1.1404971001738913
281.0, 1.1341189090245496
282.0, 1.1277933202783177
ee_dist
0.0, 1.281223724904089
1.0, 1.3333301724424003
2.0, 1.4370831827188881
3.0, 1.5269676820447187
4.0, 1.5579977347663896
5.0, 1.5837515399651356
6.0, 1.6165080137775691
7.0, 1.6507299062668404
8.0, 1.6861447171467412
9.0, 1.7197605391333162
10.0, 1.7574844551925173
11.0, 1.7914886837622996
12.0, 1.8220828758014715
13.0, 1.8577519842030954
14.0, 1.883754113118085
15.0, 1.9103069950024358
16.0, 1.9352793326648725
17.0, 1.9626995179340556
18.0, 1.9840746713004735
19.0, 2.0031839007254595
20.0, 2.0223643644232263
21.0, 1.993458771586743
22.0, 1.9535507034630117
23.0, 1.9104421019323368
24.0, 1.8636932556154635
25.0, 1.8135716099781882
26.0, 1.7601987829575179
27.0, 1.7038984859747714
28.0, 1.6448522139179855
29.0, 1.583494554674555
30.0, 1.5200929014860136
31.0, 1.4552203107053396
32.0, 1.389275387905042
33.0, 1.323010182337345
34.0, 1.257023789276868
35.0, 1.192327917842245
36.0, 1.1298327928119016
37.0, 1.0709005221919248
38.0, 1.0168314348826146
39.0, 0.9692831215693286
40.0, 0.9298895579523265
41.0, 0.9301725148395716
42.0, 0.8597041040709592
43.0, 0.8380818094353948
44.0, 0.7929304085899636
45.0, 0.74638475655793
46.0, 0.6983642699093896
47.0, 0.6486130744456546
48.0, 0.5976404689208878
49.0, 0.5469054205828837
50.0, 0.496902022147053
51.0, 0.4479674849716594
52.0, 0.40103526054911054
53.0, 0.3568368930840379
54.0, 0.31746691289182
55.0, 0.28521671722679465
56.0, 0.2644626246180917
57.0, 0.29588149485856696
58.0, 0.3481100800233105
59.0, 0.41660029095405077
60.0, 0.4987210353679391
61.0, 0.5885323181676131
62.0, 0.6796107957857471
63.0, 0.7664514245857955
64.0, 0.83842171843625
65.0, 0.9005801750706945
66.0, 0.9597977022292027
67.0, 1.0143084799469984
68.0, 1.066899582203152
69.0, 1.1171667116146065
70.0, 1.1670013652147806
71.0, 1.2182958822795644
72.0, 1.2759120126349386
73.0, 1.3386275185632672
74.0, 1.4106932550945557
75.0, 1.4936879196480308
76.0, 1.5859143422963655
77.0, 1.6829031015751907
78.0, 1.7806921852142832
79.0, 1.8730337726577235
80.0, 1.953732705846659
81.0, 2.018147429431634
82.0, 2.081232475038429
83.0, 2.141029226920345
84.0, 2.199547964919656
85.0, 2.257612211233155
86.0, 2.32348278755142
87.0, 2.372771079652081
88.0, 2.4123361952906746
89.0, 2.458354918577054
90.0, 2.509038417576777
91.0, 2.5754965324756953
92.0, 2.6740929392751562
93.0, 2.781073656677595
94.0, 2.8868620363350574
95.0, 2.9896569175818515
96.0, 3.081240054527268
97.0, 3.1563505363228197
98.0, 3.2234882045633557
99.0, 3.291220134223008
100.0, 3.3550661527163084
101.0, 3.419171079135217
102.0, 3.4806770590427414
103.0, 3.543552472805998
104.0, 3.6114550879919594
105.0, 3.686167655207601
106.0, 3.7663932743483515
107.0, 3.857398270309404
108.0, 3.9513265976800587
109.0, 4.0585434440306285
110.0, 4.1651551818962185
111.0, 4.269106499257768
112.0, 4.365653264574141
113.0, 4.443343508638673
114.0, 4.510048687382993
115.0, 4.579070343139929
116.0, 4.622587657129228
117.0, 4.667668853487259
118.0, 4.709634286009225
119.0, 4.752083507505205
120.0, 4.79190011890867
121.0, 4.831951777220705
122.0, 4.867954484775575
123.0, 4.903548828131793
124.0, 4.938413306135652
125.0, 4.96669939425147
126.0, 4.993656520765053
127.0, 5.0188211456634795
128.0, 5.04026452646527
129.0, 5.06034607957279
130.0, 5.075350274024942
131.0, 5.089138846373654
132.0, 5.097675633264495
133.0, 5.104657876142173
134.0, 5.106801522422255
135.0, 5.107384342336279
136.0, 5.102634446118913
137.0, 5.0961576635800805
138.0, 5.08511112611363
139.0, 5.072640109387033
140.0, 5.0549035883247475
141.0, 5.035541480309975
142.0, 5.012135070666984
143.0, 4.350004639312318
144.0, 4.331995242949116
145.0, 4.315364914406232
146.0, 4.303346980448677
147.0, 4.292282424297583
148.0, 4.286163196829853
149.0, 4.281080894485317
150.0, 4.2810744349129415
151.0, 4.196866582206856
152.0, 4.098767345188299
153.0, 4.032259501140324
154.0, 3.9481584558777865
155.0, 3.8522549898289746
156.0, 3.783203484150627
157.0, 3.698633802830838
158.0, 3.6158258291592014
159.0, 3.5318012237666547
160.0, 3.449209278010306
161.0, 3.3650738505622138
162.0, 3.282947305850067
163.0, 3.1988218601916234
164.0, 3.1167083278866543
165.0, 3.0326062976883454
166.0, 2.9505185155658737
167.0, 2.950980792360738
168.0, 2.8687620630201245
169.0, 2.7845706497235923
170.0, 2.702363904032987
171.0, 2.6181893330304993
172.0, 2.5360006676578366
173.0, 2.451846840719948
174.0, 2.457708660546528
175.0, 2.3743074640017214
176.0, 2.2928926621868637
177.0, 2.3003693229028825
178.0, 2.3128429012972935
179.0, 2.3265590910882628
180.0, 2.3448030084996807
181.0, 2.2726689114533962
182.0, 2.2555178772538143
183.0, 2.2395302974932814
184.0, 2.2282992739208014
185.0, 2.2183560055840514
186.0, 2.213558944486354
187.0, 2.210096801824615
188.0, 2.211954555001823
189.0, 2.2151245249235125
190.0, 2.2235589310649306
191.0, 2.233211019467462
192.0, 2.1588157493777738
193.0, 2.1720611636866534
194.0, 2.1022094658990493
195.0, 2.0314717649454948
196.0, 1.963600860426321
197.0, 1.8951055140934245
198.0, 1.829678606018949
199.0, 1.763952551792329
200.0, 1.7015503282111777
201.0, 1.639264044392182
202.0, 1.5806263181132743
203.0, 1.5226296067718406
204.0, 1.4686869058847771
205.0, 1.4160405585743798
206.0, 1.3679394374414682
207.0, 1.3219291303146872
208.0, 1.2810274452001653
209.0, 1.243132323849388
210.0, 1.2109335068998461
211.0, 1.1827149337102394
212.0, 1.1607084994967591
213.0, 1.1435938196738564
214.0, 1.1329977084960614
215.0, 1.1279869166796639
216.0, 1.1294594805005984
217.0, 1.1629561823871728
218.0, 1.1770529866433532
219.0, 1.1968946104641314
220.0, 1.1637450377750498
221.0, 1.1303145524801759
222.0, 1.0968182645195552
223.0, 1.0631740692368372
224.0, 1.030284024374645
225.0, 0.9974333213707345
226.0, 0.9662549850048266
227.0, 0.9353946663517768
228.0, 0.9072163881029053
229.0, 0.8797338711693045
230.0, 0.8559958261233831
231.0, 0.8334152264028701
232.0, 0.8156090333278174
233.0, 0.7994447797812952
234.0, 0.788911721095144
235.0, 0.780425374730414
236.0, 0.7780808682241283
237.0, 0.7779917573541643
238.0, 0.7840737212954617
239.0, 0.7923611910833823
240.0, 0.8063530763121045
241.0, 0.8062295352412987
242.0, 0.8066751528399766
243.0, 0.8241374572696819
244.0, 0.840863678577049
245.0, 0.8607880446610869
246.0, 0.8838847435529255
247.0, 0.9098247751411997
248.0, 0.9353912928575073
249.0, 0.9654861824136551
250.0, 0.9979049831821537
251.0, 1.0318666724572063
252.0, 1.0670873224418884
253.0, 1.1032740290764378
254.0, 1.1401614354868075
255.0, 1.1774833858521452
256.0, 1.208062407647729
257.0, 1.2315405657817173
258.0, 1.2504475856582198
259.0, 1.2656057008218589
260.0, 1.2792121277340873
261.0, 1.2885662915427112
262.0, 1.299393817754822
263.0, 1.2760322194530627
264.0, 1.239659329590246
265.0, 1.2015409965347135
266.0, 1.1609582192030108
267.0, 1.1182786378321166
268.0, 1.073409228728288
269.0, 1.0267476862378584
270.0, 0.9781892935346133
271.0, 0.9282217753242034
272.0, 0.8767511802791718
273.0, 0.8243683296036893
274.0, 0.7697589537159321
275.0, 0.7147464423430545
276.0, 0.6511004696727553
277.0, 0.5970357411747063
278.0, 0.5328698920809154
279.0, 0.49057641774070326
280.0, 0.4459990984780473
281.0, 0.4009013923574415
282.0, 0.3677535510428671
ee_box_dist
0.0, 0.5575707657653017
1.0, 0.613147673732866
2.0, 0.643669054619358
3.0, 0.6829850393465733
4.0, 0.7215914679964378
5.0, 0.7593088885288988
6.0, 0.7975661661888243
7.0, 0.8340325932988084
8.0, 0.8685607790639858
9.0, 0.900194600470691
10.0, 0.9347090773206512
11.0, 0.9650106462915947
12.0, 0.9915569962529335
13.0, 1.0227306984263254
14.0, 1.0446581099994867
15.0, 1.0670897416995868
16.0, 1.087893334531548
17.0, 1.1110065797595232
18.0, 1.1287440578766348
19.0, 1.1443998494533076
20.0, 1.1601856176947243
21.0, 1.1402818682640823
22.0, 1.1129904698747044
23.0, 1.083055530178118
24.0, 1.0501188429025952
25.0, 1.0143440177702014
26.0, 0.9757334006638008
27.0, 0.9343944772235523
28.0, 0.890381004044839
29.0, 0.8438714570946843
30.0, 0.7948505774980436
31.0, 0.7436131467966437
32.0, 0.6900475040369914
33.0, 0.6345906372184901
34.0, 0.5771102636342079
35.0, 0.5181108036082724
36.0, 0.45747661264729084
37.0, 0.3956949583952035
38.0, 0.33286071307174037
39.0, 0.269725835562939
40.0, 0.20707453835975037
41.0, 0.08025356375237407
42.0, 0.08271631712127914
43.0, 0.08273566049874369
44.0, 0.08296377616813799
45.0, 0.08302345579377646
46.0, 0.08297776810413318
47.0, 0.08302343973882609
48.0, 0.08298334373354228
49.0, 0.08200307542111944
50.0, 0.08230881846709966
51.0, 0.0818294986239131
52.0, 0.08218266027140146
53.0, 0.08169675838375086
54.0, 0.08206240190989518
55.0, 0.08157002461355889
56.0, 0.08194711432789499
57.0, 0.08144983079749844
58.0, 0.0818383156061461
59.0, 0.08133576387511267
60.0, 0.08173527985022899
61.0, 0.0812278508792568
62.0, 0.0816372975690739
63.0, 0.08112573163230931
64.0, 0.08154375996747087
65.0, 0.08102801629254223
66.0, 0.08231776590256268
67.0, 0.08235545543234198
68.0, 0.08238185547822267
69.0, 0.08239025750974656
70.0, 0.08241502321909198
71.0, 0.08242215729289683
72.0, 0.08244823372132791
73.0, 0.0824547718990416
74.0, 0.08248189139259945
75.0, 0.08248802731752428
76.0, 0.08251607272250891
77.0, 0.08252179857818569
78.0, 0.08255082044466003
79.0, 0.08255673632158092
80.0, 0.08258592323716923
81.0, 0.08259233360367507
82.0, 0.08262145346588372
83.0, 0.08262840671680122
84.0, 0.08265748209988802
85.0, 0.08494642000856112
86.0, 0.12031253682749536
87.0, 0.14025121060563778
88.0, 0.1364253545421554
89.0, 0.13370373078299996
90.0, 0.1268056112092958
91.0, 0.12534384450644143
92.0, 0.12424094908029261
93.0, 0.12485554793441275
94.0, 0.12400313750169052
95.0, 0.1251748824223782
96.0, 0.12451297256723724
97.0, 0.12485695311699863
98.0, 0.12399871410401928
99.0, 0.12518157289673865
100.0, 0.12452165917808856
101.0, 0.12486310296060205
102.0, 0.124006512682396
103.0, 0.12517084306342857
104.0, 0.12450781834000081
105.0, 0.12485308394919552
106.0, 0.12269140802108143
107.0, 0.1234873969926367
108.0, 0.12413112393337658
109.0, 0.12480267066335014
110.0, 0.12394049204606243
111.0, 0.12526343123837877
112.0, 0.1246446516878869
113.0, 0.1249400704144403
114.0, 0.1241006724229123
115.0, 0.12503851019809398
116.0, 0.12423990613337053
117.0, 0.12484451883023295
118.0, 0.12399013217136115
119.0, 0.12519316795036
120.0, 0.12453643220106582
121.0, 0.12487384274848798
122.0, 0.1240195939259303
123.0, 0.1251522765378427
124.0, 0.12211017005634672
125.0, 0.12417277244351822
126.0, 0.12387986629465336
127.0, 0.1253404110484763
128.0, 0.12474615676350691
129.0, 0.12501195620116606
130.0, 0.12418903650570079
131.0, 0.12491541599444357
132.0, 0.1240812878681044
133.0, 0.12506502322235596
134.0, 0.12436429081771687
135.0, 0.1248734147691899
136.0, 0.12402358336855954
137.0, 0.12514641438777466
138.0, 0.12447602055834886
139.0, 0.12483050525852321
140.0, 0.12396601286843055
141.0, 0.12522753209614532
142.0, 0.1245974170364851
143.0, 0.12113104103373967
144.0, 0.12056002260253182
145.0, 0.12046008435289285
146.0, 0.12054052481397531
147.0, 0.12046148912358759
148.0, 0.12054114497444786
149.0, 0.12046149362672767
150.0, 0.12054036437033025
151.0, 0.12046143901229427
152.0, 0.0946655259651554
153.0, 0.12080727834315376
154.0, 0.12054685534865421
155.0, 0.07877152873802652
156.0, 0.12048109909435586
157.0, 0.12168370858595863
158.0, 0.12083835075306879
159.0, 0.12099816540560866
160.0, 0.12054843891832592
161.0, 0.12044502060595279
162.0, 0.12054026913751731
163.0, 0.12046208313534927
164.0, 0.12054067848368105
165.0, 0.12046167211443105
166.0, 0.12054099672119108
167.0, 0.12046037830604354
168.0, 0.12053982863466674
169.0, 0.1204605223544485
170.0, 0.12053991533789027
171.0, 0.12046121332778713
172.0, 0.12053973748007506
173.0, 0.1204609912182805
174.0, 0.12053871197586766
175.0, 0.1204601735229762
176.0, 0.12053932691141253
177.0, 0.12045884286268843
178.0, 0.12053708378830959
179.0, 0.12045727350206688
180.0, 0.12053504683666634
181.0, 0.12045696470641094
182.0, 0.12053594181856062
183.0, 0.12045742764403664
184.0, 0.12053794091767023
185.0, 0.1204590995527352
186.0, 0.12053993894768228
187.0, 0.12046050883508298
188.0, 0.12054091717663994
189.0, 0.12046146035763537
190.0, 0.12054093486516601
191.0, 0.12046141717122391
192.0, 0.12054079302877523
193.0, 0.12046106672450987
194.0, 0.12054029913201436
195.0, 0.1204613803612199
196.0, 0.12054031566592854
197.0, 0.12046155776522663
198.0, 0.1205403549693132
199.0, 0.12046145501274763
200.0, 0.12054032784396129
201.0, 0.12046146682346033
202.0, 0.12054027636300263
203.0, 0.12046141544720775
204.0, 0.12054027636300263
205.0, 0.12046141544720775
206.0, 0.12054021429201305
207.0, 0.1204616952596567
208.0, 0.12054011133000618
209.0, 0.12046197507337272
210.0, 0.12054016281100588
211.0, 0.12046197507337272
212.0, 0.12054038991536399
213.0, 0.1204616952596567
214.0, 0.12054038991536399
215.0, 0.12046174663581945
216.0, 0.12054044139627415
217.0, 0.1204602090322429
218.0, 0.12053991915741377
219.0, 0.12046130588194148
220.0, 0.1205404878311299
221.0, 0.12046121479250732
222.0, 0.12054101522697895
223.0, 0.12046114686608984
224.0, 0.12054114713900667
225.0, 0.12046074177686883
226.0, 0.1205397674490773
227.0, 0.12045967885308104
228.0, 0.12053803660557066
229.0, 0.12045809645526923
230.0, 0.1205358725158321
231.0, 0.12045657326356042
232.0, 0.12053457406192856
233.0, 0.12045552584615858
234.0, 0.12053381122554188
235.0, 0.12045508180098269
236.0, 0.1205342782434849
237.0, 0.12045609213124522
238.0, 0.12053546952658739
239.0, 0.12045713622464689
240.0, 0.12053728940004649
241.0, 0.12517231670482482
242.0, 0.12472212845801701
243.0, 0.0843373461160186
244.0, 0.08335977415857561
245.0, 0.08338107195366216
246.0, 0.08318806715926844
247.0, 0.08322562423883131
248.0, 0.08294036981221971
249.0, 0.08307034957421985
250.0, 0.08285347589094487
251.0, 0.08287269889940026
252.0, 0.08263532668115613
253.0, 0.0826442433863932
254.0, 0.08239651258566731
255.0, 0.08239474481841517
256.0, 0.07434120050036089
257.0, 0.06365386881801367
258.0, 0.05600652687112407
259.0, 0.047465767004937105
260.0, 0.04385826186493813
261.0, 0.036607848479316425
262.0, 0.03625546063338545
263.0, 0.078471770137884
264.0, 0.07986124082905403
265.0, 0.08010240554664251
266.0, 0.08050063487455335
267.0, 0.08069517357174559
268.0, 0.0810509953095856
269.0, 0.0812122924853342
270.0, 0.08151513651181852
271.0, 0.08163185543544589
272.0, 0.08187529670669616
273.0, 0.0819405277555751
274.0, 0.08229813336708146
275.0, 0.08210486455110473
276.0, 0.08160551352403714
277.0, 0.08218452354392308
278.0, 0.08235283306060583
279.0, 0.08211813415960235
280.0, 0.08209133488121387
281.0, 0.08191575309195331
282.0, 0.08060835508337282
spot_hold
0, 0
1, 0
2, 0
3, 0
4, 0
5, 0
6, 0
7, 0
8, 0
9, 0
10, 0
11, 0
12, 0
13, 0
14, 0
15, 0
16, 0
17, 0
18, 0
19, 0
20, 0
21, 0
22, 0
23, 0
24, 0
25, 0
26, 0
27, 0
28, 0
29, 0
30, 0
31, 0
32, 0
33, 0
34, 0
35, 0
36, 0
37, 0
38, 0
39, 0
40, 0
41, 1
42, 1
43, 1
44, 1
45, 1
46, 1
47, 1
48, 1
49, 1
50, 1
51, 1
52, 1
53, 1
54, 1
55, 1
56, 1
57, 1
58, 1
59, 1
60, 1
61, 1
62, 1
63, 1
64, 1
65, 1
66, 1
67, 1
68, 1
69, 1
70, 1
71, 1
72, 1
73, 1
74, 1
75, 1
76, 1
77, 1
78, 1
79, 1
80, 1
81, 1
82, 1
83, 1
84, 1
85, 1
86, 1
87, 1
88, 1
89, 1
90, 1
91, 1
92, 1
93, 1
94, 1
95, 1
96, 1
97, 1
98, 1
99, 1
100, 1
101, 1
102, 1
103, 1
104, 1
105, 1
106, 1
107, 1
108, 1
109, 1
110, 1
111, 1
112, 1
113, 1
114, 1
115, 1
116, 1
117, 1
118, 1
119, 1
120, 1
121, 1
122, 1
123, 1
124, 1
125, 1
126, 1
127, 1
128, 1
129, 1
130, 1
131, 1
132, 1
133, 1
134, 1
135, 1
136, 1
137, 1
138, 1
139, 1
140, 1
141, 1
142, 1
143, 1
144, 1
145, 1
146, 1
147, 1
148, 1
149, 1
150, 1
151, 1
152, 1
153, 1
154, 1
155, 1
156, 1
157, 1
158, 1
159, 1
160, 1
161, 1
162, 1
163, 1
164, 1
165, 1
166, 1
167, 1
168, 1
169, 1
170, 1
171, 1
172, 1
173, 1
174, 1
175, 1
176, 1
177, 1
178, 1
179, 1
180, 1
181, 1
182, 1
183, 1
184, 1
185, 1
186, 1
187, 1
188, 1
189, 1
190, 1
191, 1
192, 1
193, 1
194, 1
195, 1
196, 1
197, 1
198, 1
199, 1
200, 1
201, 1
202, 1
203, 1
204, 1
205, 1
206, 1
207, 1
208, 1
209, 1
210, 1
211, 1
212, 1
213, 1
214, 1
215, 1
216, 1
217, 1
218, 1
219, 1
220, 1
221, 1
222, 1
223, 1
224, 1
225, 1
226, 1
227, 1
228, 1
229, 1
230, 1
231, 1
232, 1
233, 1
234, 1
235, 1
236, 1
237, 1
238, 1
239, 1
240, 1
241, 1
242, 1
243, 1
244, 1
245, 1
246, 1
247, 1
248, 1
249, 1
250, 1
251, 1
252, 1
253, 1
254, 1
255, 1
256, 1
257, 1
258, 1
259, 1
260, 1
261, 1
262, 1
263, 1
264, 1
265, 1
266, 1
267, 1
268, 1
269, 1
270, 1
271, 1
272, 1
273, 1
274, 1
275, 1
276, 1
277, 1
278, 1
279, 1
280, 1
281, 1
282, 1
