bot_dist
0.0, 4.035253406829074
1.0, 4.042460217668299
2.0, 4.049678896549026
3.0, 4.056909380118907
4.0, 4.064151605373198
5.0, 4.071405509653496
6.0, 4.078671030646462
7.0, 4.085948106382536
8.0, 4.093236675234639
9.0, 4.100536675916866
10.0, 4.10784804748317
11.0, 4.115170729326035
12.0, 4.122504661175144
13.0, 4.129849783096031
14.0, 4.137206035488734
15.0, 4.144573359086434
16.0, 4.15195169495409
17.0, 4.159340984487063
18.0, 4.166741169409734
19.0, 4.174152191774125
20.0, 4.181573993958493
21.0, 4.189006518665943
22.0, 4.196449708923018
23.0, 4.203903508078288
24.0, 4.211367859800935
25.0, 4.2188427080793405
26.0, 4.22632799721965
27.0, 4.233823671844356
28.0, 4.24132967689086
29.0, 4.248845957610038
30.0, 4.256372459564802
31.0, 4.263909128628659
32.0, 4.271455910984266
33.0, 4.279012753121984
34.0, 4.286579601838424
35.0, 4.294156404235001
36.0, 4.301743107716478
37.0, 4.309339659989509
38.0, 4.316946009061185
39.0, 4.324562103237579
40.0, 4.332187891122279
41.0, 4.339823321614936
42.0, 4.3474683439098
43.0, 4.355122907494262
44.0, 4.362786962147391
45.0, 4.370460457938474
46.0, 4.378143345225557
47.0, 4.38583557465398
48.0, 4.3935370971549235
49.0, 4.401247863943946
50.0, 4.408967826519527
51.0, 4.416696936661608
52.0, 4.4244351464301355
53.0, 4.432182408163614
54.0, 4.439938674477645
55.0, 4.447703898263477
56.0, 4.455478032686558
57.0, 4.463261031185087
58.0, 4.471052847468567
59.0, 4.4788534355163625
60.0, 4.486662749576258
61.0, 4.494480744163023
62.0, 4.502307374056966
63.0, 4.510142594302513
64.0, 4.517986360206767
65.0, 4.525838627338089
66.0, 4.533699351524666
67.0, 4.541568488853093
68.0, 4.549445995666954
69.0, 4.557331828565409
70.0, 4.565225944401778
71.0, 4.573128300282141
72.0, 4.581038853563923
73.0, 4.588957561854504
74.0, 4.596884383009815
75.0, 4.604819275132952
76.0, 4.6127621965727785
77.0, 4.620713105922549
78.0, 4.628671962018527
79.0, 4.636638723938602
80.0, 4.644613351000928
81.0, 4.652595802762549
82.0, 4.660586039018036
83.0, 4.668584019798135
84.0, 4.676589705368401
85.0, 4.684603056227864
86.0, 4.6926240331076725
87.0, 4.700652596969755
88.0, 4.708688709005495
89.0, 4.716732330634387
90.0, 4.7247834235027195
91.0, 4.732841949482255
92.0, 4.740907870668914
93.0, 4.748981149381457
94.0, 4.757061748160196
95.0, 4.765149629765678
96.0, 4.773244757177402
97.0, 4.781347093592521
98.0, 4.7894566024245675
99.0, 4.797573247302165
100.0, 4.805696992067762
101.0, 4.805696992067762
102.0, 4.805696992067762
103.0, 4.805696992067762
104.0, 4.805696992067762
105.0, 4.805696992067762
106.0, 4.805696992067762
107.0, 4.805696992067762
108.0, 4.805696992067762
109.0, 4.805696992067762
110.0, 4.805696992067762
111.0, 4.805696992067762
112.0, 4.805696992067762
113.0, 4.805696992067762
114.0, 4.805696992067762
115.0, 4.805696992067762
116.0, 4.805696992067762
117.0, 4.805696992067762
118.0, 4.805696992067762
119.0, 4.805696992067762
120.0, 4.805696992067762
121.0, 4.805696992067762
122.0, 4.805696992067762
123.0, 4.805696992067762
124.0, 4.805696992067762
125.0, 4.805696992067762
126.0, 4.805696992067762
127.0, 4.805696992067762
128.0, 4.805696992067762
129.0, 4.805696992067762
130.0, 4.805696992067762
131.0, 4.797573247302165
132.0, 4.7894566024245675
133.0, 4.781347093592521
134.0, 4.773244757177402
135.0, 4.765149629765678
136.0, 4.757061748160196
137.0, 4.748981149381457
138.0, 4.740907870668914
139.0, 4.732841949482255
140.0, 4.7247834235027195
141.0, 4.716732330634387
142.0, 4.708688709005495
143.0, 4.70410452069491
144.0, 4.696081858349947
145.0, 4.688066797587597
146.0, 4.680059377463228
147.0, 4.672059637262595
148.0, 4.664067616503176
149.0, 4.656083354935506
150.0, 4.648106892544518
151.0, 4.559609331238865
152.0, 4.4711664049378275
153.0, 4.3827813857769415
154.0, 4.294457887103903
155.0, 4.206199784417386
156.0, 4.118011282462044
157.0, 4.029896950576329
158.0, 3.941861762641097
159.0, 3.8539111423341654
160.0, 3.7660510145204844
161.0, 3.678287863756993
162.0, 3.590628801071071
163.0, 3.503081640388652
164.0, 3.4156549862512313
165.0, 3.3283583347809214
166.0, 3.2412021902430324
167.0, 3.232813572179186
168.0, 3.1437685088991896
169.0, 3.0548062298411653
170.0, 2.9659340433755514
171.0, 2.877160298085456
172.0, 2.7884943958257886
173.0, 2.6999469612701583
174.0, 2.6913988486637477
175.0, 2.6012955464035272
176.0, 2.51125611606245
177.0, 2.5026766650149317
178.0, 2.494107796062149
179.0, 2.485549618648611
180.0, 2.4770022435938657
181.0, 2.3862180630838083
182.0, 2.377720079598696
183.0, 2.3692338231767565
184.0, 2.3607594202843285
185.0, 2.3522969990322604
186.0, 2.3438466891991223
187.0, 2.3354086222547283
188.0, 2.2487825344142087
189.0, 2.2403059326879635
190.0, 2.15659747778228
191.0, 2.0733506015186998
192.0, 1.9906229864311187
193.0, 1.9084821594782768
194.0, 1.8270072669901218
195.0, 1.7462915208725869
196.0, 1.6664452345508385
197.0, 1.587599598542351
198.0, 1.5099113790138143
199.0, 1.4335687570911588
200.0, 1.35879855452871
201.0, 1.2858750965469632
202.0, 1.2151309138109114
203.0, 1.1469693252773365
204.0, 1.0818785746119037
205.0, 1.0204464654896646
206.0, 0.9633731620225586
207.0, 0.9114778282159502
208.0, 0.8656921710412523
209.0, 0.8270315352656732
210.0, 0.7965340590926449
211.0, 0.7751637297676062
212.0, 0.763687347720187
213.0, 0.7557154476420118
214.0, 0.7619305407532273
215.0, 0.7782414454752498
216.0, 0.7718468928975997
217.0, 0.7655295580932728
218.0, 0.7592913684296793
219.0, 0.7531342905801586
220.0, 0.7470603300551256
221.0, 0.7410715305926938
222.0, 0.7351699733982973
223.0, 0.7293577762226429
224.0, 0.7236370922672185
225.0, 0.7180101089065539
226.0, 0.7124790462165035
227.0, 0.7070461552980019
228.0, 0.7017137163860514
229.0, 0.6964840367341467
230.0, 0.691359448264932
231.0, 0.691359448264932
232.0, 0.691359448264932
233.0, 0.691359448264932
234.0, 0.691359448264932
235.0, 0.691359448264932
236.0, 0.691359448264932
237.0, 0.691359448264932
238.0, 0.691359448264932
239.0, 0.691359448264932
240.0, 0.691359448264932
241.0, 0.691359448264932
242.0, 0.691359448264932
243.0, 0.691359448264932
244.0, 0.691359448264932
245.0, 0.691359448264932
246.0, 0.691359448264932
247.0, 0.691359448264932
248.0, 0.691359448264932
249.0, 0.691359448264932
250.0, 0.691359448264932
251.0, 0.691359448264932
252.0, 0.691359448264932
253.0, 0.691359448264932
254.0, 0.691359448264932
255.0, 0.691359448264932
256.0, 0.691359448264932
257.0, 0.691359448264932
258.0, 0.691359448264932
259.0, 0.691359448264932
260.0, 0.691359448264932
261.0, 0.6964840367341467
262.0, 0.7017137163860514
263.0, 0.7070461552980019
264.0, 0.7124790462165035
265.0, 0.7180101089065539
266.0, 0.7236370922672185
267.0, 0.7293577762226429
268.0, 0.7351699733982973
269.0, 0.7410715305926938
270.0, 0.7470603300551256
271.0, 0.7531342905801586
272.0, 0.7592913684296793
273.0, 0.7655295580932728
274.0, 0.7718468928975997
275.0, 0.7782414454752498
276.0, 0.7847113281033122
277.0, 0.7912546929215982
278.0, 0.797869732040119
279.0, 0.8045546775450508
280.0, 0.811307801412017
281.0, 0.818127415335112
282.0, 0.8250118704796626
ee_dist
0.0, 1.5724916593203253
1.0, 1.6413375876765068
2.0, 1.7545911373210172
3.0, 1.8493039739389168
4.0, 1.8821198711718716
5.0, 1.9080215539019973
6.0, 1.9398534614490706
7.0, 1.9733528483968108
8.0, 2.0083724858862473
9.0, 2.0423888753421147
10.0, 2.076199408176254
11.0, 2.1083495895422844
12.0, 2.1394549229155113
13.0, 2.168011645784125
14.0, 2.195436558565224
15.0, 2.2203352893542085
16.0, 2.2447636728260423
17.0, 2.266120219709617
18.0, 2.287478406616204
19.0, 2.3058559359073314
20.0, 2.324697027265758
21.0, 2.294954083523934
22.0, 2.2533094272234755
23.0, 2.208540002141929
24.0, 2.160195705899114
25.0, 2.1085857148603155
26.0, 2.053884032503805
27.0, 1.9964623274683904
28.0, 1.9365700037709954
29.0, 1.8746989400639806
30.0, 1.8111968299842833
31.0, 1.7467000073246675
32.0, 1.681693694743866
33.0, 1.6169841943046404
34.0, 1.5532438208702786
35.0, 1.4914914592424249
36.0, 1.4326398416144106
37.0, 1.377937332234151
38.0, 1.328528158017529
39.0, 1.285763682239902
40.0, 1.2508965045328064
41.0, 1.2636490870401593
42.0, 1.1167184273124522
43.0, 0.7134456357146004
44.0, 0.6667781763436265
45.0, 0.6205591661256737
46.0, 0.5749678222089618
47.0, 0.5302911990489535
48.0, 0.48790380793101823
49.0, 0.4488980222053423
50.0, 0.41533521021326325
51.0, 0.3895872160189788
52.0, 0.37391342253825977
53.0, 0.36953128109824823
54.0, 0.37734377158339044
55.0, 0.3967839254542252
56.0, 0.42659167086193034
57.0, 0.4644045043256542
58.0, 0.43432293224935853
59.0, 0.37624586076084876
60.0, 0.3218268415669985
61.0, 0.2833980265438128
62.0, 0.27813908079649136
63.0, 0.3094826535184479
64.0, 0.362570193096585
65.0, 0.4174790467546972
66.0, 0.4745790688774142
67.0, 0.5311728350132046
68.0, 0.5818592340994481
69.0, 0.6306056310480902
70.0, 0.6775046526430455
71.0, 0.7230761138394558
72.0, 0.7671930022402996
73.0, 0.8197081799364491
74.0, 0.8766556771825695
75.0, 0.9453489199681425
76.0, 1.0239726003594967
77.0, 1.112889938850962
78.0, 1.20769523705588
79.0, 1.3035573489662136
80.0, 1.3956683222417658
81.0, 1.474517222970111
82.0, 1.5399370557699976
83.0, 1.6050952693315221
84.0, 1.6665154718051691
85.0, 1.7263719392791117
86.0, 1.774825562982535
87.0, 1.8033009662981367
88.0, 1.83248511601321
89.0, 1.870977545468188
90.0, 1.9201234519725663
91.0, 2.001010339489055
92.0, 2.091264677287898
93.0, 2.190180956611981
94.0, 2.2946462283578617
95.0, 2.4007996995295864
96.0, 2.5011182468370223
97.0, 2.591699885140467
98.0, 2.6639545085256096
99.0, 2.7335421404066356
100.0, 2.7996115229399097
101.0, 2.864343889132281
102.0, 2.926896554653985
103.0, 2.989446914104355
104.0, 3.05138525114911
105.0, 3.1205842219473663
106.0, 3.1931868117048414
107.0, 3.273514989761616
108.0, 3.363157026019275
109.0, 3.462338054441337
110.0, 3.5672680370270884
111.0, 3.6754230330129674
112.0, 3.777670818032094
113.0, 3.873023788216881
114.0, 3.9477708341710893
115.0, 4.016401139469156
116.0, 4.08346597569109
117.0, 4.148422443246625
118.0, 4.210975603126929
119.0, 4.274808959219697
120.0, 4.336261047842215
121.0, 4.404694588593446
122.0, 4.477418777973704
123.0, 4.554677852733701
124.0, 4.643397778148084
125.0, 4.741338393476298
126.0, 4.787953019760181
127.0, 4.835329471912206
128.0, 4.8812702359177385
129.0, 4.927352427240892
130.0, 4.971405988796396
131.0, 5.01503372665126
132.0, 5.05609879592586
133.0, 5.096227356759466
134.0, 5.133324333168597
135.0, 5.169039343207931
136.0, 5.20132015516053
137.0, 5.23183969018802
138.0, 5.258590759947745
139.0, 5.283271670465402
140.0, 5.303920640432927
141.0, 5.32225943385161
142.0, 5.336371498295936
143.0, 4.682921181823117
144.0, 4.656165985954809
145.0, 4.6683113864929435
146.0, 4.663708694863153
147.0, 4.656388676426216
148.0, 4.663718887417809
149.0, 4.667093709890112
150.0, 4.67403553167559
151.0, 4.59255488125055
152.0, 4.51214091909913
153.0, 4.4308299462447645
154.0, 4.350605232909023
155.0, 4.269489474575227
156.0, 4.189471204185745
157.0, 4.108575039254636
158.0, 4.028787368796469
159.0, 3.9481381496077024
160.0, 3.868609823881523
161.0, 3.7882392292165847
162.0, 3.7090041642033125
163.0, 3.6289495021052987
164.0, 3.550047524316911
165.0, 3.4703526183057583
166.0, 3.391831153510737
167.0, 3.4028918504300596
168.0, 3.3273767068946403
169.0, 3.2512818938955994
170.0, 3.1765085858043394
171.0, 3.1012178593947457
172.0, 3.0272980506658635
173.0, 2.9529351570339917
174.0, 2.9690722241426797
175.0, 2.8992001450287854
176.0, 2.8309424822736178
177.0, 2.8491559739450647
178.0, 2.8701536580942775
179.0, 2.8922112910329645
180.0, 2.9165504683243344
181.0, 2.8699756353205528
182.0, 2.845871994837536
183.0, 2.8226641036197164
184.0, 2.801931624208487
185.0, 2.7823536750551567
186.0, 2.7657300042562767
187.0, 2.750491569689334
188.0, 2.6762027850438623
189.0, 2.663007241712416
190.0, 2.5860401303044327
191.0, 2.5084966890603795
192.0, 2.4323157554045967
193.0, 2.3556441129645274
194.0, 2.280410514385843
195.0, 2.2047944031100815
196.0, 2.130713459376241
197.0, 2.056388341566368
198.0, 1.9837245598938706
199.0, 1.9109953657186551
200.0, 1.8400929312504861
201.0, 1.7693583703053795
202.0, 1.700669383444279
203.0, 1.632455335519107
204.0, 1.5665778734776308
205.0, 1.5015815930755558
206.0, 1.4393097150425649
207.0, 1.3744345180607738
208.0, 1.3208893018458734
209.0, 1.265346298238174
210.0, 1.2137412748310235
211.0, 1.1651570074493092
212.0, 1.1212859948993805
213.0, 1.0961439077262762
214.0, 1.0500115794953804
215.0, 1.0080768322553062
216.0, 0.9829991178378423
217.0, 0.9588830848040898
218.0, 0.9372623234474041
219.0, 0.9170317876578564
220.0, 0.900007444722733
221.0, 0.884798247887791
222.0, 0.8734080138817506
223.0, 0.8641920115160036
224.0, 0.8592178613638116
225.0, 0.8566360571212535
226.0, 0.8584480976534822
227.0, 0.8626828214954817
228.0, 0.8711566731385963
229.0, 0.8707063729683654
230.0, 0.8711566731385963
231.0, 0.8707063729683654
232.0, 0.8711566731385963
233.0, 0.8707063729683654
234.0, 0.8711566731385963
235.0, 0.8707063729683654
236.0, 0.8711566520772072
237.0, 0.8707063729683654
238.0, 0.8711566731385963
239.0, 0.8707063729683654
240.0, 0.8711566520772072
241.0, 0.8707063729683654
242.0, 0.8711566731385963
243.0, 0.8771792878413801
244.0, 0.8882337487384145
245.0, 0.908864190768058
246.0, 0.9304159015769632
247.0, 0.9514722509903819
248.0, 0.973387969129437
249.0, 0.9957057104148898
250.0, 1.0190072283714438
251.0, 1.042496266597122
252.0, 1.0670325031062429
253.0, 1.0915604731707824
254.0, 1.1170347253914343
255.0, 1.1422723847451177
256.0, 1.1682197428274124
257.0, 1.1936863939484206
258.0, 1.2195633923237543
259.0, 1.244746926320897
260.0, 1.2692684197940478
261.0, 1.3024377109455008
262.0, 1.3349650726989604
263.0, 1.3011648907557904
264.0, 1.264274733283444
265.0, 1.2251904638894837
266.0, 1.1839108493254153
267.0, 1.1406306843442924
268.0, 1.0954126755110898
269.0, 1.048497266946885
270.0, 0.9999632127982289
271.0, 0.9500905284875384
272.0, 0.8990528769716192
273.0, 0.8471413424440474
274.0, 0.7946346470415473
275.0, 0.7419462848011613
276.0, 0.6852306514279692
277.0, 0.6325000998627284
278.0, 0.5813813740757079
279.0, 0.5324541135130547
280.0, 0.48682448879771
281.0, 0.4361052543091102
282.0, 0.3783245128762579
ee_box_dist
0.0, 0.7103682212835818
1.0, 0.7648955823219734
2.0, 0.798364076645758
3.0, 0.8265144669481125
4.0, 0.8751841453730089
5.0, 0.9390807992708852
6.0, 1.044946851800517
7.0, 1.2284460247770608
8.0, 1.4945642187668016
9.0, 1.5414311243118106
10.0, 1.6153548201097505
11.0, 1.6620187292056294
12.0, 1.6867330452279317
13.0, 1.7093663616305612
14.0, 1.7296810610451534
15.0, 1.74816481446039
16.0, 1.765995643642097
17.0, 1.7816225515384216
18.0, 1.7970485910228053
19.0, 1.8103289233343773
20.0, 1.8238395106618168
21.0, 1.8146197295241566
22.0, 1.8000732254281977
23.0, 1.7821495864779446
24.0, 1.7605902810093268
25.0, 1.735540362788079
26.0, 1.7069667931923609
27.0, 1.6750509150715684
28.0, 1.6397821649242015
29.0, 1.601403540263268
30.0, 1.5599310991927915
31.0, 1.5156792454398094
32.0, 1.4687340444087955
33.0, 1.419542262585924
34.0, 1.368307800820211
35.0, 1.31547038822413
36.0, 1.261264820422598
37.0, 1.2059298159491134
38.0, 1.1498462643154819
39.0, 1.0938292180553315
40.0, 1.038465788587082
41.0, 1.0494940885227706
42.0, 1.0603066604962856
43.0, 1.0710231241920094
44.0, 1.0815216932590097
45.0, 1.0918840822932723
46.0, 1.1020399766548237
47.0, 1.112018179483255
48.0, 1.1218133569030972
49.0, 1.1313973598076823
50.0, 1.1408134760557902
51.0, 1.1499978887353846
52.0, 1.1589919226122123
53.0, 1.1677034609489307
54.0, 1.1761364872980935
55.0, 1.1841822838130769
56.0, 1.1918407804578681
57.0, 1.1990689796480822
58.0, 1.2058765780000775
59.0, 1.212296629497304
60.0, 1.2182757499468626
61.0, 1.2239125222325595
62.0, 1.2291007866311143
63.0, 1.2339537126627274
64.0, 1.238373574264415
65.0, 1.2424635518773373
66.0, 1.246147191881756
67.0, 1.2495035965010863
68.0, 1.2524614504588132
69.0, 1.2550789485478526
70.0, 1.2572912429683896
71.0, 1.2591558701516374
72.0, 1.260611960320972
73.0, 1.2617171737225787
74.0, 1.2624125979250853
75.0, 1.2627546971086139
76.0, 1.2626860637270056
77.0, 1.2622628564633334
78.0, 1.261427695218537
79.0, 1.2602369887606408
80.0, 1.2586348696148368
81.0, 1.2566757824664774
82.0, 1.25430484584291
83.0, 1.251578907808587
84.0, 1.248441699583047
85.0, 1.244952157944279
86.0, 1.2702840243713074
87.0, 1.3131211620758294
88.0, 1.344338851282169
89.0, 1.3697192045695217
90.0, 1.3868062284056624
91.0, 1.3862375124200375
92.0, 1.386451132465262
93.0, 1.3863669314993625
94.0, 1.3866569656855097
95.0, 1.386360929729096
96.0, 1.3866573335327577
97.0, 1.386361661651384
98.0, 1.386657296070574
99.0, 1.3863617330268385
100.0, 1.3866573335327577
101.0, 1.3863616603653468
102.0, 1.3866573323592912
103.0, 1.3863617353743791
104.0, 1.3866573335327577
105.0, 1.386361734200609
106.0, 1.3866573335327577
107.0, 1.386361696639961
108.0, 1.3866573335327577
109.0, 1.3863617330268385
110.0, 1.3866573335327577
111.0, 1.386361696639961
112.0, 1.3866573335327577
113.0, 1.386361734200609
114.0, 1.3866573323592912
115.0, 1.3863616603653468
116.0, 1.3866573335327577
117.0, 1.386361734200609
118.0, 1.3866573335327577
119.0, 1.386361696639961
120.0, 1.3866573335327577
121.0, 1.3863617330268385
122.0, 1.3866573335327577
123.0, 1.386361696639961
124.0, 1.3866573335327577
125.0, 1.3863617330268385
126.0, 1.3866573323592912
127.0, 1.3863616603653468
128.0, 1.3866573323592912
129.0, 1.3863617330268385
130.0, 1.3866573335327577
131.0, 1.386361695466191
132.0, 1.3866573335327577
133.0, 1.386361734200609
134.0, 1.3866573335327577
135.0, 1.3863616591915766
136.0, 1.3866573335327577
137.0, 1.386361734200609
138.0, 1.3866573323592912
139.0, 1.386361696639961
140.0, 1.3866573335327577
141.0, 1.386361734200609
142.0, 1.3866573323592912
143.0, 1.9705171324441226
144.0, 1.9680073734173058
145.0, 1.9433174660669381
146.0, 1.928402802042427
147.0, 1.9150524784670753
148.0, 1.8942726642255663
149.0, 1.8757234995983132
150.0, 1.855725638178638
151.0, 1.8971988754177072
152.0, 1.9407921646470616
153.0, 1.987531863858322
154.0, 2.0359749431752956
155.0, 2.08728314398556
156.0, 2.139922755583073
157.0, 2.19517066778829
158.0, 2.2514219242571945
159.0, 2.3100546765083294
160.0, 2.369406488468318
161.0, 2.4309435555734624
162.0, 2.4929559516472515
163.0, 2.556985645269043
164.0, 2.62128351465899
165.0, 2.687456186271222
166.0, 2.7537212585344153
167.0, 2.7392316213307293
168.0, 2.8034527482900256
169.0, 2.8694850820715323
170.0, 2.9355595053875736
171.0, 3.003340534176689
172.0, 3.071030372577768
173.0, 3.14033743912599
174.0, 3.1251347068207127
175.0, 3.192175637669475
176.0, 3.2591192283760786
177.0, 3.2436439441517777
178.0, 3.22566458230563
179.0, 3.2069058473624055
180.0, 3.1859327650793428
181.0, 3.2393204603178014
182.0, 3.2592227044591073
183.0, 3.2783837787753676
184.0, 3.29513334618678
185.0, 3.3110320041083523
186.0, 3.3242655309532014
187.0, 3.3365594334555926
188.0, 3.4101137955013936
189.0, 3.42028498382399
190.0, 3.496096335071285
191.0, 3.5731896908819767
192.0, 3.64960732285864
193.0, 3.7272744482657756
194.0, 3.8042256378258097
195.0, 3.8823988863298546
196.0, 3.9598216307849596
197.0, 4.038443073480947
198.0, 4.116284433753529
199.0, 4.195304501589079
200.0, 4.2735187597103215
201.0, 4.3528947055382625
202.0, 4.431442720651101
203.0, 4.511137419799093
204.0, 4.589984820050447
205.0, 4.669966207606652
206.0, 4.749083258806949
207.0, 4.831883020028675
208.0, 4.908801057828966
209.0, 4.989154125617172
210.0, 5.068740209957296
211.0, 5.149426774946082
212.0, 5.229208248896861
213.0, 5.234673583090955
214.0, 5.315416010494218
215.0, 5.397233382780118
216.0, 5.399384733511527
217.0, 5.40030733238733
218.0, 5.3979836357786475
219.0, 5.394423889149344
220.0, 5.387678178648469
221.0, 5.379716511523724
222.0, 5.368704571988806
223.0, 5.356522209544791
224.0, 5.341498473286006
225.0, 5.325379147862774
226.0, 5.306695233160089
227.0, 5.287017424432469
228.0, 5.265118681077261
229.0, 5.265409736756305
230.0, 5.265118681450056
231.0, 5.265409736756305
232.0, 5.265118681450056
233.0, 5.265409736756305
234.0, 5.265118681450056
235.0, 5.265409737129092
236.0, 5.265118657218436
237.0, 5.265409737129092
238.0, 5.265118681450056
239.0, 5.265409736756305
240.0, 5.26511865759123
241.0, 5.265409737129092
242.0, 5.265118681077261
243.0, 5.265016266056619
244.0, 5.267917000864836
245.0, 5.266356739379539
246.0, 5.262974825102174
247.0, 5.260200284511772
248.0, 5.25661357181034
249.0, 5.252310115380514
250.0, 5.24695198590567
251.0, 5.240748160329708
252.0, 5.233290550531891
253.0, 5.2249882572348
254.0, 5.215387358601454
255.0, 5.205101058246865
256.0, 5.193602157456228
257.0, 5.1816695884663915
258.0, 5.168688153055629
259.0, 5.1555396656128805
260.0, 5.1419462347102565
261.0, 5.122968709878356
262.0, 5.104329636063609
263.0, 5.137815944106593
264.0, 5.173044210650563
265.0, 5.208389780913006
266.0, 5.243605460322557
267.0, 5.278435907511386
268.0, 5.312596829041075
269.0, 5.345824762224456
270.0, 5.377864824154573
271.0, 5.40851855547229
272.0, 5.437440909946965
273.0, 5.464572498818506
274.0, 5.489574665119503
275.0, 5.512382934954144
276.0, 5.539629238673033
277.0, 5.558332151335289
278.0, 5.574174099161892
279.0, 5.58740772246744
280.0, 5.597912056948181
281.0, 5.627456641016989
282.0, 5.6572987210694174
spot_hold
0, 0
1, 0
2, 0
3, 0
4, 0
5, 0
6, 0
7, 0
8, 0
9, 0
10, 0
11, 0
12, 0
13, 0
14, 0
15, 0
16, 0
17, 0
18, 0
19, 0
20, 0
21, 0
22, 0
23, 0
24, 0
25, 0
26, 0
27, 0
28, 0
29, 0
30, 0
31, 0
32, 0
33, 0
34, 0
35, 0
36, 0
37, 0
38, 0
39, 0
40, 0
41, 1
42, 1
43, 1
44, 1
45, 1
46, 1
47, 1
48, 1
49, 1
50, 1
51, 1
52, 1
53, 1
54, 1
55, 1
56, 1
57, 1
58, 1
59, 1
60, 1
61, 1
62, 1
63, 1
64, 1
65, 1
66, 1
67, 1
68, 1
69, 1
70, 1
71, 1
72, 1
73, 1
74, 1
75, 1
76, 1
77, 1
78, 1
79, 1
80, 1
81, 1
82, 1
83, 1
84, 1
85, 1
86, 1
87, 1
88, 1
89, 1
90, 1
91, 1
92, 1
93, 1
94, 1
95, 1
96, 1
97, 1
98, 1
99, 1
100, 1
101, 1
102, 1
103, 1
104, 1
105, 1
106, 1
107, 1
108, 1
109, 1
110, 1
111, 1
112, 1
113, 1
114, 1
115, 1
116, 1
117, 1
118, 1
119, 1
120, 1
121, 1
122, 1
123, 1
124, 1
125, 1
126, 1
127, 1
128, 1
129, 1
130, 1
131, 1
132, 1
133, 1
134, 1
135, 1
136, 1
137, 1
138, 1
139, 1
140, 1
141, 1
142, 1
143, 1
144, 1
145, 1
146, 1
147, 1
148, 1
149, 1
150, 1
151, 1
152, 1
153, 1
154, 1
155, 1
156, 1
157, 1
158, 1
159, 1
160, 1
161, 1
162, 1
163, 1
164, 1
165, 1
166, 1
167, 1
168, 1
169, 1
170, 1
171, 1
172, 1
173, 1
174, 1
175, 1
176, 1
177, 1
178, 1
179, 1
180, 1
181, 1
182, 1
183, 1
184, 1
185, 1
186, 1
187, 1
188, 1
189, 1
190, 1
191, 1
192, 1
193, 1
194, 1
195, 1
196, 1
197, 1
198, 1
199, 1
200, 1
201, 1
202, 1
203, 1
204, 1
205, 1
206, 1
207, 1
208, 1
209, 1
210, 1
211, 1
212, 1
213, 1
214, 1
215, 1
216, 1
217, 1
218, 1
219, 1
220, 1
221, 1
222, 1
223, 1
224, 1
225, 1
226, 1
227, 1
228, 1
229, 1
230, 1
231, 1
232, 1
233, 1
234, 1
235, 1
236, 1
237, 1
238, 1
239, 1
240, 1
241, 1
242, 1
243, 1
244, 1
245, 1
246, 1
247, 1
248, 1
249, 1
250, 1
251, 1
252, 1
253, 1
254, 1
255, 1
256, 1
257, 1
258, 1
259, 1
260, 1
261, 1
262, 1
263, 1
264, 1
265, 1
266, 1
267, 1
268, 1
269, 1
270, 1
271, 1
272, 1
273, 1
274, 1
275, 1
276, 1
277, 1
278, 1
279, 1
280, 1
281, 1
282, 1
