bot_dist
0.0, 2.883317171664067
1.0, 2.885720144735706
2.0, 2.8881557444517134
3.0, 2.8906238883398125
4.0, 2.89312449310905
5.0, 2.8956574746626362
6.0, 2.8982227481108276
7.0, 2.9008202277838477
8.0, 2.9034498272448537
9.0, 2.906111459302926
10.0, 2.9088050360260955
11.0, 2.9115304687543877
12.0, 2.9142876681128946
13.0, 2.9170765440248596
14.0, 2.919897005724778
15.0, 2.922748961771504
16.0, 2.9256323200613688
17.0, 2.9285469878412926
18.0, 2.9314928717219026
19.0, 2.93446987769064
20.0, 2.9374779111248643
21.0, 2.940516876804935
22.0, 2.943586678927287
23.0, 2.9466872211174855
24.0, 2.949818406443246
25.0, 2.9529801374274496
26.0, 2.9561723160611058
27.0, 2.9593948438162996
28.0, 2.9626476216590967
29.0, 2.9659305500624047
30.0, 2.969243529018803
31.0, 2.9725864580533186
32.0, 2.9759592362361555
33.0, 2.979361762195382
34.0, 2.98279393412955
35.0, 2.986255649820271
36.0, 2.9897468066447224
37.0, 2.9932673015881015
38.0, 2.996817031256012
39.0, 3.000395891886779
40.0, 3.004003779363701
41.0, 3.007640589227229
42.0, 3.011306216687072
43.0, 3.015000556634224
44.0, 3.018723503652915
45.0, 3.0224749520324834
46.0, 3.026254795779161
47.0, 3.0300629286277796
48.0, 3.033899244053388
49.0, 3.0377636352827815
50.0, 3.041655995305942
51.0, 3.045576216887386
52.0, 3.0495241925774184
53.0, 3.0534998147232972
54.0, 3.057502975480293
55.0, 3.061533566822656
56.0, 3.065591480554486
57.0, 3.0696766083204943
58.0, 3.0737888416166714
59.0, 3.077928071800847
60.0, 3.082094190103149
61.0, 3.08628708763635
62.0, 3.0905066554061205
63.0, 3.0947527843211584
64.0, 3.0990253652032242
65.0, 3.1033242887970585
66.0, 3.107649445780193
67.0, 3.1120007267726484
68.0, 3.116378022346522
69.0, 3.1207812230354643
70.0, 3.125210219344038
71.0, 3.129664901756971
72.0, 3.134145160748288
73.0, 3.138650886790331
74.0, 3.1431819703626656
75.0, 3.147738301960871
76.0, 3.1523197721052125
77.0, 3.156926271349205
78.0, 3.1615576902880487
79.0, 3.166213919566963
80.0, 3.17089484988939
81.0, 3.175600372025092
82.0, 3.1803302637576296
83.0, 3.1850845279141304
84.0, 3.189863055518499
85.0, 3.1946657376921577
86.0, 3.199492465661557
87.0, 3.2043431307655705
88.0, 3.209217624462768
89.0, 3.2141158383385835
90.0, 3.219037664112359
91.0, 3.2239829936442748
92.0, 3.2289517189421675
93.0, 3.233943732168231
94.0, 3.2389589256456035
95.0, 3.2439971918648434
96.0, 3.2490584234902875
97.0, 3.2541425133662973
98.0, 3.259249354523397
99.0, 3.264378840184296
100.0, 3.2695308637697997
101.0, 3.2695308637697997
102.0, 3.2695308637697997
103.0, 3.2695308637697997
104.0, 3.2695308637697997
105.0, 3.2695308637697997
106.0, 3.2695308637697997
107.0, 3.2695308637697997
108.0, 3.2695308637697997
109.0, 3.2695308637697997
110.0, 3.2695308637697997
111.0, 3.2695308637697997
112.0, 3.2695308637697997
113.0, 3.2695308637697997
114.0, 3.2695308637697997
115.0, 3.2695308637697997
116.0, 3.2695308637697997
117.0, 3.2695308637697997
118.0, 3.2695308637697997
119.0, 3.2695308637697997
120.0, 3.2695308637697997
121.0, 3.2695308637697997
122.0, 3.2695308637697997
123.0, 3.2695308637697997
124.0, 3.2695308637697997
125.0, 3.2695308637697997
126.0, 3.2695308637697997
127.0, 3.2695308637697997
128.0, 3.2695308637697997
129.0, 3.2695308637697997
130.0, 3.2695308637697997
131.0, 3.264378840184296
132.0, 3.259249354523397
133.0, 3.2541425133662973
134.0, 3.2490584234902875
135.0, 3.2439971918648434
136.0, 3.2389589256456035
137.0, 3.233943732168231
138.0, 3.2289517189421675
139.0, 3.2239829936442748
140.0, 3.219037664112359
141.0, 3.2141158383385835
142.0, 3.209217624462768
143.0, 3.209404836400088
144.0, 3.2045618330824657
145.0, 3.1997427521299207
146.0, 3.1949477017919388
147.0, 3.1901767904274148
148.0, 3.1854301264972773
149.0, 3.180707818557009
150.0, 3.1760098635361382
151.0, 3.0895481523521884
152.0, 3.0032863957638662
153.0, 2.9172422783738616
154.0, 2.831435699241898
155.0, 2.74588892703418
156.0, 2.6606270224769037
157.0, 2.5756782753903176
158.0, 2.4910747231584396
159.0, 2.406852768005987
160.0, 2.3230539145304387
161.0, 2.2397256540099373
162.0, 2.1569225283035123
163.0, 2.074707413934341
164.0, 1.9931530764652667
165.0, 1.9123440567716157
166.0, 1.8323789643996724
167.0, 1.8296601130026715
168.0, 1.753953447279672
169.0, 1.679706267280213
170.0, 1.6071206055113323
171.0, 1.5364319653600997
172.0, 1.4679144303752825
173.0, 1.4018863765762848
174.0, 1.4012677533819167
175.0, 1.3434211221532095
176.0, 1.2894058237041472
177.0, 1.2899234123581678
178.0, 1.2905182875312875
179.0, 1.2911903424015425
180.0, 1.2919394565244595
181.0, 1.2696049097895306
182.0, 1.271127320897279
183.0, 1.2727264883142353
184.0, 1.2744021230903748
185.0, 1.2761539240127744
186.0, 1.2779815778658659
187.0, 1.2798847596995724
188.0, 1.2304982447250288
189.0, 1.233055438010325
190.0, 1.1834457768186133
191.0, 1.1386786739752937
192.0, 1.0993459480414662
193.0, 1.0660492856322268
194.0, 1.0393689529380348
195.0, 1.019824365407479
196.0, 1.0078307532709856
197.0, 1.0036588530030965
198.0, 1.0074058438370086
199.0, 1.018984371909184
200.0, 1.0381324295127705
201.0, 1.0644415940904202
202.0, 1.0973969419795906
203.0, 1.1364204170619665
204.0, 1.1809106043122675
205.0, 1.2302745715700096
206.0, 1.2839502959768776
207.0, 1.3414202841164982
208.0, 1.4022180892257792
209.0, 1.465929717236655
210.0, 1.532191723321797
211.0, 1.6006873602299156
212.0, 1.671142089475238
213.0, 1.680760567966769
214.0, 1.7481974961618088
215.0, 1.8174493719027176
216.0, 1.8268998045039444
217.0, 1.8363560605500495
218.0, 1.8458180505392783
219.0, 1.8552856867419971
220.0, 1.864758883158411
221.0, 1.8742375554774435
222.0, 1.8837216210367442
223.0, 1.8932109987837897
224.0, 1.9027056092380419
225.0, 1.9122053744541356
226.0, 1.92171021798606
227.0, 1.9312200648523095
228.0, 1.9407348415019667
229.0, 1.950254475781699
230.0, 1.9597788969036312
231.0, 1.9597788969036312
232.0, 1.9597788969036312
233.0, 1.9597788969036312
234.0, 1.9597788969036312
235.0, 1.9597788969036312
236.0, 1.9597788969036312
237.0, 1.9597788969036312
238.0, 1.9597788969036312
239.0, 1.9597788969036312
240.0, 1.9597788969036312
241.0, 1.9597788969036312
242.0, 1.9597788969036312
243.0, 1.9597788969036312
244.0, 1.9597788969036312
245.0, 1.9597788969036312
246.0, 1.9597788969036312
247.0, 1.9597788969036312
248.0, 1.9597788969036312
249.0, 1.9597788969036312
250.0, 1.9597788969036312
251.0, 1.9597788969036312
252.0, 1.9597788969036312
253.0, 1.9597788969036312
254.0, 1.9597788969036312
255.0, 1.9597788969036312
256.0, 1.9597788969036312
257.0, 1.9597788969036312
258.0, 1.9597788969036312
259.0, 1.9597788969036312
260.0, 1.9597788969036312
261.0, 1.950254475781699
262.0, 1.9407348415019667
263.0, 1.9312200648523095
264.0, 1.92171021798606
265.0, 1.9122053744541356
266.0, 1.9027056092380419
267.0, 1.8932109987837897
268.0, 1.8837216210367442
269.0, 1.8742375554774435
270.0, 1.864758883158411
271.0, 1.8552856867419971
272.0, 1.8458180505392783
273.0, 1.8363560605500495
274.0, 1.8268998045039444
275.0, 1.8174493719027176
276.0, 1.8080048540637257
277.0, 1.7985663441646467
278.0, 1.789133937289478
279.0, 1.7797077304758482
280.0, 1.7702878227636931
281.0, 1.7608743152453323
282.0, 1.7514673111169954
ee_dist
0.0, 1.520309780818498
1.0, 1.5867282020215288
2.0, 1.6986130832491815
3.0, 1.7926232813099885
4.0, 1.8251758110677785
5.0, 1.8510578209784838
6.0, 1.883031343617894
7.0, 1.915997019965917
8.0, 1.9505725350896608
9.0, 1.9834595475212247
10.0, 2.020542708858164
11.0, 2.0540516697022198
12.0, 2.084297515688226
13.0, 2.1196974061166016
14.0, 2.145527111956042
15.0, 2.171976992370268
16.0, 2.196919557831074
17.0, 2.2243700980005814
18.0, 2.2457807368361262
19.0, 2.2650257878768008
20.0, 2.2842522360992974
21.0, 2.2538057349618636
22.0, 2.2118954603301852
23.0, 2.1667606813198015
24.0, 2.117979119019744
25.0, 2.065859582388591
26.0, 2.0105749547411236
27.0, 1.9524985390063703
28.0, 1.8918761091670813
29.0, 1.829203878586499
30.0, 1.764826035385388
31.0, 1.6993846576270621
32.0, 1.6333646001210138
33.0, 1.567584385747869
34.0, 1.502722040042769
35.0, 1.4398214942510628
36.0, 1.3798178979687075
37.0, 1.3240060739120967
38.0, 1.273578655770137
39.0, 1.2299551910041255
40.0, 1.1944585263749417
41.0, 1.2073104756895012
42.0, 1.0701004701526955
43.0, 0.7245497537583094
44.0, 0.6774829764278627
45.0, 0.6304406677599174
46.0, 0.5834809309507923
47.0, 0.5367658531711068
48.0, 0.4914658459319481
49.0, 0.448462622044207
50.0, 0.40966908992943096
51.0, 0.37741965102374636
52.0, 0.35421163181211474
53.0, 0.34186836463862796
54.0, 0.3421425229112924
55.0, 0.35521230014152755
56.0, 0.3802172552503389
57.0, 0.4146416401170115
58.0, 0.3850514552745055
59.0, 0.3324216354324688
60.0, 0.28781439379666723
61.0, 0.26604041968124925
62.0, 0.2813399986149841
63.0, 0.32919651076225714
64.0, 0.3923305208448907
65.0, 0.4517220473830295
66.0, 0.5105538105860151
67.0, 0.5687670151641558
68.0, 0.6208697796709621
69.0, 0.6710177937706203
70.0, 0.7194374947334844
71.0, 0.7663343568265508
72.0, 0.8124890127747042
73.0, 0.8665937304418913
74.0, 0.9250815520901892
75.0, 0.995185641988759
76.0, 1.0750655770967004
77.0, 1.1649555754064513
78.0, 1.2606243686827165
79.0, 1.3570399512089648
80.0, 1.4494558163475184
81.0, 1.5281645929246144
82.0, 1.5935849807434168
83.0, 1.6585881949753796
84.0, 1.7199778272602984
85.0, 1.7798777596765647
86.0, 1.83283275705472
87.0, 1.8754628036829275
88.0, 1.9139157895004144
89.0, 1.970342903625781
90.0, 2.0324588842738622
91.0, 2.0924285959747593
92.0, 2.17974400108719
93.0, 2.2768453338709547
94.0, 2.3953409251819404
95.0, 2.4894387675448653
96.0, 2.5813456845027365
97.0, 2.6828867812010833
98.0, 2.7562793678585913
99.0, 2.824943519581186
100.0, 2.8926559226345443
101.0, 2.952592409703114
102.0, 3.01689062150318
103.0, 3.095106793787458
104.0, 3.1502500786111813
105.0, 3.2134717249047884
106.0, 3.2835899057594555
107.0, 3.3807322122440215
108.0, 3.4773397367953374
109.0, 3.55349781897081
110.0, 3.6640221848838634
111.0, 3.7750912080542207
112.0, 3.8702620666030945
113.0, 3.96358894690986
114.0, 4.039557250007175
115.0, 4.106924255023865
116.0, 4.174998668002602
117.0, 4.238802203180938
118.0, 4.302437745663135
119.0, 4.365191823986824
120.0, 4.427768108389274
121.0, 4.495254584257732
122.0, 4.569199345941034
123.0, 4.647056004352234
124.0, 4.735286525832624
125.0, 4.780785226340626
126.0, 4.827108895484728
127.0, 4.871939835532366
128.0, 4.917368637026361
129.0, 4.960570587967867
130.0, 5.0038202098817175
131.0, 5.04430788640568
132.0, 5.084331208916278
133.0, 5.121123514787453
134.0, 5.157001722218962
135.0, 5.189239976346056
136.0, 5.22018073494748
137.0, 5.247142792936925
138.0, 5.272489290588961
139.0, 5.29358547854828
140.0, 5.312813653844999
141.0, 5.3275934896156905
142.0, 5.340321031565911
143.0, 4.622612252608911
144.0, 4.611480336101111
145.0, 4.604472073236431
146.0, 4.598977528134522
147.0, 4.597772802346944
148.0, 4.59810675794821
149.0, 4.602750574200311
150.0, 4.6088982626530095
151.0, 4.528485753245577
152.0, 4.446795286921307
153.0, 4.366552511493318
154.0, 4.285042481267997
155.0, 4.204989071328251
156.0, 4.123681166430939
157.0, 4.043839987316066
158.0, 3.9627588109550373
159.0, 3.8831565048645107
160.0, 3.8023315187982134
161.0, 3.7229992664774567
162.0, 3.64246457471821
163.0, 3.563439326128953
164.0, 3.48323513862798
165.0, 3.4045599678358744
166.0, 3.324734789287314
167.0, 3.3378432219104432
168.0, 3.2610527144354178
169.0, 3.185916929237495
170.0, 3.1098773681247587
171.0, 3.035537944127616
172.0, 2.960365749105015
173.0, 2.8869482479337836
174.0, 2.903429320589278
175.0, 2.834469728099323
176.0, 2.765078202971409
177.0, 2.786051399916791
178.0, 2.8081438637237417
179.0, 2.833274612251879
180.0, 2.8592709734858146
181.0, 2.8135106964645353
182.0, 2.7861946723296698
183.0, 2.761520770067703
184.0, 2.737809173990481
185.0, 2.7173560506267767
186.0, 2.6981127979798645
187.0, 2.6826533631938703
188.0, 2.60712212061252
189.0, 2.5939991628843337
190.0, 2.515747879077521
191.0, 2.439209035215893
192.0, 2.36175799162074
193.0, 2.2860896466927683
194.0, 2.2096085698725236
195.0, 2.1350003699452564
196.0, 2.059707465713475
197.0, 1.986404500178751
198.0, 1.9125833653291875
199.0, 1.8409059315206473
200.0, 1.7689293387651401
201.0, 1.6993004474779931
202.0, 1.629663288372088
203.0, 1.562646768979928
204.0, 1.4960111806345027
205.0, 1.4323628695695112
206.0, 1.369616977023258
207.0, 1.3103501086934355
208.0, 1.2526811356125944
209.0, 1.1991359290330217
210.0, 1.1480956677460707
211.0, 1.1019945993317632
212.0, 1.0595244241340478
213.0, 1.0321925676810904
214.0, 0.9876626457372885
215.0, 0.9492729729419966
216.0, 0.9204382032589963
217.0, 0.8941404862865509
218.0, 0.8688174972954047
219.0, 0.8469593807777
220.0, 0.8265681643245594
221.0, 0.8105291768924884
222.0, 0.7964325184478123
223.0, 0.7874074091904966
224.0, 0.7806841034606645
225.0, 0.7794375491063552
226.0, 0.7806371030031543
227.0, 0.7873008370242836
228.0, 0.7962935766189705
229.0, 0.7970099331863816
230.0, 0.7962935102599246
231.0, 0.797009449473607
232.0, 0.7962935102599246
233.0, 0.797009449473607
234.0, 0.7962935102599246
235.0, 0.797009449473607
236.0, 0.7962935766189705
237.0, 0.7970099331863816
238.0, 0.7962935102599246
239.0, 0.797009449473607
240.0, 0.7962935102599246
241.0, 0.797009449473607
242.0, 0.7962935102599246
243.0, 0.8078499573830333
244.0, 0.8232415508659604
245.0, 0.8398917999902807
246.0, 0.8585864483037715
247.0, 0.8783458319627143
248.0, 0.900006682693033
249.0, 0.922407506942398
250.0, 0.9465155789828226
251.0, 0.9710161072526742
252.0, 0.9969349848765429
253.0, 1.0228771610525826
254.0, 1.0498746610081322
255.0, 1.0765310589231365
256.0, 1.103857982720753
257.0, 1.1305259213505674
258.0, 1.157509339406117
259.0, 1.1835898530824225
260.0, 1.209697097149707
261.0, 1.234723595619708
262.0, 1.2595701449331758
263.0, 1.2321125095314749
264.0, 1.1978142105573695
265.0, 1.1616923693652366
266.0, 1.1234547443353542
267.0, 1.0832929401659321
268.0, 1.0412499614749209
269.0, 0.9975508042660763
270.0, 0.9522272542292527
271.0, 0.9055670383241317
272.0, 0.8576399207447147
273.0, 0.8087878288222704
274.0, 0.759161135186606
275.0, 0.7091846553798242
276.0, 0.6590944243120774
277.0, 0.6094491292221647
278.0, 0.5606535455541
279.0, 0.5136485930516599
280.0, 0.4690145450467155
281.0, 0.4035394817429783
282.0, 0.35800506233774726
ee_box_dist
0.0, 0.671563849475216
1.0, 0.7237025312393324
2.0, 0.7518561708722069
3.0, 0.788384725360537
4.0, 0.8251329517401212
5.0, 0.8621628706042453
6.0, 0.899454943441579
7.0, 0.9352044061474923
8.0, 0.9693685250247854
9.0, 1.0009301732776954
10.0, 1.0355636037410503
11.0, 1.0662391298372433
12.0, 1.0933165821356503
13.0, 1.1251117341275458
14.0, 1.1477655763247678
15.0, 1.1709134576276117
16.0, 1.1925012477731898
17.0, 1.2164305286749102
18.0, 1.2348756492851425
19.0, 1.2513361888214258
20.0, 1.2677857809268296
21.0, 1.2460250993837179
22.0, 1.2161624695236672
23.0, 1.1834971435672323
24.0, 1.1476284053305703
25.0, 1.10873332012322
26.0, 1.0667963953480237
27.0, 1.0220166774384096
28.0, 0.974378731084002
29.0, 0.9241359394105875
30.0, 0.8712706404718723
31.0, 0.8160770302942618
32.0, 0.7585684413282643
33.0, 0.699125407304623
34.0, 0.6378304189866338
35.0, 0.5751223707213181
36.0, 0.5111741274645372
37.0, 0.44643673710008547
38.0, 0.3813687515808788
39.0, 0.31722246150090916
40.0, 0.2557679417206392
41.0, 0.26812858633869063
42.0, 0.28049945307031937
43.0, 0.2929766779044004
44.0, 0.3054017967606583
45.0, 0.3178505203535476
46.0, 0.33021471976553346
47.0, 0.3425338474985698
48.0, 0.3547528450315107
49.0, 0.36687416254106975
50.0, 0.37888078439008854
51.0, 0.3907530973023329
52.0, 0.40247492889775927
53.0, 0.4140124932068726
54.0, 0.4253292523617694
55.0, 0.43638214805482634
56.0, 0.4471383456901801
57.0, 0.457596562411206
58.0, 0.467732754661801
59.0, 0.47759007713076407
60.0, 0.48710871759721003
61.0, 0.49636751826473474
62.0, 0.505277356635542
63.0, 0.5139217279872581
64.0, 0.5222205543709539
65.0, 0.5302475142381632
66.0, 0.5379367774716123
67.0, 0.5453449414788242
68.0, 0.5524103303437997
69.0, 0.5591600916755152
70.0, 0.5655612476696888
71.0, 0.5716588695633473
72.0, 0.5774142907718481
73.0, 0.582813493996074
74.0, 0.5878461511324069
75.0, 0.5925351428968677
76.0, 0.596841485384893
77.0, 0.6009491782560334
78.0, 0.6044624640505752
79.0, 0.6076369739900235
80.0, 0.6104469750655417
81.0, 0.6131087132738976
82.0, 0.6150031777005543
83.0, 0.6165253156490056
84.0, 0.6175938618795279
85.0, 0.6182351863187792
86.0, 0.6296581616299354
87.0, 0.6623629039698661
88.0, 0.6893303730144604
89.0, 0.7069973626524829
90.0, 0.7167429869253581
91.0, 0.7441214459351262
92.0, 0.748017987417892
93.0, 0.7493809322371154
94.0, 0.7339355158293265
95.0, 0.7492789160758259
96.0, 0.7601805840149418
97.0, 0.7466582641292895
98.0, 0.7427390185662807
99.0, 0.7460244423515819
100.0, 0.7416311980242235
101.0, 0.7497445456330741
102.0, 0.7480255564526992
103.0, 0.7271815087548349
104.0, 0.7356225029504327
105.0, 0.743840939951477
106.0, 0.7484059155699296
107.0, 0.7265762481967522
108.0, 0.7194241608190587
109.0, 0.7478426789279781
110.0, 0.7424838287834706
111.0, 0.7359681795964214
112.0, 0.746804173846381
113.0, 0.7490847195433831
114.0, 0.7480535115549692
115.0, 0.7488871644551878
116.0, 0.7480698401994769
117.0, 0.7488850992051836
118.0, 0.7480683955990745
119.0, 0.7488839665275985
120.0, 0.748068278852353
121.0, 0.7488845660355643
122.0, 0.748064367019161
123.0, 0.7469724749771348
124.0, 0.7482831123209683
125.0, 0.7487398538164017
126.0, 0.7480829114041865
127.0, 0.7488866361007993
128.0, 0.748067669466804
129.0, 0.7488523539814329
130.0, 0.7480587973646563
131.0, 0.748868332765865
132.0, 0.7480468972036844
133.0, 0.7488627909927423
134.0, 0.7480112697591628
135.0, 0.7488261518196272
136.0, 0.7480104323747618
137.0, 0.7488262290779621
138.0, 0.7480103018387493
139.0, 0.7488261278459263
140.0, 0.7480103257974616
141.0, 0.7488261757933322
142.0, 0.7480103497561781
143.0, 1.5255880441082919
144.0, 1.5196867559910163
145.0, 1.5110186029648445
146.0, 1.501457818758839
147.0, 1.4892381528658205
148.0, 1.476142030365954
149.0, 1.460543216026717
150.0, 1.4440903500434439
151.0, 1.5101402733671838
152.0, 1.578566488712484
153.0, 1.6475891420692776
154.0, 1.718692216875375
155.0, 1.7900090139615616
156.0, 1.8631932334290904
157.0, 1.9363031265822024
158.0, 2.0111268813853016
159.0, 2.0856566844491056
160.0, 2.161788382329093
161.0, 2.2374567883115972
162.0, 2.314645165847226
163.0, 2.3912374683822955
164.0, 2.4692896273500606
165.0, 2.5466405405198715
166.0, 2.6254057884358453
167.0, 2.6136086931699216
168.0, 2.6908095796026434
169.0, 2.7673244942657718
170.0, 2.845276076335841
171.0, 2.9224606251175738
172.0, 3.0010483852400145
173.0, 3.078802202145325
174.0, 3.0676380255589266
175.0, 3.143665886711429
176.0, 3.2211256295926556
177.0, 3.2072523204306753
178.0, 3.192320505731578
179.0, 3.1743221189243496
180.0, 3.155331581268747
181.0, 3.2203652318627856
182.0, 3.239899419297016
183.0, 3.2564674368730016
184.0, 3.2719981300266925
185.0, 3.284305958834948
186.0, 3.2955191757553117
187.0, 3.303326246880768
188.0, 3.38481466473087
189.0, 3.3901532102769516
190.0, 3.472691373204783
191.0, 3.554100518140493
192.0, 3.636767872991433
193.0, 3.718289449126066
194.0, 3.801069660262473
195.0, 3.882689513243096
196.0, 3.965568833263224
197.0, 4.04727498901756
198.0, 4.130241766002681
199.0, 4.212024141540477
200.0, 4.295068532738298
201.0, 4.376918488254719
202.0, 4.460032039489626
203.0, 4.541942221762541
204.0, 4.625117692192366
205.0, 4.707081721530066
206.0, 4.790313224913583
207.0, 4.872325228224483
208.0, 4.955606488335299
209.0, 5.0376624956772345
210.0, 5.120989170178381
211.0, 5.203084591165774
212.0, 5.286452921330038
213.0, 5.287989206029547
214.0, 5.371610977692009
215.0, 5.453984757614119
216.0, 5.454285296264826
217.0, 5.450836416881926
218.0, 5.4461473972946886
219.0, 5.437788495445712
220.0, 5.428211909041978
221.0, 5.415131447633258
222.0, 5.40088124549701
223.0, 5.383378671868495
224.0, 5.3647772709040655
225.0, 5.3432569552950255
226.0, 5.320731807250509
227.0, 5.295701370879958
228.0, 5.269786501947572
229.0, 5.269483239139253
230.0, 5.269786396341687
231.0, 5.269483664187224
232.0, 5.2697864017804426
233.0, 5.269483669632131
234.0, 5.2697864017804426
235.0, 5.269483675077039
236.0, 5.269786523702598
237.0, 5.269483260918893
238.0, 5.269786423535468
239.0, 5.269483691411769
240.0, 5.269786428974226
241.0, 5.269483702301592
242.0, 5.269786439851743
243.0, 5.265940941408243
244.0, 5.2645305717826965
245.0, 5.262355575949701
246.0, 5.259227352184239
247.0, 5.255409096794696
248.0, 5.250491331157818
249.0, 5.2448399212832575
250.0, 5.2380096564273355
251.0, 5.23049331038059
252.0, 5.2218033470467455
253.0, 5.212564265370057
254.0, 5.202234165570002
255.0, 5.191551142617055
256.0, 5.179919232287308
257.0, 5.168154710470094
258.0, 5.155621441810235
259.0, 5.143169946578188
260.0, 5.130141144197879
261.0, 5.117395685915943
262.0, 5.1042517924151305
263.0, 5.125867737718599
264.0, 5.1532395804127695
265.0, 5.180941175727043
266.0, 5.20905481920167
267.0, 5.237367200852842
268.0, 5.265632092066876
269.0, 5.2935910882079105
270.0, 5.321104021209219
271.0, 5.347910333297827
272.0, 5.373847620638794
273.0, 5.398704289119015
274.0, 5.422301873357802
275.0, 5.444483025342773
276.0, 5.465143716941891
277.0, 5.4841916932326535
278.0, 5.501603497882578
279.0, 5.517165093949642
280.0, 5.5311663683488
281.0, 5.5736479490936075
282.0, 5.595500211766181
spot_hold
0, 0
1, 0
2, 0
3, 0
4, 0
5, 0
6, 0
7, 0
8, 0
9, 0
10, 0
11, 0
12, 0
13, 0
14, 0
15, 0
16, 0
17, 0
18, 0
19, 0
20, 0
21, 0
22, 0
23, 0
24, 0
25, 0
26, 0
27, 0
28, 0
29, 0
30, 0
31, 0
32, 0
33, 0
34, 0
35, 0
36, 0
37, 0
38, 0
39, 0
40, 0
41, 1
42, 1
43, 1
44, 1
45, 1
46, 1
47, 1
48, 1
49, 1
50, 1
51, 1
52, 1
53, 1
54, 1
55, 1
56, 1
57, 1
58, 1
59, 1
60, 1
61, 1
62, 1
63, 1
64, 1
65, 1
66, 1
67, 1
68, 1
69, 1
70, 1
71, 1
72, 1
73, 1
74, 1
75, 1
76, 1
77, 1
78, 1
79, 1
80, 1
81, 1
82, 1
83, 1
84, 1
85, 1
86, 1
87, 1
88, 1
89, 1
90, 1
91, 1
92, 1
93, 1
94, 1
95, 1
96, 1
97, 1
98, 1
99, 1
100, 1
101, 1
102, 1
103, 1
104, 1
105, 1
106, 1
107, 1
108, 1
109, 1
110, 1
111, 1
112, 1
113, 1
114, 1
115, 1
116, 1
117, 1
118, 1
119, 1
120, 1
121, 1
122, 1
123, 1
124, 1
125, 1
126, 1
127, 1
128, 1
129, 1
130, 1
131, 1
132, 1
133, 1
134, 1
135, 1
136, 1
137, 1
138, 1
139, 1
140, 1
141, 1
142, 1
143, 1
144, 1
145, 1
146, 1
147, 1
148, 1
149, 1
150, 1
151, 1
152, 1
153, 1
154, 1
155, 1
156, 1
157, 1
158, 1
159, 1
160, 1
161, 1
162, 1
163, 1
164, 1
165, 1
166, 1
167, 1
168, 1
169, 1
170, 1
171, 1
172, 1
173, 1
174, 1
175, 1
176, 1
177, 1
178, 1
179, 1
180, 1
181, 1
182, 1
183, 1
184, 1
185, 1
186, 1
187, 1
188, 1
189, 1
190, 1
191, 1
192, 1
193, 1
194, 1
195, 1
196, 1
197, 1
198, 1
199, 1
200, 1
201, 1
202, 1
203, 1
204, 1
205, 1
206, 1
207, 1
208, 1
209, 1
210, 1
211, 1
212, 1
213, 1
214, 1
215, 1
216, 1
217, 1
218, 1
219, 1
220, 1
221, 1
222, 1
223, 1
224, 1
225, 1
226, 1
227, 1
228, 1
229, 1
230, 1
231, 1
232, 1
233, 1
234, 1
235, 1
236, 1
237, 1
238, 1
239, 1
240, 1
241, 1
242, 1
243, 1
244, 1
245, 1
246, 1
247, 1
248, 1
249, 1
250, 1
251, 1
252, 1
253, 1
254, 1
255, 1
256, 1
257, 1
258, 1
259, 1
260, 1
261, 1
262, 1
263, 1
264, 1
265, 1
266, 1
267, 1
268, 1
269, 1
270, 1
271, 1
272, 1
273, 1
274, 1
275, 1
276, 1
277, 1
278, 1
279, 1
280, 1
281, 1
282, 1
