bot_dist
0.0, 3.5343150125643015
1.0, 3.5404260609951965
2.0, 3.5465547758816665
3.0, 3.552701065795247
4.0, 3.5588648396777924
5.0, 3.5650460068427625
6.0, 3.5712444769764424
7.0, 3.5774601601391023
8.0, 3.583692966766094
9.0, 3.589942807668888
10.0, 3.596209594036048
11.0, 3.60249323743415
12.0, 3.6087936498086424
13.0, 3.615110743484646
14.0, 3.6214444311677036
15.0, 3.627794625944468
16.0, 3.6341612412833424
17.0, 3.640544191035062
18.0, 3.6469433894332277
19.0, 3.653358751094783
20.0, 3.6597901910204462
21.0, 3.66623762459509
22.0, 3.672700967588071
23.0, 3.6791801361535135
24.0, 3.6856750468305464
25.0, 3.692185616543492
26.0, 3.6987117626020107
27.0, 3.7052534027012007
28.0, 3.7118104549216566
29.0, 3.718382837729479
30.0, 3.7249704699762494
31.0, 3.7315732708989593
32.0, 3.7381911601199005
33.0, 3.744824057646515
34.0, 3.751471883871206
35.0, 3.7581345595711144
36.0, 3.7648120059078525
37.0, 3.7715041444272033
38.0, 3.7782108970587864
39.0, 3.7849321861156877
40.0, 3.791667934294053
41.0, 3.7984180646726493
42.0, 3.805182500712394
43.0, 3.811961166255851
44.0, 3.8187539855266985
45.0, 3.825560883129159
46.0, 3.8323817840474073
47.0, 3.8392166136449437
48.0, 3.846065297663945
49.0, 3.8529277622245752
50.0, 3.8598039338242858
51.0, 3.8666937393370726
52.0, 3.8735971060127223
53.0, 3.8805139614760162
54.0, 3.887444233725927
55.0, 3.89438785113478
56.0, 3.9013447424473924
57.0, 3.908314836780192
58.0, 3.915298063620314
59.0, 3.922294352824672
60.0, 3.9293036346190107
61.0, 3.936325839596941
62.0, 3.943360898718945
63.0, 3.950408743311373
64.0, 3.957469305065413
65.0, 3.9645425160360483
66.0, 3.9716283086409887
67.0, 3.978726615659595
68.0, 3.9858373702317755
69.0, 3.9929605058568756
70.0, 4.000095956392541
71.0, 4.007243656053579
72.0, 4.014403539410791
73.0, 4.021575541389797
74.0, 4.0287595972698504
75.0, 4.035955642682628
76.0, 4.043163613611017
77.0, 4.050383446387881
78.0, 4.057615077694826
79.0, 4.064858444560933
80.0, 4.0721134843615046
81.0, 4.079380134816783
82.0, 4.086658333990661
83.0, 4.093948020289387
84.0, 4.101249132460254
85.0, 4.108561609590284
86.0, 4.115885391104902
87.0, 4.123220416766601
88.0, 4.130566626673592
89.0, 4.137923961258459
90.0, 4.145292361286798
91.0, 4.152671767855844
92.0, 4.160062122393104
93.0, 4.16746336665497
94.0, 4.174875442725337
95.0, 4.182298293014202
96.0, 4.18973186025627
97.0, 4.197176087509548
98.0, 4.204630918153931
99.0, 4.212096295889793
100.0, 4.2195721647365625
101.0, 4.2195721647365625
102.0, 4.2195721647365625
103.0, 4.2195721647365625
104.0, 4.2195721647365625
105.0, 4.2195721647365625
106.0, 4.2195721647365625
107.0, 4.2195721647365625
108.0, 4.2195721647365625
109.0, 4.2195721647365625
110.0, 4.2195721647365625
111.0, 4.2195721647365625
112.0, 4.2195721647365625
113.0, 4.2195721647365625
114.0, 4.2195721647365625
115.0, 4.2195721647365625
116.0, 4.2195721647365625
117.0, 4.2195721647365625
118.0, 4.2195721647365625
119.0, 4.2195721647365625
120.0, 4.2195721647365625
121.0, 4.2195721647365625
122.0, 4.2195721647365625
123.0, 4.2195721647365625
124.0, 4.2195721647365625
125.0, 4.2195721647365625
126.0, 4.2195721647365625
127.0, 4.2195721647365625
128.0, 4.2195721647365625
129.0, 4.2195721647365625
130.0, 4.2195721647365625
131.0, 4.212096295889793
132.0, 4.204630918153931
133.0, 4.197176087509548
134.0, 4.18973186025627
135.0, 4.182298293014202
136.0, 4.174875442725337
137.0, 4.16746336665497
138.0, 4.160062122393104
139.0, 4.152671767855844
140.0, 4.145292361286798
141.0, 4.137923961258459
142.0, 4.130566626673592
143.0, 4.127155328972333
144.0, 4.119827309115582
145.0, 4.112510547588041
146.0, 4.105205104587317
147.0, 4.097911040646829
148.0, 4.09062841663712
149.0, 4.083357293767174
150.0, 4.076097733585712
151.0, 3.9864729578284788
152.0, 3.8968593425695968
153.0, 3.8072576758823686
154.0, 3.7176688217050113
155.0, 3.6280937291791253
156.0, 3.538533443399865
157.0, 3.448989117832756
158.0, 3.3594620287059778
159.0, 3.269953591753995
160.0, 3.180465381772213
161.0, 3.0909991555477876
162.0, 3.0015568788650087
163.0, 2.912140758453413
164.0, 2.8227532799641626
165.0, 2.7333972533406676
166.0, 2.6440758673138007
167.0, 2.6366284560607998
168.0, 2.5464001949725934
169.0, 2.456188447972283
170.0, 2.3659950157166465
171.0, 2.275822075709573
172.0, 2.1856721642610397
173.0, 2.0955482534199827
174.0, 2.08811329196879
175.0, 1.99769302864553
176.0, 1.9073268475752523
177.0, 1.8999629947446772
178.0, 1.8926233272723618
179.0, 1.8853081276253967
180.0, 1.8780176817228809
181.0, 1.79311119279564
182.0, 1.7859855404893412
183.0, 1.7788875601238927
184.0, 1.771817584264418
185.0, 1.7647759494825934
186.0, 1.757762996383276
187.0, 1.7507790696301364
188.0, 1.661436269109618
189.0, 1.654478386087892
190.0, 1.5662264693118126
191.0, 1.4780930793852705
192.0, 1.3901007605540872
193.0, 1.3022781088047997
194.0, 1.2146619265722027
195.0, 1.1273003566346984
196.0, 1.040257548535975
197.0, 0.9536207923048706
198.0, 0.8675117513665139
199.0, 0.782104748108946
200.0, 0.6976576598037567
201.0, 0.614566317466134
202.0, 0.5334646022536551
203.0, 0.45541671045774146
204.0, 0.3822975980612287
205.0, 0.3175306313024836
206.0, 0.26725853617809353
207.0, 0.24073994998233147
208.0, 0.24578750352218504
209.0, 0.28070348282587326
210.0, 0.3363102268237127
211.0, 0.40415574606158133
212.0, 0.47906820025514557
213.0, 0.4820522657402041
214.0, 0.5627828852454375
215.0, 0.6455726545790615
216.0, 0.6494863390658931
217.0, 0.6535296141298471
218.0, 0.6577000897633569
219.0, 0.6619953619348697
220.0, 0.666413017572707
221.0, 0.6709506392991762
222.0, 0.6756058099070168
223.0, 0.6803761165728771
224.0, 0.685259154804949
225.0, 0.6902525321240968
226.0, 0.6953538714798327
227.0, 0.7005608144042792
228.0, 0.7058710239088387
229.0, 0.7112821871296711
230.0, 0.7167920177292397
231.0, 0.7167920177292397
232.0, 0.7167920177292397
233.0, 0.7167920177292397
234.0, 0.7167920177292397
235.0, 0.7167920177292397
236.0, 0.7167920177292397
237.0, 0.7167920177292397
238.0, 0.7167920177292397
239.0, 0.7167920177292397
240.0, 0.7167920177292397
241.0, 0.7167920177292397
242.0, 0.7167920177292397
243.0, 0.7167920177292397
244.0, 0.7167920177292397
245.0, 0.7167920177292397
246.0, 0.7167920177292397
247.0, 0.7167920177292397
248.0, 0.7167920177292397
249.0, 0.7167920177292397
250.0, 0.7167920177292397
251.0, 0.7167920177292397
252.0, 0.7167920177292397
253.0, 0.7167920177292397
254.0, 0.7167920177292397
255.0, 0.7167920177292397
256.0, 0.7167920177292397
257.0, 0.7167920177292397
258.0, 0.7167920177292397
259.0, 0.7167920177292397
260.0, 0.7167920177292397
261.0, 0.7112821871296711
262.0, 0.7058710239088387
263.0, 0.7005608144042792
264.0, 0.6953538714798327
265.0, 0.6902525321240968
266.0, 0.685259154804949
267.0, 0.6803761165728771
268.0, 0.6756058099070168
269.0, 0.6709506392991762
270.0, 0.666413017572707
271.0, 0.6619953619348697
272.0, 0.6577000897633569
273.0, 0.6535296141298471
274.0, 0.6494863390658931
275.0, 0.6455726545790615
276.0, 0.6417909314300309
277.0, 0.6381435156843072
278.0, 0.6346327230552793
279.0, 0.6312608330585073
280.0, 0.6280300830003391
281.0, 0.6249426618271756
282.0, 0.6220007038648661
ee_dist
0.0, 0.9520368145883773
1.0, 0.9673184810502546
2.0, 1.0492744811191619
3.0, 1.1283650193258996
4.0, 1.1555660763307047
5.0, 1.1809093684219663
6.0, 1.2154991063945764
7.0, 1.2520367113401456
8.0, 1.288073212751154
9.0, 1.329080468268768
10.0, 1.3699442482955348
11.0, 1.4094395593475586
12.0, 1.448808895422994
13.0, 1.4920666872305635
14.0, 1.5300589520087478
15.0, 1.5686061098019384
16.0, 1.6038814929753216
17.0, 1.6301371280657164
18.0, 1.6669953852641082
19.0, 1.693735127134022
20.0, 1.7259041156112227
21.0, 1.6913650146160675
22.0, 1.6530554511785376
23.0, 1.6106658614543283
24.0, 1.5647968239571892
25.0, 1.514533656718284
26.0, 1.461111287949887
27.0, 1.404310804113401
28.0, 1.3432517111061761
29.0, 1.2800740027487274
30.0, 1.2136511133302996
31.0, 1.1449413190141366
32.0, 1.0749581706554536
33.0, 1.0034959001766284
34.0, 0.9304282660507152
35.0, 0.8571933067261474
36.0, 0.7849884061945894
37.0, 0.71486448147526
38.0, 0.6492461621156002
39.0, 0.5893062561157534
40.0, 0.538631292148574
41.0, 0.5532752183981111
42.0, 0.7094966423542197
43.0, 1.135499448838328
44.0, 1.0948947206619508
45.0, 1.05225261913953
46.0, 1.007593499241257
47.0, 0.9605129548606464
48.0, 0.9114046668629174
49.0, 0.8600643804886605
50.0, 0.8071544567816278
51.0, 0.7531223616861263
52.0, 0.698215014771691
53.0, 0.6424971349254541
54.0, 0.586125022967485
55.0, 0.5292916224010958
56.0, 0.4730364385431097
57.0, 0.4177551748513481
58.0, 0.46590562040378786
59.0, 0.5389742471606566
60.0, 0.621354310997725
61.0, 0.7125302604039672
62.0, 0.8069227153468861
63.0, 0.8993507865308087
64.0, 0.9856718019277749
65.0, 1.0525182866696616
66.0, 1.1094284658283446
67.0, 1.1673809932390182
68.0, 1.2205648979433636
69.0, 1.2731538426823819
70.0, 1.3259388621109398
71.0, 1.3770116705483966
72.0, 1.4328802988687532
73.0, 1.4941460839288827
74.0, 1.5601212216903246
75.0, 1.6371839879825
76.0, 1.7234883851146379
77.0, 1.8191568410192511
78.0, 1.9190712207141132
79.0, 2.018096017743572
80.0, 2.1118218202555865
81.0, 2.1904099840526494
82.0, 2.2541040567404123
83.0, 2.3167438716563566
84.0, 2.377045544615359
85.0, 2.4365003061448167
86.0, 2.4960196078264407
87.0, 2.549172998371225
88.0, 2.5709433675632094
89.0, 2.5999416456064433
90.0, 2.6463828958816515
91.0, 2.7294712178303913
92.0, 2.8250024687590223
93.0, 2.924609263087652
94.0, 3.0341638752975837
95.0, 3.139535348553943
96.0, 3.243260952824187
97.0, 3.331311702448723
98.0, 3.4054491424082047
99.0, 3.470965607194911
100.0, 3.538678203033553
101.0, 3.600457424507026
102.0, 3.6654599417957443
103.0, 3.725916152824149
104.0, 3.7917844124616322
105.0, 3.859401483037084
106.0, 3.9359652067273037
107.0, 4.015188564380823
108.0, 4.1087707423386775
109.0, 4.206868121772238
110.0, 4.315678156676305
111.0, 4.422233604699109
112.0, 4.527499113889992
113.0, 4.620287666927092
114.0, 4.697154603801545
115.0, 4.758066699815289
116.0, 4.831161746683189
117.0, 4.872864424027256
118.0, 4.918344948476944
119.0, 4.958622229554545
120.0, 5.00190255468883
121.0, 5.042694165945863
122.0, 5.079783643813809
123.0, 5.113457972425102
124.0, 5.149493489943453
125.0, 5.178957036699085
126.0, 5.210091870719375
127.0, 5.2343899962407825
128.0, 5.260033375312338
129.0, 5.278600804532389
130.0, 5.298252920846214
131.0, 5.31065727870197
132.0, 5.323950669855759
133.0, 5.329896118028479
134.0, 5.336599512395061
135.0, 5.3359236813848625
136.0, 5.335941775595959
137.0, 5.3286180686425055
138.0, 5.321990370233515
139.0, 5.308127302059445
140.0, 5.2950305904266814
141.0, 5.274871281490271
142.0, 5.255615208647307
143.0, 4.607554471458088
144.0, 4.592876695407903
145.0, 4.584893900048133
146.0, 4.575218199738895
147.0, 4.572658060698327
148.0, 4.568312273712957
149.0, 4.571270453336009
150.0, 4.572399138202789
151.0, 4.4921222625787225
152.0, 4.407323891077655
153.0, 4.327107144905624
154.0, 4.242373082608491
155.0, 4.162223630991269
156.0, 4.077561814684016
157.0, 3.997488005563232
158.0, 3.9129077196438256
159.0, 3.8329193370344483
160.0, 3.748431509535449
161.0, 3.6685400942546886
162.0, 3.584157673744152
163.0, 3.504376723684543
164.0, 3.4201153735204466
165.0, 3.3404617119629116
166.0, 3.256339600759361
167.0, 3.2663490032271225
168.0, 3.1841681659245573
169.0, 3.1066086401439192
170.0, 3.0248043554989694
171.0, 2.9476353778789997
172.0, 2.866271124439637
173.0, 2.7895603676213696
174.0, 2.7992622734947874
175.0, 2.7256625119612803
176.0, 2.6482861361047494
177.0, 2.6654623701434295
178.0, 2.6810213549759854
179.0, 2.7025946046971185
180.0, 2.7226786683036344
181.0, 2.668010788149856
182.0, 2.644082653784499
183.0, 2.625621573778422
184.0, 2.605619000985033
185.0, 2.59193920066468
186.0, 2.5766109873193552
187.0, 2.5682543198666443
188.0, 2.48620279827121
189.0, 2.4803805815541717
190.0, 2.3965494861348597
191.0, 2.3173954771666305
192.0, 2.233834176473926
193.0, 2.1549736640746864
194.0, 2.071747219979891
195.0, 1.9932528477692912
196.0, 1.9104485562369
197.0, 1.8324186378792056
198.0, 1.7501561517712318
199.0, 1.672726798008437
200.0, 1.5898734884086099
201.0, 1.5632966734237252
202.0, 1.4604416861031604
203.0, 1.3523971826800847
204.0, 1.279950323799828
205.0, 1.169655808670814
206.0, 1.1297715132812527
207.0, 1.005735375999484
208.0, 0.9821208656214943
209.0, 0.9125262192089589
210.0, 0.842109389088661
211.0, 0.7786050684814058
212.0, 0.7150088345769844
213.0, 0.6971218970043809
214.0, 0.631700524109084
215.0, 0.5751505098868404
216.0, 0.5524324616615884
217.0, 0.5147291960602564
218.0, 0.5224181629419365
219.0, 0.510426084023507
220.0, 0.47928615167096206
221.0, 0.49753146589882424
222.0, 0.4995389340322706
223.0, 0.5079409221635816
224.0, 0.5153778826798552
225.0, 0.531053006821842
226.0, 0.5460421480218972
227.0, 0.567772132678903
228.0, 0.5887131104161893
229.0, 0.5901800152780353
230.0, 0.588713082782654
231.0, 0.5901798235541882
232.0, 0.5887131104161893
233.0, 0.5901800152780353
234.0, 0.588713082782654
235.0, 0.5901798235541882
236.0, 0.5887131104161893
237.0, 0.5901800152780353
238.0, 0.588713082782654
239.0, 0.5901798235541882
240.0, 0.5887131104161893
241.0, 0.5901800152780353
242.0, 0.588713082782654
243.0, 0.5981452730202687
244.0, 0.6114845726369502
245.0, 0.625935401383179
246.0, 0.6428138336468467
247.0, 0.6616297496251691
248.0, 0.6807853929113393
249.0, 0.7002466729183374
250.0, 0.7205367175475968
251.0, 0.7408338885895159
252.0, 0.761944797803819
253.0, 0.7828664790351544
254.0, 0.8044796247405237
255.0, 0.8257173009455122
256.0, 0.8474336531535763
257.0, 0.868591603813573
258.0, 0.8899856066290115
259.0, 0.9106678142421306
260.0, 0.93136748299102
261.0, 0.9512332160461574
262.0, 0.9709696117208855
263.0, 0.9512574550845044
264.0, 0.927316592316719
265.0, 0.9025401422998027
266.0, 0.8767633035005059
267.0, 0.8502109424900999
268.0, 0.8229624188484617
269.0, 0.7952772918745719
270.0, 0.7672647841301337
271.0, 0.7392426129365303
272.0, 0.7113655451457062
273.0, 0.6840179698119908
274.0, 0.6574143036949653
275.0, 0.6319978590586258
276.0, 0.6080002085594967
277.0, 0.5858828781768751
278.0, 0.5658607853470888
279.0, 0.5485624207865859
280.0, 0.5341760654909201
281.0, 0.5237678875072662
282.0, 0.517688487009783
ee_box_dist
0.0, 0.8586018648195298
1.0, 0.8955744543817954
2.0, 0.9261449115788202
3.0, 0.959455094036844
4.0, 0.9940443739594547
5.0, 1.030265450861079
6.0, 1.0676516472034154
7.0, 1.103023332847749
8.0, 1.1362213637200658
9.0, 1.1739951894549068
10.0, 1.2111524463057208
11.0, 1.2473275832156219
12.0, 1.2875838037045149
13.0, 1.3267653492528566
14.0, 1.3612590750339764
15.0, 1.396676546547951
16.0, 1.429063715247043
17.0, 1.4527715090642555
18.0, 1.4870386749002027
19.0, 1.5116232356725021
20.0, 1.541750334538548
21.0, 1.5075800720029706
22.0, 1.4698554307080534
23.0, 1.4280856884138093
24.0, 1.382872263860352
25.0, 1.3333641463738293
26.0, 1.2806841884952662
27.0, 1.2246758387410246
28.0, 1.1644677202229767
29.0, 1.102017658425117
30.0, 1.0362597115831254
31.0, 0.9680354437045712
32.0, 0.89829836487603
33.0, 0.8267470107143514
34.0, 0.7530196097302919
35.0, 0.6784924285814034
36.0, 0.6042052624030316
37.0, 0.5314786534722776
38.0, 0.4682704902672178
39.0, 0.4029793903031388
40.0, 0.3484888950797625
41.0, 0.3616474973544524
42.0, 0.37573527472803875
43.0, 0.3900933210661041
44.0, 0.40457149453645397
45.0, 0.4190277972498627
46.0, 0.433529623661841
47.0, 0.4479603491070095
48.0, 0.46236059417242414
49.0, 0.47666787200548627
50.0, 0.49087615726613165
51.0, 0.5049741496884615
52.0, 0.5189224603803787
53.0, 0.5327203381089896
54.0, 0.5463161252867762
55.0, 0.5596936002216398
56.0, 0.57280443581341
57.0, 0.5856426596616295
58.0, 0.598175561167598
59.0, 0.6104248818943614
60.0, 0.622344493212792
61.0, 0.633979456751891
62.0, 0.6452676663771363
63.0, 0.6562598136264075
64.0, 0.6668990096296288
65.0, 0.6772294456065445
66.0, 0.6872049682220222
67.0, 0.696856886740695
68.0, 0.7061434243419847
69.0, 0.7150871849980123
70.0, 0.7236505832671493
71.0, 0.7318532470075079
72.0, 0.739661972189812
73.0, 0.7470934323378151
74.0, 0.7541167877009751
75.0, 0.7607462931941409
76.0, 0.7669530324941616
77.0, 0.7727477256751344
78.0, 0.7781038205773639
79.0, 0.7830295258874921
80.0, 0.7874981168730151
81.0, 0.7915166020197701
82.0, 0.795058627407623
83.0, 0.7981302863010187
84.0, 0.8004927599370297
85.0, 0.8023937668764132
86.0, 0.8047218639726852
87.0, 0.8208746404895769
88.0, 0.8766903059929512
89.0, 0.9225327780814251
90.0, 0.9548862172727856
91.0, 0.9548915906866138
92.0, 0.9526681782785613
93.0, 0.9551022556391071
94.0, 0.9526626278169245
95.0, 0.9551020494537882
96.0, 0.9526626668666514
97.0, 0.9551020494537882
98.0, 0.9526626668666514
99.0, 0.9551020494537882
100.0, 0.9526626668666514
101.0, 0.9551020494537882
102.0, 0.9526626668666514
103.0, 0.9551020494537882
104.0, 0.9526626668666514
105.0, 0.9551020494537882
106.0, 0.9526626668666514
107.0, 0.9551020494537882
108.0, 0.9526626668666514
109.0, 0.9551020494537882
110.0, 0.9526626668666514
111.0, 0.9551020494537882
112.0, 0.9526626668666514
113.0, 0.9551020494537882
114.0, 0.9526626668666514
115.0, 0.9595890830669895
116.0, 0.9524443267153097
117.0, 0.9551131616451645
118.0, 0.9526631929174132
119.0, 0.955102202186445
120.0, 0.9526628764788093
121.0, 0.9511967143508181
122.0, 0.9524333359544838
123.0, 0.9551485672697987
124.0, 0.9526606198177014
125.0, 0.9551023443116229
126.0, 0.9526630364185672
127.0, 0.9551022696440059
128.0, 0.952663018614166
129.0, 0.955102383344151
130.0, 0.952663018614166
131.0, 0.955102383344151
132.0, 0.952663018614166
133.0, 0.9551022696440059
134.0, 0.952663018614166
135.0, 0.955102383344151
136.0, 0.952663018614166
137.0, 0.955102383344151
138.0, 0.952663018614166
139.0, 0.9551022696440059
140.0, 0.952663018614166
141.0, 0.955102383344151
142.0, 0.952663018614166
143.0, 1.7043304970612096
144.0, 1.7024529992430422
145.0, 1.6948904051771816
146.0, 1.6892279947228426
147.0, 1.6780375020748803
148.0, 1.6686626268049007
149.0, 1.6540212715012188
150.0, 1.6410637342797318
151.0, 1.7089494796946663
152.0, 1.781360793980715
153.0, 1.8514016966136173
154.0, 1.9258654849303447
155.0, 1.9976044777807773
156.0, 2.0736983732238645
157.0, 2.146791686779779
158.0, 2.22419592426736
159.0, 2.2983822424815776
160.0, 2.376852028481094
161.0, 2.4519304247946034
162.0, 2.5312761821683485
163.0, 2.607090585542998
164.0, 2.68716358729456
165.0, 2.7635906040952976
166.0, 2.8442736627655387
167.0, 2.831994236481919
168.0, 2.9110255894919326
169.0, 2.9864673809070643
170.0, 3.0661696747159315
171.0, 3.1421869971009007
172.0, 3.2224648754516454
173.0, 3.2989765804035405
174.0, 3.290066305031946
175.0, 3.3648170818039738
176.0, 3.4438237372674774
177.0, 3.429380844791133
178.0, 3.4167393765700567
179.0, 3.3984492414405727
180.0, 3.3817993154968935
181.0, 3.445425604003901
182.0, 3.465161215872123
183.0, 3.4794432465089558
184.0, 3.495470433291665
185.0, 3.505570856647712
186.0, 3.5175468276537027
187.0, 3.523266638907143
188.0, 3.606393411751386
189.0, 3.609733476552597
190.0, 3.6939337573157944
191.0, 3.773957074744659
192.0, 3.8582709280137766
193.0, 3.9383859586520744
194.0, 4.022799800076705
195.0, 4.102995447672609
196.0, 4.187497777439393
197.0, 4.267764643810419
198.0, 4.352345662702391
199.0, 4.432675737443038
200.0, 4.51857351449236
201.0, 4.556778257096522
202.0, 4.664145351590371
203.0, 4.775048871717041
204.0, 4.852008738244932
205.0, 4.976164985239594
206.0, 5.01623781651359
207.0, 5.1178159618313055
208.0, 5.1797618053194565
209.0, 5.258686388964149
210.0, 5.343799836859275
211.0, 5.424397855356986
212.0, 5.50934599641915
213.0, 5.509088388115057
214.0, 5.594303730678941
215.0, 5.675175840412877
216.0, 5.6768945778782065
217.0, 5.6935980798496315
218.0, 5.666132104078697
219.0, 5.659594663339959
220.0, 5.669629027896567
221.0, 5.640350899587581
222.0, 5.625553804087788
223.0, 5.607285613884482
224.0, 5.590790413944457
225.0, 5.569178521685591
226.0, 5.548778393711654
227.0, 5.524069776908918
228.0, 5.5002902642434695
229.0, 5.499239538328469
230.0, 5.500290254170873
231.0, 5.49923973124541
232.0, 5.5002902642434695
233.0, 5.499239538328469
234.0, 5.500290254170873
235.0, 5.49923973124541
236.0, 5.5002902642434695
237.0, 5.499239538328469
238.0, 5.500290254170873
239.0, 5.49923973124541
240.0, 5.5002902642434695
241.0, 5.499239538328469
242.0, 5.500290254170873
243.0, 5.4952356127915065
244.0, 5.493365493958447
245.0, 5.490928419084687
246.0, 5.487426777430677
247.0, 5.482691191318357
248.0, 5.477563760622214
249.0, 5.471986681632087
250.0, 5.465572189531196
251.0, 5.458627430309818
252.0, 5.450681304377861
253.0, 5.442243724510701
254.0, 5.432794081814485
255.0, 5.423021209764578
256.0, 5.4123380318860335
257.0, 5.401557878875007
258.0, 5.390026440552404
259.0, 5.378615830413272
260.0, 5.366629666010282
261.0, 5.354957500750752
262.0, 5.342858412139277
263.0, 5.364174585914631
264.0, 5.39163973854502
265.0, 5.419449216779058
266.0, 5.447705935883637
267.0, 5.476165100109463
268.0, 5.504607779987341
269.0, 5.532807888284126
270.0, 5.560553246354006
271.0, 5.587628075098257
272.0, 5.613831045516312
273.0, 5.638961100742562
274.0, 5.66283601424887
275.0, 5.685293990165246
276.0, 5.706227489222695
277.0, 5.725542168597449
278.0, 5.743213372366808
279.0, 5.759026567475861
280.0, 5.773013676468316
281.0, 5.784554625541316
282.0, 5.793505832222034
spot_hold
0, 0
1, 0
2, 0
3, 0
4, 0
5, 0
6, 0
7, 0
8, 0
9, 0
10, 0
11, 0
12, 0
13, 0
14, 0
15, 0
16, 0
17, 0
18, 0
19, 0
20, 0
21, 0
22, 0
23, 0
24, 0
25, 0
26, 0
27, 0
28, 0
29, 0
30, 0
31, 0
32, 0
33, 0
34, 0
35, 0
36, 0
37, 0
38, 0
39, 0
40, 0
41, 1
42, 1
43, 1
44, 1
45, 1
46, 1
47, 1
48, 1
49, 1
50, 1
51, 1
52, 1
53, 1
54, 1
55, 1
56, 1
57, 1
58, 1
59, 1
60, 1
61, 1
62, 1
63, 1
64, 1
65, 1
66, 1
67, 1
68, 1
69, 1
70, 1
71, 1
72, 1
73, 1
74, 1
75, 1
76, 1
77, 1
78, 1
79, 1
80, 1
81, 1
82, 1
83, 1
84, 1
85, 1
86, 1
87, 1
88, 1
89, 1
90, 1
91, 1
92, 1
93, 1
94, 1
95, 1
96, 1
97, 1
98, 1
99, 1
100, 1
101, 1
102, 1
103, 1
104, 1
105, 1
106, 1
107, 1
108, 1
109, 1
110, 1
111, 1
112, 1
113, 1
114, 1
115, 1
116, 1
117, 1
118, 1
119, 1
120, 1
121, 1
122, 1
123, 1
124, 1
125, 1
126, 1
127, 1
128, 1
129, 1
130, 1
131, 1
132, 1
133, 1
134, 1
135, 1
136, 1
137, 1
138, 1
139, 1
140, 1
141, 1
142, 1
143, 1
144, 1
145, 1
146, 1
147, 1
148, 1
149, 1
150, 1
151, 1
152, 1
153, 1
154, 1
155, 1
156, 1
157, 1
158, 1
159, 1
160, 1
161, 1
162, 1
163, 1
164, 1
165, 1
166, 1
167, 1
168, 1
169, 1
170, 1
171, 1
172, 1
173, 1
174, 1
175, 1
176, 1
177, 1
178, 1
179, 1
180, 1
181, 1
182, 1
183, 1
184, 1
185, 1
186, 1
187, 1
188, 1
189, 1
190, 1
191, 1
192, 1
193, 1
194, 1
195, 1
196, 1
197, 1
198, 1
199, 1
200, 1
201, 1
202, 1
203, 1
204, 1
205, 1
206, 1
207, 1
208, 1
209, 1
210, 1
211, 1
212, 1
213, 1
214, 1
215, 1
216, 1
217, 1
218, 1
219, 1
220, 1
221, 1
222, 1
223, 1
224, 1
225, 1
226, 1
227, 1
228, 1
229, 1
230, 1
231, 1
232, 1
233, 1
234, 1
235, 1
236, 1
237, 1
238, 1
239, 1
240, 1
241, 1
242, 1
243, 1
244, 1
245, 1
246, 1
247, 1
248, 1
249, 1
250, 1
251, 1
252, 1
253, 1
254, 1
255, 1
256, 1
257, 1
258, 1
259, 1
260, 1
261, 1
262, 1
263, 1
264, 1
265, 1
266, 1
267, 1
268, 1
269, 1
270, 1
271, 1
272, 1
273, 1
274, 1
275, 1
276, 1
277, 1
278, 1
279, 1
280, 1
281, 1
282, 1
