bot_dist
0.0, 3.2827226816530524
1.0, 3.2879536576179618
2.0, 3.293206690182958
3.0, 3.2984816739686122
4.0, 3.303778503829562
5.0, 3.3090970748595976
6.0, 3.3144372823966552
7.0, 3.319799022027694
8.0, 3.3251821895934777
9.0, 3.330586681193246
10.0, 3.336012393189291
11.0, 3.3414592222114243
12.0, 3.3469270651613456
13.0, 3.3524158192169167
14.0, 3.357925381836328
15.0, 3.363455650762174
16.0, 3.369006524025426
17.0, 3.3745778999493106
18.0, 3.3801696771530927
19.0, 3.385781754555765
20.0, 3.391414031379643
21.0, 3.3970664071538637
22.0, 3.402738781717798
23.0, 3.4084310552243715
24.0, 3.4141431281432904
25.0, 3.419874901264183
26.0, 3.425626275699656
27.0, 3.4313971528882536
28.0, 3.4371874345973423
29.0, 3.4429970229259044
30.0, 3.4488258203072464
31.0, 3.454673729511629
32.0, 3.4605406536488137
33.0, 3.466426496170525
34.0, 3.4723311608728356
35.0, 3.478254551898474
36.0, 3.4841965737390512
37.0, 3.4901571312372126
38.0, 3.49613612958871
39.0, 3.5021334743444044
40.0, 3.5081490714121917
41.0, 3.514182827058855
42.0, 3.5202346479118467
43.0, 3.5263044409609963
44.0, 3.5323921135601553
45.0, 3.538497573428764
46.0, 3.5446207286533555
47.0, 3.5507614876889964
48.0, 3.556919759360651
49.0, 3.5630954528644923
50.0, 3.5692884777691387
51.0, 3.575498744016838
52.0, 3.5817261619245784
53.0, 3.5879706421851445
54.0, 3.5942320958681173
55.0, 3.600510434420804
56.0, 3.606805569669121
57.0, 3.613117413818409
58.0, 3.6194458794542
59.0, 3.6257908795429277
60.0, 3.6321523274325798
61.0, 3.6385301368532947
62.0, 3.644924221917918
63.0, 3.651334497122491
64.0, 3.6577608773467003
65.0, 3.6642032778542704
66.0, 3.670661614293312
67.0, 3.67713580269662
68.0, 3.6836257594819246
69.0, 3.6901314014520925
70.0, 3.696652645795289
71.0, 3.7031894100850917
72.0, 3.7097416122805584
73.0, 3.7163091707262565
74.0, 3.7228920041522455
75.0, 3.729490031674023
76.0, 3.7361031727924243
77.0, 3.742731347393486
78.0, 3.749374475748272
79.0, 3.756032478512657
80.0, 3.7627052767270737
81.0, 3.769392791816227
82.0, 3.7760949455887656
83.0, 3.7828116602369257
84.0, 3.7895428583361346
85.0, 3.7962884628445828
86.0, 3.8030483971027635
87.0, 3.8098225848329794
88.0, 3.8166109501388163
89.0, 3.8234134175045904
90.0, 3.830229911794756
91.0, 3.8370603582532987
92.0, 3.8439046825030836
93.0, 3.8507628105451857
94.0, 3.8576346687581906
95.0, 3.8645201838974663
96.0, 3.8714192830944087
97.0, 3.878331893855666
98.0, 3.885257944062332
99.0, 3.8921973619691186
100.0, 3.8991500762035063
101.0, 3.8991500762035063
102.0, 3.8991500762035063
103.0, 3.8991500762035063
104.0, 3.8991500762035063
105.0, 3.8991500762035063
106.0, 3.8991500762035063
107.0, 3.8991500762035063
108.0, 3.8991500762035063
109.0, 3.8991500762035063
110.0, 3.8991500762035063
111.0, 3.8991500762035063
112.0, 3.8991500762035063
113.0, 3.8991500762035063
114.0, 3.8991500762035063
115.0, 3.8991500762035063
116.0, 3.8991500762035063
117.0, 3.8991500762035063
118.0, 3.8991500762035063
119.0, 3.8991500762035063
120.0, 3.8991500762035063
121.0, 3.8991500762035063
122.0, 3.8991500762035063
123.0, 3.8991500762035063
124.0, 3.8991500762035063
125.0, 3.8991500762035063
126.0, 3.8991500762035063
127.0, 3.8991500762035063
128.0, 3.8991500762035063
129.0, 3.8991500762035063
130.0, 3.8991500762035063
131.0, 3.8921973619691186
132.0, 3.885257944062332
133.0, 3.878331893855666
134.0, 3.8714192830944087
135.0, 3.8645201838974663
136.0, 3.8576346687581906
137.0, 3.8507628105451857
138.0, 3.8439046825030836
139.0, 3.8370603582532987
140.0, 3.830229911794756
141.0, 3.8234134175045904
142.0, 3.8166109501388163
143.0, 3.8140808371254047
144.0, 3.8073142259248427
145.0, 3.800561879163483
146.0, 3.7938238730059917
147.0, 3.7871002839967454
148.0, 3.7803911890603072
149.0, 3.7736966655018676
150.0, 3.767016791007647
151.0, 3.6772802716257997
152.0, 3.5875502904581755
153.0, 3.497827306312995
154.0, 3.4081119196321863
155.0, 3.3184047466240503
156.0, 3.2287064719207517
157.0, 3.1390178583367034
158.0, 3.04933975834416
159.0, 2.9596731276287884
160.0, 2.8700190411781947
161.0, 2.780378712472586
162.0, 2.6907535164975447
163.0, 2.6011450174961346
164.0, 2.5115550026375915
165.0, 2.421985523125754
166.0, 2.3324389447347667
167.0, 2.3258991571962877
168.0, 2.2363814819517507
169.0, 2.1469422897313497
170.0, 2.0575916119348285
171.0, 1.9683415026411788
172.0, 1.8792062909596692
173.0, 1.7902031394209292
174.0, 1.7839800877281071
175.0, 1.696088438400954
176.0, 1.6085412745454646
177.0, 1.6025703557618927
178.0, 1.596639739589298
179.0, 1.5907498767949955
180.0, 1.5849012217262421
181.0, 1.5089744180635931
182.0, 1.503450508267897
183.0, 1.4979729860281754
184.0, 1.4925423620614147
185.0, 1.487159150139654
186.0, 1.4818238669824624
187.0, 1.4765370321438436
188.0, 1.389203435365356
189.0, 1.3840800099281305
190.0, 1.2965487343221322
191.0, 1.209267226500855
192.0, 1.1222936119192457
193.0, 1.0357054597081894
194.0, 0.9496082186001162
195.0, 0.8641486330749755
196.0, 0.7795364474524202
197.0, 0.6960807477707311
198.0, 0.614253094071417
199.0, 0.5348013101933153
200.0, 0.4589609360736413
201.0, 0.388850822228304
202.0, 0.32816444765177094
203.0, 0.28302997916560796
204.0, 0.26162407220916384
205.0, 0.26965804801832965
206.0, 0.3048128806525973
207.0, 0.35921225370432736
208.0, 0.4255386185293625
209.0, 0.499059024722871
210.0, 0.577030177810257
211.0, 0.6578713367612569
212.0, 0.7406435187243561
213.0, 0.7485210742968557
214.0, 0.8300349840106794
215.0, 0.9128645234052317
216.0, 0.9204634815207957
217.0, 0.9281079695560415
218.0, 0.9357968717152361
219.0, 0.943529102195124
220.0, 0.9513036044737674
221.0, 0.9591193506018724
222.0, 0.9669753404982278
223.0, 0.9748706012506994
224.0, 0.9828041864240642
225.0, 0.9907751753758085
226.0, 0.9987826725808733
227.0, 1.006825806966205
228.0, 1.0149037312558462
229.0, 1.0230156213271908
230.0, 1.031160675578936
231.0, 1.031160675578936
232.0, 1.031160675578936
233.0, 1.031160675578936
234.0, 1.031160675578936
235.0, 1.031160675578936
236.0, 1.031160675578936
237.0, 1.031160675578936
238.0, 1.031160675578936
239.0, 1.031160675578936
240.0, 1.031160675578936
241.0, 1.031160675578936
242.0, 1.031160675578936
243.0, 1.031160675578936
244.0, 1.031160675578936
245.0, 1.031160675578936
246.0, 1.031160675578936
247.0, 1.031160675578936
248.0, 1.031160675578936
249.0, 1.031160675578936
250.0, 1.031160675578936
251.0, 1.031160675578936
252.0, 1.031160675578936
253.0, 1.031160675578936
254.0, 1.031160675578936
255.0, 1.031160675578936
256.0, 1.031160675578936
257.0, 1.031160675578936
258.0, 1.031160675578936
259.0, 1.031160675578936
260.0, 1.031160675578936
261.0, 1.0230156213271908
262.0, 1.0149037312558462
263.0, 1.006825806966205
264.0, 0.9987826725808733
265.0, 0.9907751753758085
266.0, 0.9828041864240642
267.0, 0.9748706012506994
268.0, 0.9669753404982278
269.0, 0.9591193506018724
270.0, 0.9513036044737674
271.0, 0.943529102195124
272.0, 0.9357968717152361
273.0, 0.9281079695560415
274.0, 0.9204634815207957
275.0, 0.9128645234052317
276.0, 0.9053122417093828
277.0, 0.8978078143480407
278.0, 0.8903524513575923
279.0, 0.8829473955967436
280.0, 0.8755939234383718
281.0, 0.8682933454494862
282.0, 0.8610470070559741
ee_dist
0.0, 1.0197832191249687
1.0, 1.0454923545613939
2.0, 1.1337921395314055
3.0, 1.2159993825260713
4.0, 1.24428685355014
5.0, 1.2697591981674161
6.0, 1.303862072014412
7.0, 1.3394402633567553
8.0, 1.374761941158805
9.0, 1.4096190538798177
10.0, 1.4488382936683433
11.0, 1.4835991541846925
12.0, 1.5163040914856905
13.0, 1.5462692584829196
14.0, 1.5746694972136277
15.0, 1.600104419133642
16.0, 1.6247771808507143
17.0, 1.6464688130179381
18.0, 1.6678895304363888
19.0, 1.6862835970394365
20.0, 1.7049517768260396
21.0, 1.6792333134657529
22.0, 1.6430257716915189
23.0, 1.6037733857101304
24.0, 1.5609972091629136
25.0, 1.5149073123561703
26.0, 1.465550615583408
27.0, 1.4131757828368865
28.0, 1.3578671464245822
29.0, 1.2999590198106812
30.0, 1.2395907844035596
31.0, 1.1772079253399215
32.0, 1.1130418528858688
33.0, 1.0476852419114766
34.0, 0.9815367257770315
35.0, 0.9154413822229875
36.0, 0.8540501446265871
37.0, 0.7923840111517529
38.0, 0.7313090122557374
39.0, 0.6757216285470946
40.0, 0.6271495989455307
41.0, 0.6419282449229626
42.0, 0.7274665918650816
43.0, 1.0609796630859796
44.0, 1.0191016083833646
45.0, 0.9760254192148893
46.0, 0.930252567886326
47.0, 0.8827971693530804
48.0, 0.8328367477815718
49.0, 0.7811546995193218
50.0, 0.7277617407064143
51.0, 0.6735393741980388
52.0, 0.6186146885401645
53.0, 0.5631521250700252
54.0, 0.5073887449215073
55.0, 0.45164935428387276
56.0, 0.39725659439853317
57.0, 0.3449882193865675
58.0, 0.386516061899737
59.0, 0.45566681181465774
60.0, 0.5350096828553766
61.0, 0.6240603005760109
62.0, 0.717193190129694
63.0, 0.8090934582853546
64.0, 0.8953054551431048
65.0, 0.962462981533264
66.0, 1.0201115324417047
67.0, 1.0786498148044061
68.0, 1.1322106963775547
69.0, 1.1850345451120543
70.0, 1.2378776365742439
71.0, 1.2889741399872225
72.0, 1.3442548818460283
73.0, 1.4051593723665463
74.0, 1.470670288452039
75.0, 1.547299468232097
76.0, 1.6331785552043698
77.0, 1.7284705196337564
78.0, 1.8281328916913722
79.0, 1.927068073610716
80.0, 2.020840643343257
81.0, 2.099633391481506
82.0, 2.1636558398770167
83.0, 2.2267066639506545
84.0, 2.2870980333306945
85.0, 2.3466399723949776
86.0, 2.3963111584596097
87.0, 2.4220254518271673
88.0, 2.4528885541540255
89.0, 2.5087054975525818
90.0, 2.561963915654433
91.0, 2.6443876840953178
92.0, 2.7384214904325863
93.0, 2.839254173599219
94.0, 2.946866513811711
95.0, 3.0538508412401715
96.0, 3.1557800738960857
97.0, 3.245615237522546
98.0, 3.3181052493633825
99.0, 3.3855579775673075
100.0, 3.451652797489019
101.0, 3.515239601392799
102.0, 3.5785387230774877
103.0, 3.6407014408882903
104.0, 3.704703658160976
105.0, 3.773969927069183
106.0, 3.8486615617377096
107.0, 3.9294830767350546
108.0, 4.021188405194801
109.0, 4.120888528097129
110.0, 4.227818854750278
111.0, 4.336038442817771
112.0, 4.439513412840776
113.0, 4.534075924300942
114.0, 4.609253621397736
115.0, 4.677584673257471
116.0, 4.74402956901913
117.0, 4.806991521485188
118.0, 4.850454008087586
119.0, 4.892556417776933
120.0, 4.9345987807781055
121.0, 4.974826073800415
122.0, 5.014996680316325
123.0, 5.0521826157693335
124.0, 5.088012935621275
125.0, 5.12161643530222
126.0, 5.1536842064311985
127.0, 5.182664526924559
128.0, 5.20983344602287
129.0, 5.233600348835294
130.0, 5.255279112074693
131.0, 5.273317010199757
132.0, 5.289052140755549
133.0, 5.3009743513237595
134.0, 5.310445597940604
135.0, 5.316000228996881
136.0, 5.319021040191711
137.0, 5.318083130028433
138.0, 5.314598240982726
139.0, 5.307184400914127
140.0, 5.297270066914749
141.0, 5.283523516749804
142.0, 5.267393989526591
143.0, 4.606721955820194
144.0, 4.59409924822104
145.0, 4.5847912354449445
146.0, 4.577390346025217
147.0, 4.573491769341747
148.0, 4.5715682498696175
149.0, 4.573217613346176
150.0, 4.576836905213801
151.0, 4.494840545372914
152.0, 4.412088522000293
153.0, 4.330164901035943
154.0, 4.247489828396729
155.0, 4.165647635864704
156.0, 4.083058923513945
157.0, 4.001308285597725
158.0, 3.9188169283121996
159.0, 3.8371697096671458
160.0, 3.7547886327397855
161.0, 3.6732588228121523
162.0, 3.591003320753656
163.0, 3.5096075267946736
164.0, 3.4274959320515697
165.0, 3.3462539083408727
166.0, 3.2643080023958437
167.0, 3.273256734198974
168.0, 3.193375218709963
169.0, 3.1144654983798246
170.0, 3.0350023436970295
171.0, 2.956541342886141
172.0, 2.8775664737404423
173.0, 2.799630998821928
174.0, 2.8120109630861987
175.0, 2.7374440759448952
176.0, 2.6626446497163383
177.0, 2.6790243574024717
178.0, 2.697084882859032
179.0, 2.7179936830386286
180.0, 2.740305156949938
181.0, 2.685703099847949
182.0, 2.6623393986663584
183.0, 2.6415296369302874
184.0, 2.622235551485479
185.0, 2.605959648641733
186.0, 2.591461899359233
187.0, 2.5803508329835734
188.0, 2.5007311490726423
189.0, 2.4920925543001857
190.0, 2.4105759151388626
191.0, 2.330009019381205
192.0, 2.2488223439020656
193.0, 2.1686206428017947
194.0, 2.087841751170881
195.0, 2.008094651073932
196.0, 1.9278277861740911
197.0, 1.85187394666367
198.0, 1.8137896574051158
199.0, 1.783008439371356
200.0, 1.6692077945354773
201.0, 1.5673908993245578
202.0, 2.2251050106724795
203.0, 1.8280063292295943
204.0, 1.2180335515779306
205.0, 1.2609703551617888
206.0, 1.2065776768709027
207.0, 1.0728715115738436
208.0, 1.0026963855471887
209.0, 0.9329648108511228
210.0, 0.8795432300792156
211.0, 0.8177700202673053
212.0, 0.7587545236638241
213.0, 0.7377730834553649
214.0, 0.6772592781462766
215.0, 0.6227695073722251
216.0, 0.5998181330228504
217.0, 0.5801226948536315
218.0, 0.562686611532897
219.0, 0.5494462128551149
220.0, 0.5391252998201842
221.0, 0.5337114898441928
222.0, 0.531622220067485
223.0, 0.5346840530310105
224.0, 0.5410518544566062
225.0, 0.5522467826470285
226.0, 0.5663220209156137
227.0, 0.5634212537100494
228.0, 0.6059709688039053
229.0, 0.6050598733647948
230.0, 0.5874836786710889
231.0, 0.6064815747564055
232.0, 0.6047652540332945
233.0, 0.6051183669511756
234.0, 0.6048122532512467
235.0, 0.6051193724839494
236.0, 0.6048109040945698
237.0, 0.6051193384180553
238.0, 0.6048105457023352
239.0, 0.6051193658542613
240.0, 0.6048105183044701
241.0, 0.6051193384180553
242.0, 0.6048105183044701
243.0, 0.6130761439420712
244.0, 0.6255536127990406
245.0, 0.6392973928674475
246.0, 0.6549309220938637
247.0, 0.6715917236445166
248.0, 0.6899337247064695
249.0, 0.7089508794108024
250.0, 0.7294455552198821
251.0, 0.7536999199639716
252.0, 0.7749592046582675
253.0, 0.7974236229705325
254.0, 0.820672617011538
255.0, 0.8437041253992538
256.0, 0.8672818011629552
257.0, 0.8903952795850081
258.0, 0.9137581550619115
259.0, 0.9364584793797119
260.0, 0.9591530318177758
261.0, 0.9810314763490318
262.0, 1.0027284702703512
263.0, 0.9813601874508687
264.0, 0.9554527850622766
265.0, 0.9285235503642889
266.0, 0.9003950194893666
267.0, 0.871284737533968
268.0, 0.8412639783481277
269.0, 0.8105853190342961
270.0, 0.7793499842736972
271.0, 0.7478727171922708
272.0, 0.7163010713688358
273.0, 0.6850261168678611
274.0, 0.6542686874059321
275.0, 0.624498349588622
276.0, 0.5959790429159377
277.0, 0.5692390235265816
278.0, 0.5445725734786091
279.0, 0.5227300713064574
280.0, 0.5040373218683801
281.0, 0.48974678016607337
282.0, 0.48039503260571165
ee_box_dist
0.0, 0.7886410047531855
1.0, 0.8282678954279815
2.0, 0.8555989731409603
3.0, 0.8957163417498452
4.0, 0.9313096452674071
5.0, 0.9688747511513015
6.0, 1.0066915777786616
7.0, 1.0420474704231752
8.0, 1.075245264103556
9.0, 1.1072081299626846
10.0, 1.1429275666469525
11.0, 1.1739741244888366
12.0, 1.2029385441206424
13.0, 1.2293018795461272
14.0, 1.2537328571948825
15.0, 1.2743034814455907
16.0, 1.2949988938427788
17.0, 1.3171588703717816
18.0, 1.3378320587121943
19.0, 1.3574301457265836
20.0, 1.3719931568307828
21.0, 1.3405932741421387
22.0, 1.2999654404742353
23.0, 1.260932311079764
24.0, 1.220414628821859
25.0, 1.1791562759759184
26.0, 1.1342895545389904
27.0, 1.0861831081528341
28.0, 1.0348182584239196
29.0, 0.9817158396667994
30.0, 0.9282542150095483
31.0, 0.8806754640345781
32.0, 0.8215001898578514
33.0, 0.7571920591386776
34.0, 0.6910566900708177
35.0, 0.6237746081596662
36.0, 0.5617435494301036
37.0, 0.4978135482863474
38.0, 0.42945163770778705
39.0, 0.3653082883916731
40.0, 0.30624797836413215
41.0, 0.32161491766391614
42.0, 0.3428405534506375
43.0, 0.3578906985170433
44.0, 0.37364925281526995
45.0, 0.38882319397928
46.0, 0.4034656656177774
47.0, 0.41817358462202997
48.0, 0.43258287100360526
49.0, 0.44695231810003827
50.0, 0.4610643893446974
51.0, 0.4750472359023445
52.0, 0.48879558310624555
53.0, 0.5023545062545405
54.0, 0.5156547830394943
55.0, 0.5287127590864779
56.0, 0.5414662970800528
57.0, 0.553938850940243
58.0, 0.5660815230128994
59.0, 0.5779342164169445
60.0, 0.5894402351368738
61.0, 0.6006536341783457
62.0, 0.6115079720523962
63.0, 0.6220595228296176
64.0, 0.6322474757043227
65.0, 0.6421217218707602
66.0, 0.6516302535771217
67.0, 0.6608125359701252
68.0, 0.6696209133389753
69.0, 0.6780863963003756
70.0, 0.6861660489640191
71.0, 0.6938867100875133
72.0, 0.7012114990746452
73.0, 0.7081628136640296
74.0, 0.7147059802745286
75.0, 0.720860605290628
76.0, 0.7265941216785489
77.0, 0.731923668355748
78.0, 0.7368178868016374
79.0, 0.7412897531130028
80.0, 0.7453109239710655
81.0, 0.7488911637027232
82.0, 0.7520015736182905
83.0, 0.7546523338451564
84.0, 0.7568144367390026
85.0, 0.7584978034220553
86.0, 0.7775216368081689
87.0, 0.8261181848545184
88.0, 0.8651454025401415
89.0, 0.8790985480308934
90.0, 0.905721255587721
91.0, 0.9061259366016237
92.0, 0.9053393793267732
93.0, 0.9060956658425792
94.0, 0.9056277155223423
95.0, 0.9060826901591073
96.0, 0.9056273183703959
97.0, 0.9060828221512705
98.0, 0.905626959341789
99.0, 0.906082662383658
100.0, 0.9056272341369305
101.0, 0.9060825494609069
102.0, 0.905627384725479
103.0, 0.9060824174687433
104.0, 0.9056271005018718
105.0, 0.9060827087735449
106.0, 0.9056272136884145
107.0, 0.9060825203200098
108.0, 0.9056271289923721
109.0, 0.9060823986909788
110.0, 0.9056270925142719
111.0, 0.9060824556075757
112.0, 0.9056265850059121
113.0, 0.9060824099655647
114.0, 0.9056264918096449
115.0, 0.9042259819551242
116.0, 0.9047899029196192
117.0, 0.906158089487792
118.0, 0.9056141831856572
119.0, 0.9060838072435273
120.0, 0.9056259939883723
121.0, 0.906082185032278
122.0, 0.9050293798809169
123.0, 0.9057486114794991
124.0, 0.9056825754632835
125.0, 0.9060724790107997
126.0, 0.9056294904246414
127.0, 0.9060819027254023
128.0, 0.9056266621789375
129.0, 0.906082269268109
130.0, 0.9056265480667369
131.0, 0.9060821650506484
132.0, 0.9056265953602798
133.0, 0.9060820895198538
134.0, 0.9056267367775995
135.0, 0.9060821829174549
136.0, 0.9056267732542036
137.0, 0.90608214507003
138.0, 0.9056268765492286
139.0, 0.9060822584482477
140.0, 0.9056266513609813
141.0, 0.906081797470215
142.0, 0.9056265861897905
143.0, 1.6642566216982606
144.0, 1.6609189007725345
145.0, 1.6551114162091742
146.0, 1.6480345230798046
147.0, 1.6385526491615074
148.0, 1.6278356448392513
149.0, 1.6148192257347391
150.0, 1.6006180645380008
151.0, 1.6703209465297475
152.0, 1.7417181019420243
153.0, 1.813621497476692
154.0, 1.8869927953381571
155.0, 1.9606198435680784
156.0, 2.0355484155657124
157.0, 2.1105434812367907
158.0, 2.186716648876608
159.0, 2.2628108550683796
160.0, 2.339990403756812
161.0, 2.4169788028408923
162.0, 2.4949825904788314
163.0, 2.572706516742566
164.0, 2.6513915071066005
165.0, 2.729725819117975
166.0, 2.8089801999380555
167.0, 2.7984612776577307
168.0, 2.8761629735835923
169.0, 2.9535447238110053
170.0, 3.031874369792368
171.0, 3.109826724606346
172.0, 3.1886931723907392
173.0, 3.26713465439799
174.0, 3.256634713573639
175.0, 3.333342861650241
176.0, 3.410999446579423
177.0, 3.3982325257041
178.0, 3.384041949589513
179.0, 3.367259715000843
180.0, 3.3491577681052953
181.0, 3.4147569585436264
182.0, 3.433063827908336
183.0, 3.4488641738058887
184.0, 3.463276352633268
185.0, 3.4749707883652294
186.0, 3.4851879280010123
187.0, 3.4925385160390845
188.0, 3.574065793426598
189.0, 3.5790498053631845
190.0, 3.661557058734058
191.0, 3.7434127721323263
192.0, 3.8260229858635157
193.0, 3.907970693145102
194.0, 3.990671239188849
195.0, 4.072700655041702
196.0, 4.155480777548552
197.0, 4.235138398571738
198.0, 4.283541555358353
199.0, 4.34108305506273
200.0, 4.455872506344546
201.0, 4.48334743957904
202.0, 3.8196008025332704
203.0, 4.387136411580823
204.0, 4.933552081853279
205.0, 4.890902393662653
206.0, 4.939834855537878
207.0, 5.074508438978163
208.0, 5.158492967199054
209.0, 5.24318243428411
210.0, 5.312726206248896
211.0, 5.394765806194677
212.0, 5.478251878139304
213.0, 5.479497766418154
214.0, 5.562904466652175
215.0, 5.645575795427496
216.0, 5.645437318607698
217.0, 5.642177405618711
218.0, 5.637267533124685
219.0, 5.629303936410379
220.0, 5.619733397662001
221.0, 5.607249461724119
222.0, 5.59323569878629
223.0, 5.5765187022349405
224.0, 5.5583867577424035
225.0, 5.537830222506185
226.0, 5.516004366461869
227.0, 5.505740900472843
228.0, 5.466333898308552
229.0, 5.46696759545999
230.0, 5.478094860312031
231.0, 5.466049262411597
232.0, 5.467126655041374
233.0, 5.466920684387691
234.0, 5.467093487356301
235.0, 5.466920371519266
236.0, 5.46709439288694
237.0, 5.466920484448419
238.0, 5.467094728856286
239.0, 5.46692049469225
240.0, 5.467094718618572
241.0, 5.466920484448419
242.0, 5.467094718618572
243.0, 5.4636961107657465
244.0, 5.462828974430599
245.0, 5.461263654606405
246.0, 5.458793223690638
247.0, 5.455680238409231
248.0, 5.451496210577471
249.0, 5.446589182131255
250.0, 5.440507520886842
251.0, 5.432122115491343
252.0, 5.424580893529994
253.0, 5.415859542844006
254.0, 5.406097276449949
255.0, 5.395937809993247
256.0, 5.38483181445295
257.0, 5.37355398306361
258.0, 5.361499117725844
259.0, 5.349489673429037
260.0, 5.33688812653989
261.0, 5.32453231001492
262.0, 5.31174717762526
263.0, 5.3330266606734265
264.0, 5.360033167750062
265.0, 5.387378049332782
266.0, 5.41514550556405
267.0, 5.443099412314236
268.0, 5.471026025018456
269.0, 5.498705786416458
270.0, 5.525932323901098
271.0, 5.552493867646101
272.0, 5.578197266827969
273.0, 5.602846225496528
274.0, 5.626262094073854
275.0, 5.6482879930275285
276.0, 5.668822830136829
277.0, 5.687773237918633
278.0, 5.7051196905663035
279.0, 5.7206446404441875
280.0, 5.734386672760554
281.0, 5.745721134814016
282.0, 5.754511070014298
spot_hold
0, 0
1, 0
2, 0
3, 0
4, 0
5, 0
6, 0
7, 0
8, 0
9, 0
10, 0
11, 0
12, 0
13, 0
14, 0
15, 0
16, 0
17, 0
18, 0
19, 0
20, 0
21, 0
22, 0
23, 0
24, 0
25, 0
26, 0
27, 0
28, 0
29, 0
30, 0
31, 0
32, 0
33, 0
34, 0
35, 0
36, 0
37, 0
38, 0
39, 0
40, 0
41, 1
42, 1
43, 1
44, 1
45, 1
46, 1
47, 1
48, 1
49, 1
50, 1
51, 1
52, 1
53, 1
54, 1
55, 1
56, 1
57, 1
58, 1
59, 1
60, 1
61, 1
62, 1
63, 1
64, 1
65, 1
66, 1
67, 1
68, 1
69, 1
70, 1
71, 1
72, 1
73, 1
74, 1
75, 1
76, 1
77, 1
78, 1
79, 1
80, 1
81, 1
82, 1
83, 1
84, 1
85, 1
86, 1
87, 1
88, 1
89, 1
90, 1
91, 1
92, 1
93, 1
94, 1
95, 1
96, 1
97, 1
98, 1
99, 1
100, 1
101, 1
102, 1
103, 1
104, 1
105, 1
106, 1
107, 1
108, 1
109, 1
110, 1
111, 1
112, 1
113, 1
114, 1
115, 1
116, 1
117, 1
118, 1
119, 1
120, 1
121, 1
122, 1
123, 1
124, 1
125, 1
126, 1
127, 1
128, 1
129, 1
130, 1
131, 1
132, 1
133, 1
134, 1
135, 1
136, 1
137, 1
138, 1
139, 1
140, 1
141, 1
142, 1
143, 1
144, 1
145, 1
146, 1
147, 1
148, 1
149, 1
150, 1
151, 1
152, 1
153, 1
154, 1
155, 1
156, 1
157, 1
158, 1
159, 1
160, 1
161, 1
162, 1
163, 1
164, 1
165, 1
166, 1
167, 1
168, 1
169, 1
170, 1
171, 1
172, 1
173, 1
174, 1
175, 1
176, 1
177, 1
178, 1
179, 1
180, 1
181, 1
182, 1
183, 1
184, 1
185, 1
186, 1
187, 1
188, 1
189, 1
190, 1
191, 1
192, 1
193, 1
194, 1
195, 1
196, 1
197, 1
198, 1
199, 1
200, 1
201, 1
202, 1
203, 1
204, 1
205, 1
206, 1
207, 1
208, 1
209, 1
210, 1
211, 1
212, 1
213, 1
214, 1
215, 1
216, 1
217, 1
218, 1
219, 1
220, 1
221, 1
222, 1
223, 1
224, 1
225, 1
226, 1
227, 1
228, 1
229, 1
230, 1
231, 1
232, 1
233, 1
234, 1
235, 1
236, 1
237, 1
238, 1
239, 1
240, 1
241, 1
242, 1
243, 1
244, 1
245, 1
246, 1
247, 1
248, 1
249, 1
250, 1
251, 1
252, 1
253, 1
254, 1
255, 1
256, 1
257, 1
258, 1
259, 1
260, 1
261, 1
262, 1
263, 1
264, 1
265, 1
266, 1
267, 1
268, 1
269, 1
270, 1
271, 1
272, 1
273, 1
274, 1
275, 1
276, 1
277, 1
278, 1
279, 1
280, 1
281, 1
282, 1
