bot_dist
0.0, 3.7754260408446014
1.0, 3.782141307156573
2.0, 3.788871064622158
3.0, 3.7956152361614044
4.0, 3.8023737450767077
5.0, 3.8091465150523254
6.0, 3.815933470153851
7.0, 3.8227345348276645
8.0, 3.829549633900347
9.0, 3.8363786925780685
10.0, 3.8432216364459477
11.0, 3.850078391467381
12.0, 3.8569488839833466
13.0, 3.863833040711675
14.0, 3.8707307887463074
15.0, 3.8776420555565103
16.0, 3.884566768986082
17.0, 3.8915048572525177
18.0, 3.89845624894617
19.0, 3.9054208730293687
20.0, 3.912398658835528
21.0, 3.919389536068229
22.0, 3.926393434800282
23.0, 3.9334102854727617
24.0, 3.9404400188940314
25.0, 3.9474825662387434
26.0, 3.954537859046814
27.0, 3.961605829222392
28.0, 3.968686409032798
29.0, 3.975779531107451
30.0, 3.9828851284367786
31.0, 3.9900031343711064
32.0, 3.997133482619536
33.0, 4.0042761072488045
34.0, 4.011430942682129
35.0, 4.018597923698035
36.0, 4.025776985429173
37.0, 4.032968063361125
38.0, 4.0401710933311845
39.0, 4.047386011527136
40.0, 4.05461275448602
41.0, 4.06185125909288
42.0, 4.069101462579503
43.0, 4.076363302523147
44.0, 4.083636716845257
45.0, 4.090921643810174
46.0, 4.098218022023827
47.0, 4.105525790432424
48.0, 4.112844888321123
49.0, 4.1201752553127085
50.0, 4.127516831366242
51.0, 4.134869556775719
52.0, 4.14223337216871
53.0, 4.149608218505
54.0, 4.156994037075208
55.0, 4.16439076949942
56.0, 4.171798357725793
57.0, 4.1792167440291745
58.0, 4.186645871009696
59.0, 4.194085681591375
60.0, 4.201536119020705
61.0, 4.208997126865245
62.0, 4.216468649012195
63.0, 4.223950629666982
64.0, 4.231443013351829
65.0, 4.23894574490432
66.0, 4.246458769475974
67.0, 4.253982032530803
68.0, 4.261515479843869
69.0, 4.269059057499846
70.0, 4.27661271189157
71.0, 4.284176389718587
72.0, 4.291750037985708
73.0, 4.299333604001556
74.0, 4.306927035377105
75.0, 4.31453028002423
76.0, 4.322143286154246
77.0, 4.329766002276454
78.0, 4.337398377196676
79.0, 4.3450403600157985
80.0, 4.3526919001283115
81.0, 4.360352947220847
82.0, 4.368023451270721
83.0, 4.375703362544468
84.0, 4.383392631596385
85.0, 4.391091209267068
86.0, 4.398799046681957
87.0, 4.4065160952498745
88.0, 4.414242306661567
89.0, 4.421977632888254
90.0, 4.429722026180164
91.0, 4.437475439065091
92.0, 4.445237824346935
93.0, 4.453009135104257
94.0, 4.460789324688825
95.0, 4.468578346724172
96.0, 4.47637615510415
97.0, 4.48418270399149
98.0, 4.4919979478163565
99.0, 4.499821841274922
100.0, 4.50765433932792
101.0, 4.50765433932792
102.0, 4.50765433932792
103.0, 4.50765433932792
104.0, 4.50765433932792
105.0, 4.50765433932792
106.0, 4.50765433932792
107.0, 4.50765433932792
108.0, 4.50765433932792
109.0, 4.50765433932792
110.0, 4.50765433932792
111.0, 4.50765433932792
112.0, 4.50765433932792
113.0, 4.50765433932792
114.0, 4.50765433932792
115.0, 4.50765433932792
116.0, 4.50765433932792
117.0, 4.50765433932792
118.0, 4.50765433932792
119.0, 4.50765433932792
120.0, 4.50765433932792
121.0, 4.50765433932792
122.0, 4.50765433932792
123.0, 4.50765433932792
124.0, 4.50765433932792
125.0, 4.50765433932792
126.0, 4.50765433932792
127.0, 4.50765433932792
128.0, 4.50765433932792
129.0, 4.50765433932792
130.0, 4.50765433932792
131.0, 4.499821841274922
132.0, 4.4919979478163565
133.0, 4.48418270399149
134.0, 4.47637615510415
135.0, 4.468578346724172
136.0, 4.460789324688825
137.0, 4.453009135104257
138.0, 4.445237824346935
139.0, 4.437475439065091
140.0, 4.429722026180164
141.0, 4.421977632888254
142.0, 4.414242306661567
143.0, 4.410198249729822
144.0, 4.4024876555549675
145.0, 4.394786287446331
146.0, 4.38709419399188
147.0, 4.379411424062227
148.0, 4.3717380268120785
149.0, 4.364074051681675
150.0, 4.3564195483982475
151.0, 4.2672582622250745
152.0, 4.178127220360026
153.0, 4.089028362611672
154.0, 3.9999638804244055
155.0, 3.91093612232224
156.0, 3.8219476546386457
157.0, 3.7330012872270286
158.0, 3.6441001028796305
159.0, 3.555247491090303
160.0, 3.4664471869232827
161.0, 3.377703315905744
162.0, 3.2890204460539394
163.0, 3.200403648380768
164.0, 3.1118585675292
165.0, 3.023391504547288
166.0, 2.9350095142878874
167.0, 2.9270183258877682
168.0, 2.8371689936286444
169.0, 2.747359338707369
170.0, 2.657593226399576
171.0, 2.5678752231124293
172.0, 2.478210553886011
173.0, 2.38860522497059
174.0, 2.3805067877168673
175.0, 2.2898593777797327
176.0, 2.199240181794033
177.0, 2.1911421823011263
178.0, 2.1830599507388166
179.0, 2.174993662887025
180.0, 2.166943496793629
181.0, 2.0781744362787147
182.0, 2.0702146257416003
183.0, 2.0622725826827657
184.0, 2.0543485131676626
185.0, 2.046442625983406
186.0, 2.0385551326731535
187.0, 2.030686247570705
188.0, 1.9423023235630845
189.0, 1.9344119462414786
190.0, 1.8481488983300327
191.0, 1.7621824456034676
192.0, 1.6765579961446164
193.0, 1.5913307572371038
194.0, 1.506568141528987
195.0, 1.4223532166309205
196.0, 1.3387893420174344
197.0, 1.2560064702809268
198.0, 1.1741698029350607
199.0, 1.093491801757331
200.0, 1.0142490012543064
201.0, 0.9368056758096368
202.0, 0.8616471630324513
203.0, 0.7894263198953537
204.0, 0.7210264330619928
205.0, 0.6576408149237756
206.0, 0.6008584586922645
207.0, 0.5527182419274839
208.0, 0.5156463363446911
209.0, 0.4921503378652957
210.0, 0.48421058185987204
211.0, 0.49257971313396515
212.0, 0.5164657940902275
213.0, 0.5119451786029573
214.0, 0.5557384385201326
215.0, 0.6093372182937283
216.0, 0.6073246256417594
217.0, 0.605470524338219
218.0, 0.6037763744901115
219.0, 0.6022435259602041
220.0, 0.6008732132056358
221.0, 0.5996665504709114
222.0, 0.5986245273774117
223.0, 0.5977480049489978
224.0, 0.597037712110144
225.0, 0.5964942426892766
226.0, 0.5961180529557234
227.0, 0.5959094597139083
228.0, 0.5958686389732658
229.0, 0.5959956252068571
230.0, 0.5962903112059623
231.0, 0.5962903112059623
232.0, 0.5962903112059623
233.0, 0.5962903112059623
234.0, 0.5962903112059623
235.0, 0.5962903112059623
236.0, 0.5962903112059623
237.0, 0.5962903112059623
238.0, 0.5962903112059623
239.0, 0.5962903112059623
240.0, 0.5962903112059623
241.0, 0.5962903112059623
242.0, 0.5962903112059623
243.0, 0.5962903112059623
244.0, 0.5962903112059623
245.0, 0.5962903112059623
246.0, 0.5962903112059623
247.0, 0.5962903112059623
248.0, 0.5962903112059623
249.0, 0.5962903112059623
250.0, 0.5962903112059623
251.0, 0.5962903112059623
252.0, 0.5962903112059623
253.0, 0.5962903112059623
254.0, 0.5962903112059623
255.0, 0.5962903112059623
256.0, 0.5962903112059623
257.0, 0.5962903112059623
258.0, 0.5962903112059623
259.0, 0.5962903112059623
260.0, 0.5962903112059623
261.0, 0.5959956252068571
262.0, 0.5958686389732658
263.0, 0.5959094597139083
264.0, 0.5961180529557234
265.0, 0.5964942426892766
266.0, 0.597037712110144
267.0, 0.5977480049489978
268.0, 0.5986245273774117
269.0, 0.5996665504709114
270.0, 0.6008732132056358
271.0, 0.6022435259602041
272.0, 0.6037763744901115
273.0, 0.605470524338219
274.0, 0.6073246256417594
275.0, 0.6093372182937283
276.0, 0.6115067374146459
277.0, 0.6138315190894005
278.0, 0.6163098063232711
279.0, 0.6189397551712003
280.0, 0.62171944099495
281.0, 0.6246468648038598
282.0, 0.6277199596364927
ee_dist
0.0, 1.5319535423188382
1.0, 1.5989308647586655
2.0, 1.7111310800146975
3.0, 1.805303044809716
4.0, 1.8379159375083856
5.0, 1.8638025531928542
6.0, 1.8957439316684066
7.0, 1.9286576472335475
8.0, 1.9631979007809086
9.0, 1.996054273925021
10.0, 2.033109894288231
11.0, 2.066597569406103
12.0, 2.096828076969092
13.0, 2.13221572897166
14.0, 2.158037466995584
15.0, 2.184482137057277
16.0, 2.2094228185879037
17.0, 2.2368739396666477
18.0, 2.258285326847427
19.0, 2.2775322953842267
20.0, 2.2967621143030064
21.0, 2.266251968538765
22.0, 2.2242596530186307
23.0, 2.1790421399761444
24.0, 2.130178506603594
25.0, 2.0779788986943943
26.0, 2.0226187753243683
27.0, 1.9644733568636041
28.0, 1.9037915830275842
29.0, 1.8410716108301355
30.0, 1.7766608793864984
31.0, 1.711204417791685
32.0, 1.645189893160914
33.0, 1.5794383498955193
34.0, 1.5146301118460308
35.0, 1.4518098076244343
36.0, 1.3919121810095825
37.0, 1.3362282970250305
38.0, 1.285945547242242
39.0, 1.2424736262902214
40.0, 1.2071237197653797
41.0, 1.21995237192838
42.0, 1.080473389845343
43.0, 0.7216668411520241
44.0, 0.6746606028253532
45.0, 0.6277712239286207
46.0, 0.5810791356010767
47.0, 0.5347745675226221
48.0, 0.4900750818358077
49.0, 0.4479127393486062
50.0, 0.4102402359305952
51.0, 0.3794207443679468
52.0, 0.357917932971422
53.0, 0.347433774863277
54.0, 0.3495203984021798
55.0, 0.3641563137253275
56.0, 0.3903571589171004
57.0, 0.4256291566251333
58.0, 0.39587081876761904
59.0, 0.34185153809509927
60.0, 0.2947538059208984
61.0, 0.26890282377375135
62.0, 0.27954157360667253
63.0, 0.32394628170815254
64.0, 0.38507102347626576
65.0, 0.4435934993477193
66.0, 0.502112162692692
67.0, 0.56002200776359
68.0, 0.6118501448414984
69.0, 0.6617219500482691
70.0, 0.7098334689213542
71.0, 0.7564602291157452
72.0, 0.8021884136974258
73.0, 0.8559625850099787
74.0, 0.9141283850783859
75.0, 0.9839381186389676
76.0, 1.063554049323236
77.0, 1.1533250249915858
78.0, 1.2487821753169261
79.0, 1.345082348304168
80.0, 1.4374640082430437
81.0, 1.516398295175736
82.0, 1.5817619934976637
83.0, 1.6468005359499618
84.0, 1.7081900772858134
85.0, 1.7680729677722653
86.0, 1.8165783391839676
87.0, 1.8450631075987811
88.0, 1.8744440336596302
89.0, 1.9129518928321487
90.0, 1.9629044827187763
91.0, 2.0434072925000986
92.0, 2.134447724317315
93.0, 2.2343570954551826
94.0, 2.33848228333395
95.0, 2.444156276752841
96.0, 2.5452621845841414
97.0, 2.635139272925658
98.0, 2.708095590626263
99.0, 2.7768656301739307
100.0, 2.8436197149243387
101.0, 2.907610813059783
102.0, 2.9708998735687615
103.0, 3.0327650107061435
104.0, 3.0955388637042485
105.0, 3.164083714369851
106.0, 3.23752479152494
107.0, 3.3172268552405773
108.0, 3.407710138934626
109.0, 3.506260843044706
110.0, 3.6121572351569657
111.0, 3.7194354417316475
112.0, 3.8225475612707025
113.0, 3.91923565012248
114.0, 3.992577755358832
115.0, 4.061222148301956
116.0, 4.128136105334286
117.0, 4.1923526006073155
118.0, 4.255700742441413
119.0, 4.318798596635412
120.0, 4.3810169392710945
121.0, 4.448777289953598
122.0, 4.522302836168242
123.0, 4.598873882539846
124.0, 4.688401586738243
125.0, 4.7339862541993805
126.0, 4.780088735818119
127.0, 4.8252860486311
128.0, 4.870390130321089
129.0, 4.913995870206472
130.0, 4.95694292352716
131.0, 4.997858445735067
132.0, 5.037605167715676
133.0, 5.07484471335273
134.0, 5.11046732500112
135.0, 5.1431726408414695
136.0, 5.1738803669072135
137.0, 5.20132586140414
138.0, 5.226456943815143
139.0, 5.248053992595161
140.0, 5.267086073530807
141.0, 5.282378635851618
142.0, 5.29492637665576
143.0, 4.643455260134059
144.0, 4.633833123017317
145.0, 4.6273188699339105
146.0, 4.622795140383197
147.0, 4.621497781767453
148.0, 4.6222270100392935
149.0, 4.626191933919185
150.0, 4.632147813637212
151.0, 4.55131264988617
152.0, 4.469961618056157
153.0, 4.389292619454625
154.0, 4.308117244716648
155.0, 4.227633758208658
156.0, 4.14665504980891
157.0, 4.066379261957534
158.0, 3.9856213598600583
159.0, 3.9055792175805863
160.0, 3.8250702948345903
161.0, 3.745292159725686
162.0, 3.665065391120051
163.0, 3.5855867745771803
164.0, 3.5056813080647404
165.0, 3.426544631915572
166.0, 3.3470066253458075
167.0, 3.358580938875838
168.0, 3.2820017683985965
169.0, 3.206342638465792
170.0, 3.1304920575387247
171.0, 3.055610822504766
172.0, 2.980600792227558
173.0, 2.9066196049269526
174.0, 2.921798376157882
175.0, 2.852199512801762
176.0, 2.78281549705952
177.0, 2.801485098396922
178.0, 2.8216727959852843
179.0, 2.8441370343748167
180.0, 2.8678164751677895
181.0, 2.8211291143294646
182.0, 2.7966548522097665
183.0, 2.7741606423321437
184.0, 2.7529967200219434
185.0, 2.7342753493807823
186.0, 2.717176494916251
187.0, 2.702914729103474
188.0, 2.627545178325846
189.0, 2.6153723584747293
190.0, 2.5373550684737847
191.0, 2.460293850948542
192.0, 2.3830485816132723
193.0, 2.3068321249383557
194.0, 2.2305213820038605
195.0, 2.155332656330131
196.0, 2.0801649647413285
197.0, 2.006239970181056
198.0, 1.9324860871974385
199.0, 1.8601328791714227
200.0, 1.7881482672305278
201.0, 1.7177733814768885
202.0, 1.6480295888426602
203.0, 1.5801746750786818
204.0, 1.5133024739012924
205.0, 1.4486939528841105
206.0, 1.3855403754016449
207.0, 1.3251535330668123
208.0, 1.2668528538886374
209.0, 1.2119839747246735
210.0, 1.1600283301096297
211.0, 1.11235558280685
212.0, 1.068630783853299
213.0, 1.0439052754164102
214.0, 0.9981311859084206
215.0, 0.9578569304511861
216.0, 0.9321495267997933
217.0, 0.908376898124528
218.0, 0.8859434379562587
219.0, 0.8661358496230155
220.0, 0.8481694090717624
221.0, 0.8334834611483065
222.0, 0.8210976841046068
223.0, 0.812525255851063
224.0, 0.806587873821447
225.0, 0.8047686941841836
226.0, 0.8057222681044237
227.0, 0.8108088789279593
228.0, 0.8185700633725197
229.0, 0.8301817929628998
230.0, 0.8155818639753347
231.0, 0.8307434092717624
232.0, 0.8298366255943938
233.0, 0.8301657545776678
234.0, 0.8298669287101823
235.0, 0.8301795934858003
236.0, 0.82986853296975
237.0, 0.8301812846404322
238.0, 0.8286268669722875
239.0, 0.8301969981990898
240.0, 0.8298700161408992
241.0, 0.8301801415295077
242.0, 0.8298685569838883
243.0, 0.8353956435989791
244.0, 0.8469009785510773
245.0, 0.8596193890774152
246.0, 0.8747310086081161
247.0, 0.8910281686275897
248.0, 0.909494320270386
249.0, 0.9288592955621986
250.0, 0.9501479961530385
251.0, 0.9720367377199847
252.0, 0.9955403894928049
253.0, 1.019320262374658
254.0, 1.04433974877668
255.0, 1.0693054763953103
256.0, 1.0951100518842007
257.0, 1.1205568585201164
258.0, 1.1464634288046243
259.0, 1.171762287595009
260.0, 1.1972144417480655
261.0, 1.2218292606137129
262.0, 1.246353612478688
263.0, 1.2196310448512597
264.0, 1.1865545967384876
265.0, 1.1517943493673526
266.0, 1.1150925759769048
267.0, 1.0766465371677512
268.0, 1.0365080267597377
269.0, 0.994896077089881
270.0, 0.9518905188316972
271.0, 0.9077662603331098
272.0, 0.8626402042931419
273.0, 0.8168871276228848
274.0, 0.7691253457303251
275.0, 0.7218979843312525
276.0, 0.6625269825930089
277.0, 0.6032736118162184
278.0, 0.5613410469293274
279.0, 0.5117918790982254
280.0, 0.47015215623354445
281.0, 0.44141064941331326
282.0, 0.423266614475631
ee_box_dist
0.0, 0.8474501023153891
1.0, 0.8856531506380874
2.0, 0.9166995355352409
3.0, 0.9500990768526625
4.0, 0.9850703328523425
5.0, 1.0213031462365827
6.0, 1.058421256061416
7.0, 1.0937553252213466
8.0, 1.1274841190843878
9.0, 1.1584616876666618
10.0, 1.1926483925452886
11.0, 1.2226031807901077
12.0, 1.2488239566270947
13.0, 1.2799908220624603
14.0, 1.3015897930027938
15.0, 1.323735702472898
16.0, 1.3443578728582863
17.0, 1.367427112598401
18.0, 1.3848651776969512
19.0, 1.400348164804697
20.0, 1.4158958646402267
21.0, 1.3912122354992107
22.0, 1.3574531933656588
23.0, 1.3208120430346855
24.0, 1.2808793928555147
25.0, 1.2378636689901408
26.0, 1.191798434150517
27.0, 1.1429200861252518
28.0, 1.0912807377894684
29.0, 1.0371852782272437
30.0, 0.9807179701721552
31.0, 0.9222712538888471
32.0, 0.8619742438500307
33.0, 0.8003058912740171
34.0, 0.7374801279746364
35.0, 0.6742640999016093
36.0, 0.6112149446393685
37.0, 0.5498525347640083
38.0, 0.4914928383358152
39.0, 0.43838306723878157
40.0, 0.3933621849467938
41.0, 0.4045520837119348
42.0, 0.4159622915701789
43.0, 0.4276275745329525
44.0, 0.4393981815811649
45.0, 0.45134358312998585
46.0, 0.4632833613108422
47.0, 0.47533583901362164
48.0, 0.487279972618263
49.0, 0.4992803371436162
50.0, 0.5110941564660925
51.0, 0.5229077277486528
52.0, 0.5345030246169596
53.0, 0.546076261511402
54.0, 0.5574560431610636
55.0, 0.5688365534928694
56.0, 0.5800593447528295
57.0, 0.5912546850175825
58.0, 0.6022710794779916
59.0, 0.6131760124924457
60.0, 0.6238771502923149
61.0, 0.634392052809662
62.0, 0.6446773018339224
63.0, 0.6547366211445339
64.0, 0.6645288788085053
65.0, 0.6740607815503593
66.0, 0.683285340239521
67.0, 0.6922216432799432
68.0, 0.7008267865067538
69.0, 0.7091288427136763
70.0, 0.717086130686035
71.0, 0.7247237375364068
72.0, 0.7320028734948077
73.0, 0.7389438329484812
74.0, 0.7455118561285304
75.0, 0.751723734169685
76.0, 0.7575483696108278
77.0, 0.7629986747809376
78.0, 0.7680457970439306
79.0, 0.7727010591490928
80.0, 0.7769363101172772
81.0, 0.7807610886518164
82.0, 0.7841481595494179
83.0, 0.7871058220230636
84.0, 0.7896078203028073
85.0, 0.791664862970066
86.0, 0.8101627933853938
87.0, 0.8524424506229958
88.0, 0.8898718741034317
89.0, 0.9227176876226344
90.0, 0.946432604866841
91.0, 0.9461630157278414
92.0, 0.9459387872386765
93.0, 0.9449445431187956
94.0, 0.946003253688656
95.0, 0.9462628314521
96.0, 0.9459449175232711
97.0, 0.9462973133912543
98.0, 0.9459474068864141
99.0, 0.9463014070197978
100.0, 0.9459475443028971
101.0, 0.9463020419661468
102.0, 0.9459475443028971
103.0, 0.9463021684090196
104.0, 0.9459476707376229
105.0, 0.9463021684090196
106.0, 0.9459476707376229
107.0, 0.9463021684090196
108.0, 0.9459476707376229
109.0, 0.9463021856917155
110.0, 0.9456679774539283
111.0, 0.9463955397666103
112.0, 0.9459499544550695
113.0, 0.9439923688282367
114.0, 0.946035166013472
115.0, 0.945552461278955
116.0, 0.9460624087380108
117.0, 0.9463740291385963
118.0, 0.9459599636066117
119.0, 0.9463193503627229
120.0, 0.9459543669822372
121.0, 0.9463094001332225
122.0, 0.9459532300329039
123.0, 0.9463079119159915
124.0, 0.9459531035979261
125.0, 0.9463075944419774
126.0, 0.9459530317450572
127.0, 0.9463075298542145
128.0, 0.9459530490158191
129.0, 0.9463075844344666
130.0, 0.9459530490158191
131.0, 0.9463075471368352
132.0, 0.945953086327165
133.0, 0.946307564419459
134.0, 0.9459530662865843
135.0, 0.946307564419459
136.0, 0.9459530662865843
137.0, 0.946307564419459
138.0, 0.9459530662865843
139.0, 0.946307564419459
140.0, 0.9459531035979261
141.0, 0.946307564419459
142.0, 0.9459531035979261
143.0, 1.6646450414311469
144.0, 1.6662195523512913
145.0, 1.6655477895056638
146.0, 1.6634473162078525
147.0, 1.6591117769426804
148.0, 1.6533646128430568
149.0, 1.6454314677634898
150.0, 1.636119976139995
151.0, 1.7117196859175476
152.0, 1.788376125946583
153.0, 1.8652248965312306
154.0, 1.9429992202066857
155.0, 2.020816550532079
156.0, 2.099466122499331
157.0, 2.178047465358603
158.0, 2.257393550869498
159.0, 2.3365867426637372
160.0, 2.41649516897474
161.0, 2.4961851022740804
162.0, 2.576553362873656
163.0, 2.656651782916513
164.0, 2.7374004298898944
165.0, 2.817838251936746
166.0, 2.898905164346261
167.0, 2.8913212906784103
168.0, 2.971226308598047
169.0, 3.050850838785881
170.0, 3.131136039366088
171.0, 3.211105336735174
172.0, 3.2917162349159828
173.0, 3.371981587532629
174.0, 3.3638481781832326
175.0, 3.4427098310309816
176.0, 3.5222507750155554
177.0, 3.5119326070311625
178.0, 3.500051025412935
179.0, 3.4857411117382857
180.0, 3.4699678130291494
181.0, 3.5389777803595437
182.0, 3.554861188406811
183.0, 3.568387485875253
184.0, 3.580385782798892
185.0, 3.5898561519049417
186.0, 3.5977153987111476
187.0, 3.602933486472156
188.0, 3.6853171983525552
189.0, 3.6882836909319234
190.0, 3.771192091678572
191.0, 3.8536134664664368
192.0, 3.936580408380237
193.0, 4.0190538012410615
194.0, 4.102072318900049
195.0, 4.184591350258856
196.0, 4.2676556631296325
197.0, 4.35021512476863
198.0, 4.433320196005734
199.0, 4.515915637673466
200.0, 4.599057143947628
201.0, 4.681684740893522
202.0, 4.764858950482439
203.0, 4.847515397743491
204.0, 4.930719072752268
205.0, 5.01340150011135
206.0, 5.096632019146751
207.0, 5.17933772049967
208.0, 5.262592409138777
209.0, 5.345319391428
210.0, 5.428596074729795
211.0, 5.511342003369217
212.0, 5.594638760655346
213.0, 5.5949683313611525
214.0, 5.678188504200771
215.0, 5.760878480173952
216.0, 5.759503494524462
217.0, 5.755308276993474
218.0, 5.749381016890695
219.0, 5.74071187379801
220.0, 5.730367636212767
221.0, 5.717426468164741
222.0, 5.702907154619216
223.0, 5.685995862707433
224.0, 5.667641566857388
225.0, 5.647165404024895
226.0, 5.625413551957439
227.0, 5.601867282493965
228.0, 5.577249239326728
229.0, 5.551215853367593
230.0, 5.5566097116530555
231.0, 5.550995607949617
232.0, 5.5513234159339655
233.0, 5.551222170115232
234.0, 5.551310553843953
235.0, 5.551216802986989
236.0, 5.551309582012379
237.0, 5.551216252341597
238.0, 5.551657242865989
239.0, 5.551212192823558
240.0, 5.551303971384739
241.0, 5.55121148035175
242.0, 5.551304555829673
243.0, 5.55116442241604
244.0, 5.5519807323296435
245.0, 5.55223649959552
246.0, 5.551642994507195
247.0, 5.550440704078495
248.0, 5.5482876273730835
249.0, 5.5454548449648025
250.0, 5.541616703448935
251.0, 5.537112426282247
252.0, 5.531613069624521
253.0, 5.525552134898007
254.0, 5.518568648054505
255.0, 5.511182131111842
256.0, 5.502987238996849
257.0, 5.494570767463887
258.0, 5.485484399839679
259.0, 5.476356217558332
260.0, 5.466697886139056
261.0, 5.457187584538503
262.0, 5.44728682108001
263.0, 5.463830215869184
264.0, 5.484764146244495
265.0, 5.505918360324627
266.0, 5.527357505611542
267.0, 5.548917663747931
268.0, 5.570428051035779
269.0, 5.5917412356025
270.0, 5.612677233430341
271.0, 5.633081320240054
272.0, 5.652793799374772
273.0, 5.671642737790547
274.0, 5.6916432510670045
275.0, 5.710088467860796
276.0, 5.748044510699392
277.0, 5.774494402031644
278.0, 5.78167821862731
279.0, 5.801575405698723
280.0, 5.8114241889309595
281.0, 5.809211381876403
282.0, 5.815585102419596
spot_hold
0, 0
1, 0
2, 0
3, 0
4, 0
5, 0
6, 0
7, 0
8, 0
9, 0
10, 0
11, 0
12, 0
13, 0
14, 0
15, 0
16, 0
17, 0
18, 0
19, 0
20, 0
21, 0
22, 0
23, 0
24, 0
25, 0
26, 0
27, 0
28, 0
29, 0
30, 0
31, 0
32, 0
33, 0
34, 0
35, 0
36, 0
37, 0
38, 0
39, 0
40, 0
41, 1
42, 1
43, 1
44, 1
45, 1
46, 1
47, 1
48, 1
49, 1
50, 1
51, 1
52, 1
53, 1
54, 1
55, 1
56, 1
57, 1
58, 1
59, 1
60, 1
61, 1
62, 1
63, 1
64, 1
65, 1
66, 1
67, 1
68, 1
69, 1
70, 1
71, 1
72, 1
73, 1
74, 1
75, 1
76, 1
77, 1
78, 1
79, 1
80, 1
81, 1
82, 1
83, 1
84, 1
85, 1
86, 1
87, 1
88, 1
89, 1
90, 1
91, 1
92, 1
93, 1
94, 1
95, 1
96, 1
97, 1
98, 1
99, 1
100, 1
101, 1
102, 1
103, 1
104, 1
105, 1
106, 1
107, 1
108, 1
109, 1
110, 1
111, 1
112, 1
113, 1
114, 1
115, 1
116, 1
117, 1
118, 1
119, 1
120, 1
121, 1
122, 1
123, 1
124, 1
125, 1
126, 1
127, 1
128, 1
129, 1
130, 1
131, 1
132, 1
133, 1
134, 1
135, 1
136, 1
137, 1
138, 1
139, 1
140, 1
141, 1
142, 1
143, 1
144, 1
145, 1
146, 1
147, 1
148, 1
149, 1
150, 1
151, 1
152, 1
153, 1
154, 1
155, 1
156, 1
157, 1
158, 1
159, 1
160, 1
161, 1
162, 1
163, 1
164, 1
165, 1
166, 1
167, 1
168, 1
169, 1
170, 1
171, 1
172, 1
173, 1
174, 1
175, 1
176, 1
177, 1
178, 1
179, 1
180, 1
181, 1
182, 1
183, 1
184, 1
185, 1
186, 1
187, 1
188, 1
189, 1
190, 1
191, 1
192, 1
193, 1
194, 1
195, 1
196, 1
197, 1
198, 1
199, 1
200, 1
201, 1
202, 1
203, 1
204, 1
205, 1
206, 1
207, 1
208, 1
209, 1
210, 1
211, 1
212, 1
213, 1
214, 1
215, 1
216, 1
217, 1
218, 1
219, 1
220, 1
221, 1
222, 1
223, 1
224, 1
225, 1
226, 1
227, 1
228, 1
229, 1
230, 1
231, 1
232, 1
233, 1
234, 1
235, 1
236, 1
237, 1
238, 1
239, 1
240, 1
241, 1
242, 1
243, 1
244, 1
245, 1
246, 1
247, 1
248, 1
249, 1
250, 1
251, 1
252, 1
253, 1
254, 1
255, 1
256, 1
257, 1
258, 1
259, 1
260, 1
261, 1
262, 1
263, 1
264, 1
265, 1
266, 1
267, 1
268, 1
269, 1
270, 1
271, 1
272, 1
273, 1
274, 1
275, 1
276, 1
277, 1
278, 1
279, 1
280, 1
281, 1
282, 1
