bot_dist
0.0, 3.4218090395689122
1.0, 3.427566991008871
2.0, 3.433344412092999
3.0, 3.4391412046999994
4.0, 3.4449572710411136
5.0, 3.4507925136628024
6.0, 3.456646835449346
7.0, 3.462520139625363
8.0, 3.468412329758248
9.0, 3.47432330976053
10.0, 3.480252983892151
11.0, 3.4862012567626683
12.0, 3.49216803333338
13.0, 3.4981532189193736
14.0, 3.504156719191503
15.0, 3.510178440178286
16.0, 3.5162182882677384
17.0, 3.522276170209127
18.0, 3.5283519931146574
19.0, 3.5344456644610913
20.0, 3.5405570920912948
21.0, 3.546686184215719
22.0, 3.552832849413814
23.0, 3.558996996635377
24.0, 3.565178535201837
25.0, 3.571377374807475
26.0, 3.5775934255205795
27.0, 3.583826597784545
28.0, 3.590076802418906
29.0, 3.5963439506203088
30.0, 3.6026279539634336
31.0, 3.6089287244018484
32.0, 3.6152461742688113
33.0, 3.6215802162780184
34.0, 3.6279307635242883
35.0, 3.6342977294842043
36.0, 3.640681028016694
37.0, 3.64708057336356
38.0, 3.6534962801499584
39.0, 3.6599280633848283
40.0, 3.666375838461272
41.0, 3.672839521156879
42.0, 3.679319027634017
43.0, 3.685814274440057
44.0, 3.692325178507573
45.0, 3.6988516571544747
46.0, 3.7053936280841144
47.0, 3.7119510093853396
48.0, 3.7185237195325045
49.0, 3.7251116773854447
50.0, 3.7317148021894
51.0, 3.7383330135749118
52.0, 3.7449662315576644
53.0, 3.751614376538303
54.0, 3.7582773693022014
55.0, 3.7649551310192004
56.0, 3.7716475832433054
57.0, 3.7783546479123493
58.0, 3.785076247347624
59.0, 3.791812304253471
60.0, 3.7985627417168453
61.0, 3.8053274832068413
62.0, 3.8121064525741866
63.0, 3.8188995740507137
64.0, 3.8257067722487856
65.0, 3.832527972160706
66.0, 3.8393630991580907
67.0, 3.846212078991213
68.0, 3.853074837788326
69.0, 3.859951302054948
70.0, 3.8668413986731305
71.0, 3.8737450549006947
72.0, 3.8806621983704446
73.0, 3.887592757089354
74.0, 3.8945366594377324
75.0, 3.9014938341683627
76.0, 3.9084642104056186
77.0, 3.915447717644563
78.0, 3.9224442857500152
79.0, 3.9294538449556065
80.0, 3.936476325862813
81.0, 3.9435116594399604
82.0, 3.9505597770212213
83.0, 3.9576206103055838
84.0, 3.9646940913558075
85.0, 3.9717801525973577
86.0, 3.978878726817326
87.0, 3.9859897471633277
88.0, 3.993113147142389
89.0, 4.000248860619819
90.0, 4.007396821818055
91.0, 4.01455696531551
92.0, 4.021729226045387
93.0, 4.028913539294497
94.0, 4.036109840702051
95.0, 4.043318066258438
96.0, 4.050538152304006
97.0, 4.05777003552781
98.0, 4.065013652966358
99.0, 4.072268942002354
100.0, 4.079535840363406
101.0, 4.079535840363406
102.0, 4.079535840363406
103.0, 4.079535840363406
104.0, 4.079535840363406
105.0, 4.079535840363406
106.0, 4.079535840363406
107.0, 4.079535840363406
108.0, 4.079535840363406
109.0, 4.079535840363406
110.0, 4.079535840363406
111.0, 4.079535840363406
112.0, 4.079535840363406
113.0, 4.079535840363406
114.0, 4.079535840363406
115.0, 4.079535840363406
116.0, 4.079535840363406
117.0, 4.079535840363406
118.0, 4.079535840363406
119.0, 4.079535840363406
120.0, 4.079535840363406
121.0, 4.079535840363406
122.0, 4.079535840363406
123.0, 4.079535840363406
124.0, 4.079535840363406
125.0, 4.079535840363406
126.0, 4.079535840363406
127.0, 4.079535840363406
128.0, 4.079535840363406
129.0, 4.079535840363406
130.0, 4.079535840363406
131.0, 4.072268942002354
132.0, 4.065013652966358
133.0, 4.05777003552781
134.0, 4.050538152304006
135.0, 4.043318066258438
136.0, 4.036109840702051
137.0, 4.028913539294497
138.0, 4.021729226045387
139.0, 4.01455696531551
140.0, 4.007396821818055
141.0, 4.000248860619819
142.0, 3.993113147142389
143.0, 3.9900599956285054
144.0, 3.9829562421577327
145.0, 3.975864948006921
146.0, 3.9687861799617568
147.0, 3.961720005166862
148.0, 3.954666491126874
149.0, 3.9476257057075066
150.0, 3.940597717136599
151.0, 3.85085436642489
152.0, 3.761116924138913
153.0, 3.671385823526823
154.0, 3.5816615412211057
155.0, 3.491944602803718
156.0, 3.4022355892496234
157.0, 3.3125351444146984
158.0, 3.222843983770751
159.0, 3.1331629046366545
160.0, 3.0434927982129545
161.0, 2.9538346638016306
162.0, 2.8641896256877115
163.0, 2.7745589532819785
164.0, 2.684944085283027
165.0, 2.595346658825076
166.0, 2.5057685448523994
167.0, 2.498668472272487
168.0, 2.40853970829698
169.0, 2.318436179821908
170.0, 2.2283608542645417
171.0, 2.1383172957205123
172.0, 2.0483096936215155
173.0, 1.9583430057673097
174.0, 1.9513579058392694
175.0, 1.8616076831666302
176.0, 1.7719838051034278
177.0, 1.7651305884339317
178.0, 1.7583075335446707
179.0, 1.7515149929227836
180.0, 1.7447533229557652
181.0, 1.6629341425631383
182.0, 1.656394359555925
183.0, 1.649889264724665
184.0, 1.6434192699847592
185.0, 1.6369847915235234
186.0, 1.6305862497948147
187.0, 1.6242240695110552
188.0, 1.5351293193061226
189.0, 1.5288381181377149
190.0, 1.4402610740876964
191.0, 1.3517710999301453
192.0, 1.263386491416304
193.0, 1.1751310232449732
194.0, 1.0870361502291868
195.0, 0.9991443524487034
196.0, 0.9115143757330004
197.0, 0.8242297327313777
198.0, 0.7374130609649452
199.0, 0.6512515394666457
200.0, 0.5660444221493546
201.0, 0.48229781571955294
202.0, 0.4009279901204724
203.0, 0.32373214003086864
204.0, 0.2545366746239622
205.0, 0.2017486405927391
206.0, 0.18039757272797816
207.0, 0.2007765661724711
208.0, 0.25299476242524416
209.0, 0.32191403373872557
210.0, 0.39897132156835974
211.0, 0.48026530247645854
212.0, 0.5639668262445403
213.0, 0.5698441350688636
214.0, 0.6542591019242054
215.0, 0.7396464655658922
216.0, 0.7456145499355269
217.0, 0.7516682910337049
218.0, 0.7578056360532249
219.0, 0.7640245702469692
220.0, 0.770323117572509
221.0, 0.7766993411936973
222.0, 0.7831513438495447
223.0, 0.7896772681003947
224.0, 0.7962752964610845
225.0, 0.8029436514304125
226.0, 0.8096805954258445
227.0, 0.816484430631979
228.0, 0.8233534987708705
229.0, 0.8302861808018795
230.0, 0.8372808965582813
231.0, 0.8372808965582813
232.0, 0.8372808965582813
233.0, 0.8372808965582813
234.0, 0.8372808965582813
235.0, 0.8372808965582813
236.0, 0.8372808965582813
237.0, 0.8372808965582813
238.0, 0.8372808965582813
239.0, 0.8372808965582813
240.0, 0.8372808965582813
241.0, 0.8372808965582813
242.0, 0.8372808965582813
243.0, 0.8372808965582813
244.0, 0.8372808965582813
245.0, 0.8372808965582813
246.0, 0.8372808965582813
247.0, 0.8372808965582813
248.0, 0.8372808965582813
249.0, 0.8372808965582813
250.0, 0.8372808965582813
251.0, 0.8372808965582813
252.0, 0.8372808965582813
253.0, 0.8372808965582813
254.0, 0.8372808965582813
255.0, 0.8372808965582813
256.0, 0.8372808965582813
257.0, 0.8372808965582813
258.0, 0.8372808965582813
259.0, 0.8372808965582813
260.0, 0.8372808965582813
261.0, 0.8302861808018795
262.0, 0.8233534987708705
263.0, 0.816484430631979
264.0, 0.8096805954258445
265.0, 0.8029436514304125
266.0, 0.7962752964610845
267.0, 0.7896772681003947
268.0, 0.7831513438495447
269.0, 0.7766993411936973
270.0, 0.770323117572509
271.0, 0.7640245702469692
272.0, 0.7578056360532249
273.0, 0.7516682910337049
274.0, 0.7456145499355269
275.0, 0.7396464655658922
276.0, 0.7337661279939306
277.0, 0.7279756635882992
278.0, 0.722277233879744
279.0, 0.7166730342378277
280.0, 0.7111652923511279
281.0, 0.705756266500416
282.0, 0.7004482436146713
ee_dist
0.0, 0.831039369802224
1.0, 0.8200526825196622
2.0, 0.8851492344933842
3.0, 0.9559907552623215
4.0, 0.9803673864787996
5.0, 1.0053350393120741
6.0, 1.0408997715451296
7.0, 1.078316952663398
8.0, 1.1153487726490898
9.0, 1.1513871481541238
10.0, 1.1867015168546011
11.0, 1.219650404526397
12.0, 1.2511423965873214
13.0, 1.2797740204289905
14.0, 1.307497568592115
15.0, 1.332228336417011
16.0, 1.3564105528984145
17.0, 1.3775405431227494
18.0, 1.3986114434924286
19.0, 1.4167702472534702
20.0, 1.435319023929006
21.0, 1.4132537160560077
22.0, 1.3815770316596838
23.0, 1.3470905206864696
24.0, 1.3093027001865116
25.0, 1.2683755219912445
26.0, 1.224291816254045
27.0, 1.1772363535629993
28.0, 1.1272047049002711
29.0, 1.0744416884642585
30.0, 1.0189628172753205
31.0, 0.9610804598387183
32.0, 0.900845166719385
33.0, 0.8386524042995102
34.0, 0.7746224052487416
35.0, 0.7093069237889991
36.0, 0.6430161926676894
37.0, 0.5766411990168696
38.0, 0.5109515749808434
39.0, 0.447510621198723
40.0, 0.3883559069889586
41.0, 0.4044632276521711
42.0, 0.6446228854558276
43.0, 1.2566739765096766
44.0, 1.2203718905799552
45.0, 1.1819573580881617
46.0, 1.1411055955096803
47.0, 1.097750513618419
48.0, 1.0519911729803175
49.0, 1.0037692497929411
50.0, 0.9536464281958652
51.0, 0.9019922428840793
52.0, 0.8490132260048349
53.0, 0.7947256034274875
54.0, 0.7392096929036607
55.0, 0.6825512603313304
56.0, 0.6255479962534408
57.0, 0.5684095135450387
58.0, 0.6270287538365714
59.0, 0.7043556759768932
60.0, 0.7901424896209709
61.0, 0.8838923841443055
62.0, 0.9799092746846167
63.0, 1.0730868865322933
64.0, 1.1596339827713507
65.0, 1.226054462778952
66.0, 1.2817541573903661
67.0, 1.3388740627142044
68.0, 1.3916509650632831
69.0, 1.4441847486673387
70.0, 1.4973559421717302
71.0, 1.5489145906901658
72.0, 1.6061598286826686
73.0, 1.668445890103657
74.0, 1.7355278367964888
75.0, 1.8136259553749194
76.0, 1.9009117545554524
77.0, 1.9974828269927791
78.0, 2.0981172017883485
79.0, 2.1976103617041907
80.0, 2.2916011169896464
81.0, 2.3701841772957333
82.0, 2.4336519303994915
83.0, 2.495916464850852
84.0, 2.5558676421170405
85.0, 2.615189652012514
86.0, 2.6640202507628357
87.0, 2.6924765677663127
88.0, 2.7235182202520716
89.0, 2.763271016152902
90.0, 2.8144768872194055
91.0, 2.8993624643636267
92.0, 2.9924114715999672
93.0, 3.095423127862223
94.0, 3.202266889621682
95.0, 3.3108834225101287
96.0, 3.4116167426565114
97.0, 3.502633385095736
98.0, 3.5735430247979894
99.0, 3.641756135722938
100.0, 3.7062178175975276
101.0, 3.7708892241588625
102.0, 3.832801500985994
103.0, 3.8963026043497346
104.0, 3.959368328329286
105.0, 4.030132228541098
106.0, 4.103898373706541
107.0, 4.186373763202583
108.0, 4.277142649670724
109.0, 4.3785176993724795
110.0, 4.484488631461748
111.0, 4.594243717590329
112.0, 4.696494865953724
113.0, 4.792302985849825
114.0, 4.865994515683386
115.0, 4.914966192369138
116.0, 4.960058136743907
117.0, 5.00583980260252
118.0, 5.048466158939524
119.0, 5.093270099360281
120.0, 5.129832495402406
121.0, 5.168025040844413
122.0, 5.203956930743227
123.0, 5.233932247065314
124.0, 5.263389023631866
125.0, 5.290263959950786
126.0, 5.312663004871639
127.0, 5.333344860470818
128.0, 5.348894724759422
129.0, 5.362753923989849
130.0, 5.371323236348084
131.0, 5.378083189629805
132.0, 5.379491075519781
133.0, 5.379035111295618
134.0, 5.373239189602799
135.0, 5.36559134444001
136.0, 5.352689053066461
137.0, 5.338018487694007
138.0, 5.3182483405252015
139.0, 5.2968687379949
140.0, 5.270613382943303
141.0, 5.241586066064778
142.0, 5.2407418735906255
143.0, 4.614431804838183
144.0, 4.603509586123714
145.0, 4.5932432369569725
146.0, 4.587357972758795
147.0, 4.582147580950524
148.0, 4.581504211941309
149.0, 4.581527711087242
150.0, 4.5861502677763575
151.0, 4.502663512059923
152.0, 4.421174585671171
153.0, 4.337752706891791
154.0, 4.256331082730123
155.0, 4.172981095878627
156.0, 4.091634963626811
157.0, 4.008366606166775
158.0, 3.9271053271344396
159.0, 3.8439286458313435
160.0, 3.762763465305954
161.0, 3.6796914422438376
162.0, 3.598635771812508
163.0, 3.515682684209685
164.0, 3.434752486628722
165.0, 3.351936249540362
166.0, 3.2711504642841938
167.0, 3.2780116275152773
168.0, 3.1991225631480287
169.0, 3.1185030731461705
170.0, 3.0399893549891353
171.0, 2.9597834667542964
172.0, 2.881708005441337
173.0, 2.8019869108749953
174.0, 2.814670713834351
175.0, 2.738189118662526
176.0, 2.6639893659823044
177.0, 2.6779583677527246
178.0, 2.6959236225660272
179.0, 2.7143747264401625
180.0, 2.7362815026778065
181.0, 2.679424989165591
182.0, 2.6585094928174624
183.0, 2.637998642789174
184.0, 2.621164102088139
185.0, 2.6048700905000213
186.0, 2.5927506449462094
187.0, 2.5812910046156157
188.0, 2.5025818353048352
189.0, 2.493461252721639
190.0, 2.4130234077285273
191.0, 2.330773074248385
192.0, 2.2506184827291413
193.0, 2.168689316527
194.0, 2.088885738655539
195.0, 2.0073561982522525
196.0, 1.9279929699052987
197.0, 1.846970554377308
198.0, 1.7681708628292485
199.0, 1.6878024759473103
200.0, 1.6097545725792286
201.0, 1.5324238396001981
202.0, 1.3953736591871027
203.0, 1.188446658656047
204.0, 1.0462499956223679
205.0, 1.4483130253740482
206.0, 1.2181441493352465
207.0, 1.0940103304389588
208.0, 0.9907185457492838
209.0, 0.9225217321200166
210.0, 0.866145473112154
211.0, 0.7972026367172115
212.0, 0.7393154350226234
213.0, 0.7187139532601216
214.0, 0.6331566293182332
215.0, 0.6011664529396995
216.0, 0.5799549255985263
217.0, 0.5618257055272686
218.0, 0.5480860278620802
219.0, 0.5360169932802338
220.0, 0.5294008475918229
221.0, 0.5247438947871332
222.0, 0.5259319648742767
223.0, 0.5291803750033957
224.0, 0.5380717313860086
225.0, 0.5488258226094237
226.0, 0.5644999387932229
227.0, 0.581638563877954
228.0, 0.6026691925768246
229.0, 0.6020916725916027
230.0, 0.6026696273121185
231.0, 0.6020916393658406
232.0, 0.6026691925768246
233.0, 0.6020916725916027
234.0, 0.6026696273121185
235.0, 0.6020916393658406
236.0, 0.6026691925768246
237.0, 0.6020916725916027
238.0, 0.6026696273121185
239.0, 0.6020916393658406
240.0, 0.6026691925768246
241.0, 0.6020916725916027
242.0, 0.6026696273121185
243.0, 0.6085589869639334
244.0, 0.6203171684035077
245.0, 0.6332204256352367
246.0, 0.6481679451392621
247.0, 0.6641166844083045
248.0, 0.6818060980815452
249.0, 0.7001470468413976
250.0, 0.7199582920110913
251.0, 0.7401365545067805
252.0, 0.7615056790862424
253.0, 0.7829943215305193
254.0, 0.8053652228950222
255.0, 0.8276230355228195
256.0, 0.8504380665717831
257.0, 0.8729275475923444
258.0, 0.8956626807827544
259.0, 0.917889452345581
260.0, 0.9401109069449413
261.0, 0.96164714817188
262.0, 0.9829782422475096
263.0, 0.9637611451709358
264.0, 0.9407846201081463
265.0, 0.9168680672602542
266.0, 0.8918680296614155
267.0, 0.8659936993389103
268.0, 0.8393039293940647
269.0, 0.8120406832896775
270.0, 0.7842886737649409
271.0, 0.7563429105308945
272.0, 0.7283254034849204
273.0, 0.7005934539575343
274.0, 0.6733239442421908
275.0, 0.6469295271035479
276.0, 0.6216024598400547
277.0, 0.5977837038123794
278.0, 0.5756609072778581
279.0, 0.5558623073942995
280.0, 0.5385821682151353
281.0, 0.5249194205646993
282.0, 0.5235958654861133
ee_box_dist
0.0, 0.7355998380620759
1.0, 0.775310403866517
2.0, 0.8110286346218532
3.0, 0.8452489971539269
4.0, 0.8815677132026123
5.0, 0.9187844785888081
6.0, 0.9568280633676866
7.0, 0.9916622518734846
8.0, 1.0250164808793414
9.0, 1.0568344641058407
10.0, 1.0874010553012727
11.0, 1.115672262732019
12.0, 1.142625937703601
13.0, 1.1669968163033908
14.0, 1.1906679550604728
15.0, 1.2116598303311608
16.0, 1.2323271909897469
17.0, 1.2502381204591118
18.0, 1.2682998530950342
19.0, 1.2837165636445644
20.0, 1.29970706084631
21.0, 1.2771168115773435
22.0, 1.2453692457263186
23.0, 1.2108528638436546
24.0, 1.1731160247985515
25.0, 1.132337030824961
26.0, 1.0885073595810921
27.0, 1.0418195557476633
28.0, 0.9922673770567512
29.0, 0.9400925006538379
30.0, 0.8852933494753829
31.0, 0.8281640672506405
32.0, 0.7687118104508874
33.0, 0.7072787738984744
34.0, 0.6438919004236631
35.0, 0.5790227366731268
36.0, 0.5128346706797455
37.0, 0.4461538812703149
38.0, 0.3795642866115772
39.0, 0.3145438207887615
40.0, 0.25337890035224186
41.0, 0.26775676044092334
42.0, 0.28207326751294254
43.0, 0.29642101179634717
44.0, 0.31063146477062364
45.0, 0.3248138789733399
46.0, 0.33879731494209125
47.0, 0.35271112297376495
48.0, 0.3663748543803207
49.0, 0.37993361920005797
50.0, 0.3932061879446422
51.0, 0.40634157768136653
52.0, 0.4191777700487215
53.0, 0.4318602113341003
54.0, 0.44425487142794035
55.0, 0.4564964352267968
56.0, 0.46846228964175596
57.0, 0.48025308177903275
58.0, 0.4917541929770594
59.0, 0.5030367595299413
60.0, 0.5140158429719095
61.0, 0.524738745461551
62.0, 0.5351445220078249
63.0, 0.5452717302429789
64.0, 0.5550642038775955
65.0, 0.564558189849557
66.0, 0.573698653225745
67.0, 0.5825233047556643
68.0, 0.5909816796521591
69.0, 0.5991124938995299
70.0, 0.6068675368631554
71.0, 0.6142817435163997
72.0, 0.6213110851011153
73.0, 0.6279853369201639
74.0, 0.6342640575738876
75.0, 0.6401732643947569
76.0, 0.6456755274202312
77.0, 0.6507922042940907
78.0, 0.6554897597350335
79.0, 0.6597851045427197
80.0, 0.6636462736572921
81.0, 0.6670878712952998
82.0, 0.6700783733978084
83.0, 0.6726315966539401
84.0, 0.6747158211280149
85.0, 0.6763461037865177
86.0, 0.6968106553264243
87.0, 0.7420756579951105
88.0, 0.7813475025383121
89.0, 0.8152276138674523
90.0, 0.8406272042982605
91.0, 0.8391819119682499
92.0, 0.8401578327064972
93.0, 0.8392177107427248
94.0, 0.840156390963904
95.0, 0.8392179695333484
96.0, 0.8401562794452319
97.0, 0.8392180810365489
98.0, 0.84015631525546
99.0, 0.8392179574744372
100.0, 0.8401562455562885
101.0, 0.8392180550397426
102.0, 0.8401563231860254
103.0, 0.8392179435365364
104.0, 0.8401562734359569
105.0, 0.8392180889449945
106.0, 0.8401563092461907
107.0, 0.8392179574744372
108.0, 0.8401561897969521
109.0, 0.8392180331933925
110.0, 0.8401562594961228
111.0, 0.8392178798764893
112.0, 0.8401562097460626
113.0, 0.8392180313144093
114.0, 0.8401562455562885
115.0, 0.8384602271317291
116.0, 0.8398868460494683
117.0, 0.8392154251980884
118.0, 0.8401420206850959
119.0, 0.8366524277417386
120.0, 0.840054734105473
121.0, 0.8391476185398419
122.0, 0.8378848702703482
123.0, 0.8402697308489283
124.0, 0.8400107766840567
125.0, 0.8393426402625519
126.0, 0.8400464049816905
127.0, 0.8391166628728007
128.0, 0.8400458934794222
129.0, 0.8391112645857917
130.0, 0.840045817521225
131.0, 0.8391094252345266
132.0, 0.8400469869478785
133.0, 0.8391087307585097
134.0, 0.8400476070787696
135.0, 0.8391090324654966
136.0, 0.8400485619531471
137.0, 0.8391107484209361
138.0, 0.8400503895623106
139.0, 0.8391133400988073
140.0, 0.8400494171303973
141.0, 0.8391101176671066
142.0, 0.8400445214863371
143.0, 1.5655957760994645
144.0, 1.563247339777333
145.0, 1.5609744379270434
146.0, 1.5550861870589143
147.0, 1.5492663904536739
148.0, 1.5399126523491429
149.0, 1.5306382009760284
150.0, 1.5179605428319336
151.0, 1.591396879001414
152.0, 1.6641182005390764
153.0, 1.739463914793449
154.0, 1.8138160447641334
155.0, 1.890630126425296
156.0, 1.9662463185339696
157.0, 2.044207344145744
158.0, 2.120819477628441
159.0, 2.1996913195460337
160.0, 2.2770996260191723
161.0, 2.356704157002318
162.0, 2.434757534685391
163.0, 2.5149599894381844
164.0, 2.5935423345106154
165.0, 2.6742378211648243
166.0, 2.753258949917172
167.0, 2.7457340958479235
168.0, 2.8234446999274305
169.0, 2.903281873922384
170.0, 2.981489334815868
171.0, 3.061795371968517
172.0, 3.14042562966584
173.0, 3.221132114966198
174.0, 3.2109380675624424
175.0, 3.2900841370760405
176.0, 3.3676160065069958
177.0, 3.3576649262581757
178.0, 3.3438987606535147
179.0, 3.329960598641244
180.0, 3.3124737567389895
181.0, 3.3811114100572
182.0, 3.396594968901955
183.0, 3.4119113256137514
184.0, 3.423504436849289
185.0, 3.4349090960591395
186.0, 3.442373172331837
187.0, 3.449628590885483
188.0, 3.530400946419241
189.0, 3.5354195366801515
190.0, 3.6168983389633316
191.0, 3.7003601898239737
192.0, 3.7819147668477835
193.0, 3.865448822874896
194.0, 3.947069250487452
195.0, 4.03066745867037
196.0, 4.112346355781747
197.0, 4.19600066148689
198.0, 4.277730722675379
199.0, 4.361435364513311
200.0, 4.443210368259501
201.0, 4.5218465037024504
202.0, 4.635513800292941
203.0, 4.824982887155255
204.0, 5.150358492949036
205.0, 4.61749429652688
206.0, 4.878483076522461
207.0, 5.014150044727003
208.0, 5.113026237247451
209.0, 5.197396060325966
210.0, 5.271332209727823
211.0, 5.356816904631447
212.0, 5.437972251859106
213.0, 5.44064573354024
214.0, 5.552010717300968
215.0, 5.6033939268003525
216.0, 5.603784245512503
217.0, 5.601146409039731
218.0, 5.59462892714876
219.0, 5.587662009940303
220.0, 5.5767052063879765
221.0, 5.565376085400192
222.0, 5.550313051938946
223.0, 5.534876913616508
224.0, 5.516064585308579
225.0, 5.496883509003566
226.0, 5.474769810823892
227.0, 5.45230389237944
228.0, 5.42742935553532
229.0, 5.427877629080492
230.0, 5.427428933251827
231.0, 5.427877618951342
232.0, 5.42742935553532
233.0, 5.427877629080492
234.0, 5.427428933251827
235.0, 5.427877618951342
236.0, 5.42742935553532
237.0, 5.427877620947587
238.0, 5.427428885532011
239.0, 5.427877531633555
240.0, 5.427429228637348
241.0, 5.427877462577824
242.0, 5.427428727175704
243.0, 5.426163219995312
244.0, 5.426617174212569
245.0, 5.426380203173617
246.0, 5.425106626944242
247.0, 5.423128527879199
248.0, 5.4199991349738434
249.0, 5.416083421073999
250.0, 5.410952632204845
251.0, 5.405048721281561
252.0, 5.397944351618886
253.0, 5.390186901036268
254.0, 5.381316321158275
255.0, 5.3719830295406945
256.0, 5.361674260226047
257.0, 5.351115999751885
258.0, 5.339751129717899
259.0, 5.328346996886274
260.0, 5.316301738637599
261.0, 5.304437860421065
262.0, 5.292099409678733
263.0, 5.312412407774011
264.0, 5.338065525565417
265.0, 5.364022484693207
266.0, 5.390359609825978
267.0, 5.416856756250665
268.0, 5.443313770874989
269.0, 5.469526853822923
270.0, 5.495300808721941
271.0, 5.520439715532812
272.0, 5.544760742939851
273.0, 5.568082323390648
274.0, 5.5902362509138
275.0, 5.611074975050016
276.0, 5.630507822003524
277.0, 5.648452704575829
278.0, 5.664900375195031
279.0, 5.679637652142057
280.0, 5.692710570663745
281.0, 5.703492312610908
282.0, 5.709629312437837
spot_hold
0, 0
1, 0
2, 0
3, 0
4, 0
5, 0
6, 0
7, 0
8, 0
9, 0
10, 0
11, 0
12, 0
13, 0
14, 0
15, 0
16, 0
17, 0
18, 0
19, 0
20, 0
21, 0
22, 0
23, 0
24, 0
25, 0
26, 0
27, 0
28, 0
29, 0
30, 0
31, 0
32, 0
33, 0
34, 0
35, 0
36, 0
37, 0
38, 0
39, 0
40, 0
41, 1
42, 1
43, 1
44, 1
45, 1
46, 1
47, 1
48, 1
49, 1
50, 1
51, 1
52, 1
53, 1
54, 1
55, 1
56, 1
57, 1
58, 1
59, 1
60, 1
61, 1
62, 1
63, 1
64, 1
65, 1
66, 1
67, 1
68, 1
69, 1
70, 1
71, 1
72, 1
73, 1
74, 1
75, 1
76, 1
77, 1
78, 1
79, 1
80, 1
81, 1
82, 1
83, 1
84, 1
85, 1
86, 1
87, 1
88, 1
89, 1
90, 1
91, 1
92, 1
93, 1
94, 1
95, 1
96, 1
97, 1
98, 1
99, 1
100, 1
101, 1
102, 1
103, 1
104, 1
105, 1
106, 1
107, 1
108, 1
109, 1
110, 1
111, 1
112, 1
113, 1
114, 1
115, 1
116, 1
117, 1
118, 1
119, 1
120, 1
121, 1
122, 1
123, 1
124, 1
125, 1
126, 1
127, 1
128, 1
129, 1
130, 1
131, 1
132, 1
133, 1
134, 1
135, 1
136, 1
137, 1
138, 1
139, 1
140, 1
141, 1
142, 1
143, 1
144, 1
145, 1
146, 1
147, 1
148, 1
149, 1
150, 1
151, 1
152, 1
153, 1
154, 1
155, 1
156, 1
157, 1
158, 1
159, 1
160, 1
161, 1
162, 1
163, 1
164, 1
165, 1
166, 1
167, 1
168, 1
169, 1
170, 1
171, 1
172, 1
173, 1
174, 1
175, 1
176, 1
177, 1
178, 1
179, 1
180, 1
181, 1
182, 1
183, 1
184, 1
185, 1
186, 1
187, 1
188, 1
189, 1
190, 1
191, 1
192, 1
193, 1
194, 1
195, 1
196, 1
197, 1
198, 1
199, 1
200, 1
201, 1
202, 1
203, 1
204, 1
205, 1
206, 1
207, 1
208, 1
209, 1
210, 1
211, 1
212, 1
213, 1
214, 1
215, 1
216, 1
217, 1
218, 1
219, 1
220, 1
221, 1
222, 1
223, 1
224, 1
225, 1
226, 1
227, 1
228, 1
229, 1
230, 1
231, 1
232, 1
233, 1
234, 1
235, 1
236, 1
237, 1
238, 1
239, 1
240, 1
241, 1
242, 1
243, 1
244, 1
245, 1
246, 1
247, 1
248, 1
249, 1
250, 1
251, 1
252, 1
253, 1
254, 1
255, 1
256, 1
257, 1
258, 1
259, 1
260, 1
261, 1
262, 1
263, 1
264, 1
265, 1
266, 1
267, 1
268, 1
269, 1
270, 1
271, 1
272, 1
273, 1
274, 1
275, 1
276, 1
277, 1
278, 1
279, 1
280, 1
281, 1
282, 1
