bot_dist
0.0, 3.011452407608957
1.0, 3.0151478858306664
2.0, 3.018871966930673
3.0, 3.0226245451868445
4.0, 3.026405514594412
5.0, 3.0302147688776677
6.0, 3.0340522015015794
7.0, 3.03791770568332
8.0, 3.0418111744036986
9.0, 3.04573250041851
10.0, 3.0496815762697826
11.0, 3.0536582942969375
12.0, 3.057662546647847
13.0, 3.0616942252897967
14.0, 3.065753222020351
15.0, 3.0698394284781108
16.0, 3.0739527361533785
17.0, 3.0780930363987125
18.0, 3.082260220439382
19.0, 3.0864541793837135
20.0, 3.09067480423333
21.0, 3.0949219858932873
22.0, 3.099195615182099
23.0, 3.1034955828416484
24.0, 3.1078217795469993
25.0, 3.112174095916086
26.0, 3.1165524225193
27.0, 3.120956649888958
28.0, 3.1253866685286598
29.0, 3.1298423689225343
30.0, 3.1343236415443667
31.0, 3.138830376866619
32.0, 3.1433624653693246
33.0, 3.1479197975488793
34.0, 3.1525022639267073
35.0, 3.157109755057817
36.0, 3.161742161539239
37.0, 3.1663993740183485
38.0, 3.1710812832010693
39.0, 3.1757877798599616
40.0, 3.180518641758623
41.0, 3.1852738717508893
42.0, 3.1900533608643937
43.0, 3.1948570002245886
44.0, 3.19968468106225
45.0, 3.2045362947208655
46.0, 3.209411732663912
47.0, 3.214310886482006
48.0, 3.2192336478999524
49.0, 3.224179908783668
50.0, 3.229149561146993
51.0, 3.2341424971583894
52.0, 3.239158609147524
53.0, 3.2441977896117353
54.0, 3.249259931222393
55.0, 3.254344926831137
56.0, 3.2594526694760115
57.0, 3.264583052387482
58.0, 3.269735968994342
59.0, 3.274911312929512
60.0, 3.2801089780357233
61.0, 3.2853288583710993
62.0, 3.2905708482146188
63.0, 3.2958348420714785
64.0, 3.301120734678347
65.0, 3.3064284210085093
66.0, 3.3117577962769063
67.0, 3.3171087559450694
68.0, 3.3224811957259517
69.0, 3.327875011588654
70.0, 3.3332900997630484
71.0, 3.338726356744297
72.0, 3.3441836792972772
73.0, 3.3496619644608967
74.0, 3.355161109552315
75.0, 3.3606810121710655
76.0, 3.3662215702030798
77.0, 3.371782681824611
78.0, 3.377364245506069
79.0, 3.382966160015751
80.0, 3.3885883244234885
81.0, 3.3942306381041916
82.0, 3.3998930007413057
83.0, 3.4055753123301766
84.0, 3.411277473181326
85.0, 3.4169993839236343
86.0, 3.422740945507438
87.0, 3.4285020592075384
88.0, 3.4342826266261266
89.0, 3.4400825496956164
90.0, 3.4459017306814
91.0, 3.4517400721845166
92.0, 3.4575974771442395
93.0, 3.463473848840579
94.0, 3.469369090896711
95.0, 3.475283107281319
96.0, 3.4812158023108624
97.0, 3.4871670806517643
98.0, 3.493136847322527
99.0, 3.4991250076957687
100.0, 3.5051314675001843
101.0, 3.5051314675001843
102.0, 3.5051314675001843
103.0, 3.5051314675001843
104.0, 3.5051314675001843
105.0, 3.5051314675001843
106.0, 3.5051314675001843
107.0, 3.5051314675001843
108.0, 3.5051314675001843
109.0, 3.5051314675001843
110.0, 3.5051314675001843
111.0, 3.5051314675001843
112.0, 3.5051314675001843
113.0, 3.5051314675001843
114.0, 3.5051314675001843
115.0, 3.5051314675001843
116.0, 3.5051314675001843
117.0, 3.5051314675001843
118.0, 3.5051314675001843
119.0, 3.5051314675001843
120.0, 3.5051314675001843
121.0, 3.5051314675001843
122.0, 3.5051314675001843
123.0, 3.5051314675001843
124.0, 3.5051314675001843
125.0, 3.5051314675001843
126.0, 3.5051314675001843
127.0, 3.5051314675001843
128.0, 3.5051314675001843
129.0, 3.5051314675001843
130.0, 3.5051314675001843
131.0, 3.4991250076957687
132.0, 3.493136847322527
133.0, 3.4871670806517643
134.0, 3.4812158023108624
135.0, 3.475283107281319
136.0, 3.469369090896711
137.0, 3.463473848840579
138.0, 3.4575974771442395
139.0, 3.4517400721845166
140.0, 3.4459017306814
141.0, 3.4400825496956164
142.0, 3.4342826266261266
143.0, 3.433233297376413
144.0, 3.4274801362337506
145.0, 3.421746526842437
146.0, 3.4160325676518597
147.0, 3.4103383574326704
148.0, 3.4046639952737627
149.0, 3.3990095805791682
150.0, 3.393375213064858
151.0, 3.304767267464395
152.0, 3.216229196697378
153.0, 3.127766885018335
154.0, 3.0393870010371846
155.0, 2.951096950433551
156.0, 2.862905044420872
157.0, 2.774820640980354
158.0, 2.6868543130543294
159.0, 2.5990180498169986
160.0, 2.5113254987552565
161.0, 2.423792258393858
162.0, 2.336436234252828
163.0, 2.249278074257817
164.0, 2.162341704650828
165.0, 2.075654993908049
166.0, 1.9892505808787568
167.0, 1.9846293254201914
168.0, 1.900326588469248
169.0, 1.8166156846230335
170.0, 1.7335821099218658
171.0, 1.6513280417625618
172.0, 1.5699760044755775
173.0, 1.489673786838687
174.0, 1.486265753986315
175.0, 1.410640706595017
176.0, 1.3369317552909075
177.0, 1.334283874899206
178.0, 1.3317058229749479
179.0, 1.3291980058265425
180.0, 1.3267608217232152
181.0, 1.2768047243891103
182.0, 1.2750255557922567
183.0, 1.273322438050506
184.0, 1.2716956767170933
185.0, 1.270145565176503
186.0, 1.268672384389548
187.0, 1.267276402647155
188.0, 1.1959225398626043
189.0, 1.1950406845223014
190.0, 1.123027885695461
191.0, 1.0536546853550306
192.0, 0.9874775509854411
193.0, 0.9251825800578689
194.0, 0.8676064051155915
195.0, 0.815748807516995
196.0, 0.770764902383297
197.0, 0.733919701015855
198.0, 0.7064877177596262
199.0, 0.6895932410950262
200.0, 0.6840175114683946
201.0, 0.6900349620415055
202.0, 0.7073497838386348
203.0, 0.7351641718461526
204.0, 0.7723445976043658
205.0, 0.81761431637649
206.0, 0.8697110659590772
207.0, 0.9274851379791962
208.0, 0.9899430282120467
209.0, 1.0562541796611837
210.0, 1.1257378735791643
211.0, 1.1978420743216005
212.0, 1.272121385659192
213.0, 1.281454132871328
214.0, 1.3532603707991693
215.0, 1.426951962326247
216.0, 1.4360446546813674
217.0, 1.4451493372127697
218.0, 1.4542657847207519
219.0, 1.4633937773298753
220.0, 1.4725331003415558
221.0, 1.4816835440911822
222.0, 1.4908449038096072
223.0, 1.5000169794888742
224.0, 1.5091995757520449
225.0, 1.5183925017269932
226.0, 1.5275955709240387
227.0, 1.5368086011172963
228.0, 1.5460314142296208
229.0, 1.5552638362210316
230.0, 1.5645056969805047
231.0, 1.5645056969805047
232.0, 1.5645056969805047
233.0, 1.5645056969805047
234.0, 1.5645056969805047
235.0, 1.5645056969805047
236.0, 1.5645056969805047
237.0, 1.5645056969805047
238.0, 1.5645056969805047
239.0, 1.5645056969805047
240.0, 1.5645056969805047
241.0, 1.5645056969805047
242.0, 1.5645056969805047
243.0, 1.5645056969805047
244.0, 1.5645056969805047
245.0, 1.5645056969805047
246.0, 1.5645056969805047
247.0, 1.5645056969805047
248.0, 1.5645056969805047
249.0, 1.5645056969805047
250.0, 1.5645056969805047
251.0, 1.5645056969805047
252.0, 1.5645056969805047
253.0, 1.5645056969805047
254.0, 1.5645056969805047
255.0, 1.5645056969805047
256.0, 1.5645056969805047
257.0, 1.5645056969805047
258.0, 1.5645056969805047
259.0, 1.5645056969805047
260.0, 1.5645056969805047
261.0, 1.5552638362210316
262.0, 1.5460314142296208
263.0, 1.5368086011172963
264.0, 1.5275955709240387
265.0, 1.5183925017269932
266.0, 1.5091995757520449
267.0, 1.5000169794888742
268.0, 1.4908449038096072
269.0, 1.4816835440911822
270.0, 1.4725331003415558
271.0, 1.4633937773298753
272.0, 1.4542657847207519
273.0, 1.4451493372127697
274.0, 1.4360446546813674
275.0, 1.426951962326247
276.0, 1.4178714908234469
277.0, 1.408803476482245
278.0, 1.3997481614070413
279.0, 1.3907057936643914
280.0, 1.3816766274553516
281.0, 1.3726609232933176
282.0, 1.3636589481875256
ee_dist
0.0, 0.8517266301210393
1.0, 0.8462197904817113
2.0, 0.9149623513578974
3.0, 0.98757545922009
4.0, 1.0125574137334687
5.0, 1.037630744777832
6.0, 1.072301206599298
7.0, 1.1119025674955993
8.0, 1.1500345000745351
9.0, 1.1947954680321402
10.0, 1.2363939989226356
11.0, 1.2794850563850069
12.0, 1.3225977448483661
13.0, 1.3642803804828616
14.0, 1.40520588317744
15.0, 1.4448447628130912
16.0, 1.4835866927780677
17.0, 1.5203963185835505
18.0, 1.5569657522807037
19.0, 1.5907181417239153
20.0, 1.6208436407547884
21.0, 1.5883734834094514
22.0, 1.5510817182481438
23.0, 1.5099138468920297
24.0, 1.464839519279216
25.0, 1.4159640434105034
26.0, 1.3629644973887
27.0, 1.306731814902858
28.0, 1.2475161189545838
29.0, 1.1850806778319565
30.0, 1.1203149417914726
31.0, 1.052165015793624
32.0, 0.9819493878427519
33.0, 0.9101035332501691
34.0, 0.8366665931371332
35.0, 0.762475710997585
36.0, 0.6879614264681849
37.0, 0.6143687076456982
38.0, 0.5428100470851134
39.0, 0.4754277026316445
40.0, 0.41479169221326007
41.0, 0.4311061003219172
42.0, 0.6872539278793773
43.0, 1.2502399735870953
44.0, 1.2117103378810363
45.0, 1.1716290305032113
46.0, 1.1287562678712129
47.0, 1.0839027511192552
48.0, 1.0364034905987658
49.0, 0.9867413782255251
50.0, 0.9355624419859926
51.0, 0.8825625965203869
52.0, 0.8284291392763113
53.0, 0.773191589744268
54.0, 0.7168863611014294
55.0, 0.6604713042056981
56.0, 0.6030271712585361
57.0, 0.5460166204545822
58.0, 0.6021477295383908
59.0, 0.678280117392382
60.0, 0.7630608911266376
61.0, 0.8560053869326235
62.0, 0.9514768007839399
63.0, 1.0443594579199196
64.0, 1.1325928205077653
65.0, 1.1979323114518525
66.0, 1.2539135642804256
67.0, 1.3111271061051908
68.0, 1.3638777008057188
69.0, 1.4162876498826058
70.0, 1.4692176436463977
71.0, 1.5205121217583415
72.0, 1.57730555629013
73.0, 1.6392293595618763
74.0, 1.7059461926047021
75.0, 1.7837054753278192
76.0, 1.8706742981590754
77.0, 1.966949418268247
78.0, 2.0673312318457375
79.0, 2.1666269580617414
80.0, 2.260464768411038
81.0, 2.339974663938337
82.0, 2.4033688185215936
83.0, 2.465994863587979
84.0, 2.5257300888930216
85.0, 2.584841157198373
86.0, 2.633353583032899
87.0, 2.6617572096069937
88.0, 2.69389093844063
89.0, 2.73411302035368
90.0, 2.7802076978419916
91.0, 2.8655366206187054
92.0, 2.958648685189368
93.0, 3.0608535243835155
94.0, 3.16938255390167
95.0, 3.2910413983208864
96.0, 3.3763305031526745
97.0, 3.4680112775397545
98.0, 3.558322235433245
99.0, 3.6178370124895687
100.0, 3.681657614087522
101.0, 3.7359350380925136
102.0, 3.8000069603711144
103.0, 3.8630485808522894
104.0, 3.9252996936560556
105.0, 3.996076814231246
106.0, 4.0702605739136315
107.0, 4.152045131209453
108.0, 4.243697844286883
109.0, 4.344489406209808
110.0, 4.45047720489644
111.0, 4.559562874648886
112.0, 4.663315379632815
113.0, 4.758700292881322
114.0, 4.8316991861194225
115.0, 4.899642148452555
116.0, 4.925089789298206
117.0, 4.971770854711919
118.0, 5.014705938744174
119.0, 5.056681772561429
120.0, 5.096768791042744
121.0, 5.134438568756367
122.0, 5.1680616383758755
123.0, 5.201189772726793
124.0, 5.230109107061412
125.0, 5.260701323028465
126.0, 5.27906034197717
127.0, 5.299994531284465
128.0, 5.316043517356824
129.0, 5.329378762476413
130.0, 5.339064488645415
131.0, 5.345457839896316
132.0, 5.3469361486778535
133.0, 5.346095199569693
134.0, 5.3416388617426485
135.0, 5.3336908150678255
136.0, 5.320410443378814
137.0, 5.305747672524352
138.0, 5.286994711276431
139.0, 5.265261621277524
140.0, 5.239128845408764
141.0, 5.211079090275345
142.0, 5.186485072634649
143.0, 4.562981475671181
144.0, 4.552282991107466
145.0, 4.541720681488579
146.0, 4.534629901575152
147.0, 4.529611801420895
148.0, 4.528396538610318
149.0, 4.528807438360494
150.0, 4.5312036569554515
151.0, 4.4482859356498325
152.0, 4.367368502666965
153.0, 4.283911532436678
154.0, 4.201562141215703
155.0, 4.118702291077988
156.0, 4.036994267224169
157.0, 3.954370444158215
158.0, 3.871242965715759
159.0, 3.788363464107751
160.0, 3.707898864758648
161.0, 3.6246159242118314
162.0, 3.542959602457348
163.0, 3.4605467122298075
164.0, 3.378332102130552
165.0, 3.2958785910583166
166.0, 3.2162604876600174
167.0, 3.2220368734947895
168.0, 3.1420872535567046
169.0, 3.0619460519471318
170.0, 2.9814538511184585
171.0, 2.901347861366362
172.0, 2.823734891565657
173.0, 2.7436105465588256
174.0, 2.755377336127068
175.0, 2.679075588540531
176.0, 2.603442894917899
177.0, 2.617497188212519
178.0, 2.635043174574475
179.0, 2.6536283254558595
180.0, 2.674086139528881
181.0, 2.6168074917524664
182.0, 2.596705350907899
183.0, 2.5766237703698374
184.0, 2.5595270827179495
185.0, 2.544206335393401
186.0, 2.532264049912835
187.0, 2.5220271709467452
188.0, 2.4414840678272394
189.0, 2.433327510401213
190.0, 2.3533574486458195
191.0, 2.2709109592893126
192.0, 2.189750217693156
193.0, 2.1081602868917266
194.0, 2.0276906301917346
195.0, 1.9465723946521432
196.0, 1.8501563090237179
197.0, 1.7595432966652156
198.0, 1.707215246694527
199.0, 1.6064650464439596
200.0, 1.547713935901708
201.0, 1.4671886361287592
202.0, 1.3674822343422812
203.0, 1.312376760092641
204.0, 1.232456502171204
205.0, 1.1568727902402856
206.0, 1.0816981312665872
207.0, 1.007290488999197
208.0, 0.9355216980866136
209.0, 0.8648002671170555
210.0, 0.7959796820216214
211.0, 0.7308727488958658
212.0, 0.6713589858666686
213.0, 0.6516437523635611
214.0, 0.5897270505684371
215.0, 0.53328574989331
216.0, 0.513692662878047
217.0, 0.496052897991853
218.0, 0.48084335833005465
219.0, 0.4696049840912728
220.0, 0.4641586094519186
221.0, 0.46019574567212485
222.0, 0.4614440292368206
223.0, 0.4663017497501103
224.0, 0.47610761458178114
225.0, 0.4887196832881926
226.0, 0.5042082759961456
227.0, 0.5228647303810531
228.0, 0.5454840566501433
229.0, 0.5683759310532089
230.0, 0.5685883644001856
231.0, 0.5684616879279185
232.0, 0.5684756690632595
233.0, 0.5683004555968639
234.0, 0.5687152484970512
235.0, 0.5686266491519908
236.0, 0.5681846274413402
237.0, 0.5679712908795789
238.0, 0.5688858732380755
239.0, 0.568387647132723
240.0, 0.5685694937430608
241.0, 0.5684343487402675
242.0, 0.5685213256755448
243.0, 0.5784018426587387
244.0, 0.5931624334472733
245.0, 0.6085558651754756
246.0, 0.625629760401413
247.0, 0.6419058861489987
248.0, 0.6596271433555269
249.0, 0.677381756511294
250.0, 0.6959247893022885
251.0, 0.7143143400086903
252.0, 0.7334353554229835
253.0, 0.7522695060276621
254.0, 0.7716996083571439
255.0, 0.790724963083625
256.0, 0.8101407013145925
257.0, 0.8290302904079758
258.0, 0.8480892218638412
259.0, 0.8665077806640725
260.0, 0.8849145775438394
261.0, 0.9025868123712311
262.0, 0.9200750557537303
263.0, 0.9045919444580909
264.0, 0.8860713988538015
265.0, 0.866944969711089
266.0, 0.8470876112747225
267.0, 0.8267091479422433
268.0, 0.8058694305227
269.0, 0.7848042015482751
270.0, 0.7635938770746836
271.0, 0.7425166612441315
272.0, 0.7216777085984426
273.0, 0.7013966279454961
274.0, 0.6818104564891446
275.0, 0.6489056102334037
276.0, 0.6209878676164234
277.0, 0.6027455853941094
278.0, 0.5874423987101871
279.0, 0.5740986832377338
280.0, 0.5631295713119341
281.0, 0.5550358391126551
282.0, 0.5502480739983956
ee_box_dist
0.0, 0.7708243331139588
1.0, 0.8081458773327872
2.0, 0.8411988800992536
3.0, 0.8777094190705867
4.0, 0.9142894739628818
5.0, 0.9510658955867048
6.0, 0.9882533446416021
7.0, 1.0254597226340159
8.0, 1.0600672432285858
9.0, 1.1007350508084763
10.0, 1.1378302963511118
11.0, 1.1761823030596117
12.0, 1.2147514851481127
13.0, 1.2520552942987313
14.0, 1.2888509400860206
15.0, 1.324487911835051
16.0, 1.3594490972532447
17.0, 1.3927239903768622
18.0, 1.425956672492779
19.0, 1.456704887711492
20.0, 1.4840448922945082
21.0, 1.4514184065884443
22.0, 1.4141069487318996
23.0, 1.3730162164159148
24.0, 1.3280940664390433
25.0, 1.279447502983405
26.0, 1.2268800526080024
27.0, 1.1711510518598953
28.0, 1.1125563998028534
29.0, 1.0509004804191804
30.0, 0.9869600192972783
31.0, 0.9197860691493176
32.0, 0.8504830954461864
33.0, 0.779513525808586
34.0, 0.7067669050415678
35.0, 0.6330179804776963
36.0, 0.5586036889738304
37.0, 0.48466520436180804
38.0, 0.4122153563926962
39.0, 0.34338939932939827
40.0, 0.2691237093972307
41.0, 0.2840634479455076
42.0, 0.29899890707253873
43.0, 0.3139502467735746
44.0, 0.3290691477618895
45.0, 0.34380248079588027
46.0, 0.3584812795907318
47.0, 0.37290736511556627
48.0, 0.38736260465657835
49.0, 0.40151761849087503
50.0, 0.41507120305477274
51.0, 0.42899220276719574
52.0, 0.44247637458279215
53.0, 0.455765226843801
54.0, 0.46876140439827185
55.0, 0.4799754627523594
56.0, 0.4926229942965244
57.0, 0.5042788700168981
58.0, 0.5163748180114355
59.0, 0.5281596112486974
60.0, 0.5396297746335642
61.0, 0.5508283906886211
62.0, 0.5616977785927275
63.0, 0.5722764398018982
64.0, 0.5796829477562659
65.0, 0.5910221135764115
66.0, 0.6005427735301854
67.0, 0.6098171990177836
68.0, 0.6187162153163118
69.0, 0.6272785909153097
70.0, 0.6354603013240067
71.0, 0.6432921600763613
72.0, 0.650733744147303
73.0, 0.6578111957073897
74.0, 0.6644878954130524
75.0, 0.6707859331130088
76.0, 0.6766722561426625
77.0, 0.6821645180361431
78.0, 0.687231904747721
79.0, 0.6918890408443972
80.0, 0.6961068239670606
81.0, 0.6985699739759069
82.0, 0.7018111159658452
83.0, 0.704239464042866
84.0, 0.7068259184137837
85.0, 0.7089228389383521
86.0, 0.729341022284861
87.0, 0.7737561630074694
88.0, 0.8116005215310182
89.0, 0.8449687163461043
90.0, 0.8758420069930337
91.0, 0.87387268228825
92.0, 0.8747366468451961
93.0, 0.8745657739511687
94.0, 0.8736479683537015
95.0, 0.8576095669528603
96.0, 0.876224943751787
97.0, 0.8745309473284711
98.0, 0.853840555182696
99.0, 0.8617934904788763
100.0, 0.8639776786655397
101.0, 0.8750928185201267
102.0, 0.8737106351375341
103.0, 0.8732230042361809
104.0, 0.875058641793873
105.0, 0.87403562232234
106.0, 0.8745138834197422
107.0, 0.874245466996717
108.0, 0.8742183481022779
109.0, 0.8738273759195792
110.0, 0.8747504026621853
111.0, 0.8744696417532781
112.0, 0.8738148403637704
113.0, 0.8732999306980943
114.0, 0.8750591591126786
115.0, 0.8531565881141815
116.0, 0.8754809407166797
117.0, 0.8738723673479147
118.0, 0.8745450930056875
119.0, 0.8743283402847936
120.0, 0.8738678545112416
121.0, 0.8734786820145809
122.0, 0.8749631695718622
123.0, 0.8739616556950393
124.0, 0.8744136737199286
125.0, 0.8696655524112936
126.0, 0.8750219984159802
127.0, 0.8739065203989331
128.0, 0.8745469850174558
129.0, 0.8742628091453958
130.0, 0.8741179491490184
131.0, 0.8736971782075013
132.0, 0.8747414536026307
133.0, 0.8743558917299493
134.0, 0.8739439790503656
135.0, 0.8734659551214847
136.0, 0.8750402379790003
137.0, 0.8742142287662101
138.0, 0.8741542508069287
139.0, 0.873747206883628
140.0, 0.8747322814022443
141.0, 0.8743978158212513
142.0, 0.8738673758701428
143.0, 1.6008090310990237
144.0, 1.5983189627016485
145.0, 1.5962832859520988
146.0, 1.5915067768563882
147.0, 1.5854469851725048
148.0, 1.5765805575366316
149.0, 1.5669005970267622
150.0, 1.5559775197498982
151.0, 1.629266766388526
152.0, 1.7018559754170925
153.0, 1.7774059240364193
154.0, 1.852755497609246
155.0, 1.9292527373104178
156.0, 2.00532079705443
157.0, 2.082757073579344
158.0, 2.1610818406482197
159.0, 2.239676994427493
160.0, 2.3165043493286133
161.0, 2.3962347019604184
162.0, 2.4748202288428596
163.0, 2.554441593395477
164.0, 2.63414787325536
165.0, 2.7143878404831434
166.0, 2.792271238632379
167.0, 2.7853931406215926
168.0, 2.8638980042251894
169.0, 2.9430306894059712
170.0, 3.022868477682351
171.0, 3.1027834912287235
172.0, 3.180724274900739
173.0, 3.261472479982734
174.0, 3.25183195230602
175.0, 3.330346910446971
176.0, 3.408860527838664
177.0, 3.3984458051283126
178.0, 3.3848032356761117
179.0, 3.3703726560560274
180.0, 3.3541804624017564
181.0, 3.422417229418492
182.0, 3.437327464638429
183.0, 3.452474229152688
184.0, 3.464702640715058
185.0, 3.475442973127357
186.0, 3.483130309827862
187.0, 3.4895568083430906
188.0, 3.57183129960319
189.0, 3.5762881023975632
190.0, 3.6571455159109325
191.0, 3.740546913273419
192.0, 3.822858290608446
193.0, 3.905787487756778
194.0, 3.987806159993451
195.0, 4.07069084998247
196.0, 4.168483876262011
197.0, 4.261530315126212
198.0, 4.316977792374616
199.0, 4.420376102721473
200.0, 4.482933878406161
201.0, 4.567247621563429
202.0, 4.671116434318989
203.0, 4.731447248581065
204.0, 4.816957357640537
205.0, 4.899053595180519
206.0, 4.981759500530505
207.0, 5.065024709248951
208.0, 5.14713815861234
209.0, 5.230255159201935
210.0, 5.314004023868236
211.0, 5.397230216629796
212.0, 5.47857556963957
213.0, 5.480489378935212
214.0, 5.563344200648328
215.0, 5.646727263565679
216.0, 5.644720824396208
217.0, 5.64143223513647
218.0, 5.636463485825816
219.0, 5.628755740132711
220.0, 5.617084000092467
221.0, 5.605594815040034
222.0, 5.591097622912109
223.0, 5.575072930332996
224.0, 5.5563592248800715
225.0, 5.536579149530092
226.0, 5.515417205358351
227.0, 5.492574071374346
228.0, 5.467211785229351
229.0, 5.4419798116015174
230.0, 5.441802985262109
231.0, 5.441916916148016
232.0, 5.441886392241458
233.0, 5.442035029301845
234.0, 5.441709459103457
235.0, 5.441796033062148
236.0, 5.442100976123492
237.0, 5.44227581106672
238.0, 5.441585839828739
239.0, 5.441971180413106
240.0, 5.441816929917952
241.0, 5.441937011700891
242.0, 5.441852597003496
243.0, 5.440581339293757
244.0, 5.4390718470136425
245.0, 5.437400780089284
246.0, 5.434970181065914
247.0, 5.432926080242867
248.0, 5.4299621973332
249.0, 5.426604812912189
250.0, 5.42246014580812
251.0, 5.417833332273088
252.0, 5.412317973278828
253.0, 5.406373802566129
254.0, 5.399568345510687
255.0, 5.392494015584743
256.0, 5.384665333414382
257.0, 5.376765761093781
258.0, 5.368249360275429
259.0, 5.359851827803921
260.0, 5.350969312348159
261.0, 5.342368978473424
262.0, 5.3334395202703995
263.0, 5.350097855053286
264.0, 5.3719205962720356
265.0, 5.393966520787464
266.0, 5.416336807612364
267.0, 5.4388443064553424
268.0, 5.4613158439711675
269.0, 5.483581250870834
270.0, 5.505471293524962
271.0, 5.526819693422462
272.0, 5.547467652995007
273.0, 5.567259989810585
274.0, 5.586049500078281
275.0, 5.619969021718133
276.0, 5.648429022126267
277.0, 5.665085056204883
278.0, 5.679237278223212
279.0, 5.692025719901022
280.0, 5.7031221884877255
281.0, 5.712736191997413
282.0, 5.719066649640126
spot_hold
0, 0
1, 0
2, 0
3, 0
4, 0
5, 0
6, 0
7, 0
8, 0
9, 0
10, 0
11, 0
12, 0
13, 0
14, 0
15, 0
16, 0
17, 0
18, 0
19, 0
20, 0
21, 0
22, 0
23, 0
24, 0
25, 0
26, 0
27, 0
28, 0
29, 0
30, 0
31, 0
32, 0
33, 0
34, 0
35, 0
36, 0
37, 0
38, 0
39, 0
40, 0
41, 1
42, 1
43, 1
44, 1
45, 1
46, 1
47, 1
48, 1
49, 1
50, 1
51, 1
52, 1
53, 1
54, 1
55, 1
56, 1
57, 1
58, 1
59, 1
60, 1
61, 1
62, 1
63, 1
64, 1
65, 1
66, 1
67, 1
68, 1
69, 1
70, 1
71, 1
72, 1
73, 1
74, 1
75, 1
76, 1
77, 1
78, 1
79, 1
80, 1
81, 1
82, 1
83, 1
84, 1
85, 1
86, 1
87, 1
88, 1
89, 1
90, 1
91, 1
92, 1
93, 1
94, 1
95, 1
96, 1
97, 1
98, 1
99, 1
100, 1
101, 1
102, 1
103, 1
104, 1
105, 1
106, 1
107, 1
108, 1
109, 1
110, 1
111, 1
112, 1
113, 1
114, 1
115, 1
116, 1
117, 1
118, 1
119, 1
120, 1
121, 1
122, 1
123, 1
124, 1
125, 1
126, 1
127, 1
128, 1
129, 1
130, 1
131, 1
132, 1
133, 1
134, 1
135, 1
136, 1
137, 1
138, 1
139, 1
140, 1
141, 1
142, 1
143, 1
144, 1
145, 1
146, 1
147, 1
148, 1
149, 1
150, 1
151, 1
152, 1
153, 1
154, 1
155, 1
156, 1
157, 1
158, 1
159, 1
160, 1
161, 1
162, 1
163, 1
164, 1
165, 1
166, 1
167, 1
168, 1
169, 1
170, 1
171, 1
172, 1
173, 1
174, 1
175, 1
176, 1
177, 1
178, 1
179, 1
180, 1
181, 1
182, 1
183, 1
184, 1
185, 1
186, 1
187, 1
188, 1
189, 1
190, 1
191, 1
192, 1
193, 1
194, 1
195, 1
196, 1
197, 1
198, 1
199, 1
200, 1
201, 1
202, 1
203, 1
204, 1
205, 1
206, 1
207, 1
208, 1
209, 1
210, 1
211, 1
212, 1
213, 1
214, 1
215, 1
216, 1
217, 1
218, 1
219, 1
220, 1
221, 1
222, 1
223, 1
224, 1
225, 1
226, 1
227, 1
228, 1
229, 1
230, 1
231, 1
232, 1
233, 1
234, 1
235, 1
236, 1
237, 1
238, 1
239, 1
240, 1
241, 1
242, 1
243, 1
244, 1
245, 1
246, 1
247, 1
248, 1
249, 1
250, 1
251, 1
252, 1
253, 1
254, 1
255, 1
256, 1
257, 1
258, 1
259, 1
260, 1
261, 1
262, 1
263, 1
264, 1
265, 1
266, 1
267, 1
268, 1
269, 1
270, 1
271, 1
272, 1
273, 1
274, 1
275, 1
276, 1
277, 1
278, 1
279, 1
280, 1
281, 1
282, 1
