bot_dist
0.0, 3.3367828852120835
1.0, 3.342232698008742
2.0, 3.347703510147193
3.0, 3.353195218844769
4.0, 3.358707721599712
5.0, 3.3642409161952367
6.0, 3.369794700703492
7.0, 3.375368973489422
8.0, 3.3809636332145407
9.0, 3.3865785788406018
10.0, 3.392213709633183
11.0, 3.3978689251651746
12.0, 3.403544125320178
13.0, 3.409239210295807
14.0, 3.4149540806069107
15.0, 3.420688637088698
16.0, 3.426442780899779
17.0, 3.4322164135251167
18.0, 3.438009436778897
19.0, 3.44382175280731
20.0, 3.4496532640912494
21.0, 3.4555038734489267
22.0, 3.461373484038409
23.0, 3.467261999360069
24.0, 3.473169323258959
25.0, 3.47909535992711
26.0, 3.485040013905741
27.0, 3.491003190087404
28.0, 3.4969847937180503
29.0, 3.502984730399013
30.0, 3.509002906088929
31.0, 3.5150392271055777
32.0, 3.521093600127656
33.0, 3.5271659321964757
34.0, 3.533256130717592
35.0, 3.5393641034623724
36.0, 3.5454897585694827
37.0, 3.5516330045463174
38.0, 3.557793750270362
39.0, 3.5639719049904874
40.0, 3.5701673783281827
41.0, 3.5763800802787253
42.0, 3.5826099212122897
43.0, 3.588856811874991
44.0, 3.5951206633898747
45.0, 3.6014013872578423
46.0, 3.6076988953585216
47.0, 3.6140130999510807
48.0, 3.620343913674979
49.0, 3.626691249550676
50.0, 3.6330550209802706
51.0, 3.6394351417480975
52.0, 3.6458315260212673
53.0, 3.6522440883501566
54.0, 3.658672743668842
55.0, 3.6651174072954964
56.0, 3.671577994932717
57.0, 3.6780544226678287
58.0, 3.6845466069731194
59.0, 3.691054464706043
60.0, 3.6975779131093676
61.0, 3.7041168698112874
62.0, 3.7106712528254837
63.0, 3.717240980551147
64.0, 3.7238259717729547
65.0, 3.730426145661009
66.0, 3.737041421770737
67.0, 3.7436717200427414
68.0, 3.7503169608026248
69.0, 3.7569770647607665
70.0, 3.763651953012067
71.0, 3.7703415470356516
72.0, 3.777045768694546
73.0, 3.783764540235304
74.0, 3.790497784287616
75.0, 3.797245423863869
76.0, 3.804007382358688
77.0, 3.810783583548432
78.0, 3.8175739515906684
79.0, 3.824378411023612
80.0, 3.8311968867655324
81.0, 3.8380293041141385
82.0, 3.844875588745928
83.0, 3.8517356667155083
84.0, 3.8586094644548967
85.0, 3.8654969087727884
86.0, 3.8723979268537976
87.0, 3.879312446257677
88.0, 3.886240394918512
89.0, 3.893181701143884
90.0, 3.9001362936140214
91.0, 3.907104101380916
92.0, 3.9140850538674243
93.0, 3.9210790808663476
94.0, 3.9280861125394813
95.0, 3.9351060794166544
96.0, 3.942138912394745
97.0, 3.949184542736673
98.0, 3.956242902070377
99.0, 3.9633139223877705
100.0, 3.970397536043686
101.0, 3.970397536043686
102.0, 3.970397536043686
103.0, 3.970397536043686
104.0, 3.970397536043686
105.0, 3.970397536043686
106.0, 3.970397536043686
107.0, 3.970397536043686
108.0, 3.970397536043686
109.0, 3.970397536043686
110.0, 3.970397536043686
111.0, 3.970397536043686
112.0, 3.970397536043686
113.0, 3.970397536043686
114.0, 3.970397536043686
115.0, 3.970397536043686
116.0, 3.970397536043686
117.0, 3.970397536043686
118.0, 3.970397536043686
119.0, 3.970397536043686
120.0, 3.970397536043686
121.0, 3.970397536043686
122.0, 3.970397536043686
123.0, 3.970397536043686
124.0, 3.970397536043686
125.0, 3.970397536043686
126.0, 3.970397536043686
127.0, 3.970397536043686
128.0, 3.970397536043686
129.0, 3.970397536043686
130.0, 3.970397536043686
131.0, 3.9633139223877705
132.0, 3.956242902070377
133.0, 3.949184542736673
134.0, 3.942138912394745
135.0, 3.9351060794166544
136.0, 3.9280861125394813
137.0, 3.9210790808663476
138.0, 3.9140850538674243
139.0, 3.907104101380916
140.0, 3.9001362936140214
141.0, 3.893181701143884
142.0, 3.886240394918512
143.0, 3.883494503654345
144.0, 3.8765874436320114
145.0, 3.8696938969323873
146.0, 3.8628139359027744
147.0, 3.8559476332637277
148.0, 3.849095062109811
149.0, 3.8422562959103397
150.0, 3.8354314085100896
151.0, 3.745666525029919
152.0, 3.655906664864023
153.0, 3.5661521638046683
154.0, 3.476403483824645
155.0, 3.3866610877109364
156.0, 3.296925488604587
157.0, 3.2071972570351264
158.0, 3.117477029167106
159.0, 3.0277655165093895
160.0, 2.9380635173988416
161.0, 2.8483719306482103
162.0, 2.758691771848941
163.0, 2.6690241929509306
164.0, 2.5793705059133245
165.0, 2.4897322114479765
166.0, 2.400111034180623
167.0, 2.3933324257896063
168.0, 2.303492031225094
169.0, 2.213701604722039
170.0, 2.1239672867132033
171.0, 2.0342965021732344
172.0, 1.9446980397810245
173.0, 1.8551823782446715
174.0, 1.8486294909950987
175.0, 1.759833392368839
176.0, 1.6712732111740414
177.0, 1.6649181736793708
178.0, 1.658599078537741
179.0, 1.6523163381214758
180.0, 1.6460703687080378
181.0, 1.5675027212850294
182.0, 1.561536449490059
183.0, 1.5556115789471994
184.0, 1.5497285845081736
185.0, 1.543887944880504
186.0, 1.538090142570167
187.0, 1.5323356638198486
188.0, 1.4440519724519005
189.0, 1.4384189423124893
190.0, 1.35020754513043
191.0, 1.2621407538928828
192.0, 1.174250940811365
193.0, 1.0865810522019907
194.0, 0.9991889789530929
195.0, 0.9121545756982156
196.0, 0.8255909676843538
197.0, 0.7396634663992216
198.0, 0.6546226109586852
199.0, 0.5708647858117966
200.0, 0.48904965620114627
201.0, 0.41034089539052665
202.0, 0.3369226265454245
203.0, 0.27309555795648666
204.0, 0.2270960874207011
205.0, 0.2109293808765042
206.0, 0.2309478212952631
207.0, 0.27948114472007035
208.0, 0.3446877514446688
209.0, 0.41885164842322314
210.0, 0.4979868295714754
211.0, 0.5800620787022372
212.0, 0.6639882561748496
213.0, 0.671254829841581
214.0, 0.7543961626343303
215.0, 0.8386497369011199
216.0, 0.8457165183057797
217.0, 0.8528420000707709
218.0, 0.860024723163646
219.0, 0.8672632653578899
220.0, 0.8745562406410944
221.0, 0.8819022985954105
222.0, 0.8893001237546206
223.0, 0.8967484349418343
224.0, 0.9042459845914745
225.0, 0.9117915580589194
226.0, 0.9193839729208622
227.0, 0.9270220782691833
228.0, 0.934704754000863
229.0, 0.942430910106222
230.0, 0.9501994859575544
231.0, 0.9501994859575544
232.0, 0.9501994859575544
233.0, 0.9501994859575544
234.0, 0.9501994859575544
235.0, 0.9501994859575544
236.0, 0.9501994859575544
237.0, 0.9501994859575544
238.0, 0.9501994859575544
239.0, 0.9501994859575544
240.0, 0.9501994859575544
241.0, 0.9501994859575544
242.0, 0.9501994859575544
243.0, 0.9501994859575544
244.0, 0.9501994859575544
245.0, 0.9501994859575544
246.0, 0.9501994859575544
247.0, 0.9501994859575544
248.0, 0.9501994859575544
249.0, 0.9501994859575544
250.0, 0.9501994859575544
251.0, 0.9501994859575544
252.0, 0.9501994859575544
253.0, 0.9501994859575544
254.0, 0.9501994859575544
255.0, 0.9501994859575544
256.0, 0.9501994859575544
257.0, 0.9501994859575544
258.0, 0.9501994859575544
259.0, 0.9501994859575544
260.0, 0.9501994859575544
261.0, 0.942430910106222
262.0, 0.934704754000863
263.0, 0.9270220782691833
264.0, 0.9193839729208622
265.0, 0.9117915580589194
266.0, 0.9042459845914745
267.0, 0.8967484349418343
268.0, 0.8893001237546206
269.0, 0.8819022985954105
270.0, 0.8745562406410944
271.0, 0.8672632653578899
272.0, 0.860024723163646
273.0, 0.8528420000707709
274.0, 0.8457165183057797
275.0, 0.8386497369011199
276.0, 0.8316431522545688
277.0, 0.8246982986511154
278.0, 0.8178167487418581
279.0, 0.8110001139740319
280.0, 0.8042500449658755
281.0, 0.7975682318196126
282.0, 0.790956404365401
ee_dist
0.0, 1.0297553058285256
1.0, 1.0568260415802515
2.0, 1.1459425152464364
3.0, 1.2285520285495226
4.0, 1.2569807110180302
5.0, 1.2824690401100802
6.0, 1.3165107378849925
7.0, 1.3519904843179904
8.0, 1.3872504931655778
9.0, 1.4220558918395219
10.0, 1.4564343420333279
11.0, 1.4929677546399966
12.0, 1.5218105116466174
13.0, 1.5505400710017525
14.0, 1.5779206638542496
15.0, 1.6027445473581523
16.0, 1.6270770416424318
17.0, 1.6483477146797667
18.0, 1.669601767393531
19.0, 1.687912413212876
20.0, 1.7066557549290897
21.0, 1.6813176802792829
22.0, 1.6453302188081993
23.0, 1.6063487633657356
24.0, 1.5638832778703828
25.0, 1.5181409422981587
26.0, 1.4691692868926665
27.0, 1.4172138189076464
28.0, 1.36235933617761
29.0, 1.304936937730889
30.0, 1.2450882738705347
31.0, 1.1832548081539676
32.0, 1.1196713073094071
33.0, 1.054927406191096
34.0, 0.9894237202873821
35.0, 0.9240020152870325
36.0, 0.8574110378997376
37.0, 0.7964317044362229
38.0, 0.7370417793185546
39.0, 0.6831153871407742
40.0, 0.6363819887347986
41.0, 0.6367631845753171
42.0, 0.7281412677421524
43.0, 1.061887333251194
44.0, 1.0197430505682752
45.0, 0.9762478903437226
46.0, 0.9302774442062451
47.0, 0.8824613778621018
48.0, 0.8323295951340409
49.0, 0.780371729643217
50.0, 0.7268031890194244
51.0, 0.6723877063544483
52.0, 0.6173051431491204
53.0, 0.5617187645746564
54.0, 0.5059041999689611
55.0, 0.45018455277749475
56.0, 0.3959010367977565
57.0, 0.3437146077410315
58.0, 0.3854698190782046
59.0, 0.4551320852911499
60.0, 0.5349957606497189
61.0, 0.624329508764181
62.0, 0.7176222071466404
63.0, 0.809507302024272
64.0, 0.8956438738297052
65.0, 0.9626731574799368
66.0, 1.0201921667724274
67.0, 1.0785380342746147
68.0, 1.1319074539667744
69.0, 1.1844873920178585
70.0, 1.237074921485776
71.0, 1.2878792079107435
72.0, 1.3429137420523312
73.0, 1.403512460145266
74.0, 1.4687363819524175
75.0, 1.5450253752795127
76.0, 1.6305670490938124
77.0, 1.7254643137851278
78.0, 1.8247354643026028
79.0, 1.923231419735577
80.0, 2.016581915594455
81.0, 2.094913566290413
82.0, 2.1584978910361516
83.0, 2.221073748834241
84.0, 2.2810056402034355
85.0, 2.3400416218335587
86.0, 2.3999083135004553
87.0, 2.460328864514966
88.0, 2.4968676317960967
89.0, 2.538087216417515
90.0, 2.579555821345432
91.0, 2.633841450940163
92.0, 2.728377371400745
93.0, 2.8297653044668167
94.0, 2.9368511662657943
95.0, 3.044273519543286
96.0, 3.145728251905076
97.0, 3.2360498576420373
98.0, 3.3080802189970675
99.0, 3.376034390051203
100.0, 3.4416764207817514
101.0, 3.5057501119752974
102.0, 3.5686005779550154
103.0, 3.631265513663114
104.0, 3.694784042939043
105.0, 3.7645362021704147
106.0, 3.838738903413927
107.0, 3.920014009373809
108.0, 4.011215163994201
109.0, 4.111350419894722
110.0, 4.217769555987336
111.0, 4.326442199291022
112.0, 4.429437206273298
113.0, 4.524482081700635
114.0, 4.599193842240459
115.0, 4.670251804768748
116.0, 4.732844540324505
117.0, 4.7975617035036455
118.0, 4.840428933061602
119.0, 4.883440022720205
120.0, 4.925184078000822
121.0, 4.965111789068585
122.0, 5.019286789373387
123.0, 5.041251139895523
124.0, 5.078212346317656
125.0, 5.112152979673402
126.0, 5.1437868312271835
127.0, 5.173255272451676
128.0, 5.199979277107871
129.0, 5.2242402207485945
130.0, 5.24547781275426
131.0, 5.26401044344083
132.0, 5.279309924054595
133.0, 5.29172736595094
134.0, 5.300768537454932
135.0, 5.3068163684792475
136.0, 5.309409782118096
137.0, 5.308967245346423
138.0, 5.305059583614681
139.0, 5.2981363658641545
140.0, 5.287803878820709
141.0, 5.274544510667846
142.0, 5.257999076873177
143.0, 4.592223708430537
144.0, 4.5794783793989104
145.0, 4.569948264581551
146.0, 4.562586408504157
147.0, 4.558469194924438
148.0, 4.5566434417964885
149.0, 4.558125126498254
150.0, 4.561887920449137
151.0, 4.479754530005447
152.0, 4.39713947686912
153.0, 4.315077202778918
154.0, 4.232537900322207
155.0, 4.150558498131831
156.0, 4.068104457031778
157.0, 3.986218046265581
158.0, 3.9038602150213526
159.0, 3.8220791798271607
160.0, 3.7398305711413364
161.0, 3.6581689156666033
162.0, 3.5760449235089293
163.0, 3.4945194216682665
164.0, 3.4125380426958825
165.0, 3.3311691304210727
166.0, 3.2493523751391007
167.0, 3.2582221633850463
168.0, 3.178466140270395
169.0, 3.09944263098425
170.0, 3.0201005334370956
171.0, 2.941530526588148
172.0, 2.862677057650715
173.0, 2.7846393012363975
174.0, 2.797212684504262
175.0, 2.722569790452834
176.0, 2.647889798229213
177.0, 2.6643000986016014
178.0, 2.682593142854719
179.0, 2.7036106930995523
180.0, 2.726171852196311
181.0, 2.6715973478047323
182.0, 2.648098300694344
183.0, 2.627035393209964
184.0, 2.607655267893452
185.0, 2.5911474223264714
186.0, 2.576632988845134
187.0, 2.5653229630711367
188.0, 2.4858268903681213
189.0, 2.477013741223368
190.0, 2.3956261891161064
191.0, 2.3149632704619942
192.0, 2.2339098449236445
193.0, 2.1536217192384193
194.0, 2.072978224533847
195.0, 1.9931569052625118
196.0, 1.9130289582883253
197.0, 1.8337989916357085
198.0, 1.7542766600461301
199.0, 1.6849095157971887
200.0, 2.225844450766148
201.0, 1.8645463221203418
202.0, 1.3038306387908323
203.0, 1.521515670536739
204.0, 1.6001604708111616
205.0, 0.7664987274015846
206.0, 1.119714318872771
207.0, 1.0685050384065373
208.0, 1.0024782043322347
209.0, 0.9362907274506195
210.0, 0.866836386403929
211.0, 0.8056762271540172
212.0, 0.7477902790245428
213.0, 0.7262876240818177
214.0, 0.6666119129718162
215.0, 0.6133155354156198
216.0, 0.5898875936434913
217.0, 0.5697971871396673
218.0, 0.5518766624459946
219.0, 0.5382403115595413
220.0, 0.527506581267538
221.0, 0.5217737408831724
222.0, 0.5194070071496458
223.0, 0.5222910882708462
224.0, 0.5285517756817834
225.0, 0.539728156841689
226.0, 0.5538447126191338
227.0, 0.5720923465175412
228.0, 0.592582600473042
229.0, 0.6162296927969633
230.0, 0.615428449301381
231.0, 0.6161281431997019
232.0, 0.6158445343912563
233.0, 0.6159019605095131
234.0, 0.6158715488438432
235.0, 0.6159007211943814
236.0, 0.6158721340765965
237.0, 0.6159002512077192
238.0, 0.6158722038334716
239.0, 0.6159002512077192
240.0, 0.6158722038334716
241.0, 0.6159002512077192
242.0, 0.6158722038334716
243.0, 0.625295260944375
244.0, 0.6363648939976857
245.0, 0.6485331890842335
246.0, 0.6626038277000035
247.0, 0.6778296197585909
248.0, 0.6946575084991687
249.0, 0.7123041531941013
250.0, 0.7312828213901625
251.0, 0.7507818183372872
252.0, 0.7713303381048118
253.0, 0.7921173399968203
254.0, 0.8136581579670629
255.0, 0.8352050495540388
256.0, 0.8572112180721988
257.0, 0.8789805559006939
258.0, 0.900923424738723
259.0, 0.9224326403433905
260.0, 0.9438616051242875
261.0, 0.9647144160662593
262.0, 0.9852793377351783
263.0, 0.9663080808208749
264.0, 0.9431882522874837
265.0, 0.9192496577223583
266.0, 0.8942850052645898
267.0, 0.8686034600681241
268.0, 0.8421793580451753
269.0, 0.8153714851873792
270.0, 0.7881706884443803
271.0, 0.7610019734628228
272.0, 0.7338884576920889
273.0, 0.7073275153965267
274.0, 0.6813904151175043
275.0, 0.6538189257666239
276.0, 0.6158735730644301
277.0, 0.5889034481636997
278.0, 0.57161763116179
279.0, 0.547389901060475
280.0, 0.5321043548196459
281.0, 0.5209307186710707
282.0, 0.5144033199231145
ee_box_dist
0.0, 0.5575707657653017
1.0, 0.613147673732866
2.0, 0.643669054619358
3.0, 0.6829850393465733
4.0, 0.7215914679964378
5.0, 0.7593088885288988
6.0, 0.7976261769844436
7.0, 0.8333573374443656
8.0, 0.8665550290995071
9.0, 0.8982526979996548
10.0, 0.9284953684833536
11.0, 0.9605881567079432
12.0, 0.9850765900791133
13.0, 1.0095188290969748
14.0, 1.0325743544775687
15.0, 1.0533550723523317
16.0, 1.0736843980112405
17.0, 1.0913896678560573
18.0, 1.109166570545047
19.0, 1.1243483531884393
20.0, 1.1400154149414932
21.0, 1.1210704463619139
22.0, 1.0944017001862916
23.0, 1.0651965150796638
24.0, 1.0330507536400733
25.0, 0.9981297586466197
26.0, 0.9604031081711534
27.0, 0.9200501180254026
28.0, 0.8770351388491702
29.0, 0.8315785045530225
30.0, 0.7836404649137372
31.0, 0.7334843026536831
32.0, 0.6810724775142886
33.0, 0.6267248368601479
34.0, 0.5704272407069919
35.0, 0.5125404645959273
36.0, 0.45598296362905566
37.0, 0.40077420344108844
38.0, 0.3393957332251122
39.0, 0.2796045419871429
40.0, 0.22085324069423898
41.0, 0.08024927510801838
42.0, 0.08289622250065287
43.0, 0.0830226470959017
44.0, 0.0829722473494839
45.0, 0.08302398996591173
46.0, 0.08297882517086796
47.0, 0.08302397283457504
48.0, 0.08298400534915414
49.0, 0.08302315965728586
50.0, 0.08298817178026671
51.0, 0.0830220312358998
52.0, 0.08299178042872596
53.0, 0.08302061527023112
54.0, 0.08299481802783434
55.0, 0.08301926345535288
56.0, 0.0829978300424831
57.0, 0.08301799251362074
58.0, 0.08300018420467573
59.0, 0.08301632269867379
60.0, 0.08300178250139055
61.0, 0.08301401422450308
62.0, 0.0830028846914592
63.0, 0.08301150610790015
64.0, 0.08300316049133387
65.0, 0.08300926397396982
66.0, 0.08300405131559806
67.0, 0.08300737956997836
68.0, 0.08300435296050644
69.0, 0.08300582506586908
70.0, 0.08300525216712382
71.0, 0.08300468370577763
72.0, 0.08300682326306157
73.0, 0.0830042915571923
74.0, 0.08300801745964237
75.0, 0.08300466891336276
76.0, 0.08301016054264583
77.0, 0.08300539789591607
78.0, 0.08301259962443322
79.0, 0.08300751422974043
80.0, 0.08301597498338914
81.0, 0.08301042606648203
82.0, 0.08302003569440602
83.0, 0.08301419299836175
84.0, 0.08302477340229197
85.0, 0.08301932889353826
86.0, 0.08327210489990249
87.0, 0.12950888030890573
88.0, 0.13578685707609106
89.0, 0.133978430664019
90.0, 0.12946737124634447
91.0, 0.12328016863660551
92.0, 0.12233765926243717
93.0, 0.12311806511962406
94.0, 0.12230841655189989
95.0, 0.1231197230846815
96.0, 0.12230742701559241
97.0, 0.12312006270228312
98.0, 0.12230724817510476
99.0, 0.12312019662784779
100.0, 0.12230726800681395
101.0, 0.12312009986043491
102.0, 0.12230733324323036
103.0, 0.12311998281095202
104.0, 0.12230732332733787
105.0, 0.123120020511514
106.0, 0.12230728644698412
107.0, 0.1231200666501014
108.0, 0.12230737012357003
109.0, 0.12312006215989724
110.0, 0.12230733324323036
111.0, 0.12311998281095202
112.0, 0.12230733324323036
113.0, 0.1231201459990503
114.0, 0.12230736159933168
115.0, 0.08740209006370052
116.0, 0.12014892030732119
117.0, 0.12308318358329497
118.0, 0.12230506304339096
119.0, 0.12314246203799527
120.0, 0.12220441107275791
121.0, 0.12301440406233527
122.0, 0.09398660250217719
123.0, 0.12172150735408381
124.0, 0.12231732508286546
125.0, 0.12311706399082781
126.0, 0.12230837802032563
127.0, 0.1231197250544156
128.0, 0.12230730645814579
129.0, 0.12311988658575776
130.0, 0.12230744388430312
131.0, 0.12312009393843133
132.0, 0.12230743535998279
133.0, 0.12312006215989724
134.0, 0.12230737012357003
135.0, 0.12312006215989724
136.0, 0.12230733324323036
137.0, 0.12312002894955355
138.0, 0.12230733324323036
139.0, 0.12312007508816664
140.0, 0.12230731480306725
141.0, 0.12312001602127931
142.0, 0.12230739847964828
143.0, 0.1191957699749068
144.0, 0.1190573566274869
145.0, 0.1192664687343403
146.0, 0.11905515334358578
147.0, 0.11926810654901578
148.0, 0.11905421732033172
149.0, 0.11926749879863384
150.0, 0.11905314054120582
151.0, 0.1192668494848654
152.0, 0.11905336096541849
153.0, 0.1192669497579379
154.0, 0.11905339486710348
155.0, 0.11926690318370564
156.0, 0.11905347335465474
157.0, 0.1192669497579379
158.0, 0.11905317582068634
159.0, 0.11926688939992297
160.0, 0.11905330116004431
161.0, 0.11926688939992297
162.0, 0.11905342650121005
163.0, 0.11926688939992297
164.0, 0.11905328247970297
165.0, 0.11926684282566713
166.0, 0.11905331411192956
167.0, 0.11926639140767577
168.0, 0.11905252186611096
169.0, 0.11926644523487037
170.0, 0.11905271329427568
171.0, 0.1192660921609805
172.0, 0.11905271739044175
173.0, 0.11926615864307528
174.0, 0.11905201629734462
175.0, 0.1192655339952185
176.0, 0.11905191515318166
177.0, 0.11926433161765652
178.0, 0.11905027280503719
179.0, 0.11926269222113398
180.0, 0.1190480306766812
181.0, 0.11926227274367471
182.0, 0.11904912055342837
183.0, 0.11926364447638424
184.0, 0.11905120038077413
185.0, 0.11926536719603828
186.0, 0.11905261525070403
187.0, 0.11926710247518944
188.0, 0.11905347296659811
189.0, 0.11926744114856237
190.0, 0.11905404022429356
191.0, 0.1192675017713497
192.0, 0.11905378749831054
193.0, 0.11926743867193089
194.0, 0.11905383435182207
195.0, 0.1192676593582193
196.0, 0.11905383435182207
197.0, 0.1192674595387094
198.0, 0.11739027741484753
199.0, 0.10861976686547065
200.0, 0.21422072121195887
201.0, 0.3635187735164806
202.0, 0.7682695912360478
203.0, 2.1855278745953663
204.0, 3.0434753589094488
205.0, 0.28334062368720747
206.0, 0.07488032995963612
207.0, 0.1241779076409094
208.0, 0.11610204622284342
209.0, 0.11720741669187225
210.0, 0.11864017820067815
211.0, 0.11924662275691487
212.0, 0.11905515021930253
213.0, 0.1192665993665512
214.0, 0.11905413718041377
215.0, 0.11926803863178075
216.0, 0.1190549438027057
217.0, 0.11926934067552548
218.0, 0.11905474886488594
219.0, 0.1192685629744389
220.0, 0.11905540849662417
221.0, 0.11926917868023362
222.0, 0.11905487451597778
223.0, 0.11926931808665393
224.0, 0.11905534971516343
225.0, 0.11926855501469431
226.0, 0.11905487891371695
227.0, 0.11926775811335887
228.0, 0.11905409529930674
229.0, 0.11926665611208538
230.0, 0.12243719950229412
231.0, 0.12299506315311928
232.0, 0.12232514605078901
233.0, 0.12312110252273954
234.0, 0.12230868223815415
235.0, 0.12312114652912555
236.0, 0.1223085117816818
237.0, 0.1231205942156872
238.0, 0.12230809533593477
239.0, 0.12312064035610834
240.0, 0.12230804853907964
241.0, 0.12312064035610834
242.0, 0.12230804853907964
243.0, 0.07553751523129915
244.0, 0.07428299920690087
245.0, 0.07294486300685435
246.0, 0.07273380836785948
247.0, 0.07148105029448672
248.0, 0.07154525399826714
249.0, 0.07040377504518616
250.0, 0.07070067123602247
251.0, 0.06966556304988872
252.0, 0.07002126988221831
253.0, 0.06896894096281177
254.0, 0.0693994438328812
255.0, 0.06829055170499215
256.0, 0.06870905238826962
257.0, 0.06750612883692451
258.0, 0.06788175990545064
259.0, 0.06657103404930424
260.0, 0.06690734967507903
261.0, 0.06549697079056743
262.0, 0.0658133939317076
263.0, 0.07999299183482587
264.0, 0.08065544275158407
265.0, 0.08083798421685966
266.0, 0.08114685806875704
267.0, 0.08129568967375282
268.0, 0.08156625797199066
269.0, 0.0816810649039711
270.0, 0.08190708434660396
271.0, 0.08198183258934294
272.0, 0.08215762783113914
273.0, 0.08218731509301448
274.0, 0.08231041927207045
275.0, 0.08127079703388139
276.0, 0.08126332205694642
277.0, 0.08226099170571759
278.0, 0.08229489390480288
279.0, 0.08218594170825175
280.0, 0.08215885329911449
281.0, 0.08199190472161198
282.0, 0.0819139738230344
spot_hold
0, 0
1, 0
2, 0
3, 0
4, 0
5, 0
6, 0
7, 0
8, 0
9, 0
10, 0
11, 0
12, 0
13, 0
14, 0
15, 0
16, 0
17, 0
18, 0
19, 0
20, 0
21, 0
22, 0
23, 0
24, 0
25, 0
26, 0
27, 0
28, 0
29, 0
30, 0
31, 0
32, 0
33, 0
34, 0
35, 0
36, 0
37, 0
38, 0
39, 0
40, 0
41, 1
42, 1
43, 1
44, 1
45, 1
46, 1
47, 1
48, 1
49, 1
50, 1
51, 1
52, 1
53, 1
54, 1
55, 1
56, 1
57, 1
58, 1
59, 1
60, 1
61, 1
62, 1
63, 1
64, 1
65, 1
66, 1
67, 1
68, 1
69, 1
70, 1
71, 1
72, 1
73, 1
74, 1
75, 1
76, 1
77, 1
78, 1
79, 1
80, 1
81, 1
82, 1
83, 1
84, 1
85, 1
86, 1
87, 1
88, 1
89, 1
90, 1
91, 1
92, 1
93, 1
94, 1
95, 1
96, 1
97, 1
98, 1
99, 1
100, 1
101, 1
102, 1
103, 1
104, 1
105, 1
106, 1
107, 1
108, 1
109, 1
110, 1
111, 1
112, 1
113, 1
114, 1
115, 1
116, 1
117, 1
118, 1
119, 1
120, 1
121, 1
122, 1
123, 1
124, 1
125, 1
126, 1
127, 1
128, 1
129, 1
130, 1
131, 1
132, 1
133, 1
134, 1
135, 1
136, 1
137, 1
138, 1
139, 1
140, 1
141, 1
142, 1
143, 1
144, 1
145, 1
146, 1
147, 1
148, 1
149, 1
150, 1
151, 1
152, 1
153, 1
154, 1
155, 1
156, 1
157, 1
158, 1
159, 1
160, 1
161, 1
162, 1
163, 1
164, 1
165, 1
166, 1
167, 1
168, 1
169, 1
170, 1
171, 1
172, 1
173, 1
174, 1
175, 1
176, 1
177, 1
178, 1
179, 1
180, 1
181, 1
182, 1
183, 1
184, 1
185, 1
186, 1
187, 1
188, 1
189, 1
190, 1
191, 1
192, 1
193, 1
194, 1
195, 1
196, 1
197, 1
198, 1
199, 1
200, 1
201, 1
202, 1
203, 1
204, 1
205, 1
206, 1
207, 1
208, 1
209, 1
210, 1
211, 1
212, 1
213, 1
214, 1
215, 1
216, 1
217, 1
218, 1
219, 1
220, 1
221, 1
222, 1
223, 1
224, 1
225, 1
226, 1
227, 1
228, 1
229, 1
230, 1
231, 1
232, 1
233, 1
234, 1
235, 1
236, 1
237, 1
238, 1
239, 1
240, 1
241, 1
242, 1
243, 1
244, 1
245, 1
246, 1
247, 1
248, 1
249, 1
250, 1
251, 1
252, 1
253, 1
254, 1
255, 1
256, 1
257, 1
258, 1
259, 1
260, 1
261, 1
262, 1
263, 1
264, 1
265, 1
266, 1
267, 1
268, 1
269, 1
270, 1
271, 1
272, 1
273, 1
274, 1
275, 1
276, 1
277, 1
278, 1
279, 1
280, 1
281, 1
282, 1
