bot_dist
0.0, 2.997946656345891
1.0, 3.0015347157530137
2.0, 3.0051517689795504
3.0, 3.0087977114599602
4.0, 3.0124724383017756
5.0, 3.016175844297606
6.0, 3.0199078239370625
7.0, 3.0236682714186043
8.0, 3.027457080661299
9.0, 3.0312741453165
10.0, 3.0351193587794367
11.0, 3.0389926142007155
12.0, 3.0428938044977314
13.0, 3.046822822365986
14.0, 3.050779560290315
15.0, 3.054763910556015
16.0, 3.058775765259881
17.0, 3.062815016321135
18.0, 3.0668815554922695
19.0, 3.0709752743697742
20.0, 3.075096064404771
21.0, 3.0792438169135448
22.0, 3.083418423087962
23.0, 3.087619774005794
24.0, 3.091847760640926
25.0, 3.0961022738734587
26.0, 3.1003832044997073
27.0, 3.104690443242083
28.0, 3.1090238807588713
29.0, 3.113383407653892
30.0, 3.1177689144860534
31.0, 3.122180291778793
32.0, 3.1266174300294
33.0, 3.1310802197182315
34.0, 3.1355685513178098
35.0, 3.1400823153018047
36.0, 3.144621402153906
37.0, 3.149185702376573
38.0, 3.153775106499676
39.0, 3.158389505089015
40.0, 3.1630287887547275
41.0, 3.167692848159579
42.0, 3.172381574027133
43.0, 3.177094744487091
44.0, 3.181832361908253
45.0, 3.186594317252251
46.0, 3.191380501573035
47.0, 3.196190806024463
48.0, 3.201025121867772
49.0, 3.2058833404789375
50.0, 3.210765353355914
51.0, 3.2156710521257614
52.0, 3.2206003285516505
53.0, 3.225553074539765
54.0, 3.2305291821460753
55.0, 3.2355285435830083
56.0, 3.240551051225996
57.0, 3.2455965976199135
58.0, 3.2506650754854065
59.0, 3.2557563777250986
60.0, 3.260870397429695
61.0, 3.266007027883968
62.0, 3.2711661625726345
63.0, 3.2763476951861215
64.0, 3.2815515196262233
65.0, 3.286777530011649
66.0, 3.2920256206834573
67.0, 3.2972956862103917
68.0, 3.302587621394101
69.0, 3.3079013212742554
70.0, 3.313236681133558
71.0, 3.3185935965026494
72.0, 3.323971963164912
73.0, 3.3293716771611637
74.0, 3.334792634794255
75.0, 3.3402347326335633
76.0, 3.3456978675193825
77.0, 3.3511819365672175
78.0, 3.3566868371719747
79.0, 3.3622124670120597
80.0, 3.3677587240533686
81.0, 3.3733255065531926
82.0, 3.3789127130640217
83.0, 3.384520242437252
84.0, 3.390147993826802
85.0, 3.3957958666926364
86.0, 3.4014637608041967
87.0, 3.407151576243739
88.0, 3.412859213409585
89.0, 3.4185865730192817
90.0, 3.424333556112675
91.0, 3.4301000640548907
92.0, 3.435885998539239
93.0, 3.441691261590024
94.0, 3.447515755565275
95.0, 3.4533593831593925
96.0, 3.459222047405711
97.0, 3.465103651678984
98.0, 3.4710040996977853
99.0, 3.4769232955268317
100.0, 3.4828611435792305
101.0, 3.4828611435792305
102.0, 3.4828611435792305
103.0, 3.4828611435792305
104.0, 3.4828611435792305
105.0, 3.4828611435792305
106.0, 3.4828611435792305
107.0, 3.4828611435792305
108.0, 3.4828611435792305
109.0, 3.4828611435792305
110.0, 3.4828611435792305
111.0, 3.4828611435792305
112.0, 3.4828611435792305
113.0, 3.4828611435792305
114.0, 3.4828611435792305
115.0, 3.4828611435792305
116.0, 3.4828611435792305
117.0, 3.4828611435792305
118.0, 3.4828611435792305
119.0, 3.4828611435792305
120.0, 3.4828611435792305
121.0, 3.4828611435792305
122.0, 3.4828611435792305
123.0, 3.4828611435792305
124.0, 3.4828611435792305
125.0, 3.4828611435792305
126.0, 3.4828611435792305
127.0, 3.4828611435792305
128.0, 3.4828611435792305
129.0, 3.4828611435792305
130.0, 3.4828611435792305
131.0, 3.4769232955268317
132.0, 3.4710040996977853
133.0, 3.465103651678984
134.0, 3.459222047405711
135.0, 3.4533593831593925
136.0, 3.447515755565275
137.0, 3.441691261590024
138.0, 3.435885998539239
139.0, 3.4301000640548907
140.0, 3.424333556112675
141.0, 3.4185865730192817
142.0, 3.412859213409585
143.0, 3.4119124208754217
144.0, 3.4062325552269637
145.0, 3.4005726094983735
146.0, 3.3949326833196074
147.0, 3.389312876630202
148.0, 3.383713289675922
149.0, 3.3781340230053245
150.0, 3.372575177466227
151.0, 3.2841042012694457
152.0, 3.195711138393668
153.0, 3.107402587862593
154.0, 3.019186019407351
155.0, 2.93106973820862
156.0, 2.8430630690204133
157.0, 2.7551765156412524
158.0, 2.667421950869838
159.0, 2.5798128438612182
160.0, 2.4923645336202815
161.0, 2.405094559736281
162.0, 2.318023064558622
163.0, 2.2311732850915713
164.0, 2.144572158290497
165.0, 2.0582510706546677
166.0, 1.972246792699962
167.0, 1.9677748193347322
168.0, 1.884039118777044
169.0, 1.800953325826741
170.0, 1.718611458700922
171.0, 1.6371257720765735
172.0, 1.5566307284208465
173.0, 1.4772882721995075
174.0, 1.474104196438508
175.0, 1.3997305196796381
176.0, 1.3274282945076918
177.0, 1.325042437083292
178.0, 1.3227278793093427
179.0, 1.3204849961098697
180.0, 1.318314153310547
181.0, 1.270566917664269
182.0, 1.2690724165567149
183.0, 1.2676550415179395
184.0, 1.2663150515275132
185.0, 1.265052692492664
186.0, 1.2638681970281862
187.0, 1.262761784246795
188.0, 1.261733659560349
189.0, 1.2607839927880515
190.0, 1.2599129868482946
191.0, 1.259120804983691
192.0, 1.2584075960562
193.0, 1.1769588656149617
194.0, 1.0962622073540829
195.0, 1.0164967513875829
196.0, 0.9379001152978115
197.0, 0.860792523988947
198.0, 0.7856125475196736
199.0, 0.7129702691255098
200.0, 0.6437252904173066
201.0, 0.5790977016187973
202.0, 0.5208091130990053
203.0, 0.471217995671937
204.0, 0.4333205777628514
205.0, 0.41036978316100936
206.0, 0.4049148330206272
207.0, 0.4176422230567477
208.0, 0.44700115094834547
209.0, 0.4561060464167397
210.0, 0.4932557402161728
211.0, 0.5414925929646152
212.0, 0.5981402298089658
213.0, 0.661040032235263
214.0, 0.7285742764335282
215.0, 0.7995695914957767
216.0, 0.8731821633026233
217.0, 0.9488030102587247
218.0, 1.0259881663758255
219.0, 1.1044097002976212
220.0, 1.1838219283240095
221.0, 1.2640381454493825
222.0, 1.3449144997443125
223.0, 1.4263387022004683
224.0, 1.508222025587871
225.0, 1.590493560767502
226.0, 1.5955367289758493
227.0, 1.6753801816978464
228.0, 1.6803292843115718
229.0, 1.6853231925537444
230.0, 1.690361509310784
231.0, 1.690361509310784
232.0, 1.690361509310784
233.0, 1.690361509310784
234.0, 1.690361509310784
235.0, 1.690361509310784
236.0, 1.690361509310784
237.0, 1.690361509310784
238.0, 1.690361509310784
239.0, 1.690361509310784
240.0, 1.690361509310784
241.0, 1.690361509310784
242.0, 1.690361509310784
243.0, 1.690361509310784
244.0, 1.690361509310784
245.0, 1.690361509310784
246.0, 1.690361509310784
247.0, 1.690361509310784
248.0, 1.690361509310784
249.0, 1.690361509310784
250.0, 1.690361509310784
251.0, 1.690361509310784
252.0, 1.690361509310784
253.0, 1.690361509310784
254.0, 1.690361509310784
255.0, 1.690361509310784
256.0, 1.690361509310784
257.0, 1.690361509310784
258.0, 1.690361509310784
259.0, 1.690361509310784
260.0, 1.690361509310784
261.0, 1.6853231925537444
262.0, 1.6803292843115718
263.0, 1.6753801816978464
264.0, 1.6704762829481175
265.0, 1.6656179873289632
266.0, 1.6608056950440624
267.0, 1.6560398071372486
268.0, 1.6513207253925377
269.0, 1.6466488522311238
270.0, 1.6420245906053283
271.0, 1.6374483438895078
272.0, 1.6329205157679194
273.0, 1.6284415101195437
274.0, 1.6240117308998883
275.0, 1.6196315820197693
276.0, 1.615301467221103
277.0, 1.6110217899497246
278.0, 1.606792953225262
279.0, 1.6026153595081012
280.0, 1.59848941056348
281.0, 1.594415507322749
282.0, 1.590394049741861
ee_dist
0.0, 1.0354102348595273
1.0, 1.0632359252219306
2.0, 1.1528041254842754
3.0, 1.2356361859082348
4.0, 1.2641432414166522
5.0, 1.2896403923104147
6.0, 1.323570890775762
7.0, 1.3609887405721584
8.0, 1.397927996425456
9.0, 1.4333561242708401
10.0, 1.4706670529576538
11.0, 1.506413183167201
12.0, 1.5408098614918249
13.0, 1.5735792403326117
14.0, 1.6084918189080424
15.0, 1.6386189228342567
16.0, 1.672698245186863
17.0, 1.7099591297992947
18.0, 1.7432657287269626
19.0, 1.7762023547940102
20.0, 1.8015504523942527
21.0, 1.766060096372756
22.0, 1.727422332424726
23.0, 1.6849934455500897
24.0, 1.6383916040692525
25.0, 1.5885203840487245
26.0, 1.534170094244767
27.0, 1.4768283069962318
28.0, 1.4161647790411376
29.0, 1.3531029698176045
30.0, 1.2880110092462778
31.0, 1.2192351477264354
32.0, 1.1489479244131133
33.0, 1.0783372056157903
34.0, 1.0067776483024236
35.0, 0.9362812857265722
36.0, 0.8674735631553507
37.0, 0.8018522785135762
38.0, 0.7402364145462498
39.0, 0.6859288380057671
40.0, 0.6414514977805272
41.0, 0.6567603445503187
42.0, 0.7476821967413632
43.0, 1.055128977293979
44.0, 1.0125757885404396
45.0, 0.9683193981092082
46.0, 0.9219630133351128
47.0, 0.8734919110781101
48.0, 0.8230262974249031
49.0, 0.770602676693213
50.0, 0.7167442257866278
51.0, 0.6619732978732836
52.0, 0.6067141377590329
53.0, 0.550933715561602
54.0, 0.49502589578487555
55.0, 0.43934903853641327
56.0, 0.3853180281308435
57.0, 0.33380647270760494
58.0, 0.3731003655846852
59.0, 0.44089819041984213
60.0, 0.5197180821630564
61.0, 0.6081373907201074
62.0, 0.7013404410380711
63.0, 0.7930946279708913
64.0, 0.8791520938657118
65.0, 0.9464913891369291
66.0, 1.0042177782520594
67.0, 1.0627912785667433
68.0, 1.1163552814403708
69.0, 1.1691063953636365
70.0, 1.2217655368826081
71.0, 1.272660733669046
72.0, 1.327768855516338
73.0, 1.388507122894441
74.0, 1.453905900579017
75.0, 1.530437069567773
76.0, 1.6162465654006477
77.0, 1.711472500745258
78.0, 1.8110634815298554
79.0, 1.9099270752186637
80.0, 2.0036255901683
81.0, 2.082371023216292
82.0, 2.1463776085399693
83.0, 2.2094188308815705
84.0, 2.269769923408078
85.0, 2.328668176896814
86.0, 2.3740300894541386
87.0, 2.387546870389107
88.0, 2.39019917607194
89.0, 2.409778395999012
90.0, 2.479267604597256
91.0, 2.564849665769689
92.0, 2.6539117072226572
93.0, 2.759182884676559
94.0, 2.8622634497045123
95.0, 2.973505179522443
96.0, 3.0803336775017707
97.0, 3.165389163363247
98.0, 3.233406367185973
99.0, 3.3053852474470715
100.0, 3.3646454340240726
101.0, 3.4396217424996336
102.0, 3.49657425747879
103.0, 3.5363331951986257
104.0, 3.6207878243211677
105.0, 3.6858442497442567
106.0, 3.749471555819651
107.0, 3.847321334242086
108.0, 3.9390317740031815
109.0, 4.04003411321574
110.0, 4.142454551987033
111.0, 4.255019436366273
112.0, 4.354043645039377
113.0, 4.4530200612423245
114.0, 4.523831632635583
115.0, 4.592566066839115
116.0, 4.658185019680993
117.0, 4.726319338499064
118.0, 4.765300414739859
119.0, 4.811869323171109
120.0, 4.849580542764475
121.0, 4.894295095664444
122.0, 4.931972417199306
123.0, 4.971759223505054
124.0, 5.003538110237075
125.0, 5.041619452340807
126.0, 5.069525205946062
127.0, 5.103053536121682
128.0, 5.126104657650268
129.0, 5.154430996965652
130.0, 5.172045004631339
131.0, 5.194643754561699
132.0, 5.20636840921598
133.0, 5.222847537726243
134.0, 5.228360358892142
135.0, 5.238459477226376
136.0, 5.237569361708951
137.0, 5.241159251708343
138.0, 5.2338072455162425
139.0, 5.230891783059991
140.0, 5.217151129459717
141.0, 5.20786705862877
142.0, 5.18793851894084
143.0, 4.644779538323763
144.0, 4.6388857323196735
145.0, 4.627183689188619
146.0, 4.625793387970017
147.0, 4.61827653959086
148.0, 4.621443370200509
149.0, 4.618355096948504
150.0, 4.625981755783303
151.0, 4.539338845688813
152.0, 4.461136933597597
153.0, 4.3745680529110675
154.0, 4.2964328045793705
155.0, 4.2099464152653105
156.0, 4.131886078101521
157.0, 4.04549225724714
158.0, 3.9675164428399947
159.0, 3.8812267671560217
160.0, 3.803346535668606
161.0, 3.7171752735226153
162.0, 3.639403715164998
163.0, 3.555756095384069
164.0, 3.4733952037905476
165.0, 3.395888393122049
166.0, 3.3058644634483807
167.0, 3.314805518275452
168.0, 3.240703009332676
169.0, 3.1558011571540034
170.0, 3.0808510131111673
171.0, 2.997760472139539
172.0, 2.9193703886073443
173.0, 2.840306304877253
174.0, 2.854623597450297
175.0, 2.7754891467520246
176.0, 2.7043828434130903
177.0, 2.713730215260135
178.0, 2.732102717664927
179.0, 2.7455912869686476
180.0, 2.76688298334912
181.0, 2.7080639424973474
182.0, 2.6922216873509783
183.0, 2.6719461615943043
184.0, 2.659962392262437
185.0, 2.642863933499438
186.0, 2.6351807461679386
187.0, 2.6218683648984173
188.0, 2.618782771279669
189.0, 2.6097418914811925
190.0, 2.6113845423997173
191.0, 2.60694444120702
192.0, 2.6132679102667553
193.0, 2.5289891110125966
194.0, 2.448731875955031
195.0, 2.363212190562564
196.0, 2.2856526920648625
197.0, 2.199878178803766
198.0, 2.1225126747378353
199.0, 2.0370393220446927
200.0, 1.9570763470059511
201.0, 1.872042981471319
202.0, 1.8239426908097227
203.0, 1.6947346031087644
204.0, 1.6282766733841907
205.0, 1.5580136153422641
206.0, 1.476760428550366
207.0, 1.3945575455828467
208.0, 1.3201056992393232
209.0, 1.324915668911695
210.0, 1.254034117868682
211.0, 1.1769221630018791
212.0, 1.1084633690859043
213.0, 1.0346232277261922
214.0, 0.9697092417627944
215.0, 0.900722546261345
216.0, 0.8489894592727897
217.0, 0.829727691675611
218.0, 0.723577529267998
219.0, 0.6776242911729823
220.0, 0.6392524279739599
221.0, 0.6059630291816457
222.0, 0.5852117016907263
223.0, 0.5747001449740476
224.0, 0.5761029261297923
225.0, 0.590689348189132
226.0, 0.6133355191959251
227.0, 0.6451697488447045
228.0, 0.6201399293273762
229.0, 0.5980958975472769
230.0, 0.5726640011355048
231.0, 0.5493259990265337
232.0, 0.5240459173257104
233.0, 0.49991711097958785
234.0, 0.47549015014771223
235.0, 0.45125221468279564
236.0, 0.4285899628967281
237.0, 0.40518741619021886
238.0, 0.3854794961818729
239.0, 0.36421824107563
240.0, 0.3489685583319714
241.0, 0.33156707755273335
242.0, 0.31945250990286705
243.0, 0.33256213529786416
244.0, 0.3511900537249049
245.0, 0.36914209718653784
246.0, 0.38987242888118756
247.0, 0.4109805119342917
248.0, 0.4332358155042152
249.0, 0.45525187868966566
250.0, 0.47814530665510646
251.0, 0.5004790871776912
252.0, 0.5235171895348907
253.0, 0.545955781377777
254.0, 0.5689319624553283
255.0, 0.5913308476693111
256.0, 0.614049412869749
257.0, 0.6361944259237691
258.0, 0.6584224768523278
259.0, 0.6800488844874719
260.0, 0.7015565831616424
261.0, 0.722428886183567
262.0, 0.7429645230566774
263.0, 0.7251375611661081
264.0, 0.7042282922617228
265.0, 0.6827005657082571
266.0, 0.6604113749174398
267.0, 0.637583446034474
268.0, 0.6142642416376833
269.0, 0.5907170262625863
270.0, 0.5670162066057799
271.0, 0.54349019429398
272.0, 0.5202563757973154
273.0, 0.49771888232195405
274.0, 0.4760615205088609
275.0, 0.4557638275060505
276.0, 0.43706184813611537
277.0, 0.42048469001842903
278.0, 0.4062897077984767
279.0, 0.3950717997857108
280.0, 0.3870465799750063
281.0, 0.3828893981961906
282.0, 0.38274761076979535
ee_box_dist
0.0, 0.900964844482258
1.0, 0.9314225885067908
2.0, 0.9641752792291738
3.0, 0.9971995999214497
4.0, 1.03177757001349
5.0, 1.0678976736288261
6.0, 1.105177494021263
7.0, 1.1421510071101733
8.0, 1.1768216718091506
9.0, 1.2088666874666456
10.0, 1.2374502623152985
11.0, 1.2625423471006827
12.0, 1.2840601747121856
13.0, 1.310077921531168
14.0, 1.3389651759469676
15.0, 1.3598959408967273
16.0, 1.3856931167765727
17.0, 1.4161972201448803
18.0, 1.4557749313776565
19.0, 1.4876142655018545
20.0, 1.5122017223557591
21.0, 1.4755018273073777
22.0, 1.43835595043171
23.0, 1.3908048612180304
24.0, 1.3430011787392544
25.0, 1.2918660471381571
26.0, 1.2415045332384547
27.0, 1.1884527682146202
28.0, 1.1299839271420689
29.0, 1.0682890550253885
30.0, 1.002913592566615
31.0, 0.9335714419120008
32.0, 0.8641093719037208
33.0, 0.7935765650470769
34.0, 0.7212839398992617
35.0, 0.6489274233534289
36.0, 0.5760484943487894
37.0, 0.5045670315085644
38.0, 0.4364655997521151
39.0, 0.37564703393653104
40.0, 0.3263606282720243
41.0, 0.34165294215383735
42.0, 0.35533607890042124
43.0, 0.3697941660553948
44.0, 0.38426195405462277
45.0, 0.39900750157276915
46.0, 0.41374046455804303
47.0, 0.4284742409981083
48.0, 0.4431328292643629
49.0, 0.4576772569570126
50.0, 0.4721164442152914
51.0, 0.4866069276969003
52.0, 0.5007554798556985
53.0, 0.5147365369105492
54.0, 0.528679990013061
55.0, 0.5423142051454756
56.0, 0.5556946629056264
57.0, 0.5689770174479883
58.0, 0.5818706532410203
59.0, 0.5945501951046264
60.0, 0.6065518681167146
61.0, 0.6183604755236122
62.0, 0.6291139317386114
63.0, 0.6404704770784206
64.0, 0.6514006122388201
65.0, 0.6621075894580626
66.0, 0.6723777095246055
67.0, 0.6826077407597919
68.0, 0.6924528954990549
69.0, 0.7019173416896766
70.0, 0.7110148609260757
71.0, 0.7196162599762596
72.0, 0.7280073581655717
73.0, 0.7359741639280327
74.0, 0.7434026149087698
75.0, 0.7504452179443646
76.0, 0.7570156546265425
77.0, 0.7635463907881532
78.0, 0.7695137186106661
79.0, 0.774970728440988
80.0, 0.7799628098648396
81.0, 0.7844975117035334
82.0, 0.7885561217527576
83.0, 0.7921410886453926
84.0, 0.795230517495709
85.0, 0.7989280283221698
86.0, 0.8221489947552355
87.0, 0.8838920300998191
88.0, 0.9515749233775841
89.0, 1.0024677906088917
90.0, 1.0060514948881132
91.0, 1.003206101972806
92.0, 1.00718970518807
93.0, 1.0033664461615805
94.0, 1.0072001434406879
95.0, 1.0033796206938566
96.0, 0.9980176718659245
97.0, 1.0032195433938897
98.0, 1.0072220712151685
99.0, 1.0034026588736449
100.0, 1.0098363262997596
101.0, 0.9985467021982972
102.0, 1.004782508455064
103.0, 1.0270131782371765
104.0, 1.0064632548247319
105.0, 1.0106977925442597
106.0, 1.0213056979574968
107.0, 1.0048062758050904
108.0, 1.004366409474265
109.0, 1.0034049906684506
110.0, 1.0072666529179446
111.0, 1.003469591299459
112.0, 1.0073223838688108
113.0, 1.0035203739286147
114.0, 1.007373667182608
115.0, 1.0061032636205915
116.0, 1.0073355117157983
117.0, 1.0035836526181203
118.0, 1.007459900472174
119.0, 1.003656529359137
120.0, 1.0075090274969662
121.0, 1.003707643360485
122.0, 1.0053138411937543
123.0, 1.0030259745343126
124.0, 1.0073080028676336
125.0, 1.0035221998819532
126.0, 1.0072846510379345
127.0, 1.0035864886074495
128.0, 1.0074765951759967
129.0, 1.00369033688752
130.0, 1.0075534721083337
131.0, 1.0037605272352714
132.0, 1.0076226177788614
133.0, 1.003829446056366
134.0, 1.007691548496888
135.0, 1.0038981210109026
136.0, 1.0078163671706504
137.0, 1.004235285551066
138.0, 1.0081062887136076
139.0, 1.0042847834443445
140.0, 1.008105676893382
141.0, 1.0042666236843085
142.0, 1.008082994437969
143.0, 1.6404303472973767
144.0, 1.6337657347436108
145.0, 1.634484487009252
146.0, 1.6246344816321843
147.0, 1.6220190651742972
148.0, 1.6091447794026323
149.0, 1.6032334224713756
150.0, 1.5875462784186343
151.0, 1.662990715640625
152.0, 1.731385850411299
153.0, 1.8089043705697865
154.0, 1.8789976676333955
155.0, 1.9581301236823976
156.0, 2.029559021029942
157.0, 2.109965555304225
158.0, 2.182458821088985
159.0, 2.263885371932496
160.0, 2.3372391599945934
161.0, 2.419491643962797
162.0, 2.4935496204815126
163.0, 2.574428088240659
164.0, 2.6535902213942792
165.0, 2.728663093029751
166.0, 2.8165475698661546
167.0, 2.8064527457301853
168.0, 2.8787784356007795
169.0, 2.9623326550658122
170.0, 3.0361868730393797
171.0, 3.119135779932799
172.0, 3.1975968885843287
173.0, 3.277265551139674
174.0, 3.2641117859973936
175.0, 3.3456358384529707
176.0, 3.4191202819366175
177.0, 3.4129640349673744
178.0, 3.397001777580022
179.0, 3.3871673485789415
180.0, 3.36830848190307
181.0, 3.43785867338098
182.0, 3.4491057532745315
183.0, 3.466258119150182
184.0, 3.4738936103587283
185.0, 3.4879240970885355
186.0, 3.4917851160453703
187.0, 3.5023841021798345
188.0, 3.502392911982616
189.0, 3.5093288562713605
190.0, 3.5054879753699173
191.0, 3.508610611670565
192.0, 3.501004843637332
193.0, 3.5848885478948023
194.0, 3.663656076090203
195.0, 3.7489224380170163
196.0, 3.825926433558611
197.0, 3.9117701215101053
198.0, 3.988930609629797
199.0, 4.074912856276782
200.0, 4.1540296608525455
201.0, 4.23832833820439
202.0, 4.292915055968404
203.0, 4.418829003230889
204.0, 4.487548694019694
205.0, 4.5610431161374905
206.0, 4.644636176670142
207.0, 4.730134356365984
208.0, 4.807623751216092
209.0, 4.808224102638965
210.0, 4.884868253774079
211.0, 4.970227531390783
212.0, 5.047018717740626
213.0, 5.132525014296235
214.0, 5.209451028450662
215.0, 5.295095879342395
216.0, 5.391110552914572
217.0, 5.4245703847438875
218.0, 5.54100471816085
219.0, 5.621033352961541
220.0, 5.6982956438286
221.0, 5.784288467037695
222.0, 5.861661643282376
223.0, 5.947750899311915
224.0, 6.0252152177613585
225.0, 6.1113891818607575
226.0, 6.102597070558786
227.0, 6.18735567607341
228.0, 6.187459494138602
229.0, 6.194242169730864
230.0, 6.190288610505074
231.0, 6.193103845066356
232.0, 6.185192420723242
233.0, 6.183971441691166
234.0, 6.172291949928144
235.0, 6.167060471901035
236.0, 6.151897023418135
237.0, 6.14277964421101
238.0, 6.124502010324781
239.0, 6.111717818093693
240.0, 6.090778259332027
241.0, 6.074640759060814
242.0, 6.054239203313348
243.0, 6.054328477144081
244.0, 6.0518404557593595
245.0, 6.050582138220102
246.0, 6.047772810258703
247.0, 6.044880715322223
248.0, 6.040929771634891
249.0, 6.036594339672215
250.0, 6.031239522554331
251.0, 6.025351376890145
252.0, 6.018255853347
253.0, 6.010679106347072
254.0, 6.001996817740985
255.0, 5.992915346884215
256.0, 5.982761604183383
257.0, 5.972489517400074
258.0, 5.9612989593298025
259.0, 5.950080376946405
260.0, 5.938188952288725
261.0, 5.926390156834359
262.0, 5.914069174519452
263.0, 5.937440475087457
264.0, 5.967627582504618
265.0, 5.998258008802355
266.0, 6.02957306656396
267.0, 6.061201243696678
268.0, 6.09294355091958
269.0, 6.124552371105607
270.0, 6.155802529633203
271.0, 6.186447669489266
272.0, 6.216270596988514
273.0, 6.245010796863121
274.0, 6.2725916545353915
275.0, 6.298630195536679
276.0, 6.3229282963167766
277.0, 6.345261250147541
278.0, 6.365388618866539
279.0, 6.383175416117475
280.0, 6.398359930374136
281.0, 6.411359331831142
282.0, 6.422074718399403
spot_hold
0, 0
1, 0
2, 0
3, 0
4, 0
5, 0
6, 0
7, 0
8, 0
9, 0
10, 0
11, 0
12, 0
13, 0
14, 0
15, 0
16, 0
17, 0
18, 0
19, 0
20, 0
21, 0
22, 0
23, 0
24, 0
25, 0
26, 0
27, 0
28, 0
29, 0
30, 0
31, 0
32, 0
33, 0
34, 0
35, 0
36, 0
37, 0
38, 0
39, 0
40, 0
41, 1
42, 1
43, 1
44, 1
45, 1
46, 1
47, 1
48, 1
49, 1
50, 1
51, 1
52, 1
53, 1
54, 1
55, 1
56, 1
57, 1
58, 1
59, 1
60, 1
61, 1
62, 1
63, 1
64, 1
65, 1
66, 1
67, 1
68, 1
69, 1
70, 1
71, 1
72, 1
73, 1
74, 1
75, 1
76, 1
77, 1
78, 1
79, 1
80, 1
81, 1
82, 1
83, 1
84, 1
85, 1
86, 1
87, 1
88, 1
89, 1
90, 1
91, 1
92, 1
93, 1
94, 1
95, 1
96, 1
97, 1
98, 1
99, 1
100, 1
101, 1
102, 1
103, 1
104, 1
105, 1
106, 1
107, 1
108, 1
109, 1
110, 1
111, 1
112, 1
113, 1
114, 1
115, 1
116, 1
117, 1
118, 1
119, 1
120, 1
121, 1
122, 1
123, 1
124, 1
125, 1
126, 1
127, 1
128, 1
129, 1
130, 1
131, 1
132, 1
133, 1
134, 1
135, 1
136, 1
137, 1
138, 1
139, 1
140, 1
141, 1
142, 1
143, 1
144, 1
145, 1
146, 1
147, 1
148, 1
149, 1
150, 1
151, 1
152, 1
153, 1
154, 1
155, 1
156, 1
157, 1
158, 1
159, 1
160, 1
161, 1
162, 1
163, 1
164, 1
165, 1
166, 1
167, 1
168, 1
169, 1
170, 1
171, 1
172, 1
173, 1
174, 1
175, 1
176, 1
177, 1
178, 1
179, 1
180, 1
181, 1
182, 1
183, 1
184, 1
185, 1
186, 1
187, 1
188, 1
189, 1
190, 1
191, 1
192, 1
193, 1
194, 1
195, 1
196, 1
197, 1
198, 1
199, 1
200, 1
201, 1
202, 1
203, 1
204, 1
205, 1
206, 1
207, 1
208, 1
209, 1
210, 1
211, 1
212, 1
213, 1
214, 1
215, 1
216, 1
217, 1
218, 1
219, 1
220, 1
221, 1
222, 1
223, 1
224, 1
225, 1
226, 1
227, 1
228, 1
229, 1
230, 1
231, 1
232, 1
233, 1
234, 1
235, 1
236, 1
237, 1
238, 1
239, 1
240, 1
241, 1
242, 1
243, 1
244, 1
245, 1
246, 1
247, 1
248, 1
249, 1
250, 1
251, 1
252, 1
253, 1
254, 1
255, 1
256, 1
257, 1
258, 1
259, 1
260, 1
261, 1
262, 1
263, 1
264, 1
265, 1
266, 1
267, 1
268, 1
269, 1
270, 1
271, 1
272, 1
273, 1
274, 1
275, 1
276, 1
277, 1
278, 1
279, 1
280, 1
281, 1
282, 1
