bot_dist
0.0, 2.8894913491957914
1.0, 2.8919771223059088
2.0, 2.8944953107510107
3.0, 2.897045830002314
4.0, 2.899628594745088
5.0, 2.9022435188916065
6.0, 2.9048905155941207
7.0, 2.907569497257872
8.0, 2.9102803755541298
9.0, 2.9130230614332526
10.0, 2.9157974651377647
11.0, 2.918603496215449
12.0, 2.921441063532456
13.0, 2.924310075286414
14.0, 2.9272104390195457
15.0, 2.9301420616317806
16.0, 2.9331048493938745
17.0, 2.9360987079605074
18.0, 2.9391235423833812
19.0, 2.9421792571242995
20.0, 2.945265756068224
21.0, 2.948382942536322
22.0, 2.951530719298976
23.0, 2.9547089885887745
24.0, 2.9579176521134665
25.0, 2.9611566110688856
26.0, 2.964425766151831
27.0, 2.9677250175729144
28.0, 2.971054265069356
29.0, 2.9744134079177442
30.0, 2.9778023449467335
31.0, 2.9812209745497
32.0, 2.984669194697334
33.0, 2.9881469029501853
34.0, 2.9916539964711344
35.0, 2.995190372037814
36.0, 2.9987559260549537
37.0, 3.0023505545666658
38.0, 3.005974153268655
39.0, 3.0096266175203574
40.0, 3.0133078423570043
41.0, 3.01701772250161
42.0, 3.0207561523768773
43.0, 3.024523026117025
44.0, 3.0283182375795312
45.0, 3.032141680356788
46.0, 3.0359932477876748
47.0, 3.039872832969037
48.0, 3.043780328767078
49.0, 3.047715627828657
50.0, 3.0516786225924912
51.0, 3.0556692053002665
52.0, 3.059687268007647
53.0, 3.0637327025951877
54.0, 3.0678054007791475
55.0, 3.0719052541222
56.0, 3.076032154044042
57.0, 3.0801859918318986
58.0, 3.084366658650923
59.0, 3.0885740455544926
60.0, 3.0928080434943914
61.0, 3.0970685433308938
62.0, 3.101355435842732
63.0, 3.1056686117369576
64.0, 3.1100079616586895
65.0, 3.114373376200755
66.0, 3.118764745913215
67.0, 3.1231819613127785
68.0, 3.1276249128921005
69.0, 3.132093491128974
70.0, 3.1365875864953985
71.0, 3.141107089466539
72.0, 3.1456518905295687
73.0, 3.1502218801923987
74.0, 3.1548169489922846
75.0, 3.159436987504328
76.0, 3.164081886349852
77.0, 3.1687515362046654
78.0, 3.1734458278072113
79.0, 3.1781645391720645
80.0, 3.1829076728194767
81.0, 3.1876751197312974
82.0, 3.192466770983422
83.0, 3.1972825177533535
84.0, 3.20212225132765
85.0, 3.206985863109257
86.0, 3.2118732446247193
87.0, 3.216784287531284
88.0, 3.2217188836238813
89.0, 3.2266769248419953
90.0, 3.231658303276418
91.0, 3.236662911175887
92.0, 3.241690640953613
93.0, 3.2467413851936926
94.0, 3.251815036657405
95.0, 3.2569114882893992
96.0, 3.26203063322377
97.0, 3.267172364790019
98.0, 3.2723365765189043
99.0, 3.277523162148188
100.0, 3.2827320156282607
101.0, 3.2827320156282607
102.0, 3.2827320156282607
103.0, 3.2827320156282607
104.0, 3.2827320156282607
105.0, 3.2827320156282607
106.0, 3.2827320156282607
107.0, 3.2827320156282607
108.0, 3.2827320156282607
109.0, 3.2827320156282607
110.0, 3.2827320156282607
111.0, 3.2827320156282607
112.0, 3.2827320156282607
113.0, 3.2827320156282607
114.0, 3.2827320156282607
115.0, 3.2827320156282607
116.0, 3.2827320156282607
117.0, 3.2827320156282607
118.0, 3.2827320156282607
119.0, 3.2827320156282607
120.0, 3.2827320156282607
121.0, 3.2827320156282607
122.0, 3.2827320156282607
123.0, 3.2827320156282607
124.0, 3.2827320156282607
125.0, 3.2827320156282607
126.0, 3.2827320156282607
127.0, 3.2827320156282607
128.0, 3.2827320156282607
129.0, 3.2827320156282607
130.0, 3.2827320156282607
131.0, 3.277523162148188
132.0, 3.2723365765189043
133.0, 3.267172364790019
134.0, 3.26203063322377
135.0, 3.2569114882893992
136.0, 3.251815036657405
137.0, 3.2467413851936926
138.0, 3.241690640953613
139.0, 3.236662911175887
140.0, 3.231658303276418
141.0, 3.2266769248419953
142.0, 3.2217188836238813
143.0, 3.22182644733262
144.0, 3.2169231019345035
145.0, 3.2120434041909225
146.0, 3.2071874620407583
147.0, 3.202355383550521
148.0, 3.19754727690727
149.0, 3.1927632504114247
150.0, 3.1880034124694534
151.0, 3.101371267341509
152.0, 3.0149285092667677
153.0, 2.9286917468725076
154.0, 2.842679906860193
155.0, 2.7569140410959756
156.0, 2.671417840693503
157.0, 2.58621804989774
158.0, 2.5013449574411215
159.0, 2.4168329820393697
160.0, 2.3327213726650746
161.0, 2.2490550492065498
162.0, 2.165885615329778
163.0, 2.0832725830964507
164.0, 2.001284858466729
165.0, 1.9200025485485588
166.0, 1.8395191655961778
167.0, 1.83667243758688
168.0, 1.7603017751548289
169.0, 1.6853257605697596
170.0, 1.6119387538207952
171.0, 1.540367884662992
172.0, 1.4708782890964998
173.0, 1.4037790815410576
174.0, 1.4029800554773453
175.0, 1.3438505403013192
176.0, 1.2884384289691444
177.0, 1.2887591083089136
178.0, 1.2891572838134506
179.0, 1.289632883701691
180.0, 1.2901858223510223
181.0, 1.2660813462776472
182.0, 1.2674073681414249
183.0, 1.2688108241189877
184.0, 1.2702914575557904
185.0, 1.271848998911546
186.0, 1.273483165998188
187.0, 1.2751936642269723
188.0, 1.2769801868642423
189.0, 1.2788424152953466
190.0, 1.2807800192962155
191.0, 1.2827926573120738
192.0, 1.2848799767427723
193.0, 1.2870416142342174
194.0, 1.28927719597537
195.0, 1.2136816140444675
196.0, 1.1393767664033532
197.0, 1.0666324365556508
198.0, 1.0698993006175914
199.0, 0.9966362705311084
200.0, 0.9251890133530527
201.0, 0.8560123115558135
202.0, 0.7897030815793695
203.0, 0.727046318326192
204.0, 0.6690689451336701
205.0, 0.6170912980327846
206.0, 0.572749159133547
207.0, 0.5379340488233446
208.0, 0.5145833216240701
209.0, 0.5042920397138339
210.0, 0.5078547431684676
211.0, 0.5249894583832847
212.0, 0.5544392979247884
213.0, 0.594376523062598
214.0, 0.6428495000134381
215.0, 0.698082532651231
216.0, 0.75860039349171
217.0, 0.823238412312368
218.0, 0.8911004443356487
219.0, 0.8973662991895127
220.0, 0.9630859163508959
221.0, 1.0313179950547287
222.0, 1.1015957738080984
223.0, 1.1068456551330812
224.0, 1.1121606758276767
225.0, 1.1175399064835885
226.0, 1.122982424379206
227.0, 1.1284873138415108
228.0, 1.1340536665842742
229.0, 1.1396805820231484
230.0, 1.1453671675682808
231.0, 1.1453671675682808
232.0, 1.1453671675682808
233.0, 1.1453671675682808
234.0, 1.1453671675682808
235.0, 1.1453671675682808
236.0, 1.1453671675682808
237.0, 1.1453671675682808
238.0, 1.1453671675682808
239.0, 1.1453671675682808
240.0, 1.1453671675682808
241.0, 1.1453671675682808
242.0, 1.1453671675682808
243.0, 1.1453671675682808
244.0, 1.1453671675682808
245.0, 1.1453671675682808
246.0, 1.1453671675682808
247.0, 1.1453671675682808
248.0, 1.1453671675682808
249.0, 1.1453671675682808
250.0, 1.1453671675682808
251.0, 1.1453671675682808
252.0, 1.1453671675682808
253.0, 1.1453671675682808
254.0, 1.1453671675682808
255.0, 1.1453671675682808
256.0, 1.1453671675682808
257.0, 1.1453671675682808
258.0, 1.1453671675682808
259.0, 1.1453671675682808
260.0, 1.1453671675682808
261.0, 1.1396805820231484
262.0, 1.1340536665842742
263.0, 1.1284873138415108
264.0, 1.122982424379206
265.0, 1.1175399064835885
266.0, 1.1121606758276767
267.0, 1.1068456551330812
268.0, 1.1015957738080984
269.0, 1.0964119675615207
270.0, 1.0912951779916213
271.0, 1.0862463521498165
272.0, 1.0812664420785374
273.0, 1.0763564043229146
274.0, 1.071517199415906
275.0, 1.06674979133658
276.0, 1.0620551469413186
277.0, 1.0574342353677761
278.0, 1.0528880274115093
279.0, 1.048417494875273
280.0, 1.0440236098910622
281.0, 1.0397073442150753
282.0, 1.0354696684958682
ee_dist
0.0, 1.347364993251793
1.0, 1.4040675647046121
2.0, 1.5104456892193812
3.0, 1.6016537199135639
4.0, 1.6331679502106773
5.0, 1.6589650825867204
6.0, 1.6914796384574307
7.0, 1.726515830495361
8.0, 1.764990475117739
9.0, 1.8033970460322508
10.0, 1.8398434105558468
11.0, 1.8733235272221918
12.0, 1.906187283262956
13.0, 1.9363682870074495
14.0, 1.9649816285730655
15.0, 1.9906120926899138
16.0, 2.015409765691579
17.0, 2.0371681562480775
18.0, 2.0593184945998506
19.0, 2.07780752806806
20.0, 2.101580528000591
21.0, 2.068299499879458
22.0, 2.0279046664102656
23.0, 1.9840233171257164
24.0, 1.9365065980364884
25.0, 1.8856267578238184
26.0, 1.8311050310105972
27.0, 1.7742440694301136
28.0, 1.7145354741783527
29.0, 1.6525919706810968
30.0, 1.588705954234578
31.0, 1.523476479097485
32.0, 1.4573319229187147
33.0, 1.3910514367583446
34.0, 1.3240900737213823
35.0, 1.2603348465068507
36.0, 1.198546713583301
37.0, 1.1406063643771585
38.0, 1.0877635585795882
39.0, 1.0416096928109675
40.0, 1.003681211779024
41.0, 1.0169228149635077
42.0, 0.9213701051092008
43.0, 0.7933082675082468
44.0, 0.7469485398433554
45.0, 0.6996153052303223
46.0, 0.6510845181872982
47.0, 0.601252056459074
48.0, 0.5506989068256012
49.0, 0.49964271805352234
50.0, 0.44919665237282164
51.0, 0.4006919782859421
52.0, 0.3557310215097109
53.0, 0.3159663626769894
54.0, 0.28434441615106293
55.0, 0.26425211122494047
56.0, 0.25951178991077817
57.0, 0.2706453221262298
58.0, 0.2517131773213759
59.0, 0.23919640312177168
60.0, 0.2541155122587181
61.0, 0.30083936282169926
62.0, 0.370506568781872
63.0, 0.45062510869128397
64.0, 0.5310502359811633
65.0, 0.5973054954275593
66.0, 0.6576281692530438
67.0, 0.7177732807045245
68.0, 0.771963074983649
69.0, 0.8245364535681043
70.0, 0.8759840826810427
71.0, 0.9256208351304527
72.0, 0.9766056049720877
73.0, 1.0344075706285205
74.0, 1.0965806704430592
75.0, 1.170081668295633
76.0, 1.2530347035077392
77.0, 1.345710276527675
78.0, 1.443390331604708
79.0, 1.5411509688521507
80.0, 1.6343997215030686
81.0, 1.7135029054689144
82.0, 1.778503564587232
83.0, 1.8429132812682136
84.0, 1.9040570140100668
85.0, 1.96394427392421
86.0, 2.0127179945010547
87.0, 2.0412676740311757
88.0, 2.071059834925762
89.0, 2.110122110812844
90.0, 2.159605618067451
91.0, 2.2420630879102204
92.0, 2.333355037116508
93.0, 2.434246233767855
94.0, 2.5393243388045423
95.0, 2.6467438513053025
96.0, 2.7470011708465774
97.0, 2.8381650797687423
98.0, 2.9097604293758077
99.0, 2.9793381875610025
100.0, 3.044660244263343
101.0, 3.10977875873202
102.0, 3.1718724611777884
103.0, 3.2351087122525786
104.0, 3.2971158613425438
105.0, 3.367182736943555
106.0, 3.439860842959115
107.0, 3.521229489746702
108.0, 3.6109325438542346
109.0, 3.7111676696238685
110.0, 3.8161238620446443
111.0, 3.925149847592503
112.0, 4.027106804619155
113.0, 4.122986580624326
114.0, 4.197120392509743
115.0, 4.265873794250726
116.0, 4.332216623767381
117.0, 4.397520958567223
118.0, 4.459543578950951
119.0, 4.523919485851084
120.0, 4.58496253253066
121.0, 4.654254528070935
122.0, 4.726794661894156
123.0, 4.771580537603835
124.0, 4.814401517535495
125.0, 4.858738672540795
126.0, 4.900528470156593
127.0, 4.9432657016377
128.0, 4.982923165958136
129.0, 5.023011355267662
130.0, 5.059540996293995
131.0, 5.096037346437367
132.0, 5.128558368665012
133.0, 5.160646528076228
134.0, 5.188404946741497
135.0, 5.215389630722338
136.0, 5.237759099761608
137.0, 5.25907948597411
138.0, 5.27556534145144
139.0, 5.290791571678304
140.0, 5.301032125909621
141.0, 5.309867351340064
142.0, 5.313634534003244
143.0, 4.668547632518805
144.0, 4.659610676469422
145.0, 4.651281111054396
146.0, 4.647476118431014
147.0, 4.644285214764186
148.0, 4.645745159997612
149.0, 4.647800416281581
150.0, 4.654476545742886
151.0, 4.571983591329814
152.0, 4.4915594311722655
153.0, 4.409206828776322
154.0, 4.3289276910431855
155.0, 4.246731616098458
156.0, 4.166614860890634
157.0, 4.084594177344784
158.0, 4.004659718115273
159.0, 3.922836395035337
160.0, 3.843107483662376
161.0, 3.76150724909776
162.0, 3.6820111920327796
163.0, 3.600664355643606
164.0, 3.5214335282370413
165.0, 3.4403759145151582
166.0, 3.361448583308761
167.0, 3.370973350525297
168.0, 3.294725918880476
169.0, 3.2168766634515653
170.0, 3.1412570224297873
171.0, 3.0640966504911114
172.0, 2.989201921443096
173.0, 2.9128399793011988
174.0, 2.928351034680514
175.0, 2.856152379956287
176.0, 2.7863918042434763
177.0, 2.803129712938607
178.0, 2.8235846391593014
179.0, 2.844394984632723
180.0, 2.868313923930606
181.0, 2.8185292748472235
182.0, 2.795519944570532
183.0, 2.772786285951633
184.0, 2.753399502421115
185.0, 2.7344184233521145
186.0, 2.7193571195731026
187.0, 2.7048222232269157
188.0, 2.6946561740845456
189.0, 2.685119186488816
190.0, 2.6802469963721007
191.0, 2.676077199724828
192.0, 2.676696619901177
193.0, 2.6780561045173004
194.0, 2.6841463959082286
195.0, 2.602820770026772
196.0, 2.5236368772938724
197.0, 2.442722128731386
198.0, 2.4522051629185837
199.0, 2.3741932768339056
200.0, 2.2984780107557756
201.0, 2.2213961130670916
202.0, 2.146682942365669
203.0, 2.07073975930547
204.0, 1.9972605309253604
205.0, 1.92272751439719
206.0, 1.8507855321385578
207.0, 1.7780198319209335
208.0, 1.708016401498295
209.0, 1.6374930335793552
210.0, 1.569964475341271
211.0, 1.5023210038559658
212.0, 1.4379889999970883
213.0, 1.3740841403526838
214.0, 1.31392228028308
215.0, 1.2549117440991278
216.0, 1.2002191048521877
217.0, 1.1476295560747307
218.0, 1.1000981059906898
219.0, 1.123870383924548
220.0, 1.0876596766033948
221.0, 1.0559698286555745
222.0, 1.0307432607772156
223.0, 1.0033548517861741
224.0, 0.9777641517732167
225.0, 0.9526866289059994
226.0, 0.930327074725876
227.0, 0.9087136647201958
228.0, 0.890728747549763
229.0, 0.8737467208382662
230.0, 0.8612129741235777
231.0, 0.8499159451167382
232.0, 0.8436902827615541
233.0, 0.8388508676387953
234.0, 0.839405452279954
235.0, 0.8413635699038298
236.0, 0.8486773230733717
237.0, 0.854619339713139
238.0, 0.8708363238986235
239.0, 0.8699177362973918
240.0, 0.8708219422605914
241.0, 0.8699119310347677
242.0, 0.8708233111334188
243.0, 0.8777090684313843
244.0, 0.8899250936928135
245.0, 0.9032274996014121
246.0, 0.9188085396806611
247.0, 0.9353954492867114
248.0, 0.9540291966322223
249.0, 0.973388730739667
250.0, 0.9934692214723636
251.0, 1.0152881270036342
252.0, 1.0383672616432977
253.0, 1.0616528616872325
254.0, 1.0861485500065373
255.0, 1.110533125326092
256.0, 1.1357428261425644
257.0, 1.1605695680666297
258.0, 1.1858584492290793
259.0, 1.210546045772742
260.0, 1.2354075650069838
261.0, 1.2594669612318237
262.0, 1.2834707098396116
263.0, 1.2566287959001161
264.0, 1.223298308261545
265.0, 1.1882087248655298
266.0, 1.1510960101794312
267.0, 1.112150872533412
268.0, 1.0714245112886749
269.0, 1.029137443013864
270.0, 0.9853208647279805
271.0, 0.9403344928449024
272.0, 0.8942202462407641
273.0, 0.8473382155492741
274.0, 0.7998596095152346
275.0, 0.7473084101379119
276.0, 0.693466136340463
277.0, 0.6321814598171895
278.0, 0.5846207586034148
279.0, 0.5395421537492455
280.0, 0.4971420299974458
281.0, 0.43843761426163735
282.0, 0.3959733888753413
ee_box_dist
0.0, 0.7084080726706871
1.0, 0.7587495772725521
2.0, 0.789703720006288
3.0, 0.8222447195257387
4.0, 0.856394787794693
5.0, 0.8919843236619549
6.0, 0.9285629710074436
7.0, 0.9648409574278588
8.0, 1.0018328795554023
9.0, 1.0381272563403123
10.0, 1.0714579766788652
11.0, 1.101602748198381
12.0, 1.1308212120320817
13.0, 1.1574711680579433
14.0, 1.1824642084160897
15.0, 1.2048016589314896
16.0, 1.2262896930922487
17.0, 1.245139892827568
18.0, 1.264351971588939
19.0, 1.280318969957741
20.0, 1.3012174545837172
21.0, 1.2758523720341508
22.0, 1.246033628476082
23.0, 1.213146245037904
24.0, 1.1770658377640688
25.0, 1.137966333177819
26.0, 1.0955267903704298
27.0, 1.0506585913426634
28.0, 1.00286666699928
29.0, 0.952510982510764
30.0, 0.8996022987515794
31.0, 0.8444585888036437
32.0, 0.7871352566020399
33.0, 0.728066448930517
34.0, 0.6663625092648686
35.0, 0.6050576101783
36.0, 0.542601448008401
37.0, 0.480000789430469
38.0, 0.4179848844200364
39.0, 0.3581989671971349
40.0, 0.302925150324082
41.0, 0.31427960480844463
42.0, 0.325739179728784
43.0, 0.3373720896590957
44.0, 0.3490430473539075
45.0, 0.3607971518292612
46.0, 0.3725499967803139
47.0, 0.38430631245033015
48.0, 0.3960442496147292
49.0, 0.4077229594337438
50.0, 0.41936381050123617
51.0, 0.43090232145347807
52.0, 0.4423580604430921
53.0, 0.4536497390683126
54.0, 0.464766244999179
55.0, 0.4756201204900274
56.0, 0.4861996415574413
57.0, 0.4964732678123618
58.0, 0.5064397289041955
59.0, 0.5161258077196501
60.0, 0.5254837606105655
61.0, 0.5345887379170055
62.0, 0.5433515080196218
63.0, 0.5518576311466636
64.0, 0.5600257796479299
65.0, 0.5679306233398508
66.0, 0.5755091716413732
67.0, 0.5828161955162635
68.0, 0.5897925055613833
69.0, 0.596475711485053
70.0, 0.6028159768819105
71.0, 0.608845596487194
72.0, 0.6145198893010348
73.0, 0.6198700861366584
74.0, 0.6248531451830979
75.0, 0.6294971439983348
76.0, 0.6337623252429313
77.0, 0.6376731070610956
78.0, 0.6411913180928659
79.0, 0.6443384947494523
80.0, 0.6470777999387954
81.0, 0.6494285568917241
82.0, 0.6513543457932206
83.0, 0.6528730334596197
84.0, 0.6539477549413629
85.0, 0.654597494139266
86.0, 0.6760015228969944
87.0, 0.7211986331198459
88.0, 0.7594533445979204
89.0, 0.7921636328361527
90.0, 0.8167045768310617
91.0, 0.8155456087487172
92.0, 0.8161915647318096
93.0, 0.8152716105070759
94.0, 0.8162086028933443
95.0, 0.8152691726093629
96.0, 0.8162087396687008
97.0, 0.815269066518449
98.0, 0.816208784468897
99.0, 0.815269066518449
100.0, 0.816208784468897
101.0, 0.815269066518449
102.0, 0.8162087803397594
103.0, 0.8152690624160889
104.0, 0.8162087936043798
105.0, 0.8152690756774524
106.0, 0.8162087936043798
107.0, 0.8152690756774524
108.0, 0.8162087936043798
109.0, 0.8152690756774524
110.0, 0.8162087936043798
111.0, 0.8152690756774524
112.0, 0.8162087936043798
113.0, 0.8152690756774524
114.0, 0.8162087936043798
115.0, 0.8152690756774524
116.0, 0.8162087936043798
117.0, 0.8152690756774524
118.0, 0.8162087712042758
119.0, 0.8152690532570851
120.0, 0.8162087712042758
121.0, 0.8152690532570851
122.0, 0.8162087712042758
123.0, 0.8152690532570851
124.0, 0.8162087712042758
125.0, 0.8152690532570851
126.0, 0.8162087712042758
127.0, 0.8152690532570851
128.0, 0.8162087712042758
129.0, 0.8152690532570851
130.0, 0.8162087712042758
131.0, 0.8152690532570851
132.0, 0.8162087712042758
133.0, 0.8152690532570851
134.0, 0.8162087712042758
135.0, 0.8152690532570851
136.0, 0.8162087712042758
137.0, 0.8152690532570851
138.0, 0.8162087712042758
139.0, 0.8152690532570851
140.0, 0.8162087712042758
141.0, 0.8152690532570851
142.0, 0.8162087712042758
143.0, 1.5178411701937153
144.0, 1.509792467476359
145.0, 1.5018750940635095
146.0, 1.4905104317377742
147.0, 1.479273698484987
148.0, 1.4647628263294783
149.0, 1.4503707984514536
150.0, 1.4329368948491936
151.0, 1.4972986178157384
152.0, 1.561963043508076
153.0, 1.6298585627078175
154.0, 1.6975584824276417
155.0, 1.768199907857891
156.0, 1.8382700322534435
157.0, 1.9110674001497305
158.0, 1.983008898529063
159.0, 2.0575183615710366
160.0, 2.130954568844172
161.0, 2.20683952214654
162.0, 2.2814833173301063
163.0, 2.358485776722048
164.0, 2.4341158465693864
165.0, 2.5120360777024424
166.0, 2.5884802306491634
167.0, 2.578306569733489
168.0, 2.653076750034533
169.0, 2.7301357803933044
170.0, 2.8057495138671595
171.0, 2.883603906164242
172.0, 2.9599324440484764
173.0, 3.038462973557613
174.0, 3.0261360842054166
175.0, 3.1027809574198275
176.0, 3.1779575811301504
177.0, 3.1660508265416025
178.0, 3.1504317654837033
179.0, 3.1347017700642668
180.0, 3.1155693890774256
181.0, 3.1804052412869197
182.0, 3.197546108217545
183.0, 3.2145794863171506
184.0, 3.2280047253895847
185.0, 3.241305963032875
186.0, 3.250739728907008
187.0, 3.2600346067211086
188.0, 3.265288389858083
189.0, 3.270386394147851
190.0, 3.2713576768329826
191.0, 3.2721551544822964
192.0, 3.2688271509597358
193.0, 3.2653049023380434
194.0, 3.2577469080101826
195.0, 3.337498274679046
196.0, 3.415582672813
197.0, 3.4957550036874276
198.0, 3.486698401510814
199.0, 3.5651414848161145
200.0, 3.641991572360779
201.0, 3.720938947000974
202.0, 3.7982489343681047
203.0, 3.877640387154695
204.0, 3.9553562026512763
205.0, 4.035140483685055
206.0, 4.113216046480251
207.0, 4.193349274168666
208.0, 4.271744909491629
209.0, 4.352189382639941
210.0, 4.43087110961639
211.0, 4.5115940208178165
212.0, 4.590532511578199
213.0, 4.67150625943926
214.0, 4.750675108823967
215.0, 4.831874128411318
216.0, 4.911252308828087
217.0, 4.992655487378506
218.0, 5.072222421627726
219.0, 5.066096754157483
220.0, 5.144029673855248
221.0, 5.223990931027759
222.0, 5.302190553533482
223.0, 5.309809853386707
224.0, 5.313255636812981
225.0, 5.316412306701231
226.0, 5.315300967166693
227.0, 5.313921571105188
228.0, 5.3082807525870885
229.0, 5.302394691529479
230.0, 5.292354938822098
231.0, 5.282093359070538
232.0, 5.2678857436167155
233.0, 5.253483661857115
234.0, 5.23543785671215
235.0, 5.217228075405205
236.0, 5.195770054190875
237.0, 5.175816505667862
238.0, 5.149828277844243
239.0, 5.150438348128948
240.0, 5.149838456621114
241.0, 5.15044094664496
242.0, 5.149837298210666
243.0, 5.14766812587566
244.0, 5.146138561781599
245.0, 5.144090072440158
246.0, 5.140962467451262
247.0, 5.137303784209354
248.0, 5.132494483814076
249.0, 5.127106203121868
250.0, 5.121144047352871
251.0, 5.113875762062879
252.0, 5.105618900763052
253.0, 5.0969043588423215
254.0, 5.0871009786679275
255.0, 5.077031215111418
256.0, 5.066010910589059
257.0, 5.054910258484854
258.0, 5.043001304254562
259.0, 5.031189915326494
260.0, 5.018700628422416
261.0, 5.00644681086572
262.0, 4.9936537529751215
263.0, 5.017413279649861
264.0, 5.0474073869637985
265.0, 5.07785685734085
266.0, 5.1087676619193205
267.0, 5.139958126684183
268.0, 5.171167408808806
269.0, 5.202142838652331
270.0, 5.232670782870171
271.0, 5.262490041325657
272.0, 5.291404853348038
273.0, 5.319208092190394
274.0, 5.345679033857697
275.0, 5.379064246292961
276.0, 5.411104193870022
277.0, 5.451531361238065
278.0, 5.471088152005931
279.0, 5.487438022990469
280.0, 5.501719796978078
281.0, 5.536014341756812
282.0, 5.553698175625798
spot_hold
0, 0
1, 0
2, 0
3, 0
4, 0
5, 0
6, 0
7, 0
8, 0
9, 0
10, 0
11, 0
12, 0
13, 0
14, 0
15, 0
16, 0
17, 0
18, 0
19, 0
20, 0
21, 0
22, 0
23, 0
24, 0
25, 0
26, 0
27, 0
28, 0
29, 0
30, 0
31, 0
32, 0
33, 0
34, 0
35, 0
36, 0
37, 0
38, 0
39, 0
40, 0
41, 1
42, 1
43, 1
44, 1
45, 1
46, 1
47, 1
48, 1
49, 1
50, 1
51, 1
52, 1
53, 1
54, 1
55, 1
56, 1
57, 1
58, 1
59, 1
60, 1
61, 1
62, 1
63, 1
64, 1
65, 1
66, 1
67, 1
68, 1
69, 1
70, 1
71, 1
72, 1
73, 1
74, 1
75, 1
76, 1
77, 1
78, 1
79, 1
80, 1
81, 1
82, 1
83, 1
84, 1
85, 1
86, 1
87, 1
88, 1
89, 1
90, 1
91, 1
92, 1
93, 1
94, 1
95, 1
96, 1
97, 1
98, 1
99, 1
100, 1
101, 1
102, 1
103, 1
104, 1
105, 1
106, 1
107, 1
108, 1
109, 1
110, 1
111, 1
112, 1
113, 1
114, 1
115, 1
116, 1
117, 1
118, 1
119, 1
120, 1
121, 1
122, 1
123, 1
124, 1
125, 1
126, 1
127, 1
128, 1
129, 1
130, 1
131, 1
132, 1
133, 1
134, 1
135, 1
136, 1
137, 1
138, 1
139, 1
140, 1
141, 1
142, 1
143, 1
144, 1
145, 1
146, 1
147, 1
148, 1
149, 1
150, 1
151, 1
152, 1
153, 1
154, 1
155, 1
156, 1
157, 1
158, 1
159, 1
160, 1
161, 1
162, 1
163, 1
164, 1
165, 1
166, 1
167, 1
168, 1
169, 1
170, 1
171, 1
172, 1
173, 1
174, 1
175, 1
176, 1
177, 1
178, 1
179, 1
180, 1
181, 1
182, 1
183, 1
184, 1
185, 1
186, 1
187, 1
188, 1
189, 1
190, 1
191, 1
192, 1
193, 1
194, 1
195, 1
196, 1
197, 1
198, 1
199, 1
200, 1
201, 1
202, 1
203, 1
204, 1
205, 1
206, 1
207, 1
208, 1
209, 1
210, 1
211, 1
212, 1
213, 1
214, 1
215, 1
216, 1
217, 1
218, 1
219, 1
220, 1
221, 1
222, 1
223, 1
224, 1
225, 1
226, 1
227, 1
228, 1
229, 1
230, 1
231, 1
232, 1
233, 1
234, 1
235, 1
236, 1
237, 1
238, 1
239, 1
240, 1
241, 1
242, 1
243, 1
244, 1
245, 1
246, 1
247, 1
248, 1
249, 1
250, 1
251, 1
252, 1
253, 1
254, 1
255, 1
256, 1
257, 1
258, 1
259, 1
260, 1
261, 1
262, 1
263, 1
264, 1
265, 1
266, 1
267, 1
268, 1
269, 1
270, 1
271, 1
272, 1
273, 1
274, 1
275, 1
276, 1
277, 1
278, 1
279, 1
280, 1
281, 1
282, 1
