bot_dist
0.0, 2.9843210972249117
1.0, 2.9877958447199116
2.0, 2.9912999878422113
3.0, 2.9948334234076257
4.0, 2.9983960478578275
5.0, 3.0019877572726408
6.0, 3.0056084473822566
7.0, 3.0092580135793803
8.0, 3.012936350931302
9.0, 3.016643354191894
10.0, 3.020378917813524
11.0, 3.024142935958888
12.0, 3.0279353025127653
13.0, 3.0317559110936814
14.0, 3.0356046550654883
15.0, 3.039481427548855
16.0, 3.0433861214326656
17.0, 3.04731862938533
18.0, 3.0512788438659917
19.0, 3.0552666571356513
20.0, 3.059281961268185
21.0, 3.0633246481612657
22.0, 3.0673946095471893
23.0, 3.071491737003592
24.0, 3.075615921964072
25.0, 3.0797670557287042
26.0, 3.0839450294744517
27.0, 3.088149734265467
28.0, 3.092381061063296
29.0, 3.096638900736961
30.0, 3.1009231440729463
31.0, 3.10523368178507
32.0, 3.1095704045242414
33.0, 3.1139332028881137
34.0, 3.11832196743062
35.0, 3.1227365886714007
36.0, 3.127176957105115
37.0, 3.131642963210635
38.0, 3.1361344974601373
39.0, 3.140651450328067
40.0, 3.1451937122999922
41.0, 3.149761173881347
42.0, 3.1543537256060517
43.0, 3.158971258045019
44.0, 3.1636136618145487
45.0, 3.168280827584602
46.0, 3.172972646086955
47.0, 3.177688895387289
48.0, 3.182429577938505
49.0, 3.1871945847134193
50.0, 3.1919838067781248
51.0, 3.196797135299567
52.0, 3.2016344615530055
53.0, 3.2064956769293516
54.0, 3.211380672942397
55.0, 3.216289341235928
56.0, 3.221221573590716
57.0, 3.2261772619314
58.0, 3.2311562983332536
59.0, 3.2361585750288335
60.0, 3.241183984414519
61.0, 3.2462324190569345
62.0, 3.251303771699259
63.0, 3.256397935267424
64.0, 3.261514802876203
65.0, 3.2666542678351767
66.0, 3.2718162236546067
67.0, 3.2770005640511766
68.0, 3.2822071829536448
69.0, 3.287435974508371
70.0, 3.2926868330847436
71.0, 3.2979596532804942
72.0, 3.3032543299269124
73.0, 3.3085707580939414
74.0, 3.3139088330951822
75.0, 3.3192684504927827
76.0, 3.324649506102226
77.0, 3.3300518959970153
78.0, 3.3354755165132595
79.0, 3.340920264254147
80.0, 3.3463860360943323
81.0, 3.35187272918421
82.0, 3.3573802409540994
83.0, 3.3629084691183215
84.0, 3.36845731167919
85.0, 3.3740266669308916
86.0, 3.379616433463286
87.0, 3.385226510165598
88.0, 3.3908567962300227
89.0, 3.396507191155238
90.0, 3.4021775947498223
91.0, 3.407867907135583
92.0, 3.4135780287507944
93.0, 3.4193078603533484
94.0, 3.425057303023813
95.0, 3.43082625816841
96.0, 3.4366146275218985
97.0, 3.4424223131503826
98.0, 3.448249217454028
99.0, 3.454095243169698
100.0, 3.4599602933735065
101.0, 3.4599602933735065
102.0, 3.4599602933735065
103.0, 3.4599602933735065
104.0, 3.4599602933735065
105.0, 3.4599602933735065
106.0, 3.4599602933735065
107.0, 3.4599602933735065
108.0, 3.4599602933735065
109.0, 3.4599602933735065
110.0, 3.4599602933735065
111.0, 3.4599602933735065
112.0, 3.4599602933735065
113.0, 3.4599602933735065
114.0, 3.4599602933735065
115.0, 3.4599602933735065
116.0, 3.4599602933735065
117.0, 3.4599602933735065
118.0, 3.4599602933735065
119.0, 3.4599602933735065
120.0, 3.4599602933735065
121.0, 3.4599602933735065
122.0, 3.4599602933735065
123.0, 3.4599602933735065
124.0, 3.4599602933735065
125.0, 3.4599602933735065
126.0, 3.4599602933735065
127.0, 3.4599602933735065
128.0, 3.4599602933735065
129.0, 3.4599602933735065
130.0, 3.4599602933735065
131.0, 3.454095243169698
132.0, 3.448249217454028
133.0, 3.4424223131503826
134.0, 3.4366146275218985
135.0, 3.43082625816841
136.0, 3.425057303023813
137.0, 3.4193078603533484
138.0, 3.4135780287507944
139.0, 3.407867907135583
140.0, 3.4021775947498223
141.0, 3.396507191155238
142.0, 3.3908567962300227
143.0, 3.3900181458735195
144.0, 3.384416011893172
145.0, 3.3788341855415993
146.0, 3.373272767629202
147.0, 3.367731859262479
148.0, 3.3622115618403297
149.0, 3.356711977050249
150.0, 3.3512332068644404
151.0, 3.262914784576464
152.0, 3.1746832872190396
153.0, 3.0865461189867482
154.0, 2.9985116522775614
155.0, 2.9105892061203584
156.0, 2.8227892479695056
157.0, 2.7351235737801742
158.0, 2.647605522537618
159.0, 2.560250233048175
160.0, 2.4730749528477
161.0, 2.386099411740833
162.0, 2.2993462759543473
163.0, 2.2128417034456347
164.0, 2.126616026930839
165.0, 2.040704599205362
166.0, 1.9551488460382254
167.0, 1.950836281726447
168.0, 1.867728016846421
169.0, 1.7853340054386841
170.0, 1.7037576296192776
171.0, 1.6231221745277082
172.0, 1.5435751066432457
173.0, 1.4652936940085937
174.0, 1.4623484578320858
175.0, 1.3893462951889564
176.0, 1.3185830453022807
177.0, 1.3164754802174563
178.0, 1.3144406157325856
179.0, 1.3124787899923054
180.0, 1.3105903309922609
181.0, 1.2652070901932502
182.0, 1.2640127953943368
183.0, 1.2628965564861079
184.0, 1.261858580613083
185.0, 1.2608990391143664
186.0, 1.2600181369200916
187.0, 1.2592160390699456
188.0, 1.1913118292539704
189.0, 1.1910646079842266
190.0, 1.1225894158389058
191.0, 1.0572162878923148
192.0, 0.9955564962516245
193.0, 0.9383423522816978
194.0, 0.8864350951733713
195.0, 0.8408181496835284
196.0, 0.802564837712303
197.0, 0.7727694686255745
198.0, 0.7524374788381191
199.0, 0.7423468478369202
200.0, 0.7429150021632976
201.0, 0.7541178511333014
202.0, 0.7754946430306651
203.0, 0.8062365188661099
204.0, 0.8453223541053215
205.0, 0.8916555474844063
206.0, 0.9441697534776282
207.0, 1.0018935105174742
208.0, 1.0639792594147621
209.0, 1.1297080585378143
210.0, 1.1984806655088367
211.0, 1.269802551862867
212.0, 1.3432678235066329
213.0, 1.35267139107075
214.0, 1.4235547409270957
215.0, 1.4963240436815368
216.0, 1.5055024287270857
217.0, 1.514691219774585
218.0, 1.5238902285849414
219.0, 1.5330992712301732
220.0, 1.5423181679769218
221.0, 1.5515467431734913
222.0, 1.5607848251402963
223.0, 1.5700322460636156
224.0, 1.5792888418925382
225.0, 1.5885544522390054
226.0, 1.5978289202808407
227.0, 1.6071120926676785
228.0, 1.616403819429697
229.0, 1.6257039538890583
230.0, 1.63501235257398
231.0, 1.63501235257398
232.0, 1.63501235257398
233.0, 1.63501235257398
234.0, 1.63501235257398
235.0, 1.63501235257398
236.0, 1.63501235257398
237.0, 1.63501235257398
238.0, 1.63501235257398
239.0, 1.63501235257398
240.0, 1.63501235257398
241.0, 1.63501235257398
242.0, 1.63501235257398
243.0, 1.63501235257398
244.0, 1.63501235257398
245.0, 1.63501235257398
246.0, 1.63501235257398
247.0, 1.63501235257398
248.0, 1.63501235257398
249.0, 1.63501235257398
250.0, 1.63501235257398
251.0, 1.63501235257398
252.0, 1.63501235257398
253.0, 1.63501235257398
254.0, 1.63501235257398
255.0, 1.63501235257398
256.0, 1.63501235257398
257.0, 1.63501235257398
258.0, 1.63501235257398
259.0, 1.63501235257398
260.0, 1.63501235257398
261.0, 1.6257039538890583
262.0, 1.616403819429697
263.0, 1.6071120926676785
264.0, 1.5978289202808407
265.0, 1.5885544522390054
266.0, 1.5792888418925382
267.0, 1.5700322460636156
268.0, 1.5607848251402963
269.0, 1.5515467431734913
270.0, 1.5423181679769218
271.0, 1.5330992712301732
272.0, 1.5238902285849414
273.0, 1.514691219774585
274.0, 1.5055024287270857
275.0, 1.4963240436815368
276.0, 1.487156257308275
277.0, 1.4779992668327762
278.0, 1.4688532741634444
279.0, 1.4597184860234165
280.0, 1.450595114086525
281.0, 1.4414833751175484
282.0, 1.4323834911169
ee_dist
0.0, 1.0263265747897097
1.0, 1.0529335502857688
2.0, 1.1417721516011041
3.0, 1.224244784210451
4.0, 1.252625382516815
5.0, 1.2781082669934187
6.0, 1.3120937915729387
7.0, 1.349443129962979
8.0, 1.3897812152439464
9.0, 1.4282484977742953
10.0, 1.4646661733279533
11.0, 1.4995038585253266
12.0, 1.532673246109932
13.0, 1.563032661176286
14.0, 1.5916769481649897
15.0, 1.6172759516381368
16.0, 1.6419679413732118
17.0, 1.6636203961826432
18.0, 1.6849066160095052
19.0, 1.7031326518325545
20.0, 1.7215802014789665
21.0, 1.6954647127412428
22.0, 1.6588591334513025
23.0, 1.6191635066171437
24.0, 1.5759019059038653
25.0, 1.5292895605148773
26.0, 1.4793788696201304
27.0, 1.4264244401781359
28.0, 1.3705163520940815
29.0, 1.3119973356867134
30.0, 1.2510139167741696
31.0, 1.1880220172347438
32.0, 1.1232627878978094
33.0, 1.0573424212512488
34.0, 0.9906723306464355
35.0, 0.924116725862784
36.0, 0.8628067680553393
37.0, 0.8012639959158949
38.0, 0.7398035447230789
39.0, 0.6841308714818048
40.0, 0.635580696211677
41.0, 0.6359139425972665
42.0, 0.7226078078843293
43.0, 1.0617729927061623
44.0, 1.0196590081204921
45.0, 0.976920275624922
46.0, 0.9310205659416095
47.0, 0.8837677317825139
48.0, 0.8338029120701576
49.0, 0.7822018054132662
50.0, 0.7288608984186823
51.0, 0.6746709581433983
52.0, 0.619786569055559
53.0, 0.5643567536497537
54.0, 0.5086682488895984
55.0, 0.4530210975179404
56.0, 0.3987593758089836
57.0, 0.346537825158663
58.0, 0.3886189871985799
59.0, 0.4584174598511868
60.0, 0.5383121350435256
61.0, 0.627667259603332
62.0, 0.7209939310208869
63.0, 0.8132483246546661
64.0, 0.9000687121627854
65.0, 0.967806428796123
66.0, 1.027065953891243
67.0, 1.0846553655809101
68.0, 1.1381764705769457
69.0, 1.1910700793774542
70.0, 1.2425607505297926
71.0, 1.2934898328197253
72.0, 1.348533318356473
73.0, 1.4091604042157089
74.0, 1.4743990959873319
75.0, 1.5506991601438151
76.0, 1.6362497874551918
77.0, 1.7311558086195575
78.0, 1.830441575426286
79.0, 1.928960311087756
80.0, 2.0223398888930464
81.0, 2.100705075679828
82.0, 2.164323877634815
83.0, 2.2269313505695836
84.0, 2.286886174267858
85.0, 2.34593841681217
86.0, 2.4044409154177293
87.0, 2.462329695960166
88.0, 2.4992592939261025
89.0, 2.5400795832238177
90.0, 2.580755433754253
91.0, 2.6382033704455488
92.0, 2.7332970267263565
93.0, 2.8334771654044846
94.0, 2.941808156613465
95.0, 3.0650469251620147
96.0, 3.164196844984773
97.0, 3.239057253309359
98.0, 3.31310744950306
99.0, 3.3879527708033677
100.0, 3.464137904642906
101.0, 3.5286197546284694
102.0, 3.5775756620357897
103.0, 3.6345107517645814
104.0, 3.699740636203066
105.0, 3.771828745498786
106.0, 3.850020614951986
107.0, 3.9415315775807103
108.0, 4.014678049649424
109.0, 4.115082567771486
110.0, 4.2227061212710195
111.0, 4.330099434626214
112.0, 4.434356059872588
113.0, 4.5281361067420995
114.0, 4.604112182480193
115.0, 4.674829051288712
116.0, 4.7373916223412635
117.0, 4.801272999751272
118.0, 4.845356886516078
119.0, 4.886709279420881
120.0, 4.929536939231051
121.0, 4.969005505841834
122.0, 5.009430447164387
123.0, 5.046644692016013
124.0, 5.082268416585442
125.0, 5.115944854231861
126.0, 5.14874907069268
127.0, 5.177000934000035
128.0, 5.204962564077625
129.0, 5.228008273712485
130.0, 5.250478340803433
131.0, 5.2678043059688955
132.0, 5.284327983670763
133.0, 5.2955483024678855
134.0, 5.305802046947308
135.0, 5.310661806776679
136.0, 5.3144600291722
137.0, 5.312838903394202
138.0, 5.310122410412078
139.0, 5.302031616939582
140.0, 5.292880339875423
141.0, 5.278463284854956
142.0, 5.263086642393897
143.0, 4.595656771289935
144.0, 4.582877794544376
145.0, 4.574166365231388
146.0, 4.566486682657344
147.0, 4.5632706032596255
148.0, 4.561088269096645
149.0, 4.563481173246886
150.0, 4.566867342273467
151.0, 4.485382118158207
152.0, 4.402136532326513
153.0, 4.320722749567081
154.0, 4.23755320896373
155.0, 4.156223328815883
156.0, 4.0731395534669685
157.0, 3.991903712960331
158.0, 3.9089167285693223
159.0, 3.8099995504571558
160.0, 3.7466521434143285
161.0, 3.663771644471358
162.0, 3.5719358314226275
163.0, 3.501197817436961
164.0, 3.4175904534162806
165.0, 3.3369612063114857
166.0, 3.2545108484800944
167.0, 3.2642675012236126
168.0, 3.1839050639347968
169.0, 3.105532277063184
170.0, 3.0255853575820253
171.0, 2.9476662537659846
172.0, 2.868211329913524
173.0, 2.790824302998505
174.0, 2.803012425443944
175.0, 2.7290042580959586
176.0, 2.6537546393206823
177.0, 2.670956180721671
178.0, 2.6888747604369487
179.0, 2.7105799143560505
180.0, 2.732789863112883
181.0, 2.678709946394447
182.0, 2.6545994480763855
183.0, 2.6338980263515337
184.0, 2.6137896149113757
185.0, 2.5976622096084063
186.0, 2.5823226073222245
187.0, 2.571399345943776
188.0, 2.491292760075705
189.0, 2.4828659434093154
190.0, 2.400849363244935
191.0, 2.3208507482557046
192.0, 2.2391697852313492
193.0, 2.1595481567123436
194.0, 2.0782784924575455
195.0, 1.9991254281208577
196.0, 1.9183735843270213
197.0, 1.8398133437093667
198.0, 1.7597239776707299
199.0, 1.681927004247713
200.0, 1.602702498234898
201.0, 1.5259093378237873
202.0, 1.4478389772647982
203.0, 1.3723977989677292
204.0, 1.2959072472623379
205.0, 1.2223369755016833
206.0, 1.1480721275422203
207.0, 1.0771697743212347
208.0, 1.00614043296977
209.0, 0.9391686860758592
210.0, 0.8729966113263951
211.0, 0.8119949223394203
212.0, 0.7533147960168082
213.0, 0.7322276072246415
214.0, 0.6718675694237702
215.0, 0.6189230180509665
216.0, 0.5948393934345988
217.0, 0.5752166362831999
218.0, 0.5564724175979663
219.0, 0.543313920645335
220.0, 0.5316090617124334
221.0, 0.5263259219275173
222.0, 0.5228996546800236
223.0, 0.5261813290010317
224.0, 0.531380636569704
225.0, 0.54289600472857
226.0, 0.5560423417062041
227.0, 0.5745710759430901
228.0, 0.5942474170677522
229.0, 0.5953613792294242
230.0, 0.5942074881847694
231.0, 0.5953675686165663
232.0, 0.5942067000130863
233.0, 0.5953675368082237
234.0, 0.5942067613724321
235.0, 0.5953675368082237
236.0, 0.5942067613724321
237.0, 0.5953675368082237
238.0, 0.5942067613724321
239.0, 0.5930318101953495
240.0, 0.5937172311002186
241.0, 0.5953945089222458
242.0, 0.5942065894981647
243.0, 0.603728118985524
244.0, 0.6157779686043229
245.0, 0.6290126489338943
246.0, 0.64429997722771
247.0, 0.6608227905628479
248.0, 0.6790600938568521
249.0, 0.6981606646154661
250.0, 0.7186702086680292
251.0, 0.7397148749329636
252.0, 0.7618489590673313
253.0, 0.7841949501216529
254.0, 0.8072992967253088
255.0, 0.8303784835176224
256.0, 0.8539007524716247
257.0, 0.8771298967875519
258.0, 0.9005021401482984
259.0, 0.9233659960459344
260.0, 0.9461098641572646
261.0, 0.9681958049566793
262.0, 0.9899468345886527
263.0, 0.9694037861370557
264.0, 0.9441517262891295
265.0, 0.9179011136128674
266.0, 0.890403132329836
267.0, 0.8619689999553014
268.0, 0.8325541650553522
269.0, 0.8025243547771508
270.0, 0.7718472527670766
271.0, 0.7409639896920823
272.0, 0.7098762625186534
273.0, 0.67911319163344
274.0, 0.6487377601111309
275.0, 0.6193095643437414
276.0, 0.5909501931678752
277.0, 0.5643484753318384
278.0, 0.5395895769546987
279.0, 0.5175699972119219
280.0, 0.49847956830988965
281.0, 0.4837268797668042
282.0, 0.4739010198320903
ee_box_dist
0.0, 0.7081453709229505
1.0, 0.7456601481179101
2.0, 0.7779062817102398
3.0, 0.8163428044536315
4.0, 0.8521173268852835
5.0, 0.8915316309229615
6.0, 0.9301544051538295
7.0, 0.9674974898554132
8.0, 1.0057005172866593
9.0, 1.0411398896053414
10.0, 1.0735750548178589
11.0, 1.104045113412057
12.0, 1.132630681872118
13.0, 1.15846890142393
14.0, 1.1825781984288122
15.0, 1.2039088432850171
16.0, 1.2244415458657503
17.0, 1.242230555548001
18.0, 1.2599401375022945
19.0, 1.2747679173516202
20.0, 1.2899802241416067
21.0, 1.267162628487947
22.0, 1.235528420800463
23.0, 1.2010716825503183
24.0, 1.1634119870182358
25.0, 1.1227512646571927
26.0, 1.079012631616083
27.0, 1.0324333637401923
28.0, 0.9830369676347842
29.0, 0.9309859305923359
30.0, 0.8764109410429444
31.0, 0.8195493935900746
32.0, 0.7603829959523607
33.0, 0.6994035289748425
34.0, 0.636493827129865
35.0, 0.572238291714647
36.0, 0.5095564582180662
37.0, 0.4375509763664608
38.0, 0.3719065226189793
39.0, 0.3046942510197687
40.0, 0.24137831997651954
41.0, 0.08033363245490444
42.0, 0.08297442861080334
43.0, 0.08311218721986835
44.0, 0.08304495739693712
45.0, 0.08310317098584125
46.0, 0.08304577537809192
47.0, 0.0830932584288057
48.0, 0.08304571876533838
49.0, 0.08308444029461955
50.0, 0.08304443212884251
51.0, 0.08307627228530387
52.0, 0.08304256006804375
53.0, 0.08306825241659466
54.0, 0.0830395598843299
55.0, 0.08306017813821254
56.0, 0.08303605437277994
57.0, 0.0830530022481808
58.0, 0.08303282553657627
59.0, 0.08304609484877398
60.0, 0.08302899095636683
61.0, 0.08303938054455016
62.0, 0.08302541698948515
63.0, 0.08313538458140927
64.0, 0.08295231661163809
65.0, 0.08204174282723713
66.0, 0.08267720547337626
67.0, 0.08305843343037123
68.0, 0.08299743932252973
69.0, 0.08224072937754122
70.0, 0.08299748492080901
71.0, 0.08300169272004777
72.0, 0.08300491956008489
73.0, 0.0830013559877717
74.0, 0.08300462427467144
75.0, 0.08299944624536702
76.0, 0.08300466628142612
77.0, 0.0829989134984877
78.0, 0.08300572848192544
79.0, 0.08299930404909311
80.0, 0.08300787765414187
81.0, 0.08300157175980775
82.0, 0.08301105434357636
83.0, 0.08300489357061004
84.0, 0.08301563228428044
85.0, 0.08300922000707142
86.0, 0.08821045639411283
87.0, 0.12425276663640958
88.0, 0.13517934099542245
89.0, 0.1335412291134452
90.0, 0.1291912638667722
91.0, 0.11684658721997579
92.0, 0.11568864768165901
93.0, 0.11791241595133431
94.0, 0.11577266658987564
95.0, 0.09401900060984018
96.0, 0.0826056569231556
97.0, 0.11463704425148119
98.0, 0.1156366252759655
99.0, 0.08273247318106704
100.0, 0.08248113840596545
101.0, 0.08273067724527913
102.0, 0.11149643285031607
103.0, 0.11782751282175873
104.0, 0.11578183582667056
105.0, 0.10938280433163539
106.0, 0.08269625490139662
107.0, 0.08225808765261566
108.0, 0.11182764818641375
109.0, 0.11766456311429846
110.0, 0.11580608938924908
111.0, 0.11790522012052032
112.0, 0.11577266990232428
113.0, 0.11790499863622579
114.0, 0.11577280751666841
115.0, 0.0861058028544913
116.0, 0.1134672296689356
117.0, 0.11777499567744941
118.0, 0.11577246794632609
119.0, 0.11790531726440774
120.0, 0.1157727878574634
121.0, 0.11790501829469267
122.0, 0.11577268413742682
123.0, 0.11450974556111719
124.0, 0.11377345252692803
125.0, 0.11774817396948625
126.0, 0.11577543521995638
127.0, 0.11790525472265172
128.0, 0.11577274311503867
129.0, 0.11790499863622579
130.0, 0.11577280751666841
131.0, 0.11790501829469267
132.0, 0.11577274311503867
133.0, 0.11790499863622579
134.0, 0.1157727878574634
135.0, 0.11790499863622579
136.0, 0.11577274311503867
137.0, 0.11790499863622579
138.0, 0.11577280751666841
139.0, 0.11790501829469267
140.0, 0.11577268413742682
141.0, 0.11790499863622579
142.0, 0.1157727878574634
143.0, 0.11336496432840178
144.0, 0.11236824852499205
145.0, 0.11365156801209746
146.0, 0.11237254757672248
147.0, 0.11364969523273177
148.0, 0.11237272260129251
149.0, 0.11364934757336681
150.0, 0.11237220623458385
151.0, 0.11364953899933158
152.0, 0.11237253396334258
153.0, 0.11364939767343962
154.0, 0.11237235442460045
155.0, 0.11364939767343962
156.0, 0.11237244440374476
157.0, 0.11364939767343962
158.0, 0.11237235442460045
159.0, 0.0834871640842202
160.0, 0.11113542436187245
161.0, 0.11359497542809661
162.0, 0.07985255699204748
163.0, 0.11201387176796355
164.0, 0.11234780630305816
165.0, 0.11365529794806908
166.0, 0.11237257372621125
167.0, 0.11364798790036104
168.0, 0.11237184264357386
169.0, 0.11364894946013522
170.0, 0.11237213285976914
171.0, 0.11364873937036225
172.0, 0.11237216302466249
173.0, 0.11364873937036225
174.0, 0.11237112887245937
175.0, 0.11364776498990557
176.0, 0.11237123166738104
177.0, 0.11364661278087958
178.0, 0.11236899644997733
179.0, 0.11364524852574005
180.0, 0.11236688150289618
181.0, 0.11364483165191144
182.0, 0.1123682627520022
183.0, 0.11364612099180993
184.0, 0.11236990479329455
185.0, 0.11364766346196635
186.0, 0.11237173325771227
187.0, 0.11364883300101339
188.0, 0.11237203426960346
189.0, 0.11364956461191925
190.0, 0.1123727863541363
191.0, 0.11364974248534729
192.0, 0.11237265126285097
193.0, 0.11365001233007553
194.0, 0.11237274124163113
195.0, 0.11364992224867321
196.0, 0.11237274124163113
197.0, 0.11365005717165425
198.0, 0.11237265126285097
199.0, 0.11365005717165425
200.0, 0.11237265126285097
201.0, 0.11365005717165425
202.0, 0.11237283122046572
203.0, 0.11365005717165425
204.0, 0.11237265126285097
205.0, 0.11364978732603216
206.0, 0.11237295513075612
207.0, 0.11364974248534729
208.0, 0.11237286515214723
209.0, 0.11364965240373108
210.0, 0.1123727863541363
211.0, 0.113649472641979
212.0, 0.11237287633280829
213.0, 0.11365012227594848
214.0, 0.11237305242666659
215.0, 0.11365071549198137
216.0, 0.11237299292630426
217.0, 0.11364984613368229
218.0, 0.11237251634035647
219.0, 0.11365050452025263
220.0, 0.11237292759122752
221.0, 0.11365039253034409
222.0, 0.11237236736927006
223.0, 0.11365044233386146
224.0, 0.11237239670944081
225.0, 0.11364985911865662
226.0, 0.11237248881305041
227.0, 0.11364955122978104
228.0, 0.11237238937874598
229.0, 0.11780629859101312
230.0, 0.11577317869569884
231.0, 0.11790594042209927
232.0, 0.11577436464226576
233.0, 0.11790607465626338
234.0, 0.11577401775898544
235.0, 0.11790607465626338
236.0, 0.11577401775898544
237.0, 0.11790607465626338
238.0, 0.11577397301528691
239.0, 0.11418072490157281
240.0, 0.11616628708449744
241.0, 0.11791757323178513
242.0, 0.11577493478839178
243.0, 0.0757375594079844
244.0, 0.0745652571359453
245.0, 0.07319022002842353
246.0, 0.07291057264178082
247.0, 0.07162459835934057
248.0, 0.07163977633776919
249.0, 0.07047085564554935
250.0, 0.07073491391953006
251.0, 0.06968047713854113
252.0, 0.07001753028963677
253.0, 0.06894970626565573
254.0, 0.0693689876451195
255.0, 0.06824643747821214
256.0, 0.06865673700395436
257.0, 0.06743887934488309
258.0, 0.06780857630316986
259.0, 0.06648283412369604
260.0, 0.06681358508502389
261.0, 0.06538741356215982
262.0, 0.0656989922875379
263.0, 0.07998187347943453
264.0, 0.08064799031113275
265.0, 0.08083072546204614
266.0, 0.08114108196302493
267.0, 0.0812900292404143
268.0, 0.08156147066256968
269.0, 0.08167718489299013
270.0, 0.08190386677663127
271.0, 0.08197944389214439
272.0, 0.08215598608402916
273.0, 0.08218591613237415
274.0, 0.08230943426447164
275.0, 0.08229020858801438
276.0, 0.08236126064292552
277.0, 0.0822921013675989
278.0, 0.08231108376123641
279.0, 0.08219240264592016
280.0, 0.08216126001838792
281.0, 0.0819933317991747
282.0, 0.08191571888602292
spot_hold
0, 0
1, 0
2, 0
3, 0
4, 0
5, 0
6, 0
7, 0
8, 0
9, 0
10, 0
11, 0
12, 0
13, 0
14, 0
15, 0
16, 0
17, 0
18, 0
19, 0
20, 0
21, 0
22, 0
23, 0
24, 0
25, 0
26, 0
27, 0
28, 0
29, 0
30, 0
31, 0
32, 0
33, 0
34, 0
35, 0
36, 0
37, 0
38, 0
39, 0
40, 0
41, 1
42, 1
43, 1
44, 1
45, 1
46, 1
47, 1
48, 1
49, 1
50, 1
51, 1
52, 1
53, 1
54, 1
55, 1
56, 1
57, 1
58, 1
59, 1
60, 1
61, 1
62, 1
63, 1
64, 1
65, 1
66, 1
67, 1
68, 1
69, 1
70, 1
71, 1
72, 1
73, 1
74, 1
75, 1
76, 1
77, 1
78, 1
79, 1
80, 1
81, 1
82, 1
83, 1
84, 1
85, 1
86, 1
87, 1
88, 1
89, 1
90, 1
91, 1
92, 1
93, 1
94, 1
95, 1
96, 1
97, 1
98, 1
99, 1
100, 1
101, 1
102, 1
103, 1
104, 1
105, 1
106, 1
107, 1
108, 1
109, 1
110, 1
111, 1
112, 1
113, 1
114, 1
115, 1
116, 1
117, 1
118, 1
119, 1
120, 1
121, 1
122, 1
123, 1
124, 1
125, 1
126, 1
127, 1
128, 1
129, 1
130, 1
131, 1
132, 1
133, 1
134, 1
135, 1
136, 1
137, 1
138, 1
139, 1
140, 1
141, 1
142, 1
143, 1
144, 1
145, 1
146, 1
147, 1
148, 1
149, 1
150, 1
151, 1
152, 1
153, 1
154, 1
155, 1
156, 1
157, 1
158, 1
159, 1
160, 1
161, 1
162, 1
163, 1
164, 1
165, 1
166, 1
167, 1
168, 1
169, 1
170, 1
171, 1
172, 1
173, 1
174, 1
175, 1
176, 1
177, 1
178, 1
179, 1
180, 1
181, 1
182, 1
183, 1
184, 1
185, 1
186, 1
187, 1
188, 1
189, 1
190, 1
191, 1
192, 1
193, 1
194, 1
195, 1
196, 1
197, 1
198, 1
199, 1
200, 1
201, 1
202, 1
203, 1
204, 1
205, 1
206, 1
207, 1
208, 1
209, 1
210, 1
211, 1
212, 1
213, 1
214, 1
215, 1
216, 1
217, 1
218, 1
219, 1
220, 1
221, 1
222, 1
223, 1
224, 1
225, 1
226, 1
227, 1
228, 1
229, 1
230, 1
231, 1
232, 1
233, 1
234, 1
235, 1
236, 1
237, 1
238, 1
239, 1
240, 1
241, 1
242, 1
243, 1
244, 1
245, 1
246, 1
247, 1
248, 1
249, 1
250, 1
251, 1
252, 1
253, 1
254, 1
255, 1
256, 1
257, 1
258, 1
259, 1
260, 1
261, 1
262, 1
263, 1
264, 1
265, 1
266, 1
267, 1
268, 1
269, 1
270, 1
271, 1
272, 1
273, 1
274, 1
275, 1
276, 1
277, 1
278, 1
279, 1
280, 1
281, 1
282, 1
