bot_dist
0.0, 3.0152642954165527
1.0, 3.018989272227585
2.0, 3.022742742873098
3.0, 3.0265246013396454
4.0, 3.0303347413432062
5.0, 3.0341730563408
6.0, 3.0380394395420094
7.0, 3.041933783920412
8.0, 3.045855982224926
9.0, 3.049805926991053
10.0, 3.053783510552037
11.0, 3.0577886250499176
12.0, 3.061821162446492
13.0, 3.0658810145341726
14.0, 3.0699680729467476
15.0, 3.0740822291700374
16.0, 3.078223374552448
17.0, 3.082391400315423
18.0, 3.0865861975637854
19.0, 3.0908076572959757
20.0, 3.0950556704141827
21.0, 3.099330127734364
22.0, 3.103630919996161
23.0, 3.1079579378726954
24.0, 3.112311071980267
25.0, 3.116690212887928
26.0, 3.121095251126953
27.0, 3.1255260772001905
28.0, 3.129982581591307
29.0, 3.134464654773912
30.0, 3.1389721872205665
31.0, 3.143505069411687
32.0, 3.1480631918443227
33.0, 3.152646445040821
34.0, 3.157254719557383
35.0, 3.1618879059924927
36.0, 3.166545894995238
37.0, 3.17122857727351
38.0, 3.175935843602091
39.0, 3.180667471728819
40.0, 3.185423464528633
41.0, 3.1902037130321204
42.0, 3.1950081083679254
43.0, 3.199836541770248
44.0, 3.204688904586232
45.0, 3.2095650882832327
46.0, 3.2144649844559723
47.0, 3.2193884848335794
48.0, 3.2243354812865075
49.0, 3.2293058658333478
50.0, 3.234299530647521
51.0, 3.239316368063856
52.0, 3.2443562705850564
53.0, 3.249419130888053
54.0, 3.2545048418302436
55.0, 3.259613296455617
56.0, 3.264744388000773
57.0, 3.269898009900823
58.0, 3.275074055795183
59.0, 3.2802724195332607
60.0, 3.2854929951800225
61.0, 3.2907356770214675
62.0, 3.2960003595699754
63.0, 3.3012869375695604
64.0, 3.306595306001014
65.0, 3.311925360086939
66.0, 3.3172769952966834
67.0, 3.3226501073511665
68.0, 3.3280445922275996
69.0, 3.333460346164111
70.0, 3.3388972656642593
71.0, 3.344355247501454
72.0, 3.3498341887232694
73.0, 3.355333986655664
74.0, 3.3608545389070956
75.0, 3.3663957433725455
76.0, 3.3719574982374394
77.0, 3.377539701981476
78.0, 3.3831422533823607
79.0, 3.3887650515194414
80.0, 3.394407995777258
81.0, 3.400070985848991
82.0, 3.405753921739827
83.0, 3.4114567037702264
84.0, 3.417179232579111
85.0, 3.4229214091269506
86.0, 3.428683134698777
87.0, 3.4344643109070976
88.0, 3.440264839694733
89.0, 3.446084623337567
90.0, 3.451923564447211
91.0, 3.4577815659735935
92.0, 3.463658531207454
93.0, 3.4695543637827746
94.0, 3.4754689676791157
95.0, 3.481402247223885
96.0, 3.4873541070945206
97.0, 3.493324452320605
98.0, 3.499313188285899
99.0, 3.5053202207303005
100.0, 3.5113454557517336
101.0, 3.5113454557517336
102.0, 3.5113454557517336
103.0, 3.5113454557517336
104.0, 3.5113454557517336
105.0, 3.5113454557517336
106.0, 3.5113454557517336
107.0, 3.5113454557517336
108.0, 3.5113454557517336
109.0, 3.5113454557517336
110.0, 3.5113454557517336
111.0, 3.5113454557517336
112.0, 3.5113454557517336
113.0, 3.5113454557517336
114.0, 3.5113454557517336
115.0, 3.5113454557517336
116.0, 3.5113454557517336
117.0, 3.5113454557517336
118.0, 3.5113454557517336
119.0, 3.5113454557517336
120.0, 3.5113454557517336
121.0, 3.5113454557517336
122.0, 3.5113454557517336
123.0, 3.5113454557517336
124.0, 3.5113454557517336
125.0, 3.5113454557517336
126.0, 3.5113454557517336
127.0, 3.5113454557517336
128.0, 3.5113454557517336
129.0, 3.5113454557517336
130.0, 3.5113454557517336
131.0, 3.5053202207303005
132.0, 3.499313188285899
133.0, 3.493324452320605
134.0, 3.4873541070945206
135.0, 3.481402247223885
136.0, 3.4754689676791157
137.0, 3.4695543637827746
138.0, 3.463658531207454
139.0, 3.4577815659735935
140.0, 3.451923564447211
141.0, 3.446084623337567
142.0, 3.440264839694733
143.0, 3.4391873469060026
144.0, 3.4334141233459756
145.0, 3.4276603503386114
146.0, 3.4219261259988856
147.0, 3.41621154876606
148.0, 3.410516717400751
149.0, 3.404841730981914
150.0, 3.399186688903739
151.0, 3.3105424332399354
152.0, 3.221965930401418
153.0, 3.133462876562737
154.0, 3.0450397295690648
155.0, 2.95670365850877
156.0, 2.8684627080636984
157.0, 2.780325934956724
158.0, 2.692303570432153
159.0, 2.6044072146763706
160.0, 2.516650070646061
161.0, 2.4290472268021457
162.0, 2.341616000909509
163.0, 2.254376360575928
164.0, 2.167351440874223
165.0, 2.0805681856462797
166.0, 1.9940581475260974
167.0, 1.9893962166237762
168.0, 1.9049424935438586
169.0, 1.8210651608196418
170.0, 1.7378474385401428
171.0, 1.6553888071318759
172.0, 1.5738085872690961
173.0, 1.4932507556984176
174.0, 1.4897816769186496
175.0, 1.4138214975090584
176.0, 1.3397354262416625
177.0, 1.3370159602817742
178.0, 1.3343658956178364
179.0, 1.3317856465461384
180.0, 1.329275619622647
181.0, 1.2787190474343149
182.0, 1.2768617745013653
183.0, 1.2750802248144066
184.0, 1.2733747162015083
185.0, 1.271745554593495
186.0, 1.270193033760574
187.0, 1.268717435057151
188.0, 1.1969189076390319
189.0, 1.1959515512705245
190.0, 1.123483543482287
191.0, 1.0535927137264867
192.0, 0.9868267639299702
193.0, 0.923863460242867
194.0, 0.8655330723595052
195.0, 0.8128336118400739
196.0, 0.7669267479613748
197.0, 0.7290966794280268
198.0, 0.7006528913663841
199.0, 0.6827694745812145
200.0, 0.6762847119907975
201.0, 0.6815240589574068
202.0, 0.6982236383966217
203.0, 0.7255926064304874
204.0, 0.7624829091921305
205.0, 0.8075908110710125
206.0, 0.8596236528012193
207.0, 0.917403894583526
208.0, 0.9799153851998991
209.0, 1.0463104670787948
210.0, 1.1158961420753095
211.0, 1.1881118690275725
212.0, 1.2625065293223936
213.0, 1.2718287333234821
214.0, 1.3437654740482292
215.0, 1.4175867898191046
216.0, 1.4266668740970427
217.0, 1.435759186555113
218.0, 1.4448634963429412
219.0, 1.453979578091342
220.0, 1.4631072117600896
221.0, 1.47224618249037
222.0, 1.4813962804617578
223.0, 1.490557300753571
224.0, 1.4997290432104697
225.0, 1.5089113123121545
226.0, 1.5181039170470394
227.0, 1.5273066707897658
228.0, 1.536519391182438
229.0, 1.5457419000194565
230.0, 1.5549740231358362
231.0, 1.5549740231358362
232.0, 1.5549740231358362
233.0, 1.5549740231358362
234.0, 1.5549740231358362
235.0, 1.5549740231358362
236.0, 1.5549740231358362
237.0, 1.5549740231358362
238.0, 1.5549740231358362
239.0, 1.5549740231358362
240.0, 1.5549740231358362
241.0, 1.5549740231358362
242.0, 1.5549740231358362
243.0, 1.5549740231358362
244.0, 1.5549740231358362
245.0, 1.5549740231358362
246.0, 1.5549740231358362
247.0, 1.5549740231358362
248.0, 1.5549740231358362
249.0, 1.5549740231358362
250.0, 1.5549740231358362
251.0, 1.5549740231358362
252.0, 1.5549740231358362
253.0, 1.5549740231358362
254.0, 1.5549740231358362
255.0, 1.5549740231358362
256.0, 1.5549740231358362
257.0, 1.5549740231358362
258.0, 1.5549740231358362
259.0, 1.5549740231358362
260.0, 1.5549740231358362
261.0, 1.5457419000194565
262.0, 1.536519391182438
263.0, 1.5273066707897658
264.0, 1.5181039170470394
265.0, 1.5089113123121545
266.0, 1.4997290432104697
267.0, 1.490557300753571
268.0, 1.4813962804617578
269.0, 1.47224618249037
270.0, 1.4631072117600896
271.0, 1.453979578091342
272.0, 1.4448634963429412
273.0, 1.435759186555113
274.0, 1.4266668740970427
275.0, 1.4175867898191046
276.0, 1.4085191702099118
277.0, 1.3994642575583633
278.0, 1.3904223001208385
279.0, 1.3813935522937124
280.0, 1.3723782747913709
281.0, 1.3633767348298913
282.0, 1.3543892063165852
ee_dist
0.0, 0.968231928572394
1.0, 0.9862135981639716
2.0, 1.0698281994419656
3.0, 1.1497324380103269
4.0, 1.1772160401726324
5.0, 1.2025939999700535
6.0, 1.23688307375476
7.0, 1.2726928291263473
8.0, 1.3086279001807135
9.0, 1.3437838667523432
10.0, 1.3784450812170859
11.0, 1.4109248575215925
12.0, 1.4421387906693741
13.0, 1.4705918306081314
14.0, 1.4982659717631264
15.0, 1.5229822412416434
16.0, 1.5472359755084526
17.0, 1.5684427193770234
18.0, 1.5896524052312748
19.0, 1.6079351656738656
20.0, 1.6317429297360906
21.0, 1.6059043960813135
22.0, 1.5705145808576757
23.0, 1.532115162144703
24.0, 1.490311013321713
25.0, 1.4452913926346784
26.0, 1.3970872842125002
27.0, 1.3459307703754144
28.0, 1.2918811873430625
29.0, 1.2352500864783784
30.0, 1.1761425751165901
31.0, 1.1149694639274088
32.0, 1.051914686575
33.0, 0.9875220003806876
34.0, 0.9221209856129042
35.0, 0.8564920422236176
36.0, 0.7943497897577378
37.0, 0.732263813171088
38.0, 0.6706614777852841
39.0, 0.6136167471816896
40.0, 0.5636633736754914
41.0, 0.5643200184109384
42.0, 0.7061571563182316
43.0, 1.1231635547841987
44.0, 1.0831521339282495
45.0, 1.0404741931625257
46.0, 0.9972505527195434
47.0, 0.9510650964607973
48.0, 0.9012046559011508
49.0, 0.8505179343600509
50.0, 0.7976243575963619
51.0, 0.7437445514941131
52.0, 0.6889399586461394
53.0, 0.6333549784362958
54.0, 0.5781397897203637
55.0, 0.5239368760395602
56.0, 0.47107218169857695
57.0, 0.41969402713358017
58.0, 0.47106323438869757
59.0, 0.5453418371943903
60.0, 0.628000246594727
61.0, 0.7217590912234831
62.0, 0.8164510425322465
63.0, 0.9087806841615736
64.0, 0.9969878986684059
65.0, 1.0663207607519358
66.0, 1.1257264654375665
67.0, 1.1857588753398145
68.0, 1.2409545743135912
69.0, 1.2950282831639095
70.0, 1.3487808202015947
71.0, 1.4003097630055459
72.0, 1.457328262517463
73.0, 1.5176725777833036
74.0, 1.5833708198428784
75.0, 1.6601122270578497
76.0, 1.746276888664955
77.0, 1.8417200155596565
78.0, 1.9412398540863935
79.0, 2.0396230490236724
80.0, 2.132516573615449
81.0, 2.2102287367241247
82.0, 2.2731609178704764
83.0, 2.334928555969519
84.0, 2.394125738413174
85.0, 2.452593776799543
86.0, 2.519413084560566
87.0, 2.567813226596504
88.0, 2.6011815515734846
89.0, 2.642939688813346
90.0, 2.6861564262491933
91.0, 2.7409056115746058
92.0, 2.8355507119927608
93.0, 2.937016814391154
94.0, 3.0445409366389877
95.0, 3.151876085754498
96.0, 3.2535905578128697
97.0, 3.3436443107856926
98.0, 3.415812872152131
99.0, 3.4974072707177997
100.0, 3.5661933824158547
101.0, 3.6117511311775616
102.0, 3.67527297580547
103.0, 3.738316483553564
104.0, 3.802170835202579
105.0, 3.8717525095213836
106.0, 3.9462768390002725
107.0, 4.027468554954824
108.0, 4.119015382634621
109.0, 4.219093140730006
110.0, 4.325867947733202
111.0, 4.434415315421034
112.0, 4.537659811470287
113.0, 4.632461307415865
114.0, 4.707337355417126
115.0, 4.774328668421716
116.0, 4.841215350291393
117.0, 4.885145565123652
118.0, 4.928629676603094
119.0, 4.970934966644395
120.0, 5.012248020959676
121.0, 5.0518627682326995
122.0, 5.089993443001653
123.0, 5.125966727421763
124.0, 5.1600224265937085
125.0, 5.191526402377741
126.0, 5.2207433478719825
127.0, 5.247074072206025
128.0, 5.270817393056673
129.0, 5.291410350098107
130.0, 5.309177565182317
131.0, 5.3235963890431615
132.0, 5.335021728240454
133.0, 5.342966956328757
134.0, 5.347817092979808
135.0, 5.349124819489989
136.0, 5.347305372470617
137.0, 5.341947225018734
138.0, 5.333496125956828
139.0, 5.32157766978241
140.0, 5.30666933487461
141.0, 5.288435457075832
142.0, 5.267378786372572
143.0, 4.553274680321372
144.0, 4.540032966296414
145.0, 4.530397218368824
146.0, 4.522977373931006
147.0, 4.519123772473908
148.0, 4.5176270290963085
149.0, 4.519771035146706
150.0, 4.5242508955286675
151.0, 4.442056690468083
152.0, 4.359240596266311
153.0, 4.277106200842923
154.0, 4.194355657033018
155.0, 4.11229397170572
156.0, 4.029617552644853
157.0, 3.9476374682019193
158.0, 3.865044818131023
159.0, 3.783157023593172
160.0, 3.7006595203998014
161.0, 3.6188766439544837
162.0, 3.5364877972186086
163.0, 3.454824659062688
164.0, 3.372560732950192
165.0, 3.291035675080827
166.0, 3.2089160492243014
167.0, 3.206646199055061
168.0, 3.142018057589572
169.0, 3.059072490621472
170.0, 2.9796294728288335
171.0, 2.9006976969681992
172.0, 2.82138437100421
173.0, 2.7429914411755125
174.0, 2.756693869598995
175.0, 2.6815974284116932
176.0, 2.606316974166783
177.0, 2.6241786979844166
178.0, 2.6439593542948585
179.0, 2.666703440903294
180.0, 2.691004732617798
181.0, 2.6357233046309676
182.0, 2.6103710557769455
183.0, 2.587654873597082
184.0, 2.566643465419556
185.0, 2.5487645508686145
186.0, 2.5329212287256597
187.0, 2.5205931461299627
188.0, 2.4406072146905493
189.0, 2.4309700486754435
190.0, 2.3491764907800405
191.0, 2.2682335042195194
192.0, 2.186731936041726
193.0, 2.1061177398911672
194.0, 2.024974175971845
195.0, 1.9447713230184467
196.0, 1.8640810071610292
197.0, 1.7674019252338036
198.0, 1.6834492004912782
199.0, 1.627158254328473
200.0, 1.5412064504158507
201.0, 1.4690676219956356
202.0, 1.3892044216729427
203.0, 1.3126757120292198
204.0, 1.2359114128562687
205.0, 1.1608155050591016
206.0, 1.0860583322313597
207.0, 1.0135232499172435
208.0, 0.94187874264336
209.0, 0.873224975196887
210.0, 0.8064136186049317
211.0, 0.7438889781897462
212.0, 0.6848550636045219
213.0, 0.6617525775162054
214.0, 0.6012395201300795
215.0, 0.5478225381115391
216.0, 0.522314707152317
217.0, 0.5006354658236063
218.0, 0.48123399432605823
219.0, 0.46690771100810996
220.0, 0.4557928296209852
221.0, 0.45070697332216486
222.0, 0.4493958478200858
223.0, 0.4543693207636351
224.0, 0.4630096024928625
225.0, 0.4773398709218876
226.0, 0.4946366238639692
227.0, 0.5164779407275171
228.0, 0.5403484829024449
229.0, 0.5675019745238885
230.0, 0.5667313734101529
231.0, 0.5672206439247148
232.0, 0.5668269532336598
233.0, 0.5672131173183055
234.0, 0.5668368570952992
235.0, 0.5672121858484102
236.0, 0.5668377238907815
237.0, 0.5672122550340016
238.0, 0.5668382002955793
239.0, 0.5672122550340016
240.0, 0.5668382279163667
241.0, 0.5672122550340016
242.0, 0.5668382279163667
243.0, 0.5792482476242841
244.0, 0.5940454144719379
245.0, 0.611412192833294
246.0, 0.6312998918536585
247.0, 0.6533939404337096
248.0, 0.677357657878335
249.0, 0.7029151050763188
250.0, 0.7297506725813254
251.0, 0.7576183177041341
252.0, 0.7862481890929605
253.0, 0.8154305696608481
254.0, 0.8449756843445742
255.0, 0.8684935519005021
256.0, 0.8875485448752141
257.0, 0.9031129717627358
258.0, 0.9170112855167203
259.0, 0.9281584241776337
260.0, 0.9387946317698082
261.0, 0.9463366505637933
262.0, 0.9542635244297525
263.0, 0.9405785026342663
264.0, 0.9192289823058079
265.0, 0.8973189453725161
266.0, 0.8744959853794643
267.0, 0.8510768595052193
268.0, 0.8270663516543245
269.0, 0.8028152588127215
270.0, 0.7783458453331187
271.0, 0.7540736716323894
272.0, 0.730047778922155
273.0, 0.7067473429632497
274.0, 0.6839036434563733
275.0, 0.6580675474059048
276.0, 0.625138820836868
277.0, 0.5997329948035026
278.0, 0.582822912142199
279.0, 0.5683088863608494
280.0, 0.556753535680514
281.0, 0.549192832171495
282.0, 0.5458921043490195
ee_box_dist
0.0, 0.7354159062767814
1.0, 0.7792637818216074
2.0, 0.8088998639922218
3.0, 0.8460804568065627
4.0, 0.8829056158741061
5.0, 0.9199107914909226
6.0, 0.9577533688309341
7.0, 0.9928957830599137
8.0, 1.0263982728706642
9.0, 1.0584346322619695
10.0, 1.089283063123576
11.0, 1.1179104978154495
12.0, 1.1452493360129226
13.0, 1.1700442290521589
14.0, 1.1941351572544783
15.0, 1.2155691901186931
16.0, 1.2366627934004915
17.0, 1.2562025039842442
18.0, 1.2763522706227495
19.0, 1.2913122788732647
20.0, 1.3072469138864546
21.0, 1.278385119400821
22.0, 1.239781953167665
23.0, 1.207406295217351
24.0, 1.1697528474773087
25.0, 1.1292504701926407
26.0, 1.083434279595312
27.0, 1.0373268432531686
28.0, 0.989291537750212
29.0, 0.9396647496654265
30.0, 0.8836449092008533
31.0, 0.8230623664248695
32.0, 0.7483002702704913
33.0, 0.6800942643558286
34.0, 0.6121374508748509
35.0, 0.5528150578041015
36.0, 0.49836406582909676
37.0, 0.4378599649356427
38.0, 0.37058943765624375
39.0, 0.30516271083309876
40.0, 0.24023978194476028
41.0, 0.08031787383845428
42.0, 0.08297679191893459
43.0, 0.08324153844606809
44.0, 0.08283763681960718
45.0, 0.08340602705784539
46.0, 0.08268914827471194
47.0, 0.08243841630487883
48.0, 0.08282106554889523
49.0, 0.08302691274134084
50.0, 0.08301354222314064
51.0, 0.08304639647048805
52.0, 0.0830131824772379
53.0, 0.0830400309772779
54.0, 0.08277029300444982
55.0, 0.08202234887188697
56.0, 0.08238558070694597
57.0, 0.08187924946610875
58.0, 0.0822758434072779
59.0, 0.08284559455198907
60.0, 0.0828280471286644
61.0, 0.08184608746806281
62.0, 0.08278544738583975
63.0, 0.08280943008637331
64.0, 0.08230367721238838
65.0, 0.08174154486189328
66.0, 0.08215469438936863
67.0, 0.08161432359428954
68.0, 0.08204679513386526
69.0, 0.08150002290259592
70.0, 0.08194041955619095
71.0, 0.08138808435875511
72.0, 0.08183515932702466
73.0, 0.08258085091538479
74.0, 0.08256377265681075
75.0, 0.08256731079205704
76.0, 0.08259103828915847
77.0, 0.08259392835645307
78.0, 0.08261899170232691
79.0, 0.08262199208488122
80.0, 0.08264782987591969
81.0, 0.08265132223227042
82.0, 0.08267774313014616
83.0, 0.08268174456548491
84.0, 0.08270833969099863
85.0, 0.08308144477598296
86.0, 0.11904027492618587
87.0, 0.14022201433589276
88.0, 0.13654125654385343
89.0, 0.1329325646201791
90.0, 0.12859717717947225
91.0, 0.1242783593980251
92.0, 0.12290213985561835
93.0, 0.12398325561622554
94.0, 0.12287194303824316
95.0, 0.12398547562592326
96.0, 0.12286979623390236
97.0, 0.12398590080941561
98.0, 0.12286957851305266
99.0, 0.10023809251190188
100.0, 0.09460449356471673
101.0, 0.12281809948477469
102.0, 0.12193852755403384
103.0, 0.12397857718819894
104.0, 0.12286155462046659
105.0, 0.12398689097579278
106.0, 0.1228690818576818
107.0, 0.12398610335815123
108.0, 0.12286949112271683
109.0, 0.12398600506284822
110.0, 0.12286951134604399
111.0, 0.1239859480463332
112.0, 0.12286961095247952
113.0, 0.12398588806699294
114.0, 0.12286954492953846
115.0, 0.1239859688860428
116.0, 0.1228695617212931
117.0, 0.12398601994356388
118.0, 0.12286954492953846
119.0, 0.12398595400527804
120.0, 0.12286961095247952
121.0, 0.12398601994356388
122.0, 0.1228695617212931
123.0, 0.12398601994356388
124.0, 0.1228695617212931
125.0, 0.12398601994356388
126.0, 0.1228695617212931
127.0, 0.12398588806699294
128.0, 0.12286952813778874
129.0, 0.12398597102446329
130.0, 0.1228695617212931
131.0, 0.12398601994356388
132.0, 0.1228695617212931
133.0, 0.12398597102446329
134.0, 0.1228695617212931
135.0, 0.12398600292438534
136.0, 0.12286954492953846
137.0, 0.12398597102446329
138.0, 0.12286952813778874
139.0, 0.12398587318629012
140.0, 0.1228695617212931
141.0, 0.12398601994356388
142.0, 0.12286954492953846
143.0, 0.11992602030427214
144.0, 0.11944097988658199
145.0, 0.12002504273564413
146.0, 0.11938797694518297
147.0, 0.12002658540162328
148.0, 0.11938845653607906
149.0, 0.12002652712917218
150.0, 0.11938836906223414
151.0, 0.1200262281696682
152.0, 0.11938831589035524
153.0, 0.12002612745149756
154.0, 0.11938810903676068
155.0, 0.12002623529356672
156.0, 0.11938831102896967
157.0, 0.12002623529356672
158.0, 0.11938826151194376
159.0, 0.12002623529356672
160.0, 0.1193882080708292
161.0, 0.12002623529356672
162.0, 0.11938825758787727
163.0, 0.12002607353060424
164.0, 0.1193881546298097
165.0, 0.12002602424069575
166.0, 0.11938831102896967
167.0, 0.10357964050503793
168.0, 0.12050775959483843
169.0, 0.12007202193927007
170.0, 0.11936017588836466
171.0, 0.12002826573188355
172.0, 0.11938720944281306
173.0, 0.12002603627416131
174.0, 0.11938732520957719
175.0, 0.1200247166416964
176.0, 0.1193873573933746
177.0, 0.12002404543502862
178.0, 0.11938569395216296
179.0, 0.12002223903664389
180.0, 0.11938353834945756
181.0, 0.12002146995723595
182.0, 0.11938420358539738
183.0, 0.12002259701106853
184.0, 0.11938608566103524
185.0, 0.12002442449318358
186.0, 0.1193875088369803
187.0, 0.12002578434736569
188.0, 0.11938850536578753
189.0, 0.12002595519108912
190.0, 0.11938838603834491
191.0, 0.12002668599830386
192.0, 0.11938825895010796
193.0, 0.12002643113542476
194.0, 0.11938849102633518
195.0, 0.12002641561638461
196.0, 0.11938837796577312
197.0, 0.09160894706753248
198.0, 0.08076887861485661
199.0, 0.11922642252780712
200.0, 0.08631270818403897
201.0, 0.11935617405715572
202.0, 0.11963165440808973
203.0, 0.12001187652198822
204.0, 0.11938532930583921
205.0, 0.12002645933307952
206.0, 0.11938838244166093
207.0, 0.12002618184726087
208.0, 0.11938854054311712
209.0, 0.12002625222890574
210.0, 0.11938837201078273
211.0, 0.1200263015185726
212.0, 0.11938859813323942
213.0, 0.12002597556076917
214.0, 0.11938838358222573
215.0, 0.12002653022645379
216.0, 0.11938789968086654
217.0, 0.12002618711654701
218.0, 0.1193871139227893
219.0, 0.12002493123424972
220.0, 0.11938683950928268
221.0, 0.12002449532021275
222.0, 0.11938589774389152
223.0, 0.12002469843587772
224.0, 0.11938624375215676
225.0, 0.12002489855584667
226.0, 0.11938692571093414
227.0, 0.12002547269574824
228.0, 0.11938785383394607
229.0, 0.12002581789884838
230.0, 0.12289463173410564
231.0, 0.12397113412987826
232.0, 0.12288608760886235
233.0, 0.12398873374012839
234.0, 0.12287596161040995
235.0, 0.12399091152836209
236.0, 0.12287489339501997
237.0, 0.12399117264115306
238.0, 0.12287486854885607
239.0, 0.12399121091987816
240.0, 0.12287471168094796
241.0, 0.12399121091987816
242.0, 0.12287491778127017
243.0, 0.0840915434373966
244.0, 0.08322313345389634
245.0, 0.08324705962802194
246.0, 0.08306163220290402
247.0, 0.08310117112968493
248.0, 0.08289874452970336
249.0, 0.08293082940473417
250.0, 0.08271469887733099
251.0, 0.08273756854857765
252.0, 0.08250946333224207
253.0, 0.08252317110322444
254.0, 0.0822797629098383
255.0, 0.0727582487542192
256.0, 0.06414113346021297
257.0, 0.05584543210064481
258.0, 0.05164761761763037
259.0, 0.045012747668811956
260.0, 0.04345226682716173
261.0, 0.03770997413833525
262.0, 0.03782880120723071
263.0, 0.07869076140355546
264.0, 0.08000955111790924
265.0, 0.08024344447952848
266.0, 0.08062455094547782
267.0, 0.08081226832810075
268.0, 0.08115283903106268
269.0, 0.08130667355217397
270.0, 0.08159716222063729
271.0, 0.08170850420298578
272.0, 0.08194071925318958
273.0, 0.08200061153571711
274.0, 0.08209706489173009
275.0, 0.08164368983931669
276.0, 0.08191093092649918
277.0, 0.08210142031066649
278.0, 0.08225976549106886
279.0, 0.08214735478912412
280.0, 0.08212934431236509
281.0, 0.08195954932967935
282.0, 0.08188004965648163
spot_hold
0, 0
1, 0
2, 0
3, 0
4, 0
5, 0
6, 0
7, 0
8, 0
9, 0
10, 0
11, 0
12, 0
13, 0
14, 0
15, 0
16, 0
17, 0
18, 0
19, 0
20, 0
21, 0
22, 0
23, 0
24, 0
25, 0
26, 0
27, 0
28, 0
29, 0
30, 0
31, 0
32, 0
33, 0
34, 0
35, 0
36, 0
37, 0
38, 0
39, 0
40, 0
41, 1
42, 1
43, 1
44, 1
45, 1
46, 1
47, 1
48, 1
49, 1
50, 1
51, 1
52, 1
53, 1
54, 1
55, 1
56, 1
57, 1
58, 1
59, 1
60, 1
61, 1
62, 1
63, 1
64, 1
65, 1
66, 1
67, 1
68, 1
69, 1
70, 1
71, 1
72, 1
73, 1
74, 1
75, 1
76, 1
77, 1
78, 1
79, 1
80, 1
81, 1
82, 1
83, 1
84, 1
85, 1
86, 1
87, 1
88, 1
89, 1
90, 1
91, 1
92, 1
93, 1
94, 1
95, 1
96, 1
97, 1
98, 1
99, 1
100, 1
101, 1
102, 1
103, 1
104, 1
105, 1
106, 1
107, 1
108, 1
109, 1
110, 1
111, 1
112, 1
113, 1
114, 1
115, 1
116, 1
117, 1
118, 1
119, 1
120, 1
121, 1
122, 1
123, 1
124, 1
125, 1
126, 1
127, 1
128, 1
129, 1
130, 1
131, 1
132, 1
133, 1
134, 1
135, 1
136, 1
137, 1
138, 1
139, 1
140, 1
141, 1
142, 1
143, 1
144, 1
145, 1
146, 1
147, 1
148, 1
149, 1
150, 1
151, 1
152, 1
153, 1
154, 1
155, 1
156, 1
157, 1
158, 1
159, 1
160, 1
161, 1
162, 1
163, 1
164, 1
165, 1
166, 1
167, 1
168, 1
169, 1
170, 1
171, 1
172, 1
173, 1
174, 1
175, 1
176, 1
177, 1
178, 1
179, 1
180, 1
181, 1
182, 1
183, 1
184, 1
185, 1
186, 1
187, 1
188, 1
189, 1
190, 1
191, 1
192, 1
193, 1
194, 1
195, 1
196, 1
197, 1
198, 1
199, 1
200, 1
201, 1
202, 1
203, 1
204, 1
205, 1
206, 1
207, 1
208, 1
209, 1
210, 1
211, 1
212, 1
213, 1
214, 1
215, 1
216, 1
217, 1
218, 1
219, 1
220, 1
221, 1
222, 1
223, 1
224, 1
225, 1
226, 1
227, 1
228, 1
229, 1
230, 1
231, 1
232, 1
233, 1
234, 1
235, 1
236, 1
237, 1
238, 1
239, 1
240, 1
241, 1
242, 1
243, 1
244, 1
245, 1
246, 1
247, 1
248, 1
249, 1
250, 1
251, 1
252, 1
253, 1
254, 1
255, 1
256, 1
257, 1
258, 1
259, 1
260, 1
261, 1
262, 1
263, 1
264, 1
265, 1
266, 1
267, 1
268, 1
269, 1
270, 1
271, 1
272, 1
273, 1
274, 1
275, 1
276, 1
277, 1
278, 1
279, 1
280, 1
281, 1
282, 1
