bot_dist
0.0, 2.899410484285257
1.0, 2.902022711365148
2.0, 2.904667018322473
3.0, 2.907343317624697
4.0, 2.9100515210042204
5.0, 2.912791539471431
6.0, 2.9155632833277862
7.0, 2.918366662178902
8.0, 2.9212015849476627
9.0, 2.9240679598873243
10.0, 2.92696569459464
11.0, 2.929894696022969
12.0, 2.9328548704953925
13.0, 2.9358461237178193
14.0, 2.9388683607920787
15.0, 2.941921486229005
16.0, 2.945005403961495
17.0, 2.9481200173575566
18.0, 2.9512652292333215
19.0, 2.954440941866037
20.0, 2.9576470570070263
21.0, 2.9608834758946103
22.0, 2.9641500992669974
23.0, 2.967446827375131
24.0, 2.9707735599954916
25.0, 2.9741301964428564
26.0, 2.977516635583006
27.0, 2.9809327758453783
28.0, 2.9843785152356768
29.0, 2.987853751348408
30.0, 2.9913583813793663
31.0, 2.9948923021380565
32.0, 2.9984554100600485
33.0, 3.0020476012192634
34.0, 3.005668771340195
35.0, 3.009318815810049
36.0, 3.0129976296908185
37.0, 3.0167051077312754
38.0, 3.0204411443788834
39.0, 3.0242056337916328
40.0, 3.0279984698497886
ee_dist
0.0, 1.264597911947314
1.0, 1.315451846656154
2.0, 1.418486847490276
3.0, 1.508010519839587
4.0, 1.5389092063485679
5.0, 1.5646513817954986
6.0, 1.5974731777807096
7.0, 1.6310646541917817
8.0, 1.6650569953727798
9.0, 1.7006187863185764
10.0, 1.7328391622084633
11.0, 1.7645518998602556
12.0, 1.795172842867717
13.0, 1.823186867232279
14.0, 1.8506108025721262
15.0, 1.8751494308932388
16.0, 1.8993583663452784
17.0, 1.9205516490390648
18.0, 1.94184291338274
19.0, 1.9602088164304619
20.0, 1.9790910992331285
21.0, 1.951668295038424
22.0, 1.9128605154701708
23.0, 1.8710011607525336
24.0, 1.8256112670507465
25.0, 1.7769440064856894
26.0, 1.7251069153661882
27.0, 1.670404437592086
28.0, 1.6130020681910964
29.0, 1.5533092091518401
30.0, 1.491573925111234
31.0, 1.428340396299643
32.0, 1.363981530725785
33.0, 1.2992132580391431
34.0, 1.234602646176577
35.0, 1.1711174694320299
36.0, 1.1096285177279495
37.0, 1.0514504177011674
38.0, 0.9978388454004007
39.0, 0.9504135512712983
40.0, 0.910783088784703
ee_box_dist
0.0, 3.2826250006451243
1.0, 3.2900047405581856
2.0, 3.330412317334295
3.0, 3.412250127248406
4.0, 3.4268549008438374
5.0, 3.429920286545454
6.0, 3.430933584369847
7.0, 3.4454760559716666
8.0, 3.4555521797090702
9.0, 3.466661179927209
10.0, 3.477658051041897
11.0, 3.4888521249089037
12.0, 3.5002108904675064
13.0, 3.5114539352307683
14.0, 3.5226660483514496
15.0, 3.5334909862053827
16.0, 3.5442553720711714
17.0, 3.554344117099186
18.0, 3.564461908169183
19.0, 3.5737153266034434
20.0, 3.5831318852372274
21.0, 3.5801580032830915
22.0, 3.575130247454597
23.0, 3.5685550453506343
24.0, 3.5603570817003773
25.0, 3.550630371026688
26.0, 3.5393960617009523
27.0, 3.526779943906615
28.0, 3.5128266046441174
29.0, 3.4977026186313913
30.0, 3.4814781386094653
31.0, 3.4643588999043247
32.0, 3.4465065392822556
33.0, 3.428254411418225
34.0, 3.4098890046364874
35.0, 3.391528946697715
36.0, 3.373346777182104
37.0, 3.354921702528499
38.0, 3.3365292738504793
39.0, 3.3185429508145012
40.0, 3.30122127049505
spot_hold
0, 0
1, 0
2, 0
3, 0
4, 0
5, 0
6, 0
7, 0
8, 0
9, 0
10, 0
11, 0
12, 0
13, 0
14, 0
15, 0
16, 0
17, 0
18, 0
19, 0
20, 0
21, 0
22, 0
23, 0
24, 0
25, 0
26, 0
27, 0
28, 0
29, 0
30, 0
31, 0
32, 0
33, 0
34, 0
35, 0
36, 0
37, 0
38, 0
39, 0
40, 0
