bot_dist
0.0, 3.8991507398984573
1.0, 3.9061166807177083
2.0, 3.913095776227576
3.0, 3.9200879561685347
4.0, 3.92709315065019
5.0, 3.9341112901503172
6.0, 3.941142305513883
7.0, 3.948186127952038
8.0, 3.9552426890410985
9.0, 3.9623119207215054
10.0, 3.9693937552967657
11.0, 3.9764881254323776
12.0, 3.983594964154737
13.0, 3.9907142048500273
14.0, 3.9978457812630936
15.0, 4.004989627496305
16.0, 4.0121456780083875
17.0, 4.019313867613266
18.0, 4.026494131478869
19.0, 4.033686405125931
20.0, 4.040890624426783
21.0, 4.048106725604122
22.0, 4.055334645229775
23.0, 4.062574320223448
24.0, 4.069825687851465
25.0, 4.077088685725493
26.0, 4.084363251801256
27.0, 4.0916493243772445
28.0, 4.098946842093408
29.0, 4.106255743929841
30.0, 4.11357596920546
31.0, 4.120907457576668
32.0, 4.128250149036015
33.0, 4.13560398391085
34.0, 4.142968902861961
35.0, 4.150344846882209
36.0, 4.157731757295163
37.0, 4.165129575753707
38.0, 4.1725382442386705
39.0, 4.179957705057424
40.0, 4.187387900842487
41.0, 4.194828774550126
42.0, 4.20228026945894
43.0, 4.209742329168451
44.0, 4.217214897597687
45.0, 4.224697918983752
46.0, 4.232191337880408
47.0, 4.239695099156636
48.0, 4.247209147995206
49.0, 4.254733429891239
50.0, 4.2622678906507625
51.0, 4.269812476389269
52.0, 4.277367133530269
53.0, 4.284931808803844
54.0, 4.292506449245189
55.0, 4.300091002193166
56.0, 4.307685415288846
57.0, 4.315289636474056
58.0, 4.322903613989914
59.0, 4.33052729637538
60.0, 4.338160632465792
61.0, 4.345803571391403
62.0, 4.3534560625759235
63.0, 4.361118055735066
64.0, 4.368789500875071
65.0, 4.376470348291263
66.0, 4.384160548566574
67.0, 4.391860052570097
68.0, 4.399568811455618
69.0, 4.40728677666016
70.0, 4.41501389990253
71.0, 4.422750133181855
72.0, 4.430495428776134
73.0, 4.4382497392407805
74.0, 4.4460130174071715
75.0, 4.453785216381197
76.0, 4.461566289541817
77.0, 4.469356190539605
78.0, 4.477154873295314
79.0, 4.484962291998428
80.0, 4.492778401105728
81.0, 4.50060315533985
82.0, 4.508436509687857
83.0, 4.5162784193998
84.0, 4.524128839987299
85.0, 4.53198772722211
86.0, 4.539855037134705
87.0, 4.547730726012855
88.0, 4.555614750400213
89.0, 4.563507067094903
90.0, 4.571407633148107
91.0, 4.579316405862666
92.0, 4.587233342791674
93.0, 4.595158401737083
94.0, 4.603091540748313
95.0, 4.611032718120853
96.0, 4.618981892394884
97.0, 4.626939022353891
98.0, 4.634904067023295
99.0, 4.642876985669068
100.0, 4.65085773779638
101.0, 4.65085773779638
102.0, 4.65085773779638
103.0, 4.65085773779638
104.0, 4.65085773779638
105.0, 4.65085773779638
106.0, 4.65085773779638
107.0, 4.65085773779638
108.0, 4.65085773779638
109.0, 4.65085773779638
110.0, 4.65085773779638
111.0, 4.65085773779638
112.0, 4.65085773779638
113.0, 4.65085773779638
114.0, 4.65085773779638
115.0, 4.65085773779638
116.0, 4.65085773779638
117.0, 4.65085773779638
118.0, 4.65085773779638
119.0, 4.65085773779638
120.0, 4.65085773779638
121.0, 4.65085773779638
122.0, 4.65085773779638
123.0, 4.65085773779638
124.0, 4.65085773779638
125.0, 4.65085773779638
126.0, 4.65085773779638
127.0, 4.65085773779638
128.0, 4.65085773779638
129.0, 4.65085773779638
130.0, 4.65085773779638
131.0, 4.642876985669068
132.0, 4.634904067023295
133.0, 4.626939022353891
134.0, 4.618981892394884
135.0, 4.611032718120853
136.0, 4.603091540748313
137.0, 4.595158401737083
138.0, 4.587233342791674
139.0, 4.579316405862666
140.0, 4.571407633148107
141.0, 4.563507067094903
142.0, 4.555614750400213
143.0, 4.5512986345157795
144.0, 4.543429130339895
145.0, 4.535568019985546
146.0, 4.527715347173298
147.0, 4.519871155880457
148.0, 4.512035490342491
149.0, 4.504208395054429
150.0, 4.496389914772285
151.0, 4.407531208121877
152.0, 4.318714233842536
153.0, 4.2299415840368315
154.0, 4.1412161485319485
155.0, 4.052541028427403
156.0, 3.963919600476398
157.0, 3.8753555481687574
158.0, 3.7868528970811175
159.0, 3.6984160551875194
160.0, 3.610049858954008
161.0, 3.5217596261992057
162.0, 3.433551216895936
163.0, 3.3454311033252853
164.0, 3.2574064512849463
165.0, 3.1694852144121475
166.0, 3.0816762441258363
167.0, 3.073477501335251
168.0, 2.983983157783503
169.0, 2.894548469089282
170.0, 2.8051789920299384
171.0, 2.715881164225082
172.0, 2.6266622931976933
173.0, 2.537530707256178
174.0, 2.529193504332826
175.0, 2.438749403344955
176.0, 2.3483474031419096
177.0, 2.339991935491934
178.0, 2.331649414065021
179.0, 2.3233199783221323
180.0, 2.315003769511031
181.0, 2.2250936447080085
182.0, 2.21684491636968
183.0, 2.2086106579401337
184.0, 2.200391031866367
185.0, 2.1921862027409196
186.0, 2.1839963373311546
187.0, 2.1758216046088608
188.0, 2.167662175780162
189.0, 2.1595182243157436
190.0, 2.151389925981386
191.0, 2.143277458868798
192.0, 2.135181003426764
193.0, 2.1271007424925794
194.0, 2.1190368613237887
195.0, 2.0574487520944746
196.0, 1.9975591311571086
197.0, 1.9395253451736763
198.0, 1.9309941363973884
199.0, 1.8807111702528405
200.0, 1.8328944759155699
201.0, 1.787741960290999
202.0, 1.7454603908836452
203.0, 1.706263209038266
204.0, 1.6703675654498102
205.0, 1.6379905285779828
206.0, 1.6093444760308233
207.0, 1.5846317604307822
208.0, 1.5640388398682066
209.0, 1.5477301676590471
210.0, 1.5358422295153913
211.0, 1.528478177423219
212.0, 1.525703518567907
213.0, 1.527543261939664
214.0, 1.533980805107853
215.0, 1.5449587400340137
216.0, 1.560381199791841
217.0, 1.580118049769811
218.0, 1.6040100361410041
219.0, 1.5950091848156436
220.0, 1.629050422317486
221.0, 1.6665444403233902
222.0, 1.7072637696051325
223.0, 1.6989241998047002
224.0, 1.6906026422481084
225.0, 1.6822993642301183
226.0, 1.6740146377557052
227.0, 1.6657487396273787
228.0, 1.6575019515338638
229.0, 1.6492745601401435
230.0, 1.641066857178857
231.0, 1.641066857178857
232.0, 1.641066857178857
233.0, 1.641066857178857
234.0, 1.641066857178857
235.0, 1.641066857178857
236.0, 1.641066857178857
237.0, 1.641066857178857
238.0, 1.641066857178857
239.0, 1.641066857178857
240.0, 1.641066857178857
241.0, 1.641066857178857
242.0, 1.641066857178857
243.0, 1.641066857178857
244.0, 1.641066857178857
245.0, 1.641066857178857
246.0, 1.641066857178857
247.0, 1.641066857178857
248.0, 1.641066857178857
249.0, 1.641066857178857
250.0, 1.641066857178857
251.0, 1.641066857178857
252.0, 1.641066857178857
253.0, 1.641066857178857
254.0, 1.641066857178857
255.0, 1.641066857178857
256.0, 1.641066857178857
257.0, 1.641066857178857
258.0, 1.641066857178857
259.0, 1.641066857178857
260.0, 1.641066857178857
261.0, 1.6492745601401435
262.0, 1.6575019515338638
263.0, 1.6657487396273787
264.0, 1.6740146377557052
265.0, 1.6822993642301183
266.0, 1.6906026422481084
267.0, 1.6989241998047002
268.0, 1.7072637696051325
269.0, 1.7156210889788992
270.0, 1.7239958997951503
271.0, 1.7323879483794522
272.0, 1.7407969854318956
273.0, 1.7492227659465542
274.0, 1.7576650491322807
275.0, 1.766123598334834
276.0, 1.77459818096033
277.0, 1.7830885684000028
278.0, 1.79159453595627
279.0, 1.800115862770084
280.0, 1.808652331749564
281.0, 1.817203729499892
282.0, 1.8257698462544587
ee_dist
0.0, 1.1779962031338267
1.0, 1.2215686427773
2.0, 1.3204034673215748
3.0, 1.4078261786651374
4.0, 1.4379651717851458
5.0, 1.4636348195171889
6.0, 1.4968230739453954
7.0, 1.5301902298272245
8.0, 1.5651238474387512
9.0, 1.5991536758788105
10.0, 1.6329318454790502
11.0, 1.6646980076471274
12.0, 1.695415206712207
13.0, 1.7234891514685544
14.0, 1.7509501412506236
15.0, 1.775515369588781
16.0, 1.7997364347757483
17.0, 1.820939460129446
18.0, 1.8422303030249465
19.0, 1.8605985104762637
20.0, 1.8794719927200625
21.0, 1.852795130418795
22.0, 1.8149483384974041
23.0, 1.774073298731778
24.0, 1.729684495349664
25.0, 1.6820180754892438
26.0, 1.6311606168099955
27.0, 1.577394853405916
28.0, 1.520858393882469
29.0, 1.4619337918284643
30.0, 1.4008329690013732
31.0, 1.3380658526287983
32.0, 1.2739616595173533
33.0, 1.2091969475718882
34.0, 1.1442901482584118
35.0, 1.0801765268722754
36.0, 1.0176907111111746
37.0, 0.9581517990013859
38.0, 0.9028377367627454
39.0, 0.8534632523706939
40.0, 0.8117838637823322
41.0, 0.8256227303173891
42.0, 0.7907508553866486
43.0, 0.9024684073134863
44.0, 0.8588351454129477
45.0, 0.8137035773161249
46.0, 0.7667523806257035
47.0, 0.7178302894259672
48.0, 0.6672345535865035
49.0, 0.6149344795968494
50.0, 0.5616451563535703
51.0, 0.5080282490540639
52.0, 0.45467737974142186
53.0, 0.4019414663923047
54.0, 0.3507560296097595
55.0, 0.3024394095474463
56.0, 0.2601817193337169
57.0, 0.22738001574955677
58.0, 0.24463688211996423
59.0, 0.29318844276638745
60.0, 0.3592196715115584
61.0, 0.4401179816348548
62.0, 0.5287732089411774
63.0, 0.618558645009811
64.0, 0.7039395465773106
65.0, 0.7715369519191526
66.0, 0.8307942629701449
67.0, 0.8905273810125426
68.0, 0.9448502357953018
69.0, 0.9980475496934338
70.0, 1.0507592247022983
71.0, 1.1016494064747513
72.0, 1.155542605111791
73.0, 1.2155063327070268
74.0, 1.2799422471778505
75.0, 1.3555529884935298
76.0, 1.4404629244883487
77.0, 1.5348783234954382
78.0, 1.633895848223527
79.0, 1.7325035162328595
80.0, 1.8262060433708012
81.0, 1.9052789785727606
82.0, 1.9698660758622066
83.0, 2.0336524582324578
84.0, 2.0944933167691024
85.0, 2.1542890557886016
86.0, 2.203158426980857
87.0, 2.2317174114971072
88.0, 2.2620042552952593
89.0, 2.3013288649621773
90.0, 2.3515988714219374
91.0, 2.435101256449338
92.0, 2.526878031257243
93.0, 2.6285539747945315
94.0, 2.73430906924905
95.0, 2.842174952231799
96.0, 2.942670315369529
97.0, 3.0338245260911614
98.0, 3.1052616348169386
99.0, 3.174426772861834
100.0, 3.239530756013172
101.0, 3.304525552987479
102.0, 3.366614693875969
103.0, 3.429948420695146
104.0, 3.492337928833662
105.0, 3.562637418438233
106.0, 3.635706045696435
107.0, 3.717434104769681
108.0, 3.8075203908817103
109.0, 3.9081236295939643
110.0, 4.013445796359891
111.0, 4.122708334102115
112.0, 4.2248044051062505
113.0, 4.320668068761446
114.0, 4.394705547281384
115.0, 4.469255776480868
116.0, 4.5293240778782335
117.0, 4.594271265021484
118.0, 4.656483694468056
119.0, 4.720844383520632
120.0, 4.781963140800941
121.0, 4.824689077122403
122.0, 4.865360191063823
123.0, 4.907352618007262
124.0, 4.946743006764319
125.0, 4.986925614295633
126.0, 5.024006889874289
127.0, 5.061398409196859
128.0, 5.095244331188174
129.0, 5.12897170151744
130.0, 5.158769156664498
131.0, 5.188075677039891
132.0, 5.2131310518143446
133.0, 5.23738557842919
134.0, 5.257129695429469
135.0, 5.275824202824478
136.0, 5.289816438296295
137.0, 5.302573455143892
138.0, 5.310500329744382
139.0, 5.317071606138241
140.0, 5.318751049522316
141.0, 5.319017101259147
142.0, 5.314396930832656
143.0, 4.674804123378296
144.0, 4.6652141234434215
145.0, 4.656286251285423
146.0, 4.651800009485946
147.0, 4.647988296564605
148.0, 4.648762607069566
149.0, 4.65019586761569
150.0, 4.656206368531756
151.0, 4.573373983884889
152.0, 4.492548681443077
153.0, 4.40982901316096
154.0, 4.329120487631494
155.0, 4.246526686889603
156.0, 4.165948913742437
157.0, 4.083496234086822
158.0, 4.003065340658213
159.0, 3.920771569388245
160.0, 3.840506412627451
161.0, 3.7583924115280047
162.0, 3.6783150638646727
163.0, 3.5964054518784407
164.0, 3.5165424945105213
165.0, 3.434866409860859
166.0, 3.355248924015994
167.0, 3.36395051708762
168.0, 3.286760373036167
169.0, 3.207957182227933
170.0, 3.131305136025799
171.0, 3.0530925430788844
172.0, 2.977063251900307
173.0, 2.8995369558347104
174.0, 2.9141388659762164
175.0, 2.84047341396479
176.0, 2.769158039716099
177.0, 2.7850379344056537
178.0, 2.8046989077576323
179.0, 2.8247862584940466
180.0, 2.848071790742866
181.0, 2.795911106565458
182.0, 2.773540816324287
183.0, 2.751512369451427
184.0, 2.73291443696414
185.0, 2.7147962819947113
186.0, 2.700652496975369
187.0, 2.687112869172914
188.0, 2.6779635737379444
189.0, 2.6695208695897756
190.0, 2.6657271512162324
191.0, 2.6627091836197807
192.0, 2.6644268336116257
193.0, 2.666949663711419
194.0, 2.6741145394114945
195.0, 2.593729344530067
196.0, 2.5154607233250084
197.0, 2.4356088170260595
198.0, 2.446233434940674
199.0, 2.369676258048958
200.0, 2.2954158882291646
201.0, 2.219988297412698
202.0, 2.146943311151308
203.0, 2.072893146684212
204.0, 2.0013377105016117
205.0, 1.9289840431491516
206.0, 1.8592727291345794
207.0, 1.7890300064868525
208.0, 1.7216251211153923
209.0, 1.654035300025146
210.0, 1.5895428645495089
211.0, 1.5253174138170584
212.0, 1.4645325210964961
213.0, 1.4046026169365333
214.0, 1.3485621573021696
215.0, 1.29413264171374
216.0, 1.244162028628152
217.0, 1.1967476541180238
218.0, 1.1544756958869116
219.0, 1.1795362638368756
220.0, 1.148881497076454
221.0, 1.1229413570440114
222.0, 1.1032087657783096
223.0, 1.0751803255847456
224.0, 1.0485778272041124
225.0, 1.022431591328402
226.0, 0.9985973173105142
227.0, 0.9754373680757392
228.0, 0.9554848711402693
229.0, 0.9364546167016374
230.0, 0.9214727351745434
231.0, 0.9076568349458841
232.0, 0.898582222551861
233.0, 0.8908588352911886
234.0, 0.8883236989641825
235.0, 0.8872157596794038
236.0, 0.8914188830053423
237.0, 0.8969869365365503
238.0, 0.8979424473908456
239.0, 0.8970417298844536
240.0, 0.8979634247771632
241.0, 0.8969838757860866
242.0, 0.8979426325864955
243.0, 0.9048472360826194
244.0, 0.9171514183733697
245.0, 0.9306365701108232
246.0, 0.9465718017355453
247.0, 0.9636193926093632
248.0, 0.9828873339273053
249.0, 1.0029851546472306
250.0, 1.0250598850518928
251.0, 1.0476749554980354
252.0, 1.0719580494034577
253.0, 1.0964647177346223
254.0, 1.1222615436255332
255.0, 1.1479517645132398
256.0, 1.174522887216819
257.0, 1.2006871330733833
258.0, 1.2273471898175472
259.0, 1.2533581925277977
260.0, 1.2795566582977704
261.0, 1.3048868225093153
262.0, 1.3301579176251104
263.0, 1.301252090966271
264.0, 1.2652162078917435
265.0, 1.227216726279228
266.0, 1.1869542543169171
267.0, 1.1446184625097644
268.0, 1.100242691446746
269.0, 1.0540350076563718
270.0, 1.0060263947270844
271.0, 0.9565215895652279
272.0, 0.9055454113778896
273.0, 0.8534316969250756
274.0, 0.8003113151000035
275.0, 0.7465959444550632
276.0, 0.6912742009621398
277.0, 0.6341153623748037
278.0, 0.5783489431098205
279.0, 0.5293754676948194
280.0, 0.47905898448426326
281.0, 0.4299558358640277
282.0, 0.3877524887109436
ee_box_dist
0.0, 0.8865542859416965
1.0, 0.9230718677157547
2.0, 0.9542333294272464
3.0, 0.9872967105559426
4.0, 1.0220048609235868
5.0, 1.058042531840618
6.0, 1.095022781433424
7.0, 1.1286228147825494
8.0, 1.1613669472134216
9.0, 1.1923396285595176
10.0, 1.2221705235262539
11.0, 1.2497263340177116
12.0, 1.2760418600534071
13.0, 1.2997753993436871
14.0, 1.3228803157198459
15.0, 1.343298857789036
16.0, 1.3634502446201573
17.0, 1.3808494853970759
18.0, 1.3984429219076635
19.0, 1.4134065261436948
20.0, 1.4289739682249163
21.0, 1.4050212889131564
22.0, 1.3714219850167364
23.0, 1.335036476195143
24.0, 1.2954194122378533
25.0, 1.2527754236602278
26.0, 1.207138033956071
27.0, 1.1587386005176192
28.0, 1.1076332930669184
29.0, 1.0541236626076071
30.0, 0.9983029963562178
31.0, 0.940561986946701
32.0, 0.881045631195417
33.0, 0.8202389335378307
34.0, 0.7583802118772796
35.0, 0.6962545655279442
36.0, 0.6344537745790223
37.0, 0.5745052998052371
38.0, 0.517725143276472
39.0, 0.4662850519716891
40.0, 0.42283757363058483
41.0, 0.4342258136369244
42.0, 0.4458410886875607
43.0, 0.45771249387397767
44.0, 0.4696982728767926
45.0, 0.48186001054871314
46.0, 0.4940278177304378
47.0, 0.5063086450569675
48.0, 0.5184929219057869
49.0, 0.5307340344108433
50.0, 0.5427996369311442
51.0, 0.5548653692713438
52.0, 0.5667211327605308
53.0, 0.5785533016486258
54.0, 0.5901965684472499
55.0, 0.6018361160117711
56.0, 0.6133199785426532
57.0, 0.6247720367676397
58.0, 0.6360456745409793
59.0, 0.6472047254986186
60.0, 0.6581597331022039
61.0, 0.6689257176599386
62.0, 0.6794608478949641
63.0, 0.6897665859158957
64.0, 0.6998035760677134
65.0, 0.7095767869938834
66.0, 0.7190399833370821
67.0, 0.7282109929835433
68.0, 0.7370473894054898
69.0, 0.7455763141190465
70.0, 0.7537563638478022
71.0, 0.7616108522951355
72.0, 0.7691024425321215
73.0, 0.7762496526191704
74.0, 0.7830188280806322
75.0, 0.7894254048397489
76.0, 0.795438525710421
77.0, 0.8010702411308395
78.0, 0.8062929263220148
79.0, 0.8111158634750038
80.0, 0.8155121373127815
81.0, 0.8194895773723889
82.0, 0.8230225768964505
83.0, 0.8261179675223823
84.0, 0.8287503820735062
85.0, 0.8309286182474759
86.0, 0.8491245895408577
87.0, 0.8911988709761883
88.0, 0.928748325164218
89.0, 0.9615132428156821
90.0, 0.9863573169487446
91.0, 0.9849318722418722
92.0, 0.9858858071705525
93.0, 0.9849697276225674
94.0, 0.9858842400225453
95.0, 0.9849699687432714
96.0, 0.9858842017304534
97.0, 0.9849700401905012
98.0, 0.9858841851544903
99.0, 0.9849700236025838
100.0, 0.9858841851544903
101.0, 0.9849700401905012
102.0, 0.9858841851544903
103.0, 0.9849700236025838
104.0, 0.9858841851544903
105.0, 0.9849700401905012
106.0, 0.9858841851544903
107.0, 0.9849700236025838
108.0, 0.9858841851544903
109.0, 0.9849700401905012
110.0, 0.9858841851544903
111.0, 0.9849700236025838
112.0, 0.9858841851544903
113.0, 0.9849700401905012
114.0, 0.9858841851544903
115.0, 0.9785807435064438
116.0, 0.9858844613876273
117.0, 0.9851970027667817
118.0, 0.9858853006668176
119.0, 0.9849961652593214
120.0, 0.9858965870380202
121.0, 0.9849832497405081
122.0, 0.9858973603351792
123.0, 0.9849831948809604
124.0, 0.985897376910867
125.0, 0.9849832114686018
126.0, 0.9858973603351792
127.0, 0.9849831400214132
128.0, 0.9858973603351792
129.0, 0.9849831948809604
130.0, 0.9858973603351792
131.0, 0.9849831948809604
132.0, 0.9858973603351792
133.0, 0.9849832114686018
134.0, 0.9858973603351792
135.0, 0.9849831948809604
136.0, 0.985897376910867
137.0, 0.9849832114686018
138.0, 0.9858973603351792
139.0, 0.9849831400214132
140.0, 0.9858973603351792
141.0, 0.9849831948809604
142.0, 0.9858973603351792
143.0, 1.7042981570577997
144.0, 1.704719606140208
145.0, 1.705150627647179
146.0, 1.7018608038588168
147.0, 1.6985946159211904
148.0, 1.691644853353832
149.0, 1.6847270985300398
150.0, 1.674224080389092
151.0, 1.7509371126665667
152.0, 1.826511982641011
153.0, 1.9044702528394597
154.0, 1.9811162895629726
155.0, 2.060045899936597
156.0, 2.1375343498990973
157.0, 2.2172340629547898
158.0, 2.2953954028470966
159.0, 2.3757146891398087
160.0, 2.454421037232782
161.0, 2.535245410734145
162.0, 2.6143988537572667
163.0, 2.6956399022891557
164.0, 2.7751638898933635
165.0, 2.8567524833013964
166.0, 2.9365871307971037
167.0, 2.9300713062301202
168.0, 3.00873059318345
169.0, 3.089472481766997
170.0, 3.168505778932219
171.0, 3.2496024690163576
172.0, 3.3289568344556053
173.0, 3.4103588869716703
174.0, 3.4009249522851825
175.0, 3.4808776639918415
176.0, 3.5591501666135197
177.0, 3.5498908571242462
178.0, 3.5367626754553867
179.0, 3.5234467349105363
180.0, 3.506518887085525
181.0, 3.5763613822268807
182.0, 3.5912840391508927
183.0, 3.6060266428979433
184.0, 3.616990020387206
185.0, 3.627749643322283
186.0, 3.6345242721480533
187.0, 3.641074469770243
188.0, 3.6435219293963907
189.0, 3.6457240955416306
190.0, 3.6437968127175626
191.0, 3.641604247974209
192.0, 3.6353434748105475
193.0, 3.628799333131305
194.0, 3.6183367539699898
195.0, 3.6953275561783547
196.0, 3.770858075338084
197.0, 3.8484497052214546
198.0, 3.836630176911257
199.0, 3.9119499360579746
200.0, 3.985895553180345
201.0, 4.061907295057572
202.0, 4.136490163764544
203.0, 4.213120569042913
204.0, 4.288274022245176
205.0, 4.36545925066031
206.0, 4.4411251471204976
207.0, 4.518809521687265
208.0, 4.59493706675811
209.0, 4.673071795044447
210.0, 4.74961642733198
211.0, 4.828158432283961
212.0, 4.905081177580481
213.0, 4.983992901738086
214.0, 5.061258912376253
215.0, 5.140506991158476
216.0, 5.218086104008083
217.0, 5.297640914856795
218.0, 5.37550546321453
219.0, 5.367084835376268
220.0, 5.442871555488135
221.0, 5.520632640174077
222.0, 5.5967924099508295
223.0, 5.606543334287706
224.0, 5.612239606006633
225.0, 5.617577901123881
226.0, 5.618718414641165
227.0, 5.619518936577537
228.0, 5.616080302248952
229.0, 5.612323072903885
230.0, 5.604385288065745
231.0, 5.596154020175241
232.0, 5.583901267931255
233.0, 5.571385813978304
234.0, 5.555103611649395
235.0, 5.538593837816123
236.0, 5.5186675169112585
237.0, 5.498553616285405
238.0, 5.497848528601262
239.0, 5.498450464475442
240.0, 5.4978412688171
241.0, 5.49856026715003
242.0, 5.497853054078456
243.0, 5.495217108054549
244.0, 5.492696270577459
245.0, 5.489536153547287
246.0, 5.485018551370741
247.0, 5.4798211320401595
248.0, 5.473182527079298
249.0, 5.465812927573568
250.0, 5.4569570848002185
251.0, 5.44740614633375
252.0, 5.436403072325831
253.0, 5.42484641856882
254.0, 5.411956191558899
255.0, 5.398727537300733
256.0, 5.384341260166716
257.0, 5.369844881307975
258.0, 5.354385467650979
259.0, 5.339017530623057
260.0, 5.322862131137812
261.0, 5.3069976126691705
262.0, 5.2905126148485975
263.0, 5.319274692076999
264.0, 5.355478528219953
265.0, 5.392262337904978
266.0, 5.429721728702591
267.0, 5.46753215880581
268.0, 5.505413094716734
269.0, 5.5430630655757955
270.0, 5.580246491145866
271.0, 5.616573926497053
272.0, 5.651879840135353
273.0, 5.6858651625131085
274.0, 5.718293336811882
275.0, 5.7489074813286605
276.0, 5.780802105919346
277.0, 5.814253316169154
278.0, 5.84260367839078
279.0, 5.857437871881336
280.0, 5.877041714659849
281.0, 5.897775667369099
282.0, 5.9126350546163815
spot_hold
0, 0
1, 0
2, 0
3, 0
4, 0
5, 0
6, 0
7, 0
8, 0
9, 0
10, 0
11, 0
12, 0
13, 0
14, 0
15, 0
16, 0
17, 0
18, 0
19, 0
20, 0
21, 0
22, 0
23, 0
24, 0
25, 0
26, 0
27, 0
28, 0
29, 0
30, 0
31, 0
32, 0
33, 0
34, 0
35, 0
36, 0
37, 0
38, 0
39, 0
40, 0
41, 1
42, 1
43, 1
44, 1
45, 1
46, 1
47, 1
48, 1
49, 1
50, 1
51, 1
52, 1
53, 1
54, 1
55, 1
56, 1
57, 1
58, 1
59, 1
60, 1
61, 1
62, 1
63, 1
64, 1
65, 1
66, 1
67, 1
68, 1
69, 1
70, 1
71, 1
72, 1
73, 1
74, 1
75, 1
76, 1
77, 1
78, 1
79, 1
80, 1
81, 1
82, 1
83, 1
84, 1
85, 1
86, 1
87, 1
88, 1
89, 1
90, 1
91, 1
92, 1
93, 1
94, 1
95, 1
96, 1
97, 1
98, 1
99, 1
100, 1
101, 1
102, 1
103, 1
104, 1
105, 1
106, 1
107, 1
108, 1
109, 1
110, 1
111, 1
112, 1
113, 1
114, 1
115, 1
116, 1
117, 1
118, 1
119, 1
120, 1
121, 1
122, 1
123, 1
124, 1
125, 1
126, 1
127, 1
128, 1
129, 1
130, 1
131, 1
132, 1
133, 1
134, 1
135, 1
136, 1
137, 1
138, 1
139, 1
140, 1
141, 1
142, 1
143, 1
144, 1
145, 1
146, 1
147, 1
148, 1
149, 1
150, 1
151, 1
152, 1
153, 1
154, 1
155, 1
156, 1
157, 1
158, 1
159, 1
160, 1
161, 1
162, 1
163, 1
164, 1
165, 1
166, 1
167, 1
168, 1
169, 1
170, 1
171, 1
172, 1
173, 1
174, 1
175, 1
176, 1
177, 1
178, 1
179, 1
180, 1
181, 1
182, 1
183, 1
184, 1
185, 1
186, 1
187, 1
188, 1
189, 1
190, 1
191, 1
192, 1
193, 1
194, 1
195, 1
196, 1
197, 1
198, 1
199, 1
200, 1
201, 1
202, 1
203, 1
204, 1
205, 1
206, 1
207, 1
208, 1
209, 1
210, 1
211, 1
212, 1
213, 1
214, 1
215, 1
216, 1
217, 1
218, 1
219, 1
220, 1
221, 1
222, 1
223, 1
224, 1
225, 1
226, 1
227, 1
228, 1
229, 1
230, 1
231, 1
232, 1
233, 1
234, 1
235, 1
236, 1
237, 1
238, 1
239, 1
240, 1
241, 1
242, 1
243, 1
244, 1
245, 1
246, 1
247, 1
248, 1
249, 1
250, 1
251, 1
252, 1
253, 1
254, 1
255, 1
256, 1
257, 1
258, 1
259, 1
260, 1
261, 1
262, 1
263, 1
264, 1
265, 1
266, 1
267, 1
268, 1
269, 1
270, 1
271, 1
272, 1
273, 1
274, 1
275, 1
276, 1
277, 1
278, 1
279, 1
280, 1
281, 1
282, 1
