bot_dist
0.0, 3.621251955887415
1.0, 3.627601650937322
2.0, 3.633967769170011
3.0, 3.6403502244246067
4.0, 3.646748930923081
5.0, 3.6531638032707363
6.0, 3.659594756456638
7.0, 3.6660417058539934
8.0, 3.6725045672204852
9.0, 3.6789832566985576
10.0, 3.68547769081565
11.0, 3.6919877864843915
12.0, 3.698513461002746
13.0, 3.705054632054112
14.0, 3.7116112177073823
15.0, 3.7181831364169597
16.0, 3.7247703070227263
17.0, 3.731372648749977
18.0, 3.7379900812093108
19.0, 3.7446225243964837
20.0, 3.7512698986922186
21.0, 3.7579321248619824
22.0, 3.7646091240557222
23.0, 3.771300817807566
24.0, 3.77800712803549
25.0, 3.7847279770409474
26.0, 3.7914632875084626
27.0, 3.798212982505197
28.0, 3.8049769854804776
29.0, 3.811755220265293
30.0, 3.818547611071761
31.0, 3.8253540824925634
32.0, 3.8321745595003525
33.0, 3.839008967447126
34.0, 3.845857232063576
35.0, 3.852719279458406
36.0, 3.8595950361176263
37.0, 3.866484428903817
38.0, 3.8733873850553673
39.0, 3.8803038321856924
40.0, 3.8872336982824196
41.0, 3.8941769117065537
42.0, 3.9011334011916197
43.0, 3.9081030958427814
44.0, 3.915085925135934
45.0, 3.9220818189167845
46.0, 3.9290907073998964
47.0, 3.9361125211677286
48.0, 3.9431471911696447
49.0, 3.9501946487209056
50.0, 3.9572548255016415
51.0, 3.9643276535558094
52.0, 3.9714130652901263
53.0, 3.978510993472992
54.0, 3.9856213712333894
55.0, 3.9927441320597694
56.0, 3.999879209798923
57.0, 4.007026538654831
58.0, 4.014186053187508
59.0, 4.021357688311825
60.0, 4.0285413792963185
61.0, 4.035737061761986
62.0, 4.042944671681074
63.0, 4.050164145375843
64.0, 4.057395419517329
65.0, 4.064638431124091
66.0, 4.071893117560939
67.0, 4.079159416537665
68.0, 4.086437266107752
69.0, 4.093726604667077
70.0, 4.101027370952599
71.0, 4.1083395040410515
72.0, 4.1156629433476075
73.0, 4.122997628624547
74.0, 4.130343499959915
75.0, 4.137700497776165
76.0, 4.145068562828806
77.0, 4.1524476362050295
78.0, 4.159837659322337
79.0, 4.16723857392716
80.0, 4.1746503220934725
81.0, 4.182072846221395
82.0, 4.189506089035801
83.0, 4.196949993584901
84.0, 4.2044045032388455
85.0, 4.2118695616883
86.0, 4.2193451129430315
87.0, 4.226831101330478
88.0, 4.234327471494325
89.0, 4.241834168393074
90.0, 4.249351137298603
91.0, 4.256878323794729
92.0, 4.26441567377577
93.0, 4.271963133445092
94.0, 4.27952064931367
95.0, 4.2870881681986335
96.0, 4.294665637221816
97.0, 4.302253003808301
98.0, 4.309850215684966
99.0, 4.317457220879032
100.0, 4.325073967716595
101.0, 4.325073967716595
102.0, 4.325073967716595
103.0, 4.325073967716595
104.0, 4.325073967716595
105.0, 4.325073967716595
106.0, 4.325073967716595
107.0, 4.325073967716595
108.0, 4.325073967716595
109.0, 4.325073967716595
110.0, 4.325073967716595
111.0, 4.325073967716595
112.0, 4.325073967716595
113.0, 4.325073967716595
114.0, 4.325073967716595
115.0, 4.325073967716595
116.0, 4.325073967716595
117.0, 4.325073967716595
118.0, 4.325073967716595
119.0, 4.325073967716595
120.0, 4.325073967716595
121.0, 4.325073967716595
122.0, 4.325073967716595
123.0, 4.325073967716595
124.0, 4.325073967716595
125.0, 4.325073967716595
126.0, 4.325073967716595
127.0, 4.325073967716595
128.0, 4.325073967716595
129.0, 4.325073967716595
130.0, 4.325073967716595
131.0, 4.317457220879032
132.0, 4.309850215684966
133.0, 4.302253003808301
134.0, 4.294665637221816
135.0, 4.2870881681986335
136.0, 4.27952064931367
137.0, 4.271963133445092
138.0, 4.26441567377577
139.0, 4.256878323794729
140.0, 4.249351137298603
141.0, 4.241834168393074
142.0, 4.234327471494325
143.0, 4.2306696471597025
144.0, 4.223190462948602
145.0, 4.215721730486985
146.0, 4.20826350542345
147.0, 4.200815843723227
148.0, 4.193378801669583
149.0, 4.185952435865237
150.0, 4.178536803233749
151.0, 4.08905342820815
152.0, 3.9995872592083517
153.0, 3.9101394772848934
154.0, 3.8207113738335208
155.0, 3.7313043637552457
156.0, 3.641920000540387
157.0, 3.5525599936119727
158.0, 3.463226228332125
159.0, 3.373920789159381
160.0, 3.2846459865494206
161.0, 3.195404388322021
162.0, 3.1061988563804293
163.0, 3.017032589875289
164.0, 2.9279091761663567
165.0, 2.838832651268434
166.0, 2.749807571895791
167.0, 2.742137885141002
168.0, 2.6519778651799926
169.0, 2.5618384834007046
170.0, 2.4717219131828934
171.0, 2.3816307439718023
172.0, 2.291567971630418
173.0, 2.2015370812276847
174.0, 2.1938245675480794
175.0, 2.103184919163501
176.0, 2.012576787453396
177.0, 2.0049027604315013
178.0, 1.997249316383412
179.0, 1.9896166928382688
180.0, 1.9820051303328914
181.0, 1.8953715527591812
182.0, 1.8878919459515047
183.0, 1.8804357675248837
184.0, 1.8730032972751995
185.0, 1.8655948185603353
186.0, 1.8582106183350426
187.0, 1.8508509871855063
188.0, 1.7616999504541702
189.0, 1.7543434796587423
190.0, 1.6666895133065802
191.0, 1.579213094526461
192.0, 1.4919454537932317
193.0, 1.4049254966999059
194.0, 1.3182022760082752
195.0, 1.2318384653362842
196.0, 1.1459153301633767
197.0, 1.060539984223869
198.0, 0.9758562124536698
199.0, 0.892060990988853
200.0, 0.8094303249300349
201.0, 0.7283606697244184
202.0, 0.6494368749148756
203.0, 0.5735454810298224
204.0, 0.5020635001003316
205.0, 0.43715932160826176
206.0, 0.3821988511465335
207.0, 0.34200997964854635
208.0, 0.32216900154018946
209.0, 0.3264078429516373
210.0, 0.35386221801714485
211.0, 0.39977748029675275
212.0, 0.4586423150752253
213.0, 0.45872311371777524
214.0, 0.529909989624689
215.0, 0.6056992542048463
216.0, 0.6075739578924328
217.0, 0.6096069567289852
218.0, 0.6117966726733682
219.0, 0.6141414294074
220.0, 0.6166394583169772
221.0, 0.6192889046405369
222.0, 0.6220878337395992
223.0, 0.625034237447285
224.0, 0.6281260404523294
225.0, 0.6313611066781547
226.0, 0.6347372456189548
227.0, 0.6382522185974296
228.0, 0.6419037449117081
229.0, 0.645689507842074
230.0, 0.6496071604912732
231.0, 0.6496071604912732
232.0, 0.6496071604912732
233.0, 0.6496071604912732
234.0, 0.6496071604912732
235.0, 0.6496071604912732
236.0, 0.6496071604912732
237.0, 0.6496071604912732
238.0, 0.6496071604912732
239.0, 0.6496071604912732
240.0, 0.6496071604912732
241.0, 0.6496071604912732
242.0, 0.6496071604912732
243.0, 0.6496071604912732
244.0, 0.6496071604912732
245.0, 0.6496071604912732
246.0, 0.6496071604912732
247.0, 0.6496071604912732
248.0, 0.6496071604912732
249.0, 0.6496071604912732
250.0, 0.6496071604912732
251.0, 0.6496071604912732
252.0, 0.6496071604912732
253.0, 0.6496071604912732
254.0, 0.6496071604912732
255.0, 0.6496071604912732
256.0, 0.6496071604912732
257.0, 0.6496071604912732
258.0, 0.6496071604912732
259.0, 0.6496071604912732
260.0, 0.6496071604912732
261.0, 0.645689507842074
262.0, 0.6419037449117081
263.0, 0.6382522185974296
264.0, 0.6347372456189548
265.0, 0.6313611066781547
266.0, 0.6281260404523294
267.0, 0.625034237447285
268.0, 0.6220878337395992
269.0, 0.6192889046405369
270.0, 0.6166394583169772
271.0, 0.6141414294074
272.0, 0.6117966726733682
273.0, 0.6096069567289852
274.0, 0.6075739578924328
275.0, 0.6056992542048463
276.0, 0.6039843196624137
277.0, 0.6024305187076442
278.0, 0.6010391010252027
279.0, 0.5998111966865382
280.0, 0.598747811685705
281.0, 0.597849823906334
282.0, 0.5971179795566193
ee_dist
0.0, 0.9972431199483686
1.0, 1.0197233288111036
2.0, 1.1060760467114086
3.0, 1.1873253918696196
4.0, 1.2152775296857334
5.0, 1.2407111459271052
6.0, 1.2748807747178827
7.0, 1.3102527002386573
8.0, 1.3489082352048327
9.0, 1.3856642247960567
10.0, 1.4205706175810453
11.0, 1.4571571358641706
12.0, 1.4884114030224564
13.0, 1.5182937662317766
14.0, 1.5465480247182404
15.0, 1.5757160056784494
16.0, 1.5976931886722874
17.0, 1.6196453885403717
18.0, 1.6410896441476526
19.0, 1.6595114161203468
20.0, 1.6781703860478323
21.0, 1.6526570417920117
22.0, 1.6167805222577356
23.0, 1.5778632204140308
24.0, 1.5354276099448247
25.0, 1.4896786148704522
26.0, 1.440658198958004
27.0, 1.388608470711028
28.0, 1.3336045189143466
29.0, 1.275972791127886
30.0, 1.2158403335292478
31.0, 1.1536406558396688
32.0, 1.0895879138780489
33.0, 1.024257967136112
34.0, 0.9580247611300573
35.0, 0.8917124377448166
36.0, 0.8314596079795585
37.0, 0.7692247153151354
38.0, 0.7079748918733779
39.0, 0.6512962813142782
40.0, 0.6013626764531654
41.0, 0.6017373298211095
42.0, 0.7251965059691345
43.0, 1.0993564994734584
44.0, 1.057547863619032
45.0, 1.014469006060125
46.0, 0.968755960308678
47.0, 0.921251755021487
48.0, 0.871318794543159
49.0, 0.8195511495484444
50.0, 0.7661004635350469
51.0, 0.7117414397322833
52.0, 0.6566282009430754
53.0, 0.6009097389864057
54.0, 0.5448148082800631
55.0, 0.4885984280103561
56.0, 0.43347139943575225
57.0, 0.37991641577333757
58.0, 0.42439234277004834
59.0, 0.49544582222196826
60.0, 0.5761968519191842
61.0, 0.6660925401859087
62.0, 0.7596918966969478
63.0, 0.8517137625213331
64.0, 0.937886539655307
65.0, 1.0048043213205944
66.0, 1.0620444093241566
67.0, 1.1201714421232125
68.0, 1.1733847974360585
69.0, 1.2258771282755068
70.0, 1.2784748129158612
71.0, 1.3293068683600722
72.0, 1.3845242665392017
73.0, 1.4452502519520187
74.0, 1.5106140555491732
75.0, 1.5870365215640214
76.0, 1.6727052698054332
77.0, 1.7677213706438464
78.0, 1.8670862851775303
79.0, 1.9656354724271328
80.0, 2.0590039056044476
81.0, 2.1372992067522647
82.0, 2.2007979157710933
83.0, 2.263255381632841
84.0, 2.323121074097897
85.0, 2.384854301416752
86.0, 2.4426211558572084
87.0, 2.497261042743404
88.0, 2.5320612482442604
89.0, 2.571894165758648
90.0, 2.6145729215315248
91.0, 2.6730417074768935
92.0, 2.767294006549952
93.0, 2.8692347870767296
94.0, 2.975917936127707
95.0, 3.0839851568008196
96.0, 3.184856883840362
97.0, 3.275786188787962
98.0, 3.347151356619429
99.0, 3.4156524822537766
100.0, 3.480619249076062
101.0, 3.5452898934106054
102.0, 3.607501512961107
103.0, 3.6708006966690383
104.0, 3.7337486174201397
105.0, 3.8041629463723723
106.0, 3.877794941753511
107.0, 3.959757317266466
108.0, 4.050383829907981
109.0, 4.151214776935346
110.0, 4.257056871576112
111.0, 4.366400755479471
112.0, 4.46877610746821
113.0, 4.564448961597522
114.0, 4.638500608236402
115.0, 4.703418769951844
116.0, 4.77272963296215
117.0, 4.8373556845414525
118.0, 4.879600136586813
119.0, 4.92281330799057
120.0, 4.963721481024696
121.0, 5.005024433794258
122.0, 5.043518759028022
123.0, 5.081909514614367
124.0, 5.117036434841206
125.0, 5.151621465200607
126.0, 5.182545073956406
127.0, 5.21254807672109
128.0, 5.238558567498626
129.0, 5.26333491426011
130.0, 5.283851138570683
131.0, 5.302881919683771
132.0, 5.317451419422291
133.0, 5.3303523753321445
134.0, 5.3386589332174355
135.0, 5.345176863818541
136.0, 5.3470342064875265
137.0, 5.347049149892711
138.0, 5.342405283739786
139.0, 5.335931217658344
140.0, 5.324866418508713
141.0, 5.31205245498074
142.0, 5.294781837833344
143.0, 4.633642379345641
144.0, 4.622201723244756
145.0, 4.611913742367407
146.0, 4.605693285720046
147.0, 4.600758091828953
148.0, 4.60005012656422
149.0, 4.600638901481551
150.0, 4.605468945363704
151.0, 4.52236634114562
152.0, 4.440764773829125
153.0, 4.357734075496623
154.0, 4.2762095863149705
155.0, 4.1932627453590365
156.0, 4.111824451997685
157.0, 4.028971595961059
158.0, 3.947630645254313
159.0, 3.8648838636958964
160.0, 3.783653074478001
161.0, 3.7010266046063167
162.0, 3.619921231064678
163.0, 3.5374319519751416
164.0, 3.4564698093953754
165.0, 3.374138094635402
166.0, 3.29334068337327
167.0, 3.3012508491313732
168.0, 3.222504954279831
169.0, 3.142546143948454
170.0, 3.064208111652539
171.0, 2.984703132324155
172.0, 2.9068463739908053
173.0, 2.8278729346611673
174.0, 2.8413537787584655
175.0, 2.7658031970267016
176.0, 2.692065046927503
177.0, 2.7074806682421277
178.0, 2.7265122107905673
179.0, 2.74657263210423
180.0, 2.769711549218385
181.0, 2.714378656194356
182.0, 2.6918011326220137
183.0, 2.6701090096911733
184.0, 2.651710266453606
185.0, 2.634415879547691
186.0, 2.6209075571941103
187.0, 2.608674953726747
188.0, 2.5301646524649475
189.0, 2.520377581199488
190.0, 2.4399943018287074
191.0, 2.3583399924805173
192.0, 2.2782845263408023
193.0, 2.196999119629567
194.0, 2.117344070316099
195.0, 2.0365163521170886
196.0, 1.9573624604706952
197.0, 1.8771116909361782
198.0, 1.7985953771164231
199.0, 1.7190850691807098
200.0, 1.6413952338360869
201.0, 1.5628545603902482
202.0, 1.4862593590511755
203.0, 1.402968859116369
204.0, 1.3286820182096577
205.0, 1.2589935698170533
206.0, 1.1854239612656154
207.0, 1.1124883324686459
208.0, 1.0431743744118924
209.0, 0.9727812063323572
210.0, 0.9076198081383172
211.0, 0.8439013983570453
212.0, 0.785012845692067
213.0, 0.7633944027401621
214.0, 0.7026395334444117
215.0, 0.6458991600666608
216.0, 0.6243010801708565
217.0, 0.6043699755969691
218.0, 0.5885079206217108
219.0, 0.5749158325487317
220.0, 0.5509751502431389
221.0, 0.5614140572243442
222.0, 0.5577057452915084
223.0, 0.5622610131756369
224.0, 0.5700336370003746
225.0, 0.5804331661934147
226.0, 0.5955841947742295
227.0, 0.6129250276044101
228.0, 0.6340576452689093
229.0, 0.633704864567508
230.0, 0.6339727031383353
231.0, 0.6336228038546758
232.0, 0.6339840541525503
233.0, 0.633604873476613
234.0, 0.6339868840828966
235.0, 0.6336017854135305
236.0, 0.6339869886947849
237.0, 0.6336010770457853
238.0, 0.6334275501132554
239.0, 0.6337090224339286
240.0, 0.6339748362294593
241.0, 0.6336147636196768
242.0, 0.6339854065761298
243.0, 0.6437834610008718
244.0, 0.6558119313748724
245.0, 0.6688780669907007
246.0, 0.6838417503696121
247.0, 0.6999385810987481
248.0, 0.7176487022505516
249.0, 0.7361539516060522
250.0, 0.7560181499163452
251.0, 0.7763822207473269
252.0, 0.7978276073212418
253.0, 0.8194770230277001
254.0, 0.8418864372437183
255.0, 0.8642832087060247
256.0, 0.8871497131048248
257.0, 0.9097442538988687
258.0, 0.932518878463698
259.0, 0.954811601399997
260.0, 0.9770249784619952
261.0, 0.9986105256120161
262.0, 1.0199036285638958
263.0, 0.999129426316855
264.0, 0.9734397516067785
265.0, 0.9467387694679053
266.0, 0.9187662608019211
267.0, 0.8898396092010465
268.0, 0.8599153964286127
269.0, 0.8293642935264728
270.0, 0.7981556073275079
271.0, 0.7667352721251844
272.0, 0.7351088034359964
273.0, 0.7038074422987197
274.0, 0.672897928511226
275.0, 0.642943362908972
276.0, 0.6140659135261849
277.0, 0.5869502885952609
278.0, 0.5616793826056337
279.0, 0.539141419239841
280.0, 0.5195272968259781
281.0, 0.5042472783259477
282.0, 0.5004715133206681
ee_box_dist
0.0, 0.7272228255575754
1.0, 0.7637858915452633
2.0, 0.798887111965817
3.0, 0.8349033999523855
4.0, 0.8720540413382858
5.0, 0.9092445140169452
6.0, 0.947212923031704
7.0, 0.9821057623164676
8.0, 1.0183066762178192
9.0, 1.0517656764884462
10.0, 1.082539302435212
11.0, 1.1147024084720878
12.0, 1.1415094763609424
13.0, 1.1669489685446244
14.0, 1.1908054442293283
15.0, 1.215687182696337
16.0, 1.2337016892881218
17.0, 1.2519569751469977
18.0, 1.2698100589423376
19.0, 1.284978948699436
20.0, 1.3005196985274665
21.0, 1.2775796382165827
22.0, 1.245748540541942
23.0, 1.2111046208857477
24.0, 1.1732609319944955
25.0, 1.1324149432689297
26.0, 1.0885055493776474
27.0, 1.0417635126815323
28.0, 0.9921919501590327
29.0, 0.9400452915738801
30.0, 0.8853350015244347
31.0, 0.8283740667103383
32.0, 0.7691838115711087
33.0, 0.7081263821148686
34.0, 0.6452459984206598
35.0, 0.5810693861467585
36.0, 0.5192282922770792
37.0, 0.44692449569129905
38.0, 0.37787425608579356
39.0, 0.31172708336137733
40.0, 0.24892935437722338
41.0, 0.08032839849962399
42.0, 0.08297424897290681
43.0, 0.08310864463111586
44.0, 0.083044137552702
45.0, 0.08310084354861957
46.0, 0.08304390277059229
47.0, 0.08309101312143734
48.0, 0.08304308923666584
49.0, 0.08308205374851288
50.0, 0.08304165007399793
51.0, 0.08307354626849753
52.0, 0.08303954917242684
53.0, 0.08306474456076277
54.0, 0.08303644608133151
55.0, 0.0830563733627534
56.0, 0.0830324346820287
57.0, 0.08304859959428243
58.0, 0.08302855464965625
59.0, 0.08304163904787393
60.0, 0.08302480857570751
61.0, 0.0830347727582163
62.0, 0.08302102179644315
63.0, 0.08302867025481953
64.0, 0.08301764902444153
65.0, 0.08302248095469951
66.0, 0.08301469696059659
67.0, 0.08301692995177143
68.0, 0.08301221930003282
69.0, 0.08301178140449228
70.0, 0.08301037057193547
71.0, 0.08300827992050155
72.0, 0.08300895310864323
73.0, 0.08300547975359321
74.0, 0.08300828817900895
75.0, 0.08300341811869129
76.0, 0.08300856882806837
77.0, 0.08300284242428574
78.0, 0.08300950051551576
79.0, 0.08300326115573134
80.0, 0.08301189749094266
81.0, 0.08300501206623538
82.0, 0.08301478078059492
83.0, 0.0830081962463052
84.0, 0.08301921165242676
85.0, 0.08232785903134025
86.0, 0.09266499498338271
87.0, 0.12718553538958588
88.0, 0.135326678227209
89.0, 0.13289396691602412
90.0, 0.12691306099036082
91.0, 0.12185062933345579
92.0, 0.12053402454043571
93.0, 0.12082714694239019
94.0, 0.1206549455136997
95.0, 0.12075014061890711
96.0, 0.12067700774867335
97.0, 0.12073499942833929
98.0, 0.12068080496743591
99.0, 0.12073205804240537
100.0, 0.12068167116828664
101.0, 0.12073144333460777
102.0, 0.12068163777718069
103.0, 0.1207313217352743
104.0, 0.1206816860470664
105.0, 0.1207313866958439
106.0, 0.12068169439464906
107.0, 0.12073126509654171
108.0, 0.12068164830205103
109.0, 0.12073141389726708
110.0, 0.12068173213965003
111.0, 0.12073125677470654
112.0, 0.12068164830205103
113.0, 0.12073136781626477
114.0, 0.1206816671745565
115.0, 0.08935397111065321
116.0, 0.11921415749733022
117.0, 0.12068556666629501
118.0, 0.12068482492535126
119.0, 0.1207279590097565
120.0, 0.12068248170736089
121.0, 0.12073071535620178
122.0, 0.12068176589285527
123.0, 0.12073129229799226
124.0, 0.12068172379209942
125.0, 0.1207310868586024
126.0, 0.1206816399544946
127.0, 0.120731432776839
128.0, 0.1206816671745565
129.0, 0.12073133005711971
130.0, 0.12068164830205103
131.0, 0.1207313866958439
132.0, 0.12068171326714734
133.0, 0.1207313217352743
134.0, 0.12068164830205103
135.0, 0.12073136781626477
136.0, 0.12068169439464906
137.0, 0.1207313217352743
138.0, 0.12068164830205103
139.0, 0.12073134893669003
140.0, 0.12068169439464906
141.0, 0.12073133005711971
142.0, 0.12068164830205103
143.0, 0.11670272934004786
144.0, 0.11712262493667794
145.0, 0.11685880035509066
146.0, 0.11713104657438135
147.0, 0.11685763330045004
148.0, 0.11713064364447562
149.0, 0.11685682935344768
150.0, 0.11712943632390523
151.0, 0.11685655348140253
152.0, 0.11712964329713346
153.0, 0.11685632021135162
154.0, 0.11712958199146362
155.0, 0.11685628942258443
156.0, 0.11712958199146362
157.0, 0.11685622793909083
158.0, 0.11712958199146362
159.0, 0.11685622793909083
160.0, 0.11712958199146362
161.0, 0.11685622793909083
162.0, 0.1171298177917379
163.0, 0.11685622793909083
164.0, 0.11712964329713346
165.0, 0.11685644317833098
166.0, 0.11712964329713346
167.0, 0.11685543327887864
168.0, 0.11712871585353334
169.0, 0.11685568548302319
170.0, 0.11712894569969017
171.0, 0.11685584492958097
172.0, 0.11712894569969017
173.0, 0.1168555702306981
174.0, 0.11712785916064214
175.0, 0.11685491567169053
176.0, 0.11712805475013215
177.0, 0.11685422714081949
178.0, 0.11712617420949008
179.0, 0.11685262289324339
180.0, 0.11712438518793836
181.0, 0.11685232789017562
182.0, 0.11712485763815729
183.0, 0.11685332114276528
184.0, 0.11712709632754276
185.0, 0.1168549129709968
186.0, 0.1171285963518923
187.0, 0.11685618042550472
188.0, 0.11712995925351216
189.0, 0.11685659468192847
190.0, 0.11713050438079892
191.0, 0.11685723206245313
192.0, 0.11713043594233498
193.0, 0.11685702521805207
194.0, 0.11713022975558794
195.0, 0.11685707135410481
196.0, 0.11713043594233498
197.0, 0.116857102233675
198.0, 0.1171305126801544
199.0, 0.11685689538953055
200.0, 0.1171305126801544
201.0, 0.11685711749016973
202.0, 0.11713043594233498
203.0, 0.11458167653691428
204.0, 0.11783432603378108
205.0, 0.11696971190972033
206.0, 0.11713687488862656
207.0, 0.11685740573505134
208.0, 0.11768856603899683
209.0, 0.11692693831135778
210.0, 0.11715056899872862
211.0, 0.11685508494185895
212.0, 0.11713010860898475
213.0, 0.11685679135903207
214.0, 0.11713111411761538
215.0, 0.11685699997514197
216.0, 0.11713064491203186
217.0, 0.11682866519813963
218.0, 0.1171313476434211
219.0, 0.11685826451073114
220.0, 0.10718774645746021
221.0, 0.11663063772982858
222.0, 0.12177515634796995
223.0, 0.1175251181408349
224.0, 0.11714154560474725
225.0, 0.11685689786848516
226.0, 0.11713035872547373
227.0, 0.11685708861512768
228.0, 0.11712982396933799
229.0, 0.12078712495331703
230.0, 0.12064154243843862
231.0, 0.12075820138907524
232.0, 0.12067573986917765
233.0, 0.12073673823825393
234.0, 0.12068113117688133
235.0, 0.12073280591654399
236.0, 0.12068214920003854
237.0, 0.12073218811987266
238.0, 0.12031223500795227
239.0, 0.12078354250661531
240.0, 0.12065968721729153
241.0, 0.12074874551737073
242.0, 0.12067822176013228
243.0, 0.07670988846306988
244.0, 0.07520229667361897
245.0, 0.07365975697655319
246.0, 0.07315734876690148
247.0, 0.07173180588023975
248.0, 0.07160429992473483
249.0, 0.07032902297666488
250.0, 0.0705203175458803
251.0, 0.06938151922111083
252.0, 0.06970969391988813
253.0, 0.06859253740402402
254.0, 0.06901071767916071
255.0, 0.06785375092639893
256.0, 0.0682792488272845
257.0, 0.06703786574585303
258.0, 0.06743071264679927
259.0, 0.06608408692237998
260.0, 0.06643975943319201
261.0, 0.06499404127666152
262.0, 0.06533164228560573
263.0, 0.0799742983589324
264.0, 0.08064813663129783
265.0, 0.08083147431801278
266.0, 0.08114192855802578
267.0, 0.08129106495773634
268.0, 0.08156205206528497
269.0, 0.08167828317886636
270.0, 0.0819045019762377
271.0, 0.08198033463450545
272.0, 0.0821570633269121
273.0, 0.0821872120868237
274.0, 0.08231066309634501
275.0, 0.0822914827790588
276.0, 0.08236238680208417
277.0, 0.08229341255711056
278.0, 0.0823121740248006
279.0, 0.08219349986363257
280.0, 0.08216276583992127
281.0, 0.0819947537760472
282.0, 0.08322005390814237
spot_hold
0, 0
1, 0
2, 0
3, 0
4, 0
5, 0
6, 0
7, 0
8, 0
9, 0
10, 0
11, 0
12, 0
13, 0
14, 0
15, 0
16, 0
17, 0
18, 0
19, 0
20, 0
21, 0
22, 0
23, 0
24, 0
25, 0
26, 0
27, 0
28, 0
29, 0
30, 0
31, 0
32, 0
33, 0
34, 0
35, 0
36, 0
37, 0
38, 0
39, 0
40, 0
41, 1
42, 1
43, 1
44, 1
45, 1
46, 1
47, 1
48, 1
49, 1
50, 1
51, 1
52, 1
53, 1
54, 1
55, 1
56, 1
57, 1
58, 1
59, 1
60, 1
61, 1
62, 1
63, 1
64, 1
65, 1
66, 1
67, 1
68, 1
69, 1
70, 1
71, 1
72, 1
73, 1
74, 1
75, 1
76, 1
77, 1
78, 1
79, 1
80, 1
81, 1
82, 1
83, 1
84, 1
85, 1
86, 1
87, 1
88, 1
89, 1
90, 1
91, 1
92, 1
93, 1
94, 1
95, 1
96, 1
97, 1
98, 1
99, 1
100, 1
101, 1
102, 1
103, 1
104, 1
105, 1
106, 1
107, 1
108, 1
109, 1
110, 1
111, 1
112, 1
113, 1
114, 1
115, 1
116, 1
117, 1
118, 1
119, 1
120, 1
121, 1
122, 1
123, 1
124, 1
125, 1
126, 1
127, 1
128, 1
129, 1
130, 1
131, 1
132, 1
133, 1
134, 1
135, 1
136, 1
137, 1
138, 1
139, 1
140, 1
141, 1
142, 1
143, 1
144, 1
145, 1
146, 1
147, 1
148, 1
149, 1
150, 1
151, 1
152, 1
153, 1
154, 1
155, 1
156, 1
157, 1
158, 1
159, 1
160, 1
161, 1
162, 1
163, 1
164, 1
165, 1
166, 1
167, 1
168, 1
169, 1
170, 1
171, 1
172, 1
173, 1
174, 1
175, 1
176, 1
177, 1
178, 1
179, 1
180, 1
181, 1
182, 1
183, 1
184, 1
185, 1
186, 1
187, 1
188, 1
189, 1
190, 1
191, 1
192, 1
193, 1
194, 1
195, 1
196, 1
197, 1
198, 1
199, 1
200, 1
201, 1
202, 1
203, 1
204, 1
205, 1
206, 1
207, 1
208, 1
209, 1
210, 1
211, 1
212, 1
213, 1
214, 1
215, 1
216, 1
217, 1
218, 1
219, 1
220, 1
221, 1
222, 1
223, 1
224, 1
225, 1
226, 1
227, 1
228, 1
229, 1
230, 1
231, 1
232, 1
233, 1
234, 1
235, 1
236, 1
237, 1
238, 1
239, 1
240, 1
241, 1
242, 1
243, 1
244, 1
245, 1
246, 1
247, 1
248, 1
249, 1
250, 1
251, 1
252, 1
253, 1
254, 1
255, 1
256, 1
257, 1
258, 1
259, 1
260, 1
261, 1
262, 1
263, 1
264, 1
265, 1
266, 1
267, 1
268, 1
269, 1
270, 1
271, 1
272, 1
273, 1
274, 1
275, 1
276, 1
277, 1
278, 1
279, 1
280, 1
281, 1
282, 1
