bot_dist
0.0, 2.8894913491957914
1.0, 2.8919771223059088
2.0, 2.8944953107510107
3.0, 2.897045830002314
4.0, 2.899628594745088
5.0, 2.9022435188916065
6.0, 2.9048905155941207
7.0, 2.907569497257872
8.0, 2.9102803755541298
9.0, 2.9130230614332526
10.0, 2.9157974651377647
11.0, 2.918603496215449
12.0, 2.921441063532456
13.0, 2.924310075286414
14.0, 2.9272104390195457
15.0, 2.9301420616317806
16.0, 2.9331048493938745
17.0, 2.9360987079605074
18.0, 2.9391235423833812
19.0, 2.9421792571242995
20.0, 2.945265756068224
21.0, 2.948382942536322
22.0, 2.951530719298976
23.0, 2.9547089885887745
24.0, 2.9579176521134665
25.0, 2.9611566110688856
26.0, 2.964425766151831
27.0, 2.9677250175729144
28.0, 2.971054265069356
29.0, 2.9744134079177442
30.0, 2.9778023449467335
31.0, 2.9812209745497
32.0, 2.984669194697334
33.0, 2.9881469029501853
34.0, 2.9916539964711344
35.0, 2.995190372037814
36.0, 2.9987559260549537
37.0, 3.0023505545666658
38.0, 3.005974153268655
39.0, 3.0096266175203574
40.0, 3.0133078423570043
41.0, 3.01701772250161
42.0, 3.0207561523768773
43.0, 3.024523026117025
44.0, 3.0283182375795312
45.0, 3.032141680356788
46.0, 3.0359932477876748
47.0, 3.039872832969037
48.0, 3.043780328767078
49.0, 3.047715627828657
50.0, 3.0516786225924912
51.0, 3.0556692053002665
52.0, 3.059687268007647
53.0, 3.0637327025951877
54.0, 3.0678054007791475
55.0, 3.0719052541222
56.0, 3.076032154044042
57.0, 3.0801859918318986
58.0, 3.084366658650923
59.0, 3.0885740455544926
60.0, 3.0928080434943914
61.0, 3.0970685433308938
62.0, 3.101355435842732
63.0, 3.1056686117369576
64.0, 3.1100079616586895
65.0, 3.114373376200755
66.0, 3.118764745913215
67.0, 3.1231819613127785
68.0, 3.1276249128921005
69.0, 3.132093491128974
70.0, 3.1365875864953985
71.0, 3.141107089466539
72.0, 3.1456518905295687
73.0, 3.1502218801923987
74.0, 3.1548169489922846
75.0, 3.159436987504328
76.0, 3.164081886349852
77.0, 3.1687515362046654
78.0, 3.1734458278072113
79.0, 3.1781645391720645
80.0, 3.1829076728194767
81.0, 3.1876751197312974
82.0, 3.192466770983422
83.0, 3.1972825177533535
84.0, 3.20212225132765
85.0, 3.206985863109257
86.0, 3.2118732446247193
87.0, 3.216784287531284
88.0, 3.2217188836238813
89.0, 3.2266769248419953
90.0, 3.231658303276418
91.0, 3.236662911175887
92.0, 3.241690640953613
93.0, 3.2467413851936926
94.0, 3.251815036657405
95.0, 3.2569114882893992
96.0, 3.26203063322377
97.0, 3.267172364790019
98.0, 3.2723365765189043
99.0, 3.277523162148188
100.0, 3.2827320156282607
101.0, 3.2827320156282607
102.0, 3.2827320156282607
103.0, 3.2827320156282607
104.0, 3.2827320156282607
105.0, 3.2827320156282607
106.0, 3.2827320156282607
107.0, 3.2827320156282607
108.0, 3.2827320156282607
109.0, 3.2827320156282607
110.0, 3.2827320156282607
111.0, 3.2827320156282607
112.0, 3.2827320156282607
113.0, 3.2827320156282607
114.0, 3.2827320156282607
115.0, 3.2827320156282607
116.0, 3.2827320156282607
117.0, 3.2827320156282607
118.0, 3.2827320156282607
119.0, 3.2827320156282607
120.0, 3.2827320156282607
121.0, 3.2827320156282607
122.0, 3.2827320156282607
123.0, 3.2827320156282607
124.0, 3.2827320156282607
125.0, 3.2827320156282607
126.0, 3.2827320156282607
127.0, 3.2827320156282607
128.0, 3.2827320156282607
129.0, 3.2827320156282607
130.0, 3.2827320156282607
131.0, 3.277523162148188
132.0, 3.2723365765189043
133.0, 3.267172364790019
134.0, 3.26203063322377
135.0, 3.2569114882893992
136.0, 3.251815036657405
137.0, 3.2467413851936926
138.0, 3.241690640953613
139.0, 3.236662911175887
140.0, 3.231658303276418
141.0, 3.2266769248419953
142.0, 3.2217188836238813
143.0, 3.22182644733262
144.0, 3.2169231019345035
145.0, 3.2120434041909225
146.0, 3.2071874620407583
147.0, 3.202355383550521
148.0, 3.19754727690727
149.0, 3.1927632504114247
150.0, 3.1880034124694534
151.0, 3.101371267341509
152.0, 3.0149285092667677
153.0, 2.9286917468725076
154.0, 2.842679906860193
155.0, 2.7569140410959756
156.0, 2.671417840693503
157.0, 2.58621804989774
158.0, 2.5013449574411215
159.0, 2.4168329820393697
160.0, 2.3327213726650746
161.0, 2.2490550492065498
162.0, 2.165885615329778
163.0, 2.0832725830964507
164.0, 2.001284858466729
165.0, 1.9200025485485588
166.0, 1.8395191655961778
167.0, 1.83667243758688
168.0, 1.7603017751548289
169.0, 1.6853257605697596
170.0, 1.6119387538207952
171.0, 1.540367884662992
172.0, 1.4708782890964998
173.0, 1.4037790815410576
174.0, 1.4029800554773453
175.0, 1.3438505403013192
176.0, 1.2884384289691444
177.0, 1.2887591083089136
178.0, 1.2891572838134506
179.0, 1.289632883701691
180.0, 1.2901858223510223
181.0, 1.2660813462776472
182.0, 1.2674073681414249
183.0, 1.2688108241189877
184.0, 1.2702914575557904
185.0, 1.271848998911546
186.0, 1.273483165998188
187.0, 1.2751936642269723
188.0, 1.2769801868642423
189.0, 1.2788424152953466
190.0, 1.2807800192962155
191.0, 1.2827926573120738
192.0, 1.2848799767427723
193.0, 1.2870416142342174
194.0, 1.28927719597537
195.0, 1.2136816140444675
196.0, 1.1393767664033532
197.0, 1.0666324365556508
198.0, 1.0698993006175914
199.0, 0.9966362705311084
200.0, 0.9251890133530527
201.0, 0.8560123115558135
202.0, 0.7897030815793695
203.0, 0.727046318326192
204.0, 0.6690689451336701
205.0, 0.6170912980327846
206.0, 0.572749159133547
207.0, 0.5379340488233446
208.0, 0.5145833216240701
209.0, 0.5042920397138339
210.0, 0.5078547431684676
211.0, 0.5249894583832847
212.0, 0.5544392979247884
213.0, 0.594376523062598
214.0, 0.6428495000134381
215.0, 0.698082532651231
216.0, 0.75860039349171
217.0, 0.823238412312368
218.0, 0.8911004443356487
219.0, 0.8973662991895127
220.0, 0.9630859163508959
221.0, 1.0313179950547287
222.0, 1.1015957738080984
223.0, 1.1068456551330812
224.0, 1.1121606758276767
225.0, 1.1175399064835885
226.0, 1.122982424379206
227.0, 1.1284873138415108
228.0, 1.1340536665842742
229.0, 1.1396805820231484
230.0, 1.1453671675682808
231.0, 1.1453671675682808
232.0, 1.1453671675682808
233.0, 1.1453671675682808
234.0, 1.1453671675682808
235.0, 1.1453671675682808
236.0, 1.1453671675682808
237.0, 1.1453671675682808
238.0, 1.1453671675682808
239.0, 1.1453671675682808
240.0, 1.1453671675682808
241.0, 1.1453671675682808
242.0, 1.1453671675682808
243.0, 1.1453671675682808
244.0, 1.1453671675682808
245.0, 1.1453671675682808
246.0, 1.1453671675682808
247.0, 1.1453671675682808
248.0, 1.1453671675682808
249.0, 1.1453671675682808
250.0, 1.1453671675682808
251.0, 1.1453671675682808
252.0, 1.1453671675682808
253.0, 1.1453671675682808
254.0, 1.1453671675682808
255.0, 1.1453671675682808
256.0, 1.1453671675682808
257.0, 1.1453671675682808
258.0, 1.1453671675682808
259.0, 1.1453671675682808
260.0, 1.1453671675682808
261.0, 1.1396805820231484
262.0, 1.1340536665842742
263.0, 1.1284873138415108
264.0, 1.122982424379206
265.0, 1.1175399064835885
266.0, 1.1121606758276767
267.0, 1.1068456551330812
268.0, 1.1015957738080984
269.0, 1.0964119675615207
270.0, 1.0912951779916213
271.0, 1.0862463521498165
272.0, 1.0812664420785374
273.0, 1.0763564043229146
274.0, 1.071517199415906
275.0, 1.06674979133658
276.0, 1.0620551469413186
277.0, 1.0574342353677761
278.0, 1.0528880274115093
279.0, 1.048417494875273
280.0, 1.0440236098910622
281.0, 1.0397073442150753
282.0, 1.0354696684958682
ee_dist
0.0, 1.347364993251793
1.0, 1.4040675647046121
2.0, 1.5104456892193812
3.0, 1.6016537199135639
4.0, 1.6331679502106773
5.0, 1.6589650825867204
6.0, 1.6914796384574307
7.0, 1.724653921901573
8.0, 1.7581809861061093
9.0, 1.7942228085017367
10.0, 1.8339124157963616
11.0, 1.8743968914038642
12.0, 1.9124651409265774
13.0, 1.9472837264003477
14.0, 1.9869060751967984
15.0, 2.022368158633079
16.0, 2.0533794303511934
17.0, 2.0809724921570343
18.0, 2.105913914445608
19.0, 2.1274141285751074
20.0, 2.1471188346814047
21.0, 2.1148023729740917
22.0, 2.0723560152786975
23.0, 2.0263641068152736
24.0, 1.976486427658264
25.0, 1.9230272508075834
26.0, 1.8661474562863907
27.0, 1.806221106918031
28.0, 1.7434750739323142
29.0, 1.6784072195479567
30.0, 1.6113382572942736
31.0, 1.542921235393324
32.0, 1.4736196689931884
33.0, 1.4042779029595096
34.0, 1.3355778664450597
35.0, 1.2686318713746154
36.0, 1.2044433417840303
37.0, 1.1444670522322986
38.0, 1.090076071822292
39.0, 1.0429670863394191
40.0, 1.0047633478542632
41.0, 1.0180186209948807
42.0, 0.9218728438175166
43.0, 0.792618688483211
44.0, 0.7462766447089209
45.0, 0.6989631356749488
46.0, 0.6504577074340802
47.0, 0.600653462203555
48.0, 0.5501361894404307
49.0, 0.49912345846996664
50.0, 0.44873225589480553
51.0, 0.4002966636530516
52.0, 0.35542175100813783
53.0, 0.3157669006455876
54.0, 0.28427930551953007
55.0, 0.2643418548682605
56.0, 0.25975774173295774
57.0, 0.27102407155775177
58.0, 0.25199122827066
59.0, 0.2392474673574005
60.0, 0.253915908823791
61.0, 0.30046232205398
62.0, 0.37004550767595573
63.0, 0.4501394762303216
64.0, 0.5305678478154884
65.0, 0.5968852946974285
66.0, 0.6572421246565685
67.0, 0.717401412444044
68.0, 0.7716195389544294
69.0, 0.8241682823002214
70.0, 0.8756235487535649
71.0, 0.9252948299126684
72.0, 0.9762946515694975
73.0, 1.0341142751216255
74.0, 1.0963056147596155
75.0, 1.1698248006548158
76.0, 1.2527973615059997
77.0, 1.3454919717650986
78.0, 1.4431917542819226
79.0, 1.5409718505663303
80.0, 1.6342395528743718
81.0, 1.713361450620977
82.0, 1.7783800997533608
83.0, 1.8428060867506488
84.0, 1.9039657652497959
85.0, 1.9638666370427451
86.0, 2.0124850270003245
87.0, 2.0409653561705543
88.0, 2.0712497233301503
89.0, 2.110398633792565
90.0, 2.1600303829916294
91.0, 2.2493032486905418
92.0, 2.3457141391932823
93.0, 2.4373814257195523
94.0, 2.541151267449398
95.0, 2.6497980190350714
96.0, 2.747170732969133
97.0, 2.839386218981108
98.0, 2.9126057586858605
99.0, 2.978885346812207
100.0, 3.0450842959074564
101.0, 3.1098875053476944
102.0, 3.1722593460524644
103.0, 3.2360868813314987
104.0, 3.30143912034453
105.0, 3.378541396052855
106.0, 3.4416673991223585
107.0, 3.5247649031195687
108.0, 3.6112211847924147
109.0, 3.715270402374368
110.0, 3.8179653689830957
111.0, 3.927727817396427
112.0, 4.028692476098281
113.0, 4.122549014075462
114.0, 4.198629093525169
115.0, 4.269339920630723
116.0, 4.332632566342004
117.0, 4.397867303696655
118.0, 4.459923674634931
119.0, 4.524242993454497
120.0, 4.585343744516606
121.0, 4.6545744501624755
122.0, 4.727177341299989
123.0, 4.771900546232642
124.0, 4.814784135321266
125.0, 4.85905824671987
126.0, 4.9009105957897905
127.0, 4.9435846016457425
128.0, 4.983304229448064
129.0, 5.023329198330394
130.0, 5.071776224587641
131.0, 5.095023672945006
132.0, 5.129002745907579
133.0, 5.1607727052951295
134.0, 5.1887914408039855
135.0, 5.215690191207987
136.0, 5.238133221519393
137.0, 5.259388286812814
138.0, 5.275935738097571
139.0, 5.291099201230331
140.0, 5.301399453138346
141.0, 5.310172311965416
142.0, 5.313998440430874
143.0, 4.668240731163316
144.0, 4.65922650229726
145.0, 4.650950179488749
146.0, 4.647069922917586
147.0, 4.6439408043926145
148.0, 4.645329565365436
149.0, 4.64745248961546
150.0, 4.654065925774609
151.0, 4.571638915150728
152.0, 4.4911492220565545
153.0, 4.4088624223965915
154.0, 4.328518065376226
155.0, 4.246387754657738
156.0, 4.166205895534176
157.0, 4.084250932592154
158.0, 4.0042515030733705
159.0, 3.922493851115484
160.0, 3.8289793280078777
161.0, 3.762776736189408
162.0, 3.681507225859913
163.0, 3.600522395779493
164.0, 3.521016584219334
165.0, 3.4400490549160403
166.0, 3.361043643667385
167.0, 3.370644405103314
168.0, 3.294333321072825
169.0, 3.216548967322566
170.0, 3.1408673126040068
171.0, 3.063771365031905
172.0, 2.9888155720705205
173.0, 2.9125177801890834
174.0, 2.9279824465896644
175.0, 2.8558457266883313
176.0, 2.7860293901673785
177.0, 2.802842162883064
178.0, 2.823265191061344
179.0, 2.844146717739678
180.0, 2.8680469076298998
181.0, 2.8183105068820318
182.0, 2.7952323298045396
183.0, 2.7725226829654304
184.0, 2.753063122738841
185.0, 2.734118262166127
186.0, 2.7189816747354896
187.0, 2.704495533023273
188.0, 2.694254463677373
189.0, 2.684777055068288
190.0, 2.6798330008803233
191.0, 2.67573158915711
192.0, 2.676285502529353
193.0, 2.6777187748448488
194.0, 2.683752110414682
195.0, 2.602494090847049
196.0, 2.5232450909154127
197.0, 2.4423978487170315
198.0, 2.4518293532521103
199.0, 2.373883923190357
200.0, 2.2981072161373532
201.0, 2.221091650225348
202.0, 2.1463182104453007
203.0, 2.0704412188836727
204.0, 1.9969032095593138
205.0, 1.9224362270923023
206.0, 1.8504373754440018
207.0, 1.777737533454781
208.0, 1.7076797172668272
209.0, 1.637221813420741
210.0, 1.5696423278319056
211.0, 1.5020637263464616
212.0, 1.4376854809419348
213.0, 1.3738456027757528
214.0, 1.3136428476315583
215.0, 1.2546962623961955
216.0, 1.1999709442601652
217.0, 1.1474447627663438
218.0, 1.0998903605032335
219.0, 1.1237352139649357
220.0, 1.0875139857517404
221.0, 1.055881211496284
222.0, 1.0306573789964548
223.0, 1.0032595404537847
224.0, 0.9776043506089863
225.0, 0.9525307479961639
226.0, 0.930094770666501
227.0, 0.9084997241871811
228.0, 0.8904317912492318
229.0, 0.8734818884037061
230.0, 0.8608629659306556
231.0, 0.8496122581259709
232.0, 0.8433031575222173
233.0, 0.8385241907801363
234.0, 0.8390024258647543
235.0, 0.8410314197600204
236.0, 0.8482814853664306
237.0, 0.8545582101034462
238.0, 0.8704125289479552
239.0, 0.8696194717743668
240.0, 0.8704538289287588
241.0, 0.8673207355156205
242.0, 0.8704126918875745
243.0, 0.8770738546096984
244.0, 0.8893855269583876
245.0, 0.9027606683101762
246.0, 0.9212696668145939
247.0, 0.944400982639345
248.0, 0.9655819212706834
249.0, 0.9872612222724334
250.0, 1.0091113115379513
251.0, 1.0320780752204457
252.0, 1.0558692784125732
253.0, 1.079625692360833
254.0, 1.1042919433375564
255.0, 1.1286946019226607
256.0, 1.153756833051514
257.0, 1.1783360375558738
258.0, 1.2032881078168125
259.0, 1.2275796819432838
260.0, 1.2519715660323425
261.0, 1.275566504769946
262.0, 1.2990608630811327
263.0, 1.271548405932147
264.0, 1.2376825221507122
265.0, 1.2019835757091408
266.0, 1.1641935649021677
267.0, 1.1245145219158426
268.0, 1.0830004180301014
269.0, 1.0398800096420258
270.0, 0.9952234686026336
271.0, 0.9493156805474149
272.0, 0.90226565559179
273.0, 0.8544373767673809
274.0, 0.8060047338747701
275.0, 0.752455116366697
276.0, 0.6976011558354388
277.0, 0.6330875433283495
278.0, 0.585676699287497
279.0, 0.5394559047379399
280.0, 0.496428992666831
281.0, 0.4362146471740139
282.0, 0.39418120254521544
ee_box_dist
0.0, 0.8865542859416965
1.0, 0.9229591141676724
2.0, 0.9540668152813324
3.0, 0.9871000499821228
4.0, 1.0217973696519196
5.0, 1.0578409761029568
6.0, 1.094816288237438
7.0, 1.1292775942729312
8.0, 1.1613241720523573
9.0, 1.1950128384151242
10.0, 1.2313004722852565
11.0, 1.2680293306846324
12.0, 1.302162468499973
13.0, 1.3326574666108195
14.0, 1.3676393436894176
15.0, 1.3985005518328948
16.0, 1.4248746809280401
17.0, 1.4479283038492765
18.0, 1.4684566846521823
19.0, 1.4858745978602832
20.0, 1.5017116479808206
21.0, 1.4740121631465424
22.0, 1.4380004787242722
23.0, 1.3987930290237078
24.0, 1.3560583444167518
25.0, 1.3100296204309685
26.0, 1.2607604256494402
27.0, 1.2085084750963067
28.0, 1.1533713648186272
29.0, 1.0956852130007648
30.0, 1.0355693629829508
31.0, 0.9734594231485751
32.0, 0.9095144373616411
33.0, 0.8443084787083718
34.0, 0.7781122025261031
35.0, 0.711767502693865
36.0, 0.6459330687562487
37.0, 0.5822564435843127
38.0, 0.5222363486516848
39.0, 0.4682959048378827
40.0, 0.42341904150291176
41.0, 0.43479485759798236
42.0, 0.44640169166287974
43.0, 0.4582610206101165
44.0, 0.4702165743534077
45.0, 0.48236068706686186
46.0, 0.4945130383489029
47.0, 0.5067727492860064
48.0, 0.5189355814198443
49.0, 0.5311542952318455
50.0, 0.5431917241567835
51.0, 0.5552250433529184
52.0, 0.5670492969122067
53.0, 0.5788581127086401
54.0, 0.5904804548060492
55.0, 0.6020997947347423
56.0, 0.6135641667487401
57.0, 0.6249957936216104
58.0, 0.6362488767084118
59.0, 0.6473860733183202
60.0, 0.6583189369306041
61.0, 0.6690628931621807
62.0, 0.6795753699677805
63.0, 0.689858915826866
64.0, 0.6998761128176639
65.0, 0.7095741432768725
66.0, 0.7190090647865705
67.0, 0.7281733158466454
68.0, 0.7369796447632897
69.0, 0.7455400975583334
70.0, 0.7537180060417332
71.0, 0.7615406938701098
72.0, 0.7690184959569072
73.0, 0.7761535601331686
74.0, 0.7829100327955276
75.0, 0.7893039227959976
76.0, 0.795305364121625
77.0, 0.8009256362222805
78.0, 0.8061389329351071
79.0, 0.810953132241198
80.0, 0.8153418382482521
81.0, 0.8193123121116229
82.0, 0.8228395718345668
83.0, 0.8259302464714735
84.0, 0.8285594678102158
85.0, 0.8307371158405437
86.0, 0.8491825229380436
87.0, 0.8912881416693932
88.0, 0.9283614654273075
89.0, 0.9610309195357877
90.0, 0.985972856881275
91.0, 0.9769988074913591
92.0, 0.9718593333295087
93.0, 0.9809545446443483
94.0, 0.9836698212411001
95.0, 0.9817725639267004
96.0, 0.9856193026901815
97.0, 0.9836731682501565
98.0, 0.9829742360637449
99.0, 0.9854443268224566
100.0, 0.9854787664579807
101.0, 0.9848599892143981
102.0, 0.9855152712007957
103.0, 0.9838851854074387
104.0, 0.980302912754456
105.0, 0.972114312061241
106.0, 0.9836988892756517
107.0, 0.9813662737491411
108.0, 0.9856355038417332
109.0, 0.9806716858443054
110.0, 0.9841180529545451
111.0, 0.9821077804329646
112.0, 0.9841258984326596
113.0, 0.9853945055736679
114.0, 0.9843676243046646
115.0, 0.9806214256863345
116.0, 0.985365636171196
117.0, 0.9844969471229842
118.0, 0.9854040627293831
119.0, 0.9845217529765877
120.0, 0.9854056415325696
121.0, 0.9845281480988854
122.0, 0.9854074448267619
123.0, 0.9845318258931041
124.0, 0.9854102336320896
125.0, 0.984526466804579
126.0, 0.9853940750084503
127.0, 0.9845166437427524
128.0, 0.9853939097793301
129.0, 0.9845166437427524
130.0, 0.9720094056754015
131.0, 0.985943405067222
132.0, 0.9853266421538447
133.0, 0.9847097976372733
134.0, 0.9853833612323941
135.0, 0.9845295423425363
136.0, 0.985392934278063
137.0, 0.9845182792957922
138.0, 0.9853937451863976
139.0, 0.984516824908566
140.0, 0.985393728599873
141.0, 0.9845167534543627
142.0, 0.9853939097793301
143.0, 1.704142152907521
144.0, 1.7045991441360822
145.0, 1.704996599945995
146.0, 1.7017412573507662
147.0, 1.698439981093435
148.0, 1.691523283699913
149.0, 1.684569797344606
150.0, 1.6740970406351672
151.0, 1.750776720395143
152.0, 1.826384572524739
153.0, 1.9043089627861902
154.0, 1.9809886234493004
155.0, 2.0598839144486494
156.0, 2.1374065733736685
157.0, 2.2170715979523528
158.0, 2.295267611358774
159.0, 2.3755518967338816
160.0, 2.466530977042352
161.0, 2.533624387924569
162.0, 2.6144052059677767
163.0, 2.6953205676022014
164.0, 2.775086229633316
165.0, 2.856614559452489
166.0, 2.9364983815369743
167.0, 2.9299428602328383
168.0, 3.0086394017118177
169.0, 3.089345031987268
170.0, 3.1684147883377722
171.0, 3.2494751580707053
172.0, 3.3288660276167055
173.0, 3.4102315692695915
174.0, 3.400831803721917
175.0, 3.48074869392219
176.0, 3.5590576101032885
177.0, 3.5497599680705187
178.0, 3.5366623085881437
179.0, 3.52330872258627
180.0, 3.506406052711322
181.0, 3.576218657537511
182.0, 3.591179915042441
183.0, 3.6058934747092097
184.0, 3.6168949523940865
185.0, 3.6276217395657473
186.0, 3.6344342427114777
187.0, 3.6409479461903147
188.0, 3.6434322457188792
189.0, 3.6455959060761107
190.0, 3.6437031566558793
191.0, 3.6414705489632326
192.0, 3.635240809950559
193.0, 3.6286561781535167
194.0, 3.618221092404229
195.0, 3.695178959423189
196.0, 3.7707437564998676
197.0, 3.84830209304146
198.0, 3.836508831847665
199.0, 3.9117967432268377
200.0, 3.9857760220072724
201.0, 4.06175551696656
202.0, 4.136372379586216
203.0, 4.2129701498027625
204.0, 4.288157869275802
205.0, 4.36531013455889
206.0, 4.44101056577136
207.0, 4.518661653948947
208.0, 4.59482396430879
209.0, 4.672925343567104
210.0, 4.749504728380894
211.0, 4.828013570135562
212.0, 4.904970800226157
213.0, 4.983849136665621
214.0, 5.061149812193135
215.0, 5.140364724090196
216.0, 5.2179781971968024
217.0, 5.297499653461368
218.0, 5.375398712049553
219.0, 5.366937100914282
220.0, 5.44275811480158
221.0, 5.520486715556772
222.0, 5.596679900151762
223.0, 5.606404245179338
224.0, 5.612140193267416
225.0, 5.61744619930798
226.0, 5.618627308841235
227.0, 5.619391617846939
228.0, 5.615990660523411
229.0, 5.612195777421349
230.0, 5.604292172347304
231.0, 5.596022844830232
232.0, 5.583801488275514
233.0, 5.571245978283068
234.0, 5.5549912632770875
235.0, 5.538442673728088
236.0, 5.5185373559635265
237.0, 5.499990348353231
238.0, 5.4753470946181375
239.0, 5.475931216370231
240.0, 5.4753182112665035
241.0, 5.4774159771122735
242.0, 5.475355732242823
243.0, 5.4730018591152625
244.0, 5.470753642047084
245.0, 5.46794524328552
246.0, 5.462425996855436
247.0, 5.4533863669295535
248.0, 5.445968075381534
249.0, 5.438068723656545
250.0, 5.429875047232907
251.0, 5.420602471219285
252.0, 5.41047252933867
253.0, 5.399942688831905
254.0, 5.388371546354419
255.0, 5.376543269274231
256.0, 5.3637643633083
257.0, 5.3509042160769535
258.0, 5.337226462230261
259.0, 5.3236391367353555
260.0, 5.309395186685105
261.0, 5.295379025303938
262.0, 5.280841671635562
263.0, 5.307785500062071
264.0, 5.3414578456034745
265.0, 5.375741351827435
266.0, 5.410634445153161
267.0, 5.445904853433191
268.0, 5.481246695558085
269.0, 5.516382216615747
270.0, 5.551037238859357
271.0, 5.58494805391757
272.0, 5.617853038981663
273.0, 5.649492491601574
274.0, 5.679671412156757
275.0, 5.716245598718616
276.0, 5.751211979325795
277.0, 5.795322637701641
278.0, 5.816278638524924
279.0, 5.8355255761325155
280.0, 5.851913482111525
281.0, 5.887605653227881
282.0, 5.905577985091873
spot_hold
0, 0
1, 0
2, 0
3, 0
4, 0
5, 0
6, 0
7, 0
8, 0
9, 0
10, 0
11, 0
12, 0
13, 0
14, 0
15, 0
16, 0
17, 0
18, 0
19, 0
20, 0
21, 0
22, 0
23, 0
24, 0
25, 0
26, 0
27, 0
28, 0
29, 0
30, 0
31, 0
32, 0
33, 0
34, 0
35, 0
36, 0
37, 0
38, 0
39, 0
40, 0
41, 1
42, 1
43, 1
44, 1
45, 1
46, 1
47, 1
48, 1
49, 1
50, 1
51, 1
52, 1
53, 1
54, 1
55, 1
56, 1
57, 1
58, 1
59, 1
60, 1
61, 1
62, 1
63, 1
64, 1
65, 1
66, 1
67, 1
68, 1
69, 1
70, 1
71, 1
72, 1
73, 1
74, 1
75, 1
76, 1
77, 1
78, 1
79, 1
80, 1
81, 1
82, 1
83, 1
84, 1
85, 1
86, 1
87, 1
88, 1
89, 1
90, 1
91, 1
92, 1
93, 1
94, 1
95, 1
96, 1
97, 1
98, 1
99, 1
100, 1
101, 1
102, 1
103, 1
104, 1
105, 1
106, 1
107, 1
108, 1
109, 1
110, 1
111, 1
112, 1
113, 1
114, 1
115, 1
116, 1
117, 1
118, 1
119, 1
120, 1
121, 1
122, 1
123, 1
124, 1
125, 1
126, 1
127, 1
128, 1
129, 1
130, 1
131, 1
132, 1
133, 1
134, 1
135, 1
136, 1
137, 1
138, 1
139, 1
140, 1
141, 1
142, 1
143, 1
144, 1
145, 1
146, 1
147, 1
148, 1
149, 1
150, 1
151, 1
152, 1
153, 1
154, 1
155, 1
156, 1
157, 1
158, 1
159, 1
160, 1
161, 1
162, 1
163, 1
164, 1
165, 1
166, 1
167, 1
168, 1
169, 1
170, 1
171, 1
172, 1
173, 1
174, 1
175, 1
176, 1
177, 1
178, 1
179, 1
180, 1
181, 1
182, 1
183, 1
184, 1
185, 1
186, 1
187, 1
188, 1
189, 1
190, 1
191, 1
192, 1
193, 1
194, 1
195, 1
196, 1
197, 1
198, 1
199, 1
200, 1
201, 1
202, 1
203, 1
204, 1
205, 1
206, 1
207, 1
208, 1
209, 1
210, 1
211, 1
212, 1
213, 1
214, 1
215, 1
216, 1
217, 1
218, 1
219, 1
220, 1
221, 1
222, 1
223, 1
224, 1
225, 1
226, 1
227, 1
228, 1
229, 1
230, 1
231, 1
232, 1
233, 1
234, 1
235, 1
236, 1
237, 1
238, 1
239, 1
240, 1
241, 1
242, 1
243, 1
244, 1
245, 1
246, 1
247, 1
248, 1
249, 1
250, 1
251, 1
252, 1
253, 1
254, 1
255, 1
256, 1
257, 1
258, 1
259, 1
260, 1
261, 1
262, 1
263, 1
264, 1
265, 1
266, 1
267, 1
268, 1
269, 1
270, 1
271, 1
272, 1
273, 1
274, 1
275, 1
276, 1
277, 1
278, 1
279, 1
280, 1
281, 1
282, 1
