bot_dist
0.0, 4.084098207731665
1.0, 4.091383862474013
2.0, 4.098680964584468
3.0, 4.105989453030767
4.0, 4.113309267119512
5.0, 4.120640346494845
6.0, 4.127982631137099
7.0, 4.135336061361461
8.0, 4.142700577816602
9.0, 4.150076121483319
10.0, 4.157462633673161
11.0, 4.164860056027051
12.0, 4.172268330513901
13.0, 4.179687399429218
14.0, 4.1871172053937125
15.0, 4.194557691351885
16.0, 4.202008800570624
17.0, 4.2094704766377955
18.0, 4.216942663460818
19.0, 4.2244253052652425
20.0, 4.231918346593325
21.0, 4.239421732302599
22.0, 4.246935407564433
23.0, 4.254459317862603
24.0, 4.26199340899184
25.0, 4.269537627056399
26.0, 4.277091918468601
27.0, 4.28465622994739
28.0, 4.29223050851688
29.0, 4.2998147015049035
30.0, 4.3074087565415535
31.0, 4.315012621557733
32.0, 4.322626244783691
33.0, 4.330249574747568
34.0, 4.337882560273937
35.0, 4.345525150482342
36.0, 4.3531772947858345
37.0, 4.360838942889519
38.0, 4.368510044789089
39.0, 4.376190550769368
40.0, 4.383880411402843
41.0, 4.391579577548214
42.0, 4.399288000348927
43.0, 4.407005631231723
44.0, 4.414732421905171
45.0, 4.422468324358221
46.0, 4.430213290858743
47.0, 4.437967273952077
48.0, 4.445730226459577
49.0, 4.453502101477168
50.0, 4.461282852373891
51.0, 4.4690724327904565
52.0, 4.476870796637807
53.0, 4.4846778980956685
54.0, 4.4924936916111164
55.0, 4.5003181318971315
56.0, 4.508151173931175
57.0, 4.5159927729537515
58.0, 4.523842884466979
59.0, 4.53170146423317
60.0, 4.539568468273401
61.0, 4.547443852866103
62.0, 4.555327574545637
63.0, 4.563219590100886
64.0, 4.571119856573845
65.0, 4.5790283312582165
66.0, 4.58694497169801
67.0, 4.594869735686143
68.0, 4.602802581263044
69.0, 4.610743466715275
70.0, 4.618692350574127
71.0, 4.626649191614257
72.0, 4.634613948852299
73.0, 4.642586581545492
74.0, 4.650567049190319
75.0, 4.658555311521135
76.0, 4.66655132850881
77.0, 4.674555060359372
78.0, 4.682566467512665
79.0, 4.690585510640989
80.0, 4.69861215064777
81.0, 4.70664634866622
82.0, 4.714688066058008
83.0, 4.722737264411928
84.0, 4.730793905542584
85.0, 4.738857951489071
86.0, 4.746929364513659
87.0, 4.755008107100496
88.0, 4.763094141954299
89.0, 4.771187431999063
90.0, 4.779287940376767
91.0, 4.787395630446089
92.0, 4.795510465781129
93.0, 4.803632410170132
94.0, 4.811761427614218
95.0, 4.819897482326118
96.0, 4.828040538728918
97.0, 4.836190561454801
98.0, 4.8443475153438085
99.0, 4.852511365442588
100.0, 4.860682077003162
101.0, 4.860682077003162
102.0, 4.860682077003162
103.0, 4.860682077003162
104.0, 4.860682077003162
105.0, 4.860682077003162
106.0, 4.860682077003162
107.0, 4.860682077003162
108.0, 4.860682077003162
109.0, 4.860682077003162
110.0, 4.860682077003162
111.0, 4.860682077003162
112.0, 4.860682077003162
113.0, 4.860682077003162
114.0, 4.860682077003162
115.0, 4.860682077003162
116.0, 4.860682077003162
117.0, 4.860682077003162
118.0, 4.860682077003162
119.0, 4.860682077003162
120.0, 4.860682077003162
121.0, 4.860682077003162
122.0, 4.860682077003162
123.0, 4.860682077003162
124.0, 4.860682077003162
125.0, 4.860682077003162
126.0, 4.860682077003162
127.0, 4.860682077003162
128.0, 4.860682077003162
129.0, 4.860682077003162
130.0, 4.860682077003162
131.0, 4.852511365442588
132.0, 4.8443475153438085
133.0, 4.836190561454801
134.0, 4.828040538728918
135.0, 4.819897482326118
136.0, 4.811761427614218
137.0, 4.803632410170132
138.0, 4.795510465781129
139.0, 4.787395630446089
140.0, 4.779287940376767
141.0, 4.771187431999063
142.0, 4.763094141954299
143.0, 4.758420599612357
144.0, 4.7503476605303145
145.0, 4.742282065484399
146.0, 4.7342238520102375
147.0, 4.726173057864984
148.0, 4.718129721028618
149.0, 4.710093879705249
150.0, 4.702065572324426
151.0, 4.613702585153361
152.0, 4.525398837692257
153.0, 4.437157831750649
154.0, 4.3489834238904255
155.0, 4.260879748644537
156.0, 4.172851286263681
157.0, 4.084902899196463
158.0, 3.99703987322903
159.0, 3.9092679639837553
160.0, 3.82159344959724
161.0, 3.73402319054224
162.0, 3.6465646977309807
163.0, 3.559226210245186
164.0, 3.4720167842887304
165.0, 3.384946395261952
166.0, 3.2980260552243954
167.0, 3.2895772721974645
168.0, 3.200702408885756
169.0, 3.11191854166942
170.0, 3.023233549227097
171.0, 2.934656395526758
172.0, 2.8461971488088156
173.0, 2.7578671547803477
174.0, 2.749253758153699
175.0, 2.659291220350438
176.0, 2.5694009741796937
177.0, 2.5607528950787435
178.0, 2.5521146942900717
179.0, 2.5434864724599917
180.0, 2.5348683314880818
181.0, 2.4438420120880346
182.0, 2.435268101621521
183.0, 2.426705106337112
184.0, 2.4181531421910547
185.0, 2.4096123266353153
186.0, 2.4010827786387905
187.0, 2.3925646187088074
188.0, 2.3062840756709444
189.0, 2.297726014352731
190.0, 2.2144835332580484
191.0, 2.1317264974140073
192.0, 2.049513484252266
193.0, 1.9679126774670832
194.0, 1.8870035007355959
195.0, 1.8068788667450986
196.0, 1.7276479352115228
197.0, 1.6494394983266754
198.0, 1.5724061342059812
199.0, 1.4967292890786803
200.0, 1.4226254603135262
201.0, 1.350353641653735
202.0, 1.280224135209012
203.0, 1.2126086907427105
204.0, 1.1479516361793154
205.0, 1.0867811200042596
206.0, 1.0297186840285977
207.0, 0.9774840435149771
208.0, 0.9308902535015183
209.0, 0.8908228749031882
210.0, 0.8581965080833006
211.0, 0.8338849154432955
212.0, 0.8186294121209059
213.0, 0.8103655974408708
214.0, 0.8120205671066557
215.0, 0.8232567574504884
216.0, 0.8163886217345094
217.0, 0.8095857424175538
218.0, 0.8028497783349774
219.0, 0.7961824278629824
220.0, 0.7895854291472169
221.0, 0.7830605602531175
222.0, 0.7766096392298957
223.0, 0.7702345240796347
224.0, 0.7639371126225669
225.0, 0.7577193422491987
226.0, 0.7515831895495948
227.0, 0.7455306698098052
228.0, 0.7395638363651253
229.0, 0.7336847797996612
230.0, 0.7278956269814946
231.0, 0.7278956269814946
232.0, 0.7278956269814946
233.0, 0.7278956269814946
234.0, 0.7278956269814946
235.0, 0.7278956269814946
236.0, 0.7278956269814946
237.0, 0.7278956269814946
238.0, 0.7278956269814946
239.0, 0.7278956269814946
240.0, 0.7278956269814946
241.0, 0.7278956269814946
242.0, 0.7278956269814946
243.0, 0.7278956269814946
244.0, 0.7278956269814946
245.0, 0.7278956269814946
246.0, 0.7278956269814946
247.0, 0.7278956269814946
248.0, 0.7278956269814946
249.0, 0.7278956269814946
250.0, 0.7278956269814946
251.0, 0.7278956269814946
252.0, 0.7278956269814946
253.0, 0.7278956269814946
254.0, 0.7278956269814946
255.0, 0.7278956269814946
256.0, 0.7278956269814946
257.0, 0.7278956269814946
258.0, 0.7278956269814946
259.0, 0.7278956269814946
260.0, 0.7278956269814946
261.0, 0.7336847797996612
262.0, 0.7395638363651253
263.0, 0.7455306698098052
264.0, 0.7515831895495948
265.0, 0.7577193422491987
266.0, 0.7639371126225669
267.0, 0.7702345240796347
268.0, 0.7766096392298957
269.0, 0.7830605602531175
270.0, 0.7895854291472169
271.0, 0.7961824278629824
272.0, 0.8028497783349774
273.0, 0.8095857424175538
274.0, 0.8163886217345094
275.0, 0.8232567574504884
276.0, 0.8301885299718029
277.0, 0.8371823585839137
278.0, 0.8442367010323801
279.0, 0.8513500530536653
280.0, 0.858520947861758
281.0, 0.8657479555961739
282.0, 0.8730296827364968
ee_dist
0.0, 1.4185643066694882
1.0, 1.4796201461020577
2.0, 1.5884720017175866
3.0, 1.6809342499513353
4.0, 1.7129110099802463
5.0, 1.738746711885963
6.0, 1.7710233619262536
7.0, 1.803171702430919
8.0, 1.836906031923381
9.0, 1.8701570717847167
10.0, 1.90328972478075
11.0, 1.9345512840155796
12.0, 1.964906259145125
13.0, 1.9927085694092856
14.0, 2.0200006455628525
15.0, 2.044443266356736
16.0, 2.0686140683469736
17.0, 2.0897889084651524
18.0, 2.111102748085116
19.0, 2.1294997243455387
20.0, 2.1484419688688448
21.0, 2.120021146394366
22.0, 2.079888923622215
23.0, 2.0366938821124903
24.0, 1.9899673487904332
25.0, 1.9399881733130064
26.0, 1.8868965385472791
27.0, 1.831029197881157
28.0, 1.772593124542411
29.0, 1.7120380220858307
30.0, 1.6496642433752904
31.0, 1.5860599981427095
32.0, 1.5216590756751591
33.0, 1.4572229743181844
34.0, 1.393376027380886
35.0, 1.3311137197882612
36.0, 1.2713310626443244
37.0, 1.2153031540807617
38.0, 1.1642227177395381
39.0, 1.119550303266294
40.0, 1.0826834933840133
41.0, 1.0957642496694215
42.0, 0.9810226750359944
43.0, 0.7592998935235544
44.0, 0.7123165370767874
45.0, 0.6646975539015338
46.0, 0.6163083692940305
47.0, 0.5671192172110913
48.0, 0.5179204416481394
49.0, 0.46915732605555854
50.0, 0.4222625015251323
51.0, 0.37903843567506257
52.0, 0.34167365521279003
53.0, 0.31235313989343844
54.0, 0.29419782538656963
55.0, 0.2896587348146189
56.0, 0.30016105101363183
57.0, 0.3239161768197752
58.0, 0.29810909286684345
59.0, 0.26379530289854985
60.0, 0.2497712108481622
61.0, 0.2692974324517524
62.0, 0.3214498293616568
63.0, 0.39233227981238467
64.0, 0.46798080399591085
65.0, 0.5324886617311418
66.0, 0.5927330721502995
67.0, 0.6525381255133523
68.0, 0.7062255079801194
69.0, 0.758116238531923
70.0, 0.8086133444402605
71.0, 0.8573689084387548
72.0, 0.9066569034783323
73.0, 0.9631730238569569
74.0, 1.0240427118948279
75.0, 1.0963358777424017
76.0, 1.1781880379243697
77.0, 1.269897499607714
78.0, 1.3668378475689753
79.0, 1.464118334381222
80.0, 1.5570917246719804
81.0, 1.6361640246788278
82.0, 1.7013211966042663
83.0, 1.7659844909529008
84.0, 1.827240736243714
85.0, 1.8871461958107163
86.0, 1.9358446694612648
87.0, 1.964388541378139
88.0, 1.994035758016274
89.0, 2.0329430265088773
90.0, 2.0823791309845863
91.0, 2.1646453861025874
92.0, 2.255285755525813
93.0, 2.3557979232241
94.0, 2.4605888785363397
95.0, 2.567753131826239
96.0, 2.6699287428299634
97.0, 2.7580012702051784
98.0, 2.8307876095851854
99.0, 2.900235738922785
100.0, 2.965888559785674
101.0, 3.030998583578875
102.0, 3.093125527828311
103.0, 3.1562717471520743
104.0, 3.218146550216329
105.0, 3.2880686532703685
106.0, 3.3606097706093863
107.0, 3.441779803669292
108.0, 3.531349683292673
109.0, 3.6313826511132343
110.0, 3.736216079464049
111.0, 3.8450962620581985
112.0, 3.9470273046012605
113.0, 4.042867867857661
114.0, 4.117075020530808
115.0, 4.185914810077083
116.0, 4.252364728864196
117.0, 4.31768457705541
118.0, 4.379755033232018
119.0, 4.444084372872271
120.0, 4.505137115049216
121.0, 4.574282721351307
122.0, 4.646760516861369
123.0, 4.724682982602495
124.0, 4.768548743065825
125.0, 4.81425803123198
126.0, 4.857831220784897
127.0, 4.902643995465282
128.0, 4.944742964990073
129.0, 4.987520632162155
130.0, 5.027058705473436
131.0, 5.066768393565873
132.0, 5.10277130193663
133.0, 5.1384987498041355
134.0, 5.17011773823174
135.0, 5.201072818920925
136.0, 5.227585517106187
137.0, 5.25311218424807
138.0, 5.273929293851031
139.0, 5.293503304146475
140.0, 5.308169762009503
141.0, 5.321402467193416
142.0, 5.329598315634995
143.0, 4.680741946365388
144.0, 4.67213818703909
145.0, 4.6641969164539665
146.0, 4.66074169189767
147.0, 4.657955239883292
148.0, 4.659769330163061
149.0, 4.6622316074238155
150.0, 4.669254150934455
151.0, 4.587017419178452
152.0, 4.50679979390486
153.0, 4.424719954011172
154.0, 4.325726193699991
155.0, 4.264060722477918
156.0, 4.182834039184293
157.0, 4.101385395496685
158.0, 4.0214929064683576
159.0, 3.940017725375883
160.0, 3.860574643137115
161.0, 3.7793341203855166
162.0, 3.7001518426845594
163.0, 3.6191933299420644
164.0, 3.5403062955155833
165.0, 3.459669050598673
166.0, 3.381119176323403
167.0, 3.3911558972532534
168.0, 3.315427716958447
169.0, 3.238185101301949
170.0, 3.1631342654950876
171.0, 3.086633424322239
172.0, 3.012362856183188
173.0, 2.936720056077109
174.0, 2.952700020019947
175.0, 2.8813797342716425
176.0, 2.8124675369872905
177.0, 2.829715500788764
178.0, 2.8505765997249513
179.0, 2.8718183219890077
180.0, 2.896061858269744
181.0, 2.8476086446800344
182.0, 2.8242202924510096
183.0, 2.8011278417467618
184.0, 2.7812755300878695
185.0, 2.7618564094265388
186.0, 2.7462542061366064
187.0, 2.7312134776290424
188.0, 2.6565184108579634
189.0, 2.6435527593067443
190.0, 2.566327814992354
191.0, 2.487559234744701
192.0, 2.4110303498920134
193.0, 2.333042448906609
194.0, 2.2573550438313585
195.0, 2.180316104503427
196.0, 2.1056570925568203
197.0, 2.02978458299559
198.0, 1.9563965192854709
199.0, 1.8819744662466444
200.0, 1.8101763564976938
201.0, 1.737580514735072
202.0, 1.6677964786770962
203.0, 1.597529238751971
204.0, 1.5303291471659537
205.0, 1.4630682977432743
206.0, 1.3992230182344496
207.0, 1.3358866468156663
208.0, 1.2764397214761332
209.0, 1.2182666234084643
210.0, 1.164614623847953
211.0, 1.1132426454744715
212.0, 1.067198029098839
213.0, 1.0424495229385762
214.0, 0.9942667909758622
215.0, 0.949729413450946
216.0, 0.9256040460554922
217.0, 0.9019316901769364
218.0, 0.8815830497040381
219.0, 0.8619894687836863
220.0, 0.846564292570046
221.0, 0.8322090643145061
222.0, 0.8227183561188317
223.0, 0.8145654893837574
224.0, 0.8117116617162695
225.0, 0.8103509402848857
226.0, 0.8143721214487921
227.0, 0.8198860960290453
228.0, 0.8304958856395274
229.0, 0.8296226623156125
230.0, 0.8304958856395274
231.0, 0.8296226623156125
232.0, 0.8304958856395274
233.0, 0.8296226623156125
234.0, 0.8304958856395274
235.0, 0.8296226623156125
236.0, 0.8304958856395274
237.0, 0.8296226623156125
238.0, 0.825955748673045
239.0, 0.8302905847815554
240.0, 0.8304652012443476
241.0, 0.8296639099770562
242.0, 0.8304938703444676
243.0, 0.8371099599818582
244.0, 0.8487561471713954
245.0, 0.8616744038068873
246.0, 0.8770212859336018
247.0, 0.8935509952474846
248.0, 0.9122784613541975
249.0, 0.9318968286230813
250.0, 0.9534643477079229
251.0, 0.9756246318176848
252.0, 0.9994204531679719
253.0, 1.023487696598812
254.0, 1.0488109932032454
255.0, 1.0740749432255294
256.0, 1.1001872323956576
257.0, 1.1259349194385602
258.0, 1.1521463039211932
259.0, 1.1777417057294268
260.0, 1.2126151930160327
261.0, 1.246490868666536
262.0, 1.2794988382861547
263.0, 1.2467777169467813
264.0, 1.211580256859239
265.0, 1.1737529935535886
266.0, 1.1351080964618252
267.0, 1.0936960558344764
268.0, 1.0507348229155902
269.0, 1.0066782020329275
270.0, 0.9611001537597291
271.0, 0.9143421442711147
272.0, 0.8664784467010387
273.0, 0.817875586801843
274.0, 0.76870518374816
275.0, 0.7193985584447676
276.0, 0.6589535960765224
277.0, 0.6108769445846958
278.0, 0.5629383362931821
279.0, 0.5169039340386765
280.0, 0.47387054109490323
281.0, 0.4437663416969287
282.0, 0.4239052060175895
ee_box_dist
0.0, 0.8571831725534506
1.0, 0.8950388546358685
2.0, 0.9263152387780885
3.0, 0.9596499866863184
4.0, 0.9945781093716111
5.0, 1.0308987190186312
6.0, 1.0680799513250632
7.0, 1.102113352440874
8.0, 1.1347709398083046
9.0, 1.165962273008517
10.0, 1.1959656852208222
11.0, 1.223695347888732
12.0, 1.2501515372483554
13.0, 1.2740319818422154
14.0, 1.2972562896746045
15.0, 1.3177920626092074
16.0, 1.3380436408788767
17.0, 1.355538058000026
18.0, 1.3732152644951825
19.0, 1.388257469648042
20.0, 1.4038962066590208
21.0, 1.380145995323566
22.0, 1.3468253938183052
23.0, 1.3107172542638197
24.0, 1.271373895258875
25.0, 1.2289948916740163
26.0, 1.183605823581612
27.0, 1.135430281509978
28.0, 1.084512250691219
29.0, 1.0311416563533748
30.0, 0.9753943041603034
31.0, 0.9176432484135287
32.0, 0.8580081803592152
33.0, 0.7969477905683746
34.0, 0.7346646941893785
35.0, 0.6718963756505633
36.0, 0.6091747124624591
37.0, 0.547947815085814
38.0, 0.4894762305048216
39.0, 0.43594038402834057
40.0, 0.39012518006928193
41.0, 0.4018976476688475
42.0, 0.41387594435553543
43.0, 0.42609185932819177
44.0, 0.4383984789250729
45.0, 0.45086137171883794
46.0, 0.46330664662857163
47.0, 0.47584581493990097
48.0, 0.48826852423182254
49.0, 0.5007287167978449
50.0, 0.5129968764119175
51.0, 0.5252478028100045
52.0, 0.5372742960194371
53.0, 0.5492598800673136
54.0, 0.5610412364711996
55.0, 0.5727990831367511
56.0, 0.5843834480456537
57.0, 0.5959158241694729
58.0, 0.6072534752666282
59.0, 0.6184606726536882
60.0, 0.6294484153278328
61.0, 0.6402360525209848
62.0, 0.6507793640308656
63.0, 0.6610783525952616
64.0, 0.6711104985036811
65.0, 0.6808656437267798
66.0, 0.6903031464426433
67.0, 0.6994433565508806
68.0, 0.7082428799825711
69.0, 0.7167306971611204
70.0, 0.7248641771835543
71.0, 0.7326691589365739
72.0, 0.7401063812548221
73.0, 0.7471973570725919
74.0, 0.7539059519350407
75.0, 0.7602504476328895
76.0, 0.7661983432675853
77.0, 0.7717633881105781
78.0, 0.776917526048721
79.0, 0.7816705425902268
80.0, 0.7859951217917133
81.0, 0.7899001181143749
82.0, 0.7933590255194094
83.0, 0.7963799964367325
84.0, 0.7989362521028108
85.0, 0.8010382174903157
86.0, 0.8195973238215631
87.0, 0.8622143504379777
88.0, 0.900081832912407
89.0, 0.9330607785190375
90.0, 0.958032664714699
91.0, 0.9566001912613019
92.0, 0.957557143085163
93.0, 0.9566349169409804
94.0, 0.9575558129530995
95.0, 0.9566352094107043
96.0, 0.9554221139282588
97.0, 0.9577360241825192
98.0, 0.9574979322359891
99.0, 0.9568412570477544
100.0, 0.9575451362177327
101.0, 0.9566372467308933
102.0, 0.9575562567801593
103.0, 0.9566357085222589
104.0, 0.9575562567801593
105.0, 0.9566356534556335
106.0, 0.957556294731656
107.0, 0.9566356534556335
108.0, 0.957556294731656
109.0, 0.9566357085222589
110.0, 0.957556294731656
111.0, 0.9566357085222589
112.0, 0.957556294731656
113.0, 0.9566357085222589
114.0, 0.957556294731656
115.0, 0.9566356534556335
116.0, 0.957556294731656
117.0, 0.9566357085222589
118.0, 0.957556294731656
119.0, 0.9566357085222589
120.0, 0.957556294731656
121.0, 0.9566357085222589
122.0, 0.957556294731656
123.0, 0.9566357085222589
124.0, 0.957556294731656
125.0, 0.9566357085222589
126.0, 0.957556294731656
127.0, 0.9566357085222589
128.0, 0.957556294731656
129.0, 0.9566356534556335
130.0, 0.957556294731656
131.0, 0.9566357085222589
132.0, 0.957556294731656
133.0, 0.9566357085222589
134.0, 0.957556294731656
135.0, 0.9566357085222589
136.0, 0.957556294731656
137.0, 0.9566357085222589
138.0, 0.957556294731656
139.0, 0.9566357085222589
140.0, 0.957556294731656
141.0, 0.9566357085222589
142.0, 0.957556294731656
143.0, 1.6777221419187687
144.0, 1.6777283552231823
145.0, 1.677756856783069
146.0, 1.6740774380035857
147.0, 1.6704339826527332
148.0, 1.6631257011252654
149.0, 1.6558608338292065
150.0, 1.6450356907772414
151.0, 1.7212988401092206
152.0, 1.7964802059138283
153.0, 1.8740797171916777
154.0, 1.9667884731644407
155.0, 2.0278440954402415
156.0, 2.1063306433379267
157.0, 2.185540115542557
158.0, 2.2636978647434876
159.0, 2.343804449461785
160.0, 2.422332161232511
161.0, 2.5029890700287862
162.0, 2.581989567578119
163.0, 2.663088093684235
164.0, 2.7424807980987214
165.0, 2.823947187705204
166.0, 2.9036682128691926
167.0, 2.897008333031123
168.0, 2.9755344591740074
169.0, 3.0561515808157065
170.0, 3.1350686476990868
171.0, 3.216056751031461
172.0, 3.295309153422808
173.0, 3.376615940932684
174.0, 3.367072713626259
175.0, 3.4469140363693254
176.0, 3.5250824507343634
177.0, 3.515726818683213
178.0, 3.502507757658033
179.0, 3.4891060651088854
180.0, 3.472099012050204
181.0, 3.541776201501388
182.0, 3.5567756335616854
183.0, 3.571599103749022
184.0, 3.582649137105119
185.0, 3.593500299713976
186.0, 3.60037090876684
187.0, 3.6070219613136487
188.0, 3.6881051706311774
189.0, 3.692515185992684
190.0, 3.7741650941864506
191.0, 3.8577932854193544
192.0, 3.939501179125965
193.0, 4.023185609389594
194.0, 4.104944880775846
195.0, 4.188679192579084
196.0, 4.270483691549971
197.0, 4.3542620280239115
198.0, 4.436106964117774
199.0, 4.51992477044887
200.0, 4.601805578912221
201.0, 4.685658478446363
202.0, 4.767571680303777
203.0, 4.8514562234631375
204.0, 4.93339846548756
205.0, 5.017311546180448
206.0, 5.099280014220531
207.0, 5.18321937043299
208.0, 5.265211150494951
209.0, 5.349173951430715
210.0, 5.431187329385471
211.0, 5.5151712286806704
212.0, 5.597204543892576
213.0, 5.598928322564818
214.0, 5.680920635957111
215.0, 5.7648776250702
216.0, 5.762402120200584
217.0, 5.7595778211860615
218.0, 5.7525891987221405
219.0, 5.745237378419104
220.0, 5.73389898706261
221.0, 5.722188003511788
222.0, 5.706765897687021
223.0, 5.69096894056368
224.0, 5.671827242803101
225.0, 5.6523159831717535
226.0, 5.629914922211748
227.0, 5.607161424724117
228.0, 5.582048874465824
229.0, 5.58248509525345
230.0, 5.582048874465824
231.0, 5.58248509525345
232.0, 5.582048874465824
233.0, 5.58248509525345
234.0, 5.582048926845073
235.0, 5.582485173829106
236.0, 5.5820489792243215
237.0, 5.582485173829106
238.0, 5.584209939466502
239.0, 5.582164377402232
240.0, 5.582068996067082
241.0, 5.58247059303752
242.0, 5.582054344107586
243.0, 5.580810054481935
244.0, 5.58125290869644
245.0, 5.581019172142389
246.0, 5.579775381940844
247.0, 5.5778417822890995
248.0, 5.574785006063334
249.0, 5.5709595649181045
250.0, 5.56594836231802
251.0, 5.560181336679889
252.0, 5.553243460881918
253.0, 5.545666692030518
254.0, 5.537005880878678
255.0, 5.527890546808325
256.0, 5.5178277506460995
257.0, 5.507520070781865
258.0, 5.496428610075905
259.0, 5.485298776620044
260.0, 5.470484232486963
261.0, 5.454991619941888
262.0, 5.439599419091483
263.0, 5.464738528441211
264.0, 5.490664896043342
265.0, 5.51745167453637
266.0, 5.543636261901012
267.0, 5.570723286321018
268.0, 5.597337760485449
269.0, 5.623479263101999
270.0, 5.649132918203985
271.0, 5.674048229565563
272.0, 5.698083578333532
273.0, 5.721044747853867
274.0, 5.742764226476284
275.0, 5.763111729093648
276.0, 5.7969815134292135
277.0, 5.813459959229173
278.0, 5.829145827539664
279.0, 5.843318225349738
280.0, 5.855506073354028
281.0, 5.863900393818378
282.0, 5.856868148589736
spot_hold
0, 0
1, 0
2, 0
3, 0
4, 0
5, 0
6, 0
7, 0
8, 0
9, 0
10, 0
11, 0
12, 0
13, 0
14, 0
15, 0
16, 0
17, 0
18, 0
19, 0
20, 0
21, 0
22, 0
23, 0
24, 0
25, 0
26, 0
27, 0
28, 0
29, 0
30, 0
31, 0
32, 0
33, 0
34, 0
35, 0
36, 0
37, 0
38, 0
39, 0
40, 0
41, 1
42, 1
43, 1
44, 1
45, 1
46, 1
47, 1
48, 1
49, 1
50, 1
51, 1
52, 1
53, 1
54, 1
55, 1
56, 1
57, 1
58, 1
59, 1
60, 1
61, 1
62, 1
63, 1
64, 1
65, 1
66, 1
67, 1
68, 1
69, 1
70, 1
71, 1
72, 1
73, 1
74, 1
75, 1
76, 1
77, 1
78, 1
79, 1
80, 1
81, 1
82, 1
83, 1
84, 1
85, 1
86, 1
87, 1
88, 1
89, 1
90, 1
91, 1
92, 1
93, 1
94, 1
95, 1
96, 1
97, 1
98, 1
99, 1
100, 1
101, 1
102, 1
103, 1
104, 1
105, 1
106, 1
107, 1
108, 1
109, 1
110, 1
111, 1
112, 1
113, 1
114, 1
115, 1
116, 1
117, 1
118, 1
119, 1
120, 1
121, 1
122, 1
123, 1
124, 1
125, 1
126, 1
127, 1
128, 1
129, 1
130, 1
131, 1
132, 1
133, 1
134, 1
135, 1
136, 1
137, 1
138, 1
139, 1
140, 1
141, 1
142, 1
143, 1
144, 1
145, 1
146, 1
147, 1
148, 1
149, 1
150, 1
151, 1
152, 1
153, 1
154, 1
155, 1
156, 1
157, 1
158, 1
159, 1
160, 1
161, 1
162, 1
163, 1
164, 1
165, 1
166, 1
167, 1
168, 1
169, 1
170, 1
171, 1
172, 1
173, 1
174, 1
175, 1
176, 1
177, 1
178, 1
179, 1
180, 1
181, 1
182, 1
183, 1
184, 1
185, 1
186, 1
187, 1
188, 1
189, 1
190, 1
191, 1
192, 1
193, 1
194, 1
195, 1
196, 1
197, 1
198, 1
199, 1
200, 1
201, 1
202, 1
203, 1
204, 1
205, 1
206, 1
207, 1
208, 1
209, 1
210, 1
211, 1
212, 1
213, 1
214, 1
215, 1
216, 1
217, 1
218, 1
219, 1
220, 1
221, 1
222, 1
223, 1
224, 1
225, 1
226, 1
227, 1
228, 1
229, 1
230, 1
231, 1
232, 1
233, 1
234, 1
235, 1
236, 1
237, 1
238, 1
239, 1
240, 1
241, 1
242, 1
243, 1
244, 1
245, 1
246, 1
247, 1
248, 1
249, 1
250, 1
251, 1
252, 1
253, 1
254, 1
255, 1
256, 1
257, 1
258, 1
259, 1
260, 1
261, 1
262, 1
263, 1
264, 1
265, 1
266, 1
267, 1
268, 1
269, 1
270, 1
271, 1
272, 1
273, 1
274, 1
275, 1
276, 1
277, 1
278, 1
279, 1
280, 1
281, 1
282, 1
