bot_dist
0.0, 3.0516740716206137
1.0, 3.0556646228188753
2.0, 3.0596826541403734
3.0, 3.063728057465858
4.0, 3.0678007245117693
5.0, 3.0719005468409515
6.0, 3.0760274158732575
7.0, 3.080181222896059
8.0, 3.0843618590746433
9.0, 3.0885692154625093
10.0, 3.092803183011552
11.0, 3.0970636525821447
12.0, 3.1013505149531064
13.0, 3.1056636608315658
14.0, 3.1100029808627063
15.0, 3.1143683656394114
16.0, 3.118759705711784
17.0, 3.1231768915965663
18.0, 3.127619813786437
19.0, 3.1320883627591987
20.0, 3.136582428986853
21.0, 3.141101902944557
22.0, 3.145646675119464
23.0, 3.1502166360194566
24.0, 3.1548116761817537
25.0, 3.1594316861814065
26.0, 3.1640765566396816
27.0, 3.1687461782323214
28.0, 3.173440441697691
29.0, 3.1781591250509473
30.0, 3.182902230811575
31.0, 3.187669649961321
32.0, 3.1924612735759674
33.0, 3.1972769928328977
34.0, 3.2021166990185406
35.0, 3.2069802835357035
36.0, 3.211867637910787
37.0, 3.2167786538008842
38.0, 3.221713223000764
39.0, 3.2266712374497404
40.0, 3.2316525892384296
41.0, 3.236657170615383
42.0, 3.241684873993621
43.0, 3.24673559195704
44.0, 3.2518092172667132
45.0, 3.256905642867077
46.0, 3.2620247618920053
47.0, 3.2671664676707715
48.0, 3.2723306537339023
49.0, 3.2775172138189186
50.0, 3.282726041875964
51.0, 3.2879570320733316
52.0, 3.2932100788028746
53.0, 3.2984850766853158
54.0, 3.303781920575443
55.0, 3.309100505567203
56.0, 3.3144407269986904
57.0, 3.3198024804570263
58.0, 3.3251856617831397
59.0, 3.3305901670764384
60.0, 3.3360158926993844
61.0, 3.3414627352819615
62.0, 3.346930591726049
63.0, 3.3524193592096863
64.0, 3.357928935191246
65.0, 3.3634592174135065
66.0, 3.369010103907626
67.0, 3.3745814929970197
68.0, 3.3801732833011457
69.0, 3.385785373739191
70.0, 3.3914176635336655
71.0, 3.397070052213907
72.0, 3.4027424396194856
73.0, 3.408434725903531
74.0, 3.414146811535953
75.0, 3.419878597306589
76.0, 3.425629984328252
77.0, 3.431400874039698
78.0, 3.437191168208508
79.0, 3.443000768933875
80.0, 3.4488295786493244
81.0, 3.4546775001253334
82.0, 3.460544436471883
83.0, 3.4664302911409193
84.0, 3.472334967928736
85.0, 3.478258370978287
86.0, 3.4842004047814084
87.0, 3.490160974180971
88.0, 3.4961399843729555
89.0, 3.5021373409084515
90.0, 3.5081529496955866
91.0, 3.5141867170013747
92.0, 3.5202385494535005
93.0, 3.526308354042029
94.0, 3.532396038121044
95.0, 3.5385015094102226
96.0, 3.5446246759963365
97.0, 3.5507654463346867
98.0, 3.5569237292504794
99.0, 3.5630994339401236
100.0, 3.569292469972482
101.0, 3.569292469972482
102.0, 3.569292469972482
103.0, 3.569292469972482
104.0, 3.569292469972482
105.0, 3.569292469972482
106.0, 3.569292469972482
107.0, 3.569292469972482
108.0, 3.569292469972482
109.0, 3.569292469972482
110.0, 3.569292469972482
111.0, 3.569292469972482
112.0, 3.569292469972482
113.0, 3.569292469972482
114.0, 3.569292469972482
115.0, 3.569292469972482
116.0, 3.569292469972482
117.0, 3.569292469972482
118.0, 3.569292469972482
119.0, 3.569292469972482
120.0, 3.569292469972482
121.0, 3.569292469972482
122.0, 3.569292469972482
123.0, 3.569292469972482
124.0, 3.569292469972482
125.0, 3.569292469972482
126.0, 3.569292469972482
127.0, 3.569292469972482
128.0, 3.569292469972482
129.0, 3.569292469972482
130.0, 3.569292469972482
131.0, 3.5630994339401236
132.0, 3.5569237292504794
133.0, 3.5507654463346867
134.0, 3.5446246759963365
135.0, 3.5385015094102226
136.0, 3.532396038121044
137.0, 3.526308354042029
138.0, 3.5202385494535005
139.0, 3.5141867170013747
140.0, 3.5081529496955866
141.0, 3.5021373409084515
142.0, 3.4961399843729555
143.0, 3.494808740105765
144.0, 3.48885611123513
145.0, 3.482922020301964
146.0, 3.4770065622205024
147.0, 3.4711098322529494
148.0, 3.4652319260073035
149.0, 3.459372939435123
150.0, 3.4535329688292045
151.0, 3.364587138310897
152.0, 3.2756915993279088
153.0, 3.186850511754796
154.0, 3.0980686125978654
155.0, 3.0093511403929245
156.0, 2.920703966123956
157.0, 2.832133690878327
158.0, 2.7436477620153545
159.0, 2.655254612036953
160.0, 2.5669638254566487
161.0, 2.4787863404074244
162.0, 2.3907346936257294
163.0, 2.302823319959408
164.0, 2.2150689208961203
165.0, 2.127490921113135
166.0, 2.0401120381600633
167.0, 2.0350902778395827
168.0, 1.9493687727584637
169.0, 1.864094580407433
170.0, 1.7793317792503964
171.0, 1.6951570841794845
172.0, 1.6116626454952958
173.0, 1.528959910911137
174.0, 1.5249511252403594
175.0, 1.446143859975949
176.0, 1.368848492964943
177.0, 1.3654935965149961
178.0, 1.3622038493459976
179.0, 1.3589797245879642
180.0, 1.3558216903884648
181.0, 1.2999959569687836
182.0, 1.2974393923249115
183.0, 1.294955005008366
184.0, 1.292543211213664
185.0, 1.2902044180405574
186.0, 1.2879390231787944
187.0, 1.2857474145961372
188.0, 1.2836299702301617
189.0, 1.2815870576843582
190.0, 1.279619033929062
191.0, 1.277726245007737
192.0, 1.2759090257491434
193.0, 1.2741676994859095
194.0, 1.2725025777800343
195.0, 1.1887168525701342
196.0, 1.105079937307502
197.0, 1.0216283801964159
198.0, 1.0201490923193073
199.0, 0.9376766843924893
200.0, 0.8554896031875359
201.0, 0.7736787839187099
202.0, 0.6923776159186478
203.0, 0.6117892795327823
204.0, 0.5322377236650785
205.0, 0.45426795930157937
206.0, 0.3788578567467639
207.0, 0.30789395058099944
208.0, 0.24526639885009033
209.0, 0.199007639100366
210.0, 0.18205490064978946
211.0, 0.20192930865974149
212.0, 0.24999683389173324
213.0, 0.3135488807680133
214.0, 0.3849920735817168
215.0, 0.46066973748696755
216.0, 0.5388004354486585
217.0, 0.618455174875922
218.0, 0.6991132163746738
219.0, 0.6999752377433053
220.0, 0.7804511890803119
221.0, 0.8614272464450181
222.0, 0.9427745544915375
223.0, 0.9436194609746016
224.0, 0.9445694907303838
225.0, 0.9456243269198891
226.0, 0.9467836192404836
227.0, 0.9480469844986071
228.0, 0.9494140072313416
229.0, 0.950884240374518
230.0, 0.9524572059749206
231.0, 0.9524572059749206
232.0, 0.9524572059749206
233.0, 0.9524572059749206
234.0, 0.9524572059749206
235.0, 0.9524572059749206
236.0, 0.9524572059749206
237.0, 0.9524572059749206
238.0, 0.9524572059749206
239.0, 0.9524572059749206
240.0, 0.9524572059749206
241.0, 0.9524572059749206
242.0, 0.9524572059749206
243.0, 0.9524572059749206
244.0, 0.9524572059749206
245.0, 0.9524572059749206
246.0, 0.9524572059749206
247.0, 0.9524572059749206
248.0, 0.9524572059749206
249.0, 0.9524572059749206
250.0, 0.9524572059749206
251.0, 0.9524572059749206
252.0, 0.9524572059749206
253.0, 0.9524572059749206
254.0, 0.9524572059749206
255.0, 0.9524572059749206
256.0, 0.9524572059749206
257.0, 0.9524572059749206
258.0, 0.9524572059749206
259.0, 0.9524572059749206
260.0, 0.9524572059749206
261.0, 0.950884240374518
262.0, 0.9494140072313416
263.0, 0.9480469844986071
264.0, 0.9467836192404836
265.0, 0.9456243269198891
266.0, 0.9445694907303838
267.0, 0.9436194609746016
268.0, 0.9427745544915375
269.0, 0.9420350541348314
270.0, 0.9414012083040314
271.0, 0.9408732305306301
272.0, 0.9404512991204681
273.0, 0.9401355568538969
274.0, 0.9399261107448689
275.0, 0.9398230318599039
276.0, 0.9398263551976435
277.0, 0.9399360796294662
278.0, 0.9401521679014051
279.0, 0.9404745466973531
280.0, 0.9409031067633103
281.0, 0.9414377030921832
282.0, 0.9420781551684022
ee_dist
0.0, 1.1779962031338267
1.0, 1.2215686427773
2.0, 1.3204034673215748
3.0, 1.4078261786651374
4.0, 1.4379651717851458
5.0, 1.4636348195171889
6.0, 1.4968230739453954
7.0, 1.530633152636065
8.0, 1.5651684781355801
9.0, 1.5992709387116333
10.0, 1.6330914111953314
11.0, 1.6649078384174405
12.0, 1.695665615403435
13.0, 1.7237786592781092
14.0, 1.7512675513445055
15.0, 1.7758572159154808
16.0, 1.8000929764392684
17.0, 1.8213073613791009
18.0, 1.842602196384407
19.0, 1.8609715666599453
20.0, 1.8798422242676955
21.0, 1.853147346946195
22.0, 1.8152867534111108
23.0, 1.774395832874079
24.0, 1.7299897412961154
25.0, 1.6823044711373976
26.0, 1.6314266472386105
27.0, 1.5776397196596346
28.0, 1.521081115854751
29.0, 1.4621335658111598
30.0, 1.4010095511130305
31.0, 1.338219179639969
32.0, 1.2740912792341843
33.0, 1.2093039062403494
34.0, 1.1443749129563878
35.0, 1.080240376574481
36.0, 1.017735866917253
37.0, 0.9581805212861878
38.0, 0.9028539293658199
39.0, 0.8534712001065884
40.0, 0.8117889030487511
41.0, 0.8256274679611526
42.0, 0.7907532268598174
43.0, 0.9024655783853984
44.0, 0.8587526193244777
45.0, 0.8137527624555995
46.0, 0.7668060558100935
47.0, 0.7178698794303738
48.0, 0.6672829177139029
49.0, 0.6149748160267859
50.0, 0.5616899467441749
51.0, 0.5085019771794328
52.0, 0.4549777360211187
53.0, 0.40220382755791323
54.0, 0.35106906069059646
55.0, 0.30277530443359923
56.0, 0.2604912365559115
57.0, 0.22764616448578706
58.0, 0.24493958976160624
59.0, 0.2935304051668883
60.0, 0.3595883028410546
61.0, 0.4404969468794099
62.0, 0.5291539433679044
63.0, 0.6189345410347653
64.0, 0.7043090475630237
65.0, 0.7719014221609751
66.0, 0.8311544860267589
67.0, 0.8908818833314153
68.0, 0.9451989122899637
69.0, 0.9983894761105264
70.0, 1.0510915390493083
71.0, 1.1019712772746562
72.0, 1.155857898900872
73.0, 1.2158132119574527
74.0, 1.2802427311762685
75.0, 1.3558466515424181
76.0, 1.4407494802423417
77.0, 1.5351570064540285
78.0, 1.6341656848693933
79.0, 1.7327640103562068
80.0, 1.8264555751769265
81.0, 1.9055174462364712
82.0, 1.9700938349390253
83.0, 2.0338687834081406
84.0, 2.094697974099854
85.0, 2.1544812133611884
86.0, 2.2033967915781734
87.0, 2.2319939341825923
88.0, 2.2622047275770663
89.0, 2.301587719928762
90.0, 2.3511730441681338
91.0, 2.434175455831744
92.0, 2.5267091811450575
93.0, 2.6282832875701403
94.0, 2.7339970252170653
95.0, 2.841819066368393
96.0, 2.9423624073977974
97.0, 3.0334983978534824
98.0, 3.1049525430794427
99.0, 3.174091343668898
100.0, 3.2392239732102195
101.0, 3.3041950260618322
102.0, 3.3663080639900183
103.0, 3.429616069014912
104.0, 3.4920301251750008
105.0, 3.5623038776728144
106.0, 3.637012947070678
107.0, 3.716247503182347
108.0, 3.807355986447091
109.0, 3.9078479704813147
110.0, 4.013128006643832
111.0, 4.122346644480936
112.0, 4.224491639044844
113.0, 4.3203366870982824
114.0, 4.394391502660999
115.0, 4.464187811238154
116.0, 4.5289192758704
117.0, 4.593657801613232
118.0, 4.656285517172974
119.0, 4.720580035343792
120.0, 4.781645815941361
121.0, 4.824329713073565
122.0, 4.865049565420345
123.0, 4.907023581219784
124.0, 4.946431414557544
125.0, 4.986586833154353
126.0, 5.023697092489813
127.0, 5.0610649520599775
128.0, 5.094935927712083
129.0, 5.1286387881703694
130.0, 5.1584628223147035
131.0, 5.187745717507724
132.0, 5.212827087243897
133.0, 5.237058108512817
134.0, 5.256828466494583
135.0, 5.275499975008101
136.0, 5.289518097564758
137.0, 5.302252507075479
138.0, 5.310205193490079
139.0, 5.316754132696312
140.0, 5.318459157831932
141.0, 5.3187033356789515
142.0, 5.314108419973503
143.0, 4.675121305237644
144.0, 4.6655250953474035
145.0, 4.656638436907637
146.0, 4.652138431828062
147.0, 4.648365221147432
148.0, 4.64911784028199
149.0, 4.650585176357766
150.0, 4.656566674526211
151.0, 4.573764991834678
152.0, 4.4929091453845365
153.0, 4.410219728884438
154.0, 4.3294808636586435
155.0, 4.246917399389813
156.0, 4.166309177841671
157.0, 4.08388669584982
158.0, 4.00342544723364
159.0, 3.9211618443475813
160.0, 3.840866221415213
161.0, 3.758782555389159
162.0, 3.678674731322213
163.0, 3.596795076838253
164.0, 3.516901949926593
165.0, 3.435255652025402
166.0, 3.355607989873239
167.0, 3.36433522543071
168.0, 3.287114515316086
169.0, 3.208340782487216
170.0, 3.131658163004769
171.0, 3.053474546379167
172.0, 2.9774144380471075
173.0, 2.8999170126010885
174.0, 2.914480521842892
175.0, 2.8408425702098286
176.0, 2.7694960794248713
177.0, 2.7853906820177494
178.0, 2.805008771610767
179.0, 2.8251029209502914
180.0, 2.852892951218833
181.0, 2.7967263069253536
182.0, 2.773834975226195
183.0, 2.7518381793181588
184.0, 2.7332362591725263
185.0, 2.7151617244196458
186.0, 2.70099796933558
187.0, 2.687495618642064
188.0, 2.678321913814997
189.0, 2.66991067203666
190.0, 2.6660850441818624
191.0, 2.663091486727858
192.0, 2.6647721055310436
193.0, 2.6673115899520847
194.0, 2.6744353616410006
195.0, 2.5940742365495786
196.0, 2.515777826474909
197.0, 2.435949701141518
198.0, 2.4465309546107776
199.0, 2.36999436235914
200.0, 2.2957071056902585
201.0, 2.220298894667711
202.0, 2.1472270496147803
203.0, 2.0731947839546603
204.0, 2.002599875339208
205.0, 1.9220870486394077
206.0, 1.8778053440307974
207.0, 1.7893108495690655
208.0, 1.7422428638870444
209.0, 1.7606349662391616
210.0, 1.589110642046875
211.0, 1.5335036034873617
212.0, 1.4655591091847655
213.0, 1.4046689040830185
214.0, 1.3487720025111252
215.0, 1.2946695484719883
216.0, 1.2442408467020656
217.0, 1.196856865295832
218.0, 1.1545941481788429
219.0, 1.1796346118456527
220.0, 1.1519133622743096
221.0, 1.1232456256884997
222.0, 1.1031688657939884
223.0, 1.075208422856188
224.0, 1.0486529124359205
225.0, 1.022556731094927
226.0, 0.9987379135232739
227.0, 0.9756157766551327
228.0, 0.9556890829489925
229.0, 0.9367076728457113
230.0, 0.9217339470113779
231.0, 0.9079632602804373
232.0, 0.898889265229058
233.0, 0.891209723745974
234.0, 0.8886622330668319
235.0, 0.8875900835755001
236.0, 0.8917704087802871
237.0, 0.8973662432657196
238.0, 0.8982923655940226
239.0, 0.8973660345478792
240.0, 0.8982923655940226
241.0, 0.8973662197117903
242.0, 0.8982923655940226
243.0, 0.9056038714067168
244.0, 0.9182180262448746
245.0, 0.9319654146498985
246.0, 0.9480608193479482
247.0, 0.9652158933193522
248.0, 0.9845189753572336
249.0, 1.0046069088168026
250.0, 1.026628541104559
251.0, 1.0491560218513136
252.0, 1.0733315213093781
253.0, 1.0977069851437913
254.0, 1.12336391356931
255.0, 1.1488974539791288
256.0, 1.1753117013515604
257.0, 1.2013053802167315
258.0, 1.2277976467449507
259.0, 1.253629797890615
260.0, 1.279655129470205
261.0, 1.3048021694539007
262.0, 1.3298993395266154
263.0, 1.3010666146225411
264.0, 1.265048920975624
265.0, 1.22707067999627
266.0, 1.1868278430763104
267.0, 1.1445109651575995
268.0, 1.100152383834391
269.0, 1.0539614208067414
270.0, 1.005984809175038
271.0, 0.9564045289328993
272.0, 0.9054540461098114
273.0, 0.853352000795778
274.0, 0.8002424299553951
275.0, 0.7465370337383692
276.0, 0.6912243234783366
277.0, 0.6360434143245866
278.0, 0.579533716038074
279.0, 0.5294759571569614
280.0, 0.47914376131449915
281.0, 0.4314207941729384
282.0, 0.38737634478154065
ee_box_dist
0.0, 0.8865542859416965
1.0, 0.9230718677157547
2.0, 0.9542333294272464
3.0, 0.9872967105559426
4.0, 1.0220048609235868
5.0, 1.058042531840618
6.0, 1.095022781433424
7.0, 1.129074014438381
8.0, 1.1614059407980712
9.0, 1.1924581583364973
10.0, 1.222334607830411
11.0, 1.249940623563644
12.0, 1.2762953128692565
13.0, 1.3000653176462214
14.0, 1.323195065027454
15.0, 1.3436348977307322
16.0, 1.3637977869468128
17.0, 1.3812059895366178
18.0, 1.3988012712692524
19.0, 1.4137643491050267
20.0, 1.4293277381718652
21.0, 1.4053588183731462
22.0, 1.3717475425930215
23.0, 1.3353481795185083
24.0, 1.295716085906855
25.0, 1.2530553881334665
26.0, 1.2074000491709491
27.0, 1.1589821518514234
28.0, 1.1078573355420596
29.0, 1.0543273571345992
30.0, 0.9984855827621149
31.0, 0.9407237169063987
32.0, 0.8811857269679889
33.0, 0.8203578190577941
34.0, 0.7584780155811567
35.0, 0.6963315939188348
36.0, 0.6345112862683674
37.0, 0.5745448034018313
38.0, 0.5177489764115868
39.0, 0.4662963019540626
40.0, 0.4228418231127859
41.0, 0.43422985298227584
42.0, 0.4458452350430048
43.0, 0.457716172175873
44.0, 0.4700419591308559
45.0, 0.48186695427085535
46.0, 0.49404873276142847
47.0, 0.5063417705997645
48.0, 0.5185223716611079
49.0, 0.5307717708269827
50.0, 0.5428367083920114
51.0, 0.5539107402787088
52.0, 0.5662863822185231
53.0, 0.5781219575800153
54.0, 0.5897899598331316
55.0, 0.6012776528616091
56.0, 0.6127776513368156
57.0, 0.6242364101187767
58.0, 0.6355179396609397
59.0, 0.6466854072960148
60.0, 0.657649009674377
61.0, 0.6684246979481996
62.0, 0.678969386876946
63.0, 0.6892856370031093
64.0, 0.6993332749515732
65.0, 0.7091171994799096
66.0, 0.7185922533937094
67.0, 0.727775240446161
68.0, 0.7366239512875389
69.0, 0.7451647912613865
70.0, 0.7533573418639462
71.0, 0.7612244103048953
72.0, 0.7687288760963946
73.0, 0.7758892690170601
74.0, 0.7826713285428558
75.0, 0.7890910371065245
76.0, 0.795117855402491
77.0, 0.8007634231701835
78.0, 0.8060000738934091
79.0, 0.8108365361134239
80.0, 0.8152471475026067
81.0, 0.8192388091004947
82.0, 0.8227862777268993
83.0, 0.8258962621211294
84.0, 0.8285432490153387
85.0, 0.8307364372440239
86.0, 0.8488621540551357
87.0, 0.890906756221196
88.0, 0.9285451218822567
89.0, 0.9612642069214536
90.0, 0.9868173682311645
91.0, 0.9859198810140118
92.0, 0.9860807057496788
93.0, 0.9852548418997034
94.0, 0.9862167287744437
95.0, 0.9853442543907099
96.0, 0.9862109881179864
97.0, 0.9853122169898635
98.0, 0.986212606331119
99.0, 0.9853239046649719
100.0, 0.9862120690070879
101.0, 0.9853197153883242
102.0, 0.986212238790063
103.0, 0.9853213293811391
104.0, 0.9862122336259163
105.0, 0.9853207309919011
106.0, 0.984529131763303
107.0, 0.9862134624545865
108.0, 0.9860737084167639
109.0, 0.9852585405451173
110.0, 0.9862214730511161
111.0, 0.9853489756045414
112.0, 0.9862156392072726
113.0, 0.9853167952759276
114.0, 0.9862171476774376
115.0, 0.9838279439754322
116.0, 0.9863058696864448
117.0, 0.9858345641039277
118.0, 0.9861001988220098
119.0, 0.9852646299223702
120.0, 0.9862258332308088
121.0, 0.9853532464561287
122.0, 0.9862202571723427
123.0, 0.9853216261970171
124.0, 0.9862218370880473
125.0, 0.9853330778599021
126.0, 0.986221299761387
127.0, 0.9853289434361886
128.0, 0.9862214861150161
129.0, 0.9853305574321248
130.0, 0.9862214643807278
131.0, 0.9853299590417378
132.0, 0.9862214478113119
133.0, 0.9853302499467226
134.0, 0.9862213929381968
135.0, 0.9853300853519773
136.0, 0.9862214478113119
137.0, 0.9853301236364824
138.0, 0.9862214095076135
139.0, 0.9853301236364824
140.0, 0.9862214478113119
141.0, 0.9853301236364824
142.0, 0.9862214478113119
143.0, 1.7039496622046744
144.0, 1.7043953068277522
145.0, 1.7047904725999905
146.0, 1.7015289382937415
147.0, 1.6982292416031763
148.0, 1.6913112609763563
149.0, 1.6843629032668848
150.0, 1.6738950781737527
151.0, 1.7505735883097344
152.0, 1.8261788302486428
153.0, 1.9041034589174028
154.0, 1.9807801421824638
155.0, 2.0596763988098834
156.0, 2.1371959539988716
157.0, 2.216862704990597
158.0, 2.295055231896444
159.0, 2.3753418299933338
160.0, 2.4540796320421254
161.0, 2.5348712874229817
162.0, 2.614056269473532
163.0, 2.695265088974687
164.0, 2.7748203292590037
165.0, 2.8563769641558148
166.0, 2.936242918001867
167.0, 2.9296966891171556
168.0, 3.008387267518156
169.0, 3.089096668966041
170.0, 3.168161305967655
171.0, 3.2492258243513814
172.0, 3.3286118265232956
173.0, 3.4099815813246095
174.0, 3.400581213357569
175.0, 3.480501491820116
176.0, 3.558805497259752
177.0, 3.549518953228777
178.0, 3.5364276195814135
179.0, 3.5230896178856184
180.0, 3.500473995365769
181.0, 3.5753376515069046
182.0, 3.590949737053582
183.0, 3.605668298324307
184.0, 3.6166505444729222
185.0, 3.627373122720383
186.0, 3.634180563030964
187.0, 3.6407001596188446
188.0, 3.6431811159976175
189.0, 3.645357461697359
190.0, 3.6434676881664756
191.0, 3.641254607362008
192.0, 3.635033548008451
193.0, 3.6284742699310066
194.0, 3.618052927973375
195.0, 3.6950162718193025
196.0, 3.77057152210753
197.0, 3.848135154493207
198.0, 3.8363575413832853
199.0, 3.9116502840038025
200.0, 3.985619288004165
201.0, 4.061603915786224
202.0, 4.136210680620421
203.0, 4.212813865864587
204.0, 4.287034923897818
205.0, 4.36946140198685
206.0, 4.39246423352765
207.0, 4.518111896973346
208.0, 4.585047004775329
209.0, 4.605001823414681
210.0, 4.751820651788569
211.0, 4.820808628347777
212.0, 4.9041263756898035
213.0, 4.984264561582657
214.0, 5.060882004520062
215.0, 5.1397100693344235
216.0, 5.217938193336838
217.0, 5.297396680688971
218.0, 5.375223311217101
219.0, 5.3667743612543575
220.0, 5.440493078218471
221.0, 5.520253842333235
222.0, 5.596627967163751
223.0, 5.606295883897648
224.0, 5.611942687358262
225.0, 5.617223227014387
226.0, 5.618409202930673
227.0, 5.619180320955862
228.0, 5.615759551589304
229.0, 5.611967003198016
230.0, 5.60406367919717
231.0, 5.595805509003041
232.0, 5.5835887043111185
233.0, 5.571048846392745
234.0, 5.554807483319911
235.0, 5.538280500029801
236.0, 5.518396278472769
237.0, 5.4982712331966646
238.0, 5.497593843645319
239.0, 5.498271309181988
240.0, 5.497593843645319
241.0, 5.498271218422975
242.0, 5.4975938387194345
243.0, 5.494776381913474
244.0, 5.492052441097882
245.0, 5.488728176339214
246.0, 5.484112460721024
247.0, 5.4788520722416685
248.0, 5.472196475316038
249.0, 5.464836904605497
250.0, 5.456017440160623
251.0, 5.446521032262471
252.0, 5.435583876418841
253.0, 5.424104881831146
254.0, 5.411298286131586
255.0, 5.398162405908065
256.0, 5.383870092861014
257.0, 5.369476398040787
258.0, 5.354119896935398
259.0, 5.338863823195136
260.0, 5.322818434843307
261.0, 5.307073399020554
262.0, 5.290704202583717
263.0, 5.319381357936782
264.0, 5.35556877565232
265.0, 5.392333444542771
266.0, 5.429776988006237
267.0, 5.467572750662592
268.0, 5.505442418412364
269.0, 5.54308201007755
270.0, 5.580221490436356
271.0, 5.61664939632607
272.0, 5.651903420176368
273.0, 5.685884975247774
274.0, 5.71830962656137
275.0, 5.748921500971003
276.0, 5.780814401106113
277.0, 5.813000475098034
278.0, 5.841637021932939
279.0, 5.858610355990809
280.0, 5.878038693595865
281.0, 5.896407165764712
282.0, 5.913913530404372
spot_hold
0, 0
1, 0
2, 0
3, 0
4, 0
5, 0
6, 0
7, 0
8, 0
9, 0
10, 0
11, 0
12, 0
13, 0
14, 0
15, 0
16, 0
17, 0
18, 0
19, 0
20, 0
21, 0
22, 0
23, 0
24, 0
25, 0
26, 0
27, 0
28, 0
29, 0
30, 0
31, 0
32, 0
33, 0
34, 0
35, 0
36, 0
37, 0
38, 0
39, 0
40, 0
41, 1
42, 1
43, 1
44, 1
45, 1
46, 1
47, 1
48, 1
49, 1
50, 1
51, 1
52, 1
53, 1
54, 1
55, 1
56, 1
57, 1
58, 1
59, 1
60, 1
61, 1
62, 1
63, 1
64, 1
65, 1
66, 1
67, 1
68, 1
69, 1
70, 1
71, 1
72, 1
73, 1
74, 1
75, 1
76, 1
77, 1
78, 1
79, 1
80, 1
81, 1
82, 1
83, 1
84, 1
85, 1
86, 1
87, 1
88, 1
89, 1
90, 1
91, 1
92, 1
93, 1
94, 1
95, 1
96, 1
97, 1
98, 1
99, 1
100, 1
101, 1
102, 1
103, 1
104, 1
105, 1
106, 1
107, 1
108, 1
109, 1
110, 1
111, 1
112, 1
113, 1
114, 1
115, 1
116, 1
117, 1
118, 1
119, 1
120, 1
121, 1
122, 1
123, 1
124, 1
125, 1
126, 1
127, 1
128, 1
129, 1
130, 1
131, 1
132, 1
133, 1
134, 1
135, 1
136, 1
137, 1
138, 1
139, 1
140, 1
141, 1
142, 1
143, 1
144, 1
145, 1
146, 1
147, 1
148, 1
149, 1
150, 1
151, 1
152, 1
153, 1
154, 1
155, 1
156, 1
157, 1
158, 1
159, 1
160, 1
161, 1
162, 1
163, 1
164, 1
165, 1
166, 1
167, 1
168, 1
169, 1
170, 1
171, 1
172, 1
173, 1
174, 1
175, 1
176, 1
177, 1
178, 1
179, 1
180, 1
181, 1
182, 1
183, 1
184, 1
185, 1
186, 1
187, 1
188, 1
189, 1
190, 1
191, 1
192, 1
193, 1
194, 1
195, 1
196, 1
197, 1
198, 1
199, 1
200, 1
201, 1
202, 1
203, 1
204, 1
205, 1
206, 1
207, 1
208, 1
209, 1
210, 1
211, 1
212, 1
213, 1
214, 1
215, 1
216, 1
217, 1
218, 1
219, 1
220, 1
221, 1
222, 1
223, 1
224, 1
225, 1
226, 1
227, 1
228, 1
229, 1
230, 1
231, 1
232, 1
233, 1
234, 1
235, 1
236, 1
237, 1
238, 1
239, 1
240, 1
241, 1
242, 1
243, 1
244, 1
245, 1
246, 1
247, 1
248, 1
249, 1
250, 1
251, 1
252, 1
253, 1
254, 1
255, 1
256, 1
257, 1
258, 1
259, 1
260, 1
261, 1
262, 1
263, 1
264, 1
265, 1
266, 1
267, 1
268, 1
269, 1
270, 1
271, 1
272, 1
273, 1
274, 1
275, 1
276, 1
277, 1
278, 1
279, 1
280, 1
281, 1
282, 1
