bot_dist
0.0, 3.636350514039921
1.0, 3.6427390512003486
2.0, 3.6491438076540863
3.0, 3.6555646981497727
4.0, 3.6620016378199565
5.0, 3.668454542181459
6.0, 3.67492332713569
7.0, 3.68140790896891
8.0, 3.6879082043524583
9.0, 3.694424130342919
10.0, 3.700955604382255
11.0, 3.7075025442978924
12.0, 3.714064868302759
13.0, 3.7206424949952894
14.0, 3.727235343359376
15.0, 3.733843332764288
16.0, 3.740466382964549
17.0, 3.747104414099773
18.0, 3.75375734669446
19.0, 3.760425101657763
20.0, 3.7671076002832056
21.0, 3.7738047642483723
22.0, 3.780516515614562
23.0, 3.7872427768264023
24.0, 3.7939834707114333
25.0, 3.8007385204796607
26.0, 3.80750784972307
27.0, 3.8142913824151137
28.0, 3.821089042910167
29.0, 3.82790075594295
30.0, 3.834726446627922
31.0, 3.8415660404586482
32.0, 3.8484194633071374
33.0, 3.855286641423149
34.0, 3.862167501433477
35.0, 3.8690619703412032
36.0, 3.8759699755249315
37.0, 3.8828914447379863
38.0, 3.889826306107599
39.0, 3.8967744881340596
40.0, 3.9037359196898507
ee_dist
0.0, 0.9166604395095744
1.0, 0.9254970625689857
2.0, 1.0034444476321596
3.0, 1.0805697364796882
4.0, 1.107092466992506
5.0, 1.132350921880583
6.0, 1.1670302806597024
7.0, 1.2034677959360969
8.0, 1.239787513654382
9.0, 1.2752612239332421
10.0, 1.310164463742254
11.0, 1.3428274500574044
12.0, 1.374158044941624
13.0, 1.4026925691384975
14.0, 1.4304005531123671
15.0, 1.4551361321193383
16.0, 1.4793767780606508
17.0, 1.500565886918223
18.0, 1.521735054203403
19.0, 1.5399802773032423
20.0, 1.5637079900244466
21.0, 1.5387605406925227
22.0, 1.504390818248627
23.0, 1.467139852729502
24.0, 1.4263564032370957
25.0, 1.3824697615070909
26.0, 1.3354011654028064
27.0, 1.2853738919919244
28.0, 1.2326164642441881
29.0, 1.1769424756743054
30.0, 1.118122826271299
31.0, 1.0581041099126802
32.0, 0.9957238075662833
33.0, 0.9312933346092078
34.0, 0.8664108123785644
35.0, 0.800605713168999
36.0, 0.7352534363099578
37.0, 0.6698000826539644
38.0, 0.6069434980014172
39.0, 0.5481667238633736
40.0, 0.4971013427501944
ee_box_dist
0.0, 0.7125908140818169
1.0, 0.7580960125591449
2.0, 0.7904321831007388
3.0, 0.8271460290077396
4.0, 0.8628799823836488
5.0, 0.899936408546187
6.0, 0.9378060954790529
7.0, 0.9729681753942205
8.0, 1.0064679606084832
9.0, 1.038456097773006
10.0, 1.0692069387681546
11.0, 1.0978839629388073
12.0, 1.1251456067158667
13.0, 1.149928963332691
14.0, 1.1739963718811173
15.0, 1.1954082747606871
16.0, 1.216461717844042
17.0, 1.234776793979108
18.0, 1.2532183523600502
19.0, 1.2689928378350581
20.0, 1.2902189168365987
21.0, 1.2667480508311455
22.0, 1.232936925621207
23.0, 1.2008414980936246
24.0, 1.1651857339944318
25.0, 1.1263438820006928
26.0, 1.0834172125141888
27.0, 1.0383609511480694
28.0, 0.989127129785425
29.0, 0.9386445849282763
30.0, 0.8853510281376303
31.0, 0.8317436527382857
32.0, 0.7697883258884782
33.0, 0.7090788605518812
34.0, 0.6498746274123209
35.0, 0.5879076740836269
36.0, 0.5233318594648143
37.0, 0.46114594354596705
38.0, 0.3976992074680386
39.0, 0.33550062857327184
40.0, 0.28529071681614515
spot_hold
0, 0
1, 0
2, 0
3, 0
4, 0
5, 0
6, 0
7, 0
8, 0
9, 0
10, 0
11, 0
12, 0
13, 0
14, 0
15, 0
16, 0
17, 0
18, 0
19, 0
20, 0
21, 0
22, 0
23, 0
24, 0
25, 0
26, 0
27, 0
28, 0
29, 0
30, 0
31, 0
32, 0
33, 0
34, 0
35, 0
36, 0
37, 0
38, 0
39, 0
40, 0
