bot_dist
0.0, 3.5343150125643015
1.0, 3.5404260609951965
2.0, 3.5465547758816665
3.0, 3.552701065795247
4.0, 3.5588648396777924
5.0, 3.5650460068427625
6.0, 3.5712444769764424
7.0, 3.5774601601391023
8.0, 3.583692966766094
9.0, 3.589942807668888
10.0, 3.596209594036048
11.0, 3.60249323743415
12.0, 3.6087936498086424
13.0, 3.615110743484646
14.0, 3.6214444311677036
15.0, 3.627794625944468
16.0, 3.6341612412833424
17.0, 3.640544191035062
18.0, 3.6469433894332277
19.0, 3.653358751094783
20.0, 3.6597901910204462
21.0, 3.66623762459509
22.0, 3.672700967588071
23.0, 3.6791801361535135
24.0, 3.6856750468305464
25.0, 3.692185616543492
26.0, 3.6987117626020107
27.0, 3.7052534027012007
28.0, 3.7118104549216566
29.0, 3.718382837729479
30.0, 3.7249704699762494
31.0, 3.7315732708989593
32.0, 3.7381911601199005
33.0, 3.744824057646515
34.0, 3.751471883871206
35.0, 3.7581345595711144
36.0, 3.7648120059078525
37.0, 3.7715041444272033
38.0, 3.7782108970587864
39.0, 3.7849321861156877
40.0, 3.791667934294053
41.0, 3.7984180646726493
42.0, 3.805182500712394
43.0, 3.811961166255851
44.0, 3.8187539855266985
45.0, 3.825560883129159
46.0, 3.8323817840474073
47.0, 3.8392166136449437
48.0, 3.846065297663945
49.0, 3.8529277622245752
50.0, 3.8598039338242858
51.0, 3.8666937393370726
52.0, 3.8735971060127223
53.0, 3.8805139614760162
54.0, 3.887444233725927
55.0, 3.89438785113478
56.0, 3.9013447424473924
57.0, 3.908314836780192
58.0, 3.915298063620314
59.0, 3.922294352824672
60.0, 3.9293036346190107
61.0, 3.936325839596941
62.0, 3.943360898718945
63.0, 3.950408743311373
64.0, 3.957469305065413
65.0, 3.9645425160360483
66.0, 3.9716283086409887
67.0, 3.978726615659595
68.0, 3.9858373702317755
69.0, 3.9929605058568756
70.0, 4.000095956392541
71.0, 4.007243656053579
72.0, 4.014403539410791
73.0, 4.021575541389797
74.0, 4.0287595972698504
75.0, 4.035955642682628
76.0, 4.043163613611017
77.0, 4.050383446387881
78.0, 4.057615077694826
79.0, 4.064858444560933
80.0, 4.0721134843615046
81.0, 4.079380134816783
82.0, 4.086658333990661
83.0, 4.093948020289387
84.0, 4.101249132460254
85.0, 4.108561609590284
86.0, 4.115885391104902
87.0, 4.123220416766601
88.0, 4.130566626673592
89.0, 4.137923961258459
90.0, 4.145292361286798
91.0, 4.152671767855844
92.0, 4.160062122393104
93.0, 4.16746336665497
94.0, 4.174875442725337
95.0, 4.182298293014202
96.0, 4.18973186025627
97.0, 4.197176087509548
98.0, 4.204630918153931
99.0, 4.212096295889793
100.0, 4.2195721647365625
101.0, 4.2195721647365625
102.0, 4.2195721647365625
103.0, 4.2195721647365625
104.0, 4.2195721647365625
105.0, 4.2195721647365625
106.0, 4.2195721647365625
107.0, 4.2195721647365625
108.0, 4.2195721647365625
109.0, 4.2195721647365625
110.0, 4.2195721647365625
111.0, 4.2195721647365625
112.0, 4.2195721647365625
113.0, 4.2195721647365625
114.0, 4.2195721647365625
115.0, 4.2195721647365625
116.0, 4.2195721647365625
117.0, 4.2195721647365625
118.0, 4.2195721647365625
119.0, 4.2195721647365625
120.0, 4.2195721647365625
121.0, 4.2195721647365625
122.0, 4.2195721647365625
123.0, 4.2195721647365625
124.0, 4.2195721647365625
125.0, 4.2195721647365625
126.0, 4.2195721647365625
127.0, 4.2195721647365625
128.0, 4.2195721647365625
129.0, 4.2195721647365625
130.0, 4.2195721647365625
131.0, 4.212096295889793
132.0, 4.204630918153931
133.0, 4.197176087509548
134.0, 4.18973186025627
135.0, 4.182298293014202
136.0, 4.174875442725337
137.0, 4.16746336665497
138.0, 4.160062122393104
139.0, 4.152671767855844
140.0, 4.145292361286798
141.0, 4.137923961258459
142.0, 4.130566626673592
143.0, 4.127155328972333
144.0, 4.119827309115582
145.0, 4.112510547588041
146.0, 4.105205104587317
147.0, 4.097911040646829
148.0, 4.09062841663712
149.0, 4.083357293767174
150.0, 4.076097733585712
151.0, 3.986472916942234
152.0, 3.8968592609188146
153.0, 3.8072575128361876
154.0, 3.7176685775381237
155.0, 3.6280934041875157
156.0, 3.53853303790306
157.0, 3.4489886321763703
158.0, 3.3594614632646236
159.0, 3.2699529469345916
160.0, 3.180464658017792
161.0, 3.090998353341865
162.0, 3.001555998736637
163.0, 2.912139800983039
164.0, 2.8227522457904546
165.0, 2.733396143168505
166.0, 2.6440746819236667
167.0, 2.6366272673224156
168.0, 2.5463989276936227
169.0, 2.4561871814624125
170.0, 2.3659937500443236
171.0, 2.275820810952573
172.0, 2.185670900508204
173.0, 2.095546990773377
174.0, 2.088112024826386
175.0, 1.9976915987223154
176.0, 1.90732525347903
177.0, 1.8999613944700715
178.0, 1.8926217207918234
179.0, 1.8853065149115344
180.0, 1.8780160627484743
181.0, 1.793109375434483
182.0, 1.7859837158773433
183.0, 1.7788857282314603
184.0, 1.7718157450622893
185.0, 1.7647741029418547
186.0, 1.7577611424753794
187.0, 1.7507772083269202
188.0, 1.74382264924395
189.0, 1.7368978180808166
190.0, 1.7300030718210144
191.0, 1.7231387715981907
192.0, 1.6410516695091397
193.0, 1.6341033468583126
194.0, 1.5557426649369361
195.0, 1.478273609289701
196.0, 1.4018440075363237
197.0, 1.3266335259348683
198.0, 1.2528617385525993
199.0, 1.180798328610556
200.0, 1.110775650220495
201.0, 1.0432051490117153
202.0, 0.9785944744064738
203.0, 0.9175695417907165
204.0, 0.8608927555609925
205.0, 0.8094784346367064
206.0, 0.764388722338518
207.0, 0.7268021734173312
208.0, 0.6979315812611018
209.0, 0.6788903103217907
210.0, 0.6705158137041427
211.0, 0.6732067280084737
212.0, 0.686832593690364
213.0, 0.710765024417493
214.0, 0.7440098462380089
215.0, 0.7853856927568076
216.0, 0.8336825378517354
217.0, 0.8286030297071791
218.0, 0.8876016810297669
219.0, 0.9506497714782657
220.0, 0.9468088428197504
221.0, 0.9430583127729704
222.0, 0.9393992640817104
223.0, 0.9358327698060409
224.0, 0.9323598920733154
225.0, 0.9289816808041013
226.0, 0.9256991724155271
227.0, 0.9225133885047421
228.0, 0.9194253345153923
229.0, 0.9164359983902376
230.0, 0.9135463492132253
231.0, 0.9135463492132253
232.0, 0.9135463492132253
233.0, 0.9135463492132253
234.0, 0.9135463492132253
235.0, 0.9135463492132253
236.0, 0.9135463492132253
237.0, 0.9135463492132253
238.0, 0.9135463492132253
239.0, 0.9135463492132253
240.0, 0.9135463492132253
241.0, 0.9135463492132253
242.0, 0.9135463492132253
243.0, 0.9135463492132253
244.0, 0.9135463492132253
245.0, 0.9135463492132253
246.0, 0.9135463492132253
247.0, 0.9135463492132253
248.0, 0.9135463492132253
249.0, 0.9135463492132253
250.0, 0.9135463492132253
251.0, 0.9135463492132253
252.0, 0.9135463492132253
253.0, 0.9135463492132253
254.0, 0.9135463492132253
255.0, 0.9135463492132253
256.0, 0.9135463492132253
257.0, 0.9135463492132253
258.0, 0.9135463492132253
259.0, 0.9135463492132253
260.0, 0.9135463492132253
261.0, 0.9164359983902376
262.0, 0.9194253345153923
263.0, 0.9225133885047421
264.0, 0.9256991724155271
265.0, 0.9289816808041013
266.0, 0.9323598920733154
267.0, 0.9358327698060409
268.0, 0.9393992640817104
269.0, 0.9430583127729704
270.0, 0.9468088428197504
271.0, 0.9506497714782657
272.0, 0.9545800075426958
273.0, 0.9585984525374937
274.0, 0.9627040018784968
275.0, 0.9668955460012205
276.0, 0.9711719714549295
277.0, 0.9755321619612758
278.0, 0.9799749994364948
279.0, 0.9844993649763342
280.0, 0.9891041398030761
281.0, 0.9937882061741786
282.0, 0.9985504482522304
ee_dist
0.0, 1.2680357285989725
1.0, 1.319152124358634
2.0, 1.422337644610713
3.0, 1.5119369583514513
4.0, 1.5428631556146326
5.0, 1.5686075315629826
6.0, 1.601415265572174
7.0, 1.635719667356118
8.0, 1.6711886516935655
9.0, 1.7048510276289004
10.0, 1.7426154083305074
11.0, 1.7766504902411022
12.0, 1.8072660270777832
13.0, 1.8429509570652416
14.0, 1.8689630852760184
15.0, 1.8955213918989877
16.0, 1.9204944822447765
17.0, 1.9479114001489313
18.0, 1.9692832854602618
19.0, 1.9883879286850237
20.0, 2.00756149686377
21.0, 1.978757092264706
22.0, 1.9389809168924876
23.0, 1.8960066592428948
24.0, 1.8493935940515347
25.0, 1.7994067059264511
26.0, 1.7461644426418887
27.0, 1.68998741502416
28.0, 1.6310530262524081
29.0, 1.5697919418763464
30.0, 1.506466411055033
31.0, 1.4416447566349453
32.0, 1.3757194882062085
33.0, 1.3094373625828035
34.0, 1.2433912777526321
35.0, 1.1785891569884595
36.0, 1.1159375355069794
37.0, 1.0568008916379013
38.0, 1.0024847678208517
39.0, 0.9546619715743149
40.0, 0.9149881529125317
41.0, 0.915277266761494
42.0, 0.8494029398753657
43.0, 0.8461998345814731
44.0, 0.8011646635731592
45.0, 0.7548086148447127
46.0, 0.7069090233191139
47.0, 0.6572489951320101
48.0, 0.6062837653488709
49.0, 0.5540155988641825
50.0, 0.5013190940501961
51.0, 0.4490742633498402
52.0, 0.39825443580156283
53.0, 0.3496878943195463
54.0, 0.3052454072753046
55.0, 0.26745765832456597
56.0, 0.273056221585093
57.0, 0.32350016037736845
58.0, 0.38926463251907384
59.0, 0.46896270910539933
60.0, 0.5572035062919506
61.0, 0.647776939227739
62.0, 0.7350931038090656
63.0, 0.8092848446678126
64.0, 0.8698811465172598
65.0, 0.9302657017868448
66.0, 0.9861981788574259
67.0, 1.0400795621010073
68.0, 1.0920253098741481
69.0, 1.1441314403138478
70.0, 1.1954584601937455
71.0, 1.2537508106366175
72.0, 1.316657398680944
73.0, 1.3875519705152741
74.0, 1.4696269896583287
75.0, 1.5601991276728997
76.0, 1.657416455657771
77.0, 1.7557037584445747
78.0, 1.849237454444848
79.0, 1.9323544208813448
80.0, 1.998525881300496
81.0, 2.0614821416438094
82.0, 2.1223539465986274
83.0, 2.1814026429394935
84.0, 2.2394303595277223
85.0, 2.2967305969450384
86.0, 2.355921266878338
87.0, 2.419655370825497
88.0, 2.467068354392675
89.0, 2.5196011092767687
90.0, 2.5775027969563338
91.0, 2.6529734874840014
92.0, 2.7600241893617916
93.0, 2.8657809440430935
94.0, 2.969917413629503
95.0, 3.0631820077383933
96.0, 3.1400282176139234
97.0, 3.206851917194461
98.0, 3.2760869128377386
99.0, 3.3391085155508438
100.0, 3.4036934518113093
101.0, 3.4654740575457055
102.0, 3.5288729209468523
103.0, 3.595043926630239
104.0, 3.669569507747039
105.0, 3.7446332960725273
106.0, 3.835167044176893
107.0, 3.9309054467034525
108.0, 4.037421318731123
109.0, 4.143133837127221
110.0, 4.249593752525379
111.0, 4.34655744363593
112.0, 4.426830842130206
113.0, 4.493300043139243
114.0, 4.563713712787033
115.0, 4.6133207179740365
116.0, 4.651051297345256
117.0, 4.694127260807245
118.0, 4.737640697999208
119.0, 4.776729753558157
120.0, 4.817285998935345
121.0, 4.8679399416200955
122.0, 4.889900619313557
123.0, 4.920487422559656
124.0, 4.952521659321646
125.0, 4.978674981875061
126.0, 5.005099015011557
127.0, 5.025603080890827
128.0, 5.0460936967287635
129.0, 5.060486506884604
130.0, 5.0746524362665255
131.0, 5.082617625998271
132.0, 5.090201461061064
133.0, 5.0915480583273185
134.0, 5.092429038561633
135.0, 5.087102030110735
136.0, 5.081289068623012
137.0, 5.0693677078689925
138.0, 5.0570052127749605
139.0, 5.038700081515807
140.0, 5.020065257576133
141.0, 4.9957197191211575
142.0, 4.97122680495717
143.0, 4.375691707202706
144.0, 4.3576491557978745
145.0, 4.34330381600214
146.0, 4.32991001958674
147.0, 4.320722320313142
148.0, 4.312525810340555
149.0, 4.308820646927911
150.0, 4.306104039338634
151.0, 4.223858062633361
152.0, 4.139784995125023
153.0, 4.057556049756521
154.0, 3.97349618804035
155.0, 3.891285104505211
156.0, 3.807240716778602
157.0, 3.725049536094622
158.0, 3.641022754813293
159.0, 3.5588543019291503
160.0, 3.4748477867132186
161.0, 3.3927053294600626
162.0, 3.3087222903667146
163.0, 3.226609765205585
164.0, 3.1426541990164756
165.0, 3.0605763044694045
166.0, 2.9766529300043194
167.0, 2.977878915016098
168.0, 2.8937068294697164
169.0, 2.8114332373214967
170.0, 2.7272694035801113
171.0, 2.6450146932180294
172.0, 2.560862477608312
173.0, 2.478629349108236
174.0, 2.4809719556693084
175.0, 2.3992983434745887
176.0, 2.3157455867165804
177.0, 2.323189910996497
178.0, 2.3315894389883938
179.0, 2.3446582049055973
180.0, 2.3585235570195247
181.0, 2.286981190806201
182.0, 2.2708275827269735
183.0, 2.259141888480086
184.0, 2.2483324430830587
185.0, 2.2423127896061814
186.0, 2.2373072790750173
187.0, 2.237221044679497
188.0, 2.2382259928989607
189.0, 2.244086065244348
190.0, 2.251048596859762
191.0, 2.262611409594052
192.0, 2.186938012066168
193.0, 2.2016273766089087
194.0, 2.1306500077268993
195.0, 2.062194712648904
196.0, 1.9932852009006807
197.0, 1.9270823792628893
198.0, 1.8607143417921599
199.0, 1.7972767609702127
200.0, 1.7340373190490739
201.0, 1.674011712491239
202.0, 1.6146417284748333
203.0, 1.5588400506531888
204.0, 1.5060459769407066
205.0, 1.4453273410750727
206.0, 1.366388335874518
207.0, 1.348211640713222
208.0, 1.3196446904660593
209.0, 1.283202540290769
210.0, 1.2503391932748515
211.0, 1.2231927837650198
212.0, 1.2005482046512872
213.0, 1.1839141822575696
214.0, 1.1725318146640638
215.0, 1.1673272338030745
216.0, 1.1678622416968878
217.0, 1.1985593481124572
218.0, 1.2118214414108675
219.0, 1.2303863306162819
220.0, 1.2002730940714634
221.0, 1.1696327198339758
222.0, 1.1388874317505662
223.0, 1.1083328445805727
224.0, 1.0778026977920954
225.0, 1.0482577443397478
226.0, 1.0189148568526711
227.0, 0.9914400189197301
228.0, 0.9644009941241828
229.0, 0.9401796565155112
230.0, 0.9166775190657578
231.0, 0.8969613364665042
232.0, 0.8782716944189002
233.0, 0.8642709719305758
234.0, 0.8515716157965143
235.0, 0.8442798613476923
236.0, 0.8384630275490249
237.0, 0.8384638604503647
238.0, 0.8399495281302563
239.0, 0.8472752465432029
240.0, 0.855913187917234
241.0, 0.8549465075577022
242.0, 0.8391258297791905
243.0, 0.8567907064998402
244.0, 0.8690257289043077
245.0, 0.8836041361433682
246.0, 0.8990411865592624
247.0, 0.9174877800411567
248.0, 0.9379444862593402
249.0, 0.9594692115428827
250.0, 0.9826984652579486
251.0, 1.0065932694021116
252.0, 1.0317793245130198
253.0, 1.0572831038995438
254.0, 1.0835199385436354
255.0, 1.1098631203063196
256.0, 1.1367307551342656
257.0, 1.1633408416019828
258.0, 1.1901779871549836
259.0, 1.216470770529945
260.0, 1.24436098096672
261.0, 1.269859512724968
262.0, 1.2952067327703698
263.0, 1.2663083841422478
264.0, 1.2299138158034046
265.0, 1.1916874776921855
266.0, 1.1511987055494874
267.0, 1.1087975305112274
268.0, 1.0643675594561377
269.0, 1.0183073913785703
270.0, 0.9704914356801653
271.0, 0.9214001864759085
272.0, 0.8709193986943762
273.0, 0.8203492015304608
274.0, 0.767971258623744
275.0, 0.7149151339310996
276.0, 0.6487476154759153
277.0, 0.5962334559561702
278.0, 0.5464129336368092
279.0, 0.4946880861216808
280.0, 0.448674044330059
281.0, 0.40791479166340594
282.0, 0.3724432401595577
ee_box_dist
0.0, 0.6964935606227033
1.0, 0.7370300251320461
2.0, 0.7720758332893849
3.0, 0.8089137777616885
4.0, 0.8450949165940801
5.0, 0.8824262726489479
6.0, 0.9206119831390177
7.0, 0.9569470138280683
8.0, 0.9914342443645675
9.0, 1.0231968327056178
10.0, 1.0579915669701976
11.0, 1.0885324895251016
12.0, 1.1152621650340278
13.0, 1.1468618465513951
14.0, 1.168908210372387
15.0, 1.1914728683767144
16.0, 1.2124686947904633
17.0, 1.2358719874478286
18.0, 1.253659477815289
19.0, 1.2693991996561451
20.0, 1.2852873031986118
21.0, 1.2622284818040428
22.0, 1.2306578566842303
23.0, 1.1962538287527165
24.0, 1.158605775792443
25.0, 1.1178955959982466
26.0, 1.074116767739926
27.0, 1.027467763475095
28.0, 0.9779417188635442
29.0, 0.9257855955989941
30.0, 0.8709928011439639
31.0, 0.81386193739782
32.0, 0.7543872550313587
33.0, 0.6929064442057336
34.0, 0.6294201934287754
35.0, 0.5643811135316561
36.0, 0.49789906600283573
37.0, 0.43075945857709513
38.0, 0.3634298298673652
39.0, 0.2972296360593199
40.0, 0.23419357764666524
41.0, 0.08025340727000344
42.0, 0.0829017899047046
43.0, 0.08302873008187744
44.0, 0.08297744761831559
45.0, 0.08303004786031712
46.0, 0.08298397642486012
47.0, 0.0830296922743672
48.0, 0.08298908923839811
49.0, 0.08302836802495867
50.0, 0.08299341775805931
51.0, 0.08302702434974756
52.0, 0.08299682158167461
53.0, 0.08302542626328652
54.0, 0.08299973278335404
55.0, 0.08302317339184596
56.0, 0.08300167069682732
57.0, 0.08302125229027542
58.0, 0.08300317453211667
59.0, 0.08301901331593045
60.0, 0.08300440947565346
61.0, 0.08301657536326491
62.0, 0.0830051524448757
63.0, 0.08301422654228671
64.0, 0.08300580693634807
65.0, 0.08301188569575585
66.0, 0.08300611417550852
67.0, 0.08300973921242055
68.0, 0.08300649327156606
69.0, 0.08300773073962277
70.0, 0.08300732826659546
71.0, 0.08300626100986644
72.0, 0.0830078940527502
73.0, 0.08300538832415764
74.0, 0.08300895166038377
75.0, 0.08300531338470246
76.0, 0.08301043779549593
77.0, 0.08300557277340438
78.0, 0.08301256576287398
79.0, 0.08300694636146896
80.0, 0.08301534100840212
81.0, 0.08300941838625878
82.0, 0.08301894091350341
83.0, 0.08301278792270289
84.0, 0.08302315342975587
85.0, 0.08301713543799913
86.0, 0.0887628936653672
87.0, 0.12455162200495962
88.0, 0.13506209224091423
89.0, 0.1333103729340691
90.0, 0.12889339947478218
91.0, 0.11566791204768145
92.0, 0.11521344371530554
93.0, 0.11675681470212722
94.0, 0.11529235321318403
95.0, 0.1167489938825122
96.0, 0.11529257137366429
97.0, 0.11674921211682716
98.0, 0.11529261621393268
99.0, 0.11674921211682716
100.0, 0.11529255178019727
101.0, 0.11674919175238099
102.0, 0.11529261621393268
103.0, 0.11674908293113913
104.0, 0.11529257137366429
105.0, 0.11674919175238099
106.0, 0.11529255178019727
107.0, 0.11674919175238099
108.0, 0.11529255178019727
109.0, 0.11674919175238099
110.0, 0.11529255178019727
111.0, 0.11674919175238099
112.0, 0.11529261621393268
113.0, 0.11674921211682716
114.0, 0.11529255178019727
115.0, 0.08219743208998516
116.0, 0.11229057604415041
117.0, 0.11663596469254371
118.0, 0.1152918871601556
119.0, 0.11674925121475174
120.0, 0.11529253218673463
121.0, 0.09295181104524333
122.0, 0.11087134860344883
123.0, 0.11663932867024017
124.0, 0.11530205131396067
125.0, 0.11674819861171717
126.0, 0.11529250693993465
127.0, 0.11674908352303576
128.0, 0.11529257137366429
129.0, 0.11674916759249537
130.0, 0.11529253218673463
131.0, 0.11674919175238099
132.0, 0.11529261621393268
133.0, 0.11674919175238099
134.0, 0.11529255743356763
135.0, 0.11674921211682716
136.0, 0.11529257702701826
137.0, 0.11674921211682716
138.0, 0.11529255178019727
139.0, 0.11674919175238099
140.0, 0.11529263580739645
141.0, 0.11674919175238099
142.0, 0.11529255178019727
143.0, 0.11233690599582098
144.0, 0.11136927171665417
145.0, 0.11258844075122774
146.0, 0.11137280593365517
147.0, 0.11258664783716811
148.0, 0.11137263126728505
149.0, 0.11258603379822624
150.0, 0.11137190793937647
151.0, 0.11258635447859945
152.0, 0.1113722063225131
153.0, 0.11258634545203486
154.0, 0.11137214148779077
155.0, 0.11258652386190825
156.0, 0.1113722063225131
157.0, 0.11258652386190825
158.0, 0.1113722063225131
159.0, 0.11258652386190825
160.0, 0.1113722063225131
161.0, 0.11258652386190825
162.0, 0.11137214148779077
163.0, 0.11258671810490345
164.0, 0.1113722063225131
165.0, 0.11258671810490345
166.0, 0.1113722063225131
167.0, 0.11258516803746418
168.0, 0.11137189292840449
169.0, 0.11258578238002268
170.0, 0.11137189292840449
171.0, 0.11258578238002268
172.0, 0.11137209280521429
173.0, 0.11258598173156462
174.0, 0.11137099526477456
175.0, 0.11258502643689892
176.0, 0.11137103510603615
177.0, 0.11258391821911826
178.0, 0.1113691370645581
179.0, 0.11258232409069206
180.0, 0.11136737231243271
181.0, 0.1125820242531915
182.0, 0.11136834402080105
183.0, 0.11258360421737106
184.0, 0.11136997250340083
185.0, 0.11258460433507117
186.0, 0.11137169494785926
187.0, 0.11258590279814412
188.0, 0.11137263393400623
189.0, 0.11258689004787333
190.0, 0.1113728933765986
191.0, 0.11258732481426205
192.0, 0.11137310777372728
193.0, 0.1125877378630289
194.0, 0.11137333326566687
195.0, 0.11258789797862928
196.0, 0.11137318515115717
197.0, 0.11258790457886697
198.0, 0.1113730303682999
199.0, 0.11258793373847933
200.0, 0.11137305968572804
201.0, 0.11258793373847933
202.0, 0.11137305968572804
203.0, 0.11258793373847933
204.0, 0.10558683202624072
205.0, 0.1106319985327316
206.0, 0.10788914979473316
207.0, 0.11393502267655102
208.0, 0.1115604893176378
209.0, 0.11256999360939444
210.0, 0.11137351017459052
211.0, 0.11258732437368858
212.0, 0.11137333326566687
213.0, 0.11258811742283525
214.0, 0.11137321446854456
215.0, 0.1125880882627656
216.0, 0.11137321446854456
217.0, 0.11258801570631846
218.0, 0.11137322892065635
219.0, 0.11258837647488462
220.0, 0.11137296300782833
221.0, 0.11258660229663378
222.0, 0.11137279780463066
223.0, 0.1125869002030643
224.0, 0.11137247674485018
225.0, 0.11258630173932352
226.0, 0.11137161669764085
227.0, 0.11258463956134669
228.0, 0.11137033726032917
229.0, 0.11258296998895775
230.0, 0.11136845971281634
231.0, 0.11258146796864642
232.0, 0.11136655780958776
233.0, 0.11258023391734795
234.0, 0.1113654318235011
235.0, 0.1125796067558977
236.0, 0.11136467983442178
237.0, 0.11257977293127165
238.0, 0.11136504828782323
239.0, 0.1125803709743494
240.0, 0.11136608225786887
241.0, 0.11667155205210972
242.0, 0.11328011562399573
243.0, 0.0780527812840586
244.0, 0.07448983932358079
245.0, 0.07489975183669122
246.0, 0.07306821288205488
247.0, 0.07172704485034921
248.0, 0.07167968276885896
249.0, 0.07047545128072866
250.0, 0.07069487377749609
251.0, 0.06960022559708848
252.0, 0.0699538790958686
253.0, 0.06886391880019804
254.0, 0.06926816938842895
255.0, 0.06814563355160175
256.0, 0.068562075427099
257.0, 0.06736235900351725
258.0, 0.06775570733419356
259.0, 0.06646426296716791
260.0, 0.06726294231838272
261.0, 0.0657964474257852
262.0, 0.06607684690123417
263.0, 0.07993820849961679
264.0, 0.08060040021255412
265.0, 0.08078527606179396
266.0, 0.08110118140959503
267.0, 0.08125278165247957
268.0, 0.08152829912535713
269.0, 0.08164548885780662
270.0, 0.08187431225374178
271.0, 0.0819508691664484
272.0, 0.08213074821182616
273.0, 0.08210254071528444
274.0, 0.08238487984965881
275.0, 0.08242800187144024
276.0, 0.08186447284208759
277.0, 0.08226180065162968
278.0, 0.08243166846108359
279.0, 0.08217883750469074
280.0, 0.0821362594494185
281.0, 0.08195002446302324
282.0, 0.0818734859367757
spot_hold
0, 0
1, 0
2, 0
3, 0
4, 0
5, 0
6, 0
7, 0
8, 0
9, 0
10, 0
11, 0
12, 0
13, 0
14, 0
15, 0
16, 0
17, 0
18, 0
19, 0
20, 0
21, 0
22, 0
23, 0
24, 0
25, 0
26, 0
27, 0
28, 0
29, 0
30, 0
31, 0
32, 0
33, 0
34, 0
35, 0
36, 0
37, 0
38, 0
39, 0
40, 0
41, 1
42, 1
43, 1
44, 1
45, 1
46, 1
47, 1
48, 1
49, 1
50, 1
51, 1
52, 1
53, 1
54, 1
55, 1
56, 1
57, 1
58, 1
59, 1
60, 1
61, 1
62, 1
63, 1
64, 1
65, 1
66, 1
67, 1
68, 1
69, 1
70, 1
71, 1
72, 1
73, 1
74, 1
75, 1
76, 1
77, 1
78, 1
79, 1
80, 1
81, 1
82, 1
83, 1
84, 1
85, 1
86, 1
87, 1
88, 1
89, 1
90, 1
91, 1
92, 1
93, 1
94, 1
95, 1
96, 1
97, 1
98, 1
99, 1
100, 1
101, 1
102, 1
103, 1
104, 1
105, 1
106, 1
107, 1
108, 1
109, 1
110, 1
111, 1
112, 1
113, 1
114, 1
115, 1
116, 1
117, 1
118, 1
119, 1
120, 1
121, 1
122, 1
123, 1
124, 1
125, 1
126, 1
127, 1
128, 1
129, 1
130, 1
131, 1
132, 1
133, 1
134, 1
135, 1
136, 1
137, 1
138, 1
139, 1
140, 1
141, 1
142, 1
143, 1
144, 1
145, 1
146, 1
147, 1
148, 1
149, 1
150, 1
151, 1
152, 1
153, 1
154, 1
155, 1
156, 1
157, 1
158, 1
159, 1
160, 1
161, 1
162, 1
163, 1
164, 1
165, 1
166, 1
167, 1
168, 1
169, 1
170, 1
171, 1
172, 1
173, 1
174, 1
175, 1
176, 1
177, 1
178, 1
179, 1
180, 1
181, 1
182, 1
183, 1
184, 1
185, 1
186, 1
187, 1
188, 1
189, 1
190, 1
191, 1
192, 1
193, 1
194, 1
195, 1
196, 1
197, 1
198, 1
199, 1
200, 1
201, 1
202, 1
203, 1
204, 1
205, 1
206, 1
207, 1
208, 1
209, 1
210, 1
211, 1
212, 1
213, 1
214, 1
215, 1
216, 1
217, 1
218, 1
219, 1
220, 1
221, 1
222, 1
223, 1
224, 1
225, 1
226, 1
227, 1
228, 1
229, 1
230, 1
231, 1
232, 1
233, 1
234, 1
235, 1
236, 1
237, 1
238, 1
239, 1
240, 1
241, 1
242, 1
243, 1
244, 1
245, 1
246, 1
247, 1
248, 1
249, 1
250, 1
251, 1
252, 1
253, 1
254, 1
255, 1
256, 1
257, 1
258, 1
259, 1
260, 1
261, 1
262, 1
263, 1
264, 1
265, 1
266, 1
267, 1
268, 1
269, 1
270, 1
271, 1
272, 1
273, 1
274, 1
275, 1
276, 1
277, 1
278, 1
279, 1
280, 1
281, 1
282, 1
