bot_dist
0.0, 2.9161923946709445
1.0, 2.9190028913623105
2.0, 2.92184491134998
3.0, 2.924718362738094
4.0, 2.927623152977241
5.0, 2.930559188877574
6.0, 2.9335263766219226
7.0, 2.936524621778895
8.0, 2.939553829315973
9.0, 2.9426139036125845
10.0, 2.945704748473167
11.0, 2.9488262671402024
12.0, 2.951978362307225
13.0, 2.9551609361318136
14.0, 2.9583738902485335
15.0, 2.96161712578186
16.0, 2.9648905433590547
17.0, 2.968194043123001
18.0, 2.9715275247450035
19.0, 2.9748908874375277
20.0, 2.9782840299669036
21.0, 2.9817068506659625
22.0, 2.985159247446632
23.0, 2.988641117812464
24.0, 2.992152358871102
25.0, 2.9956928673466927
26.0, 2.99926253959222
27.0, 3.0028612716017826
28.0, 3.006488959022793
29.0, 3.0101454971681045
30.0, 3.0138307810280676
31.0, 3.017544705282503
32.0, 3.021287164312598
33.0, 3.0250580522127226
34.0, 3.028857262802158
35.0, 3.032684689636743
36.0, 3.036540226020432
37.0, 3.0404237650167616
38.0, 3.044335199460231
39.0, 3.0482744219675837
40.0, 3.0522413249489997
41.0, 3.05623580061919
42.0, 3.0602577410083938
43.0, 3.0643070379732755
44.0, 3.068383583207726
45.0, 3.072487268253555
46.0, 3.07661798451109
47.0, 3.080775623249663
48.0, 3.084960075617996
49.0, 3.089171232654483
50.0, 3.0934089852973563
51.0, 3.0976732243947556
52.0, 3.101963840714678
53.0, 3.1062807249548277
54.0, 3.110623767752347
55.0, 3.1149928596934373
56.0, 3.1193878913228748
57.0, 3.1238087531534036
58.0, 3.1282553356750222
59.0, 3.1327275293641565
60.0, 3.1372252246927115
61.0, 3.1417483121370173
62.0, 3.1462966821866525
63.0, 3.1508702253531573
64.0, 3.1554688321786277
65.0, 3.1600923932441956
66.0, 3.1647407991783902
67.0, 3.1694139406653887
68.0, 3.1741117084531414
69.0, 3.178833880484533
70.0, 3.18358045937462
71.0, 3.1883513361180897
72.0, 3.1931464018047517
73.0, 3.1979655476270827
74.0, 3.20280866488766
75.0, 3.2076756450064727
76.0, 3.2125663795281234
77.0, 3.2174807601289106
78.0, 3.2224186786237943
79.0, 3.2273800269732504
80.0, 3.232364697290008
81.0, 3.2373725818456736
82.0, 3.24240357307724
83.0, 3.247457563593482
84.0, 3.2525344461812393
85.0, 3.25763411381159
86.0, 3.262756459645904
87.0, 3.267901377041794
88.0, 3.2730687595589507
89.0, 3.278258500964866
90.0, 3.283470495240452
91.0, 3.2887046365855483
92.0, 3.293960819424317
93.0, 3.2992389384105363
94.0, 3.3045388884327833
95.0, 3.309860564619513
96.0, 3.315203862344027
97.0, 3.320568677229345
98.0, 3.325954905152963
99.0, 3.3313624422515193
100.0, 3.3367911849253438
101.0, 3.3367911849253438
102.0, 3.3367911849253438
103.0, 3.3367911849253438
104.0, 3.3367911849253438
105.0, 3.3367911849253438
106.0, 3.3367911849253438
107.0, 3.3367911849253438
108.0, 3.3367911849253438
109.0, 3.3367911849253438
110.0, 3.3367911849253438
111.0, 3.3367911849253438
112.0, 3.3367911849253438
113.0, 3.3367911849253438
114.0, 3.3367911849253438
115.0, 3.3367911849253438
116.0, 3.3367911849253438
117.0, 3.3367911849253438
118.0, 3.3367911849253438
119.0, 3.3367911849253438
120.0, 3.3367911849253438
121.0, 3.3367911849253438
122.0, 3.3367911849253438
123.0, 3.3367911849253438
124.0, 3.3367911849253438
125.0, 3.3367911849253438
126.0, 3.3367911849253438
127.0, 3.3367911849253438
128.0, 3.3367911849253438
129.0, 3.3367911849253438
130.0, 3.3367911849253438
131.0, 3.3313624422515193
132.0, 3.325954905152963
133.0, 3.320568677229345
134.0, 3.315203862344027
135.0, 3.309860564619513
136.0, 3.3045388884327833
137.0, 3.2992389384105363
138.0, 3.293960819424317
139.0, 3.2887046365855483
140.0, 3.283470495240452
141.0, 3.278258500964866
142.0, 3.2730687595589507
143.0, 3.272864787047494
144.0, 3.2677276843679697
145.0, 3.262613143431628
146.0, 3.2575212705091094
147.0, 3.2524521720640713
148.0, 3.24740595474724
149.0, 3.2423827253903736
150.0, 3.237382591000098
151.0, 3.1501259147038896
152.0, 3.063020194936851
153.0, 2.9760786344512153
154.0, 2.889316108703047
155.0, 2.802749244458502
156.0, 2.716396747962706
157.0, 2.6302797324809206
158.0, 2.544422107981559
159.0, 2.4588510466879887
160.0, 2.373597541652711
161.0, 2.288697079870738
162.0, 2.2041904570172184
163.0, 2.1201246764258235
164.0, 2.0365544404291187
165.0, 1.9535433464685013
166.0, 1.8711658121847645
167.0, 1.8678244031234097
168.0, 1.7889954933578576
169.0, 1.7113169293298685
170.0, 1.634952426576933
171.0, 1.5600949615107074
172.0, 1.486972154377779
173.0, 1.4158527939235752
174.0, 1.4143436930869144
175.0, 1.3503336043625456
176.0, 1.2895703454802894
177.0, 1.28910424394827
178.0, 1.2887155763565936
179.0, 1.2884044127827843
180.0, 1.2881708093911979
181.0, 1.2570567835533641
182.0, 1.2575861164640223
183.0, 1.2581947117691963
184.0, 1.2588824545128348
185.0, 1.2596492150562895
186.0, 1.2604948491996986
187.0, 1.261419198316481
188.0, 1.2624220895006528
189.0, 1.2635033357266507
190.0, 1.26466273602132
191.0, 1.2659000756477055
192.0, 1.2672151263002587
193.0, 1.2686076463110543
194.0, 1.2700773808665924
195.0, 1.1918201365069232
196.0, 1.1145146502045296
197.0, 1.0383735149744404
198.0, 1.0407549842149784
199.0, 0.9642243276979293
200.0, 0.8890318799096135
201.0, 0.8155478681730534
202.0, 0.7442784959156726
203.0, 0.6759246600755686
204.0, 0.6114649009787426
205.0, 0.5522644444235996
206.0, 0.5001941827280322
207.0, 0.4576941519293362
208.0, 0.427627367459752
209.0, 0.4127201309673354
210.0, 0.41461085372397627
211.0, 0.4330795838649609
212.0, 0.46616006297243456
213.0, 0.5110224995782221
214.0, 0.5648666198801068
215.0, 0.625376938861728
216.0, 0.6908038252305386
217.0, 0.7598783627226232
218.0, 0.8316922022014367
219.0, 0.8371916232542854
220.0, 0.9069306801363926
221.0, 0.9787598379562126
222.0, 1.052251158002395
223.0, 1.0567867224521115
224.0, 1.0613971279121446
225.0, 1.066081403404356
226.0, 1.0708385795181414
227.0, 1.0756676890376689
228.0, 1.0805677675417795
229.0, 1.0855378539766312
230.0, 1.0905769912012322
231.0, 1.0905769912012322
232.0, 1.0905769912012322
233.0, 1.0905769912012322
234.0, 1.0905769912012322
235.0, 1.0905769912012322
236.0, 1.0905769912012322
237.0, 1.0905769912012322
238.0, 1.0905769912012322
239.0, 1.0905769912012322
240.0, 1.0905769912012322
241.0, 1.0905769912012322
242.0, 1.0905769912012322
243.0, 1.0905769912012322
244.0, 1.0905769912012322
245.0, 1.0905769912012322
246.0, 1.0905769912012322
247.0, 1.0905769912012322
248.0, 1.0905769912012322
249.0, 1.0905769912012322
250.0, 1.0905769912012322
251.0, 1.0905769912012322
252.0, 1.0905769912012322
253.0, 1.0905769912012322
254.0, 1.0905769912012322
255.0, 1.0905769912012322
256.0, 1.0905769912012322
257.0, 1.0905769912012322
258.0, 1.0905769912012322
259.0, 1.0905769912012322
260.0, 1.0905769912012322
261.0, 1.0855378539766312
262.0, 1.0805677675417795
263.0, 1.0756676890376689
264.0, 1.0708385795181414
265.0, 1.066081403404356
266.0, 1.0613971279121446
267.0, 1.0567867224521115
268.0, 1.052251158002395
269.0, 1.0477914064541014
270.0, 1.0434084399295058
271.0, 1.0391032300732035
272.0, 1.0348767473165017
273.0, 1.030729960115441
274.0, 1.0266638341629417
275.0, 1.0226793315756924
276.0, 1.0187774100565026
277.0, 1.0149590220329805
278.0, 1.0112251137735015
279.0, 1.0075766244815805
280.0, 1.0040144853698774
281.0, 1.0005396187152016
282.0, 0.9971529368960215
ee_dist
0.0, 1.1888573016402288
1.0, 1.2334201403483713
2.0, 1.3328290330498727
3.0, 1.4205379911371396
4.0, 1.4507799403765693
5.0, 1.4764593970495683
6.0, 1.509598296794872
7.0, 1.542981538062127
8.0, 1.5777643268715096
9.0, 1.6117564435654315
10.0, 1.645499535205089
11.0, 1.6772397344604943
12.0, 1.707938346308097
13.0, 1.7359985461130893
14.0, 1.7634510788561508
15.0, 1.788011092276912
16.0, 1.8122310355822466
17.0, 1.8334335865259856
18.0, 1.854726927848843
19.0, 1.8730980133816788
20.0, 1.8919761451591395
21.0, 1.865205073392111
22.0, 1.8272351709581278
23.0, 1.7862338277208525
24.0, 1.7417171944236192
25.0, 1.6939234893264203
26.0, 1.642940830540823
27.0, 1.5890559625952951
28.0, 1.532409344010106
29.0, 1.4733865568426703
30.0, 1.4122059149365722
31.0, 1.3493804720623153
32.0, 1.2852453596119569
33.0, 1.2204832627570956
34.0, 1.1556181688914429
35.0, 1.0915911541334824
36.0, 1.029242164990989
37.0, 0.9698886431450557
38.0, 0.9148085057862402
39.0, 0.8657026583793364
40.0, 0.8243076090729607
41.0, 0.8381029098875865
42.0, 0.7984569702053729
43.0, 0.89430407338491
44.0, 0.8504631991502942
45.0, 0.8051502076271351
46.0, 0.7580473302868302
47.0, 0.7090003972558194
48.0, 0.6583201865119332
49.0, 0.6059811865698682
50.0, 0.5527137201243802
51.0, 0.499203299951291
52.0, 0.44607827520975424
53.0, 0.3937364101925879
54.0, 0.343240451117809
55.0, 0.29605360933344793
56.0, 0.2554386768960523
57.0, 0.22508978331319787
58.0, 0.2397679007354509
59.0, 0.2854433490700456
60.0, 0.3495843733976895
61.0, 0.4293332426989852
62.0, 0.5173519222964574
63.0, 0.6068104197609624
64.0, 0.6920256460959164
65.0, 0.7595991843912877
66.0, 0.8189436813988048
67.0, 0.8787265177084048
68.0, 0.9330626634882365
69.0, 0.9862458418253995
70.0, 1.0389038881490575
71.0, 1.0897391997930157
72.0, 1.1434830958302378
73.0, 1.203340171472191
74.0, 1.2676603598779606
75.0, 1.3431643049024313
76.0, 1.4279748341320495
77.0, 1.5223011166648965
78.0, 1.6212505275839997
79.0, 1.7198184985371234
80.0, 1.813503781418668
81.0, 1.8925864063811215
82.0, 1.9572066500137333
83.0, 2.0210396945548657
84.0, 2.0819118467111846
85.0, 2.141720940103548
86.0, 2.190561864712097
87.0, 2.2190788605682004
88.0, 2.2493135931914003
89.0, 2.2885967149583153
90.0, 2.338725576251033
91.0, 2.4221907154219138
92.0, 2.5139196877152017
93.0, 2.61555253178408
94.0, 2.721272948606319
95.0, 2.829109118305157
96.0, 2.929597805632802
97.0, 3.0207481136119947
98.0, 3.0922020762499045
99.0, 3.1613857159268663
100.0, 3.2265099548601768
101.0, 3.29213826098749
102.0, 3.353835700315607
103.0, 3.417919196970606
104.0, 3.479467374970179
105.0, 3.549585132707854
106.0, 3.622631366380874
107.0, 3.7043349379522494
108.0, 3.7944047076663154
109.0, 3.896000823376942
110.0, 4.0002648995762335
111.0, 4.109543562697413
112.0, 4.211624944894556
113.0, 4.307484865543169
114.0, 4.381533830114165
115.0, 4.449988992057693
116.0, 4.516171183690002
117.0, 4.5813416476508655
118.0, 4.64334000489272
119.0, 4.70771844548198
120.0, 4.7688282597927545
121.0, 4.811550210825635
122.0, 4.852230962468146
123.0, 4.894224114248416
124.0, 4.933628977930893
125.0, 4.973818589275815
126.0, 5.010919204372333
127.0, 5.048322036211754
128.0, 5.082192375779714
129.0, 5.115936170011775
130.0, 5.146249042722365
131.0, 5.174525615270952
132.0, 5.200220183210534
133.0, 5.2244062145120616
134.0, 5.244244212473575
135.0, 5.2724836499697725
136.0, 5.2765001780846355
137.0, 5.30643064813996
138.0, 5.298021402051988
139.0, 5.304358603426876
140.0, 5.306092124918975
141.0, 5.306396496349208
142.0, 5.301821800725986
143.0, 4.6627945473879215
144.0, 4.653151508613511
145.0, 4.6441792448867245
146.0, 4.63963704231499
147.0, 4.635780471086904
148.0, 4.636496617470479
149.0, 4.6378863071733
150.0, 4.643839252557179
151.0, 4.561005807433863
152.0, 4.480164211063806
153.0, 4.3974432762123135
154.0, 4.316718221153346
155.0, 4.2341226375992616
156.0, 4.153528103939095
157.0, 4.071073347276174
158.0, 3.9906253687577236
159.0, 3.908329246847119
160.0, 3.8280467044590467
161.0, 3.7459301139776935
162.0, 3.6658353365857534
163.0, 3.5839229519831037
164.0, 3.5040419360465096
165.0, 3.422363195214567
166.0, 3.3427275494539366
167.0, 3.3513895242090577
168.0, 3.274178449353299
169.0, 3.19537036545805
170.0, 3.102527776133665
171.0, 3.041954008825999
172.0, 2.9643601273257905
173.0, 2.887117515762415
174.0, 2.901448058197073
175.0, 2.8278088797019763
176.0, 2.7564627083430784
177.0, 2.7723206652722547
178.0, 2.791941366176997
179.0, 2.812009535240413
180.0, 2.8352631684369234
181.0, 2.7831148981200227
182.0, 2.7607580661362774
183.0, 2.7387628099003214
184.0, 2.7201846775874183
185.0, 2.7021041953747114
186.0, 2.687985183825531
187.0, 2.6744891317452004
188.0, 2.665368826902839
189.0, 2.6569737690463424
190.0, 2.653214265689232
191.0, 2.650246459899053
192.0, 2.6520018428539562
193.0, 2.6545762570229536
194.0, 2.6617798728071858
195.0, 2.5814154966946963
196.0, 2.503157787211672
197.0, 2.423331758180153
198.0, 2.434000777484838
199.0, 2.357478750825877
200.0, 2.283248076570633
201.0, 2.2078659797466127
202.0, 2.134561492874605
203.0, 2.0595468469763145
204.0, 1.978331201245726
205.0, 1.9024162793441544
206.0, 1.8269519382349204
207.0, 1.770371727032104
208.0, 1.7023112450441815
209.0, 1.636988011831261
210.0, 1.57883396306885
211.0, 1.5141633232421967
212.0, 1.4536400762211057
213.0, 1.3939617377898859
214.0, 1.3382108622027724
215.0, 1.284129569435539
216.0, 1.234550316378993
217.0, 1.1876017876034561
218.0, 1.145851417603179
219.0, 1.1710324228104276
220.0, 1.1409887322338883
221.0, 1.115740097804831
222.0, 1.0967522541403336
223.0, 1.0686508808514694
224.0, 1.0419310860694773
225.0, 1.015653478765408
226.0, 0.9916389178842796
227.0, 0.9682874252104645
228.0, 0.9480942793062983
229.0, 0.928818137695843
230.0, 0.9135460204758564
231.0, 0.8994412240649352
232.0, 0.8900454225253457
233.0, 0.8820125171519275
234.0, 0.8791486015548919
235.0, 0.8777334158205891
236.0, 0.8816253282774772
237.0, 0.8869122846701846
238.0, 0.8878609643860439
239.0, 0.8869122846701846
240.0, 0.8878609643860439
241.0, 0.8869122846701846
242.0, 0.8878609643860439
243.0, 0.8949668240465684
244.0, 0.9094109910633741
245.0, 0.9230150355356878
246.0, 0.9394835350869778
247.0, 0.9569644806937505
248.0, 0.9765379578764408
249.0, 0.9968748283348794
250.0, 1.0190994823891546
251.0, 1.0418114920923942
252.0, 1.06613584116531
253.0, 1.090646205997947
254.0, 1.1164154327835922
255.0, 1.142052750235878
256.0, 1.1685548446585725
257.0, 1.194631233038093
258.0, 1.2211942996703602
259.0, 1.2470970647796
260.0, 1.2721922712267257
261.0, 1.2974844693336842
262.0, 1.322513817601529
263.0, 1.293678044911438
264.0, 1.257679709539039
265.0, 1.2197132305186895
266.0, 1.1794738932488256
267.0, 1.1371504372737202
268.0, 1.092774501265346
269.0, 1.0465519320463132
270.0, 0.9985292073507012
271.0, 0.9489571224568174
272.0, 0.8979068423492512
273.0, 0.8456901743484871
274.0, 0.7924365121431622
275.0, 0.7385365536449464
276.0, 0.6841181514343797
277.0, 0.627309716069245
278.0, 0.5735644651789856
279.0, 0.521437968325128
280.0, 0.47175986090567795
281.0, 0.4259275533839621
282.0, 0.379138317287679
ee_box_dist
0.0, 0.6569518348122887
1.0, 0.7094798809085495
2.0, 0.7380408192576465
3.0, 0.7750200358440882
4.0, 0.8112537713317275
5.0, 0.8475431599455407
6.0, 0.8844543864176515
7.0, 0.9183721471560503
8.0, 0.9512495590634161
9.0, 0.9824800023919164
10.0, 1.0126173331345163
11.0, 1.040723795594591
12.0, 1.0675722209465053
13.0, 1.0920398729488463
14.0, 1.1158104681460785
15.0, 1.1370739403346979
16.0, 1.1579866559328489
17.0, 1.1762664219496137
18.0, 1.1946545974650706
19.0, 1.2104754709783168
20.0, 1.2268198766570666
21.0, 1.206838796368144
22.0, 1.1786545223569922
23.0, 1.1478315490888717
24.0, 1.1139591759074774
25.0, 1.0772063793553062
26.0, 1.0375571796195793
27.0, 0.9951982896250384
28.0, 0.9501145774458781
29.0, 0.9025407146015718
30.0, 0.8524693917437687
31.0, 0.8001900151335861
32.0, 0.7457272754934259
33.0, 0.6894721137919874
34.0, 0.6315414568551149
35.0, 0.5723881967201139
36.0, 0.5122413662702762
37.0, 0.4515590546269352
38.0, 0.39090932125104394
39.0, 0.3316786456532718
40.0, 0.2757689926088563
41.0, 0.28644095869588365
42.0, 0.29721685622646427
43.0, 0.30818436377155295
44.0, 0.31918621455519264
45.0, 0.3302857443966696
46.0, 0.34138076643197796
47.0, 0.35249254161423443
48.0, 0.3635808577960366
49.0, 0.3746231465496541
50.0, 0.3856227973968384
51.0, 0.3965325265046724
52.0, 0.40735508309978735
53.0, 0.41802652648098987
54.0, 0.42855353494555753
55.0, 0.43866004557494825
56.0, 0.44857451108058793
57.0, 0.45834015520447446
58.0, 0.4677169683957907
59.0, 0.47683417494798447
60.0, 0.4856322482586672
61.0, 0.4941912176645649
62.0, 0.502417709730663
63.0, 0.5104015432939698
64.0, 0.5180570069455291
65.0, 0.5254625620206975
66.0, 0.5325501258579535
67.0, 0.5393787724412341
68.0, 0.5458851171084441
69.0, 0.5521126024664776
70.0, 0.5580052373340364
71.0, 0.5636115136562434
72.0, 0.5688372425325587
73.0, 0.5737734595260268
74.0, 0.5783566397850611
75.0, 0.5826158493632234
76.0, 0.586504265845767
77.0, 0.5900439117147065
78.0, 0.5932172600612265
79.0, 0.5960285394657348
80.0, 0.5984433853068353
81.0, 0.6004809554367664
82.0, 0.6021086841686861
83.0, 0.6033484010526817
84.0, 0.6041534766291362
85.0, 0.6045531258910879
86.0, 0.6265874240963977
87.0, 0.672351710101439
88.0, 0.7106290364399617
89.0, 0.7433129215885228
90.0, 0.7675912331561499
91.0, 0.7662271638505717
92.0, 0.7671733755284794
93.0, 0.7662678886522144
94.0, 0.7671657583743899
95.0, 0.76627092075214
96.0, 0.7671762607022098
97.0, 0.7662937426664037
98.0, 0.7671808516791877
99.0, 0.7662987310222219
100.0, 0.7672091881162545
101.0, 0.7655447324432383
102.0, 0.7669194190986376
103.0, 0.7649593037730775
104.0, 0.7670280326897119
105.0, 0.7663000770429874
106.0, 0.7672008969410559
107.0, 0.7663027310175896
108.0, 0.7672008002097035
109.0, 0.7653106805502405
110.0, 0.7672192357409381
111.0, 0.7662870180332461
112.0, 0.7672027337588107
113.0, 0.7662991158263487
114.0, 0.7671926294601382
115.0, 0.766298588642387
116.0, 0.7671927886421087
117.0, 0.7662986570499442
118.0, 0.7671933101702976
119.0, 0.7662954628238015
120.0, 0.7671931854668887
121.0, 0.7662973087366209
122.0, 0.767192137724796
123.0, 0.7662980651767605
124.0, 0.7671916945458832
125.0, 0.7662977491070627
126.0, 0.7671909415377355
127.0, 0.7662972342331575
128.0, 0.7671910788233313
129.0, 0.7662954279132614
130.0, 0.766475552985286
131.0, 0.7669000668542977
132.0, 0.7671506532603785
133.0, 0.7663529605893984
134.0, 0.7671855676911269
135.0, 0.7545188993663186
136.0, 0.7677993856247664
137.0, 0.7472016287087445
138.0, 0.7669270062939564
139.0, 0.7663034214633712
140.0, 0.7671872904122137
141.0, 0.7662926262242117
142.0, 0.7671895685950076
143.0, 1.4704288063360134
144.0, 1.4628235450263793
145.0, 1.455313392543869
146.0, 1.4444253540781458
147.0, 1.4336306795123257
148.0, 1.4196207421584424
149.0, 1.4056972583812382
150.0, 1.388774739939945
151.0, 1.4537492470161688
152.0, 1.5190571506836545
153.0, 1.5875540205922176
154.0, 1.6558779021383612
155.0, 1.7270902346913564
156.0, 1.7977422429930734
157.0, 1.8710666997097714
158.0, 1.9435518053905483
159.0, 2.0185402111957136
160.0, 2.092476760917573
161.0, 2.1687956529426446
162.0, 2.2438983029090975
163.0, 2.321292773495806
164.0, 2.397342077583732
165.0, 2.4756193920371565
166.0, 2.5524476284697704
167.0, 2.542690791941423
168.0, 2.6179220979369315
169.0, 2.6953762866968636
170.0, 2.7863118106050213
171.0, 2.848227327460168
172.0, 2.9263951601134024
173.0, 3.0049617307141707
174.0, 2.993285336457233
175.0, 3.0702962658159265
176.0, 3.1459150803590794
177.0, 3.1343632304089772
178.0, 3.1191397966570804
179.0, 3.103745755702125
180.0, 3.0849721377283257
181.0, 3.1504988502749796
182.0, 3.167315591417465
183.0, 3.183968261664844
184.0, 3.197045161582164
185.0, 3.209935866227137
186.0, 3.2190040537617666
187.0, 3.227870603847895
188.0, 3.232751750312612
189.0, 3.2374109628756917
190.0, 3.2380073031775973
191.0, 3.2383668741327787
192.0, 3.2346709093759682
193.0, 3.2307190497375595
194.0, 3.222807043220902
195.0, 3.3021696334014137
196.0, 3.3799610953891066
197.0, 3.459861036986699
198.0, 3.450486082939456
199.0, 3.52854787772521
200.0, 3.6051014933568344
201.0, 3.683676735036722
202.0, 3.7610099484882857
203.0, 3.8408861744507914
204.0, 3.9252736494373255
205.0, 4.005318695499499
206.0, 4.087855295538241
207.0, 4.1594007833982864
208.0, 4.237879283298601
209.0, 4.316201037571433
210.0, 4.391245164399292
211.0, 4.472081288302548
212.0, 4.550823009812286
213.0, 4.631546388855326
214.0, 4.710578153765071
215.0, 4.791605543845763
216.0, 4.8708590654261155
217.0, 4.952102125616257
218.0, 5.031510584709833
219.0, 5.0251311300305455
220.0, 5.102917140639288
221.0, 5.182674153113139
222.0, 5.260740387486794
223.0, 5.268542591815079
224.0, 5.272244138739007
225.0, 5.275591451837356
226.0, 5.274728695509467
227.0, 5.2734976292612545
228.0, 5.268100686099739
229.0, 5.262400492603003
230.0, 5.25260668189918
231.0, 5.242524274722964
232.0, 5.228547621752428
233.0, 5.214313050425376
234.0, 5.196476823181362
235.0, 5.178418817689934
236.0, 5.157144180754078
237.0, 5.135688219215108
238.0, 5.1350395975429945
239.0, 5.135688029475833
240.0, 5.135039328469681
241.0, 5.135687669802686
242.0, 5.13503899710376
243.0, 5.132686411084076
244.0, 5.129666127555995
245.0, 5.127082397526401
246.0, 5.12312535676143
247.0, 5.118599715616827
248.0, 5.112825921381148
249.0, 5.106408068409389
250.0, 5.098668491241221
251.0, 5.090298531610155
252.0, 5.08061378377835
253.0, 5.070416931241577
254.0, 5.058995762464945
255.0, 5.047254008768857
256.0, 5.034437933126833
257.0, 5.021510054595998
258.0, 5.007678695065514
259.0, 4.993918955312848
260.0, 4.980033856185151
261.0, 4.965659027141166
262.0, 4.950890583317705
263.0, 4.977644421512226
264.0, 5.01140264306686
265.0, 5.045644683339741
266.0, 5.080465481958236
267.0, 5.115564435662785
268.0, 5.150678683004687
269.0, 5.185531949985642
270.0, 5.219868139886044
271.0, 5.253423310528319
272.0, 5.285957119655118
273.0, 5.317223293299633
274.0, 5.346994232213461
275.0, 5.375051613518426
276.0, 5.4016672236042975
277.0, 5.432075571387786
278.0, 5.453678845673536
279.0, 5.47238270309401
280.0, 5.488396765558299
281.0, 5.501793759119309
282.0, 5.52208938402614
spot_hold
0, 0
1, 0
2, 0
3, 0
4, 0
5, 0
6, 0
7, 0
8, 0
9, 0
10, 0
11, 0
12, 0
13, 0
14, 0
15, 0
16, 0
17, 0
18, 0
19, 0
20, 0
21, 0
22, 0
23, 0
24, 0
25, 0
26, 0
27, 0
28, 0
29, 0
30, 0
31, 0
32, 0
33, 0
34, 0
35, 0
36, 0
37, 0
38, 0
39, 0
40, 0
41, 1
42, 1
43, 1
44, 1
45, 1
46, 1
47, 1
48, 1
49, 1
50, 1
51, 1
52, 1
53, 1
54, 1
55, 1
56, 1
57, 1
58, 1
59, 1
60, 1
61, 1
62, 1
63, 1
64, 1
65, 1
66, 1
67, 1
68, 1
69, 1
70, 1
71, 1
72, 1
73, 1
74, 1
75, 1
76, 1
77, 1
78, 1
79, 1
80, 1
81, 1
82, 1
83, 1
84, 1
85, 1
86, 1
87, 1
88, 1
89, 1
90, 1
91, 1
92, 1
93, 1
94, 1
95, 1
96, 1
97, 1
98, 1
99, 1
100, 1
101, 1
102, 1
103, 1
104, 1
105, 1
106, 1
107, 1
108, 1
109, 1
110, 1
111, 1
112, 1
113, 1
114, 1
115, 1
116, 1
117, 1
118, 1
119, 1
120, 1
121, 1
122, 1
123, 1
124, 1
125, 1
126, 1
127, 1
128, 1
129, 1
130, 1
131, 1
132, 1
133, 1
134, 1
135, 1
136, 1
137, 1
138, 1
139, 1
140, 1
141, 1
142, 1
143, 1
144, 1
145, 1
146, 1
147, 1
148, 1
149, 1
150, 1
151, 1
152, 1
153, 1
154, 1
155, 1
156, 1
157, 1
158, 1
159, 1
160, 1
161, 1
162, 1
163, 1
164, 1
165, 1
166, 1
167, 1
168, 1
169, 1
170, 1
171, 1
172, 1
173, 1
174, 1
175, 1
176, 1
177, 1
178, 1
179, 1
180, 1
181, 1
182, 1
183, 1
184, 1
185, 1
186, 1
187, 1
188, 1
189, 1
190, 1
191, 1
192, 1
193, 1
194, 1
195, 1
196, 1
197, 1
198, 1
199, 1
200, 1
201, 1
202, 1
203, 1
204, 1
205, 1
206, 1
207, 1
208, 1
209, 1
210, 1
211, 1
212, 1
213, 1
214, 1
215, 1
216, 1
217, 1
218, 1
219, 1
220, 1
221, 1
222, 1
223, 1
224, 1
225, 1
226, 1
227, 1
228, 1
229, 1
230, 1
231, 1
232, 1
233, 1
234, 1
235, 1
236, 1
237, 1
238, 1
239, 1
240, 1
241, 1
242, 1
243, 1
244, 1
245, 1
246, 1
247, 1
248, 1
249, 1
250, 1
251, 1
252, 1
253, 1
254, 1
255, 1
256, 1
257, 1
258, 1
259, 1
260, 1
261, 1
262, 1
263, 1
264, 1
265, 1
266, 1
267, 1
268, 1
269, 1
270, 1
271, 1
272, 1
273, 1
274, 1
275, 1
276, 1
277, 1
278, 1
279, 1
280, 1
281, 1
282, 1
