bot_dist
0.0, 3.6004611217919713
1.0, 3.60675612562949
2.0, 3.613067839055161
3.0, 3.619396174651531
4.0, 3.625741045382044
5.0, 3.63210236459169
6.0, 3.63848004600761
7.0, 3.644874003739645
8.0, 3.651284152280829
9.0, 3.6577104065078365
10.0, 3.6641526816813794
11.0, 3.670610893446552
12.0, 3.6770849578331313
13.0, 3.6835747912558245
14.0, 3.690080310514479
15.0, 3.6966014327942376
16.0, 3.7031380756656525
17.0, 3.709690157084759
18.0, 3.7162575953931007
19.0, 3.722840309317713
20.0, 3.72943821797107
21.0, 3.7360512408509856
22.0, 3.7426792978404757
23.0, 3.7493223092075842
24.0, 3.7559801956051686
25.0, 3.7626528780706465
26.0, 3.769340278025709
27.0, 3.7760423172759947
28.0, 3.7827589180107335
29.0, 3.7894900028023475
30.0, 3.7962354946060266
31.0, 3.8029953167592683
32.0, 3.8097693929813805
33.0, 3.816557647372962
34.0, 3.823360004415343
35.0, 3.8301763889700005
36.0, 3.837006726277944
37.0, 3.84385094195907
38.0, 3.8507089620114896
39.0, 3.8575807128108295
40.0, 3.864466121109505
41.0, 3.871365114035966
42.0, 3.8782776190939203
43.0, 3.885203564161527
44.0, 3.892142877490572
45.0, 3.899095487705613
46.0, 3.9060613238031086
47.0, 3.913040315150515
48.0, 3.9200323914853707
49.0, 3.9270374829143573
50.0, 3.9340555199123295
51.0, 3.9410864333213422
52.0, 3.9481301543496437
53.0, 3.955186614570654
54.0, 3.9622557459219276
55.0, 3.9693374807040938
56.0, 3.9764317515797813
57.0, 3.983538491572524
58.0, 3.9906576340656534
59.0, 3.9977891128011738
60.0, 4.004932861878616
61.0, 4.012088815753885
62.0, 4.01925690923809
63.0, 4.02643707749635
64.0, 4.033629256046609
65.0, 4.040833380758406
66.0, 4.048049387851665
67.0, 4.055277213895445
68.0, 4.062516795806694
69.0, 4.06976807084899
70.0, 4.077030976631262
71.0, 4.084305451106507
72.0, 4.091591432570503
73.0, 4.098888859660491
74.0, 4.106197671353871
75.0, 4.113517806966873
76.0, 4.120849206153228
77.0, 4.128191808902821
78.0, 4.135545555540349
79.0, 4.142910386723959
80.0, 4.15028624344388
81.0, 4.157673067021059
82.0, 4.1650707991057745
83.0, 4.172479381676254
84.0, 4.179898757037284
85.0, 4.187328867818807
86.0, 4.1947696569745245
87.0, 4.202221067780483
88.0, 4.209683043833661
89.0, 4.2171555290505545
90.0, 4.22463846766575
91.0, 4.232131804230501
92.0, 4.239635483611289
93.0, 4.247149450988402
94.0, 4.254673651854482
95.0, 4.262208032013098
96.0, 4.26975253757729
97.0, 4.277307114968129
98.0, 4.284871710913266
99.0, 4.292446272445481
100.0, 4.300030746901233
101.0, 4.300030746901233
102.0, 4.300030746901233
103.0, 4.300030746901233
104.0, 4.300030746901233
105.0, 4.300030746901233
106.0, 4.300030746901233
107.0, 4.300030746901233
108.0, 4.300030746901233
109.0, 4.300030746901233
110.0, 4.300030746901233
111.0, 4.300030746901233
112.0, 4.300030746901233
113.0, 4.300030746901233
114.0, 4.300030746901233
115.0, 4.300030746901233
116.0, 4.300030746901233
117.0, 4.300030746901233
118.0, 4.300030746901233
119.0, 4.300030746901233
120.0, 4.300030746901233
121.0, 4.300030746901233
122.0, 4.300030746901233
123.0, 4.300030746901233
124.0, 4.300030746901233
125.0, 4.300030746901233
126.0, 4.300030746901233
127.0, 4.300030746901233
128.0, 4.300030746901233
129.0, 4.300030746901233
130.0, 4.300030746901233
131.0, 4.292446272445481
132.0, 4.284871710913266
133.0, 4.277307114968129
134.0, 4.26975253757729
135.0, 4.262208032013098
136.0, 4.254673651854482
137.0, 4.247149450988402
138.0, 4.239635483611289
139.0, 4.232131804230501
140.0, 4.22463846766575
141.0, 4.2171555290505545
142.0, 4.209683043833661
143.0, 4.206082073227045
144.0, 4.198637514634712
145.0, 4.1912035922265245
146.0, 4.183780362698981
147.0, 4.1763678830698385
148.0, 4.168966210679501
149.0, 4.161575403192411
150.0, 4.154195518598432
151.0, 4.0646751088711905
152.0, 3.9751703451216027
153.0, 3.88568226860296
154.0, 3.7962121023547364
155.0, 3.706761143278801
156.0, 3.6173308162658335
157.0, 3.5279226903404783
158.0, 3.4385384973066433
159.0, 3.349180153355197
160.0, 3.25984978419631
161.0, 3.1705497544036425
162.0, 3.0812827018144797
163.0, 2.992051578028221
164.0, 2.9028596962976123
165.0, 2.813710788429551
166.0, 2.7246090727274073
167.0, 2.716989445598391
168.0, 2.626804219754004
169.0, 2.5366381274418512
170.0, 2.4464931133590913
171.0, 2.3563715966041325
172.0, 2.2662763803868784
173.0, 2.176210731239897
174.0, 2.1685599852333115
175.0, 2.0779547835507626
176.0, 1.9873846529999804
177.0, 1.9797792962863014
178.0, 1.9721953160492103
179.0, 1.9646329598445442
180.0, 1.9570924783431052
181.0, 1.8708301938361938
182.0, 1.8634287859704721
183.0, 1.8560517412551127
184.0, 1.8486993513460794
185.0, 1.8413719115749607
186.0, 1.8340697209827017
187.0, 1.8267930823529075
188.0, 1.7375747997856525
189.0, 1.7303060606943144
190.0, 1.6424911900965788
191.0, 1.5548386654775919
192.0, 1.4673773759440105
193.0, 1.380143678335502
194.0, 1.2931836311659295
195.0, 1.206556404247425
196.0, 1.120339203542562
197.0, 1.0346345378959745
198.0, 0.9495811943530581
199.0, 0.8653712405549843
200.0, 0.7822770896167761
201.0, 0.700695816704969
202.0, 0.6212237373163729
203.0, 0.5447846893147138
204.0, 0.4728518851258449
205.0, 0.40781683936704954
206.0, 0.35350723517988053
207.0, 0.31551113740507725
208.0, 0.300090506310507
209.0, 0.3106259290170028
210.0, 0.34474591400999144
211.0, 0.3964063273427976
212.0, 0.4597319479395275
213.0, 0.4605279910797769
214.0, 0.5345624190599754
215.0, 0.6124681351463864
216.0, 0.6148578608628135
217.0, 0.6174003248933612
218.0, 0.6200936485004435
219.0, 0.6229358749191488
220.0, 0.6259249757203413
221.0, 0.6290588571972139
222.0, 0.6323353667355244
223.0, 0.635752299130224
224.0, 0.6393074028139453
225.0, 0.6429983859657729
226.0, 0.6468229224718277
227.0, 0.6507786577123851
228.0, 0.6548632141534609
229.0, 0.6590741967240108
230.0, 0.6634091979630138
231.0, 0.6634091979630138
232.0, 0.6634091979630138
233.0, 0.6634091979630138
234.0, 0.6634091979630138
235.0, 0.6634091979630138
236.0, 0.6634091979630138
237.0, 0.6634091979630138
238.0, 0.6634091979630138
239.0, 0.6634091979630138
240.0, 0.6634091979630138
241.0, 0.6634091979630138
242.0, 0.6634091979630138
243.0, 0.6634091979630138
244.0, 0.6634091979630138
245.0, 0.6634091979630138
246.0, 0.6634091979630138
247.0, 0.6634091979630138
248.0, 0.6634091979630138
249.0, 0.6634091979630138
250.0, 0.6634091979630138
251.0, 0.6634091979630138
252.0, 0.6634091979630138
253.0, 0.6634091979630138
254.0, 0.6634091979630138
255.0, 0.6634091979630138
256.0, 0.6634091979630138
257.0, 0.6634091979630138
258.0, 0.6634091979630138
259.0, 0.6634091979630138
260.0, 0.6634091979630138
261.0, 0.6590741967240108
262.0, 0.6548632141534609
263.0, 0.6507786577123851
264.0, 0.6468229224718277
265.0, 0.6429983859657729
266.0, 0.6393074028139453
267.0, 0.635752299130224
268.0, 0.6323353667355244
269.0, 0.6290588571972139
270.0, 0.6259249757203413
271.0, 0.6229358749191488
272.0, 0.6200936485004435
273.0, 0.6174003248933612
274.0, 0.6148578608628135
275.0, 0.6124681351463864
276.0, 0.6102329421566163
277.0, 0.6081539857923143
278.0, 0.606232873403915
279.0, 0.6044711099586038
280.0, 0.6028700924512146
281.0, 0.6014311046065178
282.0, 0.6001553119175292
ee_dist
0.0, 0.8399497832360008
1.0, 0.8313888830139815
2.0, 0.8981146739007011
3.0, 0.9697375227726284
4.0, 0.9943841215009379
5.0, 1.0193902385733744
6.0, 1.054858514102995
7.0, 1.092110526043579
8.0, 1.1290489914996709
9.0, 1.1650116906286907
10.0, 1.2002708358367749
11.0, 1.2331795129697043
12.0, 1.264648175998084
13.0, 1.293264744090256
14.0, 1.3226840253947572
15.0, 1.3490290203490802
16.0, 1.372878111293415
17.0, 1.3943290924080458
18.0, 1.4155671347622019
19.0, 1.4338553975041117
20.0, 1.452459157576025
21.0, 1.430009010034949
22.0, 1.3979591838191368
23.0, 1.363067347802569
24.0, 1.3248475117056262
25.0, 1.2834646479797664
26.0, 1.2389058951511525
27.0, 1.1913596269831945
28.0, 1.140827462802369
29.0, 1.0875586603955536
30.0, 1.0315775432902903
31.0, 0.9732040840915028
32.0, 0.9124994299190432
33.0, 0.849872312440435
34.0, 0.7854596020960714
35.0, 0.7198345757502377
36.0, 0.6533371172129421
37.0, 0.586893950008333
38.0, 0.5213277188593802
39.0, 0.45826193433354484
40.0, 0.39871740309721493
41.0, 0.41413043254887727
42.0, 0.6648373152288536
43.0, 1.256646973252019
44.0, 1.2195245678599593
45.0, 1.1800437348124369
46.0, 1.1384399004076902
47.0, 1.0941323359995512
48.0, 1.0476593578629294
49.0, 0.9986389323191979
50.0, 0.9478480471218353
51.0, 0.8955606591737474
52.0, 0.8420336403223422
53.0, 0.7872786831836392
54.0, 0.7313775557609971
55.0, 0.6744271176086795
56.0, 0.617237444580049
57.0, 0.5600250967704234
58.0, 0.6175368550034811
59.0, 0.6942759325736738
60.0, 0.7795180724777063
61.0, 0.8728085556635209
62.0, 0.9684880094274464
63.0, 1.0614594453159445
64.0, 1.147872731583051
65.0, 1.2142346100702586
66.0, 1.2699606949169233
67.0, 1.3270526751712286
68.0, 1.3797410683771518
69.0, 1.4321485868418684
70.0, 1.485152268147976
71.0, 1.5365366377369087
72.0, 1.5934922156597915
73.0, 1.6555423548816477
74.0, 1.7223773181859061
75.0, 1.8002439234322094
76.0, 1.8873077763385073
77.0, 1.9836742089730184
78.0, 2.0841349564948457
79.0, 2.1834913993639526
80.0, 2.2773746883261605
81.0, 2.3558810517373514
82.0, 2.419295304844158
83.0, 2.4815247995657637
84.0, 2.5414263027075044
85.0, 2.6006939378578102
86.0, 2.6495867738440584
87.0, 2.6780683602692834
88.0, 2.7088015523402253
89.0, 2.7485928524980703
90.0, 2.798424910239316
91.0, 2.8842152440132005
92.0, 2.976557169570512
93.0, 3.080276177391459
94.0, 3.1863568565005265
95.0, 3.2957344716500128
96.0, 3.395686564193521
97.0, 3.4875085203345635
98.0, 3.557636998368891
99.0, 3.626688118828685
100.0, 3.6903580082217786
101.0, 3.7558609987536
102.0, 3.8169607132899674
103.0, 3.881283612103976
104.0, 3.9435091519467855
105.0, 4.015093641028158
106.0, 4.088010940228603
107.0, 4.171305448145155
108.0, 4.261218523426698
109.0, 4.363420222912882
110.0, 4.468529577977675
111.0, 4.579125260639932
112.0, 4.680521587975128
113.0, 4.77718674582295
114.0, 4.850034402440814
115.0, 4.899240271925985
116.0, 4.943886653239384
117.0, 4.990785450081045
118.0, 5.0325649125688425
119.0, 5.076057225975548
120.0, 5.117047063186053
121.0, 5.151928960630031
122.0, 5.186212033273858
123.0, 5.219878568751468
124.0, 5.247619051855644
125.0, 5.27551401892996
126.0, 5.297030131263502
127.0, 5.31852229515188
128.0, 5.333368926209581
129.0, 5.348043763551762
130.0, 5.355902919875486
131.0, 5.363492131558914
132.0, 5.364185536212949
133.0, 5.364565083787476
134.0, 5.358050155885976
135.0, 5.351244246759468
136.0, 5.337621041991983
137.0, 5.323791236287914
138.0, 5.303302532651696
139.0, 5.2827573827258
140.0, 5.255785082333739
141.0, 5.22744442002851
142.0, 5.225821348036232
143.0, 4.601518978016593
144.0, 4.591346024625563
145.0, 4.580148532731462
146.0, 4.57505875487482
147.0, 4.5688598991246545
148.0, 4.569032862283377
149.0, 4.568040687597032
150.0, 4.573475511124846
151.0, 4.4890674656778415
152.0, 4.408481147846682
153.0, 4.324136392577726
154.0, 4.243617492796305
155.0, 4.159343644296507
156.0, 4.078900498711411
157.0, 3.994707165848559
158.0, 3.9143484553312233
159.0, 3.830246307742808
160.0, 3.7499831993364854
161.0, 3.6659849895912067
162.0, 3.585830410797339
163.0, 3.501951414531602
164.0, 3.421920684201862
165.0, 3.3381782739880568
166.0, 3.258290683330634
167.0, 3.2641404540324697
168.0, 3.1861236701363116
169.0, 3.104591333955204
170.0, 3.02694688274527
171.0, 2.945831036026701
172.0, 2.86862100429679
173.0, 2.787994006200257
174.0, 2.801438926384793
175.0, 2.7240814102216975
176.0, 2.650702361826368
177.0, 2.663744974682248
178.0, 2.6823882753489756
179.0, 2.7000105447516005
180.0, 2.722497181878136
181.0, 2.664975755849977
182.0, 2.644813881631746
183.0, 2.6236817504765613
184.0, 2.607713810059075
185.0, 2.590707260037187
186.0, 2.5795416530589055
187.0, 2.5673021568789394
188.0, 2.4894744547324366
189.0, 2.4795509504579027
190.0, 2.400017860426951
191.0, 2.3168433355064564
192.0, 2.2375927791861034
193.0, 2.1547412737620926
194.0, 2.0758402424745297
195.0, 1.9933920903619795
196.0, 1.9149306856388137
197.0, 1.8329947208584692
198.0, 1.7550959805774313
199.0, 1.6738228159473236
200.0, 1.5966589563806257
201.0, 1.5162623596825633
202.0, 1.4363197191097299
203.0, 1.335615596581747
204.0, 1.2637587508365549
205.0, 1.2021091474661532
206.0, 1.1317930712046813
207.0, 1.0603112308017655
208.0, 0.9896022310608791
209.0, 0.9199574579897858
210.0, 0.8518911949506301
211.0, 0.7877422735275262
212.0, 0.7276273795888271
213.0, 0.7075683002285171
214.0, 0.6464971576805261
215.0, 0.5885333417302312
216.0, 0.5694303423673536
217.0, 0.5504046203974259
218.0, 0.5372003606048817
219.0, 0.524212948950745
220.0, 0.5182033791804204
221.0, 0.5125510228221558
222.0, 0.5144491695163668
223.0, 0.5167199515770733
224.0, 0.5263629837633619
225.0, 0.5362358986568746
226.0, 0.5526226695956881
227.0, 0.5690175738147062
228.0, 0.5906561699856613
229.0, 0.5894711575296893
230.0, 0.5906563434405445
231.0, 0.5895334884648549
232.0, 0.5906536294916378
233.0, 0.5894235381250812
234.0, 0.5906606174399336
235.0, 0.5894279100141526
236.0, 0.5906600817037432
237.0, 0.5894313129534929
238.0, 0.5906595420066415
239.0, 0.5894344269598047
240.0, 0.5906590780294283
241.0, 0.5894371164639611
242.0, 0.5906590441305576
243.0, 0.5970504982487422
244.0, 0.6091211300005442
245.0, 0.622305072353849
246.0, 0.6375037286992528
247.0, 0.6536490526864503
248.0, 0.671502378323239
249.0, 0.6899626046082912
250.0, 0.7098561571527373
251.0, 0.7300782771103633
252.0, 0.7514504715996365
253.0, 0.7729083882906598
254.0, 0.7952080365479421
255.0, 0.817369142045473
256.0, 0.8400527198549669
257.0, 0.8623934491138093
258.0, 0.8849558696126636
259.0, 0.9070006227057296
260.0, 0.9290266387394914
261.0, 0.9503666179011769
262.0, 0.971498341787592
263.0, 0.952400827900234
264.0, 0.929623227849273
265.0, 0.9059130943012487
266.0, 0.8811323836100906
267.0, 0.8554885867601473
268.0, 0.8290399347983523
269.0, 0.8020273981208439
270.0, 0.7745345568575498
271.0, 0.7468569751150544
272.0, 0.7191129925067874
273.0, 0.6916615172522986
274.0, 0.6646758922336549
275.0, 0.6383923212202425
276.0, 0.6134765514248578
277.0, 0.5899711343419638
278.0, 0.568122300880177
279.0, 0.5486649848225854
280.0, 0.5316738195783139
281.0, 0.5182980930839313
282.0, 0.5108645090588035
ee_box_dist
0.0, 0.8734733982010244
1.0, 0.9107092711410264
2.0, 0.9408106569773305
3.0, 0.973196651011368
4.0, 1.0074943685599176
5.0, 1.043387272361442
6.0, 1.080479603859964
7.0, 1.1146748146108376
8.0, 1.1477605133371382
9.0, 1.1796280374575538
10.0, 1.210535339637652
11.0, 1.239358741596323
12.0, 1.2670548416101473
13.0, 1.2922724724209727
14.0, 1.3185565217816155
15.0, 1.3421169826845398
16.0, 1.36347413098613
17.0, 1.382691105897167
18.0, 1.4019194780199125
19.0, 1.4184111093373135
20.0, 1.4354085783324428
21.0, 1.41085624098561
22.0, 1.3765312735141244
23.0, 1.3392621466209407
24.0, 1.2985895064709667
25.0, 1.254706885539513
26.0, 1.2076292401224409
27.0, 1.1575699925979543
28.0, 1.1045568378863153
29.0, 1.0488632201288988
30.0, 0.9905396122019229
31.0, 0.9299325410806355
32.0, 0.8671447083795796
33.0, 0.8026354796412981
34.0, 0.7366262782102136
35.0, 0.6697434800857149
36.0, 0.6024549046050592
37.0, 0.5357132276233442
38.0, 0.4706307017628323
39.0, 0.40929651793842764
40.0, 0.35988614450006723
41.0, 0.3736215023597855
42.0, 0.3883555069374962
43.0, 0.40303106812136724
44.0, 0.4178361206761442
45.0, 0.4325348799905258
46.0, 0.447294233189707
47.0, 0.46190126797680336
48.0, 0.4764950259380365
49.0, 0.4909291509841812
50.0, 0.5052664946262498
51.0, 0.5194505133221172
52.0, 0.5334689335256925
53.0, 0.547306964400159
54.0, 0.5609207118456108
55.0, 0.5742939665460173
56.0, 0.5873830073472058
57.0, 0.6001885052436966
58.0, 0.6126781767974914
59.0, 0.6248782719424031
60.0, 0.6367403101992017
61.0, 0.648311579470542
62.0, 0.659528728458465
63.0, 0.6704423351401929
64.0, 0.6809950821134363
65.0, 0.6912319031070976
66.0, 0.7011045948382874
67.0, 0.710648054462545
68.0, 0.719817839895407
69.0, 0.7286391926808272
70.0, 0.7370732692759692
71.0, 0.7451418217095603
72.0, 0.7528104991530106
73.0, 0.7600973334164102
74.0, 0.7669665205472126
75.0, 0.7734314282487221
76.0, 0.7794704510263817
77.0, 0.7851081548829506
78.0, 0.7903013767875
79.0, 0.7950625496733432
80.0, 0.7993677131300141
81.0, 0.8032217256491612
82.0, 0.8065911273428582
83.0, 0.8094963195559455
84.0, 0.8119062102200404
85.0, 0.813823443621048
86.0, 0.8332907181825606
87.0, 0.8779229877804636
88.0, 0.9175699603806139
89.0, 0.9516646461294046
90.0, 0.9787993336156737
91.0, 0.976244540381282
92.0, 0.9780184942629279
93.0, 0.9762194495343438
94.0, 0.9780183751994079
95.0, 0.9761842425525106
96.0, 0.9780181807601112
97.0, 0.9761633087424262
98.0, 0.9780098502099536
99.0, 0.9761407164773598
100.0, 0.9780167960118071
101.0, 0.9761266124686795
102.0, 0.9780067758870323
103.0, 0.9761042347767245
104.0, 0.9779975550988667
105.0, 0.9760979561505924
106.0, 0.9780020423532547
107.0, 0.9760964285988513
108.0, 0.9780034834006811
109.0, 0.9760935770534523
110.0, 0.9780041275298594
111.0, 0.9760896029108581
112.0, 0.9780008972206311
113.0, 0.9760862764992211
114.0, 0.977996824531987
115.0, 0.9760855079847718
116.0, 0.9780033601656987
117.0, 0.9760802002090666
118.0, 0.9780020531623252
119.0, 0.9760796364124983
120.0, 0.9745849952569524
121.0, 0.9773479273572202
122.0, 0.9779487450645546
123.0, 0.9763021595136452
124.0, 0.9780093562342788
125.0, 0.9762262128628564
126.0, 0.9780016790666787
127.0, 0.9761811201403426
128.0, 0.9780032889745212
129.0, 0.9761551700698914
130.0, 0.9780043710169137
131.0, 0.9761376019934063
132.0, 0.9780063910179077
133.0, 0.9761247899795452
134.0, 0.9780074411884085
135.0, 0.9761155694288774
136.0, 0.9780093593323859
137.0, 0.9761096513273296
138.0, 0.9780104010051177
139.0, 0.9761059202673246
140.0, 0.9780121327897581
141.0, 0.9761038392520873
142.0, 0.9780132012237626
143.0, 1.6996536660395807
144.0, 1.6934728718894594
145.0, 1.6888535493142829
146.0, 1.6791043764976334
147.0, 1.6708718111954035
148.0, 1.657710129452324
149.0, 1.6459844434434014
150.0, 1.6296213352511562
151.0, 1.6994390447533443
152.0, 1.7675801647917047
153.0, 1.839884591998727
154.0, 1.9101226519929588
155.0, 1.9843938893903523
156.0, 2.0562963405908485
157.0, 2.1321392194920334
158.0, 2.205379094047444
159.0, 2.2824924023967816
160.0, 2.3568187752198297
161.0, 2.434970477379169
162.0, 2.5101888798195335
163.0, 2.5891975799118003
164.0, 2.665156190910948
165.0, 2.744879780373564
166.0, 2.821457484101334
167.0, 2.8126808296210943
168.0, 2.887608242630524
169.0, 2.9662985591123903
170.0, 3.0419033989240676
171.0, 3.121255227339226
172.0, 3.1974406733568697
173.0, 3.2773611055088936
174.0, 3.2646433247151316
175.0, 3.342657891030333
176.0, 3.417594802031145
177.0, 3.4067723555130938
178.0, 3.3906985510228926
179.0, 3.375931591695043
180.0, 3.3563539723589635
181.0, 3.4224078394191197
182.0, 3.438671653091572
183.0, 3.4561923108919106
184.0, 3.4686155859300754
185.0, 3.4824077624827567
186.0, 3.490733282819637
187.0, 3.5005033346147894
188.0, 3.579551076976727
189.0, 3.587091366906706
190.0, 3.6672383654866114
191.0, 3.751093205360132
192.0, 3.8313517464806717
193.0, 3.9153198112634695
194.0, 3.9956765050411134
195.0, 4.079744422681668
196.0, 4.1601875934058725
197.0, 4.24434393470247
198.0, 4.324863748539625
199.0, 4.409098759316081
200.0, 4.489689048469195
201.0, 4.5739957949723875
202.0, 4.65756678642554
203.0, 4.750576065993614
204.0, 4.834755080738081
205.0, 4.904176860795485
206.0, 4.9871801245179075
207.0, 5.065531954660713
208.0, 5.146061785109704
209.0, 5.233542051594401
210.0, 5.31668399267204
211.0, 5.39910746439247
212.0, 5.481226808161043
213.0, 5.484450275611832
214.0, 5.566221072158471
215.0, 5.65077218331151
216.0, 5.64923107009546
217.0, 5.648510884507765
218.0, 5.642323943138364
219.0, 5.637110372343296
220.0, 5.626478991297522
221.0, 5.616856448294468
222.0, 5.602063895556639
223.0, 5.588233805190814
224.0, 5.569651156159122
225.0, 5.551921112652898
226.0, 5.530006685792971
227.0, 5.5087926423628994
228.0, 5.484086816688691
229.0, 5.484997376434082
230.0, 5.484088481519637
231.0, 5.484965557213857
232.0, 5.4841062900447275
233.0, 5.4850534489514695
234.0, 5.484108972315063
235.0, 5.485054506883611
236.0, 5.484111413456248
237.0, 5.485052772121513
238.0, 5.4841124674311645
239.0, 5.485048349184687
240.0, 5.4841051971166115
241.0, 5.485036915347214
242.0, 5.484096819510661
243.0, 5.4842051134931475
244.0, 5.4842209254797245
245.0, 5.483587231373789
246.0, 5.481825955340332
247.0, 5.4793324504957335
248.0, 5.475606517585738
249.0, 5.4710751179662145
250.0, 5.46526658293766
251.0, 5.458680383403169
252.0, 5.45084218989425
253.0, 5.442359026617675
254.0, 5.432725191630849
255.0, 5.422641645623808
256.0, 5.411552431968065
257.0, 5.400229823840963
258.0, 5.38807527935396
259.0, 5.375898667153217
260.0, 5.363058110184801
261.0, 5.350418832240083
262.0, 5.337286179797663
263.0, 5.35906201099998
264.0, 5.3864787950057105
265.0, 5.4142363836566885
266.0, 5.442410680243606
267.0, 5.470765182632338
268.0, 5.499087110964607
269.0, 5.527155693779222
270.0, 5.5547646382703055
271.0, 5.581701656858586
272.0, 5.607773122748765
273.0, 5.632782497861141
274.0, 5.656550211666412
275.0, 5.678489334910309
276.0, 5.6997491082161575
277.0, 5.718973093445557
278.0, 5.73665145045659
279.0, 5.752424160246574
280.0, 5.766444987070234
281.0, 5.778032198873539
282.0, 5.788013802814761
spot_hold
0, 0
1, 0
2, 0
3, 0
4, 0
5, 0
6, 0
7, 0
8, 0
9, 0
10, 0
11, 0
12, 0
13, 0
14, 0
15, 0
16, 0
17, 0
18, 0
19, 0
20, 0
21, 0
22, 0
23, 0
24, 0
25, 0
26, 0
27, 0
28, 0
29, 0
30, 0
31, 0
32, 0
33, 0
34, 0
35, 0
36, 0
37, 0
38, 0
39, 0
40, 0
41, 1
42, 1
43, 1
44, 1
45, 1
46, 1
47, 1
48, 1
49, 1
50, 1
51, 1
52, 1
53, 1
54, 1
55, 1
56, 1
57, 1
58, 1
59, 1
60, 1
61, 1
62, 1
63, 1
64, 1
65, 1
66, 1
67, 1
68, 1
69, 1
70, 1
71, 1
72, 1
73, 1
74, 1
75, 1
76, 1
77, 1
78, 1
79, 1
80, 1
81, 1
82, 1
83, 1
84, 1
85, 1
86, 1
87, 1
88, 1
89, 1
90, 1
91, 1
92, 1
93, 1
94, 1
95, 1
96, 1
97, 1
98, 1
99, 1
100, 1
101, 1
102, 1
103, 1
104, 1
105, 1
106, 1
107, 1
108, 1
109, 1
110, 1
111, 1
112, 1
113, 1
114, 1
115, 1
116, 1
117, 1
118, 1
119, 1
120, 1
121, 1
122, 1
123, 1
124, 1
125, 1
126, 1
127, 1
128, 1
129, 1
130, 1
131, 1
132, 1
133, 1
134, 1
135, 1
136, 1
137, 1
138, 1
139, 1
140, 1
141, 1
142, 1
143, 1
144, 1
145, 1
146, 1
147, 1
148, 1
149, 1
150, 1
151, 1
152, 1
153, 1
154, 1
155, 1
156, 1
157, 1
158, 1
159, 1
160, 1
161, 1
162, 1
163, 1
164, 1
165, 1
166, 1
167, 1
168, 1
169, 1
170, 1
171, 1
172, 1
173, 1
174, 1
175, 1
176, 1
177, 1
178, 1
179, 1
180, 1
181, 1
182, 1
183, 1
184, 1
185, 1
186, 1
187, 1
188, 1
189, 1
190, 1
191, 1
192, 1
193, 1
194, 1
195, 1
196, 1
197, 1
198, 1
199, 1
200, 1
201, 1
202, 1
203, 1
204, 1
205, 1
206, 1
207, 1
208, 1
209, 1
210, 1
211, 1
212, 1
213, 1
214, 1
215, 1
216, 1
217, 1
218, 1
219, 1
220, 1
221, 1
222, 1
223, 1
224, 1
225, 1
226, 1
227, 1
228, 1
229, 1
230, 1
231, 1
232, 1
233, 1
234, 1
235, 1
236, 1
237, 1
238, 1
239, 1
240, 1
241, 1
242, 1
243, 1
244, 1
245, 1
246, 1
247, 1
248, 1
249, 1
250, 1
251, 1
252, 1
253, 1
254, 1
255, 1
256, 1
257, 1
258, 1
259, 1
260, 1
261, 1
262, 1
263, 1
264, 1
265, 1
266, 1
267, 1
268, 1
269, 1
270, 1
271, 1
272, 1
273, 1
274, 1
275, 1
276, 1
277, 1
278, 1
279, 1
280, 1
281, 1
282, 1
