bot_dist
0.0, 3.912817313320231
1.0, 3.9198089730082986
2.0, 3.926813650016095
3.0, 3.9338312748067374
4.0, 3.940861778210575
5.0, 3.947905091424179
6.0, 3.954961146009329
7.0, 3.962029873891971
8.0, 3.9691112073611596
9.0, 3.9762050790679826
10.0, 3.983311422024472
11.0, 3.990430169602488
12.0, 3.9975612555326023
13.0, 4.004704613902951
14.0, 4.011860179158079
15.0, 4.019027886097773
16.0, 4.026207669875874
17.0, 4.033399465999075
18.0, 4.040603210325713
19.0, 4.0478188390645435
20.0, 4.055046288773498
21.0, 4.0622854963584425
22.0, 4.069536399071904
23.0, 4.076798934511807
24.0, 4.084073040620188
25.0, 4.091358655681896
26.0, 4.098655718323296
27.0, 4.105964167510947
28.0, 4.113283942550284
29.0, 4.120614983084282
30.0, 4.127957229092119
31.0, 4.135310620887821
32.0, 4.14267509911891
33.0, 4.150050604765039
34.0, 4.157437079136615
35.0, 4.164834463873426
36.0, 4.172242700943252
37.0, 4.179661732640472
38.0, 4.187091501584674
39.0, 4.1945319507192425
40.0, 4.201983023309956
41.0, 4.209444662943572
42.0, 4.216916813526405
43.0, 4.22439941928291
44.0, 4.231892424754251
45.0, 4.239395774796872
46.0, 4.246909414581062
47.0, 4.254433289589517
48.0, 4.261967345615899
49.0, 4.269511528763392
50.0, 4.277065785443255
51.0, 4.284630062373375
52.0, 4.292204306576814
53.0, 4.299788465380355
54.0, 4.307382486413051
55.0, 4.314986317604766
56.0, 4.322599907184719
57.0, 4.330223203680021
58.0, 4.337856155914222
59.0, 4.345498713005851
60.0, 4.353150824366946
61.0, 4.360812439701605
62.0, 4.368483509004519
63.0, 4.376163982559515
64.0, 4.383853810938087
65.0, 4.391552944997949
66.0, 4.399261335881565
67.0, 4.406978935014698
68.0, 4.414705694104947
69.0, 4.422441565140294
70.0, 4.430186500387648
71.0, 4.437940452391391
72.0, 4.445703373971928
73.0, 4.453475218224235
74.0, 4.46125593851641
75.0, 4.469045488488232
76.0, 4.476843822049705
77.0, 4.484650893379634
78.0, 4.492466656924169
79.0, 4.500291067395375
80.0, 4.508124079769804
81.0, 4.515965649287049
82.0, 4.5238157314483285
83.0, 4.531674282015058
84.0, 4.539541257007424
85.0, 4.547416612702966
86.0, 4.555300305635165
87.0, 4.563192292592025
88.0, 4.571092530614671
89.0, 4.579000976995936
90.0, 4.586917589278967
91.0, 4.594842325255821
92.0, 4.602775142966079
93.0, 4.610716000695449
94.0, 4.618664856974382
95.0, 4.626621670576693
96.0, 4.634586400518183
97.0, 4.642559006055262
98.0, 4.650539446683589
99.0, 4.658527682136697
100.0, 4.666523672384641
101.0, 4.666523672384641
102.0, 4.666523672384641
103.0, 4.666523672384641
104.0, 4.666523672384641
105.0, 4.666523672384641
106.0, 4.666523672384641
107.0, 4.666523672384641
108.0, 4.666523672384641
109.0, 4.666523672384641
110.0, 4.666523672384641
111.0, 4.666523672384641
112.0, 4.666523672384641
113.0, 4.666523672384641
114.0, 4.666523672384641
115.0, 4.666523672384641
116.0, 4.666523672384641
117.0, 4.666523672384641
118.0, 4.666523672384641
119.0, 4.666523672384641
120.0, 4.666523672384641
121.0, 4.666523672384641
122.0, 4.666523672384641
123.0, 4.666523672384641
124.0, 4.666523672384641
125.0, 4.666523672384641
126.0, 4.666523672384641
127.0, 4.666523672384641
128.0, 4.666523672384641
129.0, 4.666523672384641
130.0, 4.666523672384641
131.0, 4.658527682136697
132.0, 4.650539446683589
133.0, 4.642559006055262
134.0, 4.634586400518183
135.0, 4.626621670576693
136.0, 4.618664856974382
137.0, 4.610716000695449
138.0, 4.602775142966079
139.0, 4.594842325255821
140.0, 4.586917589278967
141.0, 4.579000976995936
142.0, 4.571092530614671
143.0, 4.566748121299778
144.0, 4.558862289951694
145.0, 4.550984767466345
146.0, 4.543115597065116
147.0, 4.535254822223386
148.0, 4.527402486671928
149.0, 4.519558634398316
150.0, 4.511723309648334
151.0, 4.422899738424444
152.0, 4.334119191670825
153.0, 4.245384332049077
154.0, 4.156698124681907
155.0, 4.068063751514749
156.0, 3.9794846760315967
157.0, 3.890964674843532
158.0, 3.8025078735905384
159.0, 3.714118787853146
160.0, 3.625802369900666
161.0, 3.537564062260742
162.0, 3.4494098592872433
163.0, 3.3613463781385637
164.0, 3.273380940866845
165.0, 3.1855216696740998
166.0, 3.0977775978310795
167.0, 3.0895581393948834
168.0, 3.000106707917815
169.0, 2.910717238128026
170.0, 2.821395471256256
171.0, 2.732148047519108
172.0, 2.6429824981159307
173.0, 2.553907398591279
174.0, 2.545546830475373
175.0, 2.455132517943567
176.0, 2.364762292230782
177.0, 2.356381846083767
178.0, 2.3480140778897023
179.0, 2.339659123676321
180.0, 2.3313171212115265
181.0, 2.2413036442551957
182.0, 2.233027016123712
183.0, 2.2247645455966
184.0, 2.2165163909990495
185.0, 2.208282712745311
186.0, 2.2000636733673544
187.0, 2.191859437543853
188.0, 2.183670172129478
189.0, 2.1754960461845116
190.0, 2.167337231004772
191.0, 2.1591939001518488
192.0, 2.083968740353232
193.0, 2.075726355968673
194.0, 2.005818896182101
195.0, 1.9372390448329186
196.0, 1.8701328622573627
197.0, 1.804664750387299
198.0, 1.7410195097160077
199.0, 1.6794043998569448
200.0, 1.620050852222369
201.0, 1.5632169554207351
202.0, 1.5091869285756083
203.0, 1.4582729347393362
204.0, 1.4108118932029627
205.0, 1.367163942508022
206.0, 1.3277047117656757
207.0, 1.292818289713321
208.0, 1.2628832077072765
209.0, 1.2382591028386873
210.0, 1.2192673135927417
211.0, 1.2061743954880089
212.0, 1.1991731145688265
213.0, 1.1983706083725192
214.0, 1.2037788915034633
215.0, 1.215315474617166
216.0, 1.2328079183839002
217.0, 1.224680692437746
218.0, 1.254413837088274
219.0, 1.2891508179592939
220.0, 1.2818318361446082
221.0, 1.2745492852303237
222.0, 1.2673037932662126
223.0, 1.2600959995140308
224.0, 1.252926554580965
225.0, 1.2457961205492338
226.0, 1.2387053711013951
227.0, 1.2316549916408814
228.0, 1.2246456794072664
229.0, 1.2176781435857345
230.0, 1.2107531054102014
231.0, 1.2107531054102014
232.0, 1.2107531054102014
233.0, 1.2107531054102014
234.0, 1.2107531054102014
235.0, 1.2107531054102014
236.0, 1.2107531054102014
237.0, 1.2107531054102014
238.0, 1.2107531054102014
239.0, 1.2107531054102014
240.0, 1.2107531054102014
241.0, 1.2107531054102014
242.0, 1.2107531054102014
243.0, 1.2107531054102014
244.0, 1.2107531054102014
245.0, 1.2107531054102014
246.0, 1.2107531054102014
247.0, 1.2107531054102014
248.0, 1.2107531054102014
249.0, 1.2107531054102014
250.0, 1.2107531054102014
251.0, 1.2107531054102014
252.0, 1.2107531054102014
253.0, 1.2107531054102014
254.0, 1.2107531054102014
255.0, 1.2107531054102014
256.0, 1.2107531054102014
257.0, 1.2107531054102014
258.0, 1.2107531054102014
259.0, 1.2107531054102014
260.0, 1.2107531054102014
261.0, 1.2176781435857345
262.0, 1.2246456794072664
263.0, 1.2316549916408814
264.0, 1.2387053711013951
265.0, 1.2457961205492338
266.0, 1.252926554580965
267.0, 1.2600959995140308
268.0, 1.2673037932662126
269.0, 1.2745492852303237
270.0, 1.2818318361446082
271.0, 1.2891508179592939
272.0, 1.2965056136997266
273.0, 1.3038956173264886
274.0, 1.3113202335928758
275.0, 1.318778877900103
276.0, 1.3262709761505624
277.0, 1.3337959645994613
278.0, 1.3413532897051317
279.0, 1.348942407978295
280.0, 1.3565627858305394
281.0, 1.364213899422256
282.0, 1.3718952345102633
ee_dist
0.0, 1.3001511385367819
1.0, 1.3536336604861985
2.0, 1.4581742061658582
3.0, 1.548455002611463
4.0, 1.5796296574384827
5.0, 1.6053966257254972
6.0, 1.6380812815236576
7.0, 1.672187698274668
8.0, 1.7075263363141677
9.0, 1.74107667248988
10.0, 1.778743467875951
11.0, 1.8127042080321238
12.0, 1.8432682443410382
13.0, 1.8789147016958796
14.0, 1.9049025502816133
15.0, 1.9314476161629028
16.0, 1.9564185942630832
17.0, 1.983843097944866
18.0, 2.005222635801736
19.0, 2.0244154750049916
20.0, 2.043557407459946
21.0, 2.0145120300068697
22.0, 1.9744184318243263
23.0, 1.9311212939110904
24.0, 1.8841818986789873
25.0, 1.833871023773766
26.0, 1.7803148457629052
27.0, 1.7238418654315495
28.0, 1.6646389776548116
29.0, 1.6031459520566869
30.0, 1.5396383924050754
31.0, 1.4746951628811547
32.0, 1.4087235807798208
33.0, 1.34248328492308
34.0, 1.2765815195987595
35.0, 1.212035094661725
36.0, 1.1497591359520447
37.0, 1.0911118238382107
38.0, 1.037385471410769
39.0, 0.990216857352956
40.0, 0.9512097227441033
41.0, 0.9514844166413494
42.0, 0.8744821560351159
43.0, 0.826047900577193
44.0, 0.7804987366467101
45.0, 0.7337294278327621
46.0, 0.685535986402802
47.0, 0.6357109014241618
48.0, 0.5847646275231421
49.0, 0.532749035915389
50.0, 0.48061505618932227
51.0, 0.4293782302740331
52.0, 0.3802127753583145
53.0, 0.3342249345294844
54.0, 0.29372150727647395
55.0, 0.26171196483726283
56.0, 0.24296804277966255
57.0, 0.2611162480342901
58.0, 0.301321274103653
59.0, 0.3599467435540707
60.0, 0.43490678620225054
61.0, 0.5203677442717202
62.0, 0.6089165587080645
63.0, 0.6946374081809117
64.0, 0.7655224582009464
65.0, 0.8266144167262034
66.0, 0.8871569822466356
67.0, 0.9426349584861449
68.0, 0.9964067787382422
69.0, 1.04839088841695
70.0, 1.100127501086608
71.0, 1.151852661923222
72.0, 1.2104372465197284
73.0, 1.2733126082509423
74.0, 1.3454763746622709
75.0, 1.428281268850072
76.0, 1.5203263847950446
77.0, 1.6173753863452849
78.0, 1.7155594553900633
79.0, 1.8086421813997111
80.0, 1.8901719254314364
81.0, 1.9552937883837431
82.0, 2.0192071786901433
83.0, 2.079786987598701
84.0, 2.1391249981259177
85.0, 2.197310576397885
86.0, 2.2560228796211717
87.0, 2.3137252245832793
88.0, 2.357106461523529
89.0, 2.403365450883651
90.0, 2.4525262765540363
91.0, 2.5205585607943823
92.0, 2.6211958997752105
93.0, 2.7251977345690825
94.0, 2.8334175192464657
95.0, 2.9339989235834367
96.0, 3.0278471208436732
97.0, 3.100272079359071
98.0, 3.170123573368293
99.0, 3.2358129728816025
100.0, 3.3019352898567313
101.0, 3.363382022831118
102.0, 3.427466446261351
103.0, 3.4881469219861656
104.0, 3.5582556146522664
105.0, 3.6307604390421355
106.0, 3.709729624254842
107.0, 3.7979863425455194
108.0, 3.8979119621030174
109.0, 4.001938145429128
110.0, 4.1111216320836785
111.0, 4.213020239391581
112.0, 4.311799226168428
113.0, 4.3868078245909246
114.0, 4.456172174014449
115.0, 4.529371192881702
116.0, 4.567506792171508
117.0, 4.611302808820481
118.0, 4.655843062401071
119.0, 4.696241117190249
120.0, 4.738387142829058
121.0, 4.775805901351725
122.0, 4.814488347173646
123.0, 4.848023002092235
124.0, 4.882388415131072
125.0, 4.911255555741409
126.0, 4.9405798930079685
127.0, 4.964124196311625
128.0, 4.987813533701549
129.0, 5.005511470021192
130.0, 5.023106328898405
131.0, 5.034567293955403
132.0, 5.0457374221565985
133.0, 5.0507014114768625
134.0, 5.055253270152047
135.0, 5.053593752827871
136.0, 5.0514640906667365
137.0, 5.0431859225041435
138.0, 5.034445496758178
139.0, 5.019683542588521
140.0, 5.004536837224866
141.0, 4.983562302646188
142.0, 4.96234469339149
143.0, 4.36392534063674
144.0, 4.346055371658109
145.0, 4.33190352823056
146.0, 4.318704506697504
147.0, 4.309727234472391
148.0, 4.301740224305039
149.0, 4.298256499214621
150.0, 4.295757771101707
151.0, 4.213483490022434
152.0, 4.129376932187216
153.0, 4.047117170447722
154.0, 3.963021149124403
155.0, 3.8807765274556467
156.0, 3.796692740376773
157.0, 3.7144649337968842
158.0, 3.630395366270499
159.0, 3.548186768227258
160.0, 3.4641334963065677
161.0, 3.381946947524911
162.0, 3.297912411412681
163.0, 3.2157513152126174
164.0, 3.131738974920671
165.0, 3.049607007345204
166.0, 2.9656207079095376
167.0, 2.9671670866098108
168.0, 2.883011731798475
169.0, 2.800760454127325
170.0, 2.716616009356244
171.0, 2.634386150722245
172.0, 2.5502556439581547
173.0, 2.4680511552395243
174.0, 2.4707727838766145
175.0, 2.3892315105412774
176.0, 2.305817414869353
177.0, 2.313665577645138
178.0, 2.3224590080521152
179.0, 2.335904816305576
180.0, 2.3501336333280434
181.0, 2.27915050950412
182.0, 2.2626299811195745
183.0, 2.250552282631437
184.0, 2.2393382721095176
185.0, 2.232901744140886
186.0, 2.227469813872777
187.0, 2.2269594387522713
188.0, 2.227535598843402
189.0, 2.2329831088794663
190.0, 2.239533283496103
191.0, 2.2507115968088303
192.0, 2.1745480581981824
193.0, 2.1888665574792285
194.0, 2.11727636623641
195.0, 2.0481920067415262
196.0, 1.97859696147746
197.0, 1.911690332087141
198.0, 1.844556183993014
199.0, 1.780333232747201
200.0, 1.7162414325295905
201.0, 1.65534502173704
202.0, 1.5950350256998844
203.0, 1.5382793940904942
204.0, 1.4826814931126528
205.0, 1.4310819262032304
206.0, 1.3813425132714168
207.0, 1.3361298231446934
208.0, 1.2936099722149432
209.0, 1.256203100761222
210.0, 1.2224162001566459
211.0, 1.1943220301008757
212.0, 1.1707824609755668
213.0, 1.1533948926009376
214.0, 1.141366426503441
215.0, 1.1356891163314142
216.0, 1.1358953994780172
217.0, 1.1665893459021457
218.0, 1.1796906626598087
219.0, 1.1982576061324417
220.0, 1.168158777119139
221.0, 1.1375393145507429
222.0, 1.1068054396063032
223.0, 1.0762691667113768
224.0, 1.0457453272493655
225.0, 1.016216306481779
226.0, 0.9868785079034089
227.0, 0.9594245932374703
228.0, 0.9323991740120778
229.0, 0.9082194158570103
230.0, 0.8847576413923458
231.0, 0.865126045463705
232.0, 0.8465300821435331
233.0, 0.8326830097481167
234.0, 0.820156028622536
235.0, 0.8131069545891025
236.0, 0.80755627932809
237.0, 0.8078900959606252
238.0, 0.8097256499429202
239.0, 0.8174501522672901
240.0, 0.8264889761850098
241.0, 0.8279900248635235
242.0, 0.8257794058821087
243.0, 0.8380565447046303
244.0, 0.850578066456487
245.0, 0.8642189832391964
246.0, 0.8802694180395059
247.0, 0.8976429256879515
248.0, 0.9170948052197497
249.0, 0.9375685976763043
250.0, 0.9597810221148667
251.0, 0.9827220681243316
252.0, 1.0069829810713216
253.0, 1.0315983131629054
254.0, 1.0571252655165155
255.0, 1.0828155708882197
256.0, 1.109091309286695
257.0, 1.1351747839435091
258.0, 1.1615306181459761
259.0, 1.1874179513636576
260.0, 1.213287437877339
261.0, 1.2385013706030104
262.0, 1.263449906647828
263.0, 1.2347706492845099
264.0, 1.1986566327901196
265.0, 1.1607682365254677
266.0, 1.120675473180948
267.0, 1.0787267830547749
268.0, 1.0348021500055193
269.0, 0.989296665027691
270.0, 0.9420805716243466
271.0, 0.8936294852375238
272.0, 0.8438239748725264
273.0, 0.7932327515161773
274.0, 0.7417883055127216
275.0, 0.6902232196257699
276.0, 0.6349843224580541
277.0, 0.5846519354109915
278.0, 0.5269913383260115
279.0, 0.48565589646080526
280.0, 0.4387028583475273
281.0, 0.40034072432492807
282.0, 0.36859295341358855
ee_box_dist
0.0, 0.6884022500105483
1.0, 0.735606934415119
2.0, 0.7656137603218359
3.0, 0.8023497692196709
4.0, 0.838754317495562
5.0, 0.8757832685728469
6.0, 0.9136692835474425
7.0, 0.9498788847636542
8.0, 0.9844262866591103
9.0, 1.0162827595059658
10.0, 1.051256750143651
11.0, 1.0821206181909209
12.0, 1.1092748788286861
13.0, 1.1413058052459484
14.0, 1.163946931622676
15.0, 1.1871033665234652
16.0, 1.2086858803055294
17.0, 1.2326359868167864
18.0, 1.2510371700432663
19.0, 1.2674221857794494
20.0, 1.2837784649801778
21.0, 1.2612230932829989
22.0, 1.2301941684474542
23.0, 1.196336859548412
24.0, 1.1591874475462352
25.0, 1.11901336885141
26.0, 1.0756669902010751
27.0, 1.0294047691003825
28.0, 0.9802212269649612
29.0, 0.9283493385230576
30.0, 0.8737495493013547
31.0, 0.8167352011456755
32.0, 0.7572518569075734
33.0, 0.6956713253631949
34.0, 0.6320338542282816
35.0, 0.5666565416379713
36.0, 0.4996956806738221
37.0, 0.4315521742804162
38.0, 0.36244399820209583
39.0, 0.2932530921945276
40.0, 0.22511924603143896
41.0, 0.0802533788721588
42.0, 0.08290176692025535
43.0, 0.08302862123148898
44.0, 0.08297744021997115
45.0, 0.08302992088956086
46.0, 0.0829838605807159
47.0, 0.08302965465459634
48.0, 0.0829891469761404
49.0, 0.08302845073901576
50.0, 0.08299334041384018
51.0, 0.08302702939962488
52.0, 0.08299677247405236
53.0, 0.08302508244187486
54.0, 0.08299961576734462
55.0, 0.08302310805922511
56.0, 0.08300168222309581
57.0, 0.08302110567383324
58.0, 0.0830032356720434
59.0, 0.08301909374150088
60.0, 0.08300436360410245
61.0, 0.08301648055417968
62.0, 0.08300529653624418
63.0, 0.08301410214615955
64.0, 0.08300596815249515
65.0, 0.0830118229321978
66.0, 0.08300625099120523
67.0, 0.08300982749386239
68.0, 0.08300654520214189
69.0, 0.08300782513559822
70.0, 0.08300727426201361
71.0, 0.08300632319371458
72.0, 0.08300766761417899
73.0, 0.08300541573288135
74.0, 0.0830089889084712
75.0, 0.08300496219966136
76.0, 0.08301026922116952
77.0, 0.08300552901734767
78.0, 0.08301260540600884
79.0, 0.0830070535613204
80.0, 0.083015423592684
81.0, 0.08300932403031461
82.0, 0.0830187019438777
83.0, 0.08301281509443355
84.0, 0.08302310631167183
85.0, 0.08301710783240432
86.0, 0.08876277876510837
87.0, 0.12455126504086961
88.0, 0.1350620869248448
89.0, 0.13331049487652843
90.0, 0.12889369123091804
91.0, 0.11566311114776154
92.0, 0.11520980759114838
93.0, 0.11675398124341616
94.0, 0.11528885234236116
95.0, 0.11674615119672783
96.0, 0.11528883729030945
97.0, 0.11674619074159948
98.0, 0.11528890172414094
99.0, 0.11674619074159948
100.0, 0.11528885688366046
101.0, 0.11674619074159948
102.0, 0.11528885688366046
103.0, 0.11674619074159948
104.0, 0.11528885688366046
105.0, 0.11312525931806135
106.0, 0.1151817601573758
107.0, 0.11676302807542399
108.0, 0.11528869822718094
109.0, 0.11674610667217206
110.0, 0.11528896050419737
111.0, 0.11674617096916154
112.0, 0.11528885688366046
113.0, 0.11674617096916154
114.0, 0.11528885688366046
115.0, 0.08219656041675222
116.0, 0.11228667921690992
117.0, 0.1166333245123237
118.0, 0.11528818802902457
119.0, 0.11674644309661829
120.0, 0.11528889607037561
121.0, 0.11674619074159948
122.0, 0.11528885688366046
123.0, 0.11674619074159948
124.0, 0.11528885688366046
125.0, 0.11674619074159948
126.0, 0.11528885688366046
127.0, 0.11674619074159948
128.0, 0.11528885688366046
129.0, 0.11674619074159948
130.0, 0.11528885688366046
131.0, 0.11674619074159948
132.0, 0.11528885688366046
133.0, 0.11674619074159948
134.0, 0.11528890172414094
135.0, 0.11674619074159948
136.0, 0.11528885688366046
137.0, 0.11674619074159948
138.0, 0.11528885688366046
139.0, 0.11674619074159948
140.0, 0.11528885688366046
141.0, 0.11674619074159948
142.0, 0.11528890172414094
143.0, 0.11233398568916471
144.0, 0.1113656036593902
145.0, 0.11258524323709045
146.0, 0.11136949525991896
147.0, 0.1125841938637304
148.0, 0.11136912190506743
149.0, 0.11258346880605188
150.0, 0.11136865837527544
151.0, 0.1125836334420301
152.0, 0.1113692251437311
153.0, 0.11258385254263407
154.0, 0.1113691356626018
155.0, 0.11258358452811446
156.0, 0.1113691356626018
157.0, 0.1125835197808303
158.0, 0.1113691356626018
159.0, 0.1125835197808303
160.0, 0.11136907082826109
161.0, 0.11258358452811446
162.0, 0.11136907082826109
163.0, 0.11258358452811446
164.0, 0.1113692004970324
165.0, 0.11258358452811446
166.0, 0.1113692004970324
167.0, 0.11258204173665773
168.0, 0.11136838681929963
169.0, 0.11258298890361225
170.0, 0.11136827642755551
171.0, 0.11258298890361225
172.0, 0.11136818694604676
173.0, 0.1125828992970999
174.0, 0.11136714333294669
175.0, 0.11258223532930461
176.0, 0.11136786514238375
177.0, 0.11258094523437068
178.0, 0.1113657384905139
179.0, 0.11257944488805188
180.0, 0.11136398182198501
181.0, 0.11257957455982574
182.0, 0.11136498581953651
183.0, 0.1125805945392438
184.0, 0.11136689430322226
185.0, 0.11258203903483922
186.0, 0.11136853233704497
187.0, 0.11258321562253899
188.0, 0.1113693766338352
189.0, 0.11258396080872585
190.0, 0.11136982391670161
191.0, 0.11258457875758568
192.0, 0.11136974309293035
193.0, 0.11258472978907208
194.0, 0.111369932075754
195.0, 0.11258514511988157
196.0, 0.11136984259608593
197.0, 0.11258524132487407
198.0, 0.111369932075754
199.0, 0.11258527048416642
200.0, 0.11136996139348736
201.0, 0.11258527048416642
202.0, 0.11136996139348736
203.0, 0.11258538924780068
204.0, 0.11136987191384283
205.0, 0.11258527048416642
206.0, 0.11136968781419757
207.0, 0.11258468154941484
208.0, 0.11136958652927674
209.0, 0.11258468154941484
210.0, 0.11136949704920344
211.0, 0.11258437250390106
212.0, 0.11136940756918583
213.0, 0.11258465238946506
214.0, 0.11136949704920344
215.0, 0.11258468154941484
216.0, 0.1113698066117641
217.0, 0.11258487971987649
218.0, 0.11136970539604711
219.0, 0.11258536246279248
220.0, 0.11136952584541872
221.0, 0.11258434889369127
222.0, 0.11136940160256001
223.0, 0.11258412705990833
224.0, 0.11136901821944763
225.0, 0.11258277930026339
226.0, 0.1113680887779213
227.0, 0.11258191830964077
228.0, 0.11136662152847145
229.0, 0.11258052314040404
230.0, 0.11136492255169807
231.0, 0.11257871743025422
232.0, 0.1113632504982473
233.0, 0.11257741236796531
234.0, 0.11136188215355153
235.0, 0.11257648303921135
236.0, 0.11136123323835533
237.0, 0.11257685718675103
238.0, 0.11136128377073372
239.0, 0.11257755234403835
240.0, 0.11136293131951819
241.0, 0.1166685355812395
242.0, 0.11528034382130822
243.0, 0.07441939963828602
244.0, 0.07354024488470255
245.0, 0.07237161130174101
246.0, 0.07240053842846819
247.0, 0.0712843148322913
248.0, 0.07150165887432133
249.0, 0.07046811395053222
250.0, 0.07085204963649133
251.0, 0.06989754441809673
252.0, 0.0702982108859129
253.0, 0.06930982165599461
254.0, 0.06975758058102714
255.0, 0.06870053048824003
256.0, 0.06911961637346281
257.0, 0.06795993790430968
258.0, 0.06832585039463626
259.0, 0.06705482843334544
260.0, 0.06737372208580204
261.0, 0.06600000948704703
262.0, 0.06629583431756253
263.0, 0.08001844859641927
264.0, 0.08066927329434874
265.0, 0.08085135958912215
266.0, 0.08115856609400579
267.0, 0.08130612373290527
268.0, 0.08157426608990255
269.0, 0.08168748066130287
270.0, 0.08190995476559489
271.0, 0.08198324225903203
272.0, 0.08215729001478529
273.0, 0.08218601922076564
274.0, 0.08230907788043122
275.0, 0.08229035271389393
276.0, 0.08200524263865136
277.0, 0.08228405424731197
278.0, 0.0823071946952095
279.0, 0.0821923658950948
280.0, 0.08216947372256332
281.0, 0.08198777884477709
282.0, 0.07998435518553218
spot_hold
0, 0
1, 0
2, 0
3, 0
4, 0
5, 0
6, 0
7, 0
8, 0
9, 0
10, 0
11, 0
12, 0
13, 0
14, 0
15, 0
16, 0
17, 0
18, 0
19, 0
20, 0
21, 0
22, 0
23, 0
24, 0
25, 0
26, 0
27, 0
28, 0
29, 0
30, 0
31, 0
32, 0
33, 0
34, 0
35, 0
36, 0
37, 0
38, 0
39, 0
40, 0
41, 1
42, 1
43, 1
44, 1
45, 1
46, 1
47, 1
48, 1
49, 1
50, 1
51, 1
52, 1
53, 1
54, 1
55, 1
56, 1
57, 1
58, 1
59, 1
60, 1
61, 1
62, 1
63, 1
64, 1
65, 1
66, 1
67, 1
68, 1
69, 1
70, 1
71, 1
72, 1
73, 1
74, 1
75, 1
76, 1
77, 1
78, 1
79, 1
80, 1
81, 1
82, 1
83, 1
84, 1
85, 1
86, 1
87, 1
88, 1
89, 1
90, 1
91, 1
92, 1
93, 1
94, 1
95, 1
96, 1
97, 1
98, 1
99, 1
100, 1
101, 1
102, 1
103, 1
104, 1
105, 1
106, 1
107, 1
108, 1
109, 1
110, 1
111, 1
112, 1
113, 1
114, 1
115, 1
116, 1
117, 1
118, 1
119, 1
120, 1
121, 1
122, 1
123, 1
124, 1
125, 1
126, 1
127, 1
128, 1
129, 1
130, 1
131, 1
132, 1
133, 1
134, 1
135, 1
136, 1
137, 1
138, 1
139, 1
140, 1
141, 1
142, 1
143, 1
144, 1
145, 1
146, 1
147, 1
148, 1
149, 1
150, 1
151, 1
152, 1
153, 1
154, 1
155, 1
156, 1
157, 1
158, 1
159, 1
160, 1
161, 1
162, 1
163, 1
164, 1
165, 1
166, 1
167, 1
168, 1
169, 1
170, 1
171, 1
172, 1
173, 1
174, 1
175, 1
176, 1
177, 1
178, 1
179, 1
180, 1
181, 1
182, 1
183, 1
184, 1
185, 1
186, 1
187, 1
188, 1
189, 1
190, 1
191, 1
192, 1
193, 1
194, 1
195, 1
196, 1
197, 1
198, 1
199, 1
200, 1
201, 1
202, 1
203, 1
204, 1
205, 1
206, 1
207, 1
208, 1
209, 1
210, 1
211, 1
212, 1
213, 1
214, 1
215, 1
216, 1
217, 1
218, 1
219, 1
220, 1
221, 1
222, 1
223, 1
224, 1
225, 1
226, 1
227, 1
228, 1
229, 1
230, 1
231, 1
232, 1
233, 1
234, 1
235, 1
236, 1
237, 1
238, 1
239, 1
240, 1
241, 1
242, 1
243, 1
244, 1
245, 1
246, 1
247, 1
248, 1
249, 1
250, 1
251, 1
252, 1
253, 1
254, 1
255, 1
256, 1
257, 1
258, 1
259, 1
260, 1
261, 1
262, 1
263, 1
264, 1
265, 1
266, 1
267, 1
268, 1
269, 1
270, 1
271, 1
272, 1
273, 1
274, 1
275, 1
276, 1
277, 1
278, 1
279, 1
280, 1
281, 1
282, 1
