bot_dist
0.0, 2.8790671519074404
1.0, 2.881411091089401
2.0, 2.883787803509297
3.0, 2.8861972082032654
4.0, 2.888639223365744
5.0, 2.8911137663622224
6.0, 2.8936207537420375
7.0, 2.8961601012512235
8.0, 2.898731723845401
9.0, 2.901335535702713
10.0, 2.9039714502367864
11.0, 2.906639380109737
12.0, 2.9093392372451974
13.0, 2.912070932841367
14.0, 2.9148343773840915
15.0, 2.917629480659939
16.0, 2.9204561517693173
17.0, 2.9233142991395726
18.0, 2.926203830538111
19.0, 2.92912465308551
20.0, 2.9320766732686385
21.0, 2.935059796953759
22.0, 2.938073929399628
23.0, 2.941118975270583
24.0, 2.944194838649605
25.0, 2.9473014230513717
26.0, 2.9504386314352793
27.0, 2.953606366218442
28.0, 2.956804529288656
29.0, 2.9600330220173374
30.0, 2.9632917452724175
31.0, 2.9665805994312016
32.0, 2.9698994843931836
33.0, 2.9732482995928198
34.0, 2.976626944012243
35.0, 2.9800353161939395
36.0, 2.9834733142533625
37.0, 2.986940835891489
38.0, 2.990437778407324
39.0, 2.9939640387103337
40.0, 2.9975195133328216
41.0, 3.0011040984422306
42.0, 3.004717689853383
43.0, 3.0083601830406423
44.0, 3.012031473150003
45.0, 3.015731455011107
46.0, 3.019460023149176
47.0, 3.0232170717968643
48.0, 3.027002494906037
49.0, 3.030816186159451
50.0, 3.0346580389823563
51.0, 3.0385279465540123
52.0, 3.0424258018191046
53.0, 3.0463514974990784
54.0, 3.0503049261033746
55.0, 3.0542859799405697
56.0, 3.058294551129423
57.0, 3.062330531609821
58.0, 3.066393813153626
59.0, 3.070484287375424
60.0, 3.0746018457431634
61.0, 3.078746379588704
62.0, 3.0829177801182457
63.0, 3.087115938422665
64.0, 3.0913407454877353
65.0, 3.0955920922042464
66.0, 3.0998698693780096
67.0, 3.104173967739758
68.0, 3.1085042779549332
69.0, 3.1128606906333647
70.0, 3.1172430963388336
71.0, 3.1216513855985237
72.0, 3.1260854489123653
73.0, 3.130545176762259
74.0, 3.135030459621189
75.0, 3.139541187962219
76.0, 3.144077252267377
77.0, 3.1486385430364208
78.0, 3.153224950795491
79.0, 3.1578363661056468
80.0, 3.162472679571285
81.0, 3.1671337818484444
82.0, 3.1718195636529924
83.0, 3.1765298031756983
84.0, 3.1812645027054183
85.0, 3.1860235531932575
86.0, 3.1908068456817253
87.0, 3.195614271312335
88.0, 3.200445721333092
89.0, 3.2053010871058683
90.0, 3.210180260113652
91.0, 3.2150831319676914
92.0, 3.2200095944145155
93.0, 3.2249595393428456
94.0, 3.229932858790386
95.0, 3.2349294449505055
96.0, 3.2399491901788
97.0, 3.244991986999547
98.0, 3.2500577281120413
99.0, 3.255146306396822
100.0, 3.2602576149217826
101.0, 3.2602576149217826
102.0, 3.2602576149217826
103.0, 3.2602576149217826
104.0, 3.2602576149217826
105.0, 3.2602576149217826
106.0, 3.2602576149217826
107.0, 3.2602576149217826
108.0, 3.2602576149217826
109.0, 3.2602576149217826
110.0, 3.2602576149217826
111.0, 3.2602576149217826
112.0, 3.2602576149217826
113.0, 3.2602576149217826
114.0, 3.2602576149217826
115.0, 3.2602576149217826
116.0, 3.2602576149217826
117.0, 3.2602576149217826
118.0, 3.2602576149217826
119.0, 3.2602576149217826
120.0, 3.2602576149217826
121.0, 3.2602576149217826
122.0, 3.2602576149217826
123.0, 3.2602576149217826
124.0, 3.2602576149217826
125.0, 3.2602576149217826
126.0, 3.2602576149217826
127.0, 3.2602576149217826
128.0, 3.2602576149217826
129.0, 3.2602576149217826
130.0, 3.2602576149217826
131.0, 3.255146306396822
132.0, 3.2500577281120413
133.0, 3.244991986999547
134.0, 3.2399491901788
135.0, 3.2349294449505055
136.0, 3.229932858790386
137.0, 3.2249595393428456
138.0, 3.2200095944145155
139.0, 3.2150831319676914
140.0, 3.210180260113652
141.0, 3.2053010871058683
142.0, 3.200445721333092
143.0, 3.2006897811626245
144.0, 3.195889990389711
145.0, 3.1911143172449927
146.0, 3.186362870169895
147.0, 3.181635757701881
148.0, 3.1769330884668694
149.0, 3.172254859929986
150.0, 3.1676012932909607
151.0, 3.081264011435127
152.0, 2.9951344076561113
153.0, 2.9092308739871213
154.0, 2.8235741018879152
155.0, 2.7381872492585955
156.0, 2.6530963773693728
157.0, 2.5683309046298057
158.0, 2.483924144614838
159.0, 2.399913946203588
160.0, 2.316343457827948
161.0, 2.233262042958712
162.0, 2.1507263802901186
163.0, 2.0688017898507054
164.0, 1.9875638356946066
165.0, 1.9071002670784152
166.0, 1.827513373105105
167.0, 1.8248860839725118
168.0, 1.7496618592862376
169.0, 1.6759438854598634
170.0, 1.6039395997923787
171.0, 1.5338903544766396
172.0, 1.466076412242319
173.0, 1.4008224443920982
174.0, 1.4003321231802368
175.0, 1.3434082260718414
176.0, 1.2903950327399392
177.0, 1.291051897766885
178.0, 1.291785846837788
179.0, 1.2925967486454326
180.0, 1.2934844584618888
181.0, 1.2724055096155082
182.0, 1.2740661091676961
183.0, 1.2758029351411997
184.0, 1.2776156766631614
185.0, 1.2795040110728115
186.0, 1.2814676041955708
187.0, 1.283506110624113
188.0, 1.235163831502657
189.0, 1.23785706131515
190.0, 1.1892965187710105
191.0, 1.145639266396429
192.0, 1.1074654048188528
193.0, 1.07535905261664
194.0, 1.0498770100498747
195.0, 1.0315103273504858
196.0, 1.0206432038880588
197.0, 1.017515955092495
198.0, 1.022199619988893
199.0, 1.0345881220832844
200.0, 1.0544099186838727
201.0, 1.0812562813203812
202.0, 1.1146197513876035
203.0, 1.1539351842649916
204.0, 1.19861703800619
205.0, 1.2480890886172828
206.0, 1.301805330095495
207.0, 1.3592626813156081
208.0, 1.4200070884267753
209.0, 1.483634860927719
210.0, 1.5497909036223152
211.0, 1.6181651017083054
212.0, 1.6884880981679082
213.0, 1.6981145108416538
214.0, 1.7653993257345033
215.0, 1.834493391038902
216.0, 1.8439542588395121
217.0, 1.8534207899920405
218.0, 1.8628928981593227
219.0, 1.8723704987009226
220.0, 1.8818535086329167
221.0, 1.8913418465887852
222.0, 1.9008354327813628
223.0, 1.9103341889658267
224.0, 1.9198380384036866
225.0, 1.9293469058277424
226.0, 1.9388607174079917
227.0, 1.9483794007184427
228.0, 1.9579028847048212
229.0, 1.967431099653135
230.0, 1.9769639771590692
231.0, 1.9769639771590692
232.0, 1.9769639771590692
233.0, 1.9769639771590692
234.0, 1.9769639771590692
235.0, 1.9769639771590692
236.0, 1.9769639771590692
237.0, 1.9769639771590692
238.0, 1.9769639771590692
239.0, 1.9769639771590692
240.0, 1.9769639771590692
241.0, 1.9769639771590692
242.0, 1.9769639771590692
243.0, 1.9769639771590692
244.0, 1.9769639771590692
245.0, 1.9769639771590692
246.0, 1.9769639771590692
247.0, 1.9769639771590692
248.0, 1.9769639771590692
249.0, 1.9769639771590692
250.0, 1.9769639771590692
251.0, 1.9769639771590692
252.0, 1.9769639771590692
253.0, 1.9769639771590692
254.0, 1.9769639771590692
255.0, 1.9769639771590692
256.0, 1.9769639771590692
257.0, 1.9769639771590692
258.0, 1.9769639771590692
259.0, 1.9769639771590692
260.0, 1.9769639771590692
261.0, 1.967431099653135
262.0, 1.9579028847048212
263.0, 1.9483794007184427
264.0, 1.9388607174079917
265.0, 1.9293469058277424
266.0, 1.9198380384036866
267.0, 1.9103341889658267
268.0, 1.9008354327813628
269.0, 1.8913418465887852
270.0, 1.8818535086329167
271.0, 1.8723704987009226
272.0, 1.8628928981593227
273.0, 1.8534207899920405
274.0, 1.8439542588395121
275.0, 1.834493391038902
276.0, 1.8250382746654445
277.0, 1.8155889995749626
278.0, 1.8061456574475887
279.0, 1.796708341832733
280.0, 1.7872771481953367
281.0, 1.7778521739634483
282.0, 1.7684335185771731
ee_dist
0.0, 1.4933194395565594
1.0, 1.5584016411274322
2.0, 1.669532123598937
3.0, 1.7631561473012707
4.0, 1.7955649844786647
5.0, 1.8214357271400614
6.0, 1.8534862222209267
7.0, 1.8852780376916993
8.0, 1.9203071413093702
9.0, 1.9542157924995975
10.0, 1.9870109689929156
11.0, 2.018441096820064
12.0, 2.0489217802158777
13.0, 2.076850722239421
14.0, 2.104226193420758
15.0, 2.1287339061669353
16.0, 2.1529309221801145
17.0, 2.1741134839948697
18.0, 2.195408689634453
19.0, 2.213771843944287
20.0, 2.232667781757866
21.0, 2.2036775887659257
22.0, 2.1629205864506242
23.0, 2.119007707325786
24.0, 2.071564375405694
25.0, 2.020808363631031
26.0, 1.9669151266486182
27.0, 1.9099293753892037
28.0, 1.8513751528842122
29.0, 1.7902420386073827
30.0, 1.727179853602139
31.0, 1.6634922870972233
32.0, 1.5988886968974294
33.0, 1.5344298279705926
34.0, 1.4698194366021826
35.0, 1.4085799026388737
36.0, 1.3493537207663444
37.0, 1.2941156895807482
38.0, 1.2439332678189305
39.0, 1.2003729779037002
40.0, 1.1646150341854038
41.0, 1.17751720587397
42.0, 1.0460181886135833
43.0, 0.732393333368072
44.0, 0.6852277450899528
45.0, 0.6378887838705756
46.0, 0.590373461149027
47.0, 0.5427857556994053
48.0, 0.49619110694741464
49.0, 0.4513446548062428
50.0, 0.4100465192335433
51.0, 0.37453871475080847
52.0, 0.3473341894725514
53.0, 0.33049134479047304
54.0, 0.326233903626042
55.0, 0.33527997237369817
56.0, 0.3571560839823268
57.0, 0.38934927657702584
58.0, 0.360330621633985
59.0, 0.3114280417069885
60.0, 0.27341916423395374
61.0, 0.26190142310775855
62.0, 0.28796023500672824
63.0, 0.34323525619328554
64.0, 0.4105365723636894
65.0, 0.4716880075404093
66.0, 0.5310987148925724
67.0, 0.5898990745290198
68.0, 0.6425452883217954
69.0, 0.693261242759299
70.0, 0.742326169951624
71.0, 0.7897929999361274
72.0, 0.8368712804423207
73.0, 0.8916888250041127
74.0, 0.9508743427084064
75.0, 1.0216178761762653
76.0, 1.1020690156174444
77.0, 1.1925591289554676
78.0, 1.2885643330922965
79.0, 1.3852270842959709
80.0, 1.4778273609479962
81.0, 1.5568153683248185
82.0, 1.6221091879360694
83.0, 1.6870185425661992
84.0, 1.7483607585680927
85.0, 1.8082538413889628
86.0, 1.856865404070102
87.0, 1.8853877093248006
88.0, 1.914754461884731
89.0, 1.9535164216040923
90.0, 2.002430437831088
91.0, 2.0839967695103536
92.0, 2.1745252682776077
93.0, 2.2746116289822673
94.0, 2.379021882949261
95.0, 2.4859503886371854
96.0, 2.585962013248612
97.0, 2.6770659165873063
98.0, 2.7487916880039083
99.0, 2.818684382071856
100.0, 2.884192740821015
101.0, 2.949371195338678
102.0, 3.0114660118208927
103.0, 3.0745683534252803
104.0, 3.13623658395259
105.0, 3.206053681234935
106.0, 3.278387407452846
107.0, 3.3593955085005325
108.0, 3.4487617215725943
109.0, 3.5486298984371003
110.0, 3.653268686432791
111.0, 3.7620464509395464
112.0, 3.863887411194988
113.0, 3.9597402498270906
114.0, 4.033964428256723
115.0, 4.102950322678517
116.0, 4.169454240789985
117.0, 4.234844151637685
118.0, 4.296905566357328
119.0, 4.3612400653984595
120.0, 4.422242565597132
121.0, 4.491288772574812
122.0, 4.563641919235407
123.0, 4.64148963908291
124.0, 4.729849578779088
125.0, 4.776663682860419
126.0, 4.82153386337411
127.0, 4.867940125428654
128.0, 4.911792111170412
129.0, 4.956586790447511
130.0, 4.9982652260297815
131.0, 5.0403466094689335
132.0, 5.078810004203253
133.0, 5.117192807298945
134.0, 5.1515204791414515
135.0, 5.185348064303216
136.0, 5.214749743713929
137.0, 5.243294830783323
138.0, 5.267113609038501
139.0, 5.2897855012292005
140.0, 5.307502321029143
141.0, 5.3238482707204895
142.0, 5.335076690865766
143.0, 4.6841146233761055
144.0, 4.675788809058361
145.0, 4.668065516578986
146.0, 4.664896437455877
147.0, 4.662333867722922
148.0, 4.664432642705203
149.0, 4.667115606107515
150.0, 4.674412822757356
151.0, 4.592303962555946
152.0, 4.512276460096543
153.0, 4.430336029670423
154.0, 4.331932996004557
155.0, 4.2697563914754015
156.0, 4.189054387274855
157.0, 4.1075344348985325
158.0, 4.028086626631934
159.0, 3.9467807563095514
160.0, 3.8675849471184387
161.0, 3.7865446099067173
162.0, 3.7076266203950135
163.0, 3.626888446731389
164.0, 3.548285988309194
165.0, 3.467892031398883
166.0, 3.3896500361522865
167.0, 3.39997556940727
168.0, 3.324648883693309
169.0, 3.2477779400694846
170.0, 3.173162365849552
171.0, 3.0970706213318597
172.0, 3.0232735156224084
173.0, 2.948081912838383
174.0, 2.9644071026650574
175.0, 2.8936478458718833
176.0, 2.8253596602146787
177.0, 2.842896638418576
178.0, 2.8640507436514513
179.0, 2.8855308455664033
180.0, 2.9100026743356615
181.0, 2.8624313407378557
182.0, 2.8388366432969256
183.0, 2.8154890471296548
184.0, 2.795375619030852
185.0, 2.7756373113643242
186.0, 2.759725494173249
187.0, 2.7443106395453483
188.0, 2.6701216992842927
189.0, 2.6567521079342145
190.0, 2.579959915032217
191.0, 2.5015981255062805
192.0, 2.4255500186876175
193.0, 2.348022562641464
194.0, 2.272872230208169
195.0, 2.196356646915748
196.0, 2.1223004048109924
197.0, 2.047024825922265
198.0, 1.974316436993788
199.0, 1.9005773615264043
200.0, 1.829548395156654
201.0, 1.7577353407338534
202.0, 1.6888235013672166
203.0, 1.6194530869081503
204.0, 1.5532410820711824
205.0, 1.4870032363923813
206.0, 1.424270497837608
207.0, 1.3620882868228443
208.0, 1.3038749910381935
209.0, 1.2469747105984397
210.0, 1.1946504735505563
211.0, 1.1446239179470274
212.0, 1.0999295738217896
213.0, 1.0748158902301521
214.0, 1.0279193677584628
215.0, 0.9846164375149036
216.0, 0.9601660362560394
217.0, 0.9360910257698496
218.0, 0.9152864439725399
219.0, 0.8951365811711354
220.0, 0.8791085355333931
221.0, 0.8640339055980132
222.0, 0.8537944823371925
223.0, 0.8447715827756732
224.0, 0.8410518035529716
225.0, 0.8387091218006338
226.0, 0.8418045289005971
227.0, 0.8462988317065725
228.0, 0.8559976294413721
229.0, 0.8550750859977453
230.0, 0.8559976294413721
231.0, 0.8550750859977453
232.0, 0.8559976294413721
233.0, 0.8550750859977453
234.0, 0.8559976294413721
235.0, 0.8550750859977453
236.0, 0.8559976294413721
237.0, 0.8550750859977453
238.0, 0.8559976294413721
239.0, 0.8550750859977453
240.0, 0.8559976294413721
241.0, 0.8550750859977453
242.0, 0.8559976294413721
243.0, 0.862816557520366
244.0, 0.8741359794082352
245.0, 0.8867704698156372
246.0, 0.901864781766402
247.0, 0.9181688033215356
248.0, 0.9367142105405368
249.0, 0.9561858556613831
250.0, 0.9776569998016167
251.0, 0.9997593321378759
252.0, 1.0235499477257086
253.0, 1.0476439340239214
254.0, 1.0730438489839353
255.0, 1.0984070895960993
256.0, 1.1246630591048021
257.0, 1.1505693138943502
258.0, 1.176975000868037
259.0, 1.2027719184900727
260.0, 1.2287520109736116
261.0, 1.2538840872881325
262.0, 1.278944762398009
263.0, 1.2511497251191355
264.0, 1.2166165991628208
265.0, 1.1802920439764004
266.0, 1.141897469162023
267.0, 1.1016282601355172
268.0, 1.059529657035915
269.0, 1.0158203009105347
270.0, 0.9705635386924824
271.0, 0.924029162407063
272.0, 0.8763171162059771
273.0, 0.8277674684717925
274.0, 0.7785482811458662
275.0, 0.729090421723569
276.0, 0.6714050149699186
277.0, 0.6217563992012709
278.0, 0.5731039681763572
279.0, 0.5265396247253809
280.0, 0.48255705221324807
281.0, 0.4369506738473897
282.0, 0.37183851701278625
ee_box_dist
0.0, 0.6700744757916933
1.0, 0.7227875476960571
2.0, 0.7540483539387277
3.0, 0.7869355574644529
4.0, 0.8210645210045352
5.0, 0.8565795533299846
6.0, 0.8930282516390168
7.0, 0.9267456739480676
8.0, 0.9606146300736182
9.0, 0.9926186715261143
10.0, 1.0225860968302898
11.0, 1.0508352779330106
12.0, 1.0778000303314297
13.0, 1.1024081995517365
14.0, 1.1262567454816803
15.0, 1.1475997336123027
16.0, 1.1685353587066798
17.0, 1.1868522710257694
18.0, 1.2052318969602291
19.0, 1.2210491572709443
20.0, 1.2373602722979529
21.0, 1.2174348719569015
22.0, 1.1894348282374
23.0, 1.1587431091074123
24.0, 1.1250237179935285
25.0, 1.0884111620105628
26.0, 1.048854592670848
27.0, 1.0063620395752775
28.0, 0.9619100930970145
29.0, 0.9145811802875194
30.0, 0.8646267448633606
31.0, 0.8129661521677389
32.0, 0.7589685812412265
33.0, 0.7033291822124529
34.0, 0.6453885625578248
35.0, 0.587718372437746
36.0, 0.5288120158730412
37.0, 0.46972764687345264
38.0, 0.41108268989104996
39.0, 0.3545919631600639
40.0, 0.3022043833897263
41.0, 0.3121044662543289
42.0, 0.32215011856551495
43.0, 0.33241677051238316
44.0, 0.3427627273600632
45.0, 0.3532386956714658
46.0, 0.3637569106006845
47.0, 0.3743205395762123
48.0, 0.3849035616890346
49.0, 0.3954637965171233
50.0, 0.40602794217879284
51.0, 0.41652216342131665
52.0, 0.426971840701839
53.0, 0.43728646547209066
54.0, 0.4474568449656019
55.0, 0.45738431550253184
56.0, 0.46705821241712436
57.0, 0.4764425150871223
58.0, 0.48553724151571015
59.0, 0.4943718876127891
60.0, 0.5028931318714989
61.0, 0.5111839936903155
62.0, 0.5191477912881113
63.0, 0.5268765463131729
64.0, 0.5342844049590809
65.0, 0.5414509651892648
66.0, 0.5483090036711488
67.0, 0.5549182495210766
68.0, 0.5612144918911284
69.0, 0.5672406318782698
70.0, 0.5729403553229194
71.0, 0.5783507845556368
72.0, 0.5834232652716159
73.0, 0.5881930846991206
74.0, 0.5926132220511366
75.0, 0.596714743775024
76.0, 0.600455066057796
77.0, 0.6038608721039642
78.0, 0.6068925922575681
79.0, 0.6095736027071478
80.0, 0.6118646539277043
81.0, 0.6137874417792633
82.0, 0.6153093629635319
83.0, 0.6164407713565654
84.0, 0.6171500769575546
85.0, 0.617459371983246
86.0, 0.6392456615614316
87.0, 0.6844327606320927
88.0, 0.7222680883332483
89.0, 0.7545219481006932
90.0, 0.7786180448051698
91.0, 0.777517916664402
92.0, 0.7781194400869528
93.0, 0.7772133007051917
94.0, 0.778140849832426
95.0, 0.7772153676833936
96.0, 0.7781386951289797
97.0, 0.7772154850410123
98.0, 0.7781432108465086
99.0, 0.7772212134616404
100.0, 0.7781556061989721
101.0, 0.7772270556058586
102.0, 0.7781514286501598
103.0, 0.7772252076776884
104.0, 0.7781545506558257
105.0, 0.7772224034559755
106.0, 0.7781592719145565
107.0, 0.7772297565124701
108.0, 0.778158747019247
109.0, 0.7772351183814176
110.0, 0.7781639852308735
111.0, 0.7772356211533391
112.0, 0.7781679827275352
113.0, 0.7772418095916193
114.0, 0.7781698562911551
115.0, 0.7772401439147959
116.0, 0.778171045702535
117.0, 0.7772435220842729
118.0, 0.7781712196118798
119.0, 0.7772410793965714
120.0, 0.778173341681055
121.0, 0.7772468699211881
122.0, 0.7781753183451164
123.0, 0.7772479210173934
124.0, 0.7781763508239768
125.0, 0.7772477221731348
126.0, 0.7781770831757313
127.0, 0.7772502316201028
128.0, 0.7781723484065309
129.0, 0.7772476666455991
130.0, 0.7781786931821081
131.0, 0.7772480554380246
132.0, 0.7781795572713687
133.0, 0.7772512546630426
134.0, 0.7781799514411757
135.0, 0.7772545987899586
136.0, 0.7781826618646078
137.0, 0.7772512080222502
138.0, 0.7781784241472257
139.0, 0.7772533694280619
140.0, 0.7781921434439746
141.0, 0.7772728595020281
142.0, 0.7782009495451709
143.0, 1.4751308760620885
144.0, 1.4668009597969682
145.0, 1.4586188557930748
146.0, 1.447045052609044
147.0, 1.4356071750049917
148.0, 1.4209421462378045
149.0, 1.4064099233918583
150.0, 1.3888724594681303
151.0, 1.4526059111342073
152.0, 1.516757174769977
153.0, 1.5842221804692307
154.0, 1.6653956886303993
155.0, 1.7210658776998982
156.0, 1.7917750712715794
157.0, 1.8643471830485157
158.0, 1.9361354333468712
159.0, 2.010514230464643
160.0, 2.08384669888688
161.0, 2.1596510216036684
162.0, 2.23422821338083
163.0, 2.311180882565057
164.0, 2.386769829602047
165.0, 2.464664435135763
166.0, 2.5410891484047227
167.0, 2.5309822445382233
168.0, 2.605760103305322
169.0, 2.6828374120587077
170.0, 2.7584672963890453
171.0, 2.836353108932115
172.0, 2.9127101448644592
173.0, 2.9912765475458984
174.0, 2.97902545961161
175.0, 3.055734243037377
176.0, 3.1309758917912798
177.0, 3.119166979720685
178.0, 3.103639557809734
179.0, 3.088008577834162
180.0, 3.068966843288389
181.0, 3.133979664288532
182.0, 3.1510193471041408
183.0, 3.1679575545586673
184.0, 3.181279791272556
185.0, 3.1944862175400286
186.0, 3.2038192076824585
187.0, 3.213021377886137
188.0, 3.292554624101691
189.0, 3.29952468664522
190.0, 3.3802208470017883
191.0, 3.462976873053366
192.0, 3.5438265879708286
193.0, 3.626727970624032
194.0, 3.7077040748442354
195.0, 3.790728602462546
196.0, 3.8718190184746972
197.0, 3.954953190473939
198.0, 4.036142356681421
199.0, 4.119373983871561
200.0, 4.200650254280999
201.0, 4.283967725598439
202.0, 4.365322209559367
203.0, 4.4487154632944605
204.0, 4.530138898058789
205.0, 4.613597142239529
206.0, 4.6950874204679724
207.0, 4.7786113280181794
208.0, 4.860155326077
209.0, 4.943733120869487
210.0, 5.0253275937101085
211.0, 5.108954799088369
212.0, 5.1905958067681714
213.0, 5.193968582226199
214.0, 5.27592871080538
215.0, 5.359912988285884
216.0, 5.35899691629078
217.0, 5.357808690282304
218.0, 5.352377052861053
219.0, 5.346654192626502
220.0, 5.336832067508506
221.0, 5.326703757866717
222.0, 5.312717770233542
223.0, 5.298412899472685
224.0, 5.280587365716664
225.0, 5.2624416161225245
226.0, 5.2412023196964315
227.0, 5.219644328538124
228.0, 5.195496181859362
229.0, 5.195998313269088
230.0, 5.195495472938992
231.0, 5.195997175450676
232.0, 5.195494654151266
233.0, 5.195996873390224
234.0, 5.195493834648904
235.0, 5.195992748155529
236.0, 5.195494744749819
237.0, 5.195997151651879
238.0, 5.195494560837918
239.0, 5.195995628201565
240.0, 5.195491720773234
241.0, 5.195993537717368
242.0, 5.195490080038423
243.0, 5.193898460251944
244.0, 5.19439333149629
245.0, 5.19413799578333
246.0, 5.192766804103644
247.0, 5.190649681718249
248.0, 5.187297899859658
249.0, 5.183107965701221
250.0, 5.177614771006131
251.0, 5.171291167426611
252.0, 5.163673158532632
253.0, 5.155363104622018
254.0, 5.145850027310323
255.0, 5.135840809611958
256.0, 5.124780637350518
257.0, 5.11344713115094
258.0, 5.1012397227375255
259.0, 5.08898720811599
260.0, 5.07603350647038
261.0, 5.063268846700263
262.0, 5.049978638124767
263.0, 5.0720125752725655
264.0, 5.099812807133127
265.0, 5.127909211798405
266.0, 5.156384044834446
267.0, 5.1850005592654025
268.0, 5.2135426312882425
269.0, 5.241788121825763
270.0, 5.269531366680026
271.0, 5.296560665531268
272.0, 5.322683137166104
273.0, 5.3476994570443335
274.0, 5.371436411933994
275.0, 5.393735695250497
276.0, 5.427394717627996
277.0, 5.44668377892402
278.0, 5.46432982276225
279.0, 5.479780038558795
280.0, 5.493512549037561
281.0, 5.521985102433298
282.0, 5.565058756119974
spot_hold
0, 0
1, 0
2, 0
3, 0
4, 0
5, 0
6, 0
7, 0
8, 0
9, 0
10, 0
11, 0
12, 0
13, 0
14, 0
15, 0
16, 0
17, 0
18, 0
19, 0
20, 0
21, 0
22, 0
23, 0
24, 0
25, 0
26, 0
27, 0
28, 0
29, 0
30, 0
31, 0
32, 0
33, 0
34, 0
35, 0
36, 0
37, 0
38, 0
39, 0
40, 0
41, 1
42, 1
43, 1
44, 1
45, 1
46, 1
47, 1
48, 1
49, 1
50, 1
51, 1
52, 1
53, 1
54, 1
55, 1
56, 1
57, 1
58, 1
59, 1
60, 1
61, 1
62, 1
63, 1
64, 1
65, 1
66, 1
67, 1
68, 1
69, 1
70, 1
71, 1
72, 1
73, 1
74, 1
75, 1
76, 1
77, 1
78, 1
79, 1
80, 1
81, 1
82, 1
83, 1
84, 1
85, 1
86, 1
87, 1
88, 1
89, 1
90, 1
91, 1
92, 1
93, 1
94, 1
95, 1
96, 1
97, 1
98, 1
99, 1
100, 1
101, 1
102, 1
103, 1
104, 1
105, 1
106, 1
107, 1
108, 1
109, 1
110, 1
111, 1
112, 1
113, 1
114, 1
115, 1
116, 1
117, 1
118, 1
119, 1
120, 1
121, 1
122, 1
123, 1
124, 1
125, 1
126, 1
127, 1
128, 1
129, 1
130, 1
131, 1
132, 1
133, 1
134, 1
135, 1
136, 1
137, 1
138, 1
139, 1
140, 1
141, 1
142, 1
143, 1
144, 1
145, 1
146, 1
147, 1
148, 1
149, 1
150, 1
151, 1
152, 1
153, 1
154, 1
155, 1
156, 1
157, 1
158, 1
159, 1
160, 1
161, 1
162, 1
163, 1
164, 1
165, 1
166, 1
167, 1
168, 1
169, 1
170, 1
171, 1
172, 1
173, 1
174, 1
175, 1
176, 1
177, 1
178, 1
179, 1
180, 1
181, 1
182, 1
183, 1
184, 1
185, 1
186, 1
187, 1
188, 1
189, 1
190, 1
191, 1
192, 1
193, 1
194, 1
195, 1
196, 1
197, 1
198, 1
199, 1
200, 1
201, 1
202, 1
203, 1
204, 1
205, 1
206, 1
207, 1
208, 1
209, 1
210, 1
211, 1
212, 1
213, 1
214, 1
215, 1
216, 1
217, 1
218, 1
219, 1
220, 1
221, 1
222, 1
223, 1
224, 1
225, 1
226, 1
227, 1
228, 1
229, 1
230, 1
231, 1
232, 1
233, 1
234, 1
235, 1
236, 1
237, 1
238, 1
239, 1
240, 1
241, 1
242, 1
243, 1
244, 1
245, 1
246, 1
247, 1
248, 1
249, 1
250, 1
251, 1
252, 1
253, 1
254, 1
255, 1
256, 1
257, 1
258, 1
259, 1
260, 1
261, 1
262, 1
263, 1
264, 1
265, 1
266, 1
267, 1
268, 1
269, 1
270, 1
271, 1
272, 1
273, 1
274, 1
275, 1
276, 1
277, 1
278, 1
279, 1
280, 1
281, 1
282, 1
