bot_dist
0.0, 2.940305769898252
1.0, 2.943373443089815
2.0, 2.946471863030633
3.0, 2.9496009328265753
4.0, 2.952760555037773
5.0, 2.9559506316915938
6.0, 2.9591710642955835
7.0, 2.9624217538503808
8.0, 2.965702600862577
9.0, 2.969013505357548
10.0, 2.9723543668922385
11.0, 2.97572508456789
12.0, 2.979125557042733
13.0, 2.9825556825446116
14.0, 2.986015358883559
15.0, 2.9895044834643154
16.0, 2.9930229532987807
17.0, 2.9965706650184045
18.0, 3.0001475148865113
19.0, 3.003753398810555
20.0, 3.007388212354298
21.0, 3.011051850749931
22.0, 3.0147442089100966
23.0, 3.018465181439853
24.0, 3.0222146626485453
25.0, 3.025992546561603
26.0, 3.029798726932248
27.0, 3.033633097253117
28.0, 3.037495550767802
29.0, 3.04138598048229
30.0, 3.045304279176323
31.0, 3.0492503394146584
32.0, 3.053224053558234
33.0, 3.05722531377524
34.0, 3.0612540120520926
35.0, 3.065310040204307
36.0, 3.069393289887271
37.0, 3.0735036526069175
38.0, 3.077641019730289
39.0, 3.0818052824960085
40.0, 3.0859963320246337
41.0, 3.0902140593289102
42.0, 3.0944583553239173
43.0, 3.098729110837107
44.0, 3.1030262166182268
45.0, 3.107349563349143
46.0, 3.1116990416535413
47.0, 3.1160745421065275
48.0, 3.120475955244106
49.0, 3.124903171572554
50.0, 3.129356081577675
51.0, 3.1338345757339408
52.0, 3.1383385445135223
53.0, 3.1428678783952018
54.0, 3.147422467873171
55.0, 3.1520022034657122
56.0, 3.1566069757237663
57.0, 3.161236675239385
58.0, 3.165891192654062
59.0, 3.1705704186669528
60.0, 3.175274244042975
61.0, 3.1800024466004833
62.0, 3.1847550291201303
63.0, 3.18953188261936
64.0, 3.1943328982126085
65.0, 3.199157967118825
66.0, 3.2040069806688747
67.0, 3.2088798303128208
68.0, 3.213776407627096
69.0, 3.2186966043215595
70.0, 3.223640312246433
71.0, 3.228607423399129
72.0, 3.2335978299309525
73.0, 3.238611424153708
74.0, 3.243648098546169
75.0, 3.2487077457604543
76.0, 3.253790258628282
77.0, 3.2588955301671088
78.0, 3.264023453586165
79.0, 3.2691739222923695
80.0, 3.2743468298961433
81.0, 3.279542070217107
82.0, 3.284759537289666
83.0, 3.2899991253684946
84.0, 3.2952607289339086
85.0, 3.3005442426971254
86.0, 3.3058495616054233
87.0, 3.311176580847197
88.0, 3.3165251958568973
89.0, 3.3218953023198754
90.0, 3.3272867961771215
91.0, 3.332699573629897
92.0, 3.33813353114427
93.0, 3.3435885654555437
94.0, 3.3490645735725875
95.0, 3.3545614527820695
96.0, 3.3600791006525856
97.0, 3.365617415038696
98.0, 3.3711762940848637
99.0, 3.3767556362292916
100.0, 3.3823553402076705
101.0, 3.3823553402076705
102.0, 3.3823553402076705
103.0, 3.3823553402076705
104.0, 3.3823553402076705
105.0, 3.3823553402076705
106.0, 3.3823553402076705
107.0, 3.3823553402076705
108.0, 3.3823553402076705
109.0, 3.3823553402076705
110.0, 3.3823553402076705
111.0, 3.3823553402076705
112.0, 3.3823553402076705
113.0, 3.3823553402076705
114.0, 3.3823553402076705
115.0, 3.3823553402076705
116.0, 3.3823553402076705
117.0, 3.3823553402076705
118.0, 3.3823553402076705
119.0, 3.3823553402076705
120.0, 3.3823553402076705
121.0, 3.3823553402076705
122.0, 3.3823553402076705
123.0, 3.3823553402076705
124.0, 3.3823553402076705
125.0, 3.3823553402076705
126.0, 3.3823553402076705
127.0, 3.3823553402076705
128.0, 3.3823553402076705
129.0, 3.3823553402076705
130.0, 3.3823553402076705
131.0, 3.3767556362292916
132.0, 3.3711762940848637
133.0, 3.365617415038696
134.0, 3.3600791006525856
135.0, 3.3545614527820695
136.0, 3.3490645735725875
137.0, 3.3435885654555437
138.0, 3.33813353114427
139.0, 3.332699573629897
140.0, 3.3272867961771215
141.0, 3.3218953023198754
142.0, 3.3165251958568973
143.0, 3.3160752183529736
144.0, 3.310756081047131
145.0, 3.3054586371977073
146.0, 3.300182991271517
147.0, 3.2949292479732013
148.0, 3.289697512240176
149.0, 3.284487889237482
150.0, 3.2793004843525253
151.0, 3.191598636339361
152.0, 3.1040206575368163
153.0, 3.0165772851182457
154.0, 2.92928062935174
155.0, 2.8421442095057676
156.0, 2.755183228659553
157.0, 2.6684148390148166
158.0, 2.581858457853556
159.0, 2.495536145487236
160.0, 2.409473059447753
161.0, 2.323698002904771
162.0, 2.2382440901140797
163.0, 2.153149557946559
164.0, 2.068458760664133
165.0, 1.9842233956837667
166.0, 1.9005040218629667
167.0, 1.896779635925498
168.0, 1.8161728649153546
169.0, 1.7365363752302754
170.0, 1.6580097325373138
171.0, 1.5807582800781228
172.0, 1.504978489575562
173.0, 1.430904195023985
174.0, 1.4288339145982667
175.0, 1.3611644979994233
176.0, 1.2963523046214078
177.0, 1.2952520857253824
178.0, 1.294228203451791
179.0, 1.2932808391063115
180.0, 1.2924101609567988
181.0, 1.2557231073090975
182.0, 1.2555963513530046
183.0, 1.255549235190448
184.0, 1.255581767786964
185.0, 1.2556939429519183
186.0, 1.2558857393443918
187.0, 1.2561571204934772
188.0, 1.1950612254465802
189.0, 1.195945129106051
190.0, 1.1344505774396207
191.0, 1.0768465980423756
192.0, 1.0237901414794544
193.0, 0.9760230975127274
194.0, 0.9343570489801485
195.0, 0.8996400825286623
196.0, 0.8727019171619824
197.0, 0.8542787421895478
198.0, 0.8449277350806081
199.0, 0.8449501527739204
200.0, 0.8543452574045409
201.0, 0.8728104330490816
202.0, 0.8997874528141377
203.0, 0.9345394820214488
204.0, 0.9762365500660256
205.0, 1.0240306318296577
206.0, 1.0771104136432879
207.0, 1.1347343858564067
208.0, 1.1962460385404639
209.0, 1.2610766106844276
210.0, 1.3287403908663378
211.0, 1.3988262371251308
212.0, 1.4709880920155431
213.0, 1.480493095829558
214.0, 1.549891123492695
215.0, 1.6211583875897606
216.0, 1.6304627656744421
217.0, 1.6397753358323957
218.0, 1.6490959592798473
219.0, 1.6584245002342952
220.0, 1.6677608258371468
221.0, 1.6771048060786216
222.0, 1.6864563137248463
223.0, 1.6958152242470765
224.0, 1.7051814157529708
225.0, 1.7145547689198577
226.0, 1.7239351669299299
227.0, 1.733322495407304
228.0, 1.7427166423568863
229.0, 1.7521174981049912
230.0, 1.7615249552416525
231.0, 1.7615249552416525
232.0, 1.7615249552416525
233.0, 1.7615249552416525
234.0, 1.7615249552416525
235.0, 1.7615249552416525
236.0, 1.7615249552416525
237.0, 1.7615249552416525
238.0, 1.7615249552416525
239.0, 1.7615249552416525
240.0, 1.7615249552416525
241.0, 1.7615249552416525
242.0, 1.7615249552416525
243.0, 1.7615249552416525
244.0, 1.7615249552416525
245.0, 1.7615249552416525
246.0, 1.7615249552416525
247.0, 1.7615249552416525
248.0, 1.7615249552416525
249.0, 1.7615249552416525
250.0, 1.7615249552416525
251.0, 1.7615249552416525
252.0, 1.7615249552416525
253.0, 1.7615249552416525
254.0, 1.7615249552416525
255.0, 1.7615249552416525
256.0, 1.7615249552416525
257.0, 1.7615249552416525
258.0, 1.7615249552416525
259.0, 1.7615249552416525
260.0, 1.7615249552416525
261.0, 1.7521174981049912
262.0, 1.7427166423568863
263.0, 1.733322495407304
264.0, 1.7239351669299299
265.0, 1.7145547689198577
266.0, 1.7051814157529708
267.0, 1.6958152242470765
268.0, 1.6864563137248463
269.0, 1.6771048060786216
270.0, 1.6677608258371468
271.0, 1.6584245002342952
272.0, 1.6490959592798473
273.0, 1.6397753358323957
274.0, 1.6304627656744421
275.0, 1.6211583875897606
276.0, 1.6118623434431036
277.0, 1.6025747782623228
278.0, 1.5932958403229922
279.0, 1.5840256812356122
280.0, 1.5747644560354792
281.0, 1.5655123232753139
282.0, 1.5562694451207353
ee_dist
0.0, 1.5917245879765352
1.0, 1.6614173792070788
2.0, 1.7751478390128996
3.0, 1.870106009886729
4.0, 1.9030143711434895
5.0, 1.9289225183704017
6.0, 1.960703703218208
7.0, 1.994761652034344
8.0, 2.0326448908113073
9.0, 2.07162704682556
10.0, 2.1081304336448854
11.0, 2.146860928161313
12.0, 2.1905576130331297
13.0, 2.23111345180996
14.0, 2.271659982648663
15.0, 2.311673823051342
16.0, 2.3505108520004807
17.0, 2.3880654651400253
18.0, 2.4261599438777166
19.0, 2.4605608560922834
20.0, 2.4956696215573175
21.0, 2.4534607644288546
22.0, 2.405797970200294
23.0, 2.3537146198880756
24.0, 2.2973784394145564
25.0, 2.2371627554638533
26.0, 2.1733054499871405
27.0, 2.1063226746745736
28.0, 2.0365498692847606
29.0, 1.9647345680012684
30.0, 1.8911689227509918
31.0, 1.8167845522848156
32.0, 1.7422665762491971
33.0, 1.668616223327001
34.0, 1.5965488153104934
35.0, 1.5274265102420412
36.0, 1.4624370117009964
37.0, 1.4031896352410629
38.0, 1.350770868081254
39.0, 1.3068892472369569
40.0, 1.2731237189290037
41.0, 1.2858430968104473
42.0, 1.135680216029047
43.0, 0.7108135590941638
44.0, 0.6643777744872338
45.0, 0.6185709277531458
46.0, 0.5736344116317786
47.0, 0.5304834859381745
48.0, 0.4909112769310507
49.0, 0.45548883234516213
50.0, 0.42611433418176076
51.0, 0.4035578639185673
52.0, 0.3891803215531686
53.0, 0.3865229729428617
54.0, 0.39557746634847135
55.0, 0.41589734867089534
56.0, 0.44619786777185516
57.0, 0.48422211223043843
58.0, 0.45412287590536804
59.0, 0.39506723560276624
60.0, 0.33884197250583215
61.0, 0.2967086414324438
62.0, 0.28557134035767195
63.0, 0.31080925355938704
64.0, 0.3594552070509606
65.0, 0.4120869420798196
66.0, 0.4681231348530514
67.0, 0.5237457089494819
68.0, 0.5736199075341298
69.0, 0.6215629159415609
70.0, 0.6675885624546576
71.0, 0.7123719384927505
72.0, 0.7555428404797204
73.0, 0.8072563491865627
74.0, 0.8634751726194885
75.0, 0.9314962838852311
76.0, 1.0095232488211066
77.0, 1.0979334421345526
78.0, 1.1922713334554988
79.0, 1.2877950754758891
80.0, 1.3796408248361647
81.0, 1.4583314157365301
82.0, 1.5236781158021027
83.0, 1.5887960592547774
84.0, 1.650146411220569
85.0, 1.7098491142704593
86.0, 1.7582877312078626
87.0, 1.786711721861973
88.0, 1.8159744302226404
89.0, 1.8543741950821364
90.0, 1.9001700239729569
91.0, 1.9819586595187928
92.0, 2.0711110875709435
93.0, 2.1702325632566177
94.0, 2.274580505782955
95.0, 2.3806240707012125
96.0, 2.4809266915607497
97.0, 2.5714599949767942
98.0, 2.6437608676488855
99.0, 2.7133546530683486
100.0, 2.7794798638833544
101.0, 2.844182704897095
102.0, 2.906764083717139
103.0, 2.9692564749291686
104.0, 3.031178689382841
105.0, 3.1003033099227113
106.0, 3.172889129707963
107.0, 3.2531285442236286
108.0, 3.361023589036872
109.0, 3.443704896436528
110.0, 3.5465783366610624
111.0, 3.654803389972393
112.0, 3.7571089815990604
113.0, 3.852414321534528
114.0, 3.9272167746656264
115.0, 3.9958396155171556
116.0, 4.062961608453051
117.0, 4.127891711315732
118.0, 4.190484617449984
119.0, 4.254275797005286
120.0, 4.315755864730131
121.0, 4.384117323419193
122.0, 4.456851249048407
123.0, 4.534046777105215
124.0, 4.622770690596084
125.0, 4.720645662610856
126.0, 4.767295752367083
127.0, 4.814642377027468
128.0, 4.860629437710199
129.0, 4.906691617788654
130.0, 4.9508021087815
131.0, 4.994419495935973
132.0, 5.03555079170683
133.0, 5.07567876306186
134.0, 5.112849968566627
135.0, 5.148573458365079
136.0, 5.1809357474941695
137.0, 5.211473037737523
138.0, 5.238315113420921
139.0, 5.2630216489902155
140.0, 5.28376805198386
141.0, 5.302137477379661
142.0, 5.316354677058907
143.0, 4.662456217730753
144.0, 4.6334037606619
145.0, 4.6213594894374
146.0, 4.616597220554518
147.0, 4.642440188355297
148.0, 4.64302410283862
149.0, 4.646586808716275
150.0, 4.653533196804207
151.0, 4.554728833653007
152.0, 4.4929571499468715
153.0, 4.410106090660888
154.0, 4.330061512394109
155.0, 4.248957279941732
156.0, 4.168896585108904
157.0, 4.088026626060518
158.0, 4.0081905919812995
159.0, 3.927568167880855
160.0, 3.8479910055187445
161.0, 3.767647729199276
162.0, 3.6883645901191966
163.0, 3.6083379310213255
164.0, 3.529389227921992
165.0, 3.449723266838751
166.0, 3.371156788170404
167.0, 3.3822748025293086
168.0, 3.306716189203945
169.0, 3.2306534058207443
170.0, 3.1558412542520555
171.0, 3.080586902366278
172.0, 3.0066343710854624
173.0, 2.9323140253549127
174.0, 2.948450396921195
175.0, 2.8786283370646646
176.0, 2.8103582106662377
177.0, 2.8286460367876995
178.0, 2.84965436848927
179.0, 2.8717813081849792
180.0, 2.8961340589658664
181.0, 2.849637622734408
182.0, 2.825466690013488
183.0, 2.802242810582158
184.0, 2.7814352594914293
185.0, 2.7618445040685033
186.0, 2.7451416897441536
187.0, 2.7298950002778737
188.0, 2.6555947136352906
189.0, 2.642389991278027
190.0, 2.5654087659824674
191.0, 2.4879274879083355
192.0, 2.4117425618100774
193.0, 2.33514392044461
194.0, 2.2599199169748667
195.0, 2.1843915747182336
196.0, 2.110338700196401
197.0, 2.0361217054062712
198.0, 1.9635112374690087
199.0, 1.8909183285282614
200.0, 1.8201040853481476
201.0, 1.749545162640177
202.0, 1.6809928420574711
203.0, 1.613009580096228
204.0, 1.5473365956731542
205.0, 1.4826486973867852
206.0, 1.420675554738923
207.0, 1.3602386777847282
208.0, 1.3030514984686181
209.0, 1.2481216625973834
210.0, 1.1971314049235893
211.0, 1.1493135286592622
212.0, 1.1062818562015913
213.0, 1.0809486788095057
214.0, 1.0357441915796075
215.0, 0.9949360170174453
216.0, 0.9695887990161715
217.0, 0.945207795802986
218.0, 0.9232287995182644
219.0, 0.902657543611709
220.0, 0.8852016522622711
221.0, 0.8695951845311786
222.0, 0.8577286895286373
223.0, 0.8480897333494367
224.0, 0.8426337088484788
225.0, 0.8396402197113101
226.0, 0.841005036270108
227.0, 0.8448725666137535
228.0, 0.8529649805358298
229.0, 0.8525362770330203
230.0, 0.8529649590480267
231.0, 0.8525362770330203
232.0, 0.8529649805358298
233.0, 0.8525362770330203
234.0, 0.8529649590480267
235.0, 0.8525362770330203
236.0, 0.8529649805358298
237.0, 0.8525362770330203
238.0, 0.8529649590480267
239.0, 0.8525362770330203
240.0, 0.8529649805358298
241.0, 0.8525362770330203
242.0, 0.8529649590480267
243.0, 0.8634104349913839
244.0, 0.878372326335746
245.0, 0.894176912618384
246.0, 0.9113528150169212
247.0, 0.9292103115214392
248.0, 0.9485393396318733
249.0, 0.9683099241444294
250.0, 0.9896247399531484
251.0, 1.0111946119881339
252.0, 1.0342457954123698
253.0, 1.0573241499320691
254.0, 1.0816481287885342
255.0, 1.1057162631800133
256.0, 1.1306838539131399
257.0, 1.1551106500952257
258.0, 1.1800762447657915
259.0, 1.204258932747779
260.0, 1.228687489239079
261.0, 1.2521525051636044
262.0, 1.2755748027834817
263.0, 1.2479788313681761
264.0, 1.212819249657077
265.0, 1.1758793020505474
266.0, 1.1368255479573828
267.0, 1.0958554221887644
268.0, 1.0530116351791223
269.0, 1.008509595065861
270.0, 0.9624110766294304
271.0, 0.9149866492938236
272.0, 0.8663291607814206
273.0, 0.8167770851222537
274.0, 0.7664925890498768
275.0, 0.7159105824358476
276.0, 0.6652883747991467
277.0, 0.6152029193061533
278.0, 0.5660951100490884
279.0, 0.5189353178777459
280.0, 0.4745699140993527
281.0, 0.4056361685280133
282.0, 0.3611799214958394
ee_box_dist
0.0, 0.7198151616403404
1.0, 0.7734101116710911
2.0, 0.808971591498609
3.0, 0.8383012304696579
4.0, 0.8696675084145709
5.0, 0.9069473981217869
6.0, 0.9420735866571444
7.0, 0.9763839989054284
8.0, 1.0143501940452229
9.0, 1.050778251774845
10.0, 1.0850198840941634
11.0, 1.1198666728780615
12.0, 1.1593184207398992
13.0, 1.1953266296596132
14.0, 1.2315467042346324
15.0, 1.2665713314636837
16.0, 1.3008373209222326
17.0, 1.3332728895643287
18.0, 1.3665394667526376
19.0, 1.3960247322564414
20.0, 1.426454508654695
21.0, 1.3974697711272146
22.0, 1.3647078452087789
23.0, 1.3279175495532611
24.0, 1.2878726817867283
25.0, 1.2442743123016204
26.0, 1.1974392729240488
27.0, 1.1473255556737567
28.0, 1.0944967031556685
29.0, 1.0386577237296495
30.0, 0.9804389072285278
31.0, 0.9197003017510126
32.0, 0.8572955652575879
33.0, 0.7928983730375246
34.0, 0.7278053785227957
35.0, 0.6615511132453127
36.0, 0.5960276777151867
37.0, 0.5306059407758045
38.0, 0.4676195840482683
39.0, 0.4076315569638087
40.0, 0.3552603444192905
41.0, 0.3645455571673325
42.0, 0.37517682143377445
43.0, 0.3850306423366429
44.0, 0.3956378684182753
45.0, 0.4057132239809749
46.0, 0.41644227752745805
47.0, 0.42467612322353815
48.0, 0.43413623739364704
49.0, 0.44442392688537824
50.0, 0.45488200950034274
51.0, 0.46720152626024763
52.0, 0.47676146302198485
53.0, 0.4875788306803762
54.0, 0.497213559106713
55.0, 0.5075696010655167
56.0, 0.5170153268304563
57.0, 0.5265410966301839
58.0, 0.535620401352608
59.0, 0.5444448562814805
60.0, 0.5530187450852169
61.0, 0.5613582244740666
62.0, 0.5692501482967312
63.0, 0.5772088258405489
64.0, 0.5847558556383404
65.0, 0.5917546460774066
66.0, 0.5989389453946549
67.0, 0.6053860420960828
68.0, 0.611790532371835
69.0, 0.618070549439202
70.0, 0.6237787142195863
71.0, 0.6293986615719297
72.0, 0.634627682544284
73.0, 0.6395403439555386
74.0, 0.6443067879968649
75.0, 0.6485164098891625
76.0, 0.6524491850644878
77.0, 0.6558714160306925
78.0, 0.6591886064380403
79.0, 0.6620647732669376
80.0, 0.6644940813621555
81.0, 0.6668178090754243
82.0, 0.668395713258159
83.0, 0.6697799792645595
84.0, 0.6705694883899972
85.0, 0.6710806667310019
86.0, 0.691974907390283
87.0, 0.7353866788591982
88.0, 0.7719917251313407
89.0, 0.8036340874967761
90.0, 0.8302889378828138
91.0, 0.8281159474026019
92.0, 0.829374430053713
93.0, 0.8288446500624181
94.0, 0.8293797845490015
95.0, 0.8289194503904218
96.0, 0.8292925981529405
97.0, 0.8290349513615358
98.0, 0.8295193415797024
99.0, 0.8287199835652868
100.0, 0.8295190408974623
101.0, 0.828858511733558
102.0, 0.8292786099227085
103.0, 0.8287862781464764
104.0, 0.829240677779527
105.0, 0.8288178591851919
106.0, 0.8292395561695388
107.0, 0.8288023463015377
108.0, 0.8097251567818485
109.0, 0.8265096631760044
110.0, 0.8290648693794869
111.0, 0.828495940551602
112.0, 0.8288420009257478
113.0, 0.8285311252999362
114.0, 0.8287935226108076
115.0, 0.8285762322690563
116.0, 0.8287853380301842
117.0, 0.8284938842293051
118.0, 0.8289341121351753
119.0, 0.8284652356361208
120.0, 0.8288532608377703
121.0, 0.828428404843178
122.0, 0.8288361406643423
123.0, 0.8284041190677427
124.0, 0.8288175831674134
125.0, 0.828399756572304
126.0, 0.8288179693759644
127.0, 0.8283924838362562
128.0, 0.8288027478721077
129.0, 0.8283807700002684
130.0, 0.8287914428877965
131.0, 0.8283706199451897
132.0, 0.8287657843753848
133.0, 0.828347238795793
134.0, 0.8287496607769006
135.0, 0.8283191067746101
136.0, 0.828727322880968
137.0, 0.8283015701297628
138.0, 0.8287177422892529
139.0, 0.828281220021394
140.0, 0.8287025520762743
141.0, 0.8282919169898353
142.0, 0.8287066562035602
143.0, 1.5192325869799115
144.0, 1.5270971429198519
145.0, 1.5210942618540308
146.0, 1.5088770867691759
147.0, 1.474933383078984
148.0, 1.460519500880733
149.0, 1.4446129758162511
150.0, 1.4266087025678909
151.0, 1.4991532462617303
152.0, 1.5500821860294576
153.0, 1.6167794443846963
154.0, 1.683014456542259
155.0, 1.7516378525485978
156.0, 1.8207058491554384
157.0, 1.8916931698025274
158.0, 1.962877285448371
159.0, 2.0357657421408293
160.0, 2.1086349743355037
161.0, 2.1830582873987496
162.0, 2.257294844600764
163.0, 2.3329571140635252
164.0, 2.408301559983436
165.0, 2.484985465787268
166.0, 2.5612535030882886
167.0, 2.549986638158663
168.0, 2.6245018771075395
169.0, 2.7003572895437453
170.0, 2.7758113882619115
171.0, 2.852539445233665
172.0, 2.9287890248095287
173.0, 3.0062588467309994
174.0, 2.9939463161486692
175.0, 3.0694778630423416
176.0, 3.1445731103115957
177.0, 3.1317228375958117
178.0, 3.1161486658097295
179.0, 3.099549385606668
180.0, 3.0804615204761534
181.0, 3.1439939635893293
182.0, 3.1619604709734994
183.0, 3.178936640053083
184.0, 3.19326642213799
185.0, 3.2065108825630637
186.0, 3.216909948156385
187.0, 3.226149904418929
188.0, 3.305853199918698
189.0, 3.3128499669176517
190.0, 3.3938501552391576
191.0, 3.4758526540906174
192.0, 3.557023885782308
193.0, 3.639186878458301
194.0, 3.720506393950281
195.0, 3.8028102864751228
196.0, 3.8842600522922592
197.0, 3.966687152969324
198.0, 4.048251714409308
199.0, 4.130787837405787
200.0, 4.212453187362884
201.0, 4.295085816155413
202.0, 4.376841321980771
203.0, 4.45956001622101
204.0, 4.54139594242514
205.0, 4.6241910792352865
206.0, 4.706098554735027
207.0, 4.788962676563234
208.0, 4.870935455555641
209.0, 4.953861892009591
210.0, 5.035893011868191
211.0, 5.118875434937195
212.0, 5.200958829532189
213.0, 5.204157982950573
214.0, 5.2866400544044865
215.0, 5.370060252141498
216.0, 5.370043784125899
217.0, 5.3686702287615145
218.0, 5.36411684860791
219.0, 5.358215973755928
220.0, 5.349229013909812
221.0, 5.338933889202547
222.0, 5.325721953282204
223.0, 5.311267742866744
224.0, 5.294135112307876
225.0, 5.275859164769792
226.0, 5.255208955243646
227.0, 5.233541967757766
228.0, 5.209870533999806
229.0, 5.210105865203974
230.0, 5.209870894589327
231.0, 5.210106256191253
232.0, 5.209871703728804
233.0, 5.21010703459169
234.0, 5.209872292538166
235.0, 5.210107265141993
236.0, 5.209872513085567
237.0, 5.210107466368814
238.0, 5.209872366377567
239.0, 5.210107711681971
240.0, 5.209873260363026
241.0, 5.210108416676818
242.0, 5.2098738435133765
243.0, 5.206614230728993
244.0, 5.20496774849109
245.0, 5.202851869379653
246.0, 5.200132960417809
247.0, 5.196973964735413
248.0, 5.192942741465321
249.0, 5.188326340620538
250.0, 5.182608714009474
251.0, 5.176227591854614
252.0, 5.168644688756253
253.0, 5.160474774695255
254.0, 5.151148194793002
255.0, 5.1414375440326054
256.0, 5.130713390133151
257.0, 5.119853898745263
258.0, 5.108165654031838
259.0, 5.096585700367878
260.0, 5.08435268406116
261.0, 5.072442006595105
262.0, 5.06008891861855
263.0, 5.081872468262231
264.0, 5.110153505984036
265.0, 5.138720820982911
266.0, 5.167694454717231
267.0, 5.196829380611244
268.0, 5.225904980733644
269.0, 5.254698726498271
270.0, 5.282996206326985
271.0, 5.310577101730719
272.0, 5.337249050268685
273.0, 5.3628088992602985
274.0, 5.38707503882833
275.0, 5.409885660007282
276.0, 5.431133044788735
277.0, 5.450722282399699
278.0, 5.4686249305274615
279.0, 5.484627568234137
280.0, 5.498756214477756
281.0, 5.545367039597746
282.0, 5.5670703199576455
spot_hold
0, 0
1, 0
2, 0
3, 0
4, 0
5, 0
6, 0
7, 0
8, 0
9, 0
10, 0
11, 0
12, 0
13, 0
14, 0
15, 0
16, 0
17, 0
18, 0
19, 0
20, 0
21, 0
22, 0
23, 0
24, 0
25, 0
26, 0
27, 0
28, 0
29, 0
30, 0
31, 0
32, 0
33, 0
34, 0
35, 0
36, 0
37, 0
38, 0
39, 0
40, 0
41, 1
42, 1
43, 1
44, 1
45, 1
46, 1
47, 1
48, 1
49, 1
50, 1
51, 1
52, 1
53, 1
54, 1
55, 1
56, 1
57, 1
58, 1
59, 1
60, 1
61, 1
62, 1
63, 1
64, 1
65, 1
66, 1
67, 1
68, 1
69, 1
70, 1
71, 1
72, 1
73, 1
74, 1
75, 1
76, 1
77, 1
78, 1
79, 1
80, 1
81, 1
82, 1
83, 1
84, 1
85, 1
86, 1
87, 1
88, 1
89, 1
90, 1
91, 1
92, 1
93, 1
94, 1
95, 1
96, 1
97, 1
98, 1
99, 1
100, 1
101, 1
102, 1
103, 1
104, 1
105, 1
106, 1
107, 1
108, 1
109, 1
110, 1
111, 1
112, 1
113, 1
114, 1
115, 1
116, 1
117, 1
118, 1
119, 1
120, 1
121, 1
122, 1
123, 1
124, 1
125, 1
126, 1
127, 1
128, 1
129, 1
130, 1
131, 1
132, 1
133, 1
134, 1
135, 1
136, 1
137, 1
138, 1
139, 1
140, 1
141, 1
142, 1
143, 1
144, 1
145, 1
146, 1
147, 1
148, 1
149, 1
150, 1
151, 1
152, 1
153, 1
154, 1
155, 1
156, 1
157, 1
158, 1
159, 1
160, 1
161, 1
162, 1
163, 1
164, 1
165, 1
166, 1
167, 1
168, 1
169, 1
170, 1
171, 1
172, 1
173, 1
174, 1
175, 1
176, 1
177, 1
178, 1
179, 1
180, 1
181, 1
182, 1
183, 1
184, 1
185, 1
186, 1
187, 1
188, 1
189, 1
190, 1
191, 1
192, 1
193, 1
194, 1
195, 1
196, 1
197, 1
198, 1
199, 1
200, 1
201, 1
202, 1
203, 1
204, 1
205, 1
206, 1
207, 1
208, 1
209, 1
210, 1
211, 1
212, 1
213, 1
214, 1
215, 1
216, 1
217, 1
218, 1
219, 1
220, 1
221, 1
222, 1
223, 1
224, 1
225, 1
226, 1
227, 1
228, 1
229, 1
230, 1
231, 1
232, 1
233, 1
234, 1
235, 1
236, 1
237, 1
238, 1
239, 1
240, 1
241, 1
242, 1
243, 1
244, 1
245, 1
246, 1
247, 1
248, 1
249, 1
250, 1
251, 1
252, 1
253, 1
254, 1
255, 1
256, 1
257, 1
258, 1
259, 1
260, 1
261, 1
262, 1
263, 1
264, 1
265, 1
266, 1
267, 1
268, 1
269, 1
270, 1
271, 1
272, 1
273, 1
274, 1
275, 1
276, 1
277, 1
278, 1
279, 1
280, 1
281, 1
282, 1
