bot_dist
0.0, 3.3090550176543245
1.0, 3.314395054852447
2.0, 3.319756624967555
3.0, 3.3251396238383926
4.0, 3.33054394756214
5.0, 3.335969492498997
6.0, 3.3414161552766455
7.0, 3.346883832794624
8.0, 3.352372422228598
9.0, 3.35788182103453
10.0, 3.363411926952754
11.0, 3.368962638011949
12.0, 3.3745338525330215
13.0, 3.380125469132886
14.0, 3.385737386728155
15.0, 3.391369504538736
16.0, 3.3970217220913326
17.0, 3.4026939392228535
18.0, 3.4083860560837365
19.0, 3.414097973141176
20.0, 3.4198295911822645
21.0, 3.425580811317046
22.0, 3.431351534981484
23.0, 3.437141663940336
24.0, 3.4429511002899584
25.0, 3.448779746461008
26.0, 3.4546275052210778
27.0, 3.4604942796772384
28.0, 3.466379973278507
29.0, 3.47228448981823
30.0, 3.478207733436392
31.0, 3.4841496086218404
32.0, 3.4901100202144426
33.0, 3.4960888734071567
34.0, 3.5020860737480337
35.0, 3.5081015271421445
36.0, 3.514135139853432
37.0, 3.520186818506496
38.0, 3.526256470088301
39.0, 3.532344001949818
40.0, 3.538449321807595
41.0, 3.5445723377452656
42.0, 3.5507129582149806
43.0, 3.5568710920387807
44.0, 3.5630466484099035
45.0, 3.5692395368940257
46.0, 3.5754496674304392
47.0, 3.5816769503331716
48.0, 3.5879212962920395
49.0, 3.594182616373645
50.0, 3.6004608220223124
51.0, 3.6067558250609646
52.0, 3.6130675376919457
53.0, 3.6193958724977873
54.0, 3.6257407424419115
55.0, 3.6321020608692915
56.0, 3.638479741507051
57.0, 3.6448736984650125
58.0, 3.6512838462361894
59.0, 3.657710099697241
60.0, 3.664152374108859
61.0, 3.6706105851161204
62.0, 3.6770846487487825
63.0, 3.6835744814215348
64.0, 3.6900799999342073
65.0, 3.696601121471923
66.0, 3.703137763605217
67.0, 3.709689844290106
68.0, 3.7162572818681134
69.0, 3.7228399950662587
70.0, 3.7294379029969966
71.0, 3.7360509251581218
72.0, 3.7426789814326327
73.0, 3.749321992088555
74.0, 3.755979877778728
75.0, 3.7626525595405496
76.0, 3.7693399587956944
77.0, 3.776041997349782
78.0, 3.782758597392023
79.0, 3.7894896814948225
80.0, 3.796235172613352
81.0, 3.80299499408509
82.0, 3.8097690696293274
83.0, 3.816557323346643
84.0, 3.8233596797183518
85.0, 3.8301760636059097
86.0, 3.8370064002503104
87.0, 3.8438506152714305
88.0, 3.8507086346673636
89.0, 3.8575803848137196
90.0, 3.8644657924628945
91.0, 3.871364784743321
92.0, 3.8782772891586874
93.0, 3.885203233587138
94.0, 3.892142546280438
95.0, 3.89909515586313
96.0, 3.906060991331652
97.0, 3.9130399820534447
98.0, 3.920032057766029
99.0, 3.9270371485760664
100.0, 3.934055184958397
101.0, 3.934055184958397
102.0, 3.934055184958397
103.0, 3.934055184958397
104.0, 3.934055184958397
105.0, 3.934055184958397
106.0, 3.934055184958397
107.0, 3.934055184958397
108.0, 3.934055184958397
109.0, 3.934055184958397
110.0, 3.934055184958397
111.0, 3.934055184958397
112.0, 3.934055184958397
113.0, 3.934055184958397
114.0, 3.934055184958397
115.0, 3.934055184958397
116.0, 3.934055184958397
117.0, 3.934055184958397
118.0, 3.934055184958397
119.0, 3.934055184958397
120.0, 3.934055184958397
121.0, 3.934055184958397
122.0, 3.934055184958397
123.0, 3.934055184958397
124.0, 3.934055184958397
125.0, 3.934055184958397
126.0, 3.934055184958397
127.0, 3.934055184958397
128.0, 3.934055184958397
129.0, 3.934055184958397
130.0, 3.934055184958397
131.0, 3.9270371485760664
132.0, 3.920032057766029
133.0, 3.9130399820534447
134.0, 3.906060991331652
135.0, 3.89909515586313
136.0, 3.892142546280438
137.0, 3.885203233587138
138.0, 3.8782772891586874
139.0, 3.871364784743321
140.0, 3.8644657924628945
141.0, 3.8575803848137196
142.0, 3.8507086346673636
143.0, 3.8480712125357472
144.0, 3.8412345176760074
145.0, 3.8344117126938064
146.0, 3.8276028718663855
147.0, 3.8208080698478795
148.0, 3.8140273816699444
149.0, 3.807260882742347
150.0, 3.8005086488535333
151.0, 3.7107535794863056
152.0, 3.6210040684116613
153.0, 3.531260495486172
154.0, 3.441523372612275
155.0, 3.35179321784918
156.0, 3.2620706062148366
157.0, 3.172356177728122
158.0, 3.0826506468519286
159.0, 2.9929548136300554
160.0, 2.9032695768829155
161.0, 2.8135959499196694
162.0, 2.7239350793443498
163.0, 2.634288267689952
164.0, 2.544657000820155
165.0, 2.455042981311122
166.0, 2.36544816939092
167.0, 2.358788265369035
168.0, 2.2690973307884765
169.0, 2.179469461036331
170.0, 2.0899125699502576
171.0, 2.0004361904169006
172.0, 1.9110516312414914
173.0, 1.8217724078653024
174.0, 1.8153825930954643
175.0, 1.7270158412695298
176.0, 1.638936080586961
177.0, 1.632770580864635
178.0, 1.6266431885459254
179.0, 1.6205543358885577
180.0, 1.6145044589316198
181.0, 1.537226597391472
182.0, 1.5314786411847991
183.0, 1.5257745720457017
184.0, 1.5201148840188956
185.0, 1.5145000746612218
186.0, 1.5089306449603452
187.0, 1.5034070992484272
188.0, 1.4155595815487534
189.0, 1.4101779313983978
190.0, 1.32226176278824
191.0, 1.234535549221628
192.0, 1.1470427179930822
193.0, 1.0598410697641878
194.0, 0.9730088956765847
195.0, 0.8866547527767303
196.0, 0.8009332755144407
197.0, 0.7160717105709081
198.0, 0.6324163179287281
199.0, 0.5505172343660486
200.0, 0.4712909644099748
201.0, 0.3963435915766196
202.0, 0.3286159364397184
203.0, 0.2735246724326356
204.0, 0.23993786867757427
205.0, 0.2371744861291406
206.0, 0.26619619562389624
207.0, 0.3184277216380165
208.0, 0.38452455695241283
209.0, 0.4585293638800565
210.0, 0.5371837132955336
211.0, 0.6187167848067636
212.0, 0.7021266511401676
213.0, 0.7097283926378217
214.0, 0.7920830416911658
215.0, 0.8756517492407323
216.0, 0.8830056335645394
217.0, 0.8904110912851455
218.0, 0.897866846296835
219.0, 0.9053716560026468
220.0, 0.9129243106224393
221.0, 0.9205236324921092
222.0, 0.9281684753567158
223.0, 0.9358577236600032
224.0, 0.9435902918325759
225.0, 0.9513651235807519
226.0, 0.9591811911779147
227.0, 0.96703749475999
228.0, 0.9749330616264906
229.0, 0.9828669455484085
230.0, 0.9908382260840787
231.0, 0.9908382260840787
232.0, 0.9908382260840787
233.0, 0.9908382260840787
234.0, 0.9908382260840787
235.0, 0.9908382260840787
236.0, 0.9908382260840787
237.0, 0.9908382260840787
238.0, 0.9908382260840787
239.0, 0.9908382260840787
240.0, 0.9908382260840787
241.0, 0.9908382260840787
242.0, 0.9908382260840787
243.0, 0.9908382260840787
244.0, 0.9908382260840787
245.0, 0.9908382260840787
246.0, 0.9908382260840787
247.0, 0.9908382260840787
248.0, 0.9908382260840787
249.0, 0.9908382260840787
250.0, 0.9908382260840787
251.0, 0.9908382260840787
252.0, 0.9908382260840787
253.0, 0.9908382260840787
254.0, 0.9908382260840787
255.0, 0.9908382260840787
256.0, 0.9908382260840787
257.0, 0.9908382260840787
258.0, 0.9908382260840787
259.0, 0.9908382260840787
260.0, 0.9908382260840787
261.0, 0.9828669455484085
262.0, 0.9749330616264906
263.0, 0.96703749475999
264.0, 0.9591811911779147
265.0, 0.9513651235807519
266.0, 0.9435902918325759
267.0, 0.9358577236600032
268.0, 0.9281684753567158
269.0, 0.9205236324921092
270.0, 0.9129243106224393
271.0, 0.9053716560026468
272.0, 0.897866846296835
273.0, 0.8904110912851455
274.0, 0.8830056335645394
275.0, 0.8756517492407323
276.0, 0.86835074860826
277.0, 0.8611039768153593
278.0, 0.8539128145100405
279.0, 0.8467786784633994
280.0, 0.839703022165881
281.0, 0.8326873363918399
282.0, 0.8257331497273748
ee_dist
0.0, 0.9738799124877292
1.0, 0.9927700730276974
2.0, 1.0769401019365128
3.0, 1.1571170861644977
4.0, 1.1846953836420795
5.0, 1.210084785751895
6.0, 1.2445191764303591
7.0, 1.28080298650966
8.0, 1.31668455809716
9.0, 1.3575587658383763
10.0, 1.3983144409172374
11.0, 1.437730383410201
12.0, 1.4770516595560954
13.0, 1.5202893950334493
14.0, 1.5589643975398146
15.0, 1.5965391518814827
16.0, 1.6298149470463934
17.0, 1.669392941803627
18.0, 1.7053809324942963
19.0, 1.7389357050543586
20.0, 1.7632634820551547
21.0, 1.7321161152735813
22.0, 1.6929630479639581
23.0, 1.6498740280519788
24.0, 1.602447305871338
25.0, 1.5515830817881442
26.0, 1.4970584517555223
27.0, 1.4391684818884998
28.0, 1.3780153821216072
29.0, 1.3139984199099966
30.0, 1.2472676262147517
31.0, 1.1783436960478655
32.0, 1.1074677683439254
33.0, 1.0353144151577374
34.0, 0.9623030570399062
35.0, 0.8893814067102531
36.0, 0.8173394896095176
37.0, 0.752039332196222
38.0, 0.6859096451037744
39.0, 0.625534895311446
40.0, 0.5733793554045901
41.0, 0.5883707073937886
42.0, 0.7104473755044257
43.0, 1.1055600653381659
44.0, 1.0651030500287728
45.0, 1.0221606121030218
46.0, 0.9776724521521979
47.0, 0.9303812299935899
48.0, 0.8814143180602115
49.0, 0.8300025931423908
50.0, 0.7771939447585282
51.0, 0.7232273934417964
52.0, 0.6684684920972901
53.0, 0.6129458076447214
54.0, 0.5568499209251295
55.0, 0.500396165395748
56.0, 0.44470499390205614
57.0, 0.39028685878301783
58.0, 0.4365067716298635
59.0, 0.5085120638466979
60.0, 0.5899742795784763
61.0, 0.6805148213790481
62.0, 0.7745641106146518
63.0, 0.8669207778878653
64.0, 0.9533235130599391
65.0, 1.020376539553135
66.0, 1.077614888255678
67.0, 1.135865049714824
68.0, 1.189277396997481
69.0, 1.242066087136269
70.0, 1.2950165886241076
71.0, 1.3462500120181524
72.0, 1.4020226005543353
73.0, 1.4632825585306897
74.0, 1.5291951816861922
75.0, 1.6062044957477368
76.0, 1.6924497496320365
77.0, 1.7880789745886525
78.0, 1.8880039470496357
79.0, 1.98710370995116
80.0, 2.0809595903659064
81.0, 2.1597312792939327
82.0, 2.223648124706083
83.0, 2.2865380350185425
84.0, 2.346851044065478
85.0, 2.406367276763913
86.0, 2.4549915832278058
87.0, 2.483365080303547
88.0, 2.5146716871461514
89.0, 2.554384490973989
90.0, 2.605026747645934
91.0, 2.68921395035695
92.0, 2.7820064463576135
93.0, 2.884509070313906
94.0, 2.9909143569308028
95.0, 3.099277917385057
96.0, 3.1999180183601528
97.0, 3.2910481489028345
98.0, 3.3621793014466257
99.0, 3.4308456168129524
100.0, 3.4955758301091886
101.0, 3.560430580090833
102.0, 3.6224111589093777
103.0, 3.6858836041873624
104.0, 3.748649880541311
105.0, 3.8192568964520164
106.0, 3.892714035850564
107.0, 3.9749099466627715
108.0, 4.06537623500266
109.0, 4.166460607479674
110.0, 4.272142116878573
111.0, 4.3817260843880685
112.0, 4.483898919556436
113.0, 4.579771721711176
114.0, 4.653600116118351
115.0, 4.721682451762363
116.0, 4.787536932249851
117.0, 4.832532235156829
118.0, 4.874976271857629
119.0, 4.918355092247444
120.0, 4.958639551603582
121.0, 4.99933552364736
122.0, 5.036452207376452
123.0, 5.07351386330289
124.0, 5.106572976603767
125.0, 5.139168199248633
126.0, 5.167404755260598
127.0, 5.194833933829438
128.0, 5.217615802791695
129.0, 5.239309974009643
130.0, 5.256133817804801
131.0, 5.271657752655585
132.0, 5.282158420852017
133.0, 5.291210880131504
134.0, 5.2951553024047024
135.0, 5.297569796173939
136.0, 5.294860216782016
137.0, 5.2906056657134135
138.0, 5.281279917384109
139.0, 5.270460349320603
140.0, 5.2546877241322205
141.0, 5.237543857579726
142.0, 5.215632849540382
143.0, 4.58960987785174
144.0, 4.578477571852433
145.0, 4.567951572426723
146.0, 4.561854063428215
147.0, 4.556382867373645
148.0, 4.555532726554754
149.0, 4.555301691901529
150.0, 4.5597301799552215
151.0, 4.476151387276111
152.0, 4.394622018902979
153.0, 4.311103116121458
154.0, 4.22963611269645
155.0, 4.146184325766798
156.0, 4.064787351979339
157.0, 3.9814111226580255
158.0, 3.900093127347437
159.0, 3.8168023450788806
160.0, 3.735573878447654
161.0, 3.652380242275284
162.0, 3.5712537875211865
163.0, 3.488171193664373
164.0, 3.407161774579346
165.0, 3.3242067922206067
166.0, 3.243332232267033
167.0, 3.2499266858079
168.0, 3.1709068899803223
169.0, 3.0900946501243673
170.0, 3.011437323581644
171.0, 2.9310240970848507
172.0, 2.8527904408698124
173.0, 2.7728464926012757
174.0, 2.785332079367013
175.0, 2.70858654745258
176.0, 2.63416903005736
177.0, 2.6479094040061932
178.0, 2.6657206233534647
179.0, 2.6839896713281712
180.0, 2.705785204644897
181.0, 2.6485748555942252
182.0, 2.627808410000017
183.0, 2.6074220473161254
184.0, 2.590784953757439
185.0, 2.5746579308290376
186.0, 2.562781248775159
187.0, 2.5515276217499996
188.0, 2.4726522951511796
189.0, 2.463757208163671
190.0, 2.3831830265079654
191.0, 2.3007314524203113
192.0, 2.2204206814364746
193.0, 2.1382673579271496
194.0, 2.058283318442694
195.0, 1.9765032060462053
196.0, 1.8969312025272855
197.0, 1.815626091671575
198.0, 1.7389483754849908
199.0, 1.6477629062406287
200.0, 1.7251999296289466
201.0, 1.8052734231489374
202.0, 1.3545247700688403
203.0, 1.2124273462019217
204.0, 1.1529841849424156
205.0, 1.4332708178373057
206.0, 1.1384450580786087
207.0, 1.06549030733853
208.0, 0.9753993452914732
209.0, 0.8971780652034744
210.0, 0.8285168814826254
211.0, 0.7626436786880167
212.0, 0.7020593488253902
213.0, 0.6819019611109962
214.0, 0.6197748552399414
215.0, 0.5614449836755748
216.0, 0.5416695502457767
217.0, 0.5229969240969475
218.0, 0.5091028249964974
219.0, 0.4968450710791634
220.0, 0.49027359321249103
221.0, 0.48574470817546017
222.0, 0.4873130223033835
223.0, 0.49102563738565175
224.0, 0.5005840788374122
225.0, 0.5120415214804953
226.0, 0.5285223989098154
227.0, 0.5464479400844456
228.0, 0.5682693645451816
229.0, 0.5910616117457044
230.0, 0.5915503558963213
231.0, 0.5910616117457044
232.0, 0.5915503558963213
233.0, 0.5910616117457044
234.0, 0.5915503558963213
235.0, 0.5910616117457044
236.0, 0.5915499238785605
237.0, 0.5910616117457044
238.0, 0.5911130902759304
239.0, 0.5912731668836171
240.0, 0.5915388044307706
241.0, 0.5910631390912443
242.0, 0.5915504680337483
243.0, 0.5963218815356601
244.0, 0.6059762972625237
245.0, 0.616877893549122
246.0, 0.6297785729472317
247.0, 0.6437647252633374
248.0, 0.6594723046518686
249.0, 0.6759300620535996
250.0, 0.6938506559536619
251.0, 0.7122436551083836
252.0, 0.7318357327475914
253.0, 0.7516585527074989
254.0, 0.7723880488138549
255.0, 0.7931240927185668
256.0, 0.8161530563630307
257.0, 0.8361413029399546
258.0, 0.8577501292616337
259.0, 0.8788703898433373
260.0, 0.900009350386751
261.0, 0.9205935598813569
262.0, 0.9410032478489799
263.0, 0.9230113512751578
264.0, 0.9018389033883694
265.0, 0.8800543431360088
266.0, 0.8575523175880541
267.0, 0.8345541961583369
268.0, 0.811139958575135
269.0, 0.7875656236576681
270.0, 0.7639357798909869
271.0, 0.7405561526847831
272.0, 0.7175622119047524
273.0, 0.6953087696650286
274.0, 0.6739721159934956
275.0, 0.6450580347623027
276.0, 0.6110822999973512
277.0, 0.5932802799098129
278.0, 0.5776928964924527
279.0, 0.564263956862173
280.0, 0.5538027142443268
281.0, 0.5469443402171815
282.0, 0.5438579539871887
ee_box_dist
0.0, 0.8734733982010244
1.0, 0.9107092711410264
2.0, 0.9408106569773305
3.0, 0.973196651011368
4.0, 1.0074943685599176
5.0, 1.043387272361442
6.0, 1.0805758106938161
7.0, 1.1156865234133315
8.0, 1.1488281850385273
9.0, 1.1864496718313016
10.0, 1.2235477737537768
11.0, 1.259308168004323
12.0, 1.2950486872296674
13.0, 1.3347515515387327
14.0, 1.3702279664987085
15.0, 1.404764415541186
16.0, 1.435221330585487
17.0, 1.4720142735100905
18.0, 1.5055486380288636
19.0, 1.5368700208999657
20.0, 1.5593488127304678
21.0, 1.5288066163976486
22.0, 1.4906925937151732
23.0, 1.448655203732657
24.0, 1.4023799816699467
25.0, 1.3527195391917877
26.0, 1.2994526610543629
27.0, 1.2428537128376962
28.0, 1.182986564313762
29.0, 1.12020706174285
30.0, 1.054597394303859
31.0, 0.9866001730841413
32.0, 0.9163510347976457
33.0, 0.8444182416901389
34.0, 0.7710708279175753
35.0, 0.697076042456527
36.0, 0.6230014011976818
37.0, 0.5571681517920538
38.0, 0.4915059250637814
39.0, 0.42810886730475955
40.0, 0.3710535246849093
41.0, 0.38499552577625934
42.0, 0.3993449654392043
43.0, 0.4134840278750272
44.0, 0.42795904789928674
45.0, 0.44214887052692303
46.0, 0.4565846914600457
47.0, 0.4707323596991363
48.0, 0.4849970910480081
49.0, 0.4990410300946771
50.0, 0.513048998704446
51.0, 0.5269039282682864
52.0, 0.5406190825083671
53.0, 0.5541679414227488
54.0, 0.5675089856511433
55.0, 0.5806118776859237
56.0, 0.5934361314906106
57.0, 0.6059719706851499
58.0, 0.6181925487726352
59.0, 0.6301212775572088
60.0, 0.6417107494655653
61.0, 0.6530125943947949
62.0, 0.663959400244596
63.0, 0.6746088863048654
64.0, 0.6848997690003865
65.0, 0.6948828425733707
66.0, 0.7045090346588538
67.0, 0.7138144903230612
68.0, 0.722754159074752
69.0, 0.7313530880857019
70.0, 0.7395728290632503
71.0, 0.7474343245353404
72.0, 0.7549033557614787
73.0, 0.7619985197486356
74.0, 0.7686883985351751
75.0, 0.7749879670602539
76.0, 0.7808685602556161
77.0, 0.7863420758491348
78.0, 0.7913808179441791
79.0, 0.7959946486718841
80.0, 0.8001565687588819
81.0, 0.8038741420164313
82.0, 0.8071207480240605
83.0, 0.8099033698848577
84.0, 0.8121943956017366
85.0, 0.8140028182310028
86.0, 0.8339391249663839
87.0, 0.878543733551552
88.0, 0.9171653115008431
89.0, 0.951131566000063
90.0, 0.9770442730948692
91.0, 0.9757322876296701
92.0, 0.9764881192965387
93.0, 0.9755149706193973
94.0, 0.976503614372521
95.0, 0.9755128987737041
96.0, 0.9765037848598592
97.0, 0.9755128812989776
98.0, 0.9765037280307461
99.0, 0.9755128812989776
100.0, 0.9765037454924526
101.0, 0.9755128244740401
102.0, 0.9765037280307461
103.0, 0.9755128244740401
104.0, 0.9765037848598592
105.0, 0.9755128419487675
106.0, 0.9765037280307461
107.0, 0.9755128419487675
108.0, 0.9765037848598592
109.0, 0.9755128812989776
110.0, 0.9765037280307461
111.0, 0.9755128812989776
112.0, 0.9765037454924526
113.0, 0.9755128244740401
114.0, 0.9765037848598592
115.0, 0.9755128244740401
116.0, 0.9765037848598592
117.0, 0.9755128812989776
118.0, 0.9765037280307461
119.0, 0.9755128419487675
120.0, 0.9765037848598592
121.0, 0.9755128244740401
122.0, 0.9765037280307461
123.0, 0.9755128419487675
124.0, 0.9765037848598592
125.0, 0.9755128244740401
126.0, 0.9765037280307461
127.0, 0.9755128419487675
128.0, 0.9765037848598592
129.0, 0.9755128244740401
130.0, 0.9765037280307461
131.0, 0.9755128419487675
132.0, 0.9765037848598592
133.0, 0.9755128244740401
134.0, 0.9765037280307461
135.0, 0.9755128419487675
136.0, 0.9765037848598592
137.0, 0.9755128244740401
138.0, 0.9765037280307461
139.0, 0.9755128419487675
140.0, 0.9765037848598592
141.0, 0.9755128244740401
142.0, 0.9765037280307461
143.0, 1.7002727925294814
144.0, 1.6948465214213009
145.0, 1.6894882503967568
146.0, 1.680465223925071
147.0, 1.6715129404209434
148.0, 1.6590330672172968
149.0, 1.6466209543848942
150.0, 1.630880910491203
151.0, 1.7000541712733657
152.0, 1.7688455410415476
153.0, 1.840473213634959
154.0, 1.9113900844524212
155.0, 1.9849570541569044
156.0, 2.0575629215189832
157.0, 2.132679816583714
158.0, 2.206643131832301
159.0, 2.283012765004933
160.0, 2.358079358440219
161.0, 2.4354726865157454
162.0, 2.5114454452221797
163.0, 2.5896838649241753
164.0, 2.6664081106866755
165.0, 2.745347628878038
166.0, 2.822697916209805
167.0, 2.813149857894097
168.0, 2.8888407031258483
169.0, 2.9667519135120273
170.0, 3.043116090216094
171.0, 3.121685948621037
172.0, 3.198646341835031
173.0, 3.277772542769406
174.0, 3.2658183107383527
175.0, 3.3430621610276163
176.0, 3.418771366946946
177.0, 3.4071722184438418
178.0, 3.391811955184918
179.0, 3.376324203942244
180.0, 3.3573816739568634
181.0, 3.4227890845420026
182.0, 3.4397493822131473
183.0, 3.4565821188594934
184.0, 3.4697595767710525
185.0, 3.4827909550159313
186.0, 3.491907863445396
187.0, 3.5008676002467425
188.0, 3.580733701403603
189.0, 3.5874358850376926
190.0, 3.6684132443949933
191.0, 3.7514333920663967
192.0, 3.832525308208224
193.0, 3.9156576508549046
194.0, 3.9968510033406264
195.0, 4.080080625525501
196.0, 4.161364976248043
197.0, 4.244680713578731
198.0, 4.317616273294621
199.0, 4.403928207433158
200.0, 4.500064632908889
201.0, 4.54465657761488
202.0, 4.965693695466657
203.0, 4.891067522628829
204.0, 4.987337108240801
205.0, 4.7339136774521435
206.0, 4.972790485586826
207.0, 5.052505026926939
208.0, 5.147266111727538
209.0, 5.234397359713114
210.0, 5.316734049612421
211.0, 5.400425030226473
212.0, 5.4821614326627275
213.0, 5.485373860194002
214.0, 5.567403032426361
215.0, 5.651451550587247
216.0, 5.650353324637641
217.0, 5.64896481515358
218.0, 5.643342255077311
219.0, 5.637405054115069
220.0, 5.627368299564427
221.0, 5.617007986738365
222.0, 5.602796410260531
223.0, 5.5882519979690155
224.0, 5.570198316603407
225.0, 5.551811248648372
226.0, 5.530344112108392
227.0, 5.508552386994052
228.0, 5.484191996516169
229.0, 5.459527394347729
230.0, 5.459090544330944
231.0, 5.459513186049138
232.0, 5.459089731499275
233.0, 5.459508559525198
234.0, 5.459084451087423
235.0, 5.459506659771331
236.0, 5.459084682165111
237.0, 5.459506576846487
238.0, 5.459261633303402
239.0, 5.459356558217757
240.0, 5.459102740995323
241.0, 5.45951270866598
242.0, 5.4590934464009715
243.0, 5.4579633750096805
244.0, 5.458737848686619
245.0, 5.458844501615969
246.0, 5.457978791458735
247.0, 5.456444873829777
248.0, 5.453831156069743
249.0, 5.450473712409823
250.0, 5.4459829321541156
251.0, 5.440763918020626
252.0, 5.434425591922046
253.0, 5.427472046247268
254.0, 5.41948224250579
255.0, 5.4110515258532415
256.0, 5.400901497847721
257.0, 5.3918747716050905
258.0, 5.3814587357956185
259.0, 5.371026404458515
260.0, 5.360010538760637
261.0, 5.349123813823232
262.0, 5.33780256185734
263.0, 5.356692476421388
264.0, 5.380497416722829
265.0, 5.404572029978946
266.0, 5.42898355657363
267.0, 5.453529035480487
268.0, 5.478022065535959
269.0, 5.502274071702974
270.0, 5.526103387364127
271.0, 5.549325410077281
272.0, 5.571778736061182
273.0, 5.593288676477294
274.0, 5.613699682890804
275.0, 5.64234092982028
276.0, 5.675956512540035
277.0, 5.692990878737805
278.0, 5.7080939666373816
279.0, 5.72193704676843
280.0, 5.733836796512263
281.0, 5.74347209059601
282.0, 5.750660123493311
spot_hold
0, 0
1, 0
2, 0
3, 0
4, 0
5, 0
6, 0
7, 0
8, 0
9, 0
10, 0
11, 0
12, 0
13, 0
14, 0
15, 0
16, 0
17, 0
18, 0
19, 0
20, 0
21, 0
22, 0
23, 0
24, 0
25, 0
26, 0
27, 0
28, 0
29, 0
30, 0
31, 0
32, 0
33, 0
34, 0
35, 0
36, 0
37, 0
38, 0
39, 0
40, 0
41, 1
42, 1
43, 1
44, 1
45, 1
46, 1
47, 1
48, 1
49, 1
50, 1
51, 1
52, 1
53, 1
54, 1
55, 1
56, 1
57, 1
58, 1
59, 1
60, 1
61, 1
62, 1
63, 1
64, 1
65, 1
66, 1
67, 1
68, 1
69, 1
70, 1
71, 1
72, 1
73, 1
74, 1
75, 1
76, 1
77, 1
78, 1
79, 1
80, 1
81, 1
82, 1
83, 1
84, 1
85, 1
86, 1
87, 1
88, 1
89, 1
90, 1
91, 1
92, 1
93, 1
94, 1
95, 1
96, 1
97, 1
98, 1
99, 1
100, 1
101, 1
102, 1
103, 1
104, 1
105, 1
106, 1
107, 1
108, 1
109, 1
110, 1
111, 1
112, 1
113, 1
114, 1
115, 1
116, 1
117, 1
118, 1
119, 1
120, 1
121, 1
122, 1
123, 1
124, 1
125, 1
126, 1
127, 1
128, 1
129, 1
130, 1
131, 1
132, 1
133, 1
134, 1
135, 1
136, 1
137, 1
138, 1
139, 1
140, 1
141, 1
142, 1
143, 1
144, 1
145, 1
146, 1
147, 1
148, 1
149, 1
150, 1
151, 1
152, 1
153, 1
154, 1
155, 1
156, 1
157, 1
158, 1
159, 1
160, 1
161, 1
162, 1
163, 1
164, 1
165, 1
166, 1
167, 1
168, 1
169, 1
170, 1
171, 1
172, 1
173, 1
174, 1
175, 1
176, 1
177, 1
178, 1
179, 1
180, 1
181, 1
182, 1
183, 1
184, 1
185, 1
186, 1
187, 1
188, 1
189, 1
190, 1
191, 1
192, 1
193, 1
194, 1
195, 1
196, 1
197, 1
198, 1
199, 1
200, 1
201, 1
202, 1
203, 1
204, 1
205, 1
206, 1
207, 1
208, 1
209, 1
210, 1
211, 1
212, 1
213, 1
214, 1
215, 1
216, 1
217, 1
218, 1
219, 1
220, 1
221, 1
222, 1
223, 1
224, 1
225, 1
226, 1
227, 1
228, 1
229, 1
230, 1
231, 1
232, 1
233, 1
234, 1
235, 1
236, 1
237, 1
238, 1
239, 1
240, 1
241, 1
242, 1
243, 1
244, 1
245, 1
246, 1
247, 1
248, 1
249, 1
250, 1
251, 1
252, 1
253, 1
254, 1
255, 1
256, 1
257, 1
258, 1
259, 1
260, 1
261, 1
262, 1
263, 1
264, 1
265, 1
266, 1
267, 1
268, 1
269, 1
270, 1
271, 1
272, 1
273, 1
274, 1
275, 1
276, 1
277, 1
278, 1
279, 1
280, 1
281, 1
282, 1
