bot_dist
0.0, 2.9622519028357717
1.0, 2.9655311834655023
2.0, 2.9688405267905233
3.0, 2.972179832391832
4.0, 2.9755489993940656
5.0, 2.9789479264781873
6.0, 2.982376511894119
7.0, 2.985834653473322
8.0, 2.9893222486413125
9.0, 2.9928391944301205
10.0, 2.9963853874906823
11.0, 2.9999607241051707
12.0, 3.0035651001992503
13.0, 3.0071984113542665
14.0, 3.010860552819358
15.0, 3.014551419523498
16.0, 3.018270906087451
17.0, 3.0220189068356547
18.0, 3.025795315808019
19.0, 3.0296000267716376
20.0, 3.0334329332324197
21.0, 3.0372939284466294
22.0, 3.041182905432334
23.0, 3.0450997569807674
24.0, 3.049044375667592
25.0, 3.053016653864077
26.0, 3.0570164837481686
27.0, 3.0610437573154683
28.0, 3.065098366390117
29.0, 3.0691802026355677
30.0, 3.073289157565266
31.0, 3.077425122553223
32.0, 3.081587988844485
33.0, 3.085777647565497
34.0, 3.089993989734363
35.0, 3.0942369062709942
36.0, 3.0985062880071563
37.0, 3.102802025696395
38.0, 3.1071240100238673
39.0, 3.111472131616049
40.0, 3.115846281050338
41.0, 3.120246348864541
42.0, 3.124672225566253
43.0, 3.1291238016421143
44.0, 3.133600967566964
45.0, 3.1381036138128717
46.0, 3.142631630858058
47.0, 3.1471849091956967
48.0, 3.151763339342606
49.0, 3.156366811847818
50.0, 3.1609952173010387
51.0, 3.165648446340987
52.0, 3.1703263896636176
53.0, 3.1750289380302292
54.0, 3.179755869285387
55.0, 3.184507186174794
56.0, 3.1892827797110535
57.0, 3.194082541003372
58.0, 3.1989063612650783
59.0, 3.2037541318210327
60.0, 3.208625744114921
61.0, 3.2135210897164255
62.0, 3.2184400603282937
63.0, 3.223382547793275
64.0, 3.228348444100958
65.0, 3.2333376413944794
66.0, 3.2383500319771303
67.0, 3.2433855083188434
68.0, 3.248443963062563
69.0, 3.2535252890305113
70.0, 3.2586293792303325
71.0, 3.263756126861132
72.0, 3.268905425319404
73.0, 3.274077168204838
74.0, 3.279271249326034
75.0, 3.2844875627060865
76.0, 3.289726002588079
77.0, 3.2949864634404564
78.0, 3.300268839962296
79.0, 3.3055730270884722
80.0, 3.3108989199947105
81.0, 3.316246414102542
82.0, 3.321615405084147
83.0, 3.3270057888671016
84.0, 3.3324174616390168
85.0, 3.3378503198520706
86.0, 3.3433042602274545
87.0, 3.3487791797597017
88.0, 3.3542749757209225
89.0, 3.359791545664949
90.0, 3.3653287874313658
91.0, 3.370886599149457
92.0, 3.3764648792420537
93.0, 3.382063526429278
94.0, 3.3876824397322087
95.0, 3.3933215184764354
96.0, 3.3989806622955365
97.0, 3.404659771134454
98.0, 3.4103587452527866
99.0, 3.416077485227982
100.0, 3.421815891958455
101.0, 3.421815891958455
102.0, 3.421815891958455
103.0, 3.421815891958455
104.0, 3.421815891958455
105.0, 3.421815891958455
106.0, 3.421815891958455
107.0, 3.421815891958455
108.0, 3.421815891958455
109.0, 3.421815891958455
110.0, 3.421815891958455
111.0, 3.421815891958455
112.0, 3.421815891958455
113.0, 3.421815891958455
114.0, 3.421815891958455
115.0, 3.421815891958455
116.0, 3.421815891958455
117.0, 3.421815891958455
118.0, 3.421815891958455
119.0, 3.421815891958455
120.0, 3.421815891958455
121.0, 3.421815891958455
122.0, 3.421815891958455
123.0, 3.421815891958455
124.0, 3.421815891958455
125.0, 3.421815891958455
126.0, 3.421815891958455
127.0, 3.421815891958455
128.0, 3.421815891958455
129.0, 3.421815891958455
130.0, 3.421815891958455
131.0, 3.416077485227982
132.0, 3.4103587452527866
133.0, 3.404659771134454
134.0, 3.3989806622955365
135.0, 3.3933215184764354
136.0, 3.3876824397322087
137.0, 3.382063526429278
138.0, 3.3764648792420537
139.0, 3.370886599149457
140.0, 3.3653287874313658
141.0, 3.359791545664949
142.0, 3.3542749757209225
143.0, 3.3536228915928876
144.0, 3.348155892529324
145.0, 3.342709868050225
146.0, 3.337284920839155
147.0, 3.3318811538497277
148.0, 3.3264986703012682
149.0, 3.32113757367438
150.0, 3.3157979677064047
151.0, 3.227762203372119
152.0, 3.139830205363469
153.0, 3.052010891732209
154.0, 2.9643143324754115
155.0, 2.8767517539603813
156.0, 2.7893357739499547
157.0, 2.702080620464115
158.0, 2.6150023925163737
159.0, 2.528119372176254
160.0, 2.441452399865136
161.0, 2.3550253279677245
162.0, 2.2688655719675466
163.0, 2.1830047837047064
164.0, 2.0974796784292145
165.0, 2.012333056652722
166.0, 1.9276150741522367
167.0, 1.9235820053978565
168.0, 1.84162670631047
169.0, 1.7605038876842445
170.0, 1.6803338760955275
171.0, 1.6012597900417638
172.0, 1.5234522896049159
173.0, 1.4471156918670394
174.0, 1.444587795021885
175.0, 1.3740703352703592
176.0, 1.306086780648882
177.0, 1.304462261124004
178.0, 1.3029124331543285
179.0, 1.3014376033428934
180.0, 1.300038026934995
181.0, 1.2587989220362623
182.0, 1.2581203210177891
183.0, 1.2575208814773344
184.0, 1.2570007166666763
185.0, 1.2565599250353807
186.0, 1.2561985901379937
187.0, 1.2559167805550748
188.0, 1.255714549828241
189.0, 1.2555919364093728
190.0, 1.2555489636240849
191.0, 1.2555856396495486
192.0, 1.2557019575067156
193.0, 1.2558978950669546
194.0, 1.256173415073092
195.0, 1.1747949830882114
196.0, 1.0939304544552968
197.0, 1.0137028210590224
198.0, 1.0146456143815352
199.0, 0.9343469777635924
200.0, 0.8547481145595636
201.0, 0.7760643763536574
202.0, 0.6986050426114511
203.0, 0.6228271086698111
204.0, 0.5494267207196416
205.0, 0.47949697392410606
206.0, 0.4147969225764626
207.0, 0.3581719396746849
208.0, 0.31402118109554594
209.0, 0.28813708264964866
210.0, 0.2855313766190198
211.0, 0.30679776414593996
212.0, 0.34758176239675803
213.0, 0.40198607865399794
214.0, 0.465256967414023
215.0, 0.5342536834207638
216.0, 0.6070268055512912
217.0, 0.6823691661811422
218.0, 0.7595165614649099
219.0, 0.7635471398523258
220.0, 0.8388603163673484
221.0, 0.9155234258461581
222.0, 0.9932239291660977
223.0, 0.9965040810225285
224.0, 0.9998734933362043
225.0, 1.0033312668373857
226.0, 1.0068764911875046
227.0, 1.0105082459604107
228.0, 1.0142256016080888
229.0, 1.018027620409177
230.0, 1.0219133573987726
231.0, 1.0219133573987726
232.0, 1.0219133573987726
233.0, 1.0219133573987726
234.0, 1.0219133573987726
235.0, 1.0219133573987726
236.0, 1.0219133573987726
237.0, 1.0219133573987726
238.0, 1.0219133573987726
239.0, 1.0219133573987726
240.0, 1.0219133573987726
241.0, 1.0219133573987726
242.0, 1.0219133573987726
243.0, 1.0219133573987726
244.0, 1.0219133573987726
245.0, 1.0219133573987726
246.0, 1.0219133573987726
247.0, 1.0219133573987726
248.0, 1.0219133573987726
249.0, 1.0219133573987726
250.0, 1.0219133573987726
251.0, 1.0219133573987726
252.0, 1.0219133573987726
253.0, 1.0219133573987726
254.0, 1.0219133573987726
255.0, 1.0219133573987726
256.0, 1.0219133573987726
257.0, 1.0219133573987726
258.0, 1.0219133573987726
259.0, 1.0219133573987726
260.0, 1.0219133573987726
261.0, 1.018027620409177
262.0, 1.0142256016080888
263.0, 1.0105082459604107
264.0, 1.0068764911875046
265.0, 1.0033312668373857
266.0, 0.9998734933362043
267.0, 0.9965040810225285
268.0, 0.9932239291660977
269.0, 0.9900339249728298
270.0, 0.9869349425780055
271.0, 0.983927842029675
272.0, 0.9810134682644643
273.0, 0.978192650078067
274.0, 0.975466199092828
275.0, 0.9728349087249304
276.0, 0.9702995531537963
277.0, 0.9678608862963975
278.0, 0.9655196407892579
279.0, 0.963276526980994
280.0, 0.9611322319382967
281.0, 0.959087418468304
282.0, 0.9571427241603407
ee_dist
0.0, 1.4555079768813808
1.0, 1.5186167896714176
2.0, 1.6286315568545946
3.0, 1.721685914584774
4.0, 1.7538821590407683
5.0, 1.7797357653966284
6.0, 1.8118977913578511
7.0, 1.8438847482343539
8.0, 1.8776480963767381
9.0, 1.9125568257444034
10.0, 1.9481991424042493
11.0, 1.9834654541157244
12.0, 2.02289706634938
13.0, 2.0643944691268317
14.0, 2.101927406792486
15.0, 2.138834494245466
16.0, 2.1787886509786496
17.0, 2.2108477960905355
18.0, 2.247984124742311
19.0, 2.2811555926510816
20.0, 2.312484987127818
21.0, 2.272752071413379
22.0, 2.227887437333927
23.0, 2.178843347740502
24.0, 2.1253722816267255
25.0, 2.0668122558656865
26.0, 2.0053915884513933
27.0, 1.9413745243658835
28.0, 1.8736447227295998
29.0, 1.8048070090482513
30.0, 1.734297077184979
31.0, 1.6627164867613646
32.0, 1.5906231727432998
33.0, 1.5189672668033605
34.0, 1.4485250417038436
35.0, 1.3805122949460713
36.0, 1.3160189680439858
37.0, 1.2565584763264825
38.0, 1.2035271837095842
39.0, 1.1585731872780956
40.0, 1.1232102474494385
41.0, 1.1361015443624756
42.0, 1.0129963784043117
43.0, 0.7449250016951121
44.0, 0.6977564567172131
45.0, 0.6501690687825086
46.0, 0.6020852894282916
47.0, 0.5535363694758919
48.0, 0.5054387527268748
49.0, 0.4583864339427718
50.0, 0.41399584794764177
51.0, 0.3743054260636507
52.0, 0.34172688139802
53.0, 0.31848641506527886
54.0, 0.307376355202663
55.0, 0.30999678407879877
56.0, 0.3266774952447475
57.0, 0.3550912452546892
58.0, 0.3272978664351578
59.0, 0.2848525447556913
60.0, 0.25799015946591963
61.0, 0.26209103033517755
62.0, 0.30233105094845647
63.0, 0.3664126577015888
64.0, 0.4384692776651565
65.0, 0.501562736515427
66.0, 0.561521757317297
67.0, 0.6209341172336266
68.0, 0.6741955850344917
69.0, 0.7255742513231874
70.0, 0.7754178543911097
71.0, 0.8235764860718761
72.0, 0.8718563382873341
73.0, 0.92759121897802
74.0, 0.9876916259697702
75.0, 1.0592754138840326
76.0, 1.1404842173043312
77.0, 1.2316288116371128
78.0, 1.3281287486661935
79.0, 1.425112620182565
80.0, 1.517898916723349
81.0, 1.596918751883265
82.0, 1.662128550477668
83.0, 1.7268955291949444
84.0, 1.7881772809388907
85.0, 1.848057567341438
86.0, 1.896763594390791
87.0, 1.9252849532394074
88.0, 1.954493434644504
89.0, 1.9934588426704611
90.0, 2.0412986998785128
91.0, 2.1243029330170806
92.0, 2.2139954822773826
93.0, 2.3147893986058286
94.0, 2.4189060001703706
95.0, 2.526737214270106
96.0, 2.6260410845527637
97.0, 2.717585439781001
98.0, 2.7888636790292267
99.0, 2.8594091401955413
100.0, 2.9241412091513097
101.0, 2.9897777711315423
102.0, 3.0514051131800137
103.0, 3.1153076489769775
104.0, 3.1762965175020432
105.0, 3.2465986198610106
106.0, 3.318605263488911
107.0, 3.4004421997975682
108.0, 3.4891602027864335
109.0, 3.5895981026691883
110.0, 3.693846173884589
111.0, 3.8034670800094883
112.0, 3.9045560876409025
113.0, 4.000848240211909
114.0, 4.074622627829741
115.0, 4.144297178980539
116.0, 4.2100149017900055
117.0, 4.27585664590718
118.0, 4.337438874960805
119.0, 4.402556095333183
120.0, 4.462795102038172
121.0, 4.532332904850586
122.0, 4.604307973570564
123.0, 4.682952841243783
124.0, 4.726036482747604
125.0, 4.772249250553071
126.0, 4.815341105484266
127.0, 4.86098001495437
128.0, 4.902308924761829
129.0, 4.945590364437032
130.0, 4.984726547052588
131.0, 5.025271013709875
132.0, 5.060573604797161
133.0, 5.096871528357693
134.0, 5.128089498103687
135.0, 5.159930593970101
136.0, 5.185756962782923
137.0, 5.2118492889241175
138.0, 5.232334883336168
139.0, 5.252791053931003
140.0, 5.266830216841772
141.0, 5.280676424541284
142.0, 5.288541879262418
143.0, 4.641852821521833
144.0, 4.634035744659877
145.0, 4.625591989008708
146.0, 4.622597439231483
147.0, 4.618936375179912
148.0, 4.621546697412146
149.0, 4.623433588263947
150.0, 4.630914745196915
151.0, 4.54781231483844
152.0, 4.450352132682388
153.0, 4.38798173050689
154.0, 4.305560699270975
155.0, 4.208834494319047
156.0, 4.145145838511533
157.0, 4.062650349873128
158.0, 3.9827099290531986
159.0, 3.9008921409280615
160.0, 3.8219600154733255
161.0, 3.7398232302951526
162.0, 3.661368852032406
163.0, 3.5801272024349453
164.0, 3.5015917882338714
165.0, 3.4201860578166303
166.0, 3.342348253439186
167.0, 3.3517318926067214
168.0, 3.2765620271756997
169.0, 3.198510832590244
170.0, 3.1242210423889265
171.0, 3.047225749820976
172.0, 2.9734148311128004
173.0, 2.8969872514934076
174.0, 2.913679516786184
175.0, 2.841928683824569
176.0, 2.7734548112025026
177.0, 2.7899686865094506
178.0, 2.81142912731143
179.0, 2.8322506673353693
180.0, 2.856755764673064
181.0, 2.807852690041199
182.0, 2.7850262287091496
183.0, 2.748247777486078
184.0, 2.7430487235061944
185.0, 2.719971955610694
186.0, 2.7074071323588536
187.0, 2.691775869502149
188.0, 2.6815884608755196
189.0, 2.670639626054122
190.0, 2.6659067367971536
191.0, 2.6608776392769373
192.0, 2.6612514914661385
193.0, 2.661232796713918
194.0, 2.667442422187752
195.0, 2.5850827209562066
196.0, 2.506018878802541
197.0, 2.423785835528642
198.0, 2.43341849457773
199.0, 2.3542362181494974
200.0, 2.2782324500849205
201.0, 2.199579627362027
202.0, 2.141981072727388
203.0, 2.1180727432776156
204.0, 2.2805227088101008
205.0, 1.9886908222564976
206.0, 2.2441345715449286
207.0, 1.8296807359052738
208.0, 1.8004968633691862
209.0, 2.067649952471831
210.0, 1.566175144984234
211.0, 1.4863450155851161
212.0, 1.3888073998018324
213.0, 1.325518901293627
214.0, 1.2706901818333796
215.0, 1.2130440129242468
216.0, 1.158026551604723
217.0, 1.1015368780684558
218.0, 1.0535150526832961
219.0, 1.0763286085879622
220.0, 1.0381755472821825
221.0, 1.0039494342986701
222.0, 0.9771231373450949
223.0, 0.9498783453232837
224.0, 0.9249740656341826
225.0, 0.8999323643515039
226.0, 0.8787168147125693
227.0, 0.8574005564565776
228.0, 0.8406791369777834
229.0, 0.8238583837426098
230.0, 0.8131526555098127
231.0, 0.8025204528075356
232.0, 0.7979947682083539
233.0, 0.7936200766962016
234.0, 0.7963568638762334
235.0, 0.799153104846626
236.0, 0.8083562858357258
237.0, 0.8174792778222829
238.0, 0.8330903396602296
239.0, 0.8317843916334137
240.0, 0.8330894008589417
241.0, 0.8314735316358364
242.0, 0.8330884270862436
243.0, 0.8399020119221771
244.0, 0.852615133322682
245.0, 0.8663132673748897
246.0, 0.8821566775905633
247.0, 0.8989121946295804
248.0, 0.9262217647292854
249.0, 0.9524616833720295
250.0, 0.977747521498857
251.0, 1.0027940776386446
252.0, 1.0279871598943189
253.0, 1.05278774227046
254.0, 1.0779195576504277
255.0, 1.1025472089809076
256.0, 1.1274750707461825
257.0, 1.1517676250349842
258.0, 1.1762053449277738
259.0, 1.1998867050932354
260.0, 1.2235286107302301
261.0, 1.2463211150176368
262.0, 1.2689047661890518
263.0, 1.2416568919401896
264.0, 1.208423213028984
265.0, 1.1733742376610474
266.0, 1.1362808834344944
267.0, 1.0973496083482843
268.0, 1.0566340712974973
269.0, 1.0143701111446704
270.0, 0.9706319957223994
271.0, 0.9257125875295065
272.0, 0.8797257317191105
273.0, 0.833038705339327
274.0, 0.7861245303609101
275.0, 0.7360511129648394
276.0, 0.6827880411071873
277.0, 0.6272288353155834
278.0, 0.5807803188761201
279.0, 0.5371999725760136
280.0, 0.49694946335510154
281.0, 0.43174364675687144
282.0, 0.38893245103117086
ee_box_dist
0.0, 0.8842870626350334
1.0, 0.9297266076181264
2.0, 0.9610113477997622
3.0, 0.9912403624881139
4.0, 1.0239552504310434
5.0, 1.0583282388431559
6.0, 1.094010761750274
7.0, 1.1271289972608984
8.0, 1.159450143348836
9.0, 1.1922263284505887
10.0, 1.2251340561614905
11.0, 1.257579941573576
12.0, 1.293557660786057
13.0, 1.331531797170188
14.0, 1.3658678880882005
15.0, 1.3993753037927925
16.0, 1.4356681603735337
17.0, 1.4647144166290227
18.0, 1.4982426429514046
19.0, 1.5282234025957282
20.0, 1.5565802177523544
21.0, 1.5247919472667497
22.0, 1.4890673253008044
23.0, 1.449532536004328
24.0, 1.4059667929626352
25.0, 1.3578285253612519
26.0, 1.306588925037526
27.0, 1.2525791435679325
28.0, 1.1947922845181624
29.0, 1.135132867984055
30.0, 1.0730017237947562
31.0, 1.0086825723613326
32.0, 0.9423906652309282
33.0, 0.8747652005756612
34.0, 0.806198127173764
35.0, 0.7375108331115439
36.0, 0.6693890004346569
37.0, 0.6028676601972675
38.0, 0.5393598766534435
39.0, 0.4812268901261187
40.0, 0.43143031906999935
41.0, 0.44378502179412277
42.0, 0.4563071788445023
43.0, 0.46901027648033394
44.0, 0.4818081028657598
45.0, 0.49470810737977927
46.0, 0.507650024651873
47.0, 0.5206149515049718
48.0, 0.5336042059850699
49.0, 0.5465470593769044
50.0, 0.5594858529855189
51.0, 0.5723315237480795
52.0, 0.5851215140289511
53.0, 0.5977548180855783
54.0, 0.6102387303210746
55.0, 0.6224575739375393
56.0, 0.6344190696604562
57.0, 0.6460688427832634
58.0, 0.6574169548987762
59.0, 0.6684733998268186
60.0, 0.6792036729027204
61.0, 0.6896632069816283
62.0, 0.6997733177189005
63.0, 0.7096088969611993
64.0, 0.7190971248432654
65.0, 0.728295466476113
66.0, 0.7371573004956221
67.0, 0.7457211243094436
68.0, 0.7539350811660936
69.0, 0.7618290585467883
70.0, 0.7693635980868807
71.0, 0.7765517342243792
72.0, 0.7833634686099574
73.0, 0.789819091139974
74.0, 0.795879574962109
75.0, 0.8015695204591828
76.0, 0.8068545660389258
77.0, 0.8117461574285737
78.0, 0.8162163274130204
79.0, 0.8202804262013894
80.0, 0.8239080679057486
81.0, 0.8271047588032042
82.0, 0.8298443848176361
83.0, 0.8321421220425306
84.0, 0.8339569030206658
85.0, 0.835312618888854
86.0, 0.8550761322149384
87.0, 0.8988760527239014
88.0, 0.9372338060666427
89.0, 0.9699863366698698
90.0, 0.9961939699361452
91.0, 0.9936671098952148
92.0, 0.9954628863211178
93.0, 0.99397761464526
94.0, 0.9954649553483228
95.0, 0.9936544992920108
96.0, 0.9954662475550774
97.0, 0.99404297045729
98.0, 0.9954610464996527
99.0, 0.9936994977869854
100.0, 0.9954664160159805
101.0, 0.9939769687207812
102.0, 0.9954610222507677
103.0, 0.9936591724395738
104.0, 0.9954648133624494
105.0, 0.9940396677379115
106.0, 0.9954578128278423
107.0, 0.993695744172961
108.0, 0.9954623093793828
109.0, 0.9939830979851054
110.0, 0.9954639274176054
111.0, 0.993658868814102
112.0, 0.995469126925275
113.0, 0.9940344947462482
114.0, 0.9954599037832451
115.0, 0.9936960906567488
116.0, 0.9954614220381578
117.0, 0.9939856522414412
118.0, 0.9954645138459935
119.0, 0.9936595682232854
120.0, 0.9954673202472489
121.0, 0.9940316894942969
122.0, 0.9954639713471287
123.0, 0.9936898769790666
124.0, 0.995465483107765
125.0, 0.9939879061761258
126.0, 0.9954648124254938
127.0, 0.9936619219073628
128.0, 0.9954668463603549
129.0, 0.9940324492205672
130.0, 0.995459746622859
131.0, 0.9936926461522059
132.0, 0.9954632507577621
133.0, 0.993993340786006
134.0, 0.9954604565187704
135.0, 0.9936673995435421
136.0, 0.9954645505522175
137.0, 0.9940281473901674
138.0, 0.995461286251717
139.0, 0.9936892989026603
140.0, 0.9954653662635434
141.0, 0.9939951208115818
142.0, 0.995462078568075
143.0, 1.694045504140355
144.0, 1.684526488759668
145.0, 1.6761272734294403
146.0, 1.6635043099201705
147.0, 1.6519144687952052
148.0, 1.6358247029739048
149.0, 1.620711877735722
150.0, 1.6019179874370217
151.0, 1.66535775337233
152.0, 1.7405015340515235
153.0, 1.7930317378515532
154.0, 1.8609351160510488
155.0, 1.9409960199697256
156.0, 1.9974373054649182
157.0, 2.069257285505457
158.0, 2.139965020155635
159.0, 2.2132327916178363
160.0, 2.2848770484900025
161.0, 2.360095082250239
162.0, 2.4328528569828336
163.0, 2.508751869203311
164.0, 2.582888950955435
165.0, 2.6602520936450436
166.0, 2.734966346753668
167.0, 2.724120329067439
168.0, 2.7970652893159453
169.0, 2.873488176180194
170.0, 2.9471771395397766
171.0, 3.02421494862513
172.0, 3.098980551727372
173.0, 3.1770844041038675
174.0, 3.163003426784355
175.0, 3.2386872913194185
176.0, 3.312198222028779
177.0, 3.299922304335044
178.0, 3.282685095652346
179.0, 3.266342869100212
180.0, 3.245998426784957
181.0, 3.3091584645109084
182.0, 3.3266734607349906
183.0, 3.359569960400994
184.0, 3.358118640222969
185.0, 3.3764148566399346
186.0, 3.3837551990735495
187.0, 3.394712130438108
188.0, 3.4005646905968105
189.0, 3.407562932779946
190.0, 3.4089626304115166
191.0, 3.411076504724752
192.0, 3.408499826973433
193.0, 3.4067478243676512
194.0, 3.399567239591378
195.0, 3.4807282802809336
196.0, 3.559092530088698
197.0, 3.6408012542941464
198.0, 3.631935245845861
199.0, 3.71172991802595
200.0, 3.7890247049217627
201.0, 3.869538767825354
202.0, 3.92972274412763
203.0, 3.9594148942258687
204.0, 3.8690047808263226
205.0, 4.100332174895535
206.0, 3.8441414216149425
207.0, 4.297105202222813
208.0, 4.246385572316724
209.0, 4.291022299703638
210.0, 4.569995321553578
211.0, 4.658815850751731
212.0, 4.752520256262061
213.0, 4.8357495730348425
214.0, 4.912472039818618
215.0, 4.990223512790711
216.0, 5.06779380808689
217.0, 5.15203511904685
218.0, 5.229541383892076
219.0, 5.224475044162377
220.0, 5.302415664369613
221.0, 5.383620937136282
222.0, 5.461494696211634
223.0, 5.468998280155351
224.0, 5.471475058762983
225.0, 5.47484628638134
226.0, 5.472429107691999
227.0, 5.47099572575488
228.0, 5.464332938472992
229.0, 5.458696796488739
230.0, 5.4473726258643484
231.0, 5.436999631195054
232.0, 5.421937556340039
233.0, 5.407717301435587
234.0, 5.388626630273242
235.0, 5.370370776867742
236.0, 5.348213900480689
237.0, 5.326790721280909
238.0, 5.30167844197946
239.0, 5.302492897860837
240.0, 5.30167351274571
241.0, 5.302683373389997
242.0, 5.301678008587938
243.0, 5.300740245895855
244.0, 5.298957240371619
245.0, 5.296759459894851
246.0, 5.293551663523068
247.0, 5.289851591734614
248.0, 5.280782449663072
249.0, 5.271354448940702
250.0, 5.262685313452185
251.0, 5.253833354712345
252.0, 5.244554200274782
253.0, 5.235099498254537
254.0, 5.225023049813956
255.0, 5.214822064212788
256.0, 5.203957210987852
257.0, 5.193083845479975
258.0, 5.181598248033775
259.0, 5.17022799772306
260.0, 5.1583433754606975
261.0, 5.1466757755430095
262.0, 5.134602654616841
263.0, 5.158932395016786
264.0, 5.189159973674683
265.0, 5.219898639675844
266.0, 5.251191416677176
267.0, 5.282760008277631
268.0, 5.314352815138336
269.0, 5.345711779063394
270.0, 5.376595733013859
271.0, 5.406751159867342
272.0, 5.435953873148617
273.0, 5.4639713972741495
274.0, 5.491096666747348
275.0, 5.5205941834183205
276.0, 5.55262755101975
277.0, 5.585327324206453
278.0, 5.604806788263351
279.0, 5.621161716600208
280.0, 5.634974501547468
281.0, 5.675564270791991
282.0, 5.6937503422900715
spot_hold
0, 0
1, 0
2, 0
3, 0
4, 0
5, 0
6, 0
7, 0
8, 0
9, 0
10, 0
11, 0
12, 0
13, 0
14, 0
15, 0
16, 0
17, 0
18, 0
19, 0
20, 0
21, 0
22, 0
23, 0
24, 0
25, 0
26, 0
27, 0
28, 0
29, 0
30, 0
31, 0
32, 0
33, 0
34, 0
35, 0
36, 0
37, 0
38, 0
39, 0
40, 0
41, 1
42, 1
43, 1
44, 1
45, 1
46, 1
47, 1
48, 1
49, 1
50, 1
51, 1
52, 1
53, 1
54, 1
55, 1
56, 1
57, 1
58, 1
59, 1
60, 1
61, 1
62, 1
63, 1
64, 1
65, 1
66, 1
67, 1
68, 1
69, 1
70, 1
71, 1
72, 1
73, 1
74, 1
75, 1
76, 1
77, 1
78, 1
79, 1
80, 1
81, 1
82, 1
83, 1
84, 1
85, 1
86, 1
87, 1
88, 1
89, 1
90, 1
91, 1
92, 1
93, 1
94, 1
95, 1
96, 1
97, 1
98, 1
99, 1
100, 1
101, 1
102, 1
103, 1
104, 1
105, 1
106, 1
107, 1
108, 1
109, 1
110, 1
111, 1
112, 1
113, 1
114, 1
115, 1
116, 1
117, 1
118, 1
119, 1
120, 1
121, 1
122, 1
123, 1
124, 1
125, 1
126, 1
127, 1
128, 1
129, 1
130, 1
131, 1
132, 1
133, 1
134, 1
135, 1
136, 1
137, 1
138, 1
139, 1
140, 1
141, 1
142, 1
143, 1
144, 1
145, 1
146, 1
147, 1
148, 1
149, 1
150, 1
151, 1
152, 1
153, 1
154, 1
155, 1
156, 1
157, 1
158, 1
159, 1
160, 1
161, 1
162, 1
163, 1
164, 1
165, 1
166, 1
167, 1
168, 1
169, 1
170, 1
171, 1
172, 1
173, 1
174, 1
175, 1
176, 1
177, 1
178, 1
179, 1
180, 1
181, 1
182, 1
183, 1
184, 1
185, 1
186, 1
187, 1
188, 1
189, 1
190, 1
191, 1
192, 1
193, 1
194, 1
195, 1
196, 1
197, 1
198, 1
199, 1
200, 1
201, 1
202, 1
203, 1
204, 1
205, 1
206, 1
207, 1
208, 1
209, 1
210, 1
211, 1
212, 1
213, 1
214, 1
215, 1
216, 1
217, 1
218, 1
219, 1
220, 1
221, 1
222, 1
223, 1
224, 1
225, 1
226, 1
227, 1
228, 1
229, 1
230, 1
231, 1
232, 1
233, 1
234, 1
235, 1
236, 1
237, 1
238, 1
239, 1
240, 1
241, 1
242, 1
243, 1
244, 1
245, 1
246, 1
247, 1
248, 1
249, 1
250, 1
251, 1
252, 1
253, 1
254, 1
255, 1
256, 1
257, 1
258, 1
259, 1
260, 1
261, 1
262, 1
263, 1
264, 1
265, 1
266, 1
267, 1
268, 1
269, 1
270, 1
271, 1
272, 1
273, 1
274, 1
275, 1
276, 1
277, 1
278, 1
279, 1
280, 1
281, 1
282, 1
