bot_dist
0.0, 2.9622519028357717
1.0, 2.9655311834655023
2.0, 2.9688405267905233
3.0, 2.972179832391832
4.0, 2.9755489993940656
5.0, 2.9789479264781873
6.0, 2.982376511894119
7.0, 2.985834653473322
8.0, 2.9893222486413125
9.0, 2.9928391944301205
10.0, 2.9963853874906823
11.0, 2.9999607241051707
12.0, 3.0035651001992503
13.0, 3.0071984113542665
14.0, 3.010860552819358
15.0, 3.014551419523498
16.0, 3.018270906087451
17.0, 3.0220189068356547
18.0, 3.025795315808019
19.0, 3.0296000267716376
20.0, 3.0334329332324197
21.0, 3.0372939284466294
22.0, 3.041182905432334
23.0, 3.0450997569807674
24.0, 3.049044375667592
25.0, 3.053016653864077
26.0, 3.0570164837481686
27.0, 3.0610437573154683
28.0, 3.065098366390117
29.0, 3.0691802026355677
30.0, 3.073289157565266
31.0, 3.077425122553223
32.0, 3.081587988844485
33.0, 3.085777647565497
34.0, 3.089993989734363
35.0, 3.0942369062709942
36.0, 3.0985062880071563
37.0, 3.102802025696395
38.0, 3.1071240100238673
39.0, 3.111472131616049
40.0, 3.115846281050338
41.0, 3.120246348864541
42.0, 3.124672225566253
43.0, 3.1291238016421143
44.0, 3.133600967566964
45.0, 3.1381036138128717
46.0, 3.142631630858058
47.0, 3.1471849091956967
48.0, 3.151763339342606
49.0, 3.156366811847818
50.0, 3.1609952173010387
51.0, 3.165648446340987
52.0, 3.1703263896636176
53.0, 3.1750289380302292
54.0, 3.179755869285387
55.0, 3.184507186174794
56.0, 3.1892827797110535
57.0, 3.194082541003372
58.0, 3.1989063612650783
59.0, 3.2037541318210327
60.0, 3.208625744114921
61.0, 3.2135210897164255
62.0, 3.2184400603282937
63.0, 3.223382547793275
64.0, 3.228348444100958
65.0, 3.2333376413944794
66.0, 3.2383500319771303
67.0, 3.2433855083188434
68.0, 3.248443963062563
69.0, 3.2535252890305113
70.0, 3.2586293792303325
71.0, 3.263756126861132
72.0, 3.268905425319404
73.0, 3.274077168204838
74.0, 3.279271249326034
75.0, 3.2844875627060865
76.0, 3.289726002588079
77.0, 3.2949864634404564
78.0, 3.300268839962296
79.0, 3.3055730270884722
80.0, 3.3108989199947105
81.0, 3.316246414102542
82.0, 3.321615405084147
83.0, 3.3270057888671016
84.0, 3.3324174616390168
85.0, 3.3378503198520706
86.0, 3.3433042602274545
87.0, 3.3487791797597017
88.0, 3.3542749757209225
89.0, 3.359791545664949
90.0, 3.3653287874313658
91.0, 3.370886599149457
92.0, 3.3764648792420537
93.0, 3.382063526429278
94.0, 3.3876824397322087
95.0, 3.3933215184764354
96.0, 3.3989806622955365
97.0, 3.404659771134454
98.0, 3.4103587452527866
99.0, 3.416077485227982
100.0, 3.421815891958455
101.0, 3.421815891958455
102.0, 3.421815891958455
103.0, 3.421815891958455
104.0, 3.421815891958455
105.0, 3.421815891958455
106.0, 3.421815891958455
107.0, 3.421815891958455
108.0, 3.421815891958455
109.0, 3.421815891958455
110.0, 3.421815891958455
111.0, 3.421815891958455
112.0, 3.421815891958455
113.0, 3.421815891958455
114.0, 3.421815891958455
115.0, 3.421815891958455
116.0, 3.421815891958455
117.0, 3.421815891958455
118.0, 3.421815891958455
119.0, 3.421815891958455
120.0, 3.421815891958455
121.0, 3.421815891958455
122.0, 3.421815891958455
123.0, 3.421815891958455
124.0, 3.421815891958455
125.0, 3.421815891958455
126.0, 3.421815891958455
127.0, 3.421815891958455
128.0, 3.421815891958455
129.0, 3.421815891958455
130.0, 3.421815891958455
131.0, 3.416077485227982
132.0, 3.4103587452527866
133.0, 3.404659771134454
134.0, 3.3989806622955365
135.0, 3.3933215184764354
136.0, 3.3876824397322087
137.0, 3.382063526429278
138.0, 3.3764648792420537
139.0, 3.370886599149457
140.0, 3.3653287874313658
141.0, 3.359791545664949
142.0, 3.3542749757209225
143.0, 3.3536228915928876
144.0, 3.348155892529324
145.0, 3.342709868050225
146.0, 3.337284920839155
147.0, 3.3318811538497277
148.0, 3.3264986703012682
149.0, 3.32113757367438
150.0, 3.3157979677064047
151.0, 3.227762203372119
152.0, 3.139830205363469
153.0, 3.052010891732209
154.0, 2.9643143324754115
155.0, 2.8767517539603813
156.0, 2.7893357739499547
157.0, 2.702080620464115
158.0, 2.6150023925163737
159.0, 2.528119372176254
160.0, 2.441452399865136
161.0, 2.3550253279677245
162.0, 2.2688655719675466
163.0, 2.1830047837047064
164.0, 2.0974796784292145
165.0, 2.012333056652722
166.0, 1.9276150741522367
167.0, 1.9235820053978565
168.0, 1.84162670631047
169.0, 1.7605038876842445
170.0, 1.6803338760955275
171.0, 1.6012597900417638
172.0, 1.5234522896049159
173.0, 1.4471156918670394
174.0, 1.444587795021885
175.0, 1.3740703352703592
176.0, 1.306086780648882
177.0, 1.304462261124004
178.0, 1.3029124331543285
179.0, 1.3014376033428934
180.0, 1.300038026934995
181.0, 1.2587989220362623
182.0, 1.2581203210177891
183.0, 1.2575208814773344
184.0, 1.2570007166666763
185.0, 1.2565599250353807
186.0, 1.2561985901379937
187.0, 1.2559167805550748
188.0, 1.255714549828241
189.0, 1.2555919364093728
190.0, 1.2555489636240849
191.0, 1.2555856396495486
192.0, 1.2557019575067156
193.0, 1.2558978950669546
194.0, 1.256173415073092
195.0, 1.1747949830882114
196.0, 1.0939304544552968
197.0, 1.0137028210590224
198.0, 1.0146456143815352
199.0, 0.9343469777635924
200.0, 0.8547481145595636
201.0, 0.7760643763536574
202.0, 0.6986050426114511
203.0, 0.6228271086698111
204.0, 0.5494267207196416
205.0, 0.47949697392410606
206.0, 0.4147969225764626
207.0, 0.3581719396746849
208.0, 0.31402118109554594
209.0, 0.28813708264964866
210.0, 0.2855313766190198
211.0, 0.30679776414593996
212.0, 0.34758176239675803
213.0, 0.40198607865399794
214.0, 0.465256967414023
215.0, 0.5342536834207638
216.0, 0.6070268055512912
217.0, 0.6823691661811422
218.0, 0.7595165614649099
219.0, 0.7635471398523258
220.0, 0.8388603163673484
221.0, 0.9155234258461581
222.0, 0.9932239291660977
223.0, 0.9965040810225285
224.0, 0.9998734933362043
225.0, 1.0033312668373857
226.0, 1.0068764911875046
227.0, 1.0105082459604107
228.0, 1.0142256016080888
229.0, 1.018027620409177
230.0, 1.0219133573987726
231.0, 1.0219133573987726
232.0, 1.0219133573987726
233.0, 1.0219133573987726
234.0, 1.0219133573987726
235.0, 1.0219133573987726
236.0, 1.0219133573987726
237.0, 1.0219133573987726
238.0, 1.0219133573987726
239.0, 1.0219133573987726
240.0, 1.0219133573987726
241.0, 1.0219133573987726
242.0, 1.0219133573987726
243.0, 1.0219133573987726
244.0, 1.0219133573987726
245.0, 1.0219133573987726
246.0, 1.0219133573987726
247.0, 1.0219133573987726
248.0, 1.0219133573987726
249.0, 1.0219133573987726
250.0, 1.0219133573987726
251.0, 1.0219133573987726
252.0, 1.0219133573987726
253.0, 1.0219133573987726
254.0, 1.0219133573987726
255.0, 1.0219133573987726
256.0, 1.0219133573987726
257.0, 1.0219133573987726
258.0, 1.0219133573987726
259.0, 1.0219133573987726
260.0, 1.0219133573987726
261.0, 1.018027620409177
262.0, 1.0142256016080888
263.0, 1.0105082459604107
264.0, 1.0068764911875046
265.0, 1.0033312668373857
266.0, 0.9998734933362043
267.0, 0.9965040810225285
268.0, 0.9932239291660977
269.0, 0.9900339249728298
270.0, 0.9869349425780055
271.0, 0.983927842029675
272.0, 0.9810134682644643
273.0, 0.978192650078067
274.0, 0.975466199092828
275.0, 0.9728349087249304
276.0, 0.9702995531537963
277.0, 0.9678608862963975
278.0, 0.9655196407892579
279.0, 0.963276526980994
280.0, 0.9611322319382967
281.0, 0.959087418468304
282.0, 0.9571427241603407
ee_dist
0.0, 1.4555079768813808
1.0, 1.5186167896714176
2.0, 1.6286315568545946
3.0, 1.721685914584774
4.0, 1.7538821590407683
5.0, 1.7797357653966284
6.0, 1.8118977913578511
7.0, 1.8431644274032797
8.0, 1.8776147105130836
9.0, 1.9106127447995325
10.0, 1.9436158626011517
11.0, 1.9747493552705095
12.0, 2.0050049060670263
13.0, 2.032717630686739
14.0, 2.059946395513068
15.0, 2.0843346547480426
16.0, 2.1084717883759954
17.0, 2.1296204300878077
18.0, 2.150923336431976
19.0, 2.169313879114506
20.0, 2.1882611821524605
21.0, 2.1596417912150203
22.0, 2.1192390310361824
23.0, 2.0757740242543323
24.0, 2.028779496278126
25.0, 1.9785400282946286
26.0, 1.9252033068575731
27.0, 1.8691125438831713
28.0, 1.810484528584629
29.0, 1.7497760426947524
30.0, 1.6872984597698955
31.0, 1.6236494037049174
32.0, 1.5592735719504753
33.0, 1.4949410110441455
34.0, 1.4312855470980739
35.0, 1.3693055761841613
36.0, 1.3098972809076195
37.0, 1.2543252865095393
38.0, 1.2037650130238184
39.0, 1.1596429992984536
40.0, 1.123315334587548
41.0, 1.1363089809799416
42.0, 1.012874009454042
43.0, 0.7447996792590663
44.0, 0.6976604286932911
45.0, 0.6500981576611046
46.0, 0.6020403593391487
47.0, 0.5535165810764959
48.0, 0.5054454916571816
49.0, 0.4584457316907927
50.0, 0.41407572687067606
51.0, 0.37444110293154387
52.0, 0.3419695465388435
53.0, 0.3187748638218056
54.0, 0.30770803615902576
55.0, 0.3105721320310439
56.0, 0.3271420481399699
57.0, 0.35556189454545445
58.0, 0.32780165101776276
59.0, 0.2853626111693544
60.0, 0.2583762810381051
61.0, 0.2622818426751823
62.0, 0.3023522285807334
63.0, 0.36633541722359225
64.0, 0.43848078962918113
65.0, 0.5014871331014777
66.0, 0.5614413146081906
67.0, 0.6208480767144339
68.0, 0.6740962103725333
69.0, 0.7254705197393718
70.0, 0.7753431422840104
71.0, 0.8235443047057491
72.0, 0.8717935560515186
73.0, 0.9275152288446099
74.0, 0.9875921830400717
75.0, 1.05915610571674
76.0, 1.1403465448982688
77.0, 1.231479518005491
78.0, 1.3279771036272439
79.0, 1.424967825234309
80.0, 1.5177675910211081
81.0, 1.5968049313403243
82.0, 1.662033738535506
83.0, 1.7268221235293875
84.0, 1.7881252238613992
85.0, 1.8480279343367125
86.0, 1.8966759803780833
87.0, 1.9252067964981108
88.0, 1.9547929413180491
89.0, 1.9935263839183563
90.0, 2.043406275963312
91.0, 2.1249065083675447
92.0, 2.216047216751502
93.0, 2.3164338337884347
94.0, 2.420786410221054
95.0, 2.527158355886896
96.0, 2.6281145883715813
97.0, 2.718336179719894
98.0, 2.7906996552437358
99.0, 2.8598712323627065
100.0, 2.9262046523884826
101.0, 2.990472202329657
102.0, 3.0532346860230195
103.0, 3.1157368867526394
104.0, 3.1783670851604247
105.0, 3.247353171535317
106.0, 3.3231088519714267
107.0, 3.4018610945622783
108.0, 3.491157084242947
109.0, 3.598509584466936
110.0, 3.697920552630167
111.0, 3.803651343308068
112.0, 3.906418849318049
113.0, 4.001608223112935
114.0, 4.081398519001262
115.0, 4.146286019450437
116.0, 4.212040341937882
117.0, 4.276608558637587
118.0, 4.339529410248214
119.0, 4.402965723119613
120.0, 4.464887463773879
121.0, 4.533085252703775
122.0, 4.606167268478042
123.0, 4.683416242084707
124.0, 4.728134905047579
125.0, 4.7729621128228175
126.0, 4.8172012771571415
127.0, 4.861415791585478
128.0, 4.904405835571277
129.0, 4.946342381293914
130.0, 4.986581100140732
131.0, 5.025732686059129
132.0, 5.0626581384001685
133.0, 5.097585265567419
134.0, 5.129931887315932
135.0, 5.160368952727423
136.0, 5.187826343041844
137.0, 5.212592869791471
138.0, 5.234160621360904
139.0, 5.253250162747207
140.0, 5.2688760312219145
141.0, 5.28138581276954
142.0, 5.290346466655558
143.0, 4.641429853150384
144.0, 4.631919583161912
145.0, 4.62485174345234
146.0, 4.6206723180381655
147.0, 4.618519850495122
148.0, 4.6193739995399286
149.0, 4.622764255457878
150.0, 4.629068914970524
151.0, 4.547467736021891
152.0, 4.443520985721091
153.0, 4.386685678898294
154.0, 4.304333681381043
155.0, 4.201186214266446
156.0, 4.143690683817555
157.0, 4.061340607021985
158.0, 3.9808749115512287
159.0, 3.9002857224806045
160.0, 3.8198994922057987
161.0, 3.73956712035147
162.0, 3.659679460586928
163.0, 3.5793500206553857
164.0, 3.4995417956043093
165.0, 3.4198097280352964
166.0, 3.340562243149845
167.0, 3.3512328142136867
168.0, 3.274617141398125
169.0, 3.1982476242297717
170.0, 3.122531950513181
171.0, 3.0466416513378145
172.0, 2.9715139346867714
173.0, 2.896747792374228
174.0, 2.9121235368314626
175.0, 2.841398681788835
176.0, 2.77171652078455
177.0, 2.7897970040372178
178.0, 2.8101518489324233
179.0, 2.83190824099131
180.0, 2.8555974190249445
181.0, 2.8078048533525974
182.0, 2.7839354294324097
183.0, 2.7612671453444584
184.0, 2.7406612445917804
185.0, 2.721995697530991
186.0, 2.7054971609630565
187.0, 2.6912413558767776
188.0, 2.679573677613819
189.0, 2.67037464575399
190.0, 2.6638934844300004
191.0, 2.6600774439948065
192.0, 2.659325330787999
193.0, 2.6607519521995227
194.0, 2.665293585177401
195.0, 2.584479210292148
196.0, 2.504123604879645
197.0, 2.42338374601885
198.0, 2.431322024620609
199.0, 2.3535249148238004
200.0, 2.2763947984295543
201.0, 2.1991621931680774
202.0, 2.154454395969793
203.0, 2.1133808255157494
204.0, 2.3124053409953955
205.0, 2.6042173982154266
206.0, 1.8207654310253487
207.0, 1.9844230847214965
208.0, 1.294700033447076
209.0, 1.4252049048737334
210.0, 1.3813693794862767
211.0, 1.324336710618275
212.0, 1.3442747953828464
213.0, 1.3357668084572665
214.0, 1.2722651587689617
215.0, 1.2106011009137876
216.0, 1.1533811275704973
217.0, 1.1024471730000331
218.0, 1.0521018183627229
219.0, 1.075901999986102
220.0, 1.0370895232881003
221.0, 1.003743243829902
222.0, 0.9764149823284909
223.0, 0.9495029310171876
224.0, 0.9238241464987098
225.0, 0.8996582496796677
226.0, 0.8773867723276562
227.0, 0.8568637382853069
228.0, 0.8388874473106128
229.0, 0.8235668125254391
230.0, 0.81137349302852
231.0, 0.8018233245340273
232.0, 0.7958651899802441
233.0, 0.7933113369963978
234.0, 0.7944905312186697
235.0, 0.7985741141356211
236.0, 0.8063511602904612
237.0, 0.8173187050209216
238.0, 0.8315408181051666
239.0, 0.8312817184952019
240.0, 0.8313087689726373
241.0, 0.8313079461153596
242.0, 0.8315408181051666
243.0, 0.8375472130803026
244.0, 0.849945467807817
245.0, 0.8633662741104697
246.0, 0.8790524045854529
247.0, 0.8957264693182766
248.0, 0.9230275562016026
249.0, 0.9493545706725901
250.0, 0.9747817900171557
251.0, 1.000022568017706
252.0, 1.0254428423712585
253.0, 1.0505068887394773
254.0, 1.0759196347874673
255.0, 1.100855293584037
256.0, 1.1260970332245415
257.0, 1.1507203401658392
258.0, 1.1754878670122082
259.0, 1.1995112320836003
260.0, 1.2234858926040457
261.0, 1.2466177006352661
262.0, 1.269526872373941
263.0, 1.242204874715862
264.0, 1.2089385315613461
265.0, 1.173854097681683
266.0, 1.1367248570420911
267.0, 1.097757403316121
268.0, 1.0570059005738957
269.0, 1.0147056446297966
270.0, 0.9709329973591361
271.0, 0.9259784258919924
272.0, 0.8799580989074204
273.0, 0.8332389787197094
274.0, 0.7862908868047446
275.0, 0.7361779727225122
276.0, 0.6828909608558745
277.0, 0.6273098939636861
278.0, 0.5808464715638595
279.0, 0.5372473921372912
280.0, 0.4969878367514521
281.0, 0.43252447658210047
282.0, 0.3892606962786939
ee_box_dist
0.0, 0.7250380688524899
1.0, 0.777438440518733
2.0, 0.8085358930623034
3.0, 0.83801805952446
4.0, 0.8687494760653165
5.0, 0.9056127962647029
6.0, 0.9350676026933535
7.0, 0.973917468755183
8.0, 1.0056005133843344
9.0, 1.0352987623946732
10.0, 1.0669456959237507
11.0, 1.094832400760484
12.0, 1.1205929163336632
13.0, 1.1463584550289487
14.0, 1.1699472375468134
15.0, 1.1905782017648165
16.0, 1.212317630981238
17.0, 1.2306071241826402
18.0, 1.2494713675988778
19.0, 1.2653030001149554
20.0, 1.2820876745357659
21.0, 1.261633620210266
22.0, 1.2332351313063104
23.0, 1.2019760213034532
24.0, 1.1675573469757499
25.0, 1.1305915271350255
26.0, 1.0902808952407772
27.0, 1.047800609551106
28.0, 1.002289922288521
29.0, 0.9544062543704788
30.0, 0.9042142100362799
31.0, 0.8518092598249812
32.0, 0.7973240558244691
33.0, 0.7417091251561407
34.0, 0.6845006692757061
35.0, 0.6267381399262453
36.0, 0.568181578116029
37.0, 0.5103336456792312
38.0, 0.4532200187103825
39.0, 0.39867902936778526
40.0, 0.34962983920406565
41.0, 0.3595973993407145
42.0, 0.37009237306794723
43.0, 0.38036896019703414
44.0, 0.39080811785088554
45.0, 0.40157306637614043
46.0, 0.4118943303599568
47.0, 0.42295713936853335
48.0, 0.4334870677306682
49.0, 0.4443693019244728
50.0, 0.4550860925477888
51.0, 0.4662177329041027
52.0, 0.4766624352674394
53.0, 0.4872340446741216
54.0, 0.49764519978578964
55.0, 0.5081469483080381
56.0, 0.5178904289487523
57.0, 0.5272692941577755
58.0, 0.5369963877750471
59.0, 0.5459071494602942
60.0, 0.5543978140487024
61.0, 0.5634826069250098
62.0, 0.5713945631695334
63.0, 0.5794588045442421
64.0, 0.5867075605734983
65.0, 0.5942856571117637
66.0, 0.6012672878985774
67.0, 0.6081046858177422
68.0, 0.6144056511753779
69.0, 0.6207075725498854
70.0, 0.6265108004221784
71.0, 0.6320274050555218
72.0, 0.6372591535443556
73.0, 0.6422029017225866
74.0, 0.6468121259219098
75.0, 0.6510749676130333
76.0, 0.6549584532205699
77.0, 0.6585129581464897
78.0, 0.6617078124400622
79.0, 0.6645424310929052
80.0, 0.6669751913059191
81.0, 0.6690181317563967
82.0, 0.670657948878294
83.0, 0.6719254710248201
84.0, 0.6727547908060258
85.0, 0.673165948138087
86.0, 0.6942961591722523
87.0, 0.7384957776447264
88.0, 0.775705651974442
89.0, 0.807740379610685
90.0, 0.8308665215862651
91.0, 0.8300825773769251
92.0, 0.8302364682761798
93.0, 0.8293302636917053
94.0, 0.8304410197374288
95.0, 0.8302415247771163
96.0, 0.8302231895279484
97.0, 0.830250272854881
98.0, 0.8304785986470111
99.0, 0.8302354005686504
100.0, 0.830232535307248
101.0, 0.8302492264873553
102.0, 0.8304562152245903
103.0, 0.8302127402016095
104.0, 0.8302203594792795
105.0, 0.8302484514683641
106.0, 0.8274523796740146
107.0, 0.8291694376807315
108.0, 0.83029601282881
109.0, 0.8202387058493354
110.0, 0.8278732624210928
111.0, 0.8304464042216269
112.0, 0.830443597513941
113.0, 0.8302125782428613
114.0, 0.8245649449376906
115.0, 0.8285815816381534
116.0, 0.8302204148150694
117.0, 0.8301569958762349
118.0, 0.8301724068244508
119.0, 0.830198066156309
120.0, 0.8301647207943387
121.0, 0.8301959608410314
122.0, 0.830413754976488
123.0, 0.8301656259701153
124.0, 0.8301624045391399
125.0, 0.8301904332195609
126.0, 0.8304091917647108
127.0, 0.8301618962582561
128.0, 0.830161278510106
129.0, 0.8301916201042916
130.0, 0.8304113812002993
131.0, 0.8301620767037088
132.0, 0.8301588043810854
133.0, 0.8301877521552051
134.0, 0.830407401376244
135.0, 0.8301603249114878
136.0, 0.8301598621490094
137.0, 0.830189487518245
138.0, 0.8304074366368952
139.0, 0.8301581085706985
140.0, 0.8301554753068453
141.0, 0.8301858163578353
142.0, 0.83040681733689
143.0, 1.5219224096011874
144.0, 1.513558208558289
145.0, 1.503733763348002
146.0, 1.4918889228389773
147.0, 1.4790535472830075
148.0, 1.4642466507906975
149.0, 1.4481641629308246
150.0, 1.4303086721273353
151.0, 1.49201367520408
152.0, 1.5714277195629118
153.0, 1.6195374568448173
154.0, 1.6873700845272495
155.0, 1.7725812395875578
156.0, 1.824189644234192
157.0, 1.8961669344983638
158.0, 1.9675817924353463
159.0, 2.0401917728538055
160.0, 2.113420824367939
161.0, 2.187533406949391
162.0, 2.261925999282858
163.0, 2.3375084240814195
164.0, 2.41320698203741
165.0, 2.4895599214134934
166.0, 2.5659840970382803
167.0, 2.5546219355650392
168.0, 2.629480820727335
169.0, 2.7049974854332177
170.0, 2.7806035618573395
171.0, 2.8572296408281597
172.0, 2.933828529356497
173.0, 3.010941841664029
174.0, 2.998782762859924
175.0, 3.0742092522960878
176.0, 3.14964734816578
177.0, 3.136452198515774
178.0, 3.1210223991539094
179.0, 3.104332705359898
180.0, 3.0855327289012155
181.0, 3.14877184224753
182.0, 3.1668449032256585
183.0, 3.183706723163802
184.0, 3.198350783002181
185.0, 3.2110778014720776
186.0, 3.2220081580823976
187.0, 3.2308909002415924
188.0, 3.2374863610768947
189.0, 3.242135883522504
190.0, 3.2445083770056202
191.0, 3.2448559064292457
192.0, 3.2426913985132577
193.0, 3.2390004918804998
194.0, 3.232773887546478
195.0, 3.3119864900213716
196.0, 3.3910536496164525
197.0, 3.4709075263408855
198.0, 3.4631397442711354
199.0, 3.5411093126150055
200.0, 3.6189826718463456
201.0, 3.697671516439444
202.0, 3.745044493740478
203.0, 3.7879071504547643
204.0, 3.694428373483258
205.0, 3.458566006099517
206.0, 4.072509508633576
207.0, 3.9489330093724164
208.0, 4.728944582458969
209.0, 4.68972756743427
210.0, 4.56236048693562
211.0, 4.637566769725264
212.0, 4.6255359178891275
213.0, 4.652124630822246
214.0, 4.734363176060651
215.0, 4.816789721267265
216.0, 4.896939373623263
217.0, 4.973672831587418
218.0, 5.054447707956319
219.0, 5.047732113690496
220.0, 5.126802581167691
221.0, 5.206125868686579
222.0, 5.285241654819675
223.0, 5.291903275560369
224.0, 5.295935566927022
225.0, 5.297832259761444
226.0, 5.297102596323138
227.0, 5.294725263401993
228.0, 5.289679058456972
229.0, 5.282541098773697
230.0, 5.272870140107229
231.0, 5.261668192548584
232.0, 5.247999686170412
233.0, 5.23247659216778
234.0, 5.2147482132826
235.0, 5.195744834187026
236.0, 5.174713931151624
237.0, 5.152249466066822
238.0, 5.1281239677313915
239.0, 5.128329095015127
240.0, 5.12826517258669
241.0, 5.1283124228583565
242.0, 5.128122716955695
243.0, 5.126795021589135
244.0, 5.125261902118394
245.0, 5.123254568764538
246.0, 5.12016686179045
247.0, 5.116549693518635
248.0, 5.10753606309103
249.0, 5.098008208233401
250.0, 5.089247769409275
251.0, 5.080277572506294
252.0, 5.0708552563725
253.0, 5.061228259324579
254.0, 5.05095243911782
255.0, 5.040524225747299
256.0, 5.029409584538311
257.0, 5.018264433581767
258.0, 5.006490370475507
259.0, 4.9948141102604025
260.0, 4.982608697302568
261.0, 4.970611465662123
262.0, 4.958198430189739
263.0, 4.9830125878035325
264.0, 5.01377378600033
265.0, 5.0450367752020675
266.0, 5.076845596371502
267.0, 5.108916687811101
268.0, 5.140995271244497
269.0, 5.172817648331369
270.0, 5.2041386090335955
271.0, 5.234706491215026
272.0, 5.264290639949113
273.0, 5.292657146941613
274.0, 5.320078362989935
275.0, 5.349832291052812
276.0, 5.382016025327103
277.0, 5.414766278331935
278.0, 5.434413105732844
279.0, 5.450920360540465
280.0, 5.4648440908889615
281.0, 5.50423555348582
282.0, 5.523190692840799
spot_hold
0, 0
1, 0
2, 0
3, 0
4, 0
5, 0
6, 0
7, 0
8, 0
9, 0
10, 0
11, 0
12, 0
13, 0
14, 0
15, 0
16, 0
17, 0
18, 0
19, 0
20, 0
21, 0
22, 0
23, 0
24, 0
25, 0
26, 0
27, 0
28, 0
29, 0
30, 0
31, 0
32, 0
33, 0
34, 0
35, 0
36, 0
37, 0
38, 0
39, 0
40, 0
41, 1
42, 1
43, 1
44, 1
45, 1
46, 1
47, 1
48, 1
49, 1
50, 1
51, 1
52, 1
53, 1
54, 1
55, 1
56, 1
57, 1
58, 1
59, 1
60, 1
61, 1
62, 1
63, 1
64, 1
65, 1
66, 1
67, 1
68, 1
69, 1
70, 1
71, 1
72, 1
73, 1
74, 1
75, 1
76, 1
77, 1
78, 1
79, 1
80, 1
81, 1
82, 1
83, 1
84, 1
85, 1
86, 1
87, 1
88, 1
89, 1
90, 1
91, 1
92, 1
93, 1
94, 1
95, 1
96, 1
97, 1
98, 1
99, 1
100, 1
101, 1
102, 1
103, 1
104, 1
105, 1
106, 1
107, 1
108, 1
109, 1
110, 1
111, 1
112, 1
113, 1
114, 1
115, 1
116, 1
117, 1
118, 1
119, 1
120, 1
121, 1
122, 1
123, 1
124, 1
125, 1
126, 1
127, 1
128, 1
129, 1
130, 1
131, 1
132, 1
133, 1
134, 1
135, 1
136, 1
137, 1
138, 1
139, 1
140, 1
141, 1
142, 1
143, 1
144, 1
145, 1
146, 1
147, 1
148, 1
149, 1
150, 1
151, 1
152, 1
153, 1
154, 1
155, 1
156, 1
157, 1
158, 1
159, 1
160, 1
161, 1
162, 1
163, 1
164, 1
165, 1
166, 1
167, 1
168, 1
169, 1
170, 1
171, 1
172, 1
173, 1
174, 1
175, 1
176, 1
177, 1
178, 1
179, 1
180, 1
181, 1
182, 1
183, 1
184, 1
185, 1
186, 1
187, 1
188, 1
189, 1
190, 1
191, 1
192, 1
193, 1
194, 1
195, 1
196, 1
197, 1
198, 1
199, 1
200, 1
201, 1
202, 1
203, 1
204, 1
205, 1
206, 1
207, 1
208, 1
209, 1
210, 1
211, 1
212, 1
213, 1
214, 1
215, 1
216, 1
217, 1
218, 1
219, 1
220, 1
221, 1
222, 1
223, 1
224, 1
225, 1
226, 1
227, 1
228, 1
229, 1
230, 1
231, 1
232, 1
233, 1
234, 1
235, 1
236, 1
237, 1
238, 1
239, 1
240, 1
241, 1
242, 1
243, 1
244, 1
245, 1
246, 1
247, 1
248, 1
249, 1
250, 1
251, 1
252, 1
253, 1
254, 1
255, 1
256, 1
257, 1
258, 1
259, 1
260, 1
261, 1
262, 1
263, 1
264, 1
265, 1
266, 1
267, 1
268, 1
269, 1
270, 1
271, 1
272, 1
273, 1
274, 1
275, 1
276, 1
277, 1
278, 1
279, 1
280, 1
281, 1
282, 1
