bot_dist
0.0, 3.826806020695277
1.0, 3.8336294719490875
2.0, 3.840466838287006
3.0, 3.8473180455203178
4.0, 3.854183019838172
5.0, 3.8610616878068695
6.0, 3.867953976369122
7.0, 3.8748598128432863
8.0, 3.881779124922571
9.0, 3.888711840674223
10.0, 3.8956578885386866
11.0, 3.9026171973287394
12.0, 3.9095896962286054
13.0, 3.9165753147930484
14.0, 3.923573982946439
15.0, 3.930585630981805
16.0, 3.937610189559856
17.0, 3.944647589707998
18.0, 3.951697762819312
19.0, 3.9587606406515317
20.0, 3.9658361553259893
21.0, 3.972924239326551
22.0, 3.980024825498531
23.0, 3.9871378470475918
24.0, 3.994263237538623
25.0, 4.001400930894613
26.0, 4.008550861395494
27.0, 4.015712963676982
28.0, 4.022887172729396
29.0, 4.030073423896466
30.0, 4.037271652874128
31.0, 4.0444817957093
32.0, 4.051703788798657
33.0, 4.058937568887379
34.0, 4.066183073067901
35.0, 4.073440238778638
36.0, 4.080709003802716
37.0, 4.087989306266673
38.0, 4.095281084639163
39.0, 4.102584277729648
40.0, 4.109898824687075
41.0, 4.117224664998552
42.0, 4.1245617384880084
43.0, 4.131909985314843
44.0, 4.139269345972589
45.0, 4.14663976128753
46.0, 4.154021172417348
47.0, 4.161413520849739
48.0, 4.168816748401034
49.0, 4.176230797214811
50.0, 4.183655609760496
51.0, 4.1910911288319666
52.0, 4.198537297546145
53.0, 4.205994059341583
54.0, 4.213461357977053
55.0, 4.2209391375301175
56.0, 4.228427342395714
57.0, 4.235925917284722
58.0, 4.243434807222524
59.0, 4.2509539575475825
60.0, 4.258483313909986
61.0, 4.266022822270014
62.0, 4.273572428896695
63.0, 4.2811320803663495
64.0, 4.288701723561147
65.0, 4.296281305667649
66.0, 4.303870774175361
67.0, 4.3114700768752705
68.0, 4.319079161858394
69.0, 4.3266979775143195
70.0, 4.334326472529743
71.0, 4.3419645958870134
72.0, 4.349612296862671
73.0, 4.357269525025985
74.0, 4.364936230237496
75.0, 4.37261236264755
76.0, 4.380297872694847
77.0, 4.387992711104969
78.0, 4.39569682888893
79.0, 4.403410177341716
80.0, 4.411132708040818
81.0, 4.41886437284479
82.0, 4.426605123891781
83.0, 4.434354913598086
84.0, 4.442113694656693
85.0, 4.449881420035832
86.0, 4.457658042977525
87.0, 4.465443516996141
88.0, 4.473237795876945
89.0, 4.4810408336746645
90.0, 4.48885258471204
91.0, 4.496673003578393
92.0, 4.504502045128187
93.0, 4.5123396644795974
94.0, 4.520185817013079
95.0, 4.528040458369942
96.0, 4.535903544450928
97.0, 4.543775031414786
98.0, 4.551654875676858
99.0, 4.559543033907666
100.0, 4.567439463031497
101.0, 4.567439463031497
102.0, 4.567439463031497
103.0, 4.567439463031497
104.0, 4.567439463031497
105.0, 4.567439463031497
106.0, 4.567439463031497
107.0, 4.567439463031497
108.0, 4.567439463031497
109.0, 4.567439463031497
110.0, 4.567439463031497
111.0, 4.567439463031497
112.0, 4.567439463031497
113.0, 4.567439463031497
114.0, 4.567439463031497
115.0, 4.567439463031497
116.0, 4.567439463031497
117.0, 4.567439463031497
118.0, 4.567439463031497
119.0, 4.567439463031497
120.0, 4.567439463031497
121.0, 4.567439463031497
122.0, 4.567439463031497
123.0, 4.567439463031497
124.0, 4.567439463031497
125.0, 4.567439463031497
126.0, 4.567439463031497
127.0, 4.567439463031497
128.0, 4.567439463031497
129.0, 4.567439463031497
130.0, 4.567439463031497
131.0, 4.559543033907666
132.0, 4.551654875676858
133.0, 4.543775031414786
134.0, 4.535903544450928
135.0, 4.528040458369942
136.0, 4.520185817013079
137.0, 4.5123396644795974
138.0, 4.504502045128187
139.0, 4.496673003578393
140.0, 4.48885258471204
141.0, 4.4810408336746645
142.0, 4.473237795876945
143.0, 4.469077120357921
144.0, 4.46129798739627
145.0, 4.4535277204261225
146.0, 4.445766365935159
147.0, 4.438013970682749
148.0, 4.430270581701388
149.0, 4.422536246298131
150.0, 4.4148110120560435
151.0, 4.325771649276882
152.0, 4.236767240400092
153.0, 4.147799998157006
154.0, 4.058872406694127
155.0, 3.9699871305411776
156.0, 3.8811470769902616
157.0, 3.792355424208734
158.0, 3.703615653324281
159.0, 3.6149315851478785
160.0, 3.5263074223298716
161.0, 3.4377477979028086
162.0, 3.349257831359114
163.0, 3.2608431936514486
164.0, 3.1725101828005977
165.0, 3.08426581216533
166.0, 2.9961179138909264
167.0, 2.9880358857125517
168.0, 2.898325674950767
169.0, 2.8086631697484696
170.0, 2.7190529357796103
171.0, 2.629500317073455
172.0, 2.540011407622923
173.0, 2.4505931868972572
174.0, 2.4423892160181997
175.0, 2.35180983005657
176.0, 2.26126333595877
177.0, 2.2530510490529823
178.0, 2.244853265660059
179.0, 2.2366701452536644
180.0, 2.2285018493624804
181.0, 2.1392099417305603
182.0, 2.1311215950940974
183.0, 2.123049535685045
184.0, 2.1149939499882953
185.0, 2.106955026957203
186.0, 2.098932958046039
187.0, 2.0909279372427187
188.0, 2.0829401611018064
189.0, 2.0749698287777765
190.0, 2.067017142058542
191.0, 2.059082305399224
192.0, 2.0511655259561654
193.0, 2.043267013621179
194.0, 2.035386981056016
195.0, 1.9720926765668896
196.0, 1.9104627330605244
197.0, 1.8506634353618467
198.0, 1.8422907924588778
199.0, 1.7901077507767094
200.0, 1.7404101980907345
201.0, 1.6934169771975538
202.0, 1.6493592581723553
203.0, 1.608478277500854
204.0, 1.5710220490752689
205.0, 1.5372409345917406
206.0, 1.5073820372100801
207.0, 1.4816824977160337
208.0, 1.4603619225341802
209.0, 1.4436143419738945
210.0, 1.4316002566125101
211.0, 1.4244394420011615
212.0, 1.4222052088005601
213.0, 1.424920731397224
214.0, 1.432557862149744
215.0, 1.4450386398552024
216.0, 1.4622390007212531
217.0, 1.4839948457033783
218.0, 1.5101092977683057
219.0, 1.5012450224979605
220.0, 1.5375775982076079
221.0, 1.577455938452277
222.0, 1.620618313891441
223.0, 1.612481937808753
224.0, 1.6043666288654643
225.0, 1.5962727083720152
226.0, 1.5882005033332705
227.0, 1.5801503465497542
228.0, 1.572122576720115
229.0, 1.564117538544789
230.0, 1.5561355828308332
231.0, 1.5561355828308332
232.0, 1.5561355828308332
233.0, 1.5561355828308332
234.0, 1.5561355828308332
235.0, 1.5561355828308332
236.0, 1.5561355828308332
237.0, 1.5561355828308332
238.0, 1.5561355828308332
239.0, 1.5561355828308332
240.0, 1.5561355828308332
241.0, 1.5561355828308332
242.0, 1.5561355828308332
243.0, 1.5561355828308332
244.0, 1.5561355828308332
245.0, 1.5561355828308332
246.0, 1.5561355828308332
247.0, 1.5561355828308332
248.0, 1.5561355828308332
249.0, 1.5561355828308332
250.0, 1.5561355828308332
251.0, 1.5561355828308332
252.0, 1.5561355828308332
253.0, 1.5561355828308332
254.0, 1.5561355828308332
255.0, 1.5561355828308332
256.0, 1.5561355828308332
257.0, 1.5561355828308332
258.0, 1.5561355828308332
259.0, 1.5561355828308332
260.0, 1.5561355828308332
261.0, 1.564117538544789
262.0, 1.572122576720115
263.0, 1.5801503465497542
264.0, 1.5882005033332705
265.0, 1.5962727083720152
266.0, 1.6043666288654643
267.0, 1.612481937808753
268.0, 1.620618313891441
269.0, 1.6287754413975348
270.0, 1.6369530101067844
271.0, 1.6451507151972795
272.0, 1.653368257149359
273.0, 1.6616053416508467
274.0, 1.6698616795036278
275.0, 1.6781369865315694
276.0, 1.686430983489798
277.0, 1.694743395975334
278.0, 1.7030739543390885
279.0, 1.7114223935992192
280.0, 1.719788453355852
281.0, 1.7281718777071555
282.0, 1.7365724151667759
ee_dist
0.0, 1.1431127220230388
1.0, 1.1833314314601697
2.0, 1.2802154262821834
3.0, 1.3666671627626763
4.0, 1.3964578968773196
5.0, 1.422092613699516
6.0, 1.455444308908399
7.0, 1.4892939540731873
8.0, 1.5241477697825303
9.0, 1.558370396912051
10.0, 1.5922927453897229
11.0, 1.6241853813629135
12.0, 1.6549955171339137
13.0, 1.6831463095983175
14.0, 1.7106566667268222
15.0, 1.7352611865433523
16.0, 1.7595010027761175
17.0, 1.7807169087461687
18.0, 1.802005020649354
19.0, 1.820368591419158
20.0, 1.839226216044454
21.0, 1.8128507032710641
22.0, 1.7754093452230875
23.0, 1.73494749021558
24.0, 1.6909780922159336
25.0, 1.6437308171699114
26.0, 1.593282861703838
27.0, 1.539908775036417
28.0, 1.4837339096407198
29.0, 1.4251296315196358
30.0, 1.3642924928565667
31.0, 1.3017177381815537
32.0, 1.2377147171919076
33.0, 1.1729418037918977
34.0, 1.1078946978143376
35.0, 1.0434916540015386
36.0, 0.9805484070330452
37.0, 0.9203815223202668
38.0, 0.8660124268061203
39.0, 0.8144841281061536
40.0, 0.7715336909300454
41.0, 0.7718919872367236
42.0, 0.7584499210980641
43.0, 0.9369349029748425
44.0, 0.8943161727047068
45.0, 0.8500400310899835
46.0, 0.8038955815878464
47.0, 0.7556200378964333
48.0, 0.7055645442505215
49.0, 0.6536015981737491
50.0, 0.6004563701755661
51.0, 0.5466753000543798
52.0, 0.4927748110909524
53.0, 0.4389438081241703
54.0, 0.3858932983376234
55.0, 0.33444227926175263
56.0, 0.28703969764551274
57.0, 0.24594069387259807
58.0, 0.2730462736924671
59.0, 0.3314839272912172
60.0, 0.40400454567095806
61.0, 0.4887591070090143
62.0, 0.5795491483857338
63.0, 0.6703442424737213
64.0, 0.7561728450537605
65.0, 0.8237066828283321
66.0, 0.8825073470156842
67.0, 0.9418596241525966
68.0, 0.9959163872637128
69.0, 1.0489188917733936
70.0, 1.1015757069278918
71.0, 1.1523905334119977
72.0, 1.2065547368872154
73.0, 1.2666020235161513
74.0, 1.3311508008161999
75.0, 1.4067951670964358
76.0, 1.4917119858069077
77.0, 1.5860459336590034
78.0, 1.6849113288469781
79.0, 1.783237326000147
80.0, 1.8766065516155372
81.0, 1.955210256216289
82.0, 2.019269379727284
83.0, 2.0824411598938233
84.0, 2.1427481549841523
85.0, 2.202006142419853
86.0, 2.2606092554311283
87.0, 2.3179167233157116
88.0, 2.3542796217030686
89.0, 2.3948268270005
90.0, 2.435601128574369
91.0, 2.4922305553618407
92.0, 2.587399187779675
93.0, 2.686888349617468
94.0, 2.795033419998136
95.0, 2.900699322748961
96.0, 3.0035348406286535
97.0, 3.0924006448978667
98.0, 3.166079874288373
99.0, 3.232870889477788
100.0, 3.3001919383897707
101.0, 3.3628962645846885
102.0, 3.427255406108884
103.0, 3.488390341402154
104.0, 3.5531207347470732
105.0, 3.621246993441903
106.0, 3.6966543793171325
107.0, 3.7762061604473547
108.0, 3.8686308674730285
109.0, 3.967023510137026
110.0, 4.074696558789456
111.0, 4.181702885881947
112.0, 4.286128970461035
113.0, 4.379688060827911
114.0, 4.456003338704975
115.0, 4.527009341034442
116.0, 4.588957982233744
117.0, 4.6534307319908175
118.0, 4.717609090748863
119.0, 4.779744989781956
120.0, 4.823149885670443
121.0, 4.863490096200201
122.0, 4.905937140015292
123.0, 4.94478123348025
124.0, 4.985205148179605
125.0, 5.021539009004606
126.0, 5.05897458499845
127.0, 5.091887835376503
128.0, 5.125476756933794
129.0, 5.154176028038972
130.0, 5.183182486482697
131.0, 5.206994278058361
132.0, 5.230806229137108
133.0, 5.249186064985475
134.0, 5.2673175869839906
135.0, 5.279847644150044
136.0, 5.291943863391393
137.0, 5.29833460513942
138.0, 5.304170774717665
139.0, 5.304261205193317
140.0, 5.303743483310141
141.0, 5.297509548490278
142.0, 5.2906735007046715
143.0, 4.619290722326962
144.0, 4.607197680198575
145.0, 4.599633776523088
146.0, 4.592661024076004
147.0, 4.590605633572553
148.0, 4.589097589255126
149.0, 4.592625926832483
150.0, 4.596630723249593
151.0, 4.515727801520837
152.0, 4.43258458594979
153.0, 4.351779534471561
154.0, 4.268737820997713
155.0, 4.188045533189975
156.0, 4.105118423285665
157.0, 4.024552317163781
158.0, 3.9417539219552236
159.0, 3.861330456376292
160.0, 3.7786780890868807
161.0, 3.6984158780922427
162.0, 3.6159296258851903
163.0, 3.5358512886682254
164.0, 3.4535551512746645
165.0, 3.3736868045905664
166.0, 3.291609658685301
167.0, 3.3026809532669157
168.0, 3.2229599897402683
169.0, 3.145775698572427
170.0, 3.066557510710275
171.0, 2.98992141456476
172.0, 2.9112940173270094
173.0, 2.8352973372538344
174.0, 2.8483241766097516
175.0, 2.7760131076887333
176.0, 2.7020366565119223
177.0, 2.7205006846018285
178.0, 2.739104742645049
179.0, 2.7618467801018474
180.0, 2.784550088849979
181.0, 2.7330426600472046
182.0, 2.708040773032433
183.0, 2.686764167640568
184.0, 2.6655201523680154
185.0, 2.6486259496954783
186.0, 2.6319338889676813
187.0, 2.6200736987237643
188.0, 2.608569731726328
189.0, 2.6022221037763016
190.0, 2.596357918453634
191.0, 2.595789817122656
192.0, 2.595795653850287
193.0, 2.601040653892307
194.0, 2.6069063326433937
195.0, 2.5291509205094957
196.0, 2.4495066591816355
197.0, 2.372365038283121
198.0, 2.38205235240795
199.0, 2.3084055752785044
200.0, 2.2333048494389853
201.0, 2.1609245920211118
202.0, 2.087256032340073
203.0, 2.0164340766971818
204.0, 1.9445265142223023
205.0, 1.8756260723188545
206.0, 1.8059021313189452
207.0, 1.7393951319040528
208.0, 1.6724048899511121
209.0, 1.6089041568576723
210.0, 1.5453639194613313
211.0, 1.4856668185098572
212.0, 1.4265049382692543
213.0, 1.3716397272713885
214.0, 1.3180430566566002
215.0, 1.2693062178575
216.0, 1.2227487361151865
217.0, 1.1817096352262304
218.0, 1.143917945172336
219.0, 1.1722274392463532
220.0, 1.1469470058364921
221.0, 1.1281336144653975
222.0, 1.1145197021668913
223.0, 1.0850305020032391
224.0, 1.0554803701712034
225.0, 1.0278951065106765
226.0, 1.000407069299279
227.0, 0.9758974073595836
228.0, 0.9516666545392986
229.0, 0.931449069783087
230.0, 0.9117222225297813
231.0, 0.89698484971751
232.0, 0.882937025285445
233.0, 0.8746839280120655
234.0, 0.8672486623771805
235.0, 0.8661199465868032
236.0, 0.8658102947629763
237.0, 0.8719350920307049
238.0, 0.8787312209204614
239.0, 0.8801721439620406
240.0, 0.8775716976018908
241.0, 0.8802380555790634
242.0, 0.8783146486484983
243.0, 0.8909240334972872
244.0, 0.9037568048672018
245.0, 0.9176466794376004
246.0, 0.9339553441263202
247.0, 0.951565119322005
248.0, 0.9712693339743012
249.0, 0.9919866585007322
250.0, 1.0144611416941236
251.0, 1.0376623824839766
252.0, 1.0622116006316882
253.0, 1.0871057810934417
254.0, 1.1129237821693874
255.0, 1.1389110725177731
256.0, 1.165489531467919
257.0, 1.1918765543459036
258.0, 1.2185362689246697
259.0, 1.2447223003128984
260.0, 1.270885961966199
261.0, 1.2963827178758796
262.0, 1.3216024745221142
263.0, 1.2926779755553663
264.0, 1.256175757311915
265.0, 1.2177975845729445
266.0, 1.1771064300989384
267.0, 1.134452646844223
268.0, 1.0897113148782613
269.0, 1.0432788585470658
270.0, 0.9950188086819389
271.0, 0.9454093368237824
272.0, 0.8943196264118222
273.0, 0.8423174795210022
274.0, 0.7900689861289083
275.0, 0.7336338987701054
276.0, 0.6831349987881195
277.0, 0.6245404568967181
278.0, 0.5682953311154509
279.0, 0.5164535533667065
280.0, 0.4664724189755048
281.0, 0.4126536300084751
282.0, 0.3740634994627148
ee_box_dist
0.0, 0.5575707657653017
1.0, 0.613147673732866
2.0, 0.643669054619358
3.0, 0.6829850393465733
4.0, 0.7215914679964378
5.0, 0.7593088885288988
6.0, 0.7975661661888243
7.0, 0.8326245027208131
8.0, 0.865973971332361
9.0, 0.8976440300372465
10.0, 0.9279010964529412
11.0, 0.9558745211718852
12.0, 0.98242303033058
13.0, 1.0064762549529596
14.0, 1.029736223710608
15.0, 1.0504399874689818
16.0, 1.070748256359969
17.0, 1.0884137271887655
18.0, 1.106170080346277
19.0, 1.121378325185592
20.0, 1.1371040409178221
21.0, 1.1182623752749916
22.0, 1.091683008085559
23.0, 1.0625777458262649
24.0, 1.030542631505886
25.0, 0.9957425893757532
26.0, 0.9581462043177361
27.0, 0.9179310121272798
28.0, 0.8750611197783238
29.0, 0.8297562744780193
30.0, 0.7819751886682543
31.0, 0.7319806198615463
32.0, 0.679735159893669
33.0, 0.625555757463626
34.0, 0.5694287148701368
35.0, 0.5117137510050552
36.0, 0.4524283286076406
37.0, 0.391950346924078
38.0, 0.3323062514564884
39.0, 0.26963912678006546
40.0, 0.20818549581675777
41.0, 0.08025042831162317
42.0, 0.08289753412898437
43.0, 0.0830247143833038
44.0, 0.08297365564346335
45.0, 0.08302650091991087
46.0, 0.08298034460414273
47.0, 0.08302600183541602
48.0, 0.08298576130801998
49.0, 0.08302498788074422
50.0, 0.08299000229841806
51.0, 0.08302377786607827
52.0, 0.08299402812376873
53.0, 0.08302248655952393
54.0, 0.08299667760775763
55.0, 0.0830203531286459
56.0, 0.08299911171404126
57.0, 0.08301845470975275
58.0, 0.08300080150018287
59.0, 0.08301628323262536
60.0, 0.08300218464153261
61.0, 0.08301411135231514
62.0, 0.08300313820396141
63.0, 0.08301182365444483
64.0, 0.08300377209054946
65.0, 0.0830096090898873
66.0, 0.08300430877344238
67.0, 0.08300772192816681
68.0, 0.08300473320517247
69.0, 0.08300598890562054
70.0, 0.08300536797550546
71.0, 0.08300466371554263
72.0, 0.08300662374889275
73.0, 0.08300385639815662
74.0, 0.08300770322589979
75.0, 0.0830036011806117
76.0, 0.08300919154874833
77.0, 0.08300528520922829
78.0, 0.08301128595222221
79.0, 0.08300580099544244
80.0, 0.08301409880178358
81.0, 0.08300810151256002
82.0, 0.08301759101113534
83.0, 0.08301175444272593
84.0, 0.08302215816017017
85.0, 0.08301620265669461
86.0, 0.08872873443007485
87.0, 0.12459861665430444
88.0, 0.13510289433294015
89.0, 0.13334170301310957
90.0, 0.1287276980215076
91.0, 0.11784012057073187
92.0, 0.116948250938483
93.0, 0.11802129255361805
94.0, 0.11701786941895619
95.0, 0.11803374771798499
96.0, 0.11701919349563138
97.0, 0.11803399992432531
98.0, 0.11701942717122528
99.0, 0.11803393564351772
100.0, 0.11701942717122528
101.0, 0.11803395543149475
102.0, 0.11701934313404674
103.0, 0.11803395543149475
104.0, 0.11701934313404674
105.0, 0.11803395543149475
106.0, 0.11701942717122528
107.0, 0.11803393564351772
108.0, 0.11701934313404674
109.0, 0.11803395543149475
110.0, 0.11701932348435344
111.0, 0.11803393564351772
112.0, 0.11701934313404674
113.0, 0.11803395543149475
114.0, 0.11701934313404674
115.0, 0.08621006841696595
116.0, 0.11420140922813798
117.0, 0.11797001434875916
118.0, 0.11701392570598952
119.0, 0.11803382686989392
120.0, 0.1170193080593623
121.0, 0.11803399992432531
122.0, 0.11701938787184085
123.0, 0.11803395543149475
124.0, 0.11701934313404674
125.0, 0.11803395543149475
126.0, 0.11701936822215508
127.0, 0.11803395543149475
128.0, 0.11701938787184085
129.0, 0.11803395543149475
130.0, 0.11701934313404674
131.0, 0.11803395543149475
132.0, 0.11701942717122528
133.0, 0.11803393564351772
134.0, 0.11701932348435344
135.0, 0.11803393564351772
136.0, 0.11701934313404674
137.0, 0.11803395543149475
138.0, 0.11701932348435344
139.0, 0.11803393564351772
140.0, 0.11701932348435344
141.0, 0.11803393564351772
142.0, 0.11701938243344619
143.0, 0.11362371232071336
144.0, 0.11331773637880821
145.0, 0.11369353793267978
146.0, 0.11333140122665365
147.0, 0.11369478458718463
148.0, 0.11333123827915174
149.0, 0.11369414134601583
150.0, 0.11333085821697539
151.0, 0.11369392044824243
152.0, 0.11333081109792512
153.0, 0.11369431682204474
154.0, 0.11333081360767534
155.0, 0.11369422699998086
156.0, 0.1133309446699591
157.0, 0.11369431682204474
158.0, 0.11333076849731971
159.0, 0.11369431682204474
160.0, 0.1133309229932237
161.0, 0.11369422699998086
162.0, 0.11333063994712551
163.0, 0.11369444611221563
164.0, 0.11333070422217814
165.0, 0.11369444611221563
166.0, 0.11333070422217814
167.0, 0.11369322334397253
168.0, 0.11333022664807185
169.0, 0.11369384268924775
170.0, 0.11333048275013591
171.0, 0.1136940539743453
172.0, 0.11333048275013591
173.0, 0.1136940539743453
174.0, 0.1133297784084698
175.0, 0.11369273106012004
176.0, 0.11332975850188441
177.0, 0.11369166778076642
178.0, 0.11332758741278798
179.0, 0.1136897693480718
180.0, 0.1133260897911908
181.0, 0.11368911935216248
182.0, 0.11332728476821607
183.0, 0.11369104033138004
184.0, 0.1133289218882252
185.0, 0.11369223301834679
186.0, 0.11333029427048112
187.0, 0.1136937699354573
188.0, 0.11333093233246126
189.0, 0.11369495477959805
190.0, 0.11333153001078065
191.0, 0.11369533343143233
192.0, 0.11333164892544292
193.0, 0.11369592564138459
194.0, 0.11333180203544739
195.0, 0.1136960830126957
196.0, 0.1133317025014414
197.0, 0.1136960830126957
198.0, 0.1133316088604337
199.0, 0.113696130836234
200.0, 0.11333170982336026
201.0, 0.11369615625271605
202.0, 0.11333166471376888
203.0, 0.11369599983217972
204.0, 0.11333168929222451
205.0, 0.11369615625271605
206.0, 0.11333150921461221
207.0, 0.11369615625271605
208.0, 0.11333166471376888
209.0, 0.11369568699196131
210.0, 0.11333117768593506
211.0, 0.11369568699196131
212.0, 0.11333135812515631
213.0, 0.11369599983217972
214.0, 0.11333137865635207
215.0, 0.11369602042351837
216.0, 0.1133311982171635
217.0, 0.11369599983217972
218.0, 0.11333117768593506
219.0, 0.11369610711448314
220.0, 0.11333222445796662
221.0, 0.11369625482334382
222.0, 0.11333182478988053
223.0, 0.11369523759874094
224.0, 0.11333180454539511
225.0, 0.11369528490323595
226.0, 0.1133317837574745
227.0, 0.1136955741463766
228.0, 0.11333142315522579
229.0, 0.11369435254268917
230.0, 0.11333117186673002
231.0, 0.11369380540978867
232.0, 0.11332994612108561
233.0, 0.11369240455507665
234.0, 0.11332836617847271
235.0, 0.11369067417088856
236.0, 0.11332702779961164
237.0, 0.11368896475891
238.0, 0.11332493651623851
239.0, 0.11788086801911324
240.0, 0.11691406670457372
241.0, 0.11796718968160909
242.0, 0.1170077855355188
243.0, 0.07428464660287944
244.0, 0.0734037600864759
245.0, 0.07224918171233048
246.0, 0.07230627775595551
247.0, 0.0712045379422452
248.0, 0.07143935039750385
249.0, 0.07041574523987272
250.0, 0.07081789326405974
251.0, 0.06987562944538397
252.0, 0.07029110843959067
253.0, 0.06931560340218641
254.0, 0.06977628349929038
255.0, 0.06873451744449392
256.0, 0.06916361616482257
257.0, 0.0680199405312262
258.0, 0.06839362611610444
259.0, 0.0671380456190304
260.0, 0.06746358750303806
261.0, 0.06610441233854829
262.0, 0.06640249334806929
263.0, 0.08003156721020471
264.0, 0.08068040743887576
265.0, 0.0808614903099279
266.0, 0.08116746137782352
267.0, 0.08131481344562368
268.0, 0.08158140811578858
269.0, 0.08169403246952557
270.0, 0.08191491449004674
271.0, 0.08198769484441704
272.0, 0.08216027707793105
273.0, 0.08218914035767726
274.0, 0.08236083623457817
275.0, 0.0825216810244812
276.0, 0.08410283579514334
277.0, 0.08286865580623634
278.0, 0.08238188670392683
279.0, 0.08223450722401442
280.0, 0.08217709242627455
281.0, 0.08260364474054281
282.0, 0.08181156397451486
spot_hold
0, 0
1, 0
2, 0
3, 0
4, 0
5, 0
6, 0
7, 0
8, 0
9, 0
10, 0
11, 0
12, 0
13, 0
14, 0
15, 0
16, 0
17, 0
18, 0
19, 0
20, 0
21, 0
22, 0
23, 0
24, 0
25, 0
26, 0
27, 0
28, 0
29, 0
30, 0
31, 0
32, 0
33, 0
34, 0
35, 0
36, 0
37, 0
38, 0
39, 0
40, 0
41, 1
42, 1
43, 1
44, 1
45, 1
46, 1
47, 1
48, 1
49, 1
50, 1
51, 1
52, 1
53, 1
54, 1
55, 1
56, 1
57, 1
58, 1
59, 1
60, 1
61, 1
62, 1
63, 1
64, 1
65, 1
66, 1
67, 1
68, 1
69, 1
70, 1
71, 1
72, 1
73, 1
74, 1
75, 1
76, 1
77, 1
78, 1
79, 1
80, 1
81, 1
82, 1
83, 1
84, 1
85, 1
86, 1
87, 1
88, 1
89, 1
90, 1
91, 1
92, 1
93, 1
94, 1
95, 1
96, 1
97, 1
98, 1
99, 1
100, 1
101, 1
102, 1
103, 1
104, 1
105, 1
106, 1
107, 1
108, 1
109, 1
110, 1
111, 1
112, 1
113, 1
114, 1
115, 1
116, 1
117, 1
118, 1
119, 1
120, 1
121, 1
122, 1
123, 1
124, 1
125, 1
126, 1
127, 1
128, 1
129, 1
130, 1
131, 1
132, 1
133, 1
134, 1
135, 1
136, 1
137, 1
138, 1
139, 1
140, 1
141, 1
142, 1
143, 1
144, 1
145, 1
146, 1
147, 1
148, 1
149, 1
150, 1
151, 1
152, 1
153, 1
154, 1
155, 1
156, 1
157, 1
158, 1
159, 1
160, 1
161, 1
162, 1
163, 1
164, 1
165, 1
166, 1
167, 1
168, 1
169, 1
170, 1
171, 1
172, 1
173, 1
174, 1
175, 1
176, 1
177, 1
178, 1
179, 1
180, 1
181, 1
182, 1
183, 1
184, 1
185, 1
186, 1
187, 1
188, 1
189, 1
190, 1
191, 1
192, 1
193, 1
194, 1
195, 1
196, 1
197, 1
198, 1
199, 1
200, 1
201, 1
202, 1
203, 1
204, 1
205, 1
206, 1
207, 1
208, 1
209, 1
210, 1
211, 1
212, 1
213, 1
214, 1
215, 1
216, 1
217, 1
218, 1
219, 1
220, 1
221, 1
222, 1
223, 1
224, 1
225, 1
226, 1
227, 1
228, 1
229, 1
230, 1
231, 1
232, 1
233, 1
234, 1
235, 1
236, 1
237, 1
238, 1
239, 1
240, 1
241, 1
242, 1
243, 1
244, 1
245, 1
246, 1
247, 1
248, 1
249, 1
250, 1
251, 1
252, 1
253, 1
254, 1
255, 1
256, 1
257, 1
258, 1
259, 1
260, 1
261, 1
262, 1
263, 1
264, 1
265, 1
266, 1
267, 1
268, 1
269, 1
270, 1
271, 1
272, 1
273, 1
274, 1
275, 1
276, 1
277, 1
278, 1
279, 1
280, 1
281, 1
282, 1
