bot_dist
0.0, 2.997946656345891
1.0, 3.0015347157530137
2.0, 3.0051517689795504
3.0, 3.0087977114599602
4.0, 3.0124724383017756
5.0, 3.016175844297606
6.0, 3.0199078239370625
7.0, 3.0236682714186043
8.0, 3.027457080661299
9.0, 3.0312741453165
10.0, 3.0351193587794367
11.0, 3.0389926142007155
12.0, 3.0428938044977314
13.0, 3.046822822365986
14.0, 3.050779560290315
15.0, 3.054763910556015
16.0, 3.058775765259881
17.0, 3.062815016321135
18.0, 3.0668815554922695
19.0, 3.0709752743697742
20.0, 3.075096064404771
21.0, 3.0792438169135448
22.0, 3.083418423087962
23.0, 3.087619774005794
24.0, 3.091847760640926
25.0, 3.0961022738734587
26.0, 3.1003832044997073
27.0, 3.104690443242083
28.0, 3.1090238807588713
29.0, 3.113383407653892
30.0, 3.1177689144860534
31.0, 3.122180291778793
32.0, 3.1266174300294
33.0, 3.1310802197182315
34.0, 3.1355685513178098
35.0, 3.1400823153018047
36.0, 3.144621402153906
37.0, 3.149185702376573
38.0, 3.153775106499676
39.0, 3.158389505089015
40.0, 3.1630287887547275
41.0, 3.167692848159579
42.0, 3.172381574027133
43.0, 3.177094744487091
44.0, 3.181832361908253
45.0, 3.186594317252251
46.0, 3.191380501573035
47.0, 3.196190806024463
48.0, 3.201025121867772
49.0, 3.2058833404789375
50.0, 3.210765353355914
51.0, 3.2156710521257614
52.0, 3.2206003285516505
53.0, 3.225553074539765
54.0, 3.2305291821460753
55.0, 3.2355285435830083
56.0, 3.240551051225996
57.0, 3.2455965976199135
58.0, 3.2506650754854065
59.0, 3.2557563777250986
60.0, 3.260870397429695
61.0, 3.266007027883968
62.0, 3.2711661625726345
63.0, 3.2763476951861215
64.0, 3.2815515196262233
65.0, 3.286777530011649
66.0, 3.2920256206834573
67.0, 3.2972956862103917
68.0, 3.302587621394101
69.0, 3.3079013212742554
70.0, 3.313236681133558
71.0, 3.3185935965026494
72.0, 3.323971963164912
73.0, 3.3293716771611637
74.0, 3.334792634794255
75.0, 3.3402347326335633
76.0, 3.3456978675193825
77.0, 3.3511819365672175
78.0, 3.3566868371719747
79.0, 3.3622124670120597
80.0, 3.3677587240533686
81.0, 3.3733255065531926
82.0, 3.3789127130640217
83.0, 3.384520242437252
84.0, 3.390147993826802
85.0, 3.3957958666926364
86.0, 3.4014637608041967
87.0, 3.407151576243739
88.0, 3.412859213409585
89.0, 3.4185865730192817
90.0, 3.424333556112675
91.0, 3.4301000640548907
92.0, 3.435885998539239
93.0, 3.441691261590024
94.0, 3.447515755565275
95.0, 3.4533593831593925
96.0, 3.459222047405711
97.0, 3.465103651678984
98.0, 3.4710040996977853
99.0, 3.4769232955268317
100.0, 3.4828611435792305
101.0, 3.4828611435792305
102.0, 3.4828611435792305
103.0, 3.4828611435792305
104.0, 3.4828611435792305
105.0, 3.4828611435792305
106.0, 3.4828611435792305
107.0, 3.4828611435792305
108.0, 3.4828611435792305
109.0, 3.4828611435792305
110.0, 3.4828611435792305
111.0, 3.4828611435792305
112.0, 3.4828611435792305
113.0, 3.4828611435792305
114.0, 3.4828611435792305
115.0, 3.4828611435792305
116.0, 3.4828611435792305
117.0, 3.4828611435792305
118.0, 3.4828611435792305
119.0, 3.4828611435792305
120.0, 3.4828611435792305
121.0, 3.4828611435792305
122.0, 3.4828611435792305
123.0, 3.4828611435792305
124.0, 3.4828611435792305
125.0, 3.4828611435792305
126.0, 3.4828611435792305
127.0, 3.4828611435792305
128.0, 3.4828611435792305
129.0, 3.4828611435792305
130.0, 3.4828611435792305
131.0, 3.4769232955268317
132.0, 3.4710040996977853
133.0, 3.465103651678984
134.0, 3.459222047405711
135.0, 3.4533593831593925
136.0, 3.447515755565275
137.0, 3.441691261590024
138.0, 3.435885998539239
139.0, 3.4301000640548907
140.0, 3.424333556112675
141.0, 3.4185865730192817
142.0, 3.412859213409585
143.0, 3.4119124208754217
144.0, 3.4062325552269637
145.0, 3.4005726094983735
146.0, 3.3949326833196074
147.0, 3.389312876630202
148.0, 3.383713289675922
149.0, 3.3781340230053245
150.0, 3.372575177466227
151.0, 3.2841042012694457
152.0, 3.195711138393668
153.0, 3.107402587862593
154.0, 3.019186019407351
155.0, 2.93106973820862
156.0, 2.8430630690204133
157.0, 2.7551765156412524
158.0, 2.667421950869838
159.0, 2.5798128438612182
160.0, 2.4923645336202815
161.0, 2.405094559736281
162.0, 2.318023064558622
163.0, 2.2311732850915713
164.0, 2.144572158290497
165.0, 2.0582510706546677
166.0, 1.972246792699962
167.0, 1.9677748193347322
168.0, 1.884039118777044
169.0, 1.800953325826741
170.0, 1.718611458700922
171.0, 1.6371257720765735
172.0, 1.5566307284208465
173.0, 1.4772882721995075
174.0, 1.474104196438508
175.0, 1.3997305196796381
176.0, 1.3274282945076918
177.0, 1.325042437083292
178.0, 1.3227278793093427
179.0, 1.3204849961098697
180.0, 1.318314153310547
181.0, 1.270566917664269
182.0, 1.2690724165567149
183.0, 1.2676550415179395
184.0, 1.2663150515275132
185.0, 1.265052692492664
186.0, 1.2638681970281862
187.0, 1.262761784246795
188.0, 1.1930608895074923
189.0, 1.1924891675623044
190.0, 1.122170471564872
191.0, 1.0547179361780743
192.0, 0.9907171430595517
193.0, 0.9308803173454463
194.0, 0.8760610982705326
195.0, 0.8272575811665429
196.0, 0.7855917122174859
197.0, 0.752250454320114
198.0, 0.72837787497807
199.0, 0.7149231332829109
200.0, 0.7124766798017146
201.0, 0.7211505578117718
202.0, 0.7405541234885665
203.0, 0.7698765275109658
204.0, 0.8080386750778092
205.0, 0.8538561402504491
206.0, 0.9061684672719648
207.0, 0.9639187978898347
208.0, 1.0261894473173463
209.0, 1.0922075304896557
210.0, 1.1613341347535935
211.0, 1.2330464964773882
212.0, 1.3069191490824126
213.0, 1.3162880427931343
214.0, 1.387633674040485
215.0, 1.4608660274476688
216.0, 1.4700022354279845
217.0, 1.4791496216851043
218.0, 1.488307980108446
219.0, 1.4974771093853676
220.0, 1.5066568128698743
221.0, 1.5158468984553277
222.0, 1.5250471784510289
223.0, 1.534257469462551
224.0, 1.543477592275701
225.0, 1.5527073717439928
226.0, 1.5619466366795178
227.0, 1.571195219747106
228.0, 1.5804529573616652
229.0, 1.5897196895886045
230.0, 1.5989952600472344
231.0, 1.5989952600472344
232.0, 1.5989952600472344
233.0, 1.5989952600472344
234.0, 1.5989952600472344
235.0, 1.5989952600472344
236.0, 1.5989952600472344
237.0, 1.5989952600472344
238.0, 1.5989952600472344
239.0, 1.5989952600472344
240.0, 1.5989952600472344
241.0, 1.5989952600472344
242.0, 1.5989952600472344
243.0, 1.5989952600472344
244.0, 1.5989952600472344
245.0, 1.5989952600472344
246.0, 1.5989952600472344
247.0, 1.5989952600472344
248.0, 1.5989952600472344
249.0, 1.5989952600472344
250.0, 1.5989952600472344
251.0, 1.5989952600472344
252.0, 1.5989952600472344
253.0, 1.5989952600472344
254.0, 1.5989952600472344
255.0, 1.5989952600472344
256.0, 1.5989952600472344
257.0, 1.5989952600472344
258.0, 1.5989952600472344
259.0, 1.5989952600472344
260.0, 1.5989952600472344
261.0, 1.5897196895886045
262.0, 1.5804529573616652
263.0, 1.571195219747106
264.0, 1.5619466366795178
265.0, 1.5527073717439928
266.0, 1.543477592275701
267.0, 1.534257469462551
268.0, 1.5250471784510289
269.0, 1.5158468984553277
270.0, 1.5066568128698743
271.0, 1.4974771093853676
272.0, 1.488307980108446
273.0, 1.4791496216851043
274.0, 1.4700022354279845
275.0, 1.4608660274476688
276.0, 1.4517412087881134
277.0, 1.442627995566352
278.0, 1.4335266091166172
279.0, 1.4244372761390234
280.0, 1.4153602288529636
281.0, 1.4062957051553717
282.0, 1.397243948784017
ee_dist
0.0, 0.8922543192929631
1.0, 0.8961336653440607
2.0, 0.9709465728761947
3.0, 1.0465360131989798
4.0, 1.0725317684579392
5.0, 1.0977218661301904
6.0, 1.1326839366179746
7.0, 1.169091604512095
8.0, 1.2055567701702496
9.0, 1.2471742484343251
10.0, 1.2838756447186963
11.0, 1.3180418677091763
12.0, 1.350824397400983
13.0, 1.381148602470612
14.0, 1.4097236346890474
15.0, 1.4352704466488737
16.0, 1.4599324452792921
17.0, 1.481590092800608
18.0, 1.5028919243647036
19.0, 1.521168567341159
20.0, 1.5396581511187668
21.0, 1.515726572428392
22.0, 1.4819322158203385
23.0, 1.4451824958295232
24.0, 1.404996912432574
25.0, 1.3615562809836983
26.0, 1.31486850944808
27.0, 1.2651436044353888
28.0, 1.2124109888987598
29.0, 1.1569505781542975
30.0, 1.0988242894231983
31.0, 1.0383971933259146
32.0, 0.9757878467156433
33.0, 0.9114720693898806
34.0, 0.8456807037018071
35.0, 0.7790933197568635
36.0, 0.7122023977865621
37.0, 0.6461044375161832
38.0, 0.5812680782035534
39.0, 0.5213889323462563
40.0, 0.46694072749334714
41.0, 0.46823463835522816
42.0, 0.7077014236207173
43.0, 1.2203654994188173
44.0, 1.180695708868394
45.0, 1.1387104730443431
46.0, 1.0947985491665726
47.0, 1.0483330404001183
48.0, 0.9997987394523512
49.0, 0.9489692513808657
50.0, 0.8964588926302681
51.0, 0.8427366440015899
52.0, 0.787984410518165
53.0, 0.7322882982013224
54.0, 0.6757607689006588
55.0, 0.6185340620350545
56.0, 0.5615141879633136
57.0, 0.5048811042351606
58.0, 0.5580204365175747
59.0, 0.6330807633845184
60.0, 0.7162960741427292
61.0, 0.8109063752011062
62.0, 0.9059954904224651
63.0, 0.9992946905391228
64.0, 1.0865198845257595
65.0, 1.1550751983859728
66.0, 1.2111984068187254
67.0, 1.2684602904587043
68.0, 1.3210913226041527
69.0, 1.3732072319989048
70.0, 1.4256822745807873
71.0, 1.4764412709726717
72.0, 1.532469582019035
73.0, 1.5936841258066958
74.0, 1.659694420385586
75.0, 1.736729385353707
76.0, 1.8230091117879903
77.0, 1.9185745122851252
78.0, 2.018312802620958
79.0, 2.1169968577095823
80.0, 2.2103005223849004
81.0, 2.2882997277514834
82.0, 2.3513256458026928
83.0, 2.413184715354066
84.0, 2.472638596804613
85.0, 2.531354583720927
86.0, 2.5901815569921505
87.0, 2.64641939261511
88.0, 2.6819561375651544
89.0, 2.721647830153444
90.0, 2.7651178774996157
91.0, 2.8225373938480374
92.0, 2.9168570423772007
93.0, 3.0197555415328057
94.0, 3.1262874543741805
95.0, 3.2538705269513386
96.0, 3.346786847160198
97.0, 3.4252886336001462
98.0, 3.4977792354828923
99.0, 3.5648648874901
100.0, 3.650064104551136
101.0, 3.715690609926272
102.0, 3.7683740545173565
103.0, 3.819668595258376
104.0, 3.8868175927246615
105.0, 3.9539468947105547
106.0, 4.028277104608066
107.0, 4.110887037689945
108.0, 4.201084943071112
109.0, 4.3024876274161
110.0, 4.408278277583613
111.0, 4.5181659056573364
112.0, 4.620145507933654
113.0, 4.716161729533394
114.0, 4.789750481299319
115.0, 4.8565531888269815
116.0, 4.901926269416075
117.0, 4.947485899805059
118.0, 4.990636033571898
119.0, 5.033988312157683
120.0, 5.073170447583496
121.0, 5.112908483452239
122.0, 5.148484229622161
123.0, 5.183853615583042
124.0, 5.214446254405115
125.0, 5.246514155908426
126.0, 5.269479486536391
127.0, 5.293711670335764
128.0, 5.313383769636019
129.0, 5.33151450249105
130.0, 5.343889600977004
131.0, 5.355288088003052
132.0, 5.3612869910750955
133.0, 5.365883989987232
134.0, 5.364823785558464
135.0, 5.362476463383552
136.0, 5.354610913833605
137.0, 5.345420749011433
138.0, 5.330765843343127
139.0, 5.314922981611013
140.0, 5.29381506982494
141.0, 5.271672591583071
142.0, 5.255128523255043
143.0, 4.591552355122737
144.0, 4.580077234895624
145.0, 4.5686456602172845
146.0, 4.562545058124824
147.0, 4.556487735775339
148.0, 4.555983011584664
149.0, 4.555509191232562
150.0, 4.560620986763026
151.0, 4.4767509770523475
152.0, 4.395674379392159
153.0, 4.311867138826236
154.0, 4.2308587462080345
155.0, 4.147125589464503
156.0, 4.066194081657405
157.0, 3.9825442497076255
158.0, 3.9016994432159957
159.0, 3.818143837148292
160.0, 3.7373972754932754
161.0, 3.6539487729870985
162.0, 3.573314023354903
163.0, 3.4806823883064513
164.0, 3.410661003976417
165.0, 3.3061491343791505
166.0, 3.2328862265798266
167.0, 3.254673118173414
168.0, 3.174221521446266
169.0, 3.0934146621852476
170.0, 3.0153406980966855
171.0, 2.934823432211024
172.0, 2.8572070646457677
173.0, 2.777188425255912
174.0, 2.7909121043221186
175.0, 2.7142112590752436
176.0, 2.6405187647901185
177.0, 2.655029225229665
178.0, 2.674380288974603
179.0, 2.6937365739427492
180.0, 2.717255540290404
181.0, 2.6605564935362325
182.0, 2.638553778312952
183.0, 2.6165005044376173
184.0, 2.5988830408414976
185.0, 2.581296156129439
186.0, 2.5687625957496705
187.0, 2.556322059620101
188.0, 2.4780766183912073
189.0, 2.468136414194388
190.0, 2.388148220880159
191.0, 2.3055595480516535
192.0, 2.225870208031142
193.0, 2.143616720487942
194.0, 2.0642919636632135
195.0, 1.9824569051913445
196.0, 1.9035913403884646
197.0, 1.8222878051889564
198.0, 1.7440109583580232
199.0, 1.6633963776719192
200.0, 1.5858890270940424
201.0, 1.5061862105921415
202.0, 1.4297095304135035
203.0, 1.3512447853106804
204.0, 1.2761858125549779
205.0, 1.1994506160963774
206.0, 1.1264038412795023
207.0, 1.0521684211362992
208.0, 0.9820782741101721
209.0, 0.9115865208614549
210.0, 0.8460055620518735
211.0, 0.7813303624649602
212.0, 0.722861423289205
213.0, 0.7010466473550501
214.0, 0.6411280056765951
215.0, 0.5846674003344643
216.0, 0.5638970453972999
217.0, 0.5437569061993889
218.0, 0.5291603999452327
219.0, 0.5156785362585846
220.0, 0.5088090751957477
221.0, 0.5034286838895727
222.0, 0.5051691260552454
223.0, 0.5084961223495974
224.0, 0.518691822071578
225.0, 0.5302483530057565
226.0, 0.547757111666231
227.0, 0.5662136386670164
228.0, 0.5893426482448666
229.0, 0.5884916700284676
230.0, 0.589428438507445
231.0, 0.5888284731018013
232.0, 0.5893473468782736
233.0, 0.588675742949035
234.0, 0.589388723643643
235.0, 0.5887477730787578
236.0, 0.5893720487015897
237.0, 0.5887128718954941
238.0, 0.5893804038177078
239.0, 0.5887297091859077
240.0, 0.5893768499457016
241.0, 0.588721710923386
242.0, 0.5893782525696166
243.0, 0.6027091020458274
244.0, 0.6186741748447623
245.0, 0.6345663733840182
246.0, 0.6519755515667928
247.0, 0.6700270476343879
248.0, 0.6890655730041702
249.0, 0.7084070733743942
250.0, 0.7286202179353652
251.0, 0.7488874973389517
252.0, 0.7698940231405755
253.0, 0.7907558716828689
254.0, 0.8121979532260196
255.0, 0.8333059797701047
256.0, 0.8547494636853408
257.0, 0.8756852463477799
258.0, 0.8967080760271977
259.0, 0.9170838989546666
260.0, 0.9373264144588838
261.0, 0.9568280947206287
262.0, 0.9760220694179291
263.0, 0.9579918978669437
264.0, 0.9354826909910575
265.0, 0.912040145769151
266.0, 0.8874352766387531
267.0, 0.8619648097168383
268.0, 0.8355872104992271
269.0, 0.8086468735927317
270.0, 0.7811145289072894
271.0, 0.7534010094143427
272.0, 0.725501993757874
273.0, 0.6979053709947329
274.0, 0.6706515707177525
275.0, 0.6442455437119757
276.0, 0.6187595300456749
277.0, 0.5947894101339704
278.0, 0.5723453430276957
279.0, 0.5521897976404048
280.0, 0.5344120759662646
281.0, 0.5202610119799013
282.0, 0.5147208195243171
ee_box_dist
0.0, 0.5575707657653017
1.0, 0.613147673732866
2.0, 0.643669054619358
3.0, 0.6829850393465733
4.0, 0.7215914679964378
5.0, 0.7593088885288988
6.0, 0.7975620823987111
7.0, 0.8325966142292304
8.0, 0.8659750345443951
9.0, 0.9035136458702497
10.0, 0.9356812130757175
11.0, 0.9651127725464778
12.0, 0.9930699508627958
13.0, 1.0187034046748527
14.0, 1.0426945217247132
15.0, 1.0640615180135269
16.0, 1.0846775430818842
17.0, 1.1027121829519406
18.0, 1.1205352390113845
19.0, 1.1357271825569961
20.0, 1.1512450902652815
21.0, 1.1318275961544573
22.0, 1.1048170943874804
23.0, 1.0752545209664375
24.0, 1.0426744855571368
25.0, 1.0072812374570153
26.0, 0.9690506331783723
27.0, 0.9281636154327421
28.0, 0.8845887122957818
29.0, 0.8385508966507457
30.0, 0.7900113674342666
31.0, 0.7392393573335727
32.0, 0.6861998604288989
33.0, 0.6312172498286331
34.0, 0.5742788528764047
35.0, 0.5157516230980899
36.0, 0.45565347843034715
37.0, 0.394368753241219
38.0, 0.335926748291023
39.0, 0.28641145942207547
40.0, 0.23182101842080502
41.0, 0.08029983572168342
42.0, 0.0828962576578334
43.0, 0.08302560928365496
44.0, 0.08297164972454546
45.0, 0.0830259822650425
46.0, 0.08297786955458038
47.0, 0.08302441230881616
48.0, 0.0829831939578791
49.0, 0.08302262734520548
50.0, 0.08298734498791656
51.0, 0.08302078929848078
52.0, 0.08299072645213863
53.0, 0.08301887491782142
54.0, 0.08299324745990555
55.0, 0.0830172343048812
56.0, 0.08299611833651206
57.0, 0.08301566657474481
58.0, 0.08299839198341614
59.0, 0.08219490150905133
60.0, 0.08293515925697868
61.0, 0.08220535134452817
62.0, 0.08277924059036197
63.0, 0.08314704407898185
64.0, 0.08297642359669948
65.0, 0.08215402938396478
66.0, 0.08294339719090678
67.0, 0.08295974694676778
68.0, 0.08296120812013391
69.0, 0.08296299860044704
70.0, 0.0829651421507576
71.0, 0.08296505456052884
72.0, 0.08296892472184807
73.0, 0.0829676454721598
74.0, 0.08297352237736588
75.0, 0.08297056151549777
76.0, 0.0829785112804033
77.0, 0.08297474956903352
78.0, 0.08298410913499263
79.0, 0.08297981826901257
80.0, 0.0829901387346403
81.0, 0.08298537912975437
82.0, 0.08299708832768828
83.0, 0.08299243687717991
84.0, 0.08300487553110399
85.0, 0.08300021352842293
86.0, 0.09144901933102051
87.0, 0.126915041697936
88.0, 0.13558189809206403
89.0, 0.13344126689978417
90.0, 0.12605207629035048
91.0, 0.12491385138860207
92.0, 0.12302881929123902
93.0, 0.12312759715166398
94.0, 0.12292368327470221
95.0, 0.0994900476489974
96.0, 0.10180157139153945
97.0, 0.12269869236840625
98.0, 0.12287144929361349
99.0, 0.0878962081922934
100.0, 0.08265953441522879
101.0, 0.08288176431149352
102.0, 0.10506165925985401
103.0, 0.1229535211518265
104.0, 0.12178135392691308
105.0, 0.12348838817047902
106.0, 0.12291736926899846
107.0, 0.12295224660020805
108.0, 0.12299886734559798
109.0, 0.12320440102315865
110.0, 0.12290439147322314
111.0, 0.12302923768687334
112.0, 0.12294810945344624
113.0, 0.12311270612129295
114.0, 0.12292687353087843
115.0, 0.08784158282003703
116.0, 0.12212643693767958
117.0, 0.12394714335314266
118.0, 0.12292716933950679
119.0, 0.1229618304511851
120.0, 0.12299650252529111
121.0, 0.12319955629383277
122.0, 0.12290556670225192
123.0, 0.12303182204005686
124.0, 0.1229473533508833
125.0, 0.1216981432445898
126.0, 0.12314177640307389
127.0, 0.12363808450984146
128.0, 0.12292114629839325
129.0, 0.12295864332152451
130.0, 0.12299705313054722
131.0, 0.12320111121546218
132.0, 0.12290506837159945
133.0, 0.12303101638410288
134.0, 0.12294774148839087
135.0, 0.1231120122973559
136.0, 0.12292714114151229
137.0, 0.1230728687352641
138.0, 0.12293699068436524
139.0, 0.12309164754047533
140.0, 0.12293237189171226
141.0, 0.12308282568303477
142.0, 0.12293458936682577
143.0, 0.11900312255223995
144.0, 0.11962697267334627
145.0, 0.11908059437264634
146.0, 0.11962889817843843
147.0, 0.11908049433582589
148.0, 0.11962873735454672
149.0, 0.11908032931873855
150.0, 0.11962773708956038
151.0, 0.11908012465186729
152.0, 0.11962742985090871
153.0, 0.11908007690303907
154.0, 0.11962784133588103
155.0, 0.11908012376679261
156.0, 0.11962764182259253
157.0, 0.11908007690303907
158.0, 0.11962764182259253
159.0, 0.11908012376679261
160.0, 0.11962764182259253
161.0, 0.11908012376679261
162.0, 0.11962764182259253
163.0, 0.1086218729690374
164.0, 0.11957234627406949
165.0, 0.09598848080627455
166.0, 0.09911628729794415
167.0, 0.11960240612646002
168.0, 0.11962900077023525
169.0, 0.11908159701058547
170.0, 0.1196268563177992
171.0, 0.1190794491157569
172.0, 0.11962699721545636
173.0, 0.11907949597966799
174.0, 0.11962578562894484
175.0, 0.1190785117370408
176.0, 0.1196262053895242
177.0, 0.1190768396814096
178.0, 0.1196235193618085
179.0, 0.11907458671627563
180.0, 0.11962104576541895
181.0, 0.11907316148085934
182.0, 0.11962252759490737
183.0, 0.11907581458683274
184.0, 0.11962505390080813
185.0, 0.11907811553226642
186.0, 0.11962678246530352
187.0, 0.11907972230175748
188.0, 0.11962781228790241
189.0, 0.1190801293511078
190.0, 0.11962828637915433
191.0, 0.11908050936384881
192.0, 0.11962842736820045
193.0, 0.11908043078987535
194.0, 0.11962830308858037
195.0, 0.11908030616984845
196.0, 0.11962830308858037
197.0, 0.11908030616984845
198.0, 0.11962830308858037
199.0, 0.11908030616984845
200.0, 0.11962830308858037
201.0, 0.11908030616984845
202.0, 0.11962830308858037
203.0, 0.11908043078987535
204.0, 0.11962830308858037
205.0, 0.11908043078987535
206.0, 0.11962793025179647
207.0, 0.11908055541024917
208.0, 0.11962793025179647
209.0, 0.11908055541024917
210.0, 0.11962793025179647
211.0, 0.11908005693083547
212.0, 0.11962793025179647
213.0, 0.11908042171742035
214.0, 0.11962873615356655
215.0, 0.11908097207513572
216.0, 0.11962883651369757
217.0, 0.11908071807364805
218.0, 0.11962895559060453
219.0, 0.11908060493271236
220.0, 0.11962862741693786
221.0, 0.11907969205446418
222.0, 0.11962864123024117
223.0, 0.11908044102783202
224.0, 0.1196281525729317
225.0, 0.11908061021998734
226.0, 0.11962855687025552
227.0, 0.11907985322087719
228.0, 0.11962812470726072
229.0, 0.12276982456145753
230.0, 0.12302707616698341
231.0, 0.12326119103920989
232.0, 0.12298717324087782
233.0, 0.12300939270233346
234.0, 0.12295549115296399
235.0, 0.12312638375459725
236.0, 0.1229252766205661
237.0, 0.12306833546121178
238.0, 0.12294033165395464
239.0, 0.12309671842483325
240.0, 0.1229332464070106
241.0, 0.12308363854618648
242.0, 0.12293649593687918
243.0, 0.08241046265332845
244.0, 0.07958923872950589
245.0, 0.07708893037049575
246.0, 0.07532134497876114
247.0, 0.07316367523460346
248.0, 0.07217322425737581
249.0, 0.0703147036792138
250.0, 0.06999192723606196
251.0, 0.06841674726912103
252.0, 0.06852661236721999
253.0, 0.06708252035089808
254.0, 0.06739049065488598
255.0, 0.06597725675729049
256.0, 0.06638311222319962
257.0, 0.06491450261471579
258.0, 0.0653352599997359
259.0, 0.06377651637230247
260.0, 0.06419008276375449
261.0, 0.06253901522479266
262.0, 0.06295444663162932
263.0, 0.07984535527738322
264.0, 0.08057717090060112
265.0, 0.08076677741748339
266.0, 0.08108550470379527
267.0, 0.08123899583572036
268.0, 0.08151949893799947
269.0, 0.08163968567112793
270.0, 0.08187415370086085
271.0, 0.08195418061530116
272.0, 0.08213699138201801
273.0, 0.08217077301298885
274.0, 0.08229967388681836
275.0, 0.08228335270092622
276.0, 0.08235767909875819
277.0, 0.08229109976678706
278.0, 0.08231213301009424
279.0, 0.08219457575203779
280.0, 0.08216450181198817
281.0, 0.08199670315913254
282.0, 0.08276648851589401
spot_hold
0, 0
1, 0
2, 0
3, 0
4, 0
5, 0
6, 0
7, 0
8, 0
9, 0
10, 0
11, 0
12, 0
13, 0
14, 0
15, 0
16, 0
17, 0
18, 0
19, 0
20, 0
21, 0
22, 0
23, 0
24, 0
25, 0
26, 0
27, 0
28, 0
29, 0
30, 0
31, 0
32, 0
33, 0
34, 0
35, 0
36, 0
37, 0
38, 0
39, 0
40, 0
41, 1
42, 1
43, 1
44, 1
45, 1
46, 1
47, 1
48, 1
49, 1
50, 1
51, 1
52, 1
53, 1
54, 1
55, 1
56, 1
57, 1
58, 1
59, 1
60, 1
61, 1
62, 1
63, 1
64, 1
65, 1
66, 1
67, 1
68, 1
69, 1
70, 1
71, 1
72, 1
73, 1
74, 1
75, 1
76, 1
77, 1
78, 1
79, 1
80, 1
81, 1
82, 1
83, 1
84, 1
85, 1
86, 1
87, 1
88, 1
89, 1
90, 1
91, 1
92, 1
93, 1
94, 1
95, 1
96, 1
97, 1
98, 1
99, 1
100, 1
101, 1
102, 1
103, 1
104, 1
105, 1
106, 1
107, 1
108, 1
109, 1
110, 1
111, 1
112, 1
113, 1
114, 1
115, 1
116, 1
117, 1
118, 1
119, 1
120, 1
121, 1
122, 1
123, 1
124, 1
125, 1
126, 1
127, 1
128, 1
129, 1
130, 1
131, 1
132, 1
133, 1
134, 1
135, 1
136, 1
137, 1
138, 1
139, 1
140, 1
141, 1
142, 1
143, 1
144, 1
145, 1
146, 1
147, 1
148, 1
149, 1
150, 1
151, 1
152, 1
153, 1
154, 1
155, 1
156, 1
157, 1
158, 1
159, 1
160, 1
161, 1
162, 1
163, 1
164, 1
165, 1
166, 1
167, 1
168, 1
169, 1
170, 1
171, 1
172, 1
173, 1
174, 1
175, 1
176, 1
177, 1
178, 1
179, 1
180, 1
181, 1
182, 1
183, 1
184, 1
185, 1
186, 1
187, 1
188, 1
189, 1
190, 1
191, 1
192, 1
193, 1
194, 1
195, 1
196, 1
197, 1
198, 1
199, 1
200, 1
201, 1
202, 1
203, 1
204, 1
205, 1
206, 1
207, 1
208, 1
209, 1
210, 1
211, 1
212, 1
213, 1
214, 1
215, 1
216, 1
217, 1
218, 1
219, 1
220, 1
221, 1
222, 1
223, 1
224, 1
225, 1
226, 1
227, 1
228, 1
229, 1
230, 1
231, 1
232, 1
233, 1
234, 1
235, 1
236, 1
237, 1
238, 1
239, 1
240, 1
241, 1
242, 1
243, 1
244, 1
245, 1
246, 1
247, 1
248, 1
249, 1
250, 1
251, 1
252, 1
253, 1
254, 1
255, 1
256, 1
257, 1
258, 1
259, 1
260, 1
261, 1
262, 1
263, 1
264, 1
265, 1
266, 1
267, 1
268, 1
269, 1
270, 1
271, 1
272, 1
273, 1
274, 1
275, 1
276, 1
277, 1
278, 1
279, 1
280, 1
281, 1
282, 1
