bot_dist
0.0, 2.865364321986851
1.0, 2.8675047757534227
2.0, 2.869678481882175
3.0, 2.8718853648678
4.0, 2.874125348286242
5.0, 2.876398354807022
6.0, 2.8787043062056505
7.0, 2.881043123376105
8.0, 2.8834147263433865
9.0, 2.8858190342761363
10.0, 2.8882559654993143
11.0, 2.8907254375069376
12.0, 2.8932273669748727
13.0, 2.895761669773673
14.0, 2.8983282609814656
15.0, 2.9009270548968757
16.0, 2.9035579650519896
17.0, 2.906220904225352
18.0, 2.908915784454986
19.0, 2.9116425170514493
20.0, 2.9144010126108935
21.0, 2.9171911810281625
22.0, 2.9200129315098837
23.0, 2.922866172587583
24.0, 2.9257508121307945
25.0, 2.928666757360181
26.0, 2.9316139148606477
27.0, 2.934592190594448
28.0, 2.93760148991429
29.0, 2.940641717576414
30.0, 2.9437127777536736
31.0, 2.94681457404858
32.0, 2.9499470095063334
33.0, 2.953109986627823
34.0, 2.9563034073826016
35.0, 2.9595271732218236
36.0, 2.962781185091149
37.0, 2.966065343443608
38.0, 2.9693795482524226
39.0, 2.9727236990237844
40.0, 2.976097694809584
41.0, 2.979501434220089
42.0, 2.982934815436568
43.0, 2.98639773622386
44.0, 2.9898900939428823
45.0, 2.9934117855630786
46.0, 2.996962707674801
47.0, 3.0005427565016283
48.0, 3.0041518279126116
49.0, 3.0077898174344497
50.0, 3.0114566202635915
51.0, 3.0151521312782608
52.0, 3.0188762450504067
53.0, 3.022628855857568
54.0, 3.026409857694657
55.0, 3.030219144285663
56.0, 3.0340566090952654
57.0, 3.037922145340357
58.0, 3.0418156460014854
59.0, 3.0457370038341933
60.0, 3.0496861113802716
61.0, 3.0536628609789154
62.0, 3.0576671447777835
63.0, 3.0616988547439625
64.0, 3.065757882674827
65.0, 3.069844120208803
66.0, 3.0739574588360297
67.0, 3.078097789908915
68.0, 3.0822650046525855
69.0, 3.086458994175241
70.0, 3.090679649478389
71.0, 3.09492686146698
72.0, 3.0992005209594327
73.0, 3.1035005186975515
74.0, 3.107826745356327
75.0, 3.1121790915536347
76.0, 3.1165574478598157
77.0, 3.12096170480715
78.0, 3.1253917528992092
79.0, 3.1298474826201055
80.0, 3.1343287844436185
81.0, 3.1388355488422115
82.0, 3.143367666295933
83.0, 3.1479250273012016
84.0, 3.1525075223794756
85.0, 3.1571150420858074
86.0, 3.1617474770172804
87.0, 3.1664047178213304
88.0, 3.1710866552039545
89.0, 3.1757931799377936
90.0, 3.1805240697858705
91.0, 3.185279327602789
92.0, 3.190058844416292
93.0, 3.194862511351947
94.0, 3.199690219640655
95.0, 3.204541860626037
96.0, 3.2094173257717102
97.0, 3.214316506668443
98.0, 3.219239295041195
99.0, 3.224185582756051
100.0, 3.229155261827023
101.0, 3.229155261827023
102.0, 3.229155261827023
103.0, 3.229155261827023
104.0, 3.229155261827023
105.0, 3.229155261827023
106.0, 3.229155261827023
107.0, 3.229155261827023
108.0, 3.229155261827023
109.0, 3.229155261827023
110.0, 3.229155261827023
111.0, 3.229155261827023
112.0, 3.229155261827023
113.0, 3.229155261827023
114.0, 3.229155261827023
115.0, 3.229155261827023
116.0, 3.229155261827023
117.0, 3.229155261827023
118.0, 3.229155261827023
119.0, 3.229155261827023
120.0, 3.229155261827023
121.0, 3.229155261827023
122.0, 3.229155261827023
123.0, 3.229155261827023
124.0, 3.229155261827023
125.0, 3.229155261827023
126.0, 3.229155261827023
127.0, 3.229155261827023
128.0, 3.229155261827023
129.0, 3.229155261827023
130.0, 3.229155261827023
131.0, 3.224185582756051
132.0, 3.219239295041195
133.0, 3.214316506668443
134.0, 3.2094173257717102
135.0, 3.204541860626037
136.0, 3.199690219640655
137.0, 3.194862511351947
138.0, 3.190058844416292
139.0, 3.185279327602789
140.0, 3.1805240697858705
141.0, 3.1757931799377936
142.0, 3.1710866552039545
143.0, 3.1715269731258733
144.0, 3.1668772651697314
145.0, 3.1622523449573494
146.0, 3.157652321406358
147.0, 3.1530773034819575
148.0, 3.148527400188622
149.0, 3.144002720561699
150.0, 3.139503373658896
151.0, 3.0536132279898576
152.0, 2.9679586108885
153.0, 2.8825604646240928
154.0, 2.797442335587718
155.0, 2.7126305834228503
156.0, 2.628154869059556
157.0, 2.5440486673528557
158.0, 2.460349873578179
159.0, 2.377101523164379
160.0, 2.294352648330807
161.0, 2.212159300509956
162.0, 2.1305857737300173
163.0, 2.049706071627517
164.0, 1.9696056695111854
165.0, 1.8903836327932049
166.0, 1.8121551637076205
167.0, 1.8098457661794818
168.0, 1.73634103936597
169.0, 1.664506712398627
170.0, 1.5945682906216891
171.0, 1.5267863368837071
172.0, 1.4614609302803365
173.0, 1.3989362495051259
174.0, 1.3988854256458443
175.0, 1.3451867086905789
176.0, 1.2956589830532668
177.0, 1.2967880057978882
178.0, 1.297993094261784
179.0, 1.2992740367900357
180.0, 1.300630609265155
181.0, 1.283830985630739
182.0, 1.285955651919022
183.0, 1.2881544499378703
184.0, 1.2904270007413732
185.0, 1.2927729153820455
186.0, 1.2951917952194525
187.0, 1.2976832322325667
188.0, 1.2529189454600687
189.0, 1.2560643163848326
190.0, 1.211083502650085
191.0, 1.171185689106326
192.0, 1.136906223642238
193.0, 1.1087663321720156
194.0, 1.0872428304535509
195.0, 1.0727340492404664
196.0, 1.0655265756609644
197.0, 1.0657685496825515
198.0, 1.0734549336408359
199.0, 1.0884280236359174
200.0, 1.1103930861307
201.0, 1.1389456632475785
202.0, 1.1736050515172503
203.0, 1.2138482545507419
204.0, 1.2591399954801266
205.0, 1.3089563195050617
206.0, 1.362801137194828
207.0, 1.4202163242687817
208.0, 1.4807866324735233
209.0, 1.5441408190698673
210.0, 1.6099502670380779
211.0, 1.6779260599322943
212.0, 1.747815543098213
213.0, 1.757467290272875
214.0, 1.8242507107399863
215.0, 1.8928231216836744
216.0, 1.9023175198463498
217.0, 1.911817075926403
218.0, 1.9213217134172444
219.0, 1.9308313572781928
220.0, 1.9403459339005242
221.0, 1.9498653710744303
222.0, 1.9593895979568565
223.0, 1.9689185450401994
224.0, 1.9784521441218335
225.0, 1.987990328274441
226.0, 1.997533031817131
227.0, 2.007080190287308
228.0, 2.0166317404132843
229.0, 2.0261876200876032
230.0, 2.035747768341058
231.0, 2.035747768341058
232.0, 2.035747768341058
233.0, 2.035747768341058
234.0, 2.035747768341058
235.0, 2.035747768341058
236.0, 2.035747768341058
237.0, 2.035747768341058
238.0, 2.035747768341058
239.0, 2.035747768341058
240.0, 2.035747768341058
241.0, 2.035747768341058
242.0, 2.035747768341058
243.0, 2.035747768341058
244.0, 2.035747768341058
245.0, 2.035747768341058
246.0, 2.035747768341058
247.0, 2.035747768341058
248.0, 2.035747768341058
249.0, 2.035747768341058
250.0, 2.035747768341058
251.0, 2.035747768341058
252.0, 2.035747768341058
253.0, 2.035747768341058
254.0, 2.035747768341058
255.0, 2.035747768341058
256.0, 2.035747768341058
257.0, 2.035747768341058
258.0, 2.035747768341058
259.0, 2.035747768341058
260.0, 2.035747768341058
261.0, 2.0261876200876032
262.0, 2.0166317404132843
263.0, 2.007080190287308
264.0, 1.997533031817131
265.0, 1.987990328274441
266.0, 1.9784521441218335
267.0, 1.9689185450401994
268.0, 1.9593895979568565
269.0, 1.9498653710744303
270.0, 1.9403459339005242
271.0, 1.9308313572781928
272.0, 1.9213217134172444
273.0, 1.911817075926403
274.0, 1.9023175198463498
275.0, 1.8928231216836744
276.0, 1.8833339594457674
277.0, 1.873850112676676
278.0, 1.864371662493959
279.0, 1.8548986916265708
280.0, 1.845431284453804
281.0, 1.8359695270453298
282.0, 1.8265135072023586
ee_dist
0.0, 1.48592572426715
1.0, 1.5506316339636355
2.0, 1.6615496018870923
3.0, 1.7550649060768748
4.0, 1.7874328487960067
5.0, 1.8132999108094148
6.0, 1.8453714810342872
7.0, 1.8784941496023455
8.0, 1.9131761518242494
9.0, 1.9461562464491728
10.0, 1.9833217699548054
11.0, 2.0168957011897346
12.0, 2.0471871010796066
13.0, 2.082623659026206
14.0, 2.1084766568967614
15.0, 2.1349414566381695
16.0, 2.159889410163991
17.0, 2.187338425600384
18.0, 2.2087459173430593
19.0, 2.2279850991087953
20.0, 2.2472002403338354
21.0, 2.2169472203686933
22.0, 2.1752867534439977
23.0, 2.1304032371796175
24.0, 2.0818725354739263
25.0, 2.0299970500212883
26.0, 1.974943173592087
27.0, 1.9170782551994192
28.0, 1.8566399220919216
29.0, 1.7941152973399206
30.0, 1.7298405057229136
31.0, 1.6644489368325883
32.0, 1.598415405504892
33.0, 1.5325519197078208
34.0, 1.4675277424143445
35.0, 1.4043859602925148
36.0, 1.344061830948269
37.0, 1.2878605227137039
38.0, 1.2369902838331093
39.0, 1.1929004290075373
40.0, 1.1569513222932297
41.0, 1.1571616155110847
42.0, 1.0301503089694242
43.0, 0.7385404029662082
44.0, 0.6913549770505364
45.0, 0.6438339754812763
46.0, 0.5960139763750398
47.0, 0.5478848671387773
48.0, 0.5004932267548925
49.0, 0.4544813124634332
50.0, 0.4115744826457957
51.0, 0.3739336377339087
52.0, 0.3440534466907865
53.0, 0.3241340028265812
54.0, 0.316730920085234
55.0, 0.32295136370141464
56.0, 0.34263077932880925
57.0, 0.3732151773083393
58.0, 0.3453263865552052
59.0, 0.3000528313758338
60.0, 0.2681015067718735
61.0, 0.2646619528931493
62.0, 0.29789031492401935
63.0, 0.3574074840045385
64.0, 0.4268523377758384
65.0, 0.4888000437339644
66.0, 0.5483639251754181
67.0, 0.6072753126945691
68.0, 0.6599987480815434
69.0, 0.7107733898165803
70.0, 0.7599349239055295
71.0, 0.8074340768088669
72.0, 0.8547293515164295
73.0, 0.9096081908977377
74.0, 0.9688385239735697
75.0, 1.0395278932006218
76.0, 1.1199458819542598
77.0, 1.210320587788462
78.0, 1.3061839466555942
79.0, 1.402588861450039
80.0, 1.4948237143527863
81.0, 1.573474138173814
82.0, 1.6383145936909205
83.0, 1.7027175640969872
84.0, 1.7635920488315
85.0, 1.8229812173188222
86.0, 1.8809893950341092
87.0, 1.9442895336701143
88.0, 2.007810203520489
89.0, 2.0733650593784225
90.0, 2.145356771948343
91.0, 2.228004554678971
92.0, 2.3193927403203447
93.0, 2.42267572298289
94.0, 2.5280623018523762
95.0, 2.636220052526125
96.0, 2.73485411261576
97.0, 2.823505312195296
98.0, 2.898788195673747
99.0, 2.9644446522741648
100.0, 3.033436988952233
101.0, 3.0984961691729325
102.0, 3.159890093187286
103.0, 3.223402901438633
104.0, 3.271634725085601
105.0, 3.3481985423876
106.0, 3.424963252674546
107.0, 3.5094107743775718
108.0, 3.5949553928619498
109.0, 3.7006656183600506
110.0, 3.8033995856563867
111.0, 3.913922499239115
112.0, 4.0127721159825445
113.0, 4.109468246297646
114.0, 4.172442882628661
115.0, 4.247603426250929
116.0, 4.320358626009461
117.0, 4.385962680113311
118.0, 4.447257720945595
119.0, 4.512070338816609
120.0, 4.572154594680144
121.0, 4.642180858525394
122.0, 4.713987623662445
123.0, 4.792784981805248
124.0, 4.880759640267295
125.0, 4.928268549861151
126.0, 4.97241288515803
127.0, 5.019433674646113
128.0, 5.062475677668223
129.0, 5.107806800157945
130.0, 5.148598224075048
131.0, 5.191145177140214
132.0, 5.228648439922556
133.0, 5.267428635209383
134.0, 5.3007275108045055
135.0, 5.334886895285151
136.0, 5.363195511259109
137.0, 5.392014356114395
138.0, 5.414681958289785
139.0, 5.437575667146723
140.0, 5.454088751704576
141.0, 5.470610376419095
142.0, 5.480591507983439
143.0, 4.55123058247681
144.0, 4.538458841787444
145.0, 4.52648169781157
146.0, 4.5212310208978606
147.0, 4.529003506591001
148.0, 4.517957815515359
149.0, 4.522923093163564
150.0, 4.532945921856553
151.0, 4.4506022293863845
152.0, 4.371043222668348
153.0, 4.288886445105353
154.0, 4.209509255676113
155.0, 4.127564678912244
156.0, 4.048391192504572
157.0, 3.9666848950188953
158.0, 3.88774109913812
159.0, 3.8063031340559874
160.0, 3.727619468123532
161.0, 3.6464852204891276
162.0, 3.568097099189505
163.0, 3.487308216549995
164.0, 3.4092586998683574
165.0, 3.3288646657588865
166.0, 3.2512039129120143
167.0, 3.2662719023989553
168.0, 3.1917448368978594
169.0, 3.1152752106626758
170.0, 3.0415263202696887
171.0, 2.965953874384345
172.0, 2.893110053507343
173.0, 2.818577793418982
174.0, 2.8421611414955006
175.0, 2.7725600952150753
176.0, 2.7057227668738384
177.0, 2.7317653709646894
178.0, 2.762405518131037
179.0, 2.794221718535274
180.0, 2.8295478903215723
181.0, 2.785153916422844
182.0, 2.750287423904385
183.0, 2.716517622086148
184.0, 2.6866596232555096
185.0, 2.6580411165026914
186.0, 2.634380275626023
187.0, 2.61208092968649
188.0, 2.5388685453594553
189.0, 2.519579631366211
190.0, 2.4435255403293725
191.0, 2.3655696324835924
192.0, 2.290356125337845
193.0, 2.2133973284433774
194.0, 2.1392054489417247
195.0, 2.063465860316322
196.0, 1.9905336547208567
197.0, 1.916301263250425
198.0, 1.8449401237125016
199.0, 1.7725928066233558
200.0, 1.7032144504494833
201.0, 1.6332530533766203
202.0, 1.5664068501092123
203.0, 1.4995003722402798
204.0, 1.4359237192942007
205.0, 1.3729685896068116
206.0, 1.313651479965314
207.0, 1.2558422199697674
208.0, 1.2020972045608806
209.0, 1.1509961627146137
210.0, 1.1045138139258592
211.0, 1.0620735395547873
212.0, 1.0248996541855309
213.0, 0.987392984964608
214.0, 0.9481886180623262
215.0, 0.9149354982222984
216.0, 0.8764614783277485
217.0, 0.8399455147921134
218.0, 0.8061249067824985
219.0, 0.7748433512827977
220.0, 0.7479624072363343
221.0, 0.7243285742993596
222.0, 0.7067691806772071
223.0, 0.6931224267948615
224.0, 0.686819613192549
225.0, 0.6847681976168475
226.0, 0.6905191872122886
227.0, 0.7003118546732107
228.0, 0.7174010151295992
229.0, 0.7165128717818969
230.0, 0.7174409550098818
231.0, 0.7165012215562798
232.0, 0.7174419405708374
233.0, 0.7165012215562798
234.0, 0.7174419405708374
235.0, 0.7165012215562798
236.0, 0.7174424111168295
237.0, 0.7165012215562798
238.0, 0.7174424111168295
239.0, 0.7165012215562798
240.0, 0.7174419405708374
241.0, 0.7165012215562798
242.0, 0.7174424111168295
243.0, 0.7516922770731714
244.0, 0.7723413848490805
245.0, 0.7974657264408779
246.0, 0.8263851025163825
247.0, 0.8585222891842194
248.0, 0.8912970808752473
249.0, 0.9239039741616408
250.0, 0.9566852467316533
251.0, 0.9892962482897883
252.0, 1.0217991318544355
253.0, 1.0533483135940203
254.0, 1.0843791655439534
255.0, 1.1138885947987698
256.0, 1.1426148034005157
257.0, 1.1696397619118573
258.0, 1.1963275966618379
259.0, 1.2206673852582357
260.0, 1.2448197715257547
261.0, 1.2665073751678584
262.0, 1.2883098253882532
263.0, 1.2641319913512319
264.0, 1.2303931789874143
265.0, 1.194859974456748
266.0, 1.1570071820095849
267.0, 1.117172095234947
268.0, 1.0752604829027834
269.0, 1.0316504101218977
270.0, 0.9862411059841765
271.0, 0.9394952644533485
272.0, 0.8913218668196125
273.0, 0.8422851584500829
274.0, 0.792364141997643
275.0, 0.7421275404994827
276.0, 0.6839448096515598
277.0, 0.6325153123221514
278.0, 0.5817532717635436
279.0, 0.5297402504334964
280.0, 0.48296069706002015
281.0, 0.44477031873077333
282.0, 0.38030517929674956
ee_box_dist
0.0, 0.5575707657653017
1.0, 0.613147673732866
2.0, 0.643669054619358
3.0, 0.6829850393465733
4.0, 0.7215914679964378
5.0, 0.7593088885288988
6.0, 0.7975661661888243
7.0, 0.8340325932988084
8.0, 0.8685607790639858
9.0, 0.900194600470691
10.0, 0.9347090773206512
11.0, 0.9650106462915947
12.0, 0.9915569962529335
13.0, 1.0227306984263254
14.0, 1.0446581099994867
15.0, 1.0670897416995868
16.0, 1.087893334531548
17.0, 1.1110065797595232
18.0, 1.1287440578766348
19.0, 1.144483369467692
20.0, 1.1602823450134405
21.0, 1.140379148687529
22.0, 1.113082159030544
23.0, 1.0831585098920848
24.0, 1.0502245846078708
25.0, 1.0144508344242587
26.0, 0.975809033946529
27.0, 0.9344916322371827
28.0, 0.890465109428312
29.0, 0.8439590515063428
30.0, 0.7949369833414888
31.0, 0.7436717544690897
32.0, 0.690129642136158
33.0, 0.6346395843258325
34.0, 0.5771889868807135
35.0, 0.5181480599378655
36.0, 0.4575145840365608
37.0, 0.3956942501024078
38.0, 0.33285253714289836
39.0, 0.2697110973060497
40.0, 0.2070390363503972
41.0, 0.08025340332550794
42.0, 0.08290185061703789
43.0, 0.08302858005835495
44.0, 0.08297737647886301
45.0, 0.08303003543992653
46.0, 0.08298390890810392
47.0, 0.08302941075315312
48.0, 0.08298907921650843
49.0, 0.0830283848402698
50.0, 0.08299337014618302
51.0, 0.083026937355386
52.0, 0.08299690502761438
53.0, 0.08302512434587032
54.0, 0.08299957313525068
55.0, 0.08302304637147413
56.0, 0.08300183401483063
57.0, 0.08302113659597535
58.0, 0.08300334757409635
59.0, 0.08301914034402252
60.0, 0.08300442208645396
61.0, 0.08301652575015882
62.0, 0.08300543362170287
63.0, 0.08301432413965845
64.0, 0.0830060165454796
65.0, 0.08301189314713141
66.0, 0.08300621814745793
67.0, 0.08300971760762513
68.0, 0.08300652312720055
69.0, 0.08300776516162187
70.0, 0.0830072087140388
71.0, 0.08300631042526495
72.0, 0.08300774806720271
73.0, 0.08300545931468016
74.0, 0.08300897415448678
75.0, 0.08287827695371337
76.0, 0.08287461759290031
77.0, 0.08288179025309857
78.0, 0.08287002440085987
79.0, 0.08300042013706797
80.0, 0.08289021255789378
81.0, 0.08300469077666964
82.0, 0.08301681612046419
83.0, 0.08301093722363437
84.0, 0.083021502123258
85.0, 0.0828890278951127
86.0, 0.08295265372114524
87.0, 0.08408533302638316
88.0, 0.08406532755700946
89.0, 0.0893825014550791
90.0, 0.08777916166825118
91.0, 0.0849495829131736
92.0, 0.09085869044554702
93.0, 0.1300000646487443
94.0, 0.1321562390960741
95.0, 0.13545972844928006
96.0, 0.08984386936584106
97.0, 0.0954575123810833
98.0, 0.08471041421000104
99.0, 0.10153475656473884
100.0, 0.12717418493617483
101.0, 0.13520503749653479
102.0, 0.13240836912571424
103.0, 0.13546909827273204
104.0, 0.08763102211323114
105.0, 0.08973235089146456
106.0, 0.08358850482907076
107.0, 0.09809273327856242
108.0, 0.09397078322844088
109.0, 0.08918470578002828
110.0, 0.12730855025846483
111.0, 0.13518761527908651
112.0, 0.09538876549667367
113.0, 0.12720887033503056
114.0, 0.08907017355850354
115.0, 0.09170046743866077
116.0, 0.1287302067832262
117.0, 0.1353263355447071
118.0, 0.13241431619622226
119.0, 0.13546904714145772
120.0, 0.13241727448142981
121.0, 0.13546915035242357
122.0, 0.1324172698708122
123.0, 0.13546904179542116
124.0, 0.1324172698708122
125.0, 0.13546904179542116
126.0, 0.1324172698708122
127.0, 0.13546904179542116
128.0, 0.1324172698708122
129.0, 0.13546904179542116
130.0, 0.1324172698708122
131.0, 0.13546904179542116
132.0, 0.1324172698708122
133.0, 0.13546904179542116
134.0, 0.1324172698708122
135.0, 0.13546904179542116
136.0, 0.1324172698708122
137.0, 0.13546904179542116
138.0, 0.1324172698708122
139.0, 0.13546909607391688
140.0, 0.1324172698708122
141.0, 0.13546904179542116
142.0, 0.1324172698708122
143.0, 0.13065616103187125
144.0, 0.1284837542012346
145.0, 0.13079383013751347
146.0, 0.12848556791476876
147.0, 0.08616146719033478
148.0, 0.12577107786547073
149.0, 0.13077786902023444
150.0, 0.12848936009990058
151.0, 0.13079203115663227
152.0, 0.1284847825002128
153.0, 0.13079213506784573
154.0, 0.1284849481437365
155.0, 0.13079195864325022
156.0, 0.12848490005476915
157.0, 0.13079195864325022
158.0, 0.12848490005476915
159.0, 0.13079195864325022
160.0, 0.1284849481437365
161.0, 0.13079194826091942
162.0, 0.1284848893664523
163.0, 0.1307919794082353
164.0, 0.1284848679901478
165.0, 0.1307919794082353
166.0, 0.1284848679901478
167.0, 0.13079201299533152
168.0, 0.12848467757431217
169.0, 0.13079192077833257
170.0, 0.12848450858223237
171.0, 0.13079192077833257
172.0, 0.12848450858223237
173.0, 0.13079186197011847
174.0, 0.12848462277788528
175.0, 0.13079203742080378
176.0, 0.12848455848570156
177.0, 0.13079169486895853
178.0, 0.12848437876217775
179.0, 0.13079184891893633
180.0, 0.1284845345826023
181.0, 0.1307921747191469
182.0, 0.1284843997019001
183.0, 0.130791857122196
184.0, 0.12848440329227706
185.0, 0.13079181796270906
186.0, 0.1284845501049762
187.0, 0.13079208595790615
188.0, 0.1284846932334438
189.0, 0.1307919663702254
190.0, 0.12848499584587877
191.0, 0.13079236940470532
192.0, 0.12848500319214468
193.0, 0.130792251788301
194.0, 0.12848500319214468
195.0, 0.130792251788301
196.0, 0.12848497583740842
197.0, 0.13079219298009995
198.0, 0.12848485828275552
199.0, 0.130792251788301
200.0, 0.12848482686012103
201.0, 0.13079219298009995
202.0, 0.12848485828275552
203.0, 0.13079219298009995
204.0, 0.12848485828275552
205.0, 0.13079222836268573
206.0, 0.12848475463499476
207.0, 0.13079222836268573
208.0, 0.1284847860576469
209.0, 0.13079222836268573
210.0, 0.12848496238972654
211.0, 0.13079227521434672
212.0, 0.12848480278464103
213.0, 0.13079192159236985
214.0, 0.12848514730352115
215.0, 0.1307924492768836
216.0, 0.1284853222826937
217.0, 0.13079296599476853
218.0, 0.12848580132017756
219.0, 0.13079345073068036
220.0, 0.12848662358907062
221.0, 0.13079399110628223
222.0, 0.12848670181528252
223.0, 0.1307945853295691
224.0, 0.1284867652031235
225.0, 0.13079439141321242
226.0, 0.12848618226823927
227.0, 0.1307940864587406
228.0, 0.1284858804899973
229.0, 0.1353652980730671
230.0, 0.13241503063853652
231.0, 0.13547047046561173
232.0, 0.13241751729852674
233.0, 0.13547052928583167
234.0, 0.13241751729852674
235.0, 0.13547058810605234
236.0, 0.13241744148782938
237.0, 0.13547058810605234
238.0, 0.13241744148782938
239.0, 0.13547052928583167
240.0, 0.13241751729852674
241.0, 0.13547058810605234
242.0, 0.13241744148782938
243.0, 0.08551789628130156
244.0, 0.08447234958633525
245.0, 0.08454689897658048
246.0, 0.08434259029483235
247.0, 0.08440634764567441
248.0, 0.0823131564276531
249.0, 0.07919224631246483
250.0, 0.0764493484331004
251.0, 0.07341684340379473
252.0, 0.0714496268486072
253.0, 0.06839570139396732
254.0, 0.06693959963250953
255.0, 0.06381418726099475
256.0, 0.06280762232580783
257.0, 0.059710732553334436
258.0, 0.05927470550633063
259.0, 0.05607820963838501
260.0, 0.05607726486984017
261.0, 0.052940742503420145
262.0, 0.053335254042087034
263.0, 0.07901662626676324
264.0, 0.079990684574196
265.0, 0.08021940093722325
266.0, 0.08060516821275926
267.0, 0.08079554932624629
268.0, 0.08114082793428894
269.0, 0.08129877213690202
270.0, 0.08159355852751116
271.0, 0.08170786283021007
272.0, 0.08194392984224527
273.0, 0.0820072341229213
274.0, 0.08218384973265178
275.0, 0.08218546370343466
276.0, 0.08191650807094414
277.0, 0.08221782147409432
278.0, 0.08227365051949301
279.0, 0.08215535730836329
280.0, 0.08210676023526996
281.0, 0.08362912389854653
282.0, 0.08266200017256704
spot_hold
0, 0
1, 0
2, 0
3, 0
4, 0
5, 0
6, 0
7, 0
8, 0
9, 0
10, 0
11, 0
12, 0
13, 0
14, 0
15, 0
16, 0
17, 0
18, 0
19, 0
20, 0
21, 0
22, 0
23, 0
24, 0
25, 0
26, 0
27, 0
28, 0
29, 0
30, 0
31, 0
32, 0
33, 0
34, 0
35, 0
36, 0
37, 0
38, 0
39, 0
40, 0
41, 1
42, 1
43, 1
44, 1
45, 1
46, 1
47, 1
48, 1
49, 1
50, 1
51, 1
52, 1
53, 1
54, 1
55, 1
56, 1
57, 1
58, 1
59, 1
60, 1
61, 1
62, 1
63, 1
64, 1
65, 1
66, 1
67, 1
68, 1
69, 1
70, 1
71, 1
72, 1
73, 1
74, 1
75, 1
76, 1
77, 1
78, 1
79, 1
80, 1
81, 1
82, 1
83, 1
84, 1
85, 1
86, 1
87, 1
88, 1
89, 1
90, 1
91, 1
92, 1
93, 1
94, 1
95, 1
96, 1
97, 1
98, 1
99, 1
100, 1
101, 1
102, 1
103, 1
104, 1
105, 1
106, 1
107, 1
108, 1
109, 1
110, 1
111, 1
112, 1
113, 1
114, 1
115, 1
116, 1
117, 1
118, 1
119, 1
120, 1
121, 1
122, 1
123, 1
124, 1
125, 1
126, 1
127, 1
128, 1
129, 1
130, 1
131, 1
132, 1
133, 1
134, 1
135, 1
136, 1
137, 1
138, 1
139, 1
140, 1
141, 1
142, 1
143, 1
144, 1
145, 1
146, 1
147, 1
148, 1
149, 1
150, 1
151, 1
152, 1
153, 1
154, 1
155, 1
156, 1
157, 1
158, 1
159, 1
160, 1
161, 1
162, 1
163, 1
164, 1
165, 1
166, 1
167, 1
168, 1
169, 1
170, 1
171, 1
172, 1
173, 1
174, 1
175, 1
176, 1
177, 1
178, 1
179, 1
180, 1
181, 1
182, 1
183, 1
184, 1
185, 1
186, 1
187, 1
188, 1
189, 1
190, 1
191, 1
192, 1
193, 1
194, 1
195, 1
196, 1
197, 1
198, 1
199, 1
200, 1
201, 1
202, 1
203, 1
204, 1
205, 1
206, 1
207, 1
208, 1
209, 1
210, 1
211, 1
212, 1
213, 1
214, 1
215, 1
216, 1
217, 1
218, 1
219, 1
220, 1
221, 1
222, 1
223, 1
224, 1
225, 1
226, 1
227, 1
228, 1
229, 1
230, 1
231, 1
232, 1
233, 1
234, 1
235, 1
236, 1
237, 1
238, 1
239, 1
240, 1
241, 1
242, 1
243, 1
244, 1
245, 1
246, 1
247, 1
248, 1
249, 1
250, 1
251, 1
252, 1
253, 1
254, 1
255, 1
256, 1
257, 1
258, 1
259, 1
260, 1
261, 1
262, 1
263, 1
264, 1
265, 1
266, 1
267, 1
268, 1
269, 1
270, 1
271, 1
272, 1
273, 1
274, 1
275, 1
276, 1
277, 1
278, 1
279, 1
280, 1
281, 1
282, 1
