bot_dist
0.0, 3.3367828852120835
1.0, 3.342232698008742
2.0, 3.347703510147193
3.0, 3.353195218844769
4.0, 3.358707721599712
5.0, 3.3642409161952367
6.0, 3.369794700703492
7.0, 3.375368973489422
8.0, 3.3809636332145407
9.0, 3.3865785788406018
10.0, 3.392213709633183
11.0, 3.3978689251651746
12.0, 3.403544125320178
13.0, 3.409239210295807
14.0, 3.4149540806069107
15.0, 3.420688637088698
16.0, 3.426442780899779
17.0, 3.4322164135251167
18.0, 3.438009436778897
19.0, 3.44382175280731
20.0, 3.4496532640912494
21.0, 3.4555038734489267
22.0, 3.461373484038409
23.0, 3.467261999360069
24.0, 3.473169323258959
25.0, 3.47909535992711
26.0, 3.485040013905741
27.0, 3.491003190087404
28.0, 3.4969847937180503
29.0, 3.502984730399013
30.0, 3.509002906088929
31.0, 3.5150392271055777
32.0, 3.521093600127656
33.0, 3.5271659321964757
34.0, 3.533256130717592
35.0, 3.5393641034623724
36.0, 3.5454897585694827
37.0, 3.5516330045463174
38.0, 3.557793750270362
39.0, 3.5639719049904874
40.0, 3.5701673783281827
41.0, 3.5763800802787253
42.0, 3.5826099212122897
43.0, 3.588856811874991
44.0, 3.5951206633898747
45.0, 3.6014013872578423
46.0, 3.6076988953585216
47.0, 3.6140130999510807
48.0, 3.620343913674979
49.0, 3.626691249550676
50.0, 3.6330550209802706
51.0, 3.6394351417480975
52.0, 3.6458315260212673
53.0, 3.6522440883501566
54.0, 3.658672743668842
55.0, 3.6651174072954964
56.0, 3.671577994932717
57.0, 3.6780544226678287
58.0, 3.6845466069731194
59.0, 3.691054464706043
60.0, 3.6975779131093676
61.0, 3.7041168698112874
62.0, 3.7106712528254837
63.0, 3.717240980551147
64.0, 3.7238259717729547
65.0, 3.730426145661009
66.0, 3.737041421770737
67.0, 3.7436717200427414
68.0, 3.7503169608026248
69.0, 3.7569770647607665
70.0, 3.763651953012067
71.0, 3.7703415470356516
72.0, 3.777045768694546
73.0, 3.783764540235304
74.0, 3.790497784287616
75.0, 3.797245423863869
76.0, 3.804007382358688
77.0, 3.810783583548432
78.0, 3.8175739515906684
79.0, 3.824378411023612
80.0, 3.8311968867655324
81.0, 3.8380293041141385
82.0, 3.844875588745928
83.0, 3.8517356667155083
84.0, 3.8586094644548967
85.0, 3.8654969087727884
86.0, 3.8723979268537976
87.0, 3.879312446257677
88.0, 3.886240394918512
89.0, 3.893181701143884
90.0, 3.9001362936140214
91.0, 3.907104101380916
92.0, 3.9140850538674243
93.0, 3.9210790808663476
94.0, 3.9280861125394813
95.0, 3.9351060794166544
96.0, 3.942138912394745
97.0, 3.949184542736673
98.0, 3.956242902070377
99.0, 3.9633139223877705
100.0, 3.970397536043686
101.0, 3.970397536043686
102.0, 3.970397536043686
103.0, 3.970397536043686
104.0, 3.970397536043686
105.0, 3.970397536043686
106.0, 3.970397536043686
107.0, 3.970397536043686
108.0, 3.970397536043686
109.0, 3.970397536043686
110.0, 3.970397536043686
111.0, 3.970397536043686
112.0, 3.970397536043686
113.0, 3.970397536043686
114.0, 3.970397536043686
115.0, 3.970397536043686
116.0, 3.970397536043686
117.0, 3.970397536043686
118.0, 3.970397536043686
119.0, 3.970397536043686
120.0, 3.970397536043686
121.0, 3.970397536043686
122.0, 3.970397536043686
123.0, 3.970397536043686
124.0, 3.970397536043686
125.0, 3.970397536043686
126.0, 3.970397536043686
127.0, 3.970397536043686
128.0, 3.970397536043686
129.0, 3.970397536043686
130.0, 3.970397536043686
131.0, 3.9633139223877705
132.0, 3.956242902070377
133.0, 3.949184542736673
134.0, 3.942138912394745
135.0, 3.9351060794166544
136.0, 3.9280861125394813
137.0, 3.9210790808663476
138.0, 3.9140850538674243
139.0, 3.907104101380916
140.0, 3.9001362936140214
141.0, 3.893181701143884
142.0, 3.886240394918512
143.0, 3.883494503654345
144.0, 3.8765874436320114
145.0, 3.8696938969323873
146.0, 3.8628139359027744
147.0, 3.8559476332637277
148.0, 3.849095062109811
149.0, 3.8422562959103397
150.0, 3.8354314085100896
151.0, 3.745666525029919
152.0, 3.655906664864023
153.0, 3.5661521638046683
154.0, 3.476403483824645
155.0, 3.3866610877109364
156.0, 3.296925488604587
157.0, 3.2071972570351264
158.0, 3.117477029167106
159.0, 3.0277655165093895
160.0, 2.9380635173988416
161.0, 2.8483719306482103
162.0, 2.758691771848941
163.0, 2.6690241929509306
164.0, 2.5793705059133245
165.0, 2.4897322114479765
166.0, 2.400111034180623
167.0, 2.3933324257896063
168.0, 2.303492031225094
169.0, 2.213701604722039
170.0, 2.1239672867132033
171.0, 2.0342965021732344
172.0, 1.9446980397810245
173.0, 1.8551823782446715
174.0, 1.8486294909950987
175.0, 1.759833392368839
176.0, 1.6712732111740414
177.0, 1.6649181736793708
178.0, 1.658599078537741
179.0, 1.6523163381214758
180.0, 1.6460703687080378
181.0, 1.5675027212850294
182.0, 1.561536449490059
183.0, 1.5556115789471994
184.0, 1.5497285845081736
185.0, 1.543887944880504
186.0, 1.538090142570167
187.0, 1.5323356638198486
188.0, 1.4440519724519005
189.0, 1.4384189423124893
190.0, 1.35020754513043
191.0, 1.2621407538928828
192.0, 1.174250940811365
193.0, 1.0865810522019907
194.0, 0.9991889789530929
195.0, 0.9121545756982156
196.0, 0.8255909676843538
197.0, 0.7396634663992216
198.0, 0.6546226109586852
199.0, 0.5708647858117966
200.0, 0.48904965620114627
201.0, 0.41034089539052665
202.0, 0.3369226265454245
203.0, 0.27309555795648666
204.0, 0.2270960874207011
205.0, 0.2109293808765042
206.0, 0.2309478212952631
207.0, 0.27948114472007035
208.0, 0.3446877514446688
209.0, 0.41885164842322314
210.0, 0.4979868295714754
211.0, 0.5800620787022372
212.0, 0.6639882561748496
213.0, 0.671254829841581
214.0, 0.7543961626343303
215.0, 0.8386497369011199
216.0, 0.8457165183057797
217.0, 0.8528420000707709
218.0, 0.860024723163646
219.0, 0.8672632653578899
220.0, 0.8745562406410944
221.0, 0.8819022985954105
222.0, 0.8893001237546206
223.0, 0.8967484349418343
224.0, 0.9042459845914745
225.0, 0.9117915580589194
226.0, 0.9193839729208622
227.0, 0.9270220782691833
228.0, 0.934704754000863
229.0, 0.942430910106222
230.0, 0.9501994859575544
231.0, 0.9501994859575544
232.0, 0.9501994859575544
233.0, 0.9501994859575544
234.0, 0.9501994859575544
235.0, 0.9501994859575544
236.0, 0.9501994859575544
237.0, 0.9501994859575544
238.0, 0.9501994859575544
239.0, 0.9501994859575544
240.0, 0.9501994859575544
241.0, 0.9501994859575544
242.0, 0.9501994859575544
243.0, 0.9501994859575544
244.0, 0.9501994859575544
245.0, 0.9501994859575544
246.0, 0.9501994859575544
247.0, 0.9501994859575544
248.0, 0.9501994859575544
249.0, 0.9501994859575544
250.0, 0.9501994859575544
251.0, 0.9501994859575544
252.0, 0.9501994859575544
253.0, 0.9501994859575544
254.0, 0.9501994859575544
255.0, 0.9501994859575544
256.0, 0.9501994859575544
257.0, 0.9501994859575544
258.0, 0.9501994859575544
259.0, 0.9501994859575544
260.0, 0.9501994859575544
261.0, 0.942430910106222
262.0, 0.934704754000863
263.0, 0.9270220782691833
264.0, 0.9193839729208622
265.0, 0.9117915580589194
266.0, 0.9042459845914745
267.0, 0.8967484349418343
268.0, 0.8893001237546206
269.0, 0.8819022985954105
270.0, 0.8745562406410944
271.0, 0.8672632653578899
272.0, 0.860024723163646
273.0, 0.8528420000707709
274.0, 0.8457165183057797
275.0, 0.8386497369011199
276.0, 0.8316431522545688
277.0, 0.8246982986511154
278.0, 0.8178167487418581
279.0, 0.8110001139740319
280.0, 0.8042500449658755
281.0, 0.7975682318196126
282.0, 0.790956404365401
ee_dist
0.0, 0.8873614610079608
1.0, 0.8901893962367635
2.0, 0.9643314029297392
3.0, 1.0395920830832404
4.0, 1.0654753979046157
5.0, 1.0906506585864553
6.0, 1.125656066187286
7.0, 1.1621339037949532
8.0, 1.1986408793378769
9.0, 1.2402936916833316
10.0, 1.277022939178678
11.0, 1.3112084391888543
12.0, 1.3440019454834875
13.0, 1.3743327217762011
14.0, 1.4029089008024858
15.0, 1.4284549084008829
16.0, 1.4531125434289782
17.0, 1.4747656828896174
18.0, 1.4960606264932983
19.0, 1.5143310262832832
20.0, 1.5328125566655066
21.0, 1.508967442867264
22.0, 1.4752888561015152
23.0, 1.4386599851598236
24.0, 1.3986004350382395
25.0, 1.355289855555204
26.0, 1.3086923120701444
27.0, 1.2591295052520681
28.0, 1.2065265005310672
29.0, 1.1511941375555974
30.0, 1.0931888119221644
31.0, 1.0328726685176395
32.0, 0.970359217075354
33.0, 0.9061190122420015
34.0, 0.8403748438337469
35.0, 0.7737982526823326
36.0, 0.7068691032668462
37.0, 0.6406728748909849
38.0, 0.5755761218224393
39.0, 0.5159818657226095
40.0, 0.46160624485857243
41.0, 0.4469839939005156
42.0, 0.6959610230615765
43.0, 1.2257696900448127
44.0, 1.1858315273517832
45.0, 1.145068800315493
46.0, 1.100965050048451
47.0, 1.055393070585808
48.0, 1.0068420464021006
49.0, 0.9565247279425415
50.0, 0.9041535930636936
51.0, 0.8506628525570737
52.0, 0.7960354189777811
53.0, 0.7404179799377459
54.0, 0.6839116464365651
55.0, 0.6266517083887756
56.0, 0.5695317472790129
57.0, 0.5127168352745224
58.0, 0.5665121292384145
59.0, 0.6420419166795911
60.0, 0.7263390777555083
61.0, 0.8187843799590778
62.0, 0.9138683956102215
63.0, 1.006428881427278
64.0, 1.0925803933911047
65.0, 1.158862241995711
66.0, 1.2147903354225977
67.0, 1.2718798131138804
68.0, 1.3244019599910575
69.0, 1.376464116083877
70.0, 1.4289608873800543
71.0, 1.479764820019851
72.0, 1.5358478691614392
73.0, 1.597106372658768
74.0, 1.663130106293416
75.0, 1.7401637670070118
76.0, 1.8264189654329128
77.0, 1.9219526639858828
78.0, 2.021659160343306
79.0, 2.120311168024883
80.0, 2.2135893228039496
81.0, 2.291550570242659
82.0, 2.3567145261329814
83.0, 2.4181385154615858
84.0, 2.4775627880617646
85.0, 2.5362202967514067
86.0, 2.5945436941117612
87.0, 2.652775958236034
88.0, 2.690081475122982
89.0, 2.7309357133984533
90.0, 2.771687936312797
91.0, 2.8280488517781572
92.0, 2.9235264503575062
93.0, 3.024350842404614
94.0, 3.132989497820869
95.0, 3.239561118952444
96.0, 3.3422316622775363
97.0, 3.4313409778947914
98.0, 3.5042823248455437
99.0, 3.5707043360962754
100.0, 3.637203976633318
101.0, 3.7000078270586947
102.0, 3.7638963170444812
103.0, 3.825489534437394
104.0, 3.890391611563327
105.0, 3.9591996056983514
106.0, 4.03479428407261
107.0, 4.1152465940392045
108.0, 4.207841375839619
109.0, 4.307161687320111
110.0, 4.414973998436999
111.0, 4.522705438531285
112.0, 4.626894059481138
113.0, 4.720769435625894
114.0, 4.7964702986442616
115.0, 4.868795779709089
116.0, 4.908336150441249
117.0, 4.952647134155864
118.0, 4.997189574297218
119.0, 5.037774253821134
120.0, 5.0788823552476305
121.0, 5.117748001462045
122.0, 5.167185714303288
123.0, 5.187687935927933
124.0, 5.221152653336233
125.0, 5.249154867225847
126.0, 5.276392598474488
127.0, 5.29865812174802
128.0, 5.319821175534517
129.0, 5.335808157815298
130.0, 5.350485180794143
131.0, 5.359847396861937
132.0, 5.367757913322843
133.0, 5.370284705169637
134.0, 5.3712906733832995
135.0, 5.366914217211411
136.0, 5.3610127325667145
137.0, 5.349800891383145
138.0, 5.337131619802544
139.0, 5.319292141688169
140.0, 5.300129708358546
141.0, 5.2760084145957205
142.0, 5.261428578977125
143.0, 4.600626982401246
144.0, 4.58753323501244
145.0, 4.578051210513058
146.0, 4.5701672671559965
147.0, 4.566127216841472
148.0, 4.56373634539664
149.0, 4.565288903166399
150.0, 4.568469155070776
151.0, 4.486564956047453
152.0, 4.403527911527847
153.0, 4.3216875532665835
154.0, 4.238717947547476
155.0, 4.15695264344341
156.0, 4.0740591738895535
157.0, 3.992377992700025
158.0, 3.9095706975166133
159.0, 3.8279844916024213
160.0, 3.7452748227758614
161.0, 3.6637964072104294
162.0, 3.5811982734371166
163.0, 3.499842965036477
164.0, 3.4173718760620586
165.0, 3.3361580838144675
166.0, 3.2538343338752957
167.0, 3.2626462496084625
168.0, 3.1822780497055327
169.0, 3.1032669646370197
170.0, 3.0232795594963973
171.0, 2.9446881877263555
172.0, 2.865152811752602
173.0, 2.7870536860943886
174.0, 2.7988706564621517
175.0, 2.724018091571813
176.0, 2.648479155886142
177.0, 2.6647412103061208
178.0, 2.6823170507049583
179.0, 2.703199473872438
180.0, 2.7251263234075305
181.0, 2.6698167711244327
182.0, 2.6464502392953313
183.0, 2.626064074920905
184.0, 2.606833032000697
185.0, 2.5910786258572984
186.0, 2.576724212642189
187.0, 2.5662183753721632
188.0, 2.4860261012273086
189.0, 2.4780490011294107
190.0, 2.3960745619465023
191.0, 2.3154703386239297
192.0, 2.2337909769163127
193.0, 2.153520555083888
194.0, 2.0722035772815297
195.0, 1.992349020614263
196.0, 1.911488644357405
197.0, 1.832161021971023
198.0, 1.7514351463490936
199.0, 1.6829406616921596
200.0, 1.6101716563180795
201.0, 1.9816666774447806
202.0, 1.999228371444019
203.0, 1.516544409151283
204.0, 1.7390770331492413
205.0, 0.8587999298406893
206.0, 1.6645304633849507
207.0, 0.9767087142800275
208.0, 0.8883246957385809
209.0, 0.9143826997161413
210.0, 0.8540214984246932
211.0, 0.7898329311732777
212.0, 0.7292903013835603
213.0, 0.7094325680955325
214.0, 0.6472857392630658
215.0, 0.5919314658404666
216.0, 0.5696767741494198
217.0, 0.5516529165620411
218.0, 0.5352597897283065
219.0, 0.5240994969655004
220.0, 0.5151775045940937
221.0, 0.5121531388234575
222.0, 0.5116963484980086
223.0, 0.5172311519428834
224.0, 0.5252403347259537
225.0, 0.5387157484862463
226.0, 0.5542130868415082
227.0, 0.5742216802625957
228.0, 0.5956381000526164
229.0, 0.5965043667648185
230.0, 0.5954583454894503
231.0, 0.5965227723022988
232.0, 0.5954572174944186
233.0, 0.5965231240401788
234.0, 0.595457182728017
235.0, 0.5965231590890285
236.0, 0.595457182728017
237.0, 0.5965231590890285
238.0, 0.5954572174944186
239.0, 0.5965231240401788
240.0, 0.5954572174944186
241.0, 0.5965231240401788
242.0, 0.595457182728017
243.0, 0.6055369424006221
244.0, 0.619271926665592
245.0, 0.6339491405146641
246.0, 0.6502343234049637
247.0, 0.6674551528407234
248.0, 0.6860108874272428
249.0, 0.7051405339611738
250.0, 0.7253895921113008
251.0, 0.745926187447889
252.0, 0.7673578682780005
253.0, 0.7888309992085053
254.0, 0.8109553294606763
255.0, 0.8328949063744586
256.0, 0.8552077422006432
257.0, 0.877125099680435
258.0, 0.8991415174937644
259.0, 0.9205898743029393
260.0, 0.9418959517656912
261.0, 0.9625172297518124
262.0, 0.9828032330530445
263.0, 0.9644865092528861
264.0, 0.9419149285217436
265.0, 0.9183930151993123
266.0, 0.8937040209453847
267.0, 0.868142542528184
268.0, 0.8416655168036717
269.0, 0.8146182272452711
270.0, 0.7869679725625068
271.0, 0.7591256896899768
272.0, 0.7310857962078773
273.0, 0.7033344035667355
274.0, 0.6759110981210432
275.0, 0.649314048111287
276.0, 0.6236147492451896
277.0, 0.599410961944731
278.0, 0.5767071476105446
279.0, 0.5562740858112557
280.0, 0.5381924939605558
281.0, 0.5237244124468076
282.0, 0.5233492997430459
ee_box_dist
0.0, 0.6869221766705449
1.0, 0.7300203105699682
2.0, 0.7589117028651932
3.0, 0.8002533982785034
4.0, 0.8368818881268237
5.0, 0.8755238421013315
6.0, 0.9137518246604613
7.0, 0.948748260561507
8.0, 0.982231765616581
9.0, 1.0201542614377808
10.0, 1.0526048248876965
11.0, 1.0815607291611957
12.0, 1.1071138213093878
13.0, 1.127262533651178
14.0, 1.1499872027260267
15.0, 1.1714194332129022
16.0, 1.1864545147024528
17.0, 1.198770270103682
18.0, 1.2186155440598045
19.0, 1.229775707865023
20.0, 1.2404368647684003
21.0, 1.2161802476101466
22.0, 1.19203079608084
23.0, 1.162569493888113
24.0, 1.132620790939536
25.0, 1.0933972507494902
26.0, 1.0459778880819117
27.0, 0.9959989564340654
28.0, 0.9396397475144602
29.0, 0.891424627239504
30.0, 0.8402340259561148
31.0, 0.7879037927528412
32.0, 0.7299509789230233
33.0, 0.6739254316426465
34.0, 0.6153100991436637
35.0, 0.5524471918742703
36.0, 0.48998047914129605
37.0, 0.426989147059636
38.0, 0.3676726534628854
39.0, 0.3078041227939421
40.0, 0.24673939374875833
41.0, 0.08205302046737568
42.0, 0.08289177625340316
43.0, 0.08296767286056697
44.0, 0.08291955156321931
45.0, 0.08297477235039107
46.0, 0.08293153512736127
47.0, 0.08297956440523076
48.0, 0.08294197752021996
49.0, 0.08298363212648228
50.0, 0.08295113502364822
51.0, 0.0829869162683114
52.0, 0.08295857980440714
53.0, 0.08298930979150786
54.0, 0.08296550231366878
55.0, 0.0829914639110381
56.0, 0.08297141491218349
57.0, 0.08299296786252838
58.0, 0.0829765548125758
59.0, 0.08299399453957632
60.0, 0.08298086520166836
61.0, 0.08299489299319987
62.0, 0.08298488621797165
63.0, 0.08299514282100348
64.0, 0.08298844160100186
65.0, 0.08299547601934695
66.0, 0.0829913950598763
67.0, 0.08299612071653487
68.0, 0.08299443478243579
69.0, 0.08299679828357964
70.0, 0.08299717207752111
71.0, 0.08299775064368196
72.0, 0.08300008514551847
73.0, 0.08299882554411087
74.0, 0.08300321990357312
75.0, 0.0830003779826535
76.0, 0.08300657136168592
77.0, 0.08300270131088251
78.0, 0.08301029719692886
79.0, 0.08300574928950656
80.0, 0.08301448667527342
81.0, 0.08300925104904862
82.0, 0.08282661161112027
83.0, 0.0830204042393257
84.0, 0.08301536938208534
85.0, 0.08301099824411337
86.0, 0.08819971065322381
87.0, 0.12430097695458052
88.0, 0.1352955868765755
89.0, 0.1336548500398499
90.0, 0.129282538610538
91.0, 0.1194064551748523
92.0, 0.11776199702183397
93.0, 0.1200117204821355
94.0, 0.11783495252667411
95.0, 0.12000545781600722
96.0, 0.11783499400140098
97.0, 0.12000554725265725
98.0, 0.11783492959747012
99.0, 0.12000554725265725
100.0, 0.11783492959747012
101.0, 0.12000554725265725
102.0, 0.11783492959747012
103.0, 0.12000554725265725
104.0, 0.11783492959747012
105.0, 0.12000554725265725
106.0, 0.11783492959747012
107.0, 0.12000546315830536
108.0, 0.11783492959747012
109.0, 0.12000554725265725
110.0, 0.11783492959747012
111.0, 0.12000554725265725
112.0, 0.11783492959747012
113.0, 0.12000554725265725
114.0, 0.11783492959747012
115.0, 0.08317212681977305
116.0, 0.11592775009245979
117.0, 0.11993978568394456
118.0, 0.11783489724870842
119.0, 0.1199815747633606
120.0, 0.1178825841707379
121.0, 0.11976557379606417
122.0, 0.09408529800595648
123.0, 0.11848188354708161
124.0, 0.11776153339492713
125.0, 0.1200081634756644
126.0, 0.11783489183130894
127.0, 0.12000561165900346
128.0, 0.11783484550136923
129.0, 0.12000563134700944
130.0, 0.11783484550136923
131.0, 0.12000559197100168
132.0, 0.11783496898182139
133.0, 0.12000554725265725
134.0, 0.11783492959747012
135.0, 0.12000554725265725
136.0, 0.11783494928964362
137.0, 0.12000554725265725
138.0, 0.11783484550136923
139.0, 0.12000559197100168
140.0, 0.11783496898182139
141.0, 0.12000554725265725
142.0, 0.11783492959747012
143.0, 0.11542659648123035
144.0, 0.11431527596402304
145.0, 0.11567593479096018
146.0, 0.11432166024690343
147.0, 0.11567418504923689
148.0, 0.114321774564377
149.0, 0.11567379262050143
150.0, 0.11432109180370773
151.0, 0.1156736559176354
152.0, 0.11432150869692613
153.0, 0.11567407429708866
154.0, 0.1143213554574265
155.0, 0.11567407429708866
156.0, 0.1143212022179701
157.0, 0.11567396602569037
158.0, 0.1143213819479475
159.0, 0.11567396602569037
160.0, 0.1143213819479475
161.0, 0.11567396602569037
162.0, 0.11432150869692613
163.0, 0.11567390275993028
164.0, 0.11432131857359193
165.0, 0.11567390275993028
166.0, 0.11432131857359193
167.0, 0.11567298528625514
168.0, 0.11432106923854868
169.0, 0.11567319534470628
170.0, 0.11432090958738887
171.0, 0.11567320745328297
172.0, 0.11432070107682263
173.0, 0.11567337090963016
174.0, 0.11431996213964658
175.0, 0.11567263720009292
176.0, 0.11432025315440361
177.0, 0.11567086205728574
178.0, 0.11431775939879264
179.0, 0.11566945900005923
180.0, 0.11431554547709202
181.0, 0.11566926967067746
182.0, 0.114316939624466
183.0, 0.1156705397934776
184.0, 0.1143188236892975
185.0, 0.11567232627765175
186.0, 0.11432081603768841
187.0, 0.11567308563565104
188.0, 0.11432109171490629
189.0, 0.11567374896932572
190.0, 0.1143217329860205
191.0, 0.11567448238207977
192.0, 0.11432191271516345
193.0, 0.11567434864691092
194.0, 0.11432159901238045
195.0, 0.11567434864691092
196.0, 0.1143217329860205
197.0, 0.11567434864691092
198.0, 0.11208814797411946
199.0, 0.10552031868127756
200.0, 0.02705223121924917
201.0, 0.7266100412652009
202.0, 1.1585820245904006
203.0, 3.3183978386269075
204.0, 1.0723545778514791
205.0, 1.4238440903677487
206.0, 0.19161912697677072
207.0, 0.06024563635299514
208.0, 0.05851778927439906
209.0, 0.11543865725444215
210.0, 0.11351693325388904
211.0, 0.1156915814246886
212.0, 0.11432245089323385
213.0, 0.11567407182739924
214.0, 0.1143220090775128
215.0, 0.11567418711868604
216.0, 0.11432151731848239
217.0, 0.11567443883522013
218.0, 0.11432168934667346
219.0, 0.11567457638847933
220.0, 0.11432110537449608
221.0, 0.11567411401438907
222.0, 0.11432148223417031
223.0, 0.11567434754296055
224.0, 0.11432113118283455
225.0, 0.11567460004486078
226.0, 0.11432179812690371
227.0, 0.11567403104808507
228.0, 0.11432076321946866
229.0, 0.11991242998989475
230.0, 0.11783595365124863
231.0, 0.12000695705109828
232.0, 0.11783681510560397
233.0, 0.12000751660222084
234.0, 0.11783672567944439
235.0, 0.1200076978774185
236.0, 0.11783672567944439
237.0, 0.1200076060415995
238.0, 0.11783681510560397
239.0, 0.12000751660222084
240.0, 0.11783681510560397
241.0, 0.12000751660222084
242.0, 0.11783672567944439
243.0, 0.07865776819548276
244.0, 0.07661759031845236
245.0, 0.07481057408232873
246.0, 0.07391096890521416
247.0, 0.07226403960296693
248.0, 0.07186700586360766
249.0, 0.07041660201086904
250.0, 0.07044220078723631
251.0, 0.06917085195563018
252.0, 0.06941776004279346
253.0, 0.06819517152731099
254.0, 0.06856843660017048
255.0, 0.06732467342795406
256.0, 0.06773031655284026
257.0, 0.06640708257191065
258.0, 0.06679456959486957
259.0, 0.06536895781771031
260.0, 0.06572935315571729
261.0, 0.06420604569465482
262.0, 0.064556983417683
263.0, 0.07992416672028885
264.0, 0.0806174322607477
265.0, 0.08080250874190947
266.0, 0.08111691463176836
267.0, 0.08126842667647446
268.0, 0.08154322258031788
269.0, 0.08166130930501102
270.0, 0.08189130183423027
271.0, 0.08196836843650956
272.0, 0.08214784430310829
273.0, 0.08217915488167123
274.0, 0.08230513105004737
275.0, 0.08228736909285253
276.0, 0.08235950270803927
277.0, 0.08229161026645594
278.0, 0.08231161031934378
279.0, 0.0821933351202695
280.0, 0.0821629403353223
281.0, 0.08199465553015074
282.0, 0.08332875497058721
spot_hold
0, 0
1, 0
2, 0
3, 0
4, 0
5, 0
6, 0
7, 0
8, 0
9, 0
10, 0
11, 0
12, 0
13, 0
14, 0
15, 0
16, 0
17, 0
18, 0
19, 0
20, 0
21, 0
22, 0
23, 0
24, 0
25, 0
26, 0
27, 0
28, 0
29, 0
30, 0
31, 0
32, 0
33, 0
34, 0
35, 0
36, 0
37, 0
38, 0
39, 0
40, 0
41, 1
42, 1
43, 1
44, 1
45, 1
46, 1
47, 1
48, 1
49, 1
50, 1
51, 1
52, 1
53, 1
54, 1
55, 1
56, 1
57, 1
58, 1
59, 1
60, 1
61, 1
62, 1
63, 1
64, 1
65, 1
66, 1
67, 1
68, 1
69, 1
70, 1
71, 1
72, 1
73, 1
74, 1
75, 1
76, 1
77, 1
78, 1
79, 1
80, 1
81, 1
82, 1
83, 1
84, 1
85, 1
86, 1
87, 1
88, 1
89, 1
90, 1
91, 1
92, 1
93, 1
94, 1
95, 1
96, 1
97, 1
98, 1
99, 1
100, 1
101, 1
102, 1
103, 1
104, 1
105, 1
106, 1
107, 1
108, 1
109, 1
110, 1
111, 1
112, 1
113, 1
114, 1
115, 1
116, 1
117, 1
118, 1
119, 1
120, 1
121, 1
122, 1
123, 1
124, 1
125, 1
126, 1
127, 1
128, 1
129, 1
130, 1
131, 1
132, 1
133, 1
134, 1
135, 1
136, 1
137, 1
138, 1
139, 1
140, 1
141, 1
142, 1
143, 1
144, 1
145, 1
146, 1
147, 1
148, 1
149, 1
150, 1
151, 1
152, 1
153, 1
154, 1
155, 1
156, 1
157, 1
158, 1
159, 1
160, 1
161, 1
162, 1
163, 1
164, 1
165, 1
166, 1
167, 1
168, 1
169, 1
170, 1
171, 1
172, 1
173, 1
174, 1
175, 1
176, 1
177, 1
178, 1
179, 1
180, 1
181, 1
182, 1
183, 1
184, 1
185, 1
186, 1
187, 1
188, 1
189, 1
190, 1
191, 1
192, 1
193, 1
194, 1
195, 1
196, 1
197, 1
198, 1
199, 1
200, 1
201, 1
202, 1
203, 1
204, 1
205, 1
206, 1
207, 1
208, 1
209, 1
210, 1
211, 1
212, 1
213, 1
214, 1
215, 1
216, 1
217, 1
218, 1
219, 1
220, 1
221, 1
222, 1
223, 1
224, 1
225, 1
226, 1
227, 1
228, 1
229, 1
230, 1
231, 1
232, 1
233, 1
234, 1
235, 1
236, 1
237, 1
238, 1
239, 1
240, 1
241, 1
242, 1
243, 1
244, 1
245, 1
246, 1
247, 1
248, 1
249, 1
250, 1
251, 1
252, 1
253, 1
254, 1
255, 1
256, 1
257, 1
258, 1
259, 1
260, 1
261, 1
262, 1
263, 1
264, 1
265, 1
266, 1
267, 1
268, 1
269, 1
270, 1
271, 1
272, 1
273, 1
274, 1
275, 1
276, 1
277, 1
278, 1
279, 1
280, 1
281, 1
282, 1
