bot_dist
0.0, 2.9843210972249117
1.0, 2.9877958447199116
2.0, 2.9912999878422113
3.0, 2.9948334234076257
4.0, 2.9983960478578275
5.0, 3.0019877572726408
6.0, 3.0056084473822566
7.0, 3.0092580135793803
8.0, 3.012936350931302
9.0, 3.016643354191894
10.0, 3.020378917813524
11.0, 3.024142935958888
12.0, 3.0279353025127653
13.0, 3.0317559110936814
14.0, 3.0356046550654883
15.0, 3.039481427548855
16.0, 3.0433861214326656
17.0, 3.04731862938533
18.0, 3.0512788438659917
19.0, 3.0552666571356513
20.0, 3.059281961268185
21.0, 3.0633246481612657
22.0, 3.0673946095471893
23.0, 3.071491737003592
24.0, 3.075615921964072
25.0, 3.0797670557287042
26.0, 3.0839450294744517
27.0, 3.088149734265467
28.0, 3.092381061063296
29.0, 3.096638900736961
30.0, 3.1009231440729463
31.0, 3.10523368178507
32.0, 3.1095704045242414
33.0, 3.1139332028881137
34.0, 3.11832196743062
35.0, 3.1227365886714007
36.0, 3.127176957105115
37.0, 3.131642963210635
38.0, 3.1361344974601373
39.0, 3.140651450328067
40.0, 3.1451937122999922
41.0, 3.149761173881347
42.0, 3.1543537256060517
43.0, 3.158971258045019
44.0, 3.1636136618145487
45.0, 3.168280827584602
46.0, 3.172972646086955
47.0, 3.177688895387289
48.0, 3.182429577938505
49.0, 3.1871945847134193
50.0, 3.1919838067781248
51.0, 3.196797135299567
52.0, 3.2016344615530055
53.0, 3.2064956769293516
54.0, 3.211380672942397
55.0, 3.216289341235928
56.0, 3.221221573590716
57.0, 3.2261772619314
58.0, 3.2311562983332536
59.0, 3.2361585750288335
60.0, 3.241183984414519
61.0, 3.2462324190569345
62.0, 3.251303771699259
63.0, 3.256397935267424
64.0, 3.261514802876203
65.0, 3.2666542678351767
66.0, 3.2718162236546067
67.0, 3.2770005640511766
68.0, 3.2822071829536448
69.0, 3.287435974508371
70.0, 3.2926868330847436
71.0, 3.2979596532804942
72.0, 3.3032543299269124
73.0, 3.3085707580939414
74.0, 3.3139088330951822
75.0, 3.3192684504927827
76.0, 3.324649506102226
77.0, 3.3300518959970153
78.0, 3.3354755165132595
79.0, 3.340920264254147
80.0, 3.3463860360943323
81.0, 3.35187272918421
82.0, 3.3573802409540994
83.0, 3.3629084691183215
84.0, 3.36845731167919
85.0, 3.3740266669308916
86.0, 3.379616433463286
87.0, 3.385226510165598
88.0, 3.3908567962300227
89.0, 3.396507191155238
90.0, 3.4021775947498223
91.0, 3.407867907135583
92.0, 3.4135780287507944
93.0, 3.4193078603533484
94.0, 3.425057303023813
95.0, 3.43082625816841
96.0, 3.4366146275218985
97.0, 3.4424223131503826
98.0, 3.448249217454028
99.0, 3.454095243169698
100.0, 3.4599602933735065
101.0, 3.4599602933735065
102.0, 3.4599602933735065
103.0, 3.4599602933735065
104.0, 3.4599602933735065
105.0, 3.4599602933735065
106.0, 3.4599602933735065
107.0, 3.4599602933735065
108.0, 3.4599602933735065
109.0, 3.4599602933735065
110.0, 3.4599602933735065
111.0, 3.4599602933735065
112.0, 3.4599602933735065
113.0, 3.4599602933735065
114.0, 3.4599602933735065
115.0, 3.4599602933735065
116.0, 3.4599602933735065
117.0, 3.4599602933735065
118.0, 3.4599602933735065
119.0, 3.4599602933735065
120.0, 3.4599602933735065
121.0, 3.4599602933735065
122.0, 3.4599602933735065
123.0, 3.4599602933735065
124.0, 3.4599602933735065
125.0, 3.4599602933735065
126.0, 3.4599602933735065
127.0, 3.4599602933735065
128.0, 3.4599602933735065
129.0, 3.4599602933735065
130.0, 3.4599602933735065
131.0, 3.454095243169698
132.0, 3.448249217454028
133.0, 3.4424223131503826
134.0, 3.4366146275218985
135.0, 3.43082625816841
136.0, 3.425057303023813
137.0, 3.4193078603533484
138.0, 3.4135780287507944
139.0, 3.407867907135583
140.0, 3.4021775947498223
141.0, 3.396507191155238
142.0, 3.3908567962300227
143.0, 3.3900181458735195
144.0, 3.384416011893172
145.0, 3.3788341855415993
146.0, 3.373272767629202
147.0, 3.367731859262479
148.0, 3.3622115618403297
149.0, 3.356711977050249
150.0, 3.3512332068644404
151.0, 3.262914784576464
152.0, 3.1746832872190396
153.0, 3.0865461189867482
154.0, 2.9985116522775614
155.0, 2.9105892061203584
156.0, 2.8227892479695056
157.0, 2.7351235737801742
158.0, 2.647605522537618
159.0, 2.560250233048175
160.0, 2.4730749528477
161.0, 2.386099411740833
162.0, 2.2993462759543473
163.0, 2.2128417034456347
164.0, 2.126616026930839
165.0, 2.040704599205362
166.0, 1.9551488460382254
167.0, 1.950836281726447
168.0, 1.867728016846421
169.0, 1.7853340054386841
170.0, 1.7037576296192776
171.0, 1.6231221745277082
172.0, 1.5435751066432457
173.0, 1.4652936940085937
174.0, 1.4623484578320858
175.0, 1.3893462951889564
176.0, 1.3185830453022807
177.0, 1.3164754802174563
178.0, 1.3144406157325856
179.0, 1.3124787899923054
180.0, 1.3105903309922609
181.0, 1.2652070901932502
182.0, 1.2640127953943368
183.0, 1.2628965564861079
184.0, 1.261858580613083
185.0, 1.2608990391143664
186.0, 1.2600181369200916
187.0, 1.2592160390699456
188.0, 1.2584928962412962
189.0, 1.2578488446089164
190.0, 1.2572840057176997
191.0, 1.2567984863686312
192.0, 1.256392378518271
193.0, 1.2560657591919668
194.0, 1.2558186904109858
195.0, 1.173465061592923
196.0, 1.0914801426117233
197.0, 1.0099537296306396
198.0, 1.0102505210212889
199.0, 0.9288612894874877
200.0, 0.847969331643441
201.0, 0.7677318490997903
202.0, 0.688377737329902
203.0, 0.6102517011820461
204.0, 0.5338931360812011
205.0, 0.46018271928501625
206.0, 0.39062245444594895
207.0, 0.3278645774113087
208.0, 0.2765790533278106
209.0, 0.24410710102988192
210.0, 0.23826895144271604
211.0, 0.26085900805780693
212.0, 0.3056374704827402
213.0, 0.36451696401699335
214.0, 0.4317666999250144
215.0, 0.5040476797861431
216.0, 0.5794801426444584
217.0, 0.6569794516029251
218.0, 0.735892896979927
219.0, 0.7391646970269757
220.0, 0.8164778236510472
221.0, 0.8948305655233385
222.0, 0.9739720544109994
223.0, 0.9766449911141097
224.0, 0.9794127443107703
225.0, 0.9822745125084978
226.0, 0.985229476459489
227.0, 0.9882768001935732
228.0, 0.9914156320496645
229.0, 0.9946451057032362
230.0, 0.9979643411874725
231.0, 0.9979643411874725
232.0, 0.9979643411874725
233.0, 0.9979643411874725
234.0, 0.9979643411874725
235.0, 0.9979643411874725
236.0, 0.9979643411874725
237.0, 0.9979643411874725
238.0, 0.9979643411874725
239.0, 0.9979643411874725
240.0, 0.9979643411874725
241.0, 0.9979643411874725
242.0, 0.9979643411874725
243.0, 0.9979643411874725
244.0, 0.9979643411874725
245.0, 0.9979643411874725
246.0, 0.9979643411874725
247.0, 0.9979643411874725
248.0, 0.9979643411874725
249.0, 0.9979643411874725
250.0, 0.9979643411874725
251.0, 0.9979643411874725
252.0, 0.9979643411874725
253.0, 0.9979643411874725
254.0, 0.9979643411874725
255.0, 0.9979643411874725
256.0, 0.9979643411874725
257.0, 0.9979643411874725
258.0, 0.9979643411874725
259.0, 0.9979643411874725
260.0, 0.9979643411874725
261.0, 0.9946451057032362
262.0, 0.9914156320496645
263.0, 0.9882768001935732
264.0, 0.985229476459489
265.0, 0.9822745125084978
266.0, 0.9794127443107703
267.0, 0.9766449911141097
268.0, 0.9739720544109994
269.0, 0.9713947169067083
270.0, 0.9689137414911215
271.0, 0.9665298702170367
272.0, 0.96424382328775
273.0, 0.9620562980568093
274.0, 0.9599679680428638
275.0, 0.9579794819625813
276.0, 0.956091462784615
277.0, 0.9543045068076185
278.0, 0.9526191827652943
279.0, 0.9510360309614359
280.0, 0.9495555624378821
281.0, 0.9481782581782514
282.0, 0.946904568350233
ee_dist
0.0, 1.3548812985698162
1.0, 1.4120704135940139
2.0, 1.5187256325734428
3.0, 1.6100737661552178
4.0, 1.6416395554917913
5.0, 1.6674407331413739
6.0, 1.6999284943921025
7.0, 1.7337185752220055
8.0, 1.7688478740419247
9.0, 1.8022169608927527
10.0, 1.8397256012569088
11.0, 1.8735651673812377
12.0, 1.9040444166996044
13.0, 1.9396269831179778
14.0, 1.9655740552074803
15.0, 1.9920958991436755
16.0, 2.017061700516406
17.0, 2.044496597927456
18.0, 2.065886872683162
19.0, 2.0850961646162487
20.0, 2.104263189890876
21.0, 2.0748294464447112
22.0, 2.034230877716216
23.0, 1.9904209656967988
24.0, 1.9429649344537379
25.0, 1.8921438050309694
26.0, 1.8380958585890281
27.0, 1.781162151399281
28.0, 1.721545565439403
29.0, 1.6597007229642515
30.0, 1.59592327545492
31.0, 1.5308098934072132
32.0, 1.4647904156411482
33.0, 1.3986433637581535
34.0, 1.3329975367882556
35.0, 1.2688817218728663
36.0, 1.2072212791873436
37.0, 1.1493608139661695
38.0, 1.096569187117582
39.0, 1.0504229913785177
40.0, 1.0124447229620959
41.0, 1.025686857346773
42.0, 0.9276256899021643
43.0, 0.7890441590469879
44.0, 0.742613046303998
45.0, 0.6952402096291199
46.0, 0.6467120484850545
47.0, 0.5969267281223951
48.0, 0.5464878167575186
49.0, 0.4956310470620114
50.0, 0.4455028869468087
51.0, 0.39748334373980526
52.0, 0.3532347098968752
53.0, 0.3144910376526221
54.0, 0.2842623731386428
55.0, 0.2659065978585532
56.0, 0.2630159954415053
57.0, 0.2757877319539224
58.0, 0.2558571631447475
59.0, 0.24058310848389916
60.0, 0.252269246664819
61.0, 0.2963726922959605
62.0, 0.3645026015710847
63.0, 0.4438432396892017
64.0, 0.5238746151324225
65.0, 0.5900013968577216
66.0, 0.6503463204741887
67.0, 0.710484144660162
68.0, 0.7646455298426147
69.0, 0.8171840988297618
70.0, 0.8685535176454072
71.0, 0.9181194644350745
72.0, 0.9689453259096187
73.0, 1.0266316852651824
74.0, 1.0886845312908824
75.0, 1.1620744792693136
76.0, 1.2449273582255513
77.0, 1.3375152832188744
78.0, 1.43513157112697
79.0, 1.5328555637832761
80.0, 1.626087387577416
81.0, 1.705198613877345
82.0, 1.770226031927661
83.0, 1.83467166855792
84.0, 1.8958371020799283
85.0, 1.9557355825277203
86.0, 2.0044592825941807
87.0, 2.0329926996566607
88.0, 2.0629462058232613
89.0, 2.1017930101034312
90.0, 2.15286777340992
91.0, 2.2342191330572545
92.0, 2.3266035692201394
93.0, 2.425812518480537
94.0, 2.5322233943385637
95.0, 2.6384679530045543
96.0, 2.7398849874621414
97.0, 2.8298951708540407
98.0, 2.90264959834584
99.0, 2.9710953888894376
100.0, 3.0375718134093797
101.0, 3.101550500551002
102.0, 3.1654863270559335
103.0, 3.2266925590013953
104.0, 3.2900348310915297
105.0, 3.3589328084727756
106.0, 3.4327334390782096
107.0, 3.520712322526251
108.0, 3.603950264694388
109.0, 3.7028003898357578
110.0, 3.809575177289791
111.0, 3.916607251479769
112.0, 4.019911267629302
113.0, 4.114617067802074
114.0, 4.189925146567566
115.0, 4.257872541472188
116.0, 4.324972738936391
117.0, 4.388970218277115
118.0, 4.452365349763693
119.0, 4.515571596936121
120.0, 4.577784606114411
121.0, 4.645906828090848
122.0, 4.719602348686135
123.0, 4.763224267301816
124.0, 4.807210855324357
125.0, 4.85038788502996
126.0, 4.893342319249821
127.0, 4.934929162283679
128.0, 4.975750776196884
129.0, 5.014693948789701
130.0, 5.0523878617588
131.0, 5.087746924837838
132.0, 5.121431342076593
133.0, 5.15238946245866
134.0, 5.181309460954401
135.0, 5.207174612142539
136.0, 5.230700487252721
137.0, 5.250911041956305
138.0, 5.268547668477429
139.0, 5.2826736934838285
140.0, 5.294058243469285
141.0, 5.301804524653009
142.0, 5.306708213337574
143.0, 4.660267283235608
144.0, 4.650136545944544
145.0, 4.642973816173688
146.0, 4.6379186898567495
147.0, 4.635955958897044
148.0, 4.636149625880515
149.0, 4.639456373561148
150.0, 4.644890742825729
151.0, 4.563630499728864
152.0, 4.4819654905832556
153.0, 4.400844090235358
154.0, 4.319325743287549
155.0, 4.238359315731698
156.0, 4.157005016674878
157.0, 4.0762122474334035
158.0, 3.99504219688352
159.0, 3.8981493424104583
160.0, 3.833842132185233
161.0, 3.753017469729682
162.0, 3.654258694498463
163.0, 3.5935509784628783
164.0, 3.511718534204916
165.0, 3.4321551320551253
166.0, 3.3518091472950977
167.0, 3.3625629410723774
168.0, 3.2851193797164133
169.0, 3.2084491406124775
170.0, 3.1316511891655026
171.0, 3.055662253704215
172.0, 2.979601904331285
173.0, 2.90440350028078
174.0, 2.9188158738571555
175.0, 2.8477268382742245
176.0, 2.7768816746380227
177.0, 2.7947208025420744
178.0, 2.8142349543976257
179.0, 2.8360149954300424
180.0, 2.8591571639948223
181.0, 2.810182077567862
182.0, 2.786299798615422
183.0, 2.7644051008579
184.0, 2.7439944290114227
185.0, 2.726006998771566
186.0, 2.709801840833422
187.0, 2.69638689059334
188.0, 2.684995123810164
189.0, 2.676667193520198
190.0, 2.670529560767689
191.0, 2.6676180735956394
192.0, 2.6669773537502928
193.0, 2.669599907703895
194.0, 2.674479205949886
195.0, 2.5943757082311123
196.0, 2.513986318669116
197.0, 2.4342913036062055
198.0, 2.4426175446030878
199.0, 2.365786623316862
200.0, 2.28893065934427
201.0, 2.2130226831892523
202.0, 2.167677574750377
203.0, 2.109631732515217
204.0, 2.246654391001144
205.0, 2.3677078216850105
206.0, 2.528704397347172
207.0, 1.7280052595970194
208.0, 1.7353765021650593
209.0, 1.5939213797280003
210.0, 1.8930228315202913
211.0, 1.5619863587697693
212.0, 1.3994780775139337
213.0, 1.3131052031158754
214.0, 1.3022803802105773
215.0, 1.248017826431782
216.0, 1.1922101536294416
217.0, 1.1410613466997728
218.0, 1.0929932484364415
219.0, 1.1175671759098504
220.0, 1.081208082811515
221.0, 1.0505058337106041
222.0, 1.0254236946543
223.0, 0.9983204908371699
224.0, 0.9720526435743047
225.0, 0.9474476739517033
226.0, 0.924161303934498
227.0, 0.9032017574228274
228.0, 0.8840681235756281
229.0, 0.8679070370041132
230.0, 0.8540485716124869
231.0, 0.8437159216352461
232.0, 0.8360566618992237
233.0, 0.8322877338332382
234.0, 0.831380132783782
235.0, 0.8344648303058256
236.0, 0.8403704886454871
237.0, 0.8500844778643236
238.0, 0.8623581830026459
239.0, 0.8608226700328837
240.0, 0.8624199052702778
241.0, 0.8628753597194
242.0, 0.8623698654823833
243.0, 0.8680125204200483
244.0, 0.8806497160778349
245.0, 0.8942859804391116
246.0, 0.910198185697449
247.0, 0.9271102698634631
248.0, 0.9460593299586322
249.0, 0.9657254041772254
250.0, 0.9871907351857279
251.0, 1.0090950750618435
252.0, 1.0325078629662197
253.0, 1.056067132763665
254.0, 1.080783410488606
255.0, 1.1053502067083352
256.0, 1.1306985299971084
257.0, 1.1556284849354184
258.0, 1.1809880670741695
259.0, 1.2057163121710697
260.0, 1.2305944782553304
261.0, 1.2546456352010966
262.0, 1.278625275992811
263.0, 1.2517358621895804
264.0, 1.218397998532862
265.0, 1.1832883644916563
266.0, 1.1461444812417543
267.0, 1.107162691288383
268.0, 1.0663871733235806
269.0, 1.024040069750454
270.0, 0.9801841347471824
271.0, 0.9350935282694842
272.0, 0.8888718091372393
273.0, 0.8418607282356368
274.0, 0.7954250403171494
275.0, 0.743522805718486
276.0, 0.6897473926470112
277.0, 0.6302892058166122
278.0, 0.5826226612259361
279.0, 0.5375375935114416
280.0, 0.4949908609927236
281.0, 0.43738921107226864
282.0, 0.39368867025295945
ee_box_dist
0.0, 0.7571118442071114
1.0, 0.8024966733718456
2.0, 0.8330659458927122
3.0, 0.8678486047709465
4.0, 0.9022772904306234
5.0, 0.938728821124056
6.0, 0.9761650714790178
7.0, 1.0120353010873728
8.0, 1.0464185781848716
9.0, 1.0782169764646408
10.0, 1.1132287543462032
11.0, 1.1442807485836815
12.0, 1.1717076721005903
13.0, 1.203972750713948
14.0, 1.2268920541221284
15.0, 1.2504038179325279
16.0, 1.2723141103787816
17.0, 1.2966536988853752
18.0, 1.315377928610854
19.0, 1.3321007463748415
20.0, 1.3488394264190455
21.0, 1.3252239287346539
22.0, 1.292842398815104
23.0, 1.2575160119419808
24.0, 1.218828330201637
25.0, 1.1769637103711788
26.0, 1.1319207229538797
27.0, 1.0839018394594937
28.0, 1.0329073406798597
29.0, 0.979190866325193
30.0, 0.9227590556952817
31.0, 0.8639208987122134
32.0, 0.8027091032923522
33.0, 0.7395172749509547
34.0, 0.6744484419045232
35.0, 0.607985105213372
36.0, 0.5403589060613602
37.0, 0.4721801908736633
38.0, 0.4040734514417568
39.0, 0.3375418265645524
40.0, 0.27484267980129207
41.0, 0.28969287026945595
42.0, 0.30445231842070003
43.0, 0.31920624897300515
44.0, 0.3338217826143473
45.0, 0.3483725894678709
46.0, 0.36275829204274607
47.0, 0.3770299352747168
48.0, 0.39112126431355765
49.0, 0.4050595244170068
50.0, 0.41880416173265383
51.0, 0.4323668038922721
52.0, 0.44571011084115764
53.0, 0.45883470327107273
54.0, 0.4716926552877834
55.0, 0.48427560367035016
56.0, 0.49653965100502717
57.0, 0.5085002969494473
58.0, 0.5201213486804999
59.0, 0.5314450921694852
60.0, 0.5424144323673195
61.0, 0.5530932684665102
62.0, 0.5634075110525196
63.0, 0.5734194015052142
64.0, 0.5830709627177054
65.0, 0.5924119258089201
66.0, 0.601388887005013
67.0, 0.6100471701285024
68.0, 0.6183351182405448
69.0, 0.6262528655903157
70.0, 0.633852075399466
71.0, 0.6410621696090322
72.0, 0.6478946039940344
73.0, 0.6543617449123116
74.0, 0.6604274121420052
75.0, 0.6661153229945863
76.0, 0.6713901016429988
77.0, 0.6762718962697967
78.0, 0.680727615193486
79.0, 0.6847738994538715
80.0, 0.6883785664065426
81.0, 0.6915565243455102
82.0, 0.694275417968731
83.0, 0.6965492372326465
84.0, 0.6983453576046589
85.0, 0.699678773313145
86.0, 0.7207349136147688
87.0, 0.7665052418691979
88.0, 0.8057812795909625
89.0, 0.839911503094025
90.0, 0.8638182374104824
91.0, 0.8638026970306473
92.0, 0.8633487803380252
93.0, 0.864083822275397
94.0, 0.8635635241402928
95.0, 0.8638063714395283
96.0, 0.8634710168463696
97.0, 0.8637722013066405
98.0, 0.8634681387465524
99.0, 0.8637886107407367
100.0, 0.8635565076075483
101.0, 0.8638570835768319
102.0, 0.8627952085023932
103.0, 0.8640556571399903
104.0, 0.863526332991131
105.0, 0.8638277918411561
106.0, 0.863518080942546
107.0, 0.8550084880546314
108.0, 0.8633455331674658
109.0, 0.8638794039781642
110.0, 0.8625968076083617
111.0, 0.8639894423998091
112.0, 0.8634759864877745
113.0, 0.8637757832486292
114.0, 0.8634562641508002
115.0, 0.8634204380272259
116.0, 0.863505845121703
117.0, 0.8639270211949641
118.0, 0.8633966764891711
119.0, 0.8637524300502463
120.0, 0.8634206676239393
121.0, 0.8637146460459405
122.0, 0.8633978731029242
123.0, 0.8636935126593492
124.0, 0.863381721987925
125.0, 0.8636809729989918
126.0, 0.8633720203353379
127.0, 0.8636731669099724
128.0, 0.8633659510632646
129.0, 0.86366610594477
130.0, 0.8633597387561387
131.0, 0.8636620934431855
132.0, 0.8633390347895514
133.0, 0.8636519082252105
134.0, 0.8633501482471907
135.0, 0.8636242418720645
136.0, 0.863339461735304
137.0, 0.8636369785575503
138.0, 0.8633270072768214
139.0, 0.8636271570145067
140.0, 0.8633191051746966
141.0, 0.8636211987392782
142.0, 0.8633145250356719
143.0, 1.5831230290018838
144.0, 1.5782275335115383
145.0, 1.571301252853239
146.0, 1.5629107731737741
147.0, 1.5525517733106327
148.0, 1.5407500664379723
149.0, 1.5271277437926098
150.0, 1.5121507257516453
151.0, 1.579442156252338
152.0, 1.6484335119383053
153.0, 1.718533337695332
154.0, 1.790064736841856
155.0, 1.8622490082932623
156.0, 1.9356614767966356
157.0, 2.009539557837295
158.0, 2.084435918883112
159.0, 2.173306064099184
160.0, 2.2354651911405456
161.0, 2.3121678013524076
162.0, 2.40501804124999
163.0, 2.4651768684455595
164.0, 2.5443572136765247
165.0, 2.621989499086248
166.0, 2.700729211850921
167.0, 2.6901974128525596
168.0, 2.7670993269985575
169.0, 2.84402589140986
170.0, 2.9215363474758496
171.0, 2.999195076442431
172.0, 3.077414265686756
173.0, 3.1555528935010186
174.0, 3.144895333781372
175.0, 3.221242062307625
176.0, 3.298267678970399
177.0, 3.285763918198485
178.0, 3.271649378888129
179.0, 3.255338185182739
180.0, 3.2375410133360876
181.0, 3.3025186365733257
182.0, 3.3202550599925624
183.0, 3.3358695370289113
184.0, 3.3499156997035353
185.0, 3.3616512065975104
186.0, 3.37171336603421
187.0, 3.37932848969508
188.0, 3.385199696624001
189.0, 3.3885418656376363
190.0, 3.3901023809463395
191.0, 3.3891051260224248
192.0, 3.3863212917371555
193.0, 3.38100630603603
194.0, 3.373933537597211
195.0, 3.4521095191624007
196.0, 3.530876980663976
197.0, 3.609491032916849
198.0, 3.6009212599344917
199.0, 3.6777108397673675
200.0, 3.7551319807076102
201.0, 3.8324458567949553
202.0, 3.8802271561538237
203.0, 3.934883696723669
204.0, 3.8755717173604585
205.0, 3.7870833027376385
206.0, 3.5903644116672395
207.0, 4.416666063933572
208.0, 4.44271456508971
209.0, 4.476865220969838
210.0, 4.427699661933
211.0, 4.574296545479478
212.0, 4.725085835840507
213.0, 4.859203559750449
214.0, 4.859955640113734
215.0, 4.937178118929606
216.0, 5.01790977153973
217.0, 5.097195352247831
218.0, 5.1778665526962255
219.0, 5.170064678904969
220.0, 5.248716003506888
221.0, 5.327105717730994
222.0, 5.406031879306721
223.0, 5.412984861048404
224.0, 5.41810193835461
225.0, 5.420592403389468
226.0, 5.421181099700167
227.0, 5.419071497812109
228.0, 5.415103559366282
229.0, 5.408478364847447
230.0, 5.400044149603872
231.0, 5.389053931681925
232.0, 5.376345906749066
233.0, 5.361245820371723
234.0, 5.3445553334002796
235.0, 5.325698128955426
236.0, 5.305419937171021
237.0, 5.283253841923254
238.0, 5.259863555643555
239.0, 5.260812711138005
240.0, 5.259855698790207
241.0, 5.259553877714433
242.0, 5.2598437514678
243.0, 5.258913951104938
244.0, 5.2569369121449885
245.0, 5.254501304396314
246.0, 5.250925161549984
247.0, 5.24682372309656
248.0, 5.241546812538138
249.0, 5.235634883253973
250.0, 5.228579471021712
251.0, 5.220912965493629
252.0, 5.212069174877376
253.0, 5.202813117109388
254.0, 5.192486216720906
255.0, 5.181901237453947
256.0, 5.170371009957586
257.0, 5.158762864508959
258.0, 5.146347400227412
259.0, 5.134043517564242
260.0, 5.121078460579479
261.0, 5.108365828371546
262.0, 5.095120544924315
263.0, 5.119467790276885
264.0, 5.150136579496693
265.0, 5.18130189091028
266.0, 5.2129847847329795
267.0, 5.244947418197419
268.0, 5.2769299095929165
269.0, 5.308723112946515
270.0, 5.34006262765488
271.0, 5.370709828242304
272.0, 5.400438927724358
273.0, 5.429023879619066
274.0, 5.455721645115945
275.0, 5.488448945266898
276.0, 5.520989372555094
277.0, 5.559124514102131
278.0, 5.5794152623654165
279.0, 5.596320993357888
280.0, 5.611246737212073
281.0, 5.644504879033915
282.0, 5.663524313277407
spot_hold
0, 0
1, 0
2, 0
3, 0
4, 0
5, 0
6, 0
7, 0
8, 0
9, 0
10, 0
11, 0
12, 0
13, 0
14, 0
15, 0
16, 0
17, 0
18, 0
19, 0
20, 0
21, 0
22, 0
23, 0
24, 0
25, 0
26, 0
27, 0
28, 0
29, 0
30, 0
31, 0
32, 0
33, 0
34, 0
35, 0
36, 0
37, 0
38, 0
39, 0
40, 0
41, 1
42, 1
43, 1
44, 1
45, 1
46, 1
47, 1
48, 1
49, 1
50, 1
51, 1
52, 1
53, 1
54, 1
55, 1
56, 1
57, 1
58, 1
59, 1
60, 1
61, 1
62, 1
63, 1
64, 1
65, 1
66, 1
67, 1
68, 1
69, 1
70, 1
71, 1
72, 1
73, 1
74, 1
75, 1
76, 1
77, 1
78, 1
79, 1
80, 1
81, 1
82, 1
83, 1
84, 1
85, 1
86, 1
87, 1
88, 1
89, 1
90, 1
91, 1
92, 1
93, 1
94, 1
95, 1
96, 1
97, 1
98, 1
99, 1
100, 1
101, 1
102, 1
103, 1
104, 1
105, 1
106, 1
107, 1
108, 1
109, 1
110, 1
111, 1
112, 1
113, 1
114, 1
115, 1
116, 1
117, 1
118, 1
119, 1
120, 1
121, 1
122, 1
123, 1
124, 1
125, 1
126, 1
127, 1
128, 1
129, 1
130, 1
131, 1
132, 1
133, 1
134, 1
135, 1
136, 1
137, 1
138, 1
139, 1
140, 1
141, 1
142, 1
143, 1
144, 1
145, 1
146, 1
147, 1
148, 1
149, 1
150, 1
151, 1
152, 1
153, 1
154, 1
155, 1
156, 1
157, 1
158, 1
159, 1
160, 1
161, 1
162, 1
163, 1
164, 1
165, 1
166, 1
167, 1
168, 1
169, 1
170, 1
171, 1
172, 1
173, 1
174, 1
175, 1
176, 1
177, 1
178, 1
179, 1
180, 1
181, 1
182, 1
183, 1
184, 1
185, 1
186, 1
187, 1
188, 1
189, 1
190, 1
191, 1
192, 1
193, 1
194, 1
195, 1
196, 1
197, 1
198, 1
199, 1
200, 1
201, 1
202, 1
203, 1
204, 1
205, 1
206, 1
207, 1
208, 1
209, 1
210, 1
211, 1
212, 1
213, 1
214, 1
215, 1
216, 1
217, 1
218, 1
219, 1
220, 1
221, 1
222, 1
223, 1
224, 1
225, 1
226, 1
227, 1
228, 1
229, 1
230, 1
231, 1
232, 1
233, 1
234, 1
235, 1
236, 1
237, 1
238, 1
239, 1
240, 1
241, 1
242, 1
243, 1
244, 1
245, 1
246, 1
247, 1
248, 1
249, 1
250, 1
251, 1
252, 1
253, 1
254, 1
255, 1
256, 1
257, 1
258, 1
259, 1
260, 1
261, 1
262, 1
263, 1
264, 1
265, 1
266, 1
267, 1
268, 1
269, 1
270, 1
271, 1
272, 1
273, 1
274, 1
275, 1
276, 1
277, 1
278, 1
279, 1
280, 1
281, 1
282, 1
