bot_dist
0.0, 3.6004611217919713
1.0, 3.60675612562949
2.0, 3.613067839055161
3.0, 3.619396174651531
4.0, 3.625741045382044
5.0, 3.63210236459169
6.0, 3.63848004600761
7.0, 3.644874003739645
8.0, 3.651284152280829
9.0, 3.6577104065078365
10.0, 3.6641526816813794
11.0, 3.670610893446552
12.0, 3.6770849578331313
13.0, 3.6835747912558245
14.0, 3.690080310514479
15.0, 3.6966014327942376
16.0, 3.7031380756656525
17.0, 3.709690157084759
18.0, 3.7162575953931007
19.0, 3.722840309317713
20.0, 3.72943821797107
21.0, 3.7360512408509856
22.0, 3.7426792978404757
23.0, 3.7493223092075842
24.0, 3.7559801956051686
25.0, 3.7626528780706465
26.0, 3.769340278025709
27.0, 3.7760423172759947
28.0, 3.7827589180107335
29.0, 3.7894900028023475
30.0, 3.7962354946060266
31.0, 3.8029953167592683
32.0, 3.8097693929813805
33.0, 3.816557647372962
34.0, 3.823360004415343
35.0, 3.8301763889700005
36.0, 3.837006726277944
37.0, 3.84385094195907
38.0, 3.8507089620114896
39.0, 3.8575807128108295
40.0, 3.864466121109505
41.0, 3.871365114035966
42.0, 3.8782776190939203
43.0, 3.885203564161527
44.0, 3.892142877490572
45.0, 3.899095487705613
46.0, 3.9060613238031086
47.0, 3.913040315150515
48.0, 3.9200323914853707
49.0, 3.9270374829143573
50.0, 3.9340555199123295
51.0, 3.9410864333213422
52.0, 3.9481301543496437
53.0, 3.955186614570654
54.0, 3.9622557459219276
55.0, 3.9693374807040938
56.0, 3.9764317515797813
57.0, 3.983538491572524
58.0, 3.9906576340656534
59.0, 3.9977891128011738
60.0, 4.004932861878616
61.0, 4.012088815753885
62.0, 4.01925690923809
63.0, 4.02643707749635
64.0, 4.033629256046609
65.0, 4.040833380758406
66.0, 4.048049387851665
67.0, 4.055277213895445
68.0, 4.062516795806694
69.0, 4.06976807084899
70.0, 4.077030976631262
71.0, 4.084305451106507
72.0, 4.091591432570503
73.0, 4.098888859660491
74.0, 4.106197671353871
75.0, 4.113517806966873
76.0, 4.120849206153228
77.0, 4.128191808902821
78.0, 4.135545555540349
79.0, 4.142910386723959
80.0, 4.15028624344388
81.0, 4.157673067021059
82.0, 4.1650707991057745
83.0, 4.172479381676254
84.0, 4.179898757037284
85.0, 4.187328867818807
86.0, 4.1947696569745245
87.0, 4.202221067780483
88.0, 4.209683043833661
89.0, 4.2171555290505545
90.0, 4.22463846766575
91.0, 4.232131804230501
92.0, 4.239635483611289
93.0, 4.247149450988402
94.0, 4.254673651854482
95.0, 4.262208032013098
96.0, 4.26975253757729
97.0, 4.277307114968129
98.0, 4.284871710913266
99.0, 4.292446272445481
100.0, 4.300030746901233
101.0, 4.300030746901233
102.0, 4.300030746901233
103.0, 4.300030746901233
104.0, 4.300030746901233
105.0, 4.300030746901233
106.0, 4.300030746901233
107.0, 4.300030746901233
108.0, 4.300030746901233
109.0, 4.300030746901233
110.0, 4.300030746901233
111.0, 4.300030746901233
112.0, 4.300030746901233
113.0, 4.300030746901233
114.0, 4.300030746901233
115.0, 4.300030746901233
116.0, 4.300030746901233
117.0, 4.300030746901233
118.0, 4.300030746901233
119.0, 4.300030746901233
120.0, 4.300030746901233
121.0, 4.300030746901233
122.0, 4.300030746901233
123.0, 4.300030746901233
124.0, 4.300030746901233
125.0, 4.300030746901233
126.0, 4.300030746901233
127.0, 4.300030746901233
128.0, 4.300030746901233
129.0, 4.300030746901233
130.0, 4.300030746901233
131.0, 4.292446272445481
132.0, 4.284871710913266
133.0, 4.277307114968129
134.0, 4.26975253757729
135.0, 4.262208032013098
136.0, 4.254673651854482
137.0, 4.247149450988402
138.0, 4.239635483611289
139.0, 4.232131804230501
140.0, 4.22463846766575
141.0, 4.2171555290505545
142.0, 4.209683043833661
143.0, 4.206082073227045
144.0, 4.198637514634712
145.0, 4.1912035922265245
146.0, 4.183780362698981
147.0, 4.1763678830698385
148.0, 4.168966210679501
149.0, 4.161575403192411
150.0, 4.154195518598432
151.0, 4.0646751088711905
152.0, 3.9751703451216027
153.0, 3.88568226860296
154.0, 3.7962121023547364
155.0, 3.706761143278801
156.0, 3.6173308162658335
157.0, 3.5279226903404783
158.0, 3.4385384973066433
159.0, 3.349180153355197
160.0, 3.25984978419631
161.0, 3.1705497544036425
162.0, 3.0812827018144797
163.0, 2.992051578028221
164.0, 2.9028596962976123
165.0, 2.813710788429551
166.0, 2.7246090727274073
167.0, 2.716989445598391
168.0, 2.626804219754004
169.0, 2.5366381274418512
170.0, 2.4464931133590913
171.0, 2.3563715966041325
172.0, 2.2662763803868784
173.0, 2.176210731239897
174.0, 2.1685599852333115
175.0, 2.0779547835507626
176.0, 1.9873846529999804
177.0, 1.9797792962863014
178.0, 1.9721953160492103
179.0, 1.9646329598445442
180.0, 1.9570924783431052
181.0, 1.8708301938361938
182.0, 1.8634287859704721
183.0, 1.8560517412551127
184.0, 1.8486993513460794
185.0, 1.8413719115749607
186.0, 1.8340697209827017
187.0, 1.8267930823529075
188.0, 1.7375747997856525
189.0, 1.7303060606943144
190.0, 1.6424911900965788
191.0, 1.5548386654775919
192.0, 1.4673773759440105
193.0, 1.380143678335502
194.0, 1.2931836311659295
195.0, 1.206556404247425
196.0, 1.120339203542562
197.0, 1.0346345378959745
198.0, 0.9495811943530581
199.0, 0.8653712405549843
200.0, 0.7822770896167761
201.0, 0.700695816704969
202.0, 0.6212237373163729
203.0, 0.5447846893147138
204.0, 0.4728518851258449
205.0, 0.40781683936704954
206.0, 0.35350723517988053
207.0, 0.31551113740507725
208.0, 0.300090506310507
209.0, 0.3106259290170028
210.0, 0.34474591400999144
211.0, 0.3964063273427976
212.0, 0.4597319479395275
213.0, 0.4605279910797769
214.0, 0.5345624190599754
215.0, 0.6124681351463864
216.0, 0.6148578608628135
217.0, 0.6174003248933612
218.0, 0.6200936485004435
219.0, 0.6229358749191488
220.0, 0.6259249757203413
221.0, 0.6290588571972139
222.0, 0.6323353667355244
223.0, 0.635752299130224
224.0, 0.6393074028139453
225.0, 0.6429983859657729
226.0, 0.6468229224718277
227.0, 0.6507786577123851
228.0, 0.6548632141534609
229.0, 0.6590741967240108
230.0, 0.6634091979630138
231.0, 0.6634091979630138
232.0, 0.6634091979630138
233.0, 0.6634091979630138
234.0, 0.6634091979630138
235.0, 0.6634091979630138
236.0, 0.6634091979630138
237.0, 0.6634091979630138
238.0, 0.6634091979630138
239.0, 0.6634091979630138
240.0, 0.6634091979630138
241.0, 0.6634091979630138
242.0, 0.6634091979630138
243.0, 0.6634091979630138
244.0, 0.6634091979630138
245.0, 0.6634091979630138
246.0, 0.6634091979630138
247.0, 0.6634091979630138
248.0, 0.6634091979630138
249.0, 0.6634091979630138
250.0, 0.6634091979630138
251.0, 0.6634091979630138
252.0, 0.6634091979630138
253.0, 0.6634091979630138
254.0, 0.6634091979630138
255.0, 0.6634091979630138
256.0, 0.6634091979630138
257.0, 0.6634091979630138
258.0, 0.6634091979630138
259.0, 0.6634091979630138
260.0, 0.6634091979630138
261.0, 0.6590741967240108
262.0, 0.6548632141534609
263.0, 0.6507786577123851
264.0, 0.6468229224718277
265.0, 0.6429983859657729
266.0, 0.6393074028139453
267.0, 0.635752299130224
268.0, 0.6323353667355244
269.0, 0.6290588571972139
270.0, 0.6259249757203413
271.0, 0.6229358749191488
272.0, 0.6200936485004435
273.0, 0.6174003248933612
274.0, 0.6148578608628135
275.0, 0.6124681351463864
276.0, 0.6102329421566163
277.0, 0.6081539857923143
278.0, 0.606232873403915
279.0, 0.6044711099586038
280.0, 0.6028700924512146
281.0, 0.6014311046065178
282.0, 0.6001553119175292
ee_dist
0.0, 0.9738799124877292
1.0, 0.9927700730276974
2.0, 1.0769401019365128
3.0, 1.1571170861644977
4.0, 1.1846953836420795
5.0, 1.210084785751895
6.0, 1.2445191764303591
7.0, 1.28080298650966
8.0, 1.31668455809716
9.0, 1.3575587658383763
10.0, 1.3983144409172374
11.0, 1.437730383410201
12.0, 1.4770516595560954
13.0, 1.5202893950334493
14.0, 1.5589643975398146
15.0, 1.5965391518814827
16.0, 1.6298149470463934
17.0, 1.669392941803627
18.0, 1.7053809324942963
19.0, 1.7389357050543586
20.0, 1.7632634820551547
21.0, 1.7321161152735813
22.0, 1.6929630479639581
23.0, 1.6498740280519788
24.0, 1.602447305871338
25.0, 1.5515830817881442
26.0, 1.4970584517555223
27.0, 1.4391684818884998
28.0, 1.3780153821216072
29.0, 1.3139984199099966
30.0, 1.2472676262147517
31.0, 1.1783436960478655
32.0, 1.1074677683439254
33.0, 1.0353144151577374
34.0, 0.9623030570399062
35.0, 0.8893814067102531
36.0, 0.8173394896095176
37.0, 0.752039332196222
38.0, 0.6859096451037744
39.0, 0.625534895311446
40.0, 0.5733793554045901
41.0, 0.5883707073937886
42.0, 0.7104473755044257
43.0, 1.1055600653381659
44.0, 1.0651030500287728
45.0, 1.0221606121030218
46.0, 0.9776724521521979
47.0, 0.9303812299935899
48.0, 0.8814143180602115
49.0, 0.8300025931423908
50.0, 0.7771939447585282
51.0, 0.7232273934417964
52.0, 0.6684684920972901
53.0, 0.6129458076447214
54.0, 0.5568499209251295
55.0, 0.500396165395748
56.0, 0.44470499390205614
57.0, 0.39028685878301783
58.0, 0.4365067716298635
59.0, 0.5085120638466979
60.0, 0.5899742795784763
61.0, 0.6805148213790481
62.0, 0.7745641106146518
63.0, 0.8669207778878653
64.0, 0.9533235130599391
65.0, 1.020376539553135
66.0, 1.077614888255678
67.0, 1.135865049714824
68.0, 1.189277396997481
69.0, 1.242066087136269
70.0, 1.2950165886241076
71.0, 1.3462500120181524
72.0, 1.4020226005543353
73.0, 1.4632825585306897
74.0, 1.5291951816861922
75.0, 1.6062044957477368
76.0, 1.6924497496320365
77.0, 1.7880789745886525
78.0, 1.8880039470496357
79.0, 1.98710370995116
80.0, 2.0809595903659064
81.0, 2.1597312792939327
82.0, 2.223648124706083
83.0, 2.2865380350185425
84.0, 2.346851044065478
85.0, 2.406367276763913
86.0, 2.4549915832278058
87.0, 2.483365080303547
88.0, 2.5146716871461514
89.0, 2.554384490973989
90.0, 2.605026747645934
91.0, 2.68921395035695
92.0, 2.7820064463576135
93.0, 2.884509070313906
94.0, 2.9909143569308028
95.0, 3.099277917385057
96.0, 3.1999180183601528
97.0, 3.2910481489028345
98.0, 3.3621793014466257
99.0, 3.4308456168129524
100.0, 3.4955758301091886
101.0, 3.560430580090833
102.0, 3.6224111589093777
103.0, 3.6858836041873624
104.0, 3.748649880541311
105.0, 3.8192568964520164
106.0, 3.892714035850564
107.0, 3.9749099466627715
108.0, 4.06537623500266
109.0, 4.166460607479674
110.0, 4.272142116878573
111.0, 4.3817260843880685
112.0, 4.483898919556436
113.0, 4.579771721711176
114.0, 4.653600116118351
115.0, 4.721682451762363
116.0, 4.787536932249851
117.0, 4.832532235156829
118.0, 4.874976271857629
119.0, 4.918355092247444
120.0, 4.958639551603582
121.0, 4.99933552364736
122.0, 5.036452207376452
123.0, 5.07351386330289
124.0, 5.106572976603767
125.0, 5.139168199248633
126.0, 5.167404755260598
127.0, 5.194833933829438
128.0, 5.217615802791695
129.0, 5.239309974009643
130.0, 5.256133817804801
131.0, 5.271657752655585
132.0, 5.282158420852017
133.0, 5.291210880131504
134.0, 5.2951553024047024
135.0, 5.297569796173939
136.0, 5.294860216782016
137.0, 5.2906056657134135
138.0, 5.281279917384109
139.0, 5.270460349320603
140.0, 5.2546877241322205
141.0, 5.237543857579726
142.0, 5.215632849540382
143.0, 4.58960987785174
144.0, 4.578477571852433
145.0, 4.567951572426723
146.0, 4.561854063428215
147.0, 4.556382867373645
148.0, 4.555532726554754
149.0, 4.555301691901529
150.0, 4.5597301799552215
151.0, 4.476151387276111
152.0, 4.394622018902979
153.0, 4.311103116121458
154.0, 4.22963611269645
155.0, 4.146184325766798
156.0, 4.064787351979339
157.0, 3.9814111226580255
158.0, 3.900093127347437
159.0, 3.8168023450788806
160.0, 3.735573878447654
161.0, 3.652380242275284
162.0, 3.5712537875211865
163.0, 3.488171193664373
164.0, 3.407161774579346
165.0, 3.3242067922206067
166.0, 3.243332232267033
167.0, 3.2499266858079
168.0, 3.1709068899803223
169.0, 3.0900946501243673
170.0, 3.011437323581644
171.0, 2.9310240970848507
172.0, 2.8527904408698124
173.0, 2.7728464926012757
174.0, 2.785332079367013
175.0, 2.70858654745258
176.0, 2.63416903005736
177.0, 2.6479094040061932
178.0, 2.6657206233534647
179.0, 2.6839896713281712
180.0, 2.705785204644897
181.0, 2.6485748555942252
182.0, 2.627808410000017
183.0, 2.6074220473161254
184.0, 2.590784953757439
185.0, 2.5746579308290376
186.0, 2.562781248775159
187.0, 2.5515276217499996
188.0, 2.4726522951511796
189.0, 2.463757208163671
190.0, 2.3831830265079654
191.0, 2.3007314524203113
192.0, 2.2204206814364746
193.0, 2.1382673579271496
194.0, 2.058283318442694
195.0, 1.9765032060462053
196.0, 1.8969312025272855
197.0, 1.815626091671575
198.0, 1.7365832277714923
199.0, 1.6558945732502914
200.0, 1.5775456185310122
201.0, 1.4976752392940291
202.0, 1.4180651213464182
203.0, 1.317820594532919
204.0, 1.242369819451013
205.0, 1.1812951962335223
206.0, 1.1105764910377645
207.0, 1.035916422149089
208.0, 0.9650601526912939
209.0, 0.89609774544245
210.0, 0.8286314646262061
211.0, 0.7626080246009183
212.0, 0.7020625638085436
213.0, 0.6819019161859108
214.0, 0.6197815778928366
215.0, 0.5614509609710068
216.0, 0.5410760752786861
217.0, 0.5240471586295323
218.0, 0.5089169999023773
219.0, 0.49686611278600434
220.0, 0.49027178101376323
221.0, 0.4857451942688466
222.0, 0.4873130223033835
223.0, 0.4910256610453442
224.0, 0.5005840788374122
225.0, 0.5120415214804953
226.0, 0.5285223989098154
227.0, 0.5464479400844456
228.0, 0.5682698004644142
229.0, 0.5910616117457044
230.0, 0.5915499238785605
231.0, 0.5911820325321357
232.0, 0.591540373816264
233.0, 0.5910633394736322
234.0, 0.5915500086137926
235.0, 0.5910616117457044
236.0, 0.5915503558963213
237.0, 0.5910616391550441
238.0, 0.5915503558963213
239.0, 0.5910616117457044
240.0, 0.5915503558963213
241.0, 0.5910616117457044
242.0, 0.5915499238785605
243.0, 0.5963212742449508
244.0, 0.6059767874100301
245.0, 0.6168777367946015
246.0, 0.6297782858615381
247.0, 0.6437644925850494
248.0, 0.6594717054417323
249.0, 0.6759299704190808
250.0, 0.6938500275411896
251.0, 0.7122434781653334
252.0, 0.7318356027257247
253.0, 0.7516581252188296
254.0, 0.7723879556987544
255.0, 0.7931240927185668
256.0, 0.8144577797282112
257.0, 0.8355868318925438
258.0, 0.8570152295375542
259.0, 0.8780536038572192
260.0, 0.899145271310426
261.0, 0.9196654166493822
262.0, 0.9400390944430131
263.0, 0.9221110407600626
264.0, 0.9009867804693988
265.0, 0.8792526926903661
266.0, 0.8568030564925986
267.0, 0.8338586885750372
268.0, 0.8104995880458262
269.0, 0.7869812803360393
270.0, 0.7634084701315975
271.0, 0.740085277249449
272.0, 0.7163055491277057
273.0, 0.6924952174576285
274.0, 0.6708251288790855
275.0, 0.6383474277320954
276.0, 0.6092198757702025
277.0, 0.5917153987712962
278.0, 0.576645273858329
279.0, 0.5635894591043897
280.0, 0.5536687685481558
281.0, 0.5473777827052356
282.0, 0.5448577426999867
ee_box_dist
0.0, 0.8734733982010244
1.0, 0.9107092711410264
2.0, 0.9408106569773305
3.0, 0.973196651011368
4.0, 1.0074943685599176
5.0, 1.043387272361442
6.0, 1.0805758106938161
7.0, 1.1156865234133315
8.0, 1.1488281850385273
9.0, 1.1864496718313016
10.0, 1.2235477737537768
11.0, 1.259308168004323
12.0, 1.2950486872296674
13.0, 1.3347515515387327
14.0, 1.3702279664987085
15.0, 1.404764415541186
16.0, 1.435221330585487
17.0, 1.4720142735100905
18.0, 1.5055486380288636
19.0, 1.5368700208999657
20.0, 1.5593488127304678
21.0, 1.5288066163976486
22.0, 1.4906925937151732
23.0, 1.448655203732657
24.0, 1.4023799816699467
25.0, 1.3527195391917877
26.0, 1.2994526610543629
27.0, 1.2428537128376962
28.0, 1.182986564313762
29.0, 1.12020706174285
30.0, 1.054597394303859
31.0, 0.9866001730841413
32.0, 0.9163510347976457
33.0, 0.8444182416901389
34.0, 0.7710708279175753
35.0, 0.697076042456527
36.0, 0.6230014011976818
37.0, 0.5571681517920538
38.0, 0.4915059250637814
39.0, 0.42810886730475955
40.0, 0.3710535246849093
41.0, 0.38499552577625934
42.0, 0.3993449654392043
43.0, 0.4134840278750272
44.0, 0.42795904789928674
45.0, 0.44214887052692303
46.0, 0.4565846914600457
47.0, 0.4707323596991363
48.0, 0.4849970910480081
49.0, 0.4990410300946771
50.0, 0.513048998704446
51.0, 0.5269039282682864
52.0, 0.5406190825083671
53.0, 0.5541679414227488
54.0, 0.5675089856511433
55.0, 0.5806118776859237
56.0, 0.5934361314906106
57.0, 0.6059719706851499
58.0, 0.6181925487726352
59.0, 0.6301212775572088
60.0, 0.6417107494655653
61.0, 0.6530125943947949
62.0, 0.663959400244596
63.0, 0.6746088863048654
64.0, 0.6848997690003865
65.0, 0.6948828425733707
66.0, 0.7045090346588538
67.0, 0.7138144903230612
68.0, 0.722754159074752
69.0, 0.7313530880857019
70.0, 0.7395728290632503
71.0, 0.7474343245353404
72.0, 0.7549033557614787
73.0, 0.7619985197486356
74.0, 0.7686883985351751
75.0, 0.7749879670602539
76.0, 0.7808685602556161
77.0, 0.7863420758491348
78.0, 0.7913808179441791
79.0, 0.7959946486718841
80.0, 0.8001565687588819
81.0, 0.8038741420164313
82.0, 0.8071207480240605
83.0, 0.8099033698848577
84.0, 0.8121943956017366
85.0, 0.8140028182310028
86.0, 0.8339391249663839
87.0, 0.878543733551552
88.0, 0.9171653115008431
89.0, 0.951131566000063
90.0, 0.9770442730948692
91.0, 0.9757322876296701
92.0, 0.9764881192965387
93.0, 0.9755149706193973
94.0, 0.976503614372521
95.0, 0.9755128987737041
96.0, 0.9765037848598592
97.0, 0.9755128812989776
98.0, 0.9765037280307461
99.0, 0.9755128812989776
100.0, 0.9765037454924526
101.0, 0.9755128244740401
102.0, 0.9765037280307461
103.0, 0.9755128244740401
104.0, 0.9765037848598592
105.0, 0.9755128419487675
106.0, 0.9765037280307461
107.0, 0.9755128419487675
108.0, 0.9765037848598592
109.0, 0.9755128812989776
110.0, 0.9765037280307461
111.0, 0.9755128812989776
112.0, 0.9765037454924526
113.0, 0.9755128244740401
114.0, 0.9765037848598592
115.0, 0.9755128244740401
116.0, 0.9765037848598592
117.0, 0.9755128812989776
118.0, 0.9765037280307461
119.0, 0.9755128419487675
120.0, 0.9765037848598592
121.0, 0.9755128244740401
122.0, 0.9765037280307461
123.0, 0.9755128419487675
124.0, 0.9765037848598592
125.0, 0.9755128244740401
126.0, 0.9765037280307461
127.0, 0.9755128419487675
128.0, 0.9765037848598592
129.0, 0.9755128244740401
130.0, 0.9765037280307461
131.0, 0.9755128419487675
132.0, 0.9765037848598592
133.0, 0.9755128244740401
134.0, 0.9765037280307461
135.0, 0.9755128419487675
136.0, 0.9765037848598592
137.0, 0.9755128244740401
138.0, 0.9765037280307461
139.0, 0.9755128419487675
140.0, 0.9765037848598592
141.0, 0.9755128244740401
142.0, 0.9765037280307461
143.0, 1.7002727925294814
144.0, 1.6948465214213009
145.0, 1.6894882503967568
146.0, 1.680465223925071
147.0, 1.6715129404209434
148.0, 1.6590330672172968
149.0, 1.6466209543848942
150.0, 1.630880910491203
151.0, 1.7000541712733657
152.0, 1.7688455410415476
153.0, 1.840473213634959
154.0, 1.9113900844524212
155.0, 1.9849570541569044
156.0, 2.0575629215189832
157.0, 2.132679816583714
158.0, 2.206643131832301
159.0, 2.283012765004933
160.0, 2.358079358440219
161.0, 2.4354726865157454
162.0, 2.5114454452221797
163.0, 2.5896838649241753
164.0, 2.6664081106866755
165.0, 2.745347628878038
166.0, 2.822697916209805
167.0, 2.813149857894097
168.0, 2.8888407031258483
169.0, 2.9667519135120273
170.0, 3.043116090216094
171.0, 3.121685948621037
172.0, 3.198646341835031
173.0, 3.277772542769406
174.0, 3.2658183107383527
175.0, 3.3430621610276163
176.0, 3.418771366946946
177.0, 3.4071722184438418
178.0, 3.391811955184918
179.0, 3.376324203942244
180.0, 3.3573816739568634
181.0, 3.4227890845420026
182.0, 3.4397493822131473
183.0, 3.4565821188594934
184.0, 3.4697595767710525
185.0, 3.4827909550159313
186.0, 3.491907863445396
187.0, 3.5008676002467425
188.0, 3.580733701403603
189.0, 3.5874358850376926
190.0, 3.6684132443949933
191.0, 3.7514333920663967
192.0, 3.832525308208224
193.0, 3.9156576508549046
194.0, 3.9968510033406264
195.0, 4.080080625525501
196.0, 4.161364976248043
197.0, 4.244680713578731
198.0, 4.326045297057749
199.0, 4.409438107630457
200.0, 4.490870482080675
201.0, 4.574330475525324
202.0, 4.657707102745095
203.0, 4.75025444269513
204.0, 4.836118951487105
205.0, 4.904536248669095
206.0, 4.987734975127799
207.0, 5.068272544032087
208.0, 5.148400714530483
209.0, 5.235218766004599
210.0, 5.316694956141782
211.0, 5.400430937792947
212.0, 5.482156289157563
213.0, 5.485367145592288
214.0, 5.567279048558653
215.0, 5.651487463995712
216.0, 5.651273777360002
217.0, 5.64785862562135
218.0, 5.643559064846283
219.0, 5.637358639343936
220.0, 5.627343321424247
221.0, 5.616981245474458
222.0, 5.602770777878302
223.0, 5.588227342993427
224.0, 5.570174344556494
225.0, 5.551788078469316
226.0, 5.530321849587866
227.0, 5.5085323976029406
228.0, 5.484175540676426
229.0, 5.459512697129293
230.0, 5.459090978737167
231.0, 5.459510584757884
232.0, 5.459081263323031
233.0, 5.459497862438539
234.0, 5.459079364713256
235.0, 5.459501934799868
236.0, 5.459077997570288
237.0, 5.459502109069438
238.0, 5.459078722391078
239.0, 5.459500498689368
240.0, 5.459078037412076
241.0, 5.459500471161164
242.0, 5.4590785472307894
243.0, 5.457944432050565
244.0, 5.458714164571354
245.0, 5.458818305812236
246.0, 5.457949547634257
247.0, 5.456412954883099
248.0, 5.453797077269151
249.0, 5.450437233468836
250.0, 5.445944687846632
251.0, 5.440722650336978
252.0, 5.434382034562534
253.0, 5.427426639373285
254.0, 5.419434316365474
255.0, 5.411001380616752
256.0, 5.4016586979253
257.0, 5.392073176634404
258.0, 5.381731384066058
259.0, 5.371340058299217
260.0, 5.3603446352334085
261.0, 5.3495027428464965
262.0, 5.3382110133342655
263.0, 5.35704259106067
264.0, 5.380809394132864
265.0, 5.404843046647043
266.0, 5.429213103552009
267.0, 5.453718149505456
268.0, 5.478171717676196
269.0, 5.502385952283924
270.0, 5.52618030653351
271.0, 5.549373244611052
272.0, 5.572804106999854
273.0, 5.595952440667411
274.0, 5.615834478361612
275.0, 5.6480889831944525
276.0, 5.6771519183019965
277.0, 5.693403607788551
278.0, 5.708148281772221
279.0, 5.72179099039803
280.0, 5.733369312602203
281.0, 5.74266551879168
282.0, 5.749619980119228
spot_hold
0, 0
1, 0
2, 0
3, 0
4, 0
5, 0
6, 0
7, 0
8, 0
9, 0
10, 0
11, 0
12, 0
13, 0
14, 0
15, 0
16, 0
17, 0
18, 0
19, 0
20, 0
21, 0
22, 0
23, 0
24, 0
25, 0
26, 0
27, 0
28, 0
29, 0
30, 0
31, 0
32, 0
33, 0
34, 0
35, 0
36, 0
37, 0
38, 0
39, 0
40, 0
41, 1
42, 1
43, 1
44, 1
45, 1
46, 1
47, 1
48, 1
49, 1
50, 1
51, 1
52, 1
53, 1
54, 1
55, 1
56, 1
57, 1
58, 1
59, 1
60, 1
61, 1
62, 1
63, 1
64, 1
65, 1
66, 1
67, 1
68, 1
69, 1
70, 1
71, 1
72, 1
73, 1
74, 1
75, 1
76, 1
77, 1
78, 1
79, 1
80, 1
81, 1
82, 1
83, 1
84, 1
85, 1
86, 1
87, 1
88, 1
89, 1
90, 1
91, 1
92, 1
93, 1
94, 1
95, 1
96, 1
97, 1
98, 1
99, 1
100, 1
101, 1
102, 1
103, 1
104, 1
105, 1
106, 1
107, 1
108, 1
109, 1
110, 1
111, 1
112, 1
113, 1
114, 1
115, 1
116, 1
117, 1
118, 1
119, 1
120, 1
121, 1
122, 1
123, 1
124, 1
125, 1
126, 1
127, 1
128, 1
129, 1
130, 1
131, 1
132, 1
133, 1
134, 1
135, 1
136, 1
137, 1
138, 1
139, 1
140, 1
141, 1
142, 1
143, 1
144, 1
145, 1
146, 1
147, 1
148, 1
149, 1
150, 1
151, 1
152, 1
153, 1
154, 1
155, 1
156, 1
157, 1
158, 1
159, 1
160, 1
161, 1
162, 1
163, 1
164, 1
165, 1
166, 1
167, 1
168, 1
169, 1
170, 1
171, 1
172, 1
173, 1
174, 1
175, 1
176, 1
177, 1
178, 1
179, 1
180, 1
181, 1
182, 1
183, 1
184, 1
185, 1
186, 1
187, 1
188, 1
189, 1
190, 1
191, 1
192, 1
193, 1
194, 1
195, 1
196, 1
197, 1
198, 1
199, 1
200, 1
201, 1
202, 1
203, 1
204, 1
205, 1
206, 1
207, 1
208, 1
209, 1
210, 1
211, 1
212, 1
213, 1
214, 1
215, 1
216, 1
217, 1
218, 1
219, 1
220, 1
221, 1
222, 1
223, 1
224, 1
225, 1
226, 1
227, 1
228, 1
229, 1
230, 1
231, 1
232, 1
233, 1
234, 1
235, 1
236, 1
237, 1
238, 1
239, 1
240, 1
241, 1
242, 1
243, 1
244, 1
245, 1
246, 1
247, 1
248, 1
249, 1
250, 1
251, 1
252, 1
253, 1
254, 1
255, 1
256, 1
257, 1
258, 1
259, 1
260, 1
261, 1
262, 1
263, 1
264, 1
265, 1
266, 1
267, 1
268, 1
269, 1
270, 1
271, 1
272, 1
273, 1
274, 1
275, 1
276, 1
277, 1
278, 1
279, 1
280, 1
281, 1
282, 1
