bot_dist
0.0, 3.029516453448734
1.0, 3.0333487439553717
2.0, 3.0372091255542557
3.0, 3.041097491268545
4.0, 3.045013733894317
5.0, 3.048957746011833
6.0, 3.0529294199967154
7.0, 3.0569286480310245
8.0, 3.060955322114237
9.0, 3.0650093340741282
10.0, 3.0690905755775555
11.0, 3.0731989381411333
12.0, 3.077334313141811
13.0, 3.0814965918273476
14.0, 3.085685665326673
15.0, 3.0899014246601526
16.0, 3.0941437607497413
17.0, 3.0984125644290237
18.0, 3.1027077264531546
19.0, 3.107029137508682
20.0, 3.1113766882232636
21.0, 3.11575026917527
22.0, 3.1201497709032724
23.0, 3.1245750839154276
24.0, 3.1290260986987364
25.0, 3.1335027057282
26.0, 3.138004795475851
27.0, 3.1425322584196818
28.0, 3.1470849850524463
29.0, 3.151662865890351
30.0, 3.1562657914816334
31.0, 3.16089365241502
32.0, 3.1655463393280665
33.0, 3.1702237429153897
34.0, 3.1749257539367717
35.0, 3.1796521502478137
36.0, 3.1844029345795177
37.0, 3.1891779979424584
38.0, 3.193977231443647
39.0, 3.198800526294053
40.0, 3.203647773816018
41.0, 3.2085188654505488
42.0, 3.213413692764496
43.0, 3.2183321474576183
44.0, 3.223274121369528
45.0, 3.228239506486527
46.0, 3.2332281949483206
47.0, 3.2382400790546253
48.0, 3.2432750512716564
49.0, 3.248333004238506
50.0, 3.253413830773405
51.0, 3.2585174238798746
52.0, 3.263643676752767
53.0, 3.2687924827841903
54.0, 3.273963735569329
55.0, 3.2791573289121474
56.0, 3.284373156830989
57.0, 3.2896111135640624
58.0, 3.2948710935748236
59.0, 3.3001529915572476
60.0, 3.305456702440992
61.0, 3.3107821213964588
62.0, 3.3161291438397456
63.0, 3.321497665437497
64.0, 3.3268875821116484
65.0, 3.3322987900440695
66.0, 3.3377311856811027
67.0, 3.343184665738003
68.0, 3.3486591272032733
69.0, 3.3541544673429087
70.0, 3.3596705837045278
71.0, 3.36520737412142
72.0, 3.3707647367164886
73.0, 3.3763425699060963
74.0, 3.381940772403821
75.0, 3.3875592432241146
76.0, 3.393197881685867
77.0, 3.3988565874158763
78.0, 3.4045352603522367
79.0, 3.4102338007476227
80.0, 3.4159521091724945
81.0, 3.4216900865182076
82.0, 3.4274476340000404
83.0, 3.433224653160131
84.0, 3.43902104587033
85.0, 3.44483671433497
86.0, 3.4506715610935457
87.0, 3.4565254890233224
88.0, 3.4623984013418494
89.0, 3.468290201609405
90.0, 3.4742007937313506
91.0, 3.480130081960417
92.0, 3.486077970898904
93.0, 3.492044365500809
94.0, 3.49802917107388
95.0, 3.5040322932815853
96.0, 3.5100536381450254
97.0, 3.516093112044757
98.0, 3.5221506217225533
99.0, 3.528226074283092
100.0, 3.5343193771955765
101.0, 3.5343193771955765
102.0, 3.5343193771955765
103.0, 3.5343193771955765
104.0, 3.5343193771955765
105.0, 3.5343193771955765
106.0, 3.5343193771955765
107.0, 3.5343193771955765
108.0, 3.5343193771955765
109.0, 3.5343193771955765
110.0, 3.5343193771955765
111.0, 3.5343193771955765
112.0, 3.5343193771955765
113.0, 3.5343193771955765
114.0, 3.5343193771955765
115.0, 3.5343193771955765
116.0, 3.5343193771955765
117.0, 3.5343193771955765
118.0, 3.5343193771955765
119.0, 3.5343193771955765
120.0, 3.5343193771955765
121.0, 3.5343193771955765
122.0, 3.5343193771955765
123.0, 3.5343193771955765
124.0, 3.5343193771955765
125.0, 3.5343193771955765
126.0, 3.5343193771955765
127.0, 3.5343193771955765
128.0, 3.5343193771955765
129.0, 3.5343193771955765
130.0, 3.5343193771955765
131.0, 3.528226074283092
132.0, 3.5221506217225533
133.0, 3.516093112044757
134.0, 3.5100536381450254
135.0, 3.5040322932815853
136.0, 3.49802917107388
137.0, 3.492044365500809
138.0, 3.486077970898904
139.0, 3.480130081960417
140.0, 3.4742007937313506
141.0, 3.468290201609405
142.0, 3.4623984013418494
143.0, 3.4612184213787636
144.0, 3.4553724440013047
145.0, 3.449545548714197
146.0, 3.4437378323796426
147.0, 3.437949392194464
148.0, 3.432180325687486
149.0, 3.426430730716844
150.0, 3.4207007054671994
151.0, 3.3319291461827936
152.0, 3.2432179292332566
153.0, 3.154572145368807
154.0, 3.065997470105368
155.0, 2.977500249465535
156.0, 2.8890876011227453
157.0, 2.800767534243798
158.0, 2.7125490921467286
159.0, 2.6244425229478834
160.0, 2.5364594847399218
161.0, 2.448613293624826
162.0, 2.3609192252646802
163.0, 2.273394883704014
164.0, 2.186060655333664
165.0, 2.098940271390103
166.0, 2.0120615098568733
167.0, 2.007252789622644
168.0, 1.9222670792348897
169.0, 1.8378033321663405
170.0, 1.7539368389371006
171.0, 1.6707575424600438
172.0, 1.588373406929578
173.0, 1.5069148540785307
174.0, 1.5032254767431763
175.0, 1.4260778923980426
176.0, 1.3506544438246681
177.0, 1.3476761196011344
178.0, 1.344765563093266
179.0, 1.3419232152543072
180.0, 1.339149510403486
181.0, 1.286433045362326
182.0, 1.2842921786377988
183.0, 1.2822257288164163
184.0, 1.2802340562513896
185.0, 1.278317510461119
186.0, 1.2764764298394506
187.0, 1.274711141372177
188.0, 1.2013310237564505
189.0, 1.2000517910327309
190.0, 1.1259672586864964
191.0, 1.0542330905069501
192.0, 0.9853627380911166
193.0, 0.9199995745269366
194.0, 0.8589446336370001
195.0, 0.8031810040025793
196.0, 0.7538837720365895
197.0, 0.7123967124445245
198.0, 0.6801504527971617
199.0, 0.6585039326802609
200.0, 0.6485194281186359
201.0, 0.6507339673907022
202.0, 0.6650256930085725
203.0, 0.6906452611752204
204.0, 0.7263950781653277
205.0, 0.7708670253413389
206.0, 0.822647774148307
207.0, 0.8804487368612051
208.0, 0.9431637315686955
209.0, 1.009877665477086
210.0, 1.0798496202199082
211.0, 1.1524863269147614
212.0, 1.227314749173432
213.0, 1.2365961275384474
214.0, 1.309022821170386
215.0, 1.3833296227347234
216.0, 1.3923612343391671
217.0, 1.401406000344284
218.0, 1.4104636676876208
219.0, 1.4195339894092167
220.0, 1.428616724480242
221.0, 1.4377116376369228
222.0, 1.4468184992195834
223.0, 1.45593708501664
224.0, 1.4650671761133933
225.0, 1.474208558745462
226.0, 1.4833610241567126
227.0, 1.4925243684615364
228.0, 1.5016983925113399
229.0, 1.5108829017651089
230.0, 1.5200777061639141
231.0, 1.5200777061639141
232.0, 1.5200777061639141
233.0, 1.5200777061639141
234.0, 1.5200777061639141
235.0, 1.5200777061639141
236.0, 1.5200777061639141
237.0, 1.5200777061639141
238.0, 1.5200777061639141
239.0, 1.5200777061639141
240.0, 1.5200777061639141
241.0, 1.5200777061639141
242.0, 1.5200777061639141
243.0, 1.5200777061639141
244.0, 1.5200777061639141
245.0, 1.5200777061639141
246.0, 1.5200777061639141
247.0, 1.5200777061639141
248.0, 1.5200777061639141
249.0, 1.5200777061639141
250.0, 1.5200777061639141
251.0, 1.5200777061639141
252.0, 1.5200777061639141
253.0, 1.5200777061639141
254.0, 1.5200777061639141
255.0, 1.5200777061639141
256.0, 1.5200777061639141
257.0, 1.5200777061639141
258.0, 1.5200777061639141
259.0, 1.5200777061639141
260.0, 1.5200777061639141
261.0, 1.5108829017651089
262.0, 1.5016983925113399
263.0, 1.4925243684615364
264.0, 1.4833610241567126
265.0, 1.474208558745462
266.0, 1.4650671761133933
267.0, 1.45593708501664
268.0, 1.4468184992195834
269.0, 1.4377116376369228
270.0, 1.428616724480242
271.0, 1.4195339894092167
272.0, 1.4104636676876208
273.0, 1.401406000344284
274.0, 1.3923612343391671
275.0, 1.3833296227347234
276.0, 1.374311424872716
277.0, 1.3653069065566668
278.0, 1.3563163402401277
279.0, 1.34734000522095
280.0, 1.3383781878417569
281.0, 1.3294311816968032
282.0, 1.3204992878454382
ee_dist
0.0, 0.9520368145883773
1.0, 0.9673184810502546
2.0, 1.0492744811191619
3.0, 1.1283650193258996
4.0, 1.1555660763307047
5.0, 1.1809093684219663
6.0, 1.2154991063945764
7.0, 1.2520367113401456
8.0, 1.288073212751154
9.0, 1.329080468268768
10.0, 1.3699442482955348
11.0, 1.4094395593475586
12.0, 1.448808895422994
13.0, 1.4920666872305635
14.0, 1.5300589520087478
15.0, 1.568417530385277
16.0, 1.601788951163229
17.0, 1.636696000952865
18.0, 1.6721499456136282
19.0, 1.7001204454454428
20.0, 1.7341059961778007
21.0, 1.6996903732700608
22.0, 1.6606919827400455
23.0, 1.6177774397316758
24.0, 1.5711315618305033
25.0, 1.5194614497323602
26.0, 1.4654562780166107
27.0, 1.4080537397014905
28.0, 1.3474203146391663
29.0, 1.2839342019678994
30.0, 1.2177327670869738
31.0, 1.149318595802032
32.0, 1.0789149681629062
33.0, 1.0071744390020703
34.0, 0.9344874015657146
35.0, 0.8617754468525027
36.0, 0.7897935366395233
37.0, 0.7199898904495308
38.0, 0.6525601871026686
39.0, 0.5930683012358029
40.0, 0.5413454630218355
41.0, 0.5564982814203475
42.0, 0.7073543642252682
43.0, 1.1338551416326632
44.0, 1.0931032955913398
45.0, 1.0509568299913186
46.0, 1.0061331884288873
47.0, 0.9594556120387114
48.0, 0.9102500143916741
49.0, 0.859159412667337
50.0, 0.8062644230124901
51.0, 0.752351681010969
52.0, 0.6975153344507773
53.0, 0.6418768620631013
54.0, 0.585576740541702
55.0, 0.5288112205452605
56.0, 0.4726271451127794
57.0, 0.41743616022935165
58.0, 0.4655343193829804
59.0, 0.5385047776638353
60.0, 0.6207446695061735
61.0, 0.7118172591224976
62.0, 0.8061585139171676
63.0, 0.8985985922731775
64.0, 0.9849663517823375
65.0, 1.0518756612997797
66.0, 1.1088569414606824
67.0, 1.1668846653349476
68.0, 1.220133361194131
69.0, 1.2727922158902432
70.0, 1.3256566389091924
71.0, 1.376810178395681
72.0, 1.4326920639747662
73.0, 1.493991975235294
74.0, 1.5599779599483807
75.0, 1.637049822374198
76.0, 1.7233555202113362
77.0, 1.8190273280157654
78.0, 1.918956108018249
79.0, 2.018010575832126
80.0, 2.111778510610024
81.0, 2.190416088212084
82.0, 2.2541606993645575
83.0, 2.3168530609866056
84.0, 2.377002204802103
85.0, 2.436375513266111
86.0, 2.4851808813944265
87.0, 2.513565385524225
88.0, 2.5441059447756915
89.0, 2.58363526169633
90.0, 2.6340696862834716
91.0, 2.7182100600828605
92.0, 2.811239803136731
93.0, 2.9138189703968638
94.0, 3.02026915138855
95.0, 3.128681674720267
96.0, 3.2293256807869954
97.0, 3.320454497516627
98.0, 3.3915474477231613
99.0, 3.4601669458659146
100.0, 3.5248526622216496
101.0, 3.5896955601944174
102.0, 3.6516577301926803
103.0, 3.715145562610154
104.0, 3.7779419660984166
105.0, 3.8485815354675785
106.0, 3.922068284780914
107.0, 4.0043138317500695
108.0, 4.094809660370215
109.0, 4.1959444327276225
110.0, 4.3016540642402
111.0, 4.411271989208738
112.0, 4.513446486172239
113.0, 4.609322352053363
114.0, 4.683122249090539
115.0, 4.751173163724262
116.0, 4.8169909225825105
117.0, 4.861981001336559
118.0, 4.904399248647171
119.0, 4.947760539174179
120.0, 4.988005277559894
121.0, 5.028671336317104
122.0, 5.065736559520926
123.0, 5.102754414635149
124.0, 5.135751058477141
125.0, 5.168293273026552
126.0, 5.196456506112042
127.0, 5.223821091333159
128.0, 5.246517874518254
129.0, 5.268138564177414
130.0, 5.2848701794870365
131.0, 5.300311308539681
132.0, 5.310711228034912
133.0, 5.319673907786394
134.0, 5.323511298756555
135.0, 5.32583071866526
136.0, 5.323009831118899
137.0, 5.318656969901219
138.0, 5.309216555845306
139.0, 5.298297913094976
140.0, 5.282413301909696
141.0, 5.265170775904955
142.0, 5.243149113348691
143.0, 4.61730554551942
144.0, 4.606332522990974
145.0, 4.59594872120297
146.0, 4.590005345209541
147.0, 4.584665294015927
148.0, 4.583957785061776
149.0, 4.583844009365415
150.0, 4.588398661671011
151.0, 4.504827849907608
152.0, 4.423324686567526
153.0, 4.3398146619841285
154.0, 4.258374884255218
155.0, 4.1749328297342165
156.0, 4.093564046979364
157.0, 4.010198555503656
158.0, 3.9289097785440954
159.0, 3.8456308020512817
160.0, 3.7644326237173757
161.0, 3.6812519020244303
162.0, 3.6001569621233664
163.0, 3.5170883349700373
164.0, 3.4361111540690494
165.0, 3.353171938349485
166.0, 3.272330775810726
167.0, 3.279022509422234
168.0, 3.200046738491648
169.0, 3.119261682510097
170.0, 3.040648151978529
171.0, 2.950487222729444
172.0, 2.882640108435767
173.0, 2.802887905536018
174.0, 2.7992980171830153
175.0, 2.7387826724125097
176.0, 2.6634984236353105
177.0, 2.6774377921247736
178.0, 2.695293921409839
179.0, 2.7135843161258664
180.0, 2.73540440140162
181.0, 2.6782050829043613
182.0, 2.6574374376846657
183.0, 2.6370208747955965
184.0, 2.6203568548341556
185.0, 2.6041716560927215
186.0, 2.5922394907967448
187.0, 2.5808994262045335
188.0, 2.502054887096786
189.0, 2.493061093170913
190.0, 2.4125121591106415
191.0, 2.33006676793523
192.0, 2.2497799113841963
193.0, 2.1676311403296715
194.0, 2.087668582055318
195.0, 2.0058897525778607
196.0, 1.9263349382585633
197.0, 1.845025302126942
198.0, 1.765992131135404
199.0, 1.6852889243397227
200.0, 1.6069367900233331
201.0, 1.5270346684137364
202.0, 1.449592775247795
203.0, 1.3707759574761087
204.0, 1.2820653108093627
205.0, 1.2188766586787736
206.0, 1.1426837110746217
207.0, 1.054424874873311
208.0, 0.9968132713316189
209.0, 0.9241492809555131
210.0, 0.8562476490692166
211.0, 0.7895231013949605
212.0, 0.7280262829513039
213.0, 0.7081964564645724
214.0, 0.6449402439587351
215.0, 0.5849658543721861
216.0, 0.5657533857504959
217.0, 0.547622533459439
218.0, 0.5343298256570133
219.0, 0.5226121322351028
220.0, 0.5165706541667497
221.0, 0.5124707003771859
222.0, 0.5143999618558566
223.0, 0.518352212374293
224.0, 0.5280677592507217
225.0, 0.5395771672538816
226.0, 0.5560529600335941
227.0, 0.5739067589124599
228.0, 0.5956378350516444
229.0, 0.5950467883826243
230.0, 0.5956372425776584
231.0, 0.5950467611814967
232.0, 0.5956378350516444
233.0, 0.5950467883826243
234.0, 0.595637215387725
235.0, 0.5950467611814967
236.0, 0.5956378350516444
237.0, 0.5950467883826243
238.0, 0.595637215387725
239.0, 0.5950467611814967
240.0, 0.5956378350516444
241.0, 0.5950467883826243
242.0, 0.5948188001499057
243.0, 0.6010600412174119
244.0, 0.6114034632455541
245.0, 0.6230899114460015
246.0, 0.6368733081165386
247.0, 0.6517708155912819
248.0, 0.6684865699897913
249.0, 0.6859670467957235
250.0, 0.7050018236797769
251.0, 0.7245068223872125
252.0, 0.7452855784719884
253.0, 0.7662706898885276
254.0, 0.7882189471908523
255.0, 0.8101234528277703
256.0, 0.8326599019642037
257.0, 0.8549247142301633
258.0, 0.8775036143618188
259.0, 0.8996125312438997
260.0, 0.9217789099173895
261.0, 0.9432857121329713
262.0, 0.9646433100520371
263.0, 0.9448012949871261
264.0, 0.9210790950174351
265.0, 0.8965375481038742
266.0, 0.8710350120104353
267.0, 0.844793070775155
268.0, 0.8178873624898952
269.0, 0.7905744347814018
270.0, 0.7629592334632892
271.0, 0.7353568939323826
272.0, 0.7079144808878599
273.0, 0.681012599517289
274.0, 0.6548573022110061
275.0, 0.6298840088499092
276.0, 0.6063137704202096
277.0, 0.5845987503690756
278.0, 0.5649407930682953
279.0, 0.5479625630910362
280.0, 0.5338394373574986
281.0, 0.5236271648541574
282.0, 0.5176631064497923
ee_box_dist
0.0, 0.8586018648195298
1.0, 0.8955744543817954
2.0, 0.9261449115788202
3.0, 0.959455094036844
4.0, 0.9940443739594547
5.0, 1.030265450861079
6.0, 1.0676516472034154
7.0, 1.103023332847749
8.0, 1.1362213637200658
9.0, 1.1739951894549068
10.0, 1.2111524463057208
11.0, 1.2473275832156219
12.0, 1.2875838037045149
13.0, 1.3267653492528566
14.0, 1.3612590750339764
15.0, 1.3964948952322542
16.0, 1.4269949316301225
17.0, 1.4592049747346083
18.0, 1.4921117257569978
19.0, 1.5179463620448952
20.0, 1.5498025761370153
21.0, 1.5158371514991604
22.0, 1.477447907247414
23.0, 1.4351699409712437
24.0, 1.3892048787860662
25.0, 1.3383601094572992
26.0, 1.2851091821394787
27.0, 1.2285180147754653
28.0, 1.1686947631432174
29.0, 1.1059808962385627
30.0, 1.0404543248339806
31.0, 0.9725498066435472
32.0, 0.9023938714743184
33.0, 0.830537213548112
34.0, 0.7572275127781564
35.0, 0.6832138614999886
36.0, 0.6090379148900972
37.0, 0.5358877875067913
38.0, 0.46797374526290875
39.0, 0.40637138652903826
40.0, 0.3500075756148558
41.0, 0.3647974540276443
42.0, 0.3791967271569743
43.0, 0.3938833039790837
44.0, 0.40837703503447387
45.0, 0.42308678935645244
46.0, 0.4375504008732433
47.0, 0.4521509159268227
48.0, 0.466503719310852
49.0, 0.48088444516061873
50.0, 0.49505884011787465
51.0, 0.5091533299818294
52.0, 0.5230638382512296
53.0, 0.536818095352319
54.0, 0.550355785051831
55.0, 0.5636664679479467
56.0, 0.5767008746985048
57.0, 0.5894588443475837
58.0, 0.6019052916886631
59.0, 0.6140654426009672
60.0, 0.6258904279778098
61.0, 0.6374284294426786
62.0, 0.6486153059390694
63.0, 0.6595033749858465
64.0, 0.6700350443364307
65.0, 0.6802558235060797
66.0, 0.6901185022397183
67.0, 0.6996569349136881
68.0, 0.7088275476920625
69.0, 0.7176546487668163
70.0, 0.7260998980976751
71.0, 0.7341848145344804
72.0, 0.7418748341073043
73.0, 0.7491879897413958
74.0, 0.7560933566796518
75.0, 0.7626057319953928
76.0, 0.7686961962445334
77.0, 0.7743762865008099
78.0, 0.779619064227737
79.0, 0.78443345039816
80.0, 0.7887929885034013
81.0, 0.7927050897242202
82.0, 0.7961428478323198
83.0, 0.7991133829142955
84.0, 0.8015895707299926
85.0, 0.8035800066988312
86.0, 0.8232980321376
87.0, 0.8681341681890966
88.0, 0.9077553986254701
89.0, 0.9419882808509653
90.0, 0.9682283458920931
91.0, 0.9670509609751508
92.0, 0.9676205216408511
93.0, 0.9666404680867127
94.0, 0.9676461037441784
95.0, 0.9666446529927593
96.0, 0.9676453788908584
97.0, 0.9666446814641725
98.0, 0.9676453788908584
99.0, 0.9666446814641725
100.0, 0.9676453788908584
101.0, 0.9666446814641725
102.0, 0.9676454358377456
103.0, 0.9666446245213457
104.0, 0.9676453788908584
105.0, 0.9666446814641725
106.0, 0.9676453788908584
107.0, 0.9666446814641725
108.0, 0.9676453788908584
109.0, 0.9666446814641725
110.0, 0.9676453788908584
111.0, 0.9666446814641725
112.0, 0.9676453788908584
113.0, 0.9666446814641725
114.0, 0.9676453788908584
115.0, 0.9666446814641725
116.0, 0.9676453788908584
117.0, 0.9666446814641725
118.0, 0.9676453788908584
119.0, 0.9666446814641725
120.0, 0.9676454643111895
121.0, 0.9666446529927593
122.0, 0.9676454073643019
123.0, 0.9666447099355862
124.0, 0.9676454073643019
125.0, 0.9666447099355862
126.0, 0.9676454073643019
127.0, 0.9666447099355862
128.0, 0.9676454073643019
129.0, 0.9666447384069997
130.0, 0.9676454358377456
131.0, 0.9666447384069997
132.0, 0.9676454358377456
133.0, 0.9666447384069997
134.0, 0.9676454358377456
135.0, 0.9666447384069997
136.0, 0.9676454358377456
137.0, 0.9666447384069997
138.0, 0.9676454358377456
139.0, 0.9666447668784135
140.0, 0.9676454643111895
141.0, 0.9666447668784135
142.0, 0.9676454643111895
143.0, 1.6916738591409648
144.0, 1.6868590490912738
145.0, 1.6821338008498259
146.0, 1.6737166614135899
147.0, 1.6653936228777315
148.0, 1.653503668679662
149.0, 1.6417060330547397
150.0, 1.6265298504088617
151.0, 1.6967600104751601
152.0, 1.7664901973477907
153.0, 1.8390218754289056
154.0, 1.9107409802042232
155.0, 1.9850852395222225
156.0, 2.058380445614628
157.0, 2.1341698019441924
158.0, 2.208729162594744
159.0, 2.285684485716029
160.0, 2.361269670718532
161.0, 2.439176476253062
162.0, 2.5156031753264316
163.0, 2.594294834000289
164.0, 2.671419525529192
165.0, 2.7507642709786078
166.0, 2.8284726506494526
167.0, 2.8192696981022896
168.0, 2.8953703127144017
169.0, 2.9737022288204304
170.0, 3.05044747401477
171.0, 3.1379052468517807
172.0, 3.2061781477145175
173.0, 3.2854537878030023
174.0, 3.28914189626601
175.0, 3.351383879394593
176.0, 3.4283110896948834
177.0, 3.416836725167085
178.0, 3.4017292550235694
179.0, 3.386504440348435
180.0, 3.367786649051712
181.0, 3.433796424615514
182.0, 3.450506140939697
183.0, 3.467110492763487
184.0, 3.480024958785492
185.0, 3.492816287754821
186.0, 3.5016665859518596
187.0, 3.5103756837249454
188.0, 3.590422997944106
189.0, 3.5968865913289365
190.0, 3.6779728673369285
191.0, 3.7611161822261763
192.0, 3.84230701518162
193.0, 3.9255511201696582
194.0, 4.0068339267615105
195.0, 4.090166815398713
196.0, 4.171530695100294
197.0, 4.254942243093525
198.0, 4.336378039484294
199.0, 4.419859515115434
200.0, 4.501359393505603
201.0, 4.584903325226488
202.0, 4.666460543570727
203.0, 4.750060483510833
204.0, 4.843899799551584
205.0, 4.913700405130456
206.0, 4.9971748792336115
207.0, 5.094270769386427
208.0, 5.161443643047694
209.0, 5.246076254490589
210.0, 5.327883832911525
211.0, 5.411655125978975
212.0, 5.493421270174181
213.0, 5.496508536656388
214.0, 5.578536596434982
215.0, 5.662597490304977
216.0, 5.661382384408196
217.0, 5.659894153910909
218.0, 5.654150716644416
219.0, 5.64811590425845
220.0, 5.63797903885726
221.0, 5.6275338785443765
222.0, 5.613238924586359
223.0, 5.598625389597747
224.0, 5.580508426801893
225.0, 5.562070177636351
226.0, 5.540562789910449
227.0, 5.5187389158854545
228.0, 5.494364846098341
229.0, 5.494855772085611
230.0, 5.494365479219166
231.0, 5.494855762017918
232.0, 5.494364846098341
233.0, 5.494855772085611
234.0, 5.494365469148866
235.0, 5.494855762017918
236.0, 5.494364846098341
237.0, 5.494855772085611
238.0, 5.494365469148866
239.0, 5.494855762017918
240.0, 5.494364846098341
241.0, 5.494855772085611
242.0, 5.495080851988877
243.0, 5.493067486033681
244.0, 5.4933355955747265
245.0, 5.492855958185441
246.0, 5.491297918192176
247.0, 5.489012918845731
248.0, 5.485521760860006
249.0, 5.4812173433850875
250.0, 5.475636198941014
251.0, 5.469253009614673
252.0, 5.4616069645269345
253.0, 5.453283589950706
254.0, 5.4437872798423115
255.0, 5.433812819892338
256.0, 5.422812075669453
257.0, 5.411555721132042
258.0, 5.399451034284201
259.0, 5.387312037921378
260.0, 5.374498338777941
261.0, 5.361881286613206
262.0, 5.348764970241647
263.0, 5.370224886334823
264.0, 5.397334239283114
265.0, 5.4247755521570715
266.0, 5.45263034884689
267.0, 5.480663928310637
268.0, 5.508665299298255
269.0, 5.536417842923588
270.0, 5.563716944727423
271.0, 5.590351591452888
272.0, 5.616131797924921
273.0, 5.6408617466975715
274.0, 5.664364737652256
275.0, 5.686485962716141
276.0, 5.707123354079818
277.0, 5.726184717961175
278.0, 5.743650069235632
279.0, 5.759301527290745
280.0, 5.7731754035208045
281.0, 5.784650035623171
282.0, 5.793587796681281
spot_hold
0, 0
1, 0
2, 0
3, 0
4, 0
5, 0
6, 0
7, 0
8, 0
9, 0
10, 0
11, 0
12, 0
13, 0
14, 0
15, 0
16, 0
17, 0
18, 0
19, 0
20, 0
21, 0
22, 0
23, 0
24, 0
25, 0
26, 0
27, 0
28, 0
29, 0
30, 0
31, 0
32, 0
33, 0
34, 0
35, 0
36, 0
37, 0
38, 0
39, 0
40, 0
41, 1
42, 1
43, 1
44, 1
45, 1
46, 1
47, 1
48, 1
49, 1
50, 1
51, 1
52, 1
53, 1
54, 1
55, 1
56, 1
57, 1
58, 1
59, 1
60, 1
61, 1
62, 1
63, 1
64, 1
65, 1
66, 1
67, 1
68, 1
69, 1
70, 1
71, 1
72, 1
73, 1
74, 1
75, 1
76, 1
77, 1
78, 1
79, 1
80, 1
81, 1
82, 1
83, 1
84, 1
85, 1
86, 1
87, 1
88, 1
89, 1
90, 1
91, 1
92, 1
93, 1
94, 1
95, 1
96, 1
97, 1
98, 1
99, 1
100, 1
101, 1
102, 1
103, 1
104, 1
105, 1
106, 1
107, 1
108, 1
109, 1
110, 1
111, 1
112, 1
113, 1
114, 1
115, 1
116, 1
117, 1
118, 1
119, 1
120, 1
121, 1
122, 1
123, 1
124, 1
125, 1
126, 1
127, 1
128, 1
129, 1
130, 1
131, 1
132, 1
133, 1
134, 1
135, 1
136, 1
137, 1
138, 1
139, 1
140, 1
141, 1
142, 1
143, 1
144, 1
145, 1
146, 1
147, 1
148, 1
149, 1
150, 1
151, 1
152, 1
153, 1
154, 1
155, 1
156, 1
157, 1
158, 1
159, 1
160, 1
161, 1
162, 1
163, 1
164, 1
165, 1
166, 1
167, 1
168, 1
169, 1
170, 1
171, 1
172, 1
173, 1
174, 1
175, 1
176, 1
177, 1
178, 1
179, 1
180, 1
181, 1
182, 1
183, 1
184, 1
185, 1
186, 1
187, 1
188, 1
189, 1
190, 1
191, 1
192, 1
193, 1
194, 1
195, 1
196, 1
197, 1
198, 1
199, 1
200, 1
201, 1
202, 1
203, 1
204, 1
205, 1
206, 1
207, 1
208, 1
209, 1
210, 1
211, 1
212, 1
213, 1
214, 1
215, 1
216, 1
217, 1
218, 1
219, 1
220, 1
221, 1
222, 1
223, 1
224, 1
225, 1
226, 1
227, 1
228, 1
229, 1
230, 1
231, 1
232, 1
233, 1
234, 1
235, 1
236, 1
237, 1
238, 1
239, 1
240, 1
241, 1
242, 1
243, 1
244, 1
245, 1
246, 1
247, 1
248, 1
249, 1
250, 1
251, 1
252, 1
253, 1
254, 1
255, 1
256, 1
257, 1
258, 1
259, 1
260, 1
261, 1
262, 1
263, 1
264, 1
265, 1
266, 1
267, 1
268, 1
269, 1
270, 1
271, 1
272, 1
273, 1
274, 1
275, 1
276, 1
277, 1
278, 1
279, 1
280, 1
281, 1
282, 1
