bot_dist
0.0, 3.3395967016518604
1.0, 3.3450573796875807
2.0, 3.3505390039125396
3.0, 3.3560414716887292
4.0, 3.3615646806611648
5.0, 3.3671085287618934
6.0, 3.3726729142139016
7.0, 3.3782577355349357
8.0, 3.3838628915412197
9.0, 3.3894882813510816
10.0, 3.395133804388487
11.0, 3.4007993603864817
12.0, 3.4064848493905413
13.0, 3.4121901717618286
14.0, 3.417915228180371
15.0, 3.4236599196481325
16.0, 3.429424147492021
17.0, 3.4352078133667865
18.0, 3.4410108192578526
19.0, 3.4468330674840497
20.0, 3.4526744607002757
21.0, 3.458534901900067
22.0, 3.4644142944180922
23.0, 3.470312541932561
24.0, 3.4762295484675625
25.0, 3.4821652183953136
26.0, 3.4881194564383398
27.0, 3.494092167671576
28.0, 3.5000832575243885
29.0, 3.5060926317825296
30.0, 3.5121201965900153
31.0, 3.5181658584509288
32.0, 3.5242295242311563
33.0, 3.5303111011600516
34.0, 3.536410496832029
35.0, 3.542527619208092
36.0, 3.5486623766172904
37.0, 3.5548146777581153
38.0, 3.560984431699824
39.0, 3.567171547883706
40.0, 3.5733759361242807
41.0, 3.579597506610437
42.0, 3.5858361699065067
43.0, 3.5920918369532813
44.0, 3.59836441906897
45.0, 3.6046538279500937
46.0, 3.610959975672327
47.0, 3.6172827746912812
48.0, 3.623622137843231
49.0, 3.629977978345787
50.0, 3.636350209798517
51.0, 3.6427387461835083
52.0, 3.6491435018658844
53.0, 3.6555643915942655
54.0, 3.662001330501181
55.0, 3.668454234103436
56.0, 3.674923018302419
57.0, 3.6814075993843747
58.0, 3.687907894020622
59.0, 3.6944238192677274
60.0, 3.7009552925676363
61.0, 3.707502231747755
62.0, 3.714064555020995
63.0, 3.72064218098577
64.0, 3.727235028625955
65.0, 3.7338430173108015
66.0, 3.7404660667948146
67.0, 3.7471040972175884
68.0, 3.753757029103607
69.0, 3.7604247833620033
70.0, 3.767107281286283
71.0, 3.7738044445540124
72.0, 3.7805161952264714
73.0, 3.7872424557482702
74.0, 3.793983148946931
75.0, 3.8007381980324406
76.0, 3.807507526596767
77.0, 3.814291058613343
78.0, 3.8210887184365276
79.0, 3.8279004308010207
80.0, 3.8347261208212644
81.0, 3.841565713990807
82.0, 3.8484191361816373
83.0, 3.855286313643499
84.0, 3.8621671730031655
85.0, 3.869061641263703
86.0, 3.875969645803696
87.0, 3.882891114376452
88.0, 3.889825975109184
89.0, 3.8967741565021643
90.0, 3.903735587427858
91.0, 3.910710197130033
92.0, 3.917697915222848
93.0, 3.924698671689918
94.0, 3.9317123968833605
95.0, 3.9387390215228177
96.0, 3.945778476694463
97.0, 3.9528306938499855
98.0, 3.959895604805557
99.0, 3.96697314174078
100.0, 3.974063237197615
101.0, 3.974063237197615
102.0, 3.974063237197615
103.0, 3.974063237197615
104.0, 3.974063237197615
105.0, 3.974063237197615
106.0, 3.974063237197615
107.0, 3.974063237197615
108.0, 3.974063237197615
109.0, 3.974063237197615
110.0, 3.974063237197615
111.0, 3.974063237197615
112.0, 3.974063237197615
113.0, 3.974063237197615
114.0, 3.974063237197615
115.0, 3.974063237197615
116.0, 3.974063237197615
117.0, 3.974063237197615
118.0, 3.974063237197615
119.0, 3.974063237197615
120.0, 3.974063237197615
121.0, 3.974063237197615
122.0, 3.974063237197615
123.0, 3.974063237197615
124.0, 3.974063237197615
125.0, 3.974063237197615
126.0, 3.974063237197615
127.0, 3.974063237197615
128.0, 3.974063237197615
129.0, 3.974063237197615
130.0, 3.974063237197615
131.0, 3.96697314174078
132.0, 3.959895604805557
133.0, 3.9528306938499855
134.0, 3.945778476694463
135.0, 3.9387390215228177
136.0, 3.9317123968833605
137.0, 3.924698671689918
138.0, 3.917697915222848
139.0, 3.910710197130033
140.0, 3.903735587427858
141.0, 3.8967741565021643
142.0, 3.889825975109184
143.0, 3.887069321523272
144.0, 3.8801553060947716
145.0, 3.8732547667461747
146.0, 3.8663677756321952
147.0, 3.859494405280394
148.0, 3.8526347285919544
149.0, 3.845788818842433
150.0, 3.838956749682482
151.0, 3.7491913845796128
152.0, 3.659431014324871
153.0, 3.5696759722338363
154.0, 3.4799267174198203
155.0, 3.3901837095073284
156.0, 3.300447458077969
157.0, 3.210718529641872
158.0, 3.120997555809021
159.0, 3.031285242908357
160.0, 2.941582383362728
161.0, 2.8518898692049452
162.0, 2.7622087082198417
163.0, 2.6725400433267854
164.0, 2.582885175986849
165.0, 2.4932455946432515
166.0, 2.403623009502784
167.0, 2.396832771936282
168.0, 2.30697893328945
169.0, 2.217173894827552
170.0, 2.1274236401374584
171.0, 2.037735407940429
172.0, 1.9481177645050292
173.0, 1.8585809208730972
174.0, 1.852012154046753
175.0, 1.7631761787842266
176.0, 1.6745714256786302
177.0, 1.668197973633639
178.0, 1.6618602523647794
179.0, 1.6555586722200482
180.0, 1.649293647460821
181.0, 1.570602141995909
182.0, 1.5646146590034058
183.0, 1.5586683333901028
184.0, 1.5527636379939957
185.0, 1.5469010495368305
186.0, 1.5410810485689832
187.0, 1.5353041194100066
188.0, 1.5295707500847175
189.0, 1.5238814322547032
190.0, 1.435973584946134
191.0, 1.4303315261510425
192.0, 1.3435119404189895
193.0, 1.2568376145955897
194.0, 1.1703408225569902
195.0, 1.0840640610644365
196.0, 0.998064392765703
197.0, 0.9124201728310976
198.0, 0.8272418071752627
199.0, 0.7426895982543215
200.0, 0.6590046033517841
201.0, 0.5765645594290595
202.0, 0.4959906362095101
203.0, 0.4183624353267271
204.0, 0.3456702756162458
205.0, 0.2817607986640776
206.0, 0.23394604495509763
207.0, 0.2133371798434402
208.0, 0.2274536188414646
209.0, 0.22505726380760507
210.0, 0.2726456872506494
211.0, 0.3364560057010818
212.0, 0.3373594730240694
213.0, 0.33855602774778604
214.0, 0.3400425759050946
215.0, 0.3418153339897361
216.0, 0.34386987552181436
217.0, 0.3462011837801711
218.0, 0.3488037093104458
219.0, 0.35167143077763735
220.0, 0.354797917750634
221.0, 0.3581763940765935
222.0, 0.361799800615986
223.0, 0.3656608562539251
224.0, 0.3697521162690898
225.0, 0.37406602731752836
226.0, 0.37859497846550433
227.0, 0.38333134787544304
228.0, 0.38826754490588405
229.0, 0.39339604752591484
230.0, 0.3987094350643229
231.0, 0.3987094350643229
232.0, 0.3987094350643229
233.0, 0.3987094350643229
234.0, 0.3987094350643229
235.0, 0.3987094350643229
236.0, 0.3987094350643229
237.0, 0.3987094350643229
238.0, 0.3987094350643229
239.0, 0.3987094350643229
240.0, 0.3987094350643229
241.0, 0.3987094350643229
242.0, 0.3987094350643229
243.0, 0.3987094350643229
244.0, 0.3987094350643229
245.0, 0.3987094350643229
246.0, 0.3987094350643229
247.0, 0.3987094350643229
248.0, 0.3987094350643229
249.0, 0.3987094350643229
250.0, 0.3987094350643229
251.0, 0.3987094350643229
252.0, 0.3987094350643229
253.0, 0.3987094350643229
254.0, 0.3987094350643229
255.0, 0.3987094350643229
256.0, 0.3987094350643229
257.0, 0.3987094350643229
258.0, 0.3987094350643229
259.0, 0.3987094350643229
260.0, 0.3987094350643229
261.0, 0.39339604752591484
262.0, 0.38826754490588405
263.0, 0.38333134787544304
264.0, 0.37859497846550433
265.0, 0.37406602731752836
266.0, 0.3697521162690898
267.0, 0.3656608562539251
268.0, 0.361799800615986
269.0, 0.3581763940765935
270.0, 0.354797917750634
271.0, 0.35167143077763735
272.0, 0.3488037093104458
273.0, 0.3462011837801711
274.0, 0.34386987552181436
275.0, 0.3418153339897361
276.0, 0.3400425759050946
277.0, 0.33855602774778604
278.0, 0.3373594730240694
279.0, 0.3364560057010818
280.0, 0.3358479910973197
281.0, 0.3355370353543925
282.0, 0.33552396439487714
ee_dist
0.0, 0.9166604395095744
1.0, 0.9254970625689857
2.0, 1.0034444476321596
3.0, 1.0805697364796882
4.0, 1.107092466992506
5.0, 1.132350921880583
6.0, 1.1670302806597024
7.0, 1.2034677959360969
8.0, 1.239787513654382
9.0, 1.2752612239332421
10.0, 1.310164463742254
11.0, 1.3428274500574044
12.0, 1.374158044941624
13.0, 1.4026925691384975
14.0, 1.4304005531123671
15.0, 1.4551361321193383
16.0, 1.4793767780606508
17.0, 1.500565886918223
18.0, 1.521735054203403
19.0, 1.5399802773032423
20.0, 1.5637079900244466
21.0, 1.5387605406925227
22.0, 1.504390818248627
23.0, 1.467139852729502
24.0, 1.4263564032370957
25.0, 1.3824697615070909
26.0, 1.3354011654028064
27.0, 1.2853738919919244
28.0, 1.2326164642441881
29.0, 1.1769424756743054
30.0, 1.118122826271299
31.0, 1.0581041099126802
32.0, 0.9957238075662833
33.0, 0.9312933346092078
34.0, 0.8664108123785644
35.0, 0.800605713168999
36.0, 0.7352534363099578
37.0, 0.6698000826539644
38.0, 0.6070279955449326
39.0, 0.5483304816618318
40.0, 0.4974681108194237
41.0, 0.5127383245690789
42.0, 0.7108861920566508
43.0, 1.1811043549303792
44.0, 1.1407438257735019
45.0, 1.098577426467876
46.0, 1.0540810418976456
47.0, 1.0073767784167922
48.0, 0.9583937336950104
49.0, 0.9072896610630705
50.0, 0.8544709567508052
51.0, 0.8005184746606262
52.0, 0.7455961161637726
53.0, 0.6897893092368343
54.0, 0.633211505026827
55.0, 0.5760247910646882
56.0, 0.5191865156525245
57.0, 0.4630136635331663
58.0, 0.5136801104734148
59.0, 0.5876077050840445
60.0, 0.6705438779491173
61.0, 0.7620768920633725
62.0, 0.8566435599738402
63.0, 0.9491128537850455
64.0, 1.0353876366360917
65.0, 1.102045384109644
66.0, 1.1585820641170952
67.0, 1.2162383964989008
68.0, 1.2692054165995323
69.0, 1.3216653817854902
70.0, 1.3744411897962756
71.0, 1.4255359298212267
72.0, 1.4815980793339787
73.0, 1.5429986728702965
74.0, 1.609121642753036
75.0, 1.6863259339195023
76.0, 1.7727606444651016
77.0, 1.8685520938669018
78.0, 1.968563188934649
79.0, 2.067637235968676
80.0, 2.161376779869797
81.0, 2.239916706699201
82.0, 2.3035054257467116
83.0, 2.366014237265052
84.0, 2.426033136490983
85.0, 2.4853348391024843
86.0, 2.534099787256176
87.0, 2.562432025574738
88.0, 2.592945928570596
89.0, 2.6325407071072444
90.0, 2.682486939546537
91.0, 2.766400275200801
92.0, 2.860320188953938
93.0, 2.9619173650119883
94.0, 3.0693837836764044
95.0, 3.17677121498393
96.0, 3.278785334548287
97.0, 3.368764445491195
98.0, 3.4406766205879324
99.0, 3.5082462261355287
100.0, 3.574035353966567
101.0, 3.637665821070465
102.0, 3.700539091427003
103.0, 3.7630176474665853
104.0, 3.827151096504437
105.0, 3.8966230957218233
106.0, 3.971393934075068
107.0, 4.052394013523277
108.0, 4.144305169130789
109.0, 4.244378834956013
110.0, 4.351054483997965
111.0, 4.459627157600875
112.0, 4.563163981609793
113.0, 4.657882816831987
114.0, 4.732542408045385
115.0, 4.802880709560397
116.0, 4.845050363142325
117.0, 4.8899897702699135
118.0, 4.933509813058534
119.0, 4.975626574592648
120.0, 5.0166317946934855
121.0, 5.056223630733636
122.0, 5.091998913840763
123.0, 5.126421837116201
124.0, 5.15817507385239
125.0, 5.1873974136362095
126.0, 5.213793271086614
127.0, 5.237413721909503
128.0, 5.2575840084303405
129.0, 5.2748415942278655
130.0, 5.288657040096287
131.0, 5.299120740176264
132.0, 5.306622149825846
133.0, 5.310124771523408
134.0, 5.310405109936563
135.0, 5.307169818963255
136.0, 5.300854309716444
137.0, 5.290563736857174
138.0, 5.277472864892941
139.0, 5.260508026161682
140.0, 5.240976122164304
141.0, 5.217780839111007
142.0, 5.191868476313337
143.0, 4.573411546189344
144.0, 4.560787688133449
145.0, 4.551198188420469
146.0, 4.5433372067058695
147.0, 4.538653856460583
148.0, 4.536407183379166
149.0, 4.536904431429579
150.0, 4.539432566155124
151.0, 4.456894787343343
152.0, 4.37427994781733
153.0, 4.291599528374356
154.0, 4.208708362192654
155.0, 4.126349423515986
156.0, 4.043759183208283
157.0, 3.961254139043378
158.0, 3.8784200529364647
159.0, 3.796273098477186
160.0, 3.713473709785628
161.0, 3.631370679719142
162.0, 3.5486976224999935
163.0, 3.4667457901626455
164.0, 3.3840897719881484
165.0, 3.3021294876388825
166.0, 3.2199691029744413
167.0, 3.2269987103242532
168.0, 3.1462305227741787
169.0, 3.066248784550457
170.0, 2.985797618325755
171.0, 2.9061753384770292
172.0, 2.826082945528367
173.0, 2.7468423249272806
174.0, 2.7573834418282734
175.0, 2.681142510914829
176.0, 2.604633091943052
177.0, 2.6188454092167395
178.0, 2.6351132751132775
179.0, 2.6535790230152085
180.0, 2.6738235323463497
181.0, 2.6162125593513137
182.0, 2.59499580693916
183.0, 2.576213142460446
184.0, 2.5594186017776197
185.0, 2.5450193192923667
186.0, 2.5325404656347095
187.0, 2.5231995783112766
188.0, 2.516363559634736
189.0, 2.512351979107649
190.0, 2.4289008383849984
191.0, 2.427637530880997
192.0, 2.3445275477731924
193.0, 2.2615183653227935
194.0, 2.1779507830473888
195.0, 2.0950411576353303
196.0, 2.01196745714458
197.0, 1.929035075486193
198.0, 1.8455195248467495
199.0, 1.762656693164543
200.0, 1.6779861265267297
201.0, 1.6139154020496704
202.0, 1.532595255615926
203.0, 1.4545752070418847
204.0, 1.3182581482398854
205.0, 1.3077138493036644
206.0, 1.1640146564928466
207.0, 1.0967777757677808
208.0, 1.0174312123705245
209.0, 1.019873614341649
210.0, 0.9433942199021621
211.0, 0.8566097002303452
212.0, 0.8648500333275466
213.0, 0.874914785698083
214.0, 0.8881520254700266
215.0, 0.8881816949167619
216.0, 0.8881620878433493
217.0, 0.8880253775329443
218.0, 0.8881847862168628
219.0, 0.8881378319729213
220.0, 0.888200065444493
221.0, 0.8882751389193287
222.0, 0.8879776909447384
223.0, 0.8882682175058515
224.0, 0.887981280413923
225.0, 0.8883017331612655
226.0, 0.8746028809709269
227.0, 0.8740368041031982
228.0, 0.8765418674390923
229.0, 0.8845838190183957
230.0, 0.8876275114855521
231.0, 0.8881775194160724
232.0, 0.888153995916461
233.0, 0.8879728489750928
234.0, 0.8881785329388573
235.0, 0.8880847213995898
236.0, 0.8881924457349316
237.0, 0.8882002734582791
238.0, 0.887976638501254
239.0, 0.8882318627219035
240.0, 0.888202495682021
241.0, 0.8881892480932564
242.0, 0.8879967601801502
243.0, 0.8861740997929632
244.0, 0.8533544372019991
245.0, 0.834247243419333
246.0, 0.8754587523205849
247.0, 0.8974591672684569
248.0, 0.9208604284490026
249.0, 0.9524899907137108
250.0, 0.9790520408332621
251.0, 1.0230529250161242
252.0, 1.0343953994863686
253.0, 1.0819830068758172
254.0, 1.1136515161366025
255.0, 1.1470138727180035
256.0, 1.180860167538359
257.0, 1.215068467122312
258.0, 1.2482499093017425
259.0, 1.2793606688391885
260.0, 1.3088491985508928
261.0, 1.3366662068688688
262.0, 1.3633889029968225
263.0, 1.3337118648510171
264.0, 1.2985258902459065
265.0, 1.2608614556437776
266.0, 1.220629666195127
267.0, 1.1780872579819666
268.0, 1.1333642956083956
269.0, 1.0865819844209488
270.0, 1.0375063852540767
271.0, 0.9871464847093339
272.0, 0.9361658143706194
273.0, 0.8845121691549956
274.0, 0.8328278571363336
275.0, 0.7808867828998403
276.0, 0.7302043326911186
277.0, 0.6821912160013512
278.0, 0.6363529338895781
279.0, 0.5862709855628515
280.0, 0.5334210244091355
281.0, 0.49120609780358004
282.0, 0.4546899478099707
ee_box_dist
0.0, 0.7819536979894953
1.0, 0.8181336216815432
2.0, 0.8526737906814286
3.0, 0.8849033825969984
4.0, 0.9224428172089838
5.0, 0.9592484390019334
6.0, 0.996867860184182
7.0, 1.0315414918867785
8.0, 1.0647609534664273
9.0, 1.096524862115391
10.0, 1.1268409821799032
11.0, 1.1550000612441698
12.0, 1.1820102390555733
13.0, 1.206228571026175
14.0, 1.2297798424749908
15.0, 1.2506854101411236
16.0, 1.2712351942199283
17.0, 1.2889274312313013
18.0, 1.3070953989370564
19.0, 1.3223765029157841
20.0, 1.343218252033777
21.0, 1.3191072323946276
22.0, 1.285988557449408
23.0, 1.2501580040305889
24.0, 1.2108813087396897
25.0, 1.1685839595076755
26.0, 1.1234466416442208
27.0, 1.0754702404804533
28.0, 1.0248616384569902
29.0, 0.9714520993420854
30.0, 0.9149986365836753
31.0, 0.8572497790919348
32.0, 0.7970924463506415
33.0, 0.7347134872758296
34.0, 0.6714518105242557
35.0, 0.6068141518995792
36.0, 0.5418988944823916
37.0, 0.4748849224267989
38.0, 0.4028561662864122
39.0, 0.3368085049314443
40.0, 0.2745551174010704
41.0, 0.28959084399357854
42.0, 0.3046325457776543
43.0, 0.3196675475170305
44.0, 0.33460474502467674
45.0, 0.3494655195862491
46.0, 0.36417878049774727
47.0, 0.37876145414040946
48.0, 0.39314724599558104
49.0, 0.4073665895025218
50.0, 0.4213324290752816
51.0, 0.4351094844336817
52.0, 0.4485878869126882
53.0, 0.46186736483661717
54.0, 0.4748400341999747
55.0, 0.48762536127394895
56.0, 0.5001212295430435
57.0, 0.5124280314649642
58.0, 0.5244425132990805
59.0, 0.5362346362289042
60.0, 0.5477255682535611
61.0, 0.5589569557583272
62.0, 0.5698769259711931
63.0, 0.5805144687363417
64.0, 0.590821603256454
65.0, 0.6008257444171083
66.0, 0.6104762500794835
67.0, 0.6198038023784018
68.0, 0.6287624374425674
69.0, 0.6373861739216533
70.0, 0.6456309711266631
71.0, 0.6535276179743773
72.0, 0.6610347603318828
73.0, 0.6681784446334359
74.0, 0.6749215052116931
75.0, 0.6812855135467157
76.0, 0.6872361409538611
77.0, 0.6927913633750249
78.0, 0.6979196323743186
79.0, 0.7026349148797111
80.0, 0.7069073577666549
81.0, 0.7107488922926589
82.0, 0.7141303109375242
83.0, 0.7170494787848481
84.0, 0.7195131649348421
85.0, 0.7214997315085171
86.0, 0.7411369972739024
87.0, 0.7854776371205945
88.0, 0.82456761677207
89.0, 0.8581925580372701
90.0, 0.8845002817318152
91.0, 0.8837458129018838
92.0, 0.8834684854780989
93.0, 0.8837072913426093
94.0, 0.8837334189779494
95.0, 0.8839173833476088
96.0, 0.8834601152731533
97.0, 0.8836809447780776
98.0, 0.883731875659155
99.0, 0.8837648721595343
100.0, 0.8834714880511537
101.0, 0.883749788076119
102.0, 0.8837373930814659
103.0, 0.8838502548688878
104.0, 0.8834732702086051
105.0, 0.8837946527862804
106.0, 0.8834822880688872
107.0, 0.8839176499141902
108.0, 0.8834621767560538
109.0, 0.8836988477090996
110.0, 0.8837331750796478
111.0, 0.8839114934688281
112.0, 0.8834619630797266
113.0, 0.8836986712292708
114.0, 0.8837331843325782
115.0, 0.8801841698138747
116.0, 0.883813807828087
117.0, 0.8836410076471053
118.0, 0.8837302115785879
119.0, 0.8839165451240113
120.0, 0.8834807757085265
121.0, 0.8826201095755434
122.0, 0.8835924049105599
123.0, 0.88357022219929
124.0, 0.8836788623256241
125.0, 0.8837212427902057
126.0, 0.8836918537972249
127.0, 0.8835375992216031
128.0, 0.8837171888100376
129.0, 0.8836689083867336
130.0, 0.8837341180993031
131.0, 0.8838712036512868
132.0, 0.8834687701678923
133.0, 0.8837565638768488
134.0, 0.8837375319362112
135.0, 0.8838342406860608
136.0, 0.8834756890493711
137.0, 0.8838213122291767
138.0, 0.883480323324676
139.0, 0.8838699776483627
140.0, 0.883470989815455
141.0, 0.8837816751960438
142.0, 0.8837395468921622
143.0, 1.6057695306114748
144.0, 1.6055599027451923
145.0, 1.6030084212728681
146.0, 1.5993194086503333
147.0, 1.5933528893695341
148.0, 1.5857208192017764
149.0, 1.5763152693234348
150.0, 1.565636826243196
151.0, 1.6392268633262346
152.0, 1.7137208177429235
153.0, 1.7891234882196276
154.0, 1.8653320834719018
155.0, 1.9417727490330388
156.0, 2.018918187941495
157.0, 2.0965324372148815
158.0, 2.1748448823031126
159.0, 2.253000291803092
160.0, 2.332069064717519
161.0, 2.4108962738388944
162.0, 2.4905143054838352
163.0, 2.5698085321691133
164.0, 2.6499817613660137
165.0, 2.7298128110179576
166.0, 2.810034664154487
167.0, 2.801973257312237
168.0, 2.88120084305469
169.0, 2.9601150877647413
170.0, 3.0398112136500766
171.0, 3.119134598661056
172.0, 3.1992435399000363
173.0, 3.2789524320054344
174.0, 3.2703347189718577
175.0, 3.348490607428893
176.0, 3.4275105572117943
177.0, 3.416750988393949
178.0, 3.404219279544118
179.0, 3.3897449409700737
180.0, 3.373612054990467
181.0, 3.4414974695923557
182.0, 3.457817346916746
183.0, 3.471764437958705
184.0, 3.483882096475969
185.0, 3.4939051923079694
186.0, 3.5023325001233396
187.0, 3.5081001838603445
188.0, 3.5118343993922863
189.0, 3.5133324325109263
190.0, 3.59636042187023
191.0, 3.59564572905876
192.0, 3.677952389890864
193.0, 3.760244849566708
194.0, 3.8430868003763003
195.0, 3.92538956897466
196.0, 4.007867360586527
197.0, 4.090289531094991
198.0, 4.173284600411701
199.0, 4.255745653973574
200.0, 4.339916853183723
201.0, 4.404911763807804
202.0, 4.493605674685305
203.0, 4.573928667211675
204.0, 4.710870292260177
205.0, 4.754096434878808
206.0, 4.85257556267513
207.0, 4.920080541600051
208.0, 5.0002822127470266
209.0, 4.998401391608329
210.0, 5.076240350127012
211.0, 5.164151822802701
212.0, 5.158684935731834
213.0, 5.152346870864463
214.0, 5.1436151452447785
215.0, 5.143616508517619
216.0, 5.143602548204691
217.0, 5.143773979648372
218.0, 5.143576613986787
219.0, 5.143656202305237
220.0, 5.14355878137901
221.0, 5.143502687600194
222.0, 5.143787983310225
223.0, 5.14350983917201
224.0, 5.1437845210940285
225.0, 5.1434750448586355
226.0, 5.157183950140319
227.0, 5.157801612364434
228.0, 5.155049302190518
229.0, 5.146745309864884
230.0, 5.144110540855791
231.0, 5.143603517131722
232.0, 5.143592105268463
233.0, 5.1438090588671965
234.0, 5.143564544525642
235.0, 5.143692186645505
236.0, 5.143547668280339
237.0, 5.14357111330994
238.0, 5.143768447657158
239.0, 5.143527920257305
240.0, 5.143536987020762
241.0, 5.143525916568905
242.0, 5.143750693060489
243.0, 5.146534516790791
244.0, 5.186010993481119
245.0, 5.2114863317923765
246.0, 5.176821135244347
247.0, 5.163893964183244
248.0, 5.149065533528016
249.0, 5.128177637542748
250.0, 5.10409974122943
251.0, 5.059706311205825
252.0, 5.056937417109591
253.0, 5.012620293871176
254.0, 4.987931454210681
255.0, 4.960343799045096
256.0, 4.9312558105410575
257.0, 4.900736065917132
258.0, 4.870264550186976
259.0, 4.841059273190365
260.0, 4.8123782018558
261.0, 4.784380592398755
262.0, 4.7565997267689815
263.0, 4.802063672645573
264.0, 4.855299128465484
265.0, 4.910512726592908
266.0, 4.967399191927683
267.0, 5.025293556540664
268.0, 5.083599681309741
269.0, 5.14191361442409
270.0, 5.200171094580798
271.0, 5.257049645343361
272.0, 5.311353081158026
273.0, 5.3634299051287515
274.0, 5.4123648135964775
275.0, 5.458785545105603
276.0, 5.501166593751182
277.0, 5.538774809762774
278.0, 5.572765833567663
279.0, 5.60572034508154
280.0, 5.634821820309214
281.0, 5.657735778849591
282.0, 5.675957143806845
spot_hold
0, 0
1, 0
2, 0
3, 0
4, 0
5, 0
6, 0
7, 0
8, 0
9, 0
10, 0
11, 0
12, 0
13, 0
14, 0
15, 0
16, 0
17, 0
18, 0
19, 0
20, 0
21, 0
22, 0
23, 0
24, 0
25, 0
26, 0
27, 0
28, 0
29, 0
30, 0
31, 0
32, 0
33, 0
34, 0
35, 0
36, 0
37, 0
38, 0
39, 0
40, 0
41, 1
42, 1
43, 1
44, 1
45, 1
46, 1
47, 1
48, 1
49, 1
50, 1
51, 1
52, 1
53, 1
54, 1
55, 1
56, 1
57, 1
58, 1
59, 1
60, 1
61, 1
62, 1
63, 1
64, 1
65, 1
66, 1
67, 1
68, 1
69, 1
70, 1
71, 1
72, 1
73, 1
74, 1
75, 1
76, 1
77, 1
78, 1
79, 1
80, 1
81, 1
82, 1
83, 1
84, 1
85, 1
86, 1
87, 1
88, 1
89, 1
90, 1
91, 1
92, 1
93, 1
94, 1
95, 1
96, 1
97, 1
98, 1
99, 1
100, 1
101, 1
102, 1
103, 1
104, 1
105, 1
106, 1
107, 1
108, 1
109, 1
110, 1
111, 1
112, 1
113, 1
114, 1
115, 1
116, 1
117, 1
118, 1
119, 1
120, 1
121, 1
122, 1
123, 1
124, 1
125, 1
126, 1
127, 1
128, 1
129, 1
130, 1
131, 1
132, 1
133, 1
134, 1
135, 1
136, 1
137, 1
138, 1
139, 1
140, 1
141, 1
142, 1
143, 1
144, 1
145, 1
146, 1
147, 1
148, 1
149, 1
150, 1
151, 1
152, 1
153, 1
154, 1
155, 1
156, 1
157, 1
158, 1
159, 1
160, 1
161, 1
162, 1
163, 1
164, 1
165, 1
166, 1
167, 1
168, 1
169, 1
170, 1
171, 1
172, 1
173, 1
174, 1
175, 1
176, 1
177, 1
178, 1
179, 1
180, 1
181, 1
182, 1
183, 1
184, 1
185, 1
186, 1
187, 1
188, 1
189, 1
190, 1
191, 1
192, 1
193, 1
194, 1
195, 1
196, 1
197, 1
198, 1
199, 1
200, 1
201, 1
202, 1
203, 1
204, 1
205, 1
206, 1
207, 1
208, 1
209, 1
210, 1
211, 1
212, 1
213, 1
214, 1
215, 1
216, 1
217, 1
218, 1
219, 1
220, 1
221, 1
222, 1
223, 1
224, 1
225, 1
226, 1
227, 1
228, 1
229, 1
230, 1
231, 1
232, 1
233, 1
234, 1
235, 1
236, 1
237, 1
238, 1
239, 1
240, 1
241, 1
242, 1
243, 1
244, 1
245, 1
246, 1
247, 1
248, 1
249, 1
250, 1
251, 1
252, 1
253, 1
254, 1
255, 1
256, 1
257, 1
258, 1
259, 1
260, 1
261, 1
262, 1
263, 1
264, 1
265, 1
266, 1
267, 1
268, 1
269, 1
270, 1
271, 1
272, 1
273, 1
274, 1
275, 1
276, 1
277, 1
278, 1
279, 1
280, 1
281, 1
282, 1
