bot_dist
0.0, 3.3823478502591535
1.0, 3.387967788124284
2.0, 3.3936078863359156
3.0, 3.399268044543328
4.0, 3.404948162707334
5.0, 3.410648141103566
6.0, 3.4163678803256676
7.0, 3.4221072812884046
8.0, 3.427866245230678
9.0, 3.43364467371846
10.0, 3.4394424686476377
11.0, 3.445259532246779
12.0, 3.451095767079808
13.0, 3.4569510760485995
14.0, 3.462825362395497
15.0, 3.4687185297057423
16.0, 3.4746304819098337
17.0, 3.4805611232857965
18.0, 3.486510358461386
19.0, 3.4924780924162038
20.0, 3.4984642304837474
21.0, 3.5044686783533803
22.0, 3.510491342072227
23.0, 3.516532128047001
24.0, 3.5225909430457585
25.0, 3.528667694199579
26.0, 3.5347622890041803
27.0, 3.5408746353214626
28.0, 3.5470046413809864
29.0, 3.5531522157813833
30.0, 3.5593172674916986
31.0, 3.5654997058526763
32.0, 3.571699440577973
33.0, 3.5779163817553106
34.0, 3.5841504398475736
35.0, 3.5904015256938364
36.0, 3.5966695505103377
37.0, 3.602954425891391
38.0, 3.6092560638102453
39.0, 3.615574376619879
40.0, 3.6219092770537404
41.0, 3.628260678226442
42.0, 3.634628493634389
43.0, 3.641012637156359
44.0, 3.647413023054032
45.0, 3.6538295659724644
46.0, 3.6602621809405176
47.0, 3.6667107833712316
48.0, 3.6731752890621543
49.0, 3.6796556141956196
50.0, 3.68615167533898
51.0, 3.692663389444796
52.0, 3.699190673850973
53.0, 3.7057334462808624
54.0, 3.712291624843311
55.0, 3.718865128032673
56.0, 3.7254538747287804
57.0, 3.7320577841968667
58.0, 3.738676776087457
59.0, 3.745310770436213
60.0, 3.7519596876637458
61.0, 3.758623448575382
62.0, 3.7653019743609
63.0, 3.7719951865942276
64.0, 3.7787030072331
65.0, 3.785425358618693
66.0, 3.7921621634752087
67.0, 3.7989133449094394
68.0, 3.80567882641029
69.0, 3.8124585318482755
70.0, 3.8192523854749827
71.0, 3.826060311922502
72.0, 3.832882236202831
73.0, 3.8397180837072455
74.0, 3.8465677802056475
75.0, 3.8534312518458784
76.0, 3.860308425153011
77.0, 3.8671992270286086
78.0, 3.874103584749968
79.0, 3.881021425969324
80.0, 3.88795267871304
81.0, 3.8948972713807715
82.0, 3.9018551327446
83.0, 3.908826191948155
84.0, 3.9158103785057032
85.0, 3.9228076223012236
86.0, 3.9298178535874535
87.0, 3.9368410029849263
88.0, 3.9438770014809723
89.0, 3.9509257804287166
90.0, 3.9579872715460453
91.0, 3.965061406914562
92.0, 3.97214811897852
93.0, 3.9792473405437407
94.0, 3.986359004776515
95.0, 3.993483045202484
96.0, 4.000619395705511
97.0, 4.007767990526534
98.0, 4.014928764262398
99.0, 4.022101651864682
100.0, 4.029286588638509
101.0, 4.029286588638509
102.0, 4.029286588638509
103.0, 4.029286588638509
104.0, 4.029286588638509
105.0, 4.029286588638509
106.0, 4.029286588638509
107.0, 4.029286588638509
108.0, 4.029286588638509
109.0, 4.029286588638509
110.0, 4.029286588638509
111.0, 4.029286588638509
112.0, 4.029286588638509
113.0, 4.029286588638509
114.0, 4.029286588638509
115.0, 4.029286588638509
116.0, 4.029286588638509
117.0, 4.029286588638509
118.0, 4.029286588638509
119.0, 4.029286588638509
120.0, 4.029286588638509
121.0, 4.029286588638509
122.0, 4.029286588638509
123.0, 4.029286588638509
124.0, 4.029286588638509
125.0, 4.029286588638509
126.0, 4.029286588638509
127.0, 4.029286588638509
128.0, 4.029286588638509
129.0, 4.029286588638509
130.0, 4.029286588638509
131.0, 4.022101651864682
132.0, 4.014928764262398
133.0, 4.007767990526534
134.0, 4.000619395705511
135.0, 3.993483045202484
136.0, 3.986359004776515
137.0, 3.9792473405437407
138.0, 3.97214811897852
139.0, 3.965061406914562
140.0, 3.9579872715460453
141.0, 3.9509257804287166
142.0, 3.9438770014809723
143.0, 3.9409620128855773
144.0, 3.9339462206032363
145.0, 3.9269433591291283
146.0, 3.91995349776458
147.0, 3.9129767061769867
148.0, 3.9060130544007614
149.0, 3.8990626128382653
150.0, 3.892125452260717
151.0, 3.802363328167102
152.0, 3.7126062841039014
153.0, 3.622854654811536
154.0, 3.533108899077316
155.0, 3.443369476155139
156.0, 3.353636894421098
157.0, 3.263911718116122
158.0, 3.1741945752295906
159.0, 3.084486166755504
160.0, 2.9947872776080513
161.0, 2.9050987895539633
162.0, 2.8154216966097
163.0, 2.7257571234688642
164.0, 2.6361063476782856
165.0, 2.546470826482432
166.0, 2.4568522295226405
167.0, 2.4498940044479944
168.0, 2.359870700911731
169.0, 2.269881634857398
170.0, 2.179930854626279
171.0, 2.090023303479632
172.0, 2.0001648108772594
173.0, 1.910362299592123
174.0, 1.9035661494966831
175.0, 1.8141985483857879
176.0, 1.7250004823166076
177.0, 1.7183642437015123
178.0, 1.711760696969568
179.0, 1.7051902219301351
180.0, 1.698653202352109
181.0, 1.618223914932097
182.0, 1.6119337989159763
183.0, 1.6056813211019645
184.0, 1.5994669228847278
185.0, 1.5932910498359862
186.0, 1.5871541516787553
187.0, 1.5810566822581946
188.0, 1.4922521438924445
189.0, 1.4862469669581277
190.0, 1.397752543049534
191.0, 1.3093593250598112
192.0, 1.2210891180784713
193.0, 1.1329706739837362
194.0, 1.045042383625465
195.0, 0.9573566423694745
196.0, 0.8699867926889711
197.0, 0.7830385813396813
198.0, 0.6966698945186358
199.0, 0.6111264890672654
200.0, 0.5268105456420614
201.0, 0.44442123937613437
202.0, 0.365264625533983
203.0, 0.29198180931912704
204.0, 0.23025123002709458
205.0, 0.1915854966682962
206.0, 0.19058199754230243
207.0, 0.22773913736931412
208.0, 0.2886794991701926
209.0, 0.3615711734105968
210.0, 0.4405209362684221
211.0, 0.5227911923722616
212.0, 0.6070336257747682
213.0, 0.6136310751976908
214.0, 0.6977285188547824
215.0, 0.7828131085983837
216.0, 0.7893351902100133
217.0, 0.7959294702627998
218.0, 0.8025941691666436
219.0, 0.809327547255312
220.0, 0.8161279046392386
221.0, 0.8229935809797663
222.0, 0.8299229551925255
223.0, 0.836914445087203
224.0, 0.843966506950529
225.0, 0.8510776350788831
226.0, 0.8582463612664966
227.0, 0.8654712542548306
228.0, 0.8727509191483033
229.0, 0.8800839968011672
230.0, 0.8874691631799699
231.0, 0.8874691631799699
232.0, 0.8874691631799699
233.0, 0.8874691631799699
234.0, 0.8874691631799699
235.0, 0.8874691631799699
236.0, 0.8874691631799699
237.0, 0.8874691631799699
238.0, 0.8874691631799699
239.0, 0.8874691631799699
240.0, 0.8874691631799699
241.0, 0.8874691631799699
242.0, 0.8874691631799699
243.0, 0.8874691631799699
244.0, 0.8874691631799699
245.0, 0.8874691631799699
246.0, 0.8874691631799699
247.0, 0.8874691631799699
248.0, 0.8874691631799699
249.0, 0.8874691631799699
250.0, 0.8874691631799699
251.0, 0.8874691631799699
252.0, 0.8874691631799699
253.0, 0.8874691631799699
254.0, 0.8874691631799699
255.0, 0.8874691631799699
256.0, 0.8874691631799699
257.0, 0.8874691631799699
258.0, 0.8874691631799699
259.0, 0.8874691631799699
260.0, 0.8874691631799699
261.0, 0.8800839968011672
262.0, 0.8727509191483033
263.0, 0.8654712542548306
264.0, 0.8582463612664966
265.0, 0.8510776350788831
266.0, 0.843966506950529
267.0, 0.836914445087203
268.0, 0.8299229551925255
269.0, 0.8229935809797663
270.0, 0.8161279046392386
271.0, 0.809327547255312
272.0, 0.8025941691666436
273.0, 0.7959294702627998
274.0, 0.7893351902100133
275.0, 0.7828131085983837
276.0, 0.7763650450024026
277.0, 0.7699928589462571
278.0, 0.7636984497649639
279.0, 0.757483756351988
280.0, 0.7513507567836459
281.0, 0.7453014678102595
282.0, 0.7393379442037501
ee_dist
0.0, 1.0773394387320592
1.0, 1.1104077778035033
2.0, 1.2030928947157191
3.0, 1.2874634341249807
4.0, 1.3165134884601382
5.0, 1.3420704852799252
6.0, 1.3759198993314505
7.0, 1.409774383076183
8.0, 1.445020403134225
9.0, 1.4794406569490104
10.0, 1.5148830801536255
11.0, 1.5461357417544834
12.0, 1.5771280572887687
13.0, 1.6174936958928694
14.0, 1.6445610420818586
15.0, 1.6719421055531918
16.0, 1.6976646587867332
17.0, 1.720404272657349
18.0, 1.7419018948643261
19.0, 1.7581956863000923
20.0, 1.7775677458051191
21.0, 1.751101230130877
22.0, 1.7140367592970835
23.0, 1.6737865368173814
24.0, 1.6300143270520653
25.0, 1.5829456326983644
26.0, 1.5325474073724275
27.0, 1.4791511792564067
28.0, 1.4228602278398652
29.0, 1.3640330000468284
30.0, 1.3028400296677614
31.0, 1.23975954629283
32.0, 1.175065825221913
33.0, 1.1093948930621
34.0, 1.0432009887697828
35.0, 0.9773825620469442
36.0, 0.9123696486142248
37.0, 0.8506324261893033
38.0, 0.7921769296160438
39.0, 0.7392991218977489
40.0, 0.6940589355943303
41.0, 0.6944687179545201
42.0, 0.747228181781896
43.0, 1.0141828663991819
44.0, 0.9714990515144541
45.0, 0.9271353167730814
46.0, 0.8807427658280089
47.0, 0.8322648810626365
48.0, 0.7817996197682645
49.0, 0.7294429280649838
50.0, 0.6756822759049574
51.0, 0.621182826440649
52.0, 0.5662403547464976
53.0, 0.511037205442862
54.0, 0.45597946864686245
55.0, 0.40154792512646037
56.0, 0.3494175279781251
57.0, 0.3007130898272676
58.0, 0.33684269644360454
59.0, 0.40251884175690567
60.0, 0.4795915570424687
61.0, 0.567066272240399
62.0, 0.6592734117348473
63.0, 0.7506478812945294
64.0, 0.8366008214309658
65.0, 0.9037914198238337
66.0, 0.9618078502057743
67.0, 1.0205245493529704
68.0, 1.074123621434395
69.0, 1.1268187483378782
70.0, 1.1793719320502853
71.0, 1.230116881542736
72.0, 1.2847173215863692
73.0, 1.3450262081910525
74.0, 1.4099111691541275
75.0, 1.4858814581236632
76.0, 1.5711182135979347
77.0, 1.6657413463128987
78.0, 1.7648120812004973
79.0, 1.8632097818492808
80.0, 1.956544944630725
81.0, 2.0349693634690746
82.0, 2.098732197591285
83.0, 2.161539042236883
84.0, 2.221613478395786
85.0, 2.2807323437056444
86.0, 2.3392722810217528
87.0, 2.398641373119043
88.0, 2.4598284542146036
89.0, 2.502517965183885
90.0, 2.543670910237477
91.0, 2.5995324242792677
92.0, 2.693767716128993
93.0, 2.7952641109152925
94.0, 2.902112660613941
95.0, 3.009640680564201
96.0, 3.1109189911526447
97.0, 3.2014013287927754
98.0, 3.273314339743739
99.0, 3.3414915972947856
100.0, 3.4070234860735695
101.0, 3.4712734395157567
102.0, 3.533973733064028
103.0, 3.5967695542973246
104.0, 3.660078315692773
105.0, 3.729944872387653
106.0, 3.8039362995691524
107.0, 3.8853133349707614
108.0, 3.976309600900292
109.0, 4.076552387191843
110.0, 4.182772495888513
111.0, 4.2915691136903416
112.0, 4.39439460757631
113.0, 4.489597389169833
114.0, 4.56417601216749
115.0, 4.630102591985672
116.0, 4.698476528244466
117.0, 4.762776500264566
118.0, 4.825357439970766
119.0, 4.8652070599350585
120.0, 4.909838861257371
121.0, 4.950832648812598
122.0, 4.990695364130338
123.0, 5.027689247859945
124.0, 5.067092516304273
125.0, 5.103084995349439
126.0, 5.13669669355775
127.0, 5.168733408190567
128.0, 5.197965841601753
129.0, 5.22528519833909
130.0, 5.249490919305039
131.0, 5.271499202800798
132.0, 5.290147588482607
133.0, 5.306380697078779
134.0, 5.31907080911009
135.0, 5.3291915861410475
136.0, 5.33565371281722
137.0, 5.339456046953407
138.0, 5.339550802759713
139.0, 5.336963303001374
140.0, 5.3306845828034986
141.0, 5.3217660564290945
142.0, 5.3092364209307314
143.0, 4.590406773733571
144.0, 4.577680464581816
145.0, 4.567195969054768
146.0, 4.5602723612330065
147.0, 4.555653956107669
148.0, 4.5547279051933085
149.0, 4.556143217541685
150.0, 4.561249347202146
151.0, 4.478705657880672
152.0, 4.396877306711639
153.0, 4.3144183980524025
154.0, 4.2326814401919775
155.0, 4.15032079893278
156.0, 4.068686500560478
157.0, 3.986436374613451
158.0, 3.9049178121602943
159.0, 3.8227925418226225
160.0, 3.7414050854988488
161.0, 3.6594215773772696
162.0, 3.578183410901792
163.0, 3.496361624825471
164.0, 3.4152941968166264
165.0, 3.333658550945672
166.0, 3.2527880781053797
167.0, 3.262328710219468
168.0, 3.183693205817312
169.0, 3.104641076912516
170.0, 3.026472551961908
171.0, 2.947935278447761
172.0, 2.8703177089488325
173.0, 2.792383282900109
174.0, 2.807189428626541
175.0, 2.7329018665073304
176.0, 2.6597539583665943
177.0, 2.6775176411028374
178.0, 2.698380690527491
179.0, 2.7210704056977635
180.0, 2.7463540941311746
181.0, 2.693076442868911
182.0, 2.667735029047731
183.0, 2.6439907200738286
184.0, 2.6230385413204917
185.0, 2.604038910782208
186.0, 2.5882983234656236
187.0, 2.574791392476988
188.0, 2.496559913029594
189.0, 2.4856913414194692
190.0, 2.40540852044582
191.0, 2.324674196109778
192.0, 2.244799091668663
193.0, 2.164517900573447
194.0, 2.085140852730093
195.0, 2.0054230518280054
196.0, 1.926670013573938
197.0, 1.8476636716180026
198.0, 1.7697055852314862
199.0, 1.6916276451443901
200.0, 1.6217150895485046
201.0, 1.5022761978800412
202.0, 1.3855037709387226
203.0, 1.0085488170651074
204.0, 1.8804887783226392
205.0, 1.3744133119506032
206.0, 1.3788231230897856
207.0, 1.3414910828573785
208.0, 0.8877417577012873
209.0, 0.9610531505081187
210.0, 0.9048654050094371
211.0, 0.8478014875461504
212.0, 0.7917752014431476
213.0, 0.7662521637860112
214.0, 0.7105453088513737
215.0, 0.660357427030814
216.0, 0.6345208239707397
217.0, 0.610847613393218
218.0, 0.5905766277710874
219.0, 0.5733289070224323
220.0, 0.5604821305336007
221.0, 0.5513970612909245
222.0, 0.5474085136804304
223.0, 0.5475565316240156
224.0, 0.5529292878446639
225.0, 0.5622803690319909
226.0, 0.5763636688989278
227.0, 0.5938088472073885
228.0, 0.6150699188539596
229.0, 0.6147057469580255
230.0, 0.6147640456419311
231.0, 0.6147137117806827
232.0, 0.6147594635919986
233.0, 0.6147137826744552
234.0, 0.6147594552513088
235.0, 0.6147137826744552
236.0, 0.614759484585413
237.0, 0.6147137826744552
238.0, 0.6147594552513088
239.0, 0.6147137826744552
240.0, 0.614759484585413
241.0, 0.6147137826744552
242.0, 0.6147594552513088
243.0, 0.6269937792175256
244.0, 0.6390519061380213
245.0, 0.6523517280554719
246.0, 0.6681570678814468
247.0, 0.6854886821818043
248.0, 0.7048667244038325
249.0, 0.7253797944424499
250.0, 0.747493840874408
251.0, 0.7703354241116218
252.0, 0.7942505875470961
253.0, 0.818591922656086
254.0, 0.8436857458672347
255.0, 0.8688137848342123
256.0, 0.8943509433951465
257.0, 0.9195997230751151
258.0, 0.9449392332136775
259.0, 0.9697397295409952
260.0, 0.9943617021962858
261.0, 1.0182661561870818
262.0, 1.0417795672261463
263.0, 1.019546012714093
264.0, 0.9924408825531905
265.0, 0.9641338834927873
266.0, 0.9343636298547064
267.0, 0.9034457617387992
268.0, 0.8713188931448124
269.0, 0.8383521427640345
270.0, 0.8044939403005161
271.0, 0.7701921900480486
272.0, 0.7354237440267118
273.0, 0.7007323947820943
274.0, 0.6661582828831982
275.0, 0.6322946674383584
276.0, 0.5992516040725879
277.0, 0.56777530837327
278.0, 0.537985341815404
279.0, 0.5108865817755829
280.0, 0.48677737602255355
281.0, 0.4672706340474086
282.0, 0.45316459697224504
ee_box_dist
0.0, 0.5575707657653017
1.0, 0.613147673732866
2.0, 0.643669054619358
3.0, 0.6829850393465733
4.0, 0.7215914679964378
5.0, 0.7593088885288988
6.0, 0.797692866362196
7.0, 0.8322465672908205
8.0, 0.8656305902459598
9.0, 0.8972033923797885
10.0, 0.9286726562225642
11.0, 0.9558862892439419
12.0, 0.982492341976042
13.0, 1.0180607666238495
14.0, 1.0409290283774355
15.0, 1.0641719630073154
16.0, 1.0857713195273628
17.0, 1.1047522920164181
18.0, 1.122567412747206
19.0, 1.1358153810904865
20.0, 1.1519531786446637
21.0, 1.132480179538287
22.0, 1.1055746668132096
23.0, 1.0759463852573443
24.0, 1.0433616381493442
25.0, 1.0079956583542398
26.0, 0.9697381267447279
27.0, 0.928879605089513
28.0, 0.8853358484290047
29.0, 0.8392480409107624
30.0, 0.7906939751799438
31.0, 0.7399058136960885
32.0, 0.686807527778543
33.0, 0.6318264248461447
34.0, 0.574860173569275
35.0, 0.5162999814906571
36.0, 0.4613350152449265
37.0, 0.4017068049091604
38.0, 0.3404578157046783
39.0, 0.27906314313294495
40.0, 0.21901546695781018
41.0, 0.08026061802867861
42.0, 0.08290794720440532
43.0, 0.08303518355088754
44.0, 0.0829831232841271
45.0, 0.08303598341686842
46.0, 0.08298888710723794
47.0, 0.08303421768933023
48.0, 0.08299333951107316
49.0, 0.08303236833657174
50.0, 0.08299693431614623
51.0, 0.08303004838893442
52.0, 0.08299953809396629
53.0, 0.08302779997975443
54.0, 0.08300191943545575
55.0, 0.08302511722155304
56.0, 0.08300361932026229
57.0, 0.08302311300950396
58.0, 0.08300511628506729
59.0, 0.08302041227120417
60.0, 0.08300553573841994
61.0, 0.08301741273297775
62.0, 0.08300576786725822
63.0, 0.0830145927661018
64.0, 0.08300563754238575
65.0, 0.0830118350640013
66.0, 0.08300590839659502
67.0, 0.08300914342352546
68.0, 0.083006194507025
69.0, 0.0830071586043103
70.0, 0.08300642290160905
71.0, 0.08300566052455027
72.0, 0.08300733582212734
73.0, 0.08300487604073328
74.0, 0.08300843212906608
75.0, 0.08300462209907115
76.0, 0.08301016019974926
77.0, 0.08300531790004079
78.0, 0.08301243211889417
79.0, 0.08300696954675522
80.0, 0.08301529132118479
81.0, 0.08300947067153014
82.0, 0.08301920950156386
83.0, 0.08301310700381868
84.0, 0.08302393844003583
85.0, 0.08301809435013247
86.0, 0.08870358960421874
87.0, 0.08386502437646612
88.0, 0.12566056077103627
89.0, 0.13782102898209123
90.0, 0.13305642117874664
91.0, 0.1255640492276224
92.0, 0.12471095603486229
93.0, 0.12514030812845725
94.0, 0.12469514813634441
95.0, 0.12513821809953476
96.0, 0.12469508519331168
97.0, 0.1251384031027552
98.0, 0.12469520383793788
99.0, 0.1251384031027552
100.0, 0.12469516616052784
101.0, 0.12513836570581244
102.0, 0.12469516616052784
103.0, 0.1251384031027552
104.0, 0.12469516616052784
105.0, 0.12513835114333152
106.0, 0.12469515173059041
107.0, 0.1251383885402857
108.0, 0.12469515173059041
109.0, 0.1251384031027552
110.0, 0.12469516616052784
111.0, 0.12513835114333152
112.0, 0.12469513730065845
113.0, 0.1251384031027552
114.0, 0.12469515173059041
115.0, 0.08777314213653059
116.0, 0.12230428860371655
117.0, 0.1250065880516268
118.0, 0.12469225036560805
119.0, 0.12485139005723112
120.0, 0.12432770089017679
121.0, 0.12513932266954006
122.0, 0.12469543553482315
123.0, 0.12375265209815133
124.0, 0.12460903052413523
125.0, 0.12512036394449522
126.0, 0.12469322687840413
127.0, 0.1251378492368715
128.0, 0.12469508839868301
129.0, 0.12513829017009034
130.0, 0.12469509962324968
131.0, 0.12513841766523007
132.0, 0.12469515173059041
133.0, 0.12513835114333152
134.0, 0.12469515173059041
135.0, 0.1251384031027552
136.0, 0.12469515173059041
137.0, 0.1251384031027552
138.0, 0.12469515173059041
139.0, 0.1251384031027552
140.0, 0.12469515173059041
141.0, 0.1251384031027552
142.0, 0.12469516616052784
143.0, 0.12133619892362124
144.0, 0.12123414020183991
145.0, 0.12126053146208415
146.0, 0.12123831972634569
147.0, 0.1212596739470111
148.0, 0.12123743603255738
149.0, 0.12125836520406318
150.0, 0.12123633298711044
151.0, 0.12125745725022365
152.0, 0.12123611755381157
153.0, 0.12125750542954938
154.0, 0.12123636955977067
155.0, 0.12125750542954938
156.0, 0.121236374075477
157.0, 0.12125750542954938
158.0, 0.121236374075477
159.0, 0.12125750542954938
160.0, 0.12123642176724005
161.0, 0.12125750542954938
162.0, 0.12123642176724005
163.0, 0.12125750542954938
164.0, 0.12123627869224625
165.0, 0.12125750542954938
166.0, 0.12123627869224625
167.0, 0.1212569148913281
168.0, 0.12123527846208988
169.0, 0.12125695327156766
170.0, 0.12123538073476381
171.0, 0.12125695636336464
172.0, 0.12123538073476381
173.0, 0.12125695636336464
174.0, 0.121234731587945
175.0, 0.12125593043326077
176.0, 0.12123486163423124
177.0, 0.12125495416504951
178.0, 0.12123308776287212
179.0, 0.12125308420801949
180.0, 0.1212317905833263
181.0, 0.12125260620968291
182.0, 0.12123249055502465
183.0, 0.12125393642582598
184.0, 0.12123381643301853
185.0, 0.12125582917062441
186.0, 0.12123540613307501
187.0, 0.12125779882200853
188.0, 0.12123635294432841
189.0, 0.12125847217167252
190.0, 0.12123682701883534
191.0, 0.12125846254646844
192.0, 0.12123683102766947
193.0, 0.1212581460171098
194.0, 0.12123698757657916
195.0, 0.1212581460171098
196.0, 0.12123698757657916
197.0, 0.1212581460171098
198.0, 0.12123698757657916
199.0, 0.12124696363938557
200.0, 0.11585919865607956
201.0, 0.06164685205639952
202.0, 0.23883885497306967
203.0, 0.5176003389156352
204.0, 1.912175954361738
205.0, 0.1344429333030218
206.0, 0.10401912852294921
207.0, 0.22881290836537965
208.0, 0.09664971754071762
209.0, 0.11654096308135187
210.0, 0.12122870587735728
211.0, 0.1187553980818791
212.0, 0.12098377803840518
213.0, 0.1211302745430788
214.0, 0.12124366235479044
215.0, 0.12125950199395678
216.0, 0.1212382010763723
217.0, 0.12125993423376477
218.0, 0.12123875413119901
219.0, 0.12126117968776948
220.0, 0.12123914215149803
221.0, 0.12126120535096599
222.0, 0.12123917313416625
223.0, 0.12126132681910545
224.0, 0.12123885478709884
225.0, 0.1212605689352794
226.0, 0.12123827092366915
227.0, 0.1212591396261627
228.0, 0.12123670006483167
229.0, 0.12503219266114485
230.0, 0.12469228855967639
231.0, 0.12514006043753292
232.0, 0.12469718386389728
233.0, 0.12514116747001938
234.0, 0.12469739437634603
235.0, 0.12514130993600484
236.0, 0.12469749859207942
237.0, 0.1251412579756021
238.0, 0.12469739437634603
239.0, 0.12514130993600484
240.0, 0.12469749859207942
241.0, 0.12514130993600484
242.0, 0.12469739437634603
243.0, 0.07197192161352665
244.0, 0.07194682252692651
245.0, 0.07134031238211638
246.0, 0.07203015027822837
247.0, 0.07136253431096025
248.0, 0.07196505470253164
249.0, 0.07124645150654696
250.0, 0.07174393426598574
251.0, 0.07093318793563604
252.0, 0.07137459094216576
253.0, 0.07046859690016624
254.0, 0.07084779850398891
255.0, 0.06982224815759794
256.0, 0.07013236230291708
257.0, 0.06897933132614541
258.0, 0.06922880114774985
259.0, 0.06795492711369287
260.0, 0.06816720540788508
261.0, 0.06679025349721004
262.0, 0.06699225752475102
263.0, 0.07996151024767226
264.0, 0.08059875830466194
265.0, 0.08078315622956755
266.0, 0.08109968416797755
267.0, 0.08125077117129591
268.0, 0.08152790671544911
269.0, 0.08164642632181494
270.0, 0.08187817355511698
271.0, 0.08195631437853321
272.0, 0.08213677608960868
273.0, 0.08216929540370986
274.0, 0.08229612240441059
275.0, 0.08227867148050991
276.0, 0.0823520764007047
277.0, 0.0822840132958747
278.0, 0.08230470535488574
279.0, 0.08218605070618334
280.0, 0.08215615665738107
281.0, 0.08198755267351253
282.0, 0.08190977680093586
spot_hold
0, 0
1, 0
2, 0
3, 0
4, 0
5, 0
6, 0
7, 0
8, 0
9, 0
10, 0
11, 0
12, 0
13, 0
14, 0
15, 0
16, 0
17, 0
18, 0
19, 0
20, 0
21, 0
22, 0
23, 0
24, 0
25, 0
26, 0
27, 0
28, 0
29, 0
30, 0
31, 0
32, 0
33, 0
34, 0
35, 0
36, 0
37, 0
38, 0
39, 0
40, 0
41, 1
42, 1
43, 1
44, 1
45, 1
46, 1
47, 1
48, 1
49, 1
50, 1
51, 1
52, 1
53, 1
54, 1
55, 1
56, 1
57, 1
58, 1
59, 1
60, 1
61, 1
62, 1
63, 1
64, 1
65, 1
66, 1
67, 1
68, 1
69, 1
70, 1
71, 1
72, 1
73, 1
74, 1
75, 1
76, 1
77, 1
78, 1
79, 1
80, 1
81, 1
82, 1
83, 1
84, 1
85, 1
86, 1
87, 1
88, 1
89, 1
90, 1
91, 1
92, 1
93, 1
94, 1
95, 1
96, 1
97, 1
98, 1
99, 1
100, 1
101, 1
102, 1
103, 1
104, 1
105, 1
106, 1
107, 1
108, 1
109, 1
110, 1
111, 1
112, 1
113, 1
114, 1
115, 1
116, 1
117, 1
118, 1
119, 1
120, 1
121, 1
122, 1
123, 1
124, 1
125, 1
126, 1
127, 1
128, 1
129, 1
130, 1
131, 1
132, 1
133, 1
134, 1
135, 1
136, 1
137, 1
138, 1
139, 1
140, 1
141, 1
142, 1
143, 1
144, 1
145, 1
146, 1
147, 1
148, 1
149, 1
150, 1
151, 1
152, 1
153, 1
154, 1
155, 1
156, 1
157, 1
158, 1
159, 1
160, 1
161, 1
162, 1
163, 1
164, 1
165, 1
166, 1
167, 1
168, 1
169, 1
170, 1
171, 1
172, 1
173, 1
174, 1
175, 1
176, 1
177, 1
178, 1
179, 1
180, 1
181, 1
182, 1
183, 1
184, 1
185, 1
186, 1
187, 1
188, 1
189, 1
190, 1
191, 1
192, 1
193, 1
194, 1
195, 1
196, 1
197, 1
198, 1
199, 1
200, 1
201, 1
202, 1
203, 1
204, 1
205, 1
206, 1
207, 1
208, 1
209, 1
210, 1
211, 1
212, 1
213, 1
214, 1
215, 1
216, 1
217, 1
218, 1
219, 1
220, 1
221, 1
222, 1
223, 1
224, 1
225, 1
226, 1
227, 1
228, 1
229, 1
230, 1
231, 1
232, 1
233, 1
234, 1
235, 1
236, 1
237, 1
238, 1
239, 1
240, 1
241, 1
242, 1
243, 1
244, 1
245, 1
246, 1
247, 1
248, 1
249, 1
250, 1
251, 1
252, 1
253, 1
254, 1
255, 1
256, 1
257, 1
258, 1
259, 1
260, 1
261, 1
262, 1
263, 1
264, 1
265, 1
266, 1
267, 1
268, 1
269, 1
270, 1
271, 1
272, 1
273, 1
274, 1
275, 1
276, 1
277, 1
278, 1
279, 1
280, 1
281, 1
282, 1
