bot_dist
0.0, 2.9622519028357717
1.0, 2.9655311834655023
2.0, 2.9688405267905233
3.0, 2.972179832391832
4.0, 2.9755489993940656
5.0, 2.9789479264781873
6.0, 2.982376511894119
7.0, 2.985834653473322
8.0, 2.9893222486413125
9.0, 2.9928391944301205
10.0, 2.9963853874906823
11.0, 2.9999607241051707
12.0, 3.0035651001992503
13.0, 3.0071984113542665
14.0, 3.010860552819358
15.0, 3.014551419523498
16.0, 3.018270906087451
17.0, 3.0220189068356547
18.0, 3.025795315808019
19.0, 3.0296000267716376
20.0, 3.0334329332324197
21.0, 3.0372939284466294
22.0, 3.041182905432334
23.0, 3.0450997569807674
24.0, 3.049044375667592
25.0, 3.053016653864077
26.0, 3.0570164837481686
27.0, 3.0610437573154683
28.0, 3.065098366390117
29.0, 3.0691802026355677
30.0, 3.073289157565266
31.0, 3.077425122553223
32.0, 3.081587988844485
33.0, 3.085777647565497
34.0, 3.089993989734363
35.0, 3.0942369062709942
36.0, 3.0985062880071563
37.0, 3.102802025696395
38.0, 3.1071240100238673
39.0, 3.111472131616049
40.0, 3.115846281050338
41.0, 3.120246348864541
42.0, 3.124672225566253
43.0, 3.1291238016421143
44.0, 3.133600967566964
45.0, 3.1381036138128717
46.0, 3.142631630858058
47.0, 3.1471849091956967
48.0, 3.151763339342606
49.0, 3.156366811847818
50.0, 3.1609952173010387
51.0, 3.165648446340987
52.0, 3.1703263896636176
53.0, 3.1750289380302292
54.0, 3.179755869285387
55.0, 3.184507186174794
56.0, 3.1892827797110535
57.0, 3.194082541003372
58.0, 3.1989063612650783
59.0, 3.2037541318210327
60.0, 3.208625744114921
61.0, 3.2135210897164255
62.0, 3.2184400603282937
63.0, 3.223382547793275
64.0, 3.228348444100958
65.0, 3.2333376413944794
66.0, 3.2383500319771303
67.0, 3.2433855083188434
68.0, 3.248443963062563
69.0, 3.2535252890305113
70.0, 3.2586293792303325
71.0, 3.263756126861132
72.0, 3.268905425319404
73.0, 3.274077168204838
74.0, 3.279271249326034
75.0, 3.2844875627060865
76.0, 3.289726002588079
77.0, 3.2949864634404564
78.0, 3.300268839962296
79.0, 3.3055730270884722
80.0, 3.3108989199947105
81.0, 3.316246414102542
82.0, 3.321615405084147
83.0, 3.3270057888671016
84.0, 3.3324174616390168
85.0, 3.3378503198520706
86.0, 3.3433042602274545
87.0, 3.3487791797597017
88.0, 3.3542749757209225
89.0, 3.359791545664949
90.0, 3.3653287874313658
91.0, 3.370886599149457
92.0, 3.3764648792420537
93.0, 3.382063526429278
94.0, 3.3876824397322087
95.0, 3.3933215184764354
96.0, 3.3989806622955365
97.0, 3.404659771134454
98.0, 3.4103587452527866
99.0, 3.416077485227982
100.0, 3.421815891958455
101.0, 3.421815891958455
102.0, 3.421815891958455
103.0, 3.421815891958455
104.0, 3.421815891958455
105.0, 3.421815891958455
106.0, 3.421815891958455
107.0, 3.421815891958455
108.0, 3.421815891958455
109.0, 3.421815891958455
110.0, 3.421815891958455
111.0, 3.421815891958455
112.0, 3.421815891958455
113.0, 3.421815891958455
114.0, 3.421815891958455
115.0, 3.421815891958455
116.0, 3.421815891958455
117.0, 3.421815891958455
118.0, 3.421815891958455
119.0, 3.421815891958455
120.0, 3.421815891958455
121.0, 3.421815891958455
122.0, 3.421815891958455
123.0, 3.421815891958455
124.0, 3.421815891958455
125.0, 3.421815891958455
126.0, 3.421815891958455
127.0, 3.421815891958455
128.0, 3.421815891958455
129.0, 3.421815891958455
130.0, 3.421815891958455
131.0, 3.416077485227982
132.0, 3.4103587452527866
133.0, 3.404659771134454
134.0, 3.3989806622955365
135.0, 3.3933215184764354
136.0, 3.3876824397322087
137.0, 3.382063526429278
138.0, 3.3764648792420537
139.0, 3.370886599149457
140.0, 3.3653287874313658
141.0, 3.359791545664949
142.0, 3.3542749757209225
143.0, 3.3536228915928876
144.0, 3.348155892529324
145.0, 3.342709868050225
146.0, 3.337284920839155
147.0, 3.3318811538497277
148.0, 3.3264986703012682
149.0, 3.32113757367438
150.0, 3.3157979677064047
151.0, 3.227762203372119
152.0, 3.139830205363469
153.0, 3.052010891732209
154.0, 2.9643143324754115
155.0, 2.8767517539603813
156.0, 2.7893357739499547
157.0, 2.702080620464115
158.0, 2.6150023925163737
159.0, 2.528119372176254
160.0, 2.441452399865136
161.0, 2.3550253279677245
162.0, 2.2688655719675466
163.0, 2.1830047837047064
164.0, 2.0974796784292145
165.0, 2.012333056652722
166.0, 1.9276150741522367
167.0, 1.9235820053978565
168.0, 1.84162670631047
169.0, 1.7605038876842445
170.0, 1.6803338760955275
171.0, 1.6012597900417638
172.0, 1.5234522896049159
173.0, 1.4471156918670394
174.0, 1.444587795021885
175.0, 1.3740703352703592
176.0, 1.306086780648882
177.0, 1.304462261124004
178.0, 1.3029124331543285
179.0, 1.3014376033428934
180.0, 1.300038026934995
181.0, 1.2587989220362623
182.0, 1.2581203210177891
183.0, 1.2575208814773344
184.0, 1.2570007166666763
185.0, 1.2565599250353807
186.0, 1.2561985901379937
187.0, 1.2559167805550748
188.0, 1.191221991173899
189.0, 1.191525741333439
190.0, 1.1263441317584055
191.0, 1.064657583172186
192.0, 1.0071085396709825
193.0, 0.9544457171380315
194.0, 0.9075201475784318
195.0, 0.8672636188444438
196.0, 0.8346416751482503
197.0, 0.8105766109567488
198.0, 0.7958450436980268
199.0, 0.7909686466226297
200.0, 0.7961285331616302
201.0, 0.8111331935637194
202.0, 0.8354523619575219
203.0, 0.8683037576290112
204.0, 0.9087625415572835
205.0, 0.955863208505998
206.0, 1.008675748110285
207.0, 1.0663518327873964
208.0, 1.128145767516313
209.0, 1.1934180697700352
210.0, 1.261628979040604
211.0, 1.3323271667657892
212.0, 1.405137355450038
213.0, 1.4145936407201447
214.0, 1.4847317157702442
215.0, 1.5567500449176017
216.0, 1.5659934085705338
217.0, 1.5752460183022654
218.0, 1.5845077121375275
219.0, 1.5937783317089111
220.0, 1.6030577221615436
221.0, 1.6123457320606065
222.0, 1.6216422133016042
223.0, 1.6309470210233001
224.0, 1.640260013523224
225.0, 1.6495810521756775
226.0, 1.6589100013521534
227.0, 1.6682467283440916
228.0, 1.6775911032878985
229.0, 1.6869429990921534
230.0, 1.6963022913669388
231.0, 1.6963022913669388
232.0, 1.6963022913669388
233.0, 1.6963022913669388
234.0, 1.6963022913669388
235.0, 1.6963022913669388
236.0, 1.6963022913669388
237.0, 1.6963022913669388
238.0, 1.6963022913669388
239.0, 1.6963022913669388
240.0, 1.6963022913669388
241.0, 1.6963022913669388
242.0, 1.6963022913669388
243.0, 1.6963022913669388
244.0, 1.6963022913669388
245.0, 1.6963022913669388
246.0, 1.6963022913669388
247.0, 1.6963022913669388
248.0, 1.6963022913669388
249.0, 1.6963022913669388
250.0, 1.6963022913669388
251.0, 1.6963022913669388
252.0, 1.6963022913669388
253.0, 1.6963022913669388
254.0, 1.6963022913669388
255.0, 1.6963022913669388
256.0, 1.6963022913669388
257.0, 1.6963022913669388
258.0, 1.6963022913669388
259.0, 1.6963022913669388
260.0, 1.6963022913669388
261.0, 1.6869429990921534
262.0, 1.6775911032878985
263.0, 1.6682467283440916
264.0, 1.6589100013521534
265.0, 1.6495810521756775
266.0, 1.640260013523224
267.0, 1.6309470210233001
268.0, 1.6216422133016042
269.0, 1.6123457320606065
270.0, 1.6030577221615436
271.0, 1.5937783317089111
272.0, 1.5845077121375275
273.0, 1.5752460183022654
274.0, 1.5659934085705338
275.0, 1.5567500449176017
276.0, 1.5475160930248608
277.0, 1.538291722381123
278.0, 1.529077106387056
279.0, 1.5198724224628595
280.0, 1.5106778521592907
281.0, 1.5014935812721524
282.0, 1.4923197999603561
ee_dist
0.0, 1.4555079768813808
1.0, 1.5186167896714176
2.0, 1.6286315568545946
3.0, 1.721685914584774
4.0, 1.7538821590407683
5.0, 1.7797357653966284
6.0, 1.8118977913578511
7.0, 1.845165300126762
8.0, 1.8799451158179952
9.0, 1.9130104541597652
10.0, 1.9502514849252253
11.0, 1.9838841771396547
12.0, 2.014217543169686
13.0, 2.0496870743677986
14.0, 2.0755614326363285
15.0, 2.1020395550961966
16.0, 2.12699214281697
17.0, 2.154438977031243
18.0, 2.175843394676958
19.0, 2.1950766515863673
20.0, 2.2142819598460095
21.0, 2.1842067704730628
22.0, 2.1427764595001606
23.0, 2.098125125008417
24.0, 2.049825908464967
25.0, 1.9981767908453174
26.0, 1.9433375792520586
27.0, 1.8856701626454784
28.0, 1.8254042657294107
29.0, 1.7630200277020447
30.0, 1.6988450191851612
31.0, 1.6335046032647889
32.0, 1.5674644489982572
33.0, 1.5015297098524407
34.0, 1.4363620254969567
35.0, 1.3730018857942714
36.0, 1.312383945212307
37.0, 1.2558232898655166
38.0, 1.204542152708863
39.0, 1.1600172693268302
40.0, 1.123643340491244
41.0, 1.1238623627566318
42.0, 1.0039331428262799
43.0, 0.7492741127481064
44.0, 0.7025297551955002
45.0, 0.6547803412633549
46.0, 0.6066413989733241
47.0, 0.5577835165611226
48.0, 0.5093296958822706
49.0, 0.46282553070354837
50.0, 0.41876869946420525
51.0, 0.37846876541368935
52.0, 0.34421021491922166
53.0, 0.31820754729179707
54.0, 0.3045160157210003
55.0, 0.30389869745809733
56.0, 0.31765137320660675
57.0, 0.34367411499919026
58.0, 0.3170529297799234
59.0, 0.27853924373249817
60.0, 0.25817610249286227
61.0, 0.2696169181660482
62.0, 0.31519418398555005
63.0, 0.38182148217967593
64.0, 0.45495144559046813
65.0, 0.5203324035234764
66.0, 0.580034905481896
67.0, 0.6392377813389203
68.0, 0.6923491377660549
69.0, 0.7435198157701336
70.0, 0.7947424070384569
71.0, 0.844589154193154
72.0, 0.8950899584426312
73.0, 0.952709304979366
74.0, 1.0150005905589778
75.0, 1.0885786973748353
76.0, 1.1722318531128288
77.0, 1.2656772627313606
78.0, 1.362059744047855
79.0, 1.4587840967356034
80.0, 1.550982634050509
81.0, 1.629268060057298
82.0, 1.693796246136218
83.0, 1.7577399201830441
84.0, 1.8182747786840583
85.0, 1.8773480273579952
86.0, 1.9407878023967198
87.0, 1.9871529041794393
88.0, 2.0174506573048347
89.0, 2.060431619464935
90.0, 2.102898915410359
91.0, 2.158739810565797
92.0, 2.250942270975366
93.0, 2.350374029901558
94.0, 2.456133727808899
95.0, 2.562278552207802
96.0, 2.6634513907344863
97.0, 2.753557850421697
98.0, 2.826256404140304
99.0, 2.894970084230167
100.0, 2.9614175420205506
101.0, 3.0255465868757714
102.0, 3.0886684372456865
103.0, 3.1508246474532924
104.0, 3.2136809903516106
105.0, 3.2826067371496954
106.0, 3.356380044129465
107.0, 3.4360429994140556
108.0, 3.5268420724612723
109.0, 3.625859300784476
110.0, 3.727788523446784
111.0, 3.838901051359461
112.0, 3.942515677676398
113.0, 4.037317210202625
114.0, 4.108631137425529
115.0, 4.191714785595369
116.0, 4.246888761430109
117.0, 4.312193853687208
118.0, 4.375275903180077
119.0, 4.438568442209809
120.0, 4.500630152467135
121.0, 4.568763861328804
122.0, 4.642243777160404
123.0, 4.719153196305722
124.0, 4.763581366325936
125.0, 4.80842768200091
126.0, 4.853299281876171
127.0, 4.8971080003484
128.0, 4.940255519727833
129.0, 4.982002557221609
130.0, 5.022581950521215
131.0, 5.061265328265376
132.0, 5.098277854254381
133.0, 5.133014906077807
134.0, 5.165637619603214
135.0, 5.195612173907604
136.0, 5.223125151846134
137.0, 5.247676713957352
138.0, 5.269489449020708
139.0, 5.2880971642758
140.0, 5.303752566687211
141.0, 5.316028041242406
142.0, 5.3252072439909135
143.0, 4.60699700450208
144.0, 4.596156940105705
145.0, 4.588436526106174
146.0, 4.5833102344272705
147.0, 4.581390389178587
148.0, 4.582118081193387
149.0, 4.586065940684743
150.0, 4.5926201578765955
151.0, 4.5115183525575455
152.0, 4.413720406243332
153.0, 4.349864671606378
154.0, 4.268009840954481
155.0, 4.174699118449745
156.0, 4.1073036113764445
157.0, 4.025738250737907
158.0, 3.9450561319343493
159.0, 3.864713451416396
160.0, 3.784203660743376
161.0, 3.704113662611798
162.0, 3.623874499700041
163.0, 3.544073534893433
164.0, 3.464143031511802
165.0, 3.384672940555345
166.0, 3.3050965483009094
167.0, 3.3174824017752953
168.0, 3.240833813557391
169.0, 3.1648053845123276
170.0, 3.088864097064354
171.0, 3.01360241208258
172.0, 2.938487929150084
173.0, 2.864116262461766
174.0, 2.8808659470980627
175.0, 2.810892751850436
176.0, 2.741380764406146
177.0, 2.7617212683453896
178.0, 2.784070703302781
179.0, 2.8087058366330955
180.0, 2.8349421196033164
181.0, 2.7880499831037833
182.0, 2.761052893819831
183.0, 2.727992053873595
184.0, 2.71353202721461
185.0, 2.6831917289115874
186.0, 2.6742865471585815
187.0, 2.6579458316917277
188.0, 2.5825408140748425
189.0, 2.569169727093239
190.0, 2.491043232488638
191.0, 2.413577730616361
192.0, 2.3362095224645434
193.0, 2.2595738919162294
194.0, 2.183119764339768
195.0, 2.1074969143371343
196.0, 2.032167421685854
197.0, 1.9577969283001353
198.0, 1.8838663715309634
199.0, 1.8110635023697659
200.0, 1.738895089855233
201.0, 1.6680788154505204
202.0, 1.5981599772780997
203.0, 1.5298954188356304
204.0, 1.462884152671677
205.0, 1.397936748759329
206.0, 1.3347287933901737
207.0, 1.274139431754261
208.0, 1.2159468410256995
209.0, 1.1611159716606856
210.0, 1.1095530812942045
211.0, 1.0623109615611688
212.0, 1.0194336231123853
213.0, 0.9919202905148247
214.0, 0.9471329138318683
215.0, 0.9080865842335466
216.0, 0.8796094772742841
217.0, 0.8530549962467057
218.0, 0.8282286319143243
219.0, 0.8061106971705022
220.0, 0.7864048156606995
221.0, 0.7701645126438675
222.0, 0.7569687396956373
223.0, 0.7478587905789971
224.0, 0.7422465520659981
225.0, 0.7410604977352907
226.0, 0.7435242872448672
227.0, 0.7503770236308934
228.0, 0.7606845086304079
229.0, 0.7749782259974842
230.0, 0.7745598649646864
231.0, 0.7746777009410053
232.0, 0.7744025684057331
233.0, 0.7746763984606905
234.0, 0.7744241627761675
235.0, 0.7746756422418691
236.0, 0.7744237009322301
237.0, 0.7746756422418691
238.0, 0.7744236740720498
239.0, 0.7746756422418691
240.0, 0.7744236740720498
241.0, 0.7746756422418691
242.0, 0.7744236740720498
243.0, 0.7925659333834115
244.0, 0.8114022995361463
245.0, 0.8329225404402293
246.0, 0.8571641450172134
247.0, 0.8837777062889156
248.0, 0.9096793349232432
249.0, 0.9396263950643341
250.0, 0.9713559323947717
251.0, 1.0042152537399485
252.0, 1.0379375798254298
253.0, 1.0694109379537882
254.0, 1.09571269739679
255.0, 1.1185264486198867
256.0, 1.139257516919305
257.0, 1.1576179395833543
258.0, 1.1754316887017011
259.0, 1.1909442167531672
260.0, 1.2064882120895868
261.0, 1.2193968187704747
262.0, 1.232821665387648
263.0, 1.2114278147462827
264.0, 1.1793771418507095
265.0, 1.145784781945411
266.0, 1.110059189201813
267.0, 1.0725452412226046
268.0, 1.033160745496811
269.0, 0.992286009035142
270.0, 0.9498364058448301
271.0, 0.9062765287679558
272.0, 0.8615367964968641
273.0, 0.8173233355370924
274.0, 0.7713110669797453
275.0, 0.7238453318316806
276.0, 0.6639979860151575
277.0, 0.612329752040233
278.0, 0.5728838648527665
279.0, 0.5247637978314449
280.0, 0.4860940749764101
281.0, 0.4568528054864888
282.0, 0.4331505598362602
ee_box_dist
0.0, 0.5575707657653017
1.0, 0.613147673732866
2.0, 0.643669054619358
3.0, 0.6829850393465733
4.0, 0.7215914679964378
5.0, 0.7593088885288988
6.0, 0.7975661661888243
7.0, 0.8340325932988084
8.0, 0.8685607790639858
9.0, 0.900194600470691
10.0, 0.9347090773206512
11.0, 0.9650106462915947
12.0, 0.9915569962529335
13.0, 1.0227306984263254
14.0, 1.0446581099994867
15.0, 1.0670897416995868
16.0, 1.087893334531548
17.0, 1.1110065797595232
18.0, 1.1287440578766348
19.0, 1.144483369467692
20.0, 1.1602823450134405
21.0, 1.140379148687529
22.0, 1.113082159030544
23.0, 1.0831585098920848
24.0, 1.0502245846078708
25.0, 1.0144508344242587
26.0, 0.975809033946529
27.0, 0.9344916322371827
28.0, 0.890465109428312
29.0, 0.8439590515063428
30.0, 0.7949369833414888
31.0, 0.7436717544690897
32.0, 0.690129642136158
33.0, 0.6346395843258325
34.0, 0.5771889868807135
35.0, 0.5181480599378655
36.0, 0.4575145840365608
37.0, 0.3956942501024078
38.0, 0.33285253714289836
39.0, 0.2697110973060497
40.0, 0.2070390363503972
41.0, 0.08025340332550794
42.0, 0.08268976487226591
43.0, 0.08321000083773701
44.0, 0.08297694393708821
45.0, 0.08303391352431572
46.0, 0.08298614672454459
47.0, 0.08303204671496203
48.0, 0.08299162751876202
49.0, 0.08248538649376105
50.0, 0.0826418823261865
51.0, 0.0825107110072853
52.0, 0.08277043902841626
53.0, 0.08289447061380599
54.0, 0.08275123275776695
55.0, 0.08277163185303642
56.0, 0.08275405527501471
57.0, 0.08278875458899845
58.0, 0.08276030805396654
59.0, 0.08281846629406917
60.0, 0.08279080207920123
61.0, 0.08279303155226057
62.0, 0.08280841497266986
63.0, 0.0828368742667276
64.0, 0.08293848695755504
65.0, 0.08210307558398172
66.0, 0.08290296786965717
67.0, 0.08292081279097634
68.0, 0.08292427764576656
69.0, 0.08292687538673836
70.0, 0.08256880694208171
71.0, 0.08201074959540992
72.0, 0.08245012669223127
73.0, 0.08189908091469168
74.0, 0.08235488916288917
75.0, 0.08185496412406383
76.0, 0.08226464882339216
77.0, 0.0816955529914862
78.0, 0.0827309415988432
79.0, 0.0827495020566299
80.0, 0.08277366497709815
81.0, 0.08277588886708602
82.0, 0.08279806614601289
83.0, 0.08280036139665074
84.0, 0.08282314827944283
85.0, 0.08282621200521743
86.0, 0.11226583635302273
87.0, 0.1404101137188141
88.0, 0.1342427705180652
89.0, 0.1323483230204439
90.0, 0.12801741045167536
91.0, 0.123090598573836
92.0, 0.12139411327340875
93.0, 0.12245178186390157
94.0, 0.12133556501114576
95.0, 0.12244026671050104
96.0, 0.12133329773475343
97.0, 0.12243968810088648
98.0, 0.12133327723188986
99.0, 0.12243963428014301
100.0, 0.1213332112554632
101.0, 0.12243961968217093
102.0, 0.12133324513447277
103.0, 0.1224396709962003
104.0, 0.12133324513447277
105.0, 0.12243961968217093
106.0, 0.1222833097304991
107.0, 0.12213135089426562
108.0, 0.12136658803870057
109.0, 0.12242863819071204
110.0, 0.08950570511315768
111.0, 0.12093365779863942
112.0, 0.12136526394789605
113.0, 0.12243234625084469
114.0, 0.08950539667716609
115.0, 0.08261332259542234
116.0, 0.11950424729111747
117.0, 0.12231224857574798
118.0, 0.12141590263461675
119.0, 0.12244251658514436
120.0, 0.12133346178491095
121.0, 0.12243968810088648
122.0, 0.12133322819496552
123.0, 0.12243968559412272
124.0, 0.12184089062337002
125.0, 0.12209573425261525
126.0, 0.12136366842705575
127.0, 0.12242819435627288
128.0, 0.1214163301282673
129.0, 0.12244153748767071
130.0, 0.12141894026391906
131.0, 0.12244220162270715
132.0, 0.12133339402682768
133.0, 0.12243968810088648
134.0, 0.12133324513447277
135.0, 0.12243966848945793
136.0, 0.12133324513447277
137.0, 0.1224397172967545
138.0, 0.1213332112554632
139.0, 0.12243961968217093
140.0, 0.12133324513447277
141.0, 0.1224397001921014
142.0, 0.12133324513447277
143.0, 0.11857342092374318
144.0, 0.1179431834369194
145.0, 0.11855721677112159
146.0, 0.11794822373337878
147.0, 0.118559409359371
148.0, 0.11794834648947836
149.0, 0.11855944504850909
150.0, 0.11794800760145523
151.0, 0.11855918203662003
152.0, 0.09826822859923236
153.0, 0.11864280504785893
154.0, 0.11807192620898788
155.0, 0.09876344564736195
156.0, 0.11739909371014323
157.0, 0.11862294301586078
158.0, 0.11795686762359872
159.0, 0.11856124482716647
160.0, 0.11794799816681505
161.0, 0.1185591874416454
162.0, 0.11794787496108243
163.0, 0.11855913554248718
164.0, 0.11794767831709826
165.0, 0.11855903546706584
166.0, 0.11794794012265188
167.0, 0.11855856401007098
168.0, 0.11794703444058689
169.0, 0.11855801010439973
170.0, 0.11794707132201977
171.0, 0.11855824227747358
172.0, 0.11794743284591154
173.0, 0.11855824227747358
174.0, 0.11794641151957523
175.0, 0.1185579892284236
176.0, 0.11794656246197749
177.0, 0.11855690629334832
178.0, 0.11794464860541054
179.0, 0.11855505652525633
180.0, 0.11794272272523135
181.0, 0.11855412596295001
182.0, 0.1175922037557087
183.0, 0.07870457865649637
184.0, 0.11715721197302972
185.0, 0.07869278940903011
186.0, 0.11716440420983838
187.0, 0.1186259366352973
188.0, 0.11795639747972081
189.0, 0.11856107782643295
190.0, 0.11794816054386584
191.0, 0.11855944763866698
192.0, 0.11794815328321948
193.0, 0.1185597439325969
194.0, 0.11794810412238524
195.0, 0.11855946497578548
196.0, 0.11794820244406336
197.0, 0.11855950643292164
198.0, 0.11794815328321948
199.0, 0.11855964622025375
200.0, 0.11794810412238524
201.0, 0.11855946497578548
202.0, 0.11794815328321948
203.0, 0.1185596950764204
204.0, 0.11794815328321948
205.0, 0.11855958002591904
206.0, 0.11794803964539122
207.0, 0.11855934252642487
208.0, 0.11794811217988535
209.0, 0.11855971919591787
210.0, 0.11794803964539122
211.0, 0.11855946497578548
212.0, 0.11794808880628245
213.0, 0.11856014530197567
214.0, 0.1179485298271126
215.0, 0.11855979300892537
216.0, 0.11794820144267681
217.0, 0.1185600304573099
218.0, 0.11794803584568643
219.0, 0.11855915837319683
220.0, 0.11794756502701266
221.0, 0.11855884372160898
222.0, 0.11794798459741654
223.0, 0.11855917761527981
224.0, 0.11794801423554829
225.0, 0.11855916803926222
226.0, 0.11794829619970143
227.0, 0.11855967915964577
228.0, 0.11794779042444654
229.0, 0.11855899702907281
230.0, 0.12114957559490619
231.0, 0.12243028517603433
232.0, 0.12142015658699097
233.0, 0.12244498721554109
234.0, 0.12133669584117417
235.0, 0.12244324071990448
236.0, 0.12133657068403682
237.0, 0.12244302801749896
238.0, 0.1213364726081163
239.0, 0.12244302801749896
240.0, 0.1213364726081163
241.0, 0.12244302801749896
242.0, 0.1213364726081163
243.0, 0.08393216938102123
244.0, 0.08316658449734124
245.0, 0.08318884776844183
246.0, 0.08300241434262266
247.0, 0.08304025994671946
248.0, 0.0825277782618251
249.0, 0.08288511787532403
250.0, 0.08268530538496194
251.0, 0.08270907193392162
252.0, 0.08248268249039378
253.0, 0.07923286009975654
254.0, 0.07191530077207134
255.0, 0.0651062869003846
256.0, 0.06093350658287012
257.0, 0.05562044101117522
258.0, 0.0539144836822789
259.0, 0.04938228737181039
260.0, 0.049047585849423245
261.0, 0.04487536621082275
262.0, 0.045410902355927076
263.0, 0.07894039100082717
264.0, 0.08008928905451956
265.0, 0.08031505793951331
266.0, 0.08068847873661335
267.0, 0.08087106138906436
268.0, 0.08120335855214225
269.0, 0.0813528337900521
270.0, 0.08163565848588711
271.0, 0.08174229396468365
272.0, 0.08196808892677786
273.0, 0.08235892307079253
274.0, 0.08219515168317161
275.0, 0.08110011895468687
276.0, 0.08045049255567786
277.0, 0.08221322659095795
278.0, 0.08226262577218799
279.0, 0.0821659276015714
280.0, 0.08086623737921475
281.0, 0.0811866455642463
282.0, 0.08279475564073267
spot_hold
0, 0
1, 0
2, 0
3, 0
4, 0
5, 0
6, 0
7, 0
8, 0
9, 0
10, 0
11, 0
12, 0
13, 0
14, 0
15, 0
16, 0
17, 0
18, 0
19, 0
20, 0
21, 0
22, 0
23, 0
24, 0
25, 0
26, 0
27, 0
28, 0
29, 0
30, 0
31, 0
32, 0
33, 0
34, 0
35, 0
36, 0
37, 0
38, 0
39, 0
40, 0
41, 1
42, 1
43, 1
44, 1
45, 1
46, 1
47, 1
48, 1
49, 1
50, 1
51, 1
52, 1
53, 1
54, 1
55, 1
56, 1
57, 1
58, 1
59, 1
60, 1
61, 1
62, 1
63, 1
64, 1
65, 1
66, 1
67, 1
68, 1
69, 1
70, 1
71, 1
72, 1
73, 1
74, 1
75, 1
76, 1
77, 1
78, 1
79, 1
80, 1
81, 1
82, 1
83, 1
84, 1
85, 1
86, 1
87, 1
88, 1
89, 1
90, 1
91, 1
92, 1
93, 1
94, 1
95, 1
96, 1
97, 1
98, 1
99, 1
100, 1
101, 1
102, 1
103, 1
104, 1
105, 1
106, 1
107, 1
108, 1
109, 1
110, 1
111, 1
112, 1
113, 1
114, 1
115, 1
116, 1
117, 1
118, 1
119, 1
120, 1
121, 1
122, 1
123, 1
124, 1
125, 1
126, 1
127, 1
128, 1
129, 1
130, 1
131, 1
132, 1
133, 1
134, 1
135, 1
136, 1
137, 1
138, 1
139, 1
140, 1
141, 1
142, 1
143, 1
144, 1
145, 1
146, 1
147, 1
148, 1
149, 1
150, 1
151, 1
152, 1
153, 1
154, 1
155, 1
156, 1
157, 1
158, 1
159, 1
160, 1
161, 1
162, 1
163, 1
164, 1
165, 1
166, 1
167, 1
168, 1
169, 1
170, 1
171, 1
172, 1
173, 1
174, 1
175, 1
176, 1
177, 1
178, 1
179, 1
180, 1
181, 1
182, 1
183, 1
184, 1
185, 1
186, 1
187, 1
188, 1
189, 1
190, 1
191, 1
192, 1
193, 1
194, 1
195, 1
196, 1
197, 1
198, 1
199, 1
200, 1
201, 1
202, 1
203, 1
204, 1
205, 1
206, 1
207, 1
208, 1
209, 1
210, 1
211, 1
212, 1
213, 1
214, 1
215, 1
216, 1
217, 1
218, 1
219, 1
220, 1
221, 1
222, 1
223, 1
224, 1
225, 1
226, 1
227, 1
228, 1
229, 1
230, 1
231, 1
232, 1
233, 1
234, 1
235, 1
236, 1
237, 1
238, 1
239, 1
240, 1
241, 1
242, 1
243, 1
244, 1
245, 1
246, 1
247, 1
248, 1
249, 1
250, 1
251, 1
252, 1
253, 1
254, 1
255, 1
256, 1
257, 1
258, 1
259, 1
260, 1
261, 1
262, 1
263, 1
264, 1
265, 1
266, 1
267, 1
268, 1
269, 1
270, 1
271, 1
272, 1
273, 1
274, 1
275, 1
276, 1
277, 1
278, 1
279, 1
280, 1
281, 1
282, 1
