bot_dist
0.0, 3.63305532481933
1.0, 3.639435446364705
2.0, 3.64583183141134
3.0, 3.6522443945096277
4.0, 3.6586730505936664
5.0, 3.665117714981643
6.0, 3.6715783033761773
7.0, 3.6780547318646093
8.0, 3.6845469169192473
9.0, 3.6910547753975624
10.0, 3.697578224542342
11.0, 3.704117181981798
12.0, 3.7106715657296303
13.0, 3.717241294185047
14.0, 3.723826286132745
15.0, 3.730426460742846
16.0, 3.737041737570792
17.0, 3.7436720365572076
18.0, 3.750317278027711
19.0, 3.7569773826927015
20.0, 3.7636522716470977
21.0, 3.770341866370043
22.0, 3.777046088724581
23.0, 3.7837648609572843
24.0, 3.790498105697861
25.0, 3.7972457459587177
26.0, 3.8040077051344956
27.0, 3.810783907001573
28.0, 3.8175742757175364
29.0, 3.8243787358206176
30.0, 3.831197212229104
31.0, 3.8380296302407237
32.0, 3.8448759155319907
33.0, 3.851735994157532
34.0, 3.858609792549383
35.0, 3.8654972375162555
36.0, 3.8723982562427826
37.0, 3.8793127762887356
38.0, 3.8862407255882148
39.0, 3.893182032448823
40.0, 3.900136625550804
41.0, 3.9071044339461674
42.0, 3.914085387057789
43.0, 3.9210794146784855
44.0, 3.928086446970071
45.0, 3.9351064144623935
46.0, 3.9421392480523463
47.0, 3.9491848790028676
48.0, 3.956243238941913
49.0, 3.963314259861415
50.0, 3.970397874116221
51.0, 3.9774940144230135
52.0, 3.98460261385922
53.0, 3.991723605861895
54.0, 3.998856924226594
55.0, 4.006002503106232
56.0, 4.013160277009921
57.0, 4.020330180801799
58.0, 4.027512149699841
59.0, 4.0347061192746585
60.0, 4.041912025448283
61.0, 4.049129804492941
62.0, 4.056359393029811
63.0, 4.063600728027772
64.0, 4.0708537468021415
65.0, 4.078118387013397
66.0, 4.085394586665896
67.0, 4.092682284106573
68.0, 4.099981418023637
69.0, 4.107291927445254
70.0, 4.1146137517382275
71.0, 4.121946830606654
72.0, 4.129291104090589
73.0, 4.136646512564694
74.0, 4.144012996736875
75.0, 4.151390497646923
76.0, 4.158778956665132
77.0, 4.166178315490926
78.0, 4.1735885161514705
79.0, 4.181009501000276
80.0, 4.188441212715808
81.0, 4.19588359430007
82.0, 4.203336589077208
83.0, 4.210800140692085
84.0, 4.21827419310887
85.0, 4.225758690609607
86.0, 4.2332535777927935
87.0, 4.240758799571944
88.0, 4.24827430117416
89.0, 4.255800028138688
90.0, 4.263335926315476
91.0, 4.270881941863736
92.0, 4.278438021250489
93.0, 4.286004111249122
94.0, 4.2935801589379325
95.0, 4.301166111698677
96.0, 4.308761917215117
97.0, 4.316367523471557
98.0, 4.323982878751397
99.0, 4.331607931635661
100.0, 4.339242631001551
101.0, 4.339242631001551
102.0, 4.339242631001551
103.0, 4.339242631001551
104.0, 4.339242631001551
105.0, 4.339242631001551
106.0, 4.339242631001551
107.0, 4.339242631001551
108.0, 4.339242631001551
109.0, 4.339242631001551
110.0, 4.339242631001551
111.0, 4.339242631001551
112.0, 4.339242631001551
113.0, 4.339242631001551
114.0, 4.339242631001551
115.0, 4.339242631001551
116.0, 4.339242631001551
117.0, 4.339242631001551
118.0, 4.339242631001551
119.0, 4.339242631001551
120.0, 4.339242631001551
121.0, 4.339242631001551
122.0, 4.339242631001551
123.0, 4.339242631001551
124.0, 4.339242631001551
125.0, 4.339242631001551
126.0, 4.339242631001551
127.0, 4.339242631001551
128.0, 4.339242631001551
129.0, 4.339242631001551
130.0, 4.339242631001551
131.0, 4.331607931635661
132.0, 4.323982878751397
133.0, 4.316367523471557
134.0, 4.308761917215117
135.0, 4.301166111698677
136.0, 4.2935801589379325
137.0, 4.286004111249122
138.0, 4.278438021250489
139.0, 4.270881941863736
140.0, 4.263335926315476
141.0, 4.255800028138688
142.0, 4.24827430117416
143.0, 4.244584750051606
144.0, 4.237086305247896
145.0, 4.229598209698694
146.0, 4.222120518468423
147.0, 4.214653286935507
148.0, 4.207196570793787
149.0, 4.1997504260539404
150.0, 4.192314909044888
151.0, 4.1848900764151935
152.0, 4.094525411773696
153.0, 4.004164676451681
154.0, 3.913808142605725
155.0, 3.8234561081057286
156.0, 3.7331088996432698
157.0, 3.6427668763017502
158.0, 3.5524304336703465
159.0, 3.462100008600851
160.0, 3.3717760847276597
161.0, 3.281459198897558
162.0, 3.191149948689041
163.0, 3.100849001242625
164.0, 3.0105571036765513
165.0, 2.920275095429873
166.0, 2.830003922961806
167.0, 2.7397446573487674
168.0, 2.6494985154673456
169.0, 2.5592668856445724
170.0, 2.469051358913119
171.0, 2.3788536881037934
172.0, 2.288676231457905
173.0, 2.198521298264629
174.0, 2.1083917778376757
175.0, 2.018291074704373
176.0, 1.9282232285336272
177.0, 1.838193069111471
178.0, 1.7482065961790318
179.0, 1.6582707155983347
180.0, 1.5683941306925566
181.0, 1.4785876544403507
182.0, 1.3888648869593783
183.0, 1.3814464938016084
184.0, 1.2914939075120975
185.0, 1.201697360492118
186.0, 1.112094651751967
187.0, 1.0227367294986929
188.0, 0.9336938772664114
189.0, 0.8450656957850289
190.0, 0.7569978461721234
191.0, 0.6697114178469568
192.0, 0.5835571629657859
193.0, 0.49912170547023976
194.0, 0.4174493100522663
195.0, 0.34053386208048964
196.0, 0.2724346364773449
197.0, 0.22144048015297604
198.0, 0.20102008983424133
199.0, 0.2198640533427434
200.0, 0.22570155337906592
201.0, 0.2798554934360468
202.0, 0.28747785540638787
203.0, 0.29524216689068883
204.0, 0.303137520755998
205.0, 0.311153941785103
206.0, 0.3192823109808182
207.0, 0.3275142933379046
208.0, 0.33584226981506154
209.0, 0.34425927390118133
210.0, 0.3527589329243628
211.0, 0.3613354140787089
212.0, 0.3699833750257698
213.0, 0.378697918850919
214.0, 0.38747455310911133
215.0, 0.39630915267089695
216.0, 0.40519792607178223
217.0, 0.4141373850711297
218.0, 0.4231243171371308
219.0, 0.43215576058928545
220.0, 0.4412289821473368
221.0, 0.4503414566543661
222.0, 0.4594908487607869
223.0, 0.46867499637464194
224.0, 0.47789189570148966
225.0, 0.4871396877139932
226.0, 0.49641664590698464
227.0, 0.5057211652081854
228.0, 0.5150517519279392
229.0, 0.5244070146432869
230.0, 0.5337856559225437
231.0, 0.5337856559225437
232.0, 0.5337856559225437
233.0, 0.5337856559225437
234.0, 0.5337856559225437
235.0, 0.5337856559225437
236.0, 0.5337856559225437
237.0, 0.5337856559225437
238.0, 0.5337856559225437
239.0, 0.5337856559225437
240.0, 0.5337856559225437
241.0, 0.5337856559225437
242.0, 0.5337856559225437
243.0, 0.5337856559225437
244.0, 0.5337856559225437
245.0, 0.5337856559225437
246.0, 0.5337856559225437
247.0, 0.5337856559225437
248.0, 0.5337856559225437
249.0, 0.5337856559225437
250.0, 0.5337856559225437
251.0, 0.5337856559225437
252.0, 0.5337856559225437
253.0, 0.5337856559225437
254.0, 0.5337856559225437
255.0, 0.5337856559225437
256.0, 0.5337856559225437
257.0, 0.5337856559225437
258.0, 0.5337856559225437
259.0, 0.5337856559225437
260.0, 0.5337856559225437
261.0, 0.5244070146432869
262.0, 0.5150517519279392
263.0, 0.5057211652081854
264.0, 0.49641664590698464
265.0, 0.4871396877139932
266.0, 0.47789189570148966
267.0, 0.46867499637464194
268.0, 0.4594908487607869
269.0, 0.4503414566543661
270.0, 0.4412289821473368
271.0, 0.43215576058928545
272.0, 0.4231243171371308
273.0, 0.4141373850711297
274.0, 0.40519792607178223
275.0, 0.39630915267089695
276.0, 0.38747455310911133
277.0, 0.378697918850919
278.0, 0.3699833750257698
279.0, 0.3613354140787089
280.0, 0.3527589329243628
281.0, 0.34425927390118133
282.0, 0.33584226981506154
ee_dist
0.0, 1.3588110472873136
1.0, 1.4162518858373905
2.0, 1.5230503778679734
3.0, 1.6144710329783916
4.0, 1.646063531076691
5.0, 1.671867506739248
6.0, 1.7043421246175507
7.0, 1.7381107042263402
8.0, 1.7732254067731155
9.0, 1.8065817948233323
10.0, 1.8440799851490557
11.0, 1.8779106889292467
12.0, 1.908384186483932
13.0, 1.943961713738123
14.0, 1.9699062617120675
15.0, 1.9964263549991097
16.0, 2.021391652162521
17.0, 2.048827193274298
18.0, 2.0702181562079196
19.0, 2.0894279389418573
20.0, 2.108596958449757
21.0, 2.07913669912551
22.0, 2.0385031525454598
23.0, 1.9946577718315037
24.0, 1.9471662329801591
25.0, 1.8963098416256297
26.0, 1.8422284653043828
27.0, 1.7852632949499037
28.0, 1.7256189564616053
29.0, 1.6637509833992765
30.0, 1.5999553067352055
31.0, 1.5348314081700578
32.0, 1.4688099999885103
33.0, 1.4026700736354036
34.0, 1.3370430684858434
35.0, 1.2729574546221554
36.0, 1.2113395015314492
37.0, 1.1535334179114711
38.0, 1.1008056503655579
39.0, 1.0547291654604691
40.0, 1.0168200139843293
41.0, 1.017071214535142
42.0, 0.9218938503458783
43.0, 0.7929209903965744
44.0, 0.746575127371667
45.0, 0.699225906748833
46.0, 0.6507170146486464
47.0, 0.600877409583454
48.0, 0.5503406842704462
49.0, 0.4992909242908271
50.0, 0.4488644767799744
51.0, 0.40039506941747616
52.0, 0.3555133077680072
53.0, 0.3159016267702065
54.0, 0.2845805799899776
55.0, 0.264904856353773
56.0, 0.26065216327520946
57.0, 0.26154005710296563
58.0, 0.28335681390953266
59.0, 0.3273550209343904
60.0, 0.3921316829026199
61.0, 0.4713675186170025
62.0, 0.5564749673128068
63.0, 0.640274046475492
64.0, 0.7105650672268332
65.0, 0.7718369903649701
66.0, 0.8327458799741201
67.0, 0.8882080521855132
68.0, 0.9417725674079521
69.0, 0.9934024608215443
70.0, 1.044560653804728
71.0, 1.0951844663877017
72.0, 1.1529249600561131
73.0, 1.2148529758381306
74.0, 1.2861228777293803
75.0, 1.3680702526558937
76.0, 1.4593094382325198
77.0, 1.5557073946588422
78.0, 1.6534383233003989
79.0, 1.746284328762067
80.0, 1.8277803789246443
81.0, 1.8930334533921638
82.0, 1.9572076802099159
83.0, 2.0179247107610916
84.0, 2.077293509453957
85.0, 2.1354428475039975
86.0, 2.193993721617077
87.0, 2.2513543071513995
88.0, 2.2946141509021665
89.0, 2.3406824815740928
90.0, 2.3896575519225607
91.0, 2.45744742943898
92.0, 2.557690099170827
93.0, 2.6613656826844596
94.0, 2.7693261276902867
95.0, 2.869780753418235
96.0, 2.963577055127634
97.0, 3.036065051728377
98.0, 3.1060790291365064
99.0, 3.1718694783915007
100.0, 3.2380226712364624
101.0, 3.2994796917935876
102.0, 3.3634985832848083
103.0, 3.424018680899434
104.0, 3.4940069412039594
105.0, 3.5657671934735284
106.0, 3.645096918079641
107.0, 3.733215460267863
108.0, 3.8329369417045847
109.0, 3.936792164701397
110.0, 4.045834805387069
111.0, 4.14766344004299
112.0, 4.246417243178482
113.0, 4.321469096173902
114.0, 4.390953446227389
115.0, 4.464237529763159
116.0, 4.52218403426973
117.0, 4.565370849220484
118.0, 4.6097347816370995
119.0, 4.650383593550484
120.0, 4.693193055391801
121.0, 4.731670643231315
122.0, 4.771797605945911
123.0, 4.807135289041799
124.0, 4.843659948166964
125.0, 4.87500403964121
126.0, 4.9071273077759585
127.0, 4.933744079983932
128.0, 4.960791802973476
129.0, 4.982076016074845
130.0, 5.003502701994439
131.0, 5.01897761685371
132.0, 5.034367282106585
133.0, 5.043686234973554
134.0, 5.052754849448511
135.0, 5.055698168726215
136.0, 5.0582900080828885
137.0, 5.054771384412734
138.0, 5.050865420200457
139.0, 5.04092637681946
140.0, 5.030627831693295
141.0, 5.014441280463696
142.0, 4.99798786856614
143.0, 4.393281000057013
144.0, 4.375815162913859
145.0, 4.362107659529571
146.0, 4.349356990600656
147.0, 4.340857195936595
148.0, 4.33334793964493
149.0, 4.330356550953342
150.0, 4.328347691728354
151.0, 4.330973878415353
152.0, 4.246907775606299
153.0, 4.164707171756915
154.0, 4.0806541332578155
155.0, 3.998472468217072
156.0, 3.9144352537264315
157.0, 3.83227518143074
158.0, 3.748256362896053
159.0, 3.666120540205368
160.0, 3.5821226311239744
161.0, 3.500014618027614
162.0, 3.4160410443450195
163.0, 3.3339646967962753
164.0, 3.250019197042869
165.0, 3.1679793957097084
166.0, 3.0840672327315923
167.0, 3.0020698370950183
168.0, 2.9181965597325097
169.0, 2.83624909412692
170.0, 2.752422094891373
171.0, 2.67053352243995
172.0, 2.586762334974625
173.0, 2.504944599022642
174.0, 2.4212408713647577
175.0, 2.339508475697211
176.0, 2.2558882351372223
177.0, 2.1742606691789637
178.0, 2.090744304659676
179.0, 2.009247562621923
180.0, 1.9258631834993687
181.0, 1.8445317853500134
182.0, 1.761317865793183
183.0, 1.7695661633261406
184.0, 1.688171191352645
185.0, 1.6090494293347593
186.0, 1.5282850698855248
187.0, 1.449916146058025
188.0, 1.3700155367624847
189.0, 1.2926828985692689
190.0, 1.2139956762467887
191.0, 1.1381374858719142
192.0, 1.0625019190236682
193.0, 0.9930190770594488
194.0, 0.6632228080099215
195.0, 1.3082083055400964
196.0, 0.6837253741969834
197.0, 0.5757528115174047
198.0, 0.614160022865758
199.0, 0.6854868837691127
200.0, 0.565774169705418
201.0, 0.5488716974308558
202.0, 0.5240567779956674
203.0, 0.5120769724095171
204.0, 0.4880449240129761
205.0, 0.48091222928311467
206.0, 0.46087234574784586
207.0, 0.4502738205655233
208.0, 0.44221103193291034
209.0, 0.4392160063998362
210.0, 0.44157917846964845
211.0, 0.44757384182958365
212.0, 0.4560560766442935
213.0, 0.4711026711194276
214.0, 0.4876023394868634
215.0, 0.5091355729026082
216.0, 0.5315351205780794
217.0, 0.5575842213509895
218.0, 0.556504894703026
219.0, 0.5578180795241017
220.0, 0.556516398153706
221.0, 0.557816361739756
222.0, 0.5565163110254688
223.0, 0.557816361739756
224.0, 0.5565163110254688
225.0, 0.557816361739756
226.0, 0.5565163110254688
227.0, 0.557816361739756
228.0, 0.5565163110254688
229.0, 0.557816361739756
230.0, 0.5565163110254688
231.0, 0.557816361739756
232.0, 0.5565163110254688
233.0, 0.557816361739756
234.0, 0.5565163110254688
235.0, 0.557816361739756
236.0, 0.5565163110254688
237.0, 0.557816361739756
238.0, 0.5565163110254688
239.0, 0.557816361739756
240.0, 0.5565163110254688
241.0, 0.557816361739756
242.0, 0.5565163110254688
243.0, 0.5631833064532715
244.0, 0.5733748096884592
245.0, 0.5848161288776524
246.0, 0.598164183746298
247.0, 0.6127294720434967
248.0, 0.6156876375958078
249.0, 0.6161752555383734
250.0, 0.6458260436124953
251.0, 0.665733569250447
252.0, 0.6871242786738221
253.0, 0.7086885381429228
254.0, 0.730760235544448
255.0, 0.7528207374881829
256.0, 0.7751236719253898
257.0, 0.7971955178159468
258.0, 0.8192437728185108
259.0, 0.8408748252830123
260.0, 0.8622431391459052
261.0, 0.8830566855627292
262.0, 0.9034115880912896
263.0, 0.8874941899342533
264.0, 0.8685486911121444
265.0, 0.8490500893057068
266.0, 0.8288640525011246
267.0, 0.8082806725475881
268.0, 0.7872801838398691
269.0, 0.7662586218460683
270.0, 0.7451588011564225
271.0, 0.7300914403369481
272.0, 0.7110572519514572
273.0, 0.6735624159631933
274.0, 0.6528427593818433
275.0, 0.6330877214653422
276.0, 0.6147509454459132
277.0, 0.5982083580699885
278.0, 0.583355206060932
279.0, 0.5708937320908753
280.0, 0.5608241042061312
281.0, 0.5543369305705453
282.0, 0.5515322421393382
ee_box_dist
0.0, 0.6881454727849934
1.0, 0.7354083204394368
2.0, 0.7654889966878367
3.0, 0.8018858010533245
4.0, 0.838918855078609
5.0, 0.8757419512674823
6.0, 0.9136135268518761
7.0, 0.9498232477860271
8.0, 0.9843681747202003
9.0, 1.0161902921006478
10.0, 1.0511505929022191
11.0, 1.0820525743453948
12.0, 1.109221739046424
13.0, 1.1412095386928114
14.0, 1.1638618132559917
15.0, 1.1870195980949807
16.0, 1.2086026636747775
17.0, 1.2325856217971258
18.0, 1.2509746824918346
19.0, 1.267367106461934
20.0, 1.2837714616371927
21.0, 1.261169984322498
22.0, 1.230177540932334
23.0, 1.196321943533844
24.0, 1.1591946897019731
25.0, 1.1189727318702274
26.0, 1.0756431360639798
27.0, 1.0293984170369752
28.0, 0.9802221161100789
29.0, 0.9283521394810447
30.0, 0.8737697312279858
31.0, 0.8167582103403337
32.0, 0.7573061071267795
33.0, 0.695755933165214
34.0, 0.6321257338773092
35.0, 0.5668072280871537
36.0, 0.49986805889152647
37.0, 0.4317355238132573
38.0, 0.36264120327248767
39.0, 0.29346748201110723
40.0, 0.22535424150235045
41.0, 0.08025333680254777
42.0, 0.08290180436067554
43.0, 0.08302848260715064
44.0, 0.08297737818150329
45.0, 0.08302990835185639
46.0, 0.08298394142611151
47.0, 0.0830295518454406
48.0, 0.08298912736139684
49.0, 0.08302842433301606
50.0, 0.0829935505977125
51.0, 0.08302701523222976
52.0, 0.0829968601031681
53.0, 0.08302520274449914
54.0, 0.0829995840753583
55.0, 0.08302318394855512
56.0, 0.08300173389822883
57.0, 0.08302111753990174
58.0, 0.08300334830704839
59.0, 0.08301908808144513
60.0, 0.08300441496626382
61.0, 0.08301650167245161
62.0, 0.08300521660558033
63.0, 0.083014234481801
64.0, 0.08300600299725999
65.0, 0.08301185898538609
66.0, 0.0830062652313221
67.0, 0.08300969133660811
68.0, 0.08300654520214189
69.0, 0.08300783074814784
70.0, 0.08300720052243288
71.0, 0.0830064299879965
72.0, 0.08300770974468999
73.0, 0.08300547341123532
74.0, 0.08300903909098749
75.0, 0.08300491789133399
76.0, 0.08301026922116952
77.0, 0.08300557472451038
78.0, 0.08301266372736049
79.0, 0.08300700647449545
80.0, 0.08301536505034766
81.0, 0.08300936227553077
82.0, 0.0830189264683829
83.0, 0.08301280152439626
84.0, 0.08302310631167183
85.0, 0.08301719719886932
86.0, 0.08876287564734331
87.0, 0.12455179159529527
88.0, 0.1350620868378006
89.0, 0.1333102749591998
90.0, 0.12889345865349233
91.0, 0.11566568106738773
92.0, 0.11521155593384498
93.0, 0.1167550783821574
94.0, 0.11529059995031456
95.0, 0.11674730825060689
96.0, 0.11529075295473988
97.0, 0.1167474170719814
98.0, 0.11529077254816592
99.0, 0.1167474170719814
100.0, 0.11529077254816592
101.0, 0.1167474170719814
102.0, 0.1152907333613182
103.0, 0.1167474170719814
104.0, 0.11529077254816592
105.0, 0.11674739729948487
106.0, 0.11529075295473988
107.0, 0.11674743684448217
108.0, 0.11529077254816592
109.0, 0.11674739729948487
110.0, 0.1152907333613182
111.0, 0.1167474170719814
112.0, 0.11529075295473988
113.0, 0.11674739729948487
114.0, 0.11529075295473988
115.0, 0.08219671022461247
116.0, 0.11228845716196222
117.0, 0.11663441297730615
118.0, 0.11528993493446707
119.0, 0.11674763969437406
120.0, 0.11529068286750264
121.0, 0.1167474170719814
122.0, 0.11529077254816592
123.0, 0.11674739729948487
124.0, 0.11529075295473988
125.0, 0.11674739729948487
126.0, 0.11529075295473988
127.0, 0.1167474170719814
128.0, 0.11529075295473988
129.0, 0.11674737254754322
130.0, 0.11529075295473988
131.0, 0.1167474170719814
132.0, 0.11529077254816592
133.0, 0.1167474170719814
134.0, 0.11529071376790088
135.0, 0.1167474170719814
136.0, 0.11529077254816592
137.0, 0.1167474170719814
138.0, 0.1152907333613182
139.0, 0.11674739729948487
140.0, 0.11529075295473988
141.0, 0.1167473577545046
142.0, 0.11529077254816592
143.0, 0.11233524148350842
144.0, 0.1113675607766168
145.0, 0.11258643677033733
146.0, 0.11137098367601929
147.0, 0.1125851582725252
148.0, 0.11137111240770861
149.0, 0.11258468306996859
150.0, 0.11137040500997364
151.0, 0.11258392089230179
152.0, 0.11136998950609105
153.0, 0.11258436278244038
154.0, 0.1113701398732305
155.0, 0.11258450132303703
156.0, 0.1113700789871723
157.0, 0.11258450132303703
158.0, 0.1113701398732305
159.0, 0.11258450132303703
160.0, 0.1113700789871723
161.0, 0.11258450132303703
162.0, 0.1113701398732305
163.0, 0.11258450132303703
164.0, 0.1113700789871723
165.0, 0.11258446931082149
166.0, 0.11137020075938298
167.0, 0.1125845909292841
168.0, 0.11137020075938298
169.0, 0.11258446931082149
170.0, 0.11137020075938298
171.0, 0.11258450132303703
172.0, 0.11137040063514651
173.0, 0.11258469060489182
174.0, 0.1113701008221323
175.0, 0.11258440164776666
176.0, 0.1113701008221323
177.0, 0.11258440164776666
178.0, 0.11137000088530234
179.0, 0.11258440164776666
180.0, 0.1113701008221323
181.0, 0.11258440164776666
182.0, 0.11137000088530234
183.0, 0.11258313943207729
184.0, 0.11136913293231519
185.0, 0.11258364941749055
186.0, 0.11136942822651989
187.0, 0.11258375887129993
188.0, 0.1113693387452986
189.0, 0.11258375887129993
190.0, 0.1113693387452986
191.0, 0.11258375887129993
192.0, 0.101143408883446
193.0, 0.10194914896832037
194.0, 0.07946410730303537
195.0, 1.2519214474456508
196.0, 0.9482858941427894
197.0, 1.6428817843806303
198.0, 1.5876132151947202
199.0, 0.1185172774224577
200.0, 0.10879698463522712
201.0, 0.11276635271760732
202.0, 0.10918464446541695
203.0, 0.11042638327543443
204.0, 0.11020886776697317
205.0, 0.10919024989586132
206.0, 0.10457578851823175
207.0, 0.1085952945164636
208.0, 0.10766836129268446
209.0, 0.11207199049458948
210.0, 0.11223243832856346
211.0, 0.11303780386518948
212.0, 0.11141109180374109
213.0, 0.11258557646581009
214.0, 0.11137105894520027
215.0, 0.11258590679762472
216.0, 0.11137142330550241
217.0, 0.11258612608572525
218.0, 0.11520732741986099
219.0, 0.11674931913838214
220.0, 0.11529131715784338
221.0, 0.11674774628823698
222.0, 0.1152911109792361
223.0, 0.11674774628823698
224.0, 0.1152911109792361
225.0, 0.11674774628823698
226.0, 0.1152911109792361
227.0, 0.11674774628823698
228.0, 0.1152911109792361
229.0, 0.11674774628823698
230.0, 0.1152911109792361
231.0, 0.11674774628823698
232.0, 0.1152911109792361
233.0, 0.11674774628823698
234.0, 0.1152911109792361
235.0, 0.11674774628823698
236.0, 0.1152911109792361
237.0, 0.11674774628823698
238.0, 0.1152911109792361
239.0, 0.11674774628823698
240.0, 0.1152911109792361
241.0, 0.11674774628823698
242.0, 0.1152911109792361
243.0, 0.07441901584574104
244.0, 0.07354013697756086
245.0, 0.0723713580120501
246.0, 0.07240005199161889
247.0, 0.07128438233760788
248.0, 0.07045795967272202
249.0, 0.07676263539375394
250.0, 0.07477724056476173
251.0, 0.0725396821253585
252.0, 0.07238884780647185
253.0, 0.07117813728963272
254.0, 0.07123369070306051
255.0, 0.07003566185261996
256.0, 0.07018939186426199
257.0, 0.06894169307881289
258.0, 0.06912477436656236
259.0, 0.06780050781003273
260.0, 0.06799059455484462
261.0, 0.0665869947347061
262.0, 0.06678270478570664
263.0, 0.0800504472663337
264.0, 0.0806891678566153
265.0, 0.08083071823871368
266.0, 0.08112359914132883
267.0, 0.08131589945250337
268.0, 0.08150174239318228
269.0, 0.08163026786921122
270.0, 0.08184743657579782
271.0, 0.08227920269319754
272.0, 0.08147646668357338
273.0, 0.08160972955363088
274.0, 0.08210245168664035
275.0, 0.08220931145564737
276.0, 0.08226231795464775
277.0, 0.08221600985642995
278.0, 0.08230636177461624
279.0, 0.08211160422831773
280.0, 0.08204376652817291
281.0, 0.08189802925169537
282.0, 0.08181489121627931
spot_hold
0, 0
1, 0
2, 0
3, 0
4, 0
5, 0
6, 0
7, 0
8, 0
9, 0
10, 0
11, 0
12, 0
13, 0
14, 0
15, 0
16, 0
17, 0
18, 0
19, 0
20, 0
21, 0
22, 0
23, 0
24, 0
25, 0
26, 0
27, 0
28, 0
29, 0
30, 0
31, 0
32, 0
33, 0
34, 0
35, 0
36, 0
37, 0
38, 0
39, 0
40, 0
41, 1
42, 1
43, 1
44, 1
45, 1
46, 1
47, 1
48, 1
49, 1
50, 1
51, 1
52, 1
53, 1
54, 1
55, 1
56, 1
57, 1
58, 1
59, 1
60, 1
61, 1
62, 1
63, 1
64, 1
65, 1
66, 1
67, 1
68, 1
69, 1
70, 1
71, 1
72, 1
73, 1
74, 1
75, 1
76, 1
77, 1
78, 1
79, 1
80, 1
81, 1
82, 1
83, 1
84, 1
85, 1
86, 1
87, 1
88, 1
89, 1
90, 1
91, 1
92, 1
93, 1
94, 1
95, 1
96, 1
97, 1
98, 1
99, 1
100, 1
101, 1
102, 1
103, 1
104, 1
105, 1
106, 1
107, 1
108, 1
109, 1
110, 1
111, 1
112, 1
113, 1
114, 1
115, 1
116, 1
117, 1
118, 1
119, 1
120, 1
121, 1
122, 1
123, 1
124, 1
125, 1
126, 1
127, 1
128, 1
129, 1
130, 1
131, 1
132, 1
133, 1
134, 1
135, 1
136, 1
137, 1
138, 1
139, 1
140, 1
141, 1
142, 1
143, 1
144, 1
145, 1
146, 1
147, 1
148, 1
149, 1
150, 1
151, 1
152, 1
153, 1
154, 1
155, 1
156, 1
157, 1
158, 1
159, 1
160, 1
161, 1
162, 1
163, 1
164, 1
165, 1
166, 1
167, 1
168, 1
169, 1
170, 1
171, 1
172, 1
173, 1
174, 1
175, 1
176, 1
177, 1
178, 1
179, 1
180, 1
181, 1
182, 1
183, 1
184, 1
185, 1
186, 1
187, 1
188, 1
189, 1
190, 1
191, 1
192, 1
193, 1
194, 1
195, 1
196, 1
197, 1
198, 1
199, 1
200, 1
201, 1
202, 1
203, 1
204, 1
205, 1
206, 1
207, 1
208, 1
209, 1
210, 1
211, 1
212, 1
213, 1
214, 1
215, 1
216, 1
217, 1
218, 1
219, 1
220, 1
221, 1
222, 1
223, 1
224, 1
225, 1
226, 1
227, 1
228, 1
229, 1
230, 1
231, 1
232, 1
233, 1
234, 1
235, 1
236, 1
237, 1
238, 1
239, 1
240, 1
241, 1
242, 1
243, 1
244, 1
245, 1
246, 1
247, 1
248, 1
249, 1
250, 1
251, 1
252, 1
253, 1
254, 1
255, 1
256, 1
257, 1
258, 1
259, 1
260, 1
261, 1
262, 1
263, 1
264, 1
265, 1
266, 1
267, 1
268, 1
269, 1
270, 1
271, 1
272, 1
273, 1
274, 1
275, 1
276, 1
277, 1
278, 1
279, 1
280, 1
281, 1
282, 1
