bot_dist
0.0, 4.079536533941157
1.0, 4.0868149807968095
2.0, 4.094104913456463
3.0, 4.101406270674731
4.0, 4.1087189915459295
5.0, 4.116043015502743
6.0, 4.123378282314899
7.0, 4.130724732087814
8.0, 4.13808230526125
9.0, 4.145450942607945
10.0, 4.152830585232254
11.0, 4.160221174568772
12.0, 4.167622652380947
13.0, 4.175034960759701
14.0, 4.182458042122032
15.0, 4.189891839209609
16.0, 4.197336295087378
17.0, 4.204791353142141
18.0, 4.212256957081147
19.0, 4.219733050930671
20.0, 4.227219579034586
21.0, 4.234716486052939
22.0, 4.242223716960515
23.0, 4.249741217045405
24.0, 4.257268931907562
25.0, 4.264806807457365
26.0, 4.272354789914169
27.0, 4.279912825804858
28.0, 4.2874808619624005
29.0, 4.295058845524389
30.0, 4.302646723931593
31.0, 4.310244444926504
32.0, 4.317851956551872
33.0, 4.325469207149254
34.0, 4.333096145357555
35.0, 4.340732720111563
36.0, 4.348378880640496
37.0, 4.356034576466534
38.0, 4.363699757403367
39.0, 4.371374373554724
40.0, 4.379058375312922
41.0, 4.386751713357397
42.0, 4.3944543386532535
43.0, 4.4021662024497985
44.0, 4.409887256279087
45.0, 4.41761745195446
46.0, 4.425356741569101
47.0, 4.433105077494564
48.0, 4.440862412379336
49.0, 4.448628699147376
50.0, 4.45640389099667
51.0, 4.4641879413977845
52.0, 4.471980804092413
53.0, 4.479782433091948
54.0, 4.487592782676022
55.0, 4.495411807391084
56.0, 4.503239462048953
57.0, 4.511075701725392
58.0, 4.518920481758676
59.0, 4.526773757748163
60.0, 4.534635485552871
61.0, 4.542505621290055
62.0, 4.550384121333792
63.0, 4.558270942313564
64.0, 4.566166041112851
65.0, 4.574069374867717
66.0, 4.581980900965414
67.0, 4.589900577042975
68.0, 4.597828360985822
69.0, 4.605764210926373
70.0, 4.613708085242654
71.0, 4.621659942556913
72.0, 4.629619741734241
73.0, 4.6375874418812
74.0, 4.645563002344446
75.0, 4.6535463827093615
76.0, 4.661537542798703
77.0, 4.6695364426712285
78.0, 4.677543042620358
79.0, 4.685557303172813
80.0, 4.693579185087282
81.0, 4.701608649353072
82.0, 4.709645657188785
83.0, 4.71769017004098
84.0, 4.725742149582847
85.0, 4.733801557712899
86.0, 4.741868356553643
87.0, 4.749942508450283
88.0, 4.758023975969405
89.0, 4.766112721897688
90.0, 4.7742087092406
91.0, 4.782311901221116
92.0, 4.790422261278435
93.0, 4.798539753066697
94.0, 4.806664340453712
95.0, 4.814795987519698
96.0, 4.82293465855601
97.0, 4.83108031806389
98.0, 4.839232930753214
99.0, 4.847392461541249
100.0, 4.855558875551407
101.0, 4.855558875551407
102.0, 4.855558875551407
103.0, 4.855558875551407
104.0, 4.855558875551407
105.0, 4.855558875551407
106.0, 4.855558875551407
107.0, 4.855558875551407
108.0, 4.855558875551407
109.0, 4.855558875551407
110.0, 4.855558875551407
111.0, 4.855558875551407
112.0, 4.855558875551407
113.0, 4.855558875551407
114.0, 4.855558875551407
115.0, 4.855558875551407
116.0, 4.855558875551407
117.0, 4.855558875551407
118.0, 4.855558875551407
119.0, 4.855558875551407
120.0, 4.855558875551407
121.0, 4.855558875551407
122.0, 4.855558875551407
123.0, 4.855558875551407
124.0, 4.855558875551407
125.0, 4.855558875551407
126.0, 4.855558875551407
127.0, 4.855558875551407
128.0, 4.855558875551407
129.0, 4.855558875551407
130.0, 4.855558875551407
131.0, 4.847392461541249
132.0, 4.839232930753214
133.0, 4.83108031806389
134.0, 4.82293465855601
135.0, 4.814795987519698
136.0, 4.806664340453712
137.0, 4.798539753066697
138.0, 4.790422261278435
139.0, 4.782311901221116
140.0, 4.7742087092406
141.0, 4.766112721897688
142.0, 4.758023975969405
143.0, 4.753358637616852
144.0, 4.745290298296673
145.0, 4.737229326518703
146.0, 4.7291757599572986
147.0, 4.721129636509155
148.0, 4.713090994294611
149.0, 4.705059871658957
150.0, 4.697036307173745
151.0, 4.608660664508034
152.0, 4.520343832982437
153.0, 4.432089293315865
154.0, 4.3439008797618515
155.0, 4.255782703122225
156.0, 4.167739218439745
157.0, 4.0797752613808305
158.0, 3.991896089273516
159.0, 3.9041074275008416
160.0, 3.8164155220710914
161.0, 3.728827199331039
162.0, 3.6413499339619424
163.0, 3.5539919266067836
164.0, 3.4667621927290653
165.0, 3.379670664608158
166.0, 3.292728308746129
167.0, 3.284284985845236
168.0, 3.195394086218286
169.0, 3.106593421012641
170.0, 3.0178908171381464
171.0, 2.9292951828557605
172.0, 2.840816526262242
173.0, 2.7524661282048277
174.0, 2.743858625081117
175.0, 2.653882637767468
176.0, 2.5639781510822495
177.0, 2.555336253211489
178.0, 2.546704296604779
179.0, 2.538082382692115
180.0, 2.529470614167608
181.0, 2.4384655665126123
182.0, 2.4298984855354853
183.0, 2.4213423922622233
184.0, 2.412797403584307
185.0, 2.4042636379022024
186.0, 2.3957412151467494
187.0, 2.3872302568008488
188.0, 2.3787308859214398
189.0, 2.370243227161778
190.0, 2.3617674067940078
191.0, 2.3533035527320387
192.0, 2.2806562277616407
193.0, 2.272098528953956
194.0, 2.205165984282326
195.0, 2.139625772027139
196.0, 2.0756097907688242
197.0, 2.013263444230251
198.0, 1.9527466608185724
199.0, 1.894234800632724
200.0, 1.8379191351990087
201.0, 1.784008124141265
202.0, 1.7327257615519132
203.0, 1.6843126447006123
204.0, 1.6390225663434408
205.0, 1.5971217155298787
206.0, 1.5588829244824056
207.0, 1.5245822556878432
208.0, 1.494490402286008
209.0, 1.4688665444899203
210.0, 1.4479474244010264
211.0, 1.4319397290765008
212.0, 1.421008978211093
213.0, 1.415273198363437
214.0, 1.4147951698740966
215.0, 1.4195806456332902
216.0, 1.4295763401503763
217.0, 1.4209295017947647
218.0, 1.4427691189062959
219.0, 1.4692750907799528
220.0, 1.461258710512414
221.0, 1.4532669215697773
222.0, 1.445300131885389
223.0, 1.4373587571464121
224.0, 1.4294432209365873
225.0, 1.4215539548804261
226.0, 1.4136913987887625
227.0, 1.4058560008055607
228.0, 1.3980482175558941
229.0, 1.3902685142949731
230.0, 1.3825173650581102
231.0, 1.3825173650581102
232.0, 1.3825173650581102
233.0, 1.3825173650581102
234.0, 1.3825173650581102
235.0, 1.3825173650581102
236.0, 1.3825173650581102
237.0, 1.3825173650581102
238.0, 1.3825173650581102
239.0, 1.3825173650581102
240.0, 1.3825173650581102
241.0, 1.3825173650581102
242.0, 1.3825173650581102
243.0, 1.3825173650581102
244.0, 1.3825173650581102
245.0, 1.3825173650581102
246.0, 1.3825173650581102
247.0, 1.3825173650581102
248.0, 1.3825173650581102
249.0, 1.3825173650581102
250.0, 1.3825173650581102
251.0, 1.3825173650581102
252.0, 1.3825173650581102
253.0, 1.3825173650581102
254.0, 1.3825173650581102
255.0, 1.3825173650581102
256.0, 1.3825173650581102
257.0, 1.3825173650581102
258.0, 1.3825173650581102
259.0, 1.3825173650581102
260.0, 1.3825173650581102
261.0, 1.3902685142949731
262.0, 1.3980482175558941
263.0, 1.4058560008055607
264.0, 1.4136913987887625
265.0, 1.4215539548804261
266.0, 1.4294432209365873
267.0, 1.4373587571464121
268.0, 1.445300131885389
269.0, 1.4532669215697773
270.0, 1.461258710512414
271.0, 1.4692750907799528
272.0, 1.4773156620516161
273.0, 1.4853800314795207
274.0, 1.49346781355064
275.0, 1.5015786299504552
276.0, 1.5097121094283423
277.0, 1.5178678876647314
278.0, 1.5260456071400823
279.0, 1.5342449170056982
280.0, 1.542465472956407
281.0, 1.5507069371051294
282.0, 1.5589689778593552
ee_dist
0.0, 1.4555079768813808
1.0, 1.5186167896714176
2.0, 1.6286315568545946
3.0, 1.721685914584774
4.0, 1.7538821590407683
5.0, 1.7797357653966284
6.0, 1.8118977913578511
7.0, 1.845165300126762
8.0, 1.8799451158179952
9.0, 1.9130104541597652
10.0, 1.9502514849252253
11.0, 1.9838841771396547
12.0, 2.014217543169686
13.0, 2.0496870743677986
14.0, 2.0755614326363285
15.0, 2.1020395550961966
16.0, 2.12699214281697
17.0, 2.154438977031243
18.0, 2.175843394676958
19.0, 2.1950766515863673
20.0, 2.2142819598460095
21.0, 2.1842067704730628
22.0, 2.1427764595001606
23.0, 2.098125125008417
24.0, 2.049825908464967
25.0, 1.9981767908453174
26.0, 1.9433375792520586
27.0, 1.8856701626454784
28.0, 1.8254042657294107
29.0, 1.7630200277020447
30.0, 1.6988450191851612
31.0, 1.6335046032647889
32.0, 1.5674644489982572
33.0, 1.5015297098524407
34.0, 1.4363620254969567
35.0, 1.3730018857942714
36.0, 1.312383945212307
37.0, 1.2558232898655166
38.0, 1.204542152708863
39.0, 1.1600172693268302
40.0, 1.123643340491244
41.0, 1.1238623627566318
42.0, 1.0036738638563247
43.0, 0.7492830158262844
44.0, 0.7021651579366063
45.0, 0.6545214961343941
46.0, 0.6063346159980768
47.0, 0.5575392659543821
48.0, 0.5090704662674544
49.0, 0.46143963204062727
50.0, 0.41622333266470357
51.0, 0.37540143406355425
52.0, 0.34134446010201985
53.0, 0.3163175690517013
54.0, 0.30328012520510494
55.0, 0.30405951441199697
56.0, 0.31924254734053675
57.0, 0.2996139899286433
58.0, 0.29027298471269103
59.0, 0.30303868285125096
60.0, 0.3426208003326281
61.0, 0.4054089029375431
62.0, 0.4811357258012843
63.0, 0.5596045879307527
64.0, 0.6278322802710729
65.0, 0.6888240538956631
66.0, 0.7499028020898227
67.0, 0.8049198914722319
68.0, 0.8577494234712684
69.0, 0.9084340063341261
70.0, 0.9582775754578905
71.0, 1.0066730700085842
72.0, 1.0626728741730682
73.0, 1.1226980145596215
74.0, 1.1921779819212428
75.0, 1.2724194785897416
76.0, 1.3620675749481705
77.0, 1.4571828905100497
78.0, 1.554003163994403
79.0, 1.6463407127684468
80.0, 1.7277069769579438
81.0, 1.7931324277340153
82.0, 1.8577063187594325
83.0, 1.918616623059131
84.0, 1.9779948516446735
85.0, 2.0360415145596686
86.0, 2.0942801982686934
87.0, 2.1510227484394226
88.0, 2.1940586699796802
89.0, 2.2397840468202053
90.0, 2.288426215279646
91.0, 2.3557800403003677
92.0, 2.4553149157575347
93.0, 2.5584019851633735
94.0, 2.6658908602169182
95.0, 2.7661051471472975
96.0, 2.8597910091359924
97.0, 2.9323644158959485
98.0, 3.002633700746207
99.0, 3.0685763237201127
100.0, 3.1347683567473705
101.0, 3.1962285260769288
102.0, 3.2600879368974987
103.0, 3.3203861923263687
104.0, 3.3901740709893846
105.0, 3.4616068712445087
106.0, 3.5406242619434836
107.0, 3.6284349287991597
108.0, 3.7278186519207077
109.0, 3.8313768519857025
110.0, 3.9401754814484917
111.0, 4.041876506926436
112.0, 4.140580660610268
113.0, 4.215693706880934
114.0, 4.285366639058749
115.0, 4.358784551053998
116.0, 4.416815104924268
117.0, 4.479972629194127
118.0, 4.52389492125269
119.0, 4.564522366855968
120.0, 4.607701943770429
121.0, 4.646943949040351
122.0, 4.688204648973976
123.0, 4.725036946753823
124.0, 4.76339836087008
125.0, 4.796899604509145
126.0, 4.83149095816392
127.0, 4.860857154141116
128.0, 4.890929126024522
129.0, 4.915477724082876
130.0, 4.940405883108464
131.0, 4.9595785580112475
132.0, 4.978863716680028
133.0, 4.992228053509773
134.0, 5.005500740836614
135.0, 5.012753748499735
136.0, 5.019771578146633
137.0, 5.020736885813908
138.0, 5.0213848908309675
139.0, 5.0160149360466875
140.0, 5.010311168135652
141.0, 4.998683750718924
142.0, 4.98677120659953
143.0, 4.377775681245287
144.0, 4.360598840021568
145.0, 4.347214346437463
146.0, 4.334784824348733
147.0, 4.326633188883487
148.0, 4.319468722337482
149.0, 4.316839952343165
150.0, 4.315186407864133
151.0, 4.23284620252339
152.0, 4.148658024507737
153.0, 4.066325387552866
154.0, 3.982141220966041
155.0, 3.8998172661597748
156.0, 3.815637702010913
157.0, 3.7333231048925954
158.0, 3.6491490915357123
159.0, 3.5668452569960407
160.0, 3.482677619339743
161.0, 3.4003858159910507
162.0, 3.3162256582841794
163.0, 3.233947638701867
164.0, 3.149796407942683
165.0, 3.0675343844339675
166.0, 2.9833936810742046
167.0, 2.986180695995798
168.0, 2.9021864880930917
169.0, 2.820116412092585
170.0, 2.7361527510665926
171.0, 2.6541263046540786
172.0, 2.5702008924609467
173.0, 2.488226739450456
174.0, 2.49240540646332
175.0, 2.411495277284717
176.0, 2.3287526912002274
177.0, 2.3381196498206758
178.0, 2.34838420611258
179.0, 2.3632188117020125
180.0, 2.378776957933671
181.0, 2.3099784876623515
182.0, 2.2921379305578564
183.0, 2.2786270982689185
184.0, 2.2659228417274293
185.0, 2.2579281212882854
186.0, 2.2508924933073886
187.0, 2.2487627422967678
188.0, 2.2476896198893006
189.0, 2.2515256897979765
190.0, 2.2564527453181107
191.0, 2.2660975800085694
192.0, 2.1881361628785028
193.0, 2.2009437754668313
194.0, 2.1270263252092483
195.0, 2.0555211635090056
196.0, 1.9832531010029095
197.0, 1.913557350857425
198.0, 1.8433392636252484
199.0, 1.7758919979886054
200.0, 1.7082332220791243
201.0, 1.6436056009863433
202.0, 1.5791700757346827
203.0, 1.5181043230701683
204.0, 1.4577553965795547
205.0, 1.4012131862511492
206.0, 1.3460608448517242
207.0, 1.2952649964238852
208.0, 1.246701279741437
209.0, 1.2031546872022036
210.0, 1.162843065810365
211.0, 1.128275202005303
212.0, 1.0980435066179643
213.0, 1.074237033159837
214.0, 1.05581752822504
215.0, 1.044280237537217
216.0, 1.0389211170106414
217.0, 1.0696319662123348
218.0, 1.0779043668655222
219.0, 1.092434592963865
220.0, 1.0621225878218414
221.0, 1.0315480723967991
222.0, 1.000841516284928
223.0, 0.9706223463284173
224.0, 0.9404116064097328
225.0, 0.911526177701872
226.0, 0.8828493040235971
227.0, 0.8564376537495635
228.0, 0.8305037852402353
229.0, 0.8078498468727661
230.0, 0.7860010014201767
231.0, 0.768458358668689
232.0, 0.7520653260723528
233.0, 0.7408971539965741
234.0, 0.7311632287759356
235.0, 0.7273091995195232
236.0, 0.7250180380801147
237.0, 0.7288582183400787
238.0, 0.7341706442470242
239.0, 0.7454064093121415
240.0, 0.7578217102927332
241.0, 0.775558398263762
242.0, 0.7738352472935192
243.0, 0.7846912378544855
244.0, 0.7973524672698817
245.0, 0.8109993849844523
246.0, 0.8268292876236173
247.0, 0.8438176372417302
248.0, 0.862654187467158
249.0, 0.8823470253671314
250.0, 0.9035705202872396
251.0, 0.9253760292173598
252.0, 0.9483493976601121
253.0, 0.9715892968471644
254.0, 0.9956449949653811
255.0, 1.0197833905435287
256.0, 1.0444389866426613
257.0, 1.068882951764859
258.0, 1.0935559675453776
259.0, 1.1177869667235445
260.0, 1.1419819208816469
261.0, 1.1655799579724477
262.0, 1.1889148321233958
263.0, 1.1630398561421265
264.0, 1.1307149667128487
265.0, 1.096871987104871
266.0, 1.0611556613683921
267.0, 1.023908866182918
268.0, 0.9850439308819403
269.0, 0.9449549800029553
270.0, 0.903556489602283
271.0, 0.861325860638896
272.0, 0.8182041865921591
273.0, 0.7762493416884214
274.0, 0.7312587603777359
275.0, 0.6852166378863335
276.0, 0.6218912066737328
277.0, 0.5790773388905542
278.0, 0.5236690183479186
279.0, 0.4973268433227772
280.0, 0.44842089858894185
281.0, 0.4116882399818819
282.0, 0.37957759679407677
ee_box_dist
0.0, 0.5575707657653017
1.0, 0.613147673732866
2.0, 0.643669054619358
3.0, 0.6829850393465733
4.0, 0.7215914679964378
5.0, 0.7593088885288988
6.0, 0.7975661661888243
7.0, 0.8340325932988084
8.0, 0.8685607790639858
9.0, 0.900194600470691
10.0, 0.9347090773206512
11.0, 0.9650106462915947
12.0, 0.9915569962529335
13.0, 1.0227306984263254
14.0, 1.0446581099994867
15.0, 1.0670897416995868
16.0, 1.087893334531548
17.0, 1.1110065797595232
18.0, 1.1287440578766348
19.0, 1.144483369467692
20.0, 1.1602823450134405
21.0, 1.140379148687529
22.0, 1.113082159030544
23.0, 1.0831585098920848
24.0, 1.0502245846078708
25.0, 1.0144508344242587
26.0, 0.975809033946529
27.0, 0.9344916322371827
28.0, 0.890465109428312
29.0, 0.8439590515063428
30.0, 0.7949369833414888
31.0, 0.7436717544690897
32.0, 0.690129642136158
33.0, 0.6346395843258325
34.0, 0.5771889868807135
35.0, 0.5181480599378655
36.0, 0.4575145840365608
37.0, 0.3956942501024078
38.0, 0.33285253714289836
39.0, 0.2697110973060497
40.0, 0.2070390363503972
41.0, 0.08025340332550794
42.0, 0.08290185061703789
43.0, 0.08302858005835495
44.0, 0.08297737647886301
45.0, 0.08303003543992653
46.0, 0.08298390890810392
47.0, 0.08302941075315312
48.0, 0.08298907921650843
49.0, 0.0830283848402698
50.0, 0.08299337014618302
51.0, 0.083026937355386
52.0, 0.08299690502761438
53.0, 0.08302512434587032
54.0, 0.08299957313525068
55.0, 0.08302304637147413
56.0, 0.08300183401483063
57.0, 0.08302113659597535
58.0, 0.08300334757409635
59.0, 0.08301914034402252
60.0, 0.08300442208645396
61.0, 0.08301652575015882
62.0, 0.08300543362170287
63.0, 0.08301432413965845
64.0, 0.0830060165454796
65.0, 0.08301189314713141
66.0, 0.08300621814745793
67.0, 0.08300971760762513
68.0, 0.08300652312720055
69.0, 0.08300776516162187
70.0, 0.0830072087140388
71.0, 0.08300631042526495
72.0, 0.08300774806720271
73.0, 0.08300545931468016
74.0, 0.08300897415448678
75.0, 0.08300503207088539
76.0, 0.08301032439806415
77.0, 0.08300561635104932
78.0, 0.08301261216549113
79.0, 0.08300705285182246
80.0, 0.08301551366640775
81.0, 0.0830093485688658
82.0, 0.08301873171330863
83.0, 0.08301266233749842
84.0, 0.0830232241458392
85.0, 0.08301708094082373
86.0, 0.08876280248302927
87.0, 0.12455164551518683
88.0, 0.13506216666655393
89.0, 0.13331044268686565
90.0, 0.12889338324062194
91.0, 0.11566662462296422
92.0, 0.11521247120901479
93.0, 0.11675581962159058
94.0, 0.11529134981995155
95.0, 0.11674798021403521
96.0, 0.11529146364037215
97.0, 0.1167480890353996
98.0, 0.11529152807414564
99.0, 0.1167480890353996
100.0, 0.1152915084807016
101.0, 0.1167480890353996
102.0, 0.08613479782411308
103.0, 0.11339368201905248
104.0, 0.11520878745117977
105.0, 0.11675548469089628
106.0, 0.1152911949861921
107.0, 0.11674814835296132
108.0, 0.1152915084807016
109.0, 0.1167480890353996
110.0, 0.1152915084807016
111.0, 0.1167480890353996
112.0, 0.1152915084807016
113.0, 0.1167480890353996
114.0, 0.1152915084807016
115.0, 0.08219667442242853
116.0, 0.11228939182467977
117.0, 0.11663503445478261
118.0, 0.1152908592363547
119.0, 0.11674827709239251
120.0, 0.11529143010696927
121.0, 0.1167480890353996
122.0, 0.1152915084807016
123.0, 0.1167480890353996
124.0, 0.1152915084807016
125.0, 0.1167480890353996
126.0, 0.1152915084807016
127.0, 0.1167480890353996
128.0, 0.1152915084807016
129.0, 0.1167480890353996
130.0, 0.1152915084807016
131.0, 0.1167480890353996
132.0, 0.1152915084807016
133.0, 0.1167480890353996
134.0, 0.11529146364037215
135.0, 0.1167480890353996
136.0, 0.1152915084807016
137.0, 0.1167480890353996
138.0, 0.1152915084807016
139.0, 0.1167480890353996
140.0, 0.1152915084807016
141.0, 0.1167480890353996
142.0, 0.1152915084807016
143.0, 0.11233575737743014
144.0, 0.11136829749419246
145.0, 0.11258738121623511
146.0, 0.11137181365709219
147.0, 0.11258604521079348
148.0, 0.11137163116680296
149.0, 0.11258582593187587
150.0, 0.11137121031752431
151.0, 0.1125856963791353
152.0, 0.11137135431596155
153.0, 0.112585737065897
154.0, 0.11137149303985777
155.0, 0.11258580181291579
156.0, 0.11137140355889186
157.0, 0.112585737065897
158.0, 0.11137140355889186
159.0, 0.11258580181291579
160.0, 0.11137155787368162
161.0, 0.11258580181291579
162.0, 0.11137155787368162
163.0, 0.1125856723189672
164.0, 0.11137146839276779
165.0, 0.1125856723189672
166.0, 0.11137146839276779
167.0, 0.11258461214497816
168.0, 0.11137092614545524
169.0, 0.11258477014194299
170.0, 0.11137092614545524
171.0, 0.11258509111168492
172.0, 0.11137104791673964
173.0, 0.11258496949325769
174.0, 0.11137007880878709
175.0, 0.1125841268153487
176.0, 0.11137033809196216
177.0, 0.11258302777282089
178.0, 0.11136815598872846
179.0, 0.11258150249332237
180.0, 0.1113665006779894
181.0, 0.11258131285355412
182.0, 0.11136756698553209
183.0, 0.11258253012294205
184.0, 0.11136928880220073
185.0, 0.11258421568449195
186.0, 0.11137053870200725
187.0, 0.11258529435824147
188.0, 0.11137161492682843
189.0, 0.11258612430706684
190.0, 0.11137208839472602
191.0, 0.11258646979934031
192.0, 0.11137200577805867
193.0, 0.1125869428602713
194.0, 0.11137223589714018
195.0, 0.11258686550181915
196.0, 0.11137226007411766
197.0, 0.1125870155484904
198.0, 0.11137226007411766
199.0, 0.11258680717950914
200.0, 0.11137220143628071
201.0, 0.11258683634041548
202.0, 0.11137220143628071
203.0, 0.11258680717950914
204.0, 0.11137207597331614
205.0, 0.11258689678354235
206.0, 0.11137207597331614
207.0, 0.11258705130723229
208.0, 0.11137235621824847
209.0, 0.11258729991261256
210.0, 0.11137207597331614
211.0, 0.11258696170332205
212.0, 0.11137207597331614
213.0, 0.11258705130723229
214.0, 0.11137235621824847
215.0, 0.11258699086418837
216.0, 0.11137207597331614
217.0, 0.11258718143751523
218.0, 0.11137205303399961
219.0, 0.11258740859570401
220.0, 0.11137213412583656
221.0, 0.11258601889845413
222.0, 0.11137163498499705
223.0, 0.11258597179781085
224.0, 0.11137154995689008
225.0, 0.11258525600026137
226.0, 0.11137034924809305
227.0, 0.11258376668012955
228.0, 0.11136923963438572
229.0, 0.11258217926575444
230.0, 0.11136735524949694
231.0, 0.11258054402217021
232.0, 0.11136534691475453
233.0, 0.11257938876113335
234.0, 0.11136429446837635
235.0, 0.112578493315874
236.0, 0.1113638703948065
237.0, 0.11257895322388313
238.0, 0.11136416811601503
239.0, 0.11257936626322397
240.0, 0.11136502982348044
241.0, 0.11258010253586982
242.0, 0.11520201380042772
243.0, 0.0744184223816789
244.0, 0.07354181537094526
245.0, 0.0723733518634173
246.0, 0.07240204360790092
247.0, 0.07128597296736068
248.0, 0.07150337153122788
249.0, 0.07047010303628107
250.0, 0.07085406281638011
251.0, 0.0698989190392668
252.0, 0.07029971186381945
253.0, 0.06931064435530462
254.0, 0.06975939761260586
255.0, 0.0687018465957129
256.0, 0.06911985949307849
257.0, 0.0679606896789956
258.0, 0.06832620311013349
259.0, 0.06705389162485571
260.0, 0.0673729596970153
261.0, 0.06599914064669812
262.0, 0.06629452250293573
263.0, 0.08001758635861866
264.0, 0.08066931375406518
265.0, 0.08085131283829201
266.0, 0.08115849577535418
267.0, 0.08130632877520384
268.0, 0.0815740304759136
269.0, 0.08168723556110126
270.0, 0.08191001767652668
271.0, 0.08198347748696698
272.0, 0.08215720574000258
273.0, 0.08226006050913938
274.0, 0.08228535878882591
275.0, 0.08245716124926893
276.0, 0.08183169936060691
277.0, 0.08225912530390038
278.0, 0.08243454605258696
279.0, 0.08213328964409682
280.0, 0.08210939819298653
281.0, 0.08188949719836865
282.0, 0.08282631250222415
spot_hold
0, 0
1, 0
2, 0
3, 0
4, 0
5, 0
6, 0
7, 0
8, 0
9, 0
10, 0
11, 0
12, 0
13, 0
14, 0
15, 0
16, 0
17, 0
18, 0
19, 0
20, 0
21, 0
22, 0
23, 0
24, 0
25, 0
26, 0
27, 0
28, 0
29, 0
30, 0
31, 0
32, 0
33, 0
34, 0
35, 0
36, 0
37, 0
38, 0
39, 0
40, 0
41, 1
42, 1
43, 1
44, 1
45, 1
46, 1
47, 1
48, 1
49, 1
50, 1
51, 1
52, 1
53, 1
54, 1
55, 1
56, 1
57, 1
58, 1
59, 1
60, 1
61, 1
62, 1
63, 1
64, 1
65, 1
66, 1
67, 1
68, 1
69, 1
70, 1
71, 1
72, 1
73, 1
74, 1
75, 1
76, 1
77, 1
78, 1
79, 1
80, 1
81, 1
82, 1
83, 1
84, 1
85, 1
86, 1
87, 1
88, 1
89, 1
90, 1
91, 1
92, 1
93, 1
94, 1
95, 1
96, 1
97, 1
98, 1
99, 1
100, 1
101, 1
102, 1
103, 1
104, 1
105, 1
106, 1
107, 1
108, 1
109, 1
110, 1
111, 1
112, 1
113, 1
114, 1
115, 1
116, 1
117, 1
118, 1
119, 1
120, 1
121, 1
122, 1
123, 1
124, 1
125, 1
126, 1
127, 1
128, 1
129, 1
130, 1
131, 1
132, 1
133, 1
134, 1
135, 1
136, 1
137, 1
138, 1
139, 1
140, 1
141, 1
142, 1
143, 1
144, 1
145, 1
146, 1
147, 1
148, 1
149, 1
150, 1
151, 1
152, 1
153, 1
154, 1
155, 1
156, 1
157, 1
158, 1
159, 1
160, 1
161, 1
162, 1
163, 1
164, 1
165, 1
166, 1
167, 1
168, 1
169, 1
170, 1
171, 1
172, 1
173, 1
174, 1
175, 1
176, 1
177, 1
178, 1
179, 1
180, 1
181, 1
182, 1
183, 1
184, 1
185, 1
186, 1
187, 1
188, 1
189, 1
190, 1
191, 1
192, 1
193, 1
194, 1
195, 1
196, 1
197, 1
198, 1
199, 1
200, 1
201, 1
202, 1
203, 1
204, 1
205, 1
206, 1
207, 1
208, 1
209, 1
210, 1
211, 1
212, 1
213, 1
214, 1
215, 1
216, 1
217, 1
218, 1
219, 1
220, 1
221, 1
222, 1
223, 1
224, 1
225, 1
226, 1
227, 1
228, 1
229, 1
230, 1
231, 1
232, 1
233, 1
234, 1
235, 1
236, 1
237, 1
238, 1
239, 1
240, 1
241, 1
242, 1
243, 1
244, 1
245, 1
246, 1
247, 1
248, 1
249, 1
250, 1
251, 1
252, 1
253, 1
254, 1
255, 1
256, 1
257, 1
258, 1
259, 1
260, 1
261, 1
262, 1
263, 1
264, 1
265, 1
266, 1
267, 1
268, 1
269, 1
270, 1
271, 1
272, 1
273, 1
274, 1
275, 1
276, 1
277, 1
278, 1
279, 1
280, 1
281, 1
282, 1
