bot_dist
0.0, 3.4828558973172665
1.0, 3.488812286028509
2.0, 3.494787136926628
3.0, 3.5007803554822874
4.0, 3.5067918475227606
5.0, 3.512821519233795
6.0, 3.518869277161414
7.0, 3.524935028213639
8.0, 3.5310186796621466
9.0, 3.5371201391438585
10.0, 3.5432393146624537
11.0, 3.549376114589826
12.0, 3.5555304476674676
13.0, 3.561702223007785
14.0, 3.567891350095362
15.0, 3.5740977387881463
16.0, 3.580321299318584
17.0, 3.5865619422946833
18.0, 3.5928195787010293
19.0, 3.599094119899729
20.0, 3.605385477631302
21.0, 3.6116935640155177
22.0, 3.6180182915521675
23.0, 3.624359573121788
24.0, 3.6307173219863262
25.0, 3.6370914517897543
26.0, 3.643481876558628
27.0, 3.6498885107025916
28.0, 3.656311269014841
29.0, 3.6627500666725243
30.0, 3.6692048192371023
31.0, 3.675675442654656
32.0, 3.682161853256149
33.0, 3.688663967757641
34.0, 3.6951817032604586
35.0, 3.701714977251316
36.0, 3.7082637076023985
37.0, 3.714827812571398
38.0, 3.721407210801505
39.0, 3.7280018213213637
40.0, 3.7346115635449832
41.0, 3.7412363572716085
42.0, 3.7478761226855535
43.0, 3.754530780355994
44.0, 3.7612002512367257
45.0, 3.767884456665884
46.0, 3.7745833183656243
47.0, 3.781296758441773
48.0, 3.7880246993834406
49.0, 3.7947670640625986
50.0, 3.8015237757336307
51.0, 3.8082947580328415
52.0, 3.81507993497794
53.0, 3.821879230967493
54.0, 3.8286925707803445
55.0, 3.8355198795750054
56.0, 3.842361082889015
57.0, 3.8492161066382815
58.0, 3.8560848771163756
59.0, 3.862967320993823
60.0, 3.869863365317347
61.0, 3.876772937509101
62.0, 3.8836959653658667
63.0, 3.890632377058235
64.0, 3.8975821011297556
65.0, 3.9045450664960706
66.0, 3.911521202444018
67.0, 3.91851043863072
68.0, 3.925512705082646
69.0, 3.932527932194653
70.0, 3.939556050729012
71.0, 3.9465969918144053
72.0, 3.9536506869449135
73.0, 3.960717067978978
74.0, 3.967796067138346
75.0, 3.974887617007001
76.0, 3.98199165053007
77.0, 3.989108101012721
78.0, 3.996236902119039
79.0, 4.003377987870888
80.0, 4.010531292646759
81.0, 4.017696751180598
82.0, 4.024874298560628
83.0, 4.032063870228151
84.0, 4.039265401976337
85.0, 4.046478829949
86.0, 4.053704090639366
87.0, 4.060941120888822
88.0, 4.068189857885657
89.0, 4.075450239163793
90.0, 4.082722202601499
91.0, 4.090005686420104
92.0, 4.097300629182691
93.0, 4.1046069697927825
94.0, 4.111924647493025
95.0, 4.11925360186385
96.0, 4.1265937728221465
97.0, 4.133945100619897
98.0, 4.141307525842836
99.0, 4.148680989409081
100.0, 4.15606543256776
101.0, 4.15606543256776
102.0, 4.15606543256776
103.0, 4.15606543256776
104.0, 4.15606543256776
105.0, 4.15606543256776
106.0, 4.15606543256776
107.0, 4.15606543256776
108.0, 4.15606543256776
109.0, 4.15606543256776
110.0, 4.15606543256776
111.0, 4.15606543256776
112.0, 4.15606543256776
113.0, 4.15606543256776
114.0, 4.15606543256776
115.0, 4.15606543256776
116.0, 4.15606543256776
117.0, 4.15606543256776
118.0, 4.15606543256776
119.0, 4.15606543256776
120.0, 4.15606543256776
121.0, 4.15606543256776
122.0, 4.15606543256776
123.0, 4.15606543256776
124.0, 4.15606543256776
125.0, 4.15606543256776
126.0, 4.15606543256776
127.0, 4.15606543256776
128.0, 4.15606543256776
129.0, 4.15606543256776
130.0, 4.15606543256776
131.0, 4.148680989409081
132.0, 4.141307525842836
133.0, 4.133945100619897
134.0, 4.1265937728221465
135.0, 4.11925360186385
136.0, 4.111924647493025
137.0, 4.1046069697927825
138.0, 4.097300629182691
139.0, 4.090005686420104
140.0, 4.082722202601499
141.0, 4.075450239163793
142.0, 4.068189857885657
143.0, 4.06493632072503
144.0, 4.057706416029887
145.0, 4.050488294693519
146.0, 4.043282019823356
147.0, 4.036087654873591
148.0, 4.0289052636464024
149.0, 4.0217349102931825
150.0, 4.014576659315733
151.0, 3.924887059160846
152.0, 3.8352057700907443
153.0, 3.745533347662316
154.0, 3.655870488911154
155.0, 3.5662179151953635
156.0, 3.4765764221942725
157.0, 3.3869468897196735
158.0, 3.2973302931211323
159.0, 3.2077277165954547
160.0, 3.118140368781201
161.0, 3.0285696011086025
162.0, 2.9390169294890343
163.0, 2.8494840600738693
164.0, 2.759972920000276
165.0, 2.670485694285314
166.0, 2.5810248703486103
167.0, 2.5737268550153383
168.0, 2.483512267742639
169.0, 2.3933157466325037
170.0, 2.3031392327815325
171.0, 2.2129851720071256
172.0, 2.1228564249418285
173.0, 2.0327563586809143
174.0, 2.0255125699717684
175.0, 1.935332723754704
176.0, 1.8452323256787813
177.0, 1.838084365125412
178.0, 1.8309631155557409
179.0, 1.8238688898468582
180.0, 1.8168020045660913
181.0, 1.7331666585564016
182.0, 1.7262883267607168
183.0, 1.7194406379714302
184.0, 1.7126239597539832
185.0, 1.7058386638711638
186.0, 1.6990851262990423
187.0, 1.692363727241292
188.0, 1.6856748511418131
189.0, 1.6790188866955726
190.0, 1.6723962268575703
191.0, 1.6658072688498404
192.0, 1.5827613118314003
193.0, 1.5760979208525756
194.0, 1.4964514079670241
195.0, 1.41759130563888
196.0, 1.3396564993927291
197.0, 1.2628183147362084
198.0, 1.1872896819340233
199.0, 1.1133371523247442
200.0, 1.041296392360875
201.0, 0.9715931677120319
202.0, 0.9047674594518467
203.0, 0.8415055218863554
204.0, 0.7826715311320079
205.0, 0.729338326298674
206.0, 0.6827956404580301
207.0, 0.6445167461544129
208.0, 0.6160435363144868
209.0, 0.59877697764793
210.0, 0.5936951925555926
211.0, 0.6011077215202816
212.0, 0.6205666086044132
213.0, 0.6509926980340758
214.0, 0.6909384444228828
215.0, 0.7388617178258957
216.0, 0.7933178652497209
217.0, 0.7890613169558706
218.0, 0.8532011424377689
219.0, 0.9208317422395659
220.0, 0.9177969350660868
221.0, 0.9148613720864937
222.0, 0.9120260116212646
223.0, 0.9092917910275728
224.0, 0.906659625330808
225.0, 0.9041304058588019
226.0, 0.9017049988828572
227.0, 0.8993842442698198
228.0, 0.8971689541495441
229.0, 0.8950599116021841
230.0, 0.8930578693698201
231.0, 0.8930578693698201
232.0, 0.8930578693698201
233.0, 0.8930578693698201
234.0, 0.8930578693698201
235.0, 0.8930578693698201
236.0, 0.8930578693698201
237.0, 0.8930578693698201
238.0, 0.8930578693698201
239.0, 0.8930578693698201
240.0, 0.8930578693698201
241.0, 0.8930578693698201
242.0, 0.8930578693698201
243.0, 0.8930578693698201
244.0, 0.8930578693698201
245.0, 0.8930578693698201
246.0, 0.8930578693698201
247.0, 0.8930578693698201
248.0, 0.8930578693698201
249.0, 0.8930578693698201
250.0, 0.8930578693698201
251.0, 0.8930578693698201
252.0, 0.8930578693698201
253.0, 0.8930578693698201
254.0, 0.8930578693698201
255.0, 0.8930578693698201
256.0, 0.8930578693698201
257.0, 0.8930578693698201
258.0, 0.8930578693698201
259.0, 0.8930578693698201
260.0, 0.8930578693698201
261.0, 0.8950599116021841
262.0, 0.8971689541495441
263.0, 0.8993842442698198
264.0, 0.9017049988828572
265.0, 0.9041304058588019
266.0, 0.906659625330808
267.0, 0.9092917910275728
268.0, 0.9120260116212646
269.0, 0.9148613720864937
270.0, 0.9177969350660868
271.0, 0.9208317422395659
272.0, 0.9239648156903684
273.0, 0.9271951592680199
274.0, 0.9305217599416425
275.0, 0.9339435891413705
276.0, 0.9374596040844475
277.0, 0.9410687490829791
278.0, 0.9447699568305334
279.0, 0.9485621496649881
280.0, 0.9524442408052499
281.0, 0.9564151355596819
282.0, 0.9604737325042947
ee_dist
0.0, 1.1950024734241749
1.0, 1.2401151483555246
2.0, 1.339842302175919
3.0, 1.4277100879588833
4.0, 1.4580092575833477
5.0, 1.4836942434737512
6.0, 1.5168058796382315
7.0, 1.5502748494849268
8.0, 1.5848824191574995
9.0, 1.618893355599943
10.0, 1.6526454026735293
11.0, 1.684404259872532
12.0, 1.7151196911014976
13.0, 1.7431997097147516
14.0, 1.77066749109441
15.0, 1.7952418866286641
16.0, 1.8194719070327485
17.0, 1.840683433251877
18.0, 1.8619818975145577
19.0, 1.8803571615057566
20.0, 1.8992372105391107
21.0, 1.8724035735994606
22.0, 1.8343568782337045
23.0, 1.793276725970447
24.0, 1.7486788934256483
25.0, 1.7008032917683882
26.0, 1.649740142190665
27.0, 1.5957771224271855
28.0, 1.5390567059851217
29.0, 1.4799676377129043
30.0, 1.4187298627151759
31.0, 1.3558592768843472
32.0, 1.291695144153141
33.0, 1.226922130381861
34.0, 1.1620690842505923
35.0, 1.098079710155865
36.0, 1.0357968192663871
37.0, 0.9765389015002632
38.0, 0.9215818973871647
39.0, 0.8726207758508678
40.0, 0.8313815938187397
41.0, 0.8451524057121086
42.0, 0.802866781097897
43.0, 0.8897511941855455
44.0, 0.8457948279695143
45.0, 0.8003810299584035
46.0, 0.7531951182390498
47.0, 0.7040798394185509
48.0, 0.6533556609631449
49.0, 0.6009994420206999
50.0, 0.5477514945509243
51.0, 0.49431034735698953
52.0, 0.4413276522648643
53.0, 0.38922880385257735
54.0, 0.3390965276414111
55.0, 0.292477532084778
56.0, 0.30590206631265304
57.0, 0.36716408028207204
58.0, 0.44046929940930657
59.0, 0.5254321255103156
60.0, 0.6169287529536095
61.0, 0.7093909432551444
62.0, 0.7976593130861787
63.0, 0.8719853611342708
64.0, 0.9321533582105753
65.0, 0.9919056012729154
66.0, 1.0476592829917752
67.0, 1.1016593722774928
68.0, 1.1539282245923972
69.0, 1.2066525040641962
70.0, 1.2590959216475155
71.0, 1.3182985244275154
72.0, 1.3822716405418907
73.0, 1.4542443792499198
74.0, 1.5373549447211583
75.0, 1.6290077911557437
76.0, 1.7271720761610303
77.0, 1.8262649884977378
78.0, 1.9203520961153588
79.0, 2.003878399925493
80.0, 2.070268297035893
81.0, 2.1333047930005633
82.0, 2.194387762809976
83.0, 2.2538207472916287
84.0, 2.3122869003732758
85.0, 2.3702050332561746
86.0, 2.421016562374389
87.0, 2.457973712474271
88.0, 2.499802251147878
89.0, 2.5512257198169745
90.0, 2.6184780686656257
91.0, 2.7184183138286424
92.0, 2.822847237595222
93.0, 2.9313498795323447
94.0, 3.033196216087297
95.0, 3.1289141132572573
96.0, 3.2032802824338886
97.0, 3.2723192324821535
98.0, 3.3390308195019656
99.0, 3.404376347061795
100.0, 3.466545733932684
101.0, 3.5307215239931007
102.0, 3.5917731497609
103.0, 3.660528765043912
104.0, 3.732845465056938
105.0, 3.810471763126701
106.0, 3.8988106472429034
107.0, 3.9971676177755118
108.0, 4.1014594035801935
109.0, 4.209766478988322
110.0, 4.313858015625836
111.0, 4.413297243921322
112.0, 4.491070720407301
113.0, 4.559851669334933
114.0, 4.605254008719415
115.0, 4.661795985824725
116.0, 4.695154526220386
117.0, 4.739384594703973
118.0, 4.780180209317551
119.0, 4.820892118445191
120.0, 4.857870830655904
121.0, 4.89430242288607
122.0, 4.926605751074649
123.0, 4.957973521730807
124.0, 4.984885766633487
125.0, 5.010540790550861
126.0, 5.031484739771152
127.0, 5.050913892892865
128.0, 5.065447438061729
129.0, 5.078276303765969
130.0, 5.086092518883395
131.0, 5.09208295615692
132.0, 5.093013688577928
133.0, 5.092061907193466
134.0, 5.086071760022029
135.0, 5.078214235159232
136.0, 5.065405836415864
137.0, 5.050810474739789
138.0, 5.031424022939195
139.0, 5.01039753841083
140.0, 4.984807206346863
141.0, 4.957795596053381
142.0, 4.926511254543741
143.0, 4.3704117134851135
144.0, 4.354143163629038
145.0, 4.338484155039104
146.0, 4.326829403149994
147.0, 4.31583285894393
148.0, 4.309192789093944
149.0, 4.303236210821317
150.0, 4.301842733544321
151.0, 4.217770761078996
152.0, 4.135676428450423
153.0, 4.051625157823542
154.0, 3.9695519928565433
155.0, 3.885524002447063
156.0, 3.8034750045140173
157.0, 3.7194734495439126
158.0, 3.637451966709759
159.0, 3.5534805929283144
160.0, 3.4714906199591997
161.0, 3.387553914103873
162.0, 3.3056002560798183
163.0, 3.2217036381065545
164.0, 3.1397923844747258
165.0, 3.055942204427921
166.0, 2.974080235890761
167.0, 2.972498529480229
168.0, 2.8902404384204448
169.0, 2.8060092975193065
170.0, 2.7237624709805854
171.0, 2.639542873454917
172.0, 2.5573089080667932
173.0, 2.473103440946511
174.0, 2.476213308929362
175.0, 2.392331977686941
176.0, 2.3104593458617977
177.0, 2.3145580912959227
178.0, 2.323347119519698
179.0, 2.332879578212262
180.0, 2.346819695040729
181.0, 2.272200279683797
182.0, 2.259647139234535
183.0, 2.247784295944571
184.0, 2.2244003319236785
185.0, 2.2356458003397703
186.0, 2.2321397700798693
187.0, 2.2314153282921434
188.0, 2.2352127982036634
189.0, 2.239976930266911
190.0, 2.249347721483771
191.0, 2.2595507882400936
192.0, 2.1865443148843675
193.0, 2.1997795631908366
194.0, 2.1315730521575276
195.0, 2.0481472323914116
196.0, 1.9965848138287918
197.0, 1.9305787190939883
198.0, 1.8672272507538532
199.0, 1.8040024861850679
200.0, 1.7439447903872753
201.0, 1.6844385911317732
202.0, 1.628404652341972
203.0, 1.5734668315682179
204.0, 1.522371259552047
205.0, 1.4730301187152843
206.0, 1.4292234068005585
207.0, 1.3856097734776323
208.0, 1.3476138782077738
209.0, 1.3132151770038487
210.0, 1.2840123722469536
211.0, 1.2590520867745032
212.0, 1.2396868349585581
213.0, 1.2253386460529492
214.0, 1.2167641999856815
215.0, 1.2137762274986004
216.0, 1.2164542642386262
217.0, 1.2457240349565273
218.0, 1.2605233502501991
219.0, 1.2810476208113486
220.0, 1.2521775186007762
221.0, 1.223370628263257
222.0, 1.1940850286666829
223.0, 1.1649236553628248
224.0, 1.1360158815262145
225.0, 1.1073330027586257
226.0, 1.0797110632856997
227.0, 1.0524632419604993
228.0, 1.0271460710615865
229.0, 1.0024019442946268
230.0, 0.9804898557938653
231.0, 0.9593892686175292
232.0, 0.9420009874575609
233.0, 0.9256749997271382
234.0, 0.9138359944070482
235.0, 0.9032768218373366
236.0, 0.8977748053988871
237.0, 0.8936823484958135
238.0, 0.8949207104357833
239.0, 0.897568603137495
240.0, 0.9054765258430183
241.0, 0.9045167099890419
242.0, 0.8999524652493955
243.0, 0.8975624679046416
244.0, 0.9032793674591582
245.0, 0.9116907657794645
246.0, 0.92592407320014
247.0, 0.9418419864702557
248.0, 0.9602494776989214
249.0, 0.9799635389075
250.0, 1.0018475607345758
251.0, 1.0245845491655086
252.0, 1.0491104951433623
253.0, 1.0740406516081116
254.0, 1.1003673154914675
255.0, 1.1266993645699706
256.0, 1.1540296254392555
257.0, 1.1810201706703933
258.0, 1.2086217412097426
259.0, 1.2356043154757947
260.0, 1.265638407846762
261.0, 1.2912352480038385
262.0, 1.3179065453318142
263.0, 1.288419817307744
264.0, 1.251509543771451
265.0, 1.2126605164811934
266.0, 1.1715713074210379
267.0, 1.128441597528326
268.0, 1.0833220381442636
269.0, 1.0364350921067405
270.0, 0.9878514418251741
271.0, 0.9378487077575964
272.0, 0.8865344707101264
273.0, 0.8342589279093626
274.0, 0.7819882442819047
275.0, 0.7276628276847039
276.0, 0.6709192750308528
277.0, 0.6165743470602644
278.0, 0.5689871971186818
279.0, 0.5147394889415142
280.0, 0.4642426962745156
281.0, 0.4213738096438576
282.0, 0.38665911828397437
ee_box_dist
0.0, 0.7916153791425136
1.0, 0.8447283216654329
2.0, 0.8888790968274816
3.0, 0.9825942911617855
4.0, 1.1937919842711586
5.0, 1.3385705900928684
6.0, 1.3755981071266155
7.0, 1.4148399429477134
8.0, 1.4379459123231422
9.0, 1.4681645228067761
10.0, 1.4861879952461234
11.0, 1.523728894336491
12.0, 1.542749752329741
13.0, 1.5661687877004122
14.0, 1.5849272917261765
15.0, 1.6015610126663649
16.0, 1.6176651003685079
17.0, 1.6318404628159877
18.0, 1.6458941764712596
19.0, 1.6580447111264325
20.0, 1.6704374866051925
21.0, 1.6657537746042128
22.0, 1.6571987707615063
23.0, 1.6454757838014997
24.0, 1.630374355560397
25.0, 1.6120084410330366
26.0, 1.590316492591983
27.0, 1.5654468936190713
28.0, 1.5373529102421732
29.0, 1.506237737267014
30.0, 1.4720732675794792
31.0, 1.4351231207224273
32.0, 1.3954188549342266
33.0, 1.3533417877256748
34.0, 1.309025844406185
35.0, 1.2628177808840695
36.0, 1.2148523282233812
37.0, 1.1652428297157482
38.0, 1.1142341430974656
39.0, 1.0624834973931245
40.0, 1.0103766678532418
41.0, 1.019432436289203
42.0, 1.0282272280080746
43.0, 1.03689697303642
44.0, 1.0453109812050145
45.0, 1.0535658237712013
46.0, 1.0615860559713501
47.0, 1.0694098782196748
48.0, 1.0770303566814023
49.0, 1.084427375937469
50.0, 1.0916435801296607
51.0, 1.0986219699539448
52.0, 1.1054026068855676
53.0, 1.111899691717517
54.0, 1.1181156918013593
55.0, 1.1239454279293617
56.0, 1.1293872896974364
57.0, 1.1344030225915578
58.0, 1.1390004373479956
59.0, 1.143219169174515
60.0, 1.1470046102652594
61.0, 1.1504628595777011
62.0, 1.1534823407949368
63.0, 1.1561865074227067
64.0, 1.1584721809632919
65.0, 1.1604526425234147
66.0, 1.1620465256617953
67.0, 1.1633431935781129
68.0, 1.1642647255455134
69.0, 1.1648786656548769
70.0, 1.1651163814624852
71.0, 1.1650433832183325
72.0, 1.1645941997547253
73.0, 1.1638352228475515
74.0, 1.1627028498635672
75.0, 1.1612627834813327
76.0, 1.1594532413897953
77.0, 1.157339814108601
78.0, 1.1548594265377874
79.0, 1.1520793272071097
80.0, 1.1489378363307599
81.0, 1.1455019274793854
82.0, 1.1417088542934777
83.0, 1.137628331534062
84.0, 1.1331980074407555
85.0, 1.1284888605549552
86.0, 1.1538238955484348
87.0, 1.1939687193384476
88.0, 1.2215792540444181
89.0, 1.2434577197985819
90.0, 1.2578420173060463
91.0, 1.2571649195130674
92.0, 1.2577190269592573
93.0, 1.2571746031539484
94.0, 1.2577195891262787
95.0, 1.2571747915391116
96.0, 1.2577195597061868
97.0, 1.2571747915391116
98.0, 1.2577195597061868
99.0, 1.2571747915391116
100.0, 1.2577195597061868
101.0, 1.2571747621530909
102.0, 1.2577195476864207
103.0, 1.2571747621530909
104.0, 1.2577195476864207
105.0, 1.2571747915391116
106.0, 1.2577195476864207
107.0, 1.2571747915391116
108.0, 1.2577195476864207
109.0, 1.2571747915391116
110.0, 1.2577195476864207
111.0, 1.2571747915391116
112.0, 1.2577195476864207
113.0, 1.2571747915391116
114.0, 1.2577195476864207
115.0, 1.2485138790352455
116.0, 1.2577703877615685
117.0, 1.257171895770301
118.0, 1.2577190712419446
119.0, 1.2571746417256577
120.0, 1.2577195979402216
121.0, 1.2571748007247145
122.0, 1.2577195685201525
123.0, 1.2571748007247145
124.0, 1.2577195685201525
125.0, 1.2571748007247145
126.0, 1.2577195685201525
127.0, 1.2571747713387167
128.0, 1.2577195565003636
129.0, 1.2571748007247145
130.0, 1.2577195565003636
131.0, 1.2571748007247145
132.0, 1.2577195565003636
133.0, 1.2571748007247145
134.0, 1.2577195565003636
135.0, 1.2571747713387167
136.0, 1.2577195565003636
137.0, 1.2571748007247145
138.0, 1.2577195565003636
139.0, 1.2571748007247145
140.0, 1.2577195565003636
141.0, 1.2571748007247145
142.0, 1.2577195565003636
143.0, 1.7968943255255119
144.0, 1.783232198218836
145.0, 1.7696261335430046
146.0, 1.7536278139720072
147.0, 1.7376969703313734
148.0, 1.7196847795261487
149.0, 1.701756705043089
150.0, 1.6821123241846654
151.0, 1.719711190455722
152.0, 1.759584820099859
153.0, 1.803371842171253
154.0, 1.8488731078160558
155.0, 1.8980120288546856
156.0, 1.9483531921174573
157.0, 2.002075157531368
158.0, 2.0565466607518057
159.0, 2.1141702451121716
160.0, 2.172151879738328
161.0, 2.233088070009174
162.0, 2.294048609693861
163.0, 2.3577965233885574
164.0, 2.421286502897341
165.0, 2.4874248083460277
166.0, 2.553067654295401
167.0, 2.5395924604941267
168.0, 2.6034483677079345
169.0, 2.6698696273985876
170.0, 2.735701517079551
171.0, 2.8040027677467934
172.0, 2.8715394712055105
173.0, 2.9414647476267444
174.0, 2.926626804068451
175.0, 2.994487831222827
176.0, 3.061558198613856
177.0, 3.0471852694080366
178.0, 3.02960525002022
179.0, 3.011900924179204
180.0, 2.9913462992829927
181.0, 3.0462949977609766
182.0, 3.065152864219967
183.0, 3.083892296415413
184.0, 3.110376243248563
185.0, 3.1137583801410464
186.0, 3.127193352425624
187.0, 3.1389796136839285
188.0, 3.147352663211796
189.0, 3.1554592807003967
190.0, 3.15978918600305
191.0, 3.163918840371424
192.0, 3.2416102797447905
193.0, 3.2436799597771544
194.0, 3.3216474892570074
195.0, 3.416712416045446
196.0, 3.4802971832458782
197.0, 3.5604158479256878
198.0, 3.6391585287389288
199.0, 3.7198964987917966
200.0, 3.7989288653333424
201.0, 3.8799656919490744
202.0, 3.959268988910985
203.0, 4.040568224260533
204.0, 4.120111399799222
205.0, 4.201643324614305
206.0, 4.282602287099552
207.0, 4.3629517743169215
208.0, 4.443095413530847
209.0, 4.525006640729742
210.0, 4.605124239462524
211.0, 4.6872146268543124
212.0, 4.767483428290269
213.0, 4.849722971389969
214.0, 4.930129593699105
215.0, 5.012504355391325
216.0, 5.093035826357036
217.0, 5.093330227357568
218.0, 5.1735743259806934
219.0, 5.25578073251892
220.0, 5.255393686520832
221.0, 5.254680401146888
222.0, 5.249833972589267
223.0, 5.244683197204563
224.0, 5.235488447021588
225.0, 5.226016622514062
226.0, 5.212685602455311
227.0, 5.19910687440621
228.0, 5.181949707548167
229.0, 5.164579991610257
230.0, 5.143999879272116
231.0, 5.123247857108796
232.0, 5.099740358468142
233.0, 5.076105677279299
234.0, 5.050248111302201
235.0, 5.024316432499473
236.0, 4.996761861409312
237.0, 4.969194816282267
238.0, 4.940658603027577
239.0, 4.9121794966195464
240.0, 4.883431326922262
241.0, 4.883441691076924
242.0, 4.890580598152489
243.0, 4.9262052513262615
244.0, 4.9508156082892985
245.0, 4.972011045856062
246.0, 4.97800522062065
247.0, 4.981578039585917
248.0, 4.985402413283066
249.0, 4.9887827271084495
250.0, 4.992404988768197
251.0, 4.995788652123702
252.0, 4.999418698696081
253.0, 5.002948383509616
254.0, 5.0065694426922605
255.0, 5.010094440500381
256.0, 5.0134790016143755
257.0, 5.016693404758589
258.0, 5.0195646671225385
259.0, 5.022190995038324
260.0, 5.024815769144864
261.0, 5.026665145573655
262.0, 5.027987714128385
263.0, 5.027530010036248
264.0, 5.027803880586179
265.0, 5.0273091559332554
266.0, 5.026067548432261
267.0, 5.024082966414152
268.0, 5.021320672676326
269.0, 5.017802057362167
270.0, 5.013500845278872
271.0, 5.008454362350682
272.0, 5.002647797811369
273.0, 4.996135685735671
274.0, 4.991574946372251
275.0, 4.993037553208584
276.0, 5.002324666526755
277.0, 4.994053724661583
278.0, 4.999431890914479
279.0, 4.99507867043304
280.0, 4.98786253645964
281.0, 4.973901790110194
282.0, 4.959326269234868
spot_hold
0, 0
1, 0
2, 0
3, 0
4, 0
5, 0
6, 0
7, 0
8, 0
9, 0
10, 0
11, 0
12, 0
13, 0
14, 0
15, 0
16, 0
17, 0
18, 0
19, 0
20, 0
21, 0
22, 0
23, 0
24, 0
25, 0
26, 0
27, 0
28, 0
29, 0
30, 0
31, 0
32, 0
33, 0
34, 0
35, 0
36, 0
37, 0
38, 0
39, 0
40, 0
41, 1
42, 1
43, 1
44, 1
45, 1
46, 1
47, 1
48, 1
49, 1
50, 1
51, 1
52, 1
53, 1
54, 1
55, 1
56, 1
57, 1
58, 1
59, 1
60, 1
61, 1
62, 1
63, 1
64, 1
65, 1
66, 1
67, 1
68, 1
69, 1
70, 1
71, 1
72, 1
73, 1
74, 1
75, 1
76, 1
77, 1
78, 1
79, 1
80, 1
81, 1
82, 1
83, 1
84, 1
85, 1
86, 1
87, 1
88, 1
89, 1
90, 1
91, 1
92, 1
93, 1
94, 1
95, 1
96, 1
97, 1
98, 1
99, 1
100, 1
101, 1
102, 1
103, 1
104, 1
105, 1
106, 1
107, 1
108, 1
109, 1
110, 1
111, 1
112, 1
113, 1
114, 1
115, 1
116, 1
117, 1
118, 1
119, 1
120, 1
121, 1
122, 1
123, 1
124, 1
125, 1
126, 1
127, 1
128, 1
129, 1
130, 1
131, 1
132, 1
133, 1
134, 1
135, 1
136, 1
137, 1
138, 1
139, 1
140, 1
141, 1
142, 1
143, 1
144, 1
145, 1
146, 1
147, 1
148, 1
149, 1
150, 1
151, 1
152, 1
153, 1
154, 1
155, 1
156, 1
157, 1
158, 1
159, 1
160, 1
161, 1
162, 1
163, 1
164, 1
165, 1
166, 1
167, 1
168, 1
169, 1
170, 1
171, 1
172, 1
173, 1
174, 1
175, 1
176, 1
177, 1
178, 1
179, 1
180, 1
181, 1
182, 1
183, 1
184, 1
185, 1
186, 1
187, 1
188, 1
189, 1
190, 1
191, 1
192, 1
193, 1
194, 1
195, 1
196, 1
197, 1
198, 1
199, 1
200, 1
201, 1
202, 1
203, 1
204, 1
205, 1
206, 1
207, 1
208, 1
209, 1
210, 1
211, 1
212, 1
213, 1
214, 1
215, 1
216, 1
217, 1
218, 1
219, 1
220, 1
221, 1
222, 1
223, 1
224, 1
225, 1
226, 1
227, 1
228, 1
229, 1
230, 1
231, 1
232, 1
233, 1
234, 1
235, 1
236, 1
237, 1
238, 1
239, 1
240, 1
241, 1
242, 1
243, 1
244, 1
245, 1
246, 1
247, 1
248, 1
249, 1
250, 1
251, 1
252, 1
253, 1
254, 1
255, 1
256, 1
257, 1
258, 1
259, 1
260, 1
261, 1
262, 1
263, 1
264, 1
265, 1
266, 1
267, 1
268, 1
269, 1
270, 1
271, 1
272, 1
273, 1
274, 1
275, 1
276, 1
277, 1
278, 1
279, 1
280, 1
281, 1
282, 1
