bot_dist
0.0, 3.4218090395689122
1.0, 3.427566991008871
2.0, 3.433344412092999
3.0, 3.4391412046999994
4.0, 3.4449572710411136
5.0, 3.4507925136628024
6.0, 3.456646835449346
7.0, 3.462520139625363
8.0, 3.468412329758248
9.0, 3.47432330976053
10.0, 3.480252983892151
11.0, 3.4862012567626683
12.0, 3.49216803333338
13.0, 3.4981532189193736
14.0, 3.504156719191503
15.0, 3.510178440178286
16.0, 3.5162182882677384
17.0, 3.522276170209127
18.0, 3.5283519931146574
19.0, 3.5344456644610913
20.0, 3.5405570920912948
21.0, 3.546686184215719
22.0, 3.552832849413814
23.0, 3.558996996635377
24.0, 3.565178535201837
25.0, 3.571377374807475
26.0, 3.5775934255205795
27.0, 3.583826597784545
28.0, 3.590076802418906
29.0, 3.5963439506203088
30.0, 3.6026279539634336
31.0, 3.6089287244018484
32.0, 3.6152461742688113
33.0, 3.6215802162780184
34.0, 3.6279307635242883
35.0, 3.6342977294842043
36.0, 3.640681028016694
37.0, 3.64708057336356
38.0, 3.6534962801499584
39.0, 3.6599280633848283
40.0, 3.666375838461272
41.0, 3.672839521156879
42.0, 3.679319027634017
43.0, 3.685814274440057
44.0, 3.692325178507573
45.0, 3.6988516571544747
46.0, 3.7053936280841144
47.0, 3.7119510093853396
48.0, 3.7185237195325045
49.0, 3.7251116773854447
50.0, 3.7317148021894
51.0, 3.7383330135749118
52.0, 3.7449662315576644
53.0, 3.751614376538303
54.0, 3.7582773693022014
55.0, 3.7649551310192004
56.0, 3.7716475832433054
57.0, 3.7783546479123493
58.0, 3.785076247347624
59.0, 3.791812304253471
60.0, 3.7985627417168453
61.0, 3.8053274832068413
62.0, 3.8121064525741866
63.0, 3.8188995740507137
64.0, 3.8257067722487856
65.0, 3.832527972160706
66.0, 3.8393630991580907
67.0, 3.846212078991213
68.0, 3.853074837788326
69.0, 3.859951302054948
70.0, 3.8668413986731305
71.0, 3.8737450549006947
72.0, 3.8806621983704446
73.0, 3.887592757089354
74.0, 3.8945366594377324
75.0, 3.9014938341683627
76.0, 3.9084642104056186
77.0, 3.915447717644563
78.0, 3.9224442857500152
79.0, 3.9294538449556065
80.0, 3.936476325862813
81.0, 3.9435116594399604
82.0, 3.9505597770212213
83.0, 3.9576206103055838
84.0, 3.9646940913558075
85.0, 3.9717801525973577
86.0, 3.978878726817326
87.0, 3.9859897471633277
88.0, 3.993113147142389
89.0, 4.000248860619819
90.0, 4.007396821818055
91.0, 4.01455696531551
92.0, 4.021729226045387
93.0, 4.028913539294497
94.0, 4.036109840702051
95.0, 4.043318066258438
96.0, 4.050538152304006
97.0, 4.05777003552781
98.0, 4.065013652966358
99.0, 4.072268942002354
100.0, 4.079535840363406
101.0, 4.079535840363406
102.0, 4.079535840363406
103.0, 4.079535840363406
104.0, 4.079535840363406
105.0, 4.079535840363406
106.0, 4.079535840363406
107.0, 4.079535840363406
108.0, 4.079535840363406
109.0, 4.079535840363406
110.0, 4.079535840363406
111.0, 4.079535840363406
112.0, 4.079535840363406
113.0, 4.079535840363406
114.0, 4.079535840363406
115.0, 4.079535840363406
116.0, 4.079535840363406
117.0, 4.079535840363406
118.0, 4.079535840363406
119.0, 4.079535840363406
120.0, 4.079535840363406
121.0, 4.079535840363406
122.0, 4.079535840363406
123.0, 4.079535840363406
124.0, 4.079535840363406
125.0, 4.079535840363406
126.0, 4.079535840363406
127.0, 4.079535840363406
128.0, 4.079535840363406
129.0, 4.079535840363406
130.0, 4.079535840363406
131.0, 4.072268942002354
132.0, 4.065013652966358
133.0, 4.05777003552781
134.0, 4.050538152304006
135.0, 4.043318066258438
136.0, 4.036109840702051
137.0, 4.028913539294497
138.0, 4.021729226045387
139.0, 4.01455696531551
140.0, 4.007396821818055
141.0, 4.000248860619819
142.0, 3.993113147142389
143.0, 3.9900599956285054
144.0, 3.9829562421577327
145.0, 3.975864948006921
146.0, 3.9687861799617568
147.0, 3.961720005166862
148.0, 3.954666491126874
149.0, 3.9476257057075066
150.0, 3.940597717136599
151.0, 3.85085436642489
152.0, 3.761116924138913
153.0, 3.671385823526823
154.0, 3.5816615412211057
155.0, 3.491944602803718
156.0, 3.4022355892496234
157.0, 3.3125351444146984
158.0, 3.222843983770751
159.0, 3.1331629046366545
160.0, 3.0434927982129545
161.0, 2.9538346638016306
162.0, 2.8641896256877115
163.0, 2.7745589532819785
164.0, 2.684944085283027
165.0, 2.595346658825076
166.0, 2.5057685448523994
167.0, 2.498668472272487
168.0, 2.40853970829698
169.0, 2.318436179821908
170.0, 2.2283608542645417
171.0, 2.1383172957205123
172.0, 2.0483096936215155
173.0, 1.9583430057673097
174.0, 1.9513579058392694
175.0, 1.8616076831666302
176.0, 1.7719838051034278
177.0, 1.7651305884339317
178.0, 1.7583075335446707
179.0, 1.7515149929227836
180.0, 1.7447533229557652
181.0, 1.6629341425631383
182.0, 1.656394359555925
183.0, 1.649889264724665
184.0, 1.6434192699847592
185.0, 1.6369847915235234
186.0, 1.6305862497948147
187.0, 1.6242240695110552
188.0, 1.5351293193061226
189.0, 1.5288381181377149
190.0, 1.4402610740876964
191.0, 1.3517710999301453
192.0, 1.263386491416304
193.0, 1.1751310232449732
194.0, 1.0870361502291868
195.0, 0.9991443524487034
196.0, 0.9115143757330004
197.0, 0.8242297327313777
198.0, 0.7374130609649452
199.0, 0.6512515394666457
200.0, 0.5660444221493546
201.0, 0.48229781571955294
202.0, 0.4009279901204724
203.0, 0.32373214003086864
204.0, 0.2545366746239622
205.0, 0.2017486405927391
206.0, 0.18039757272797816
207.0, 0.2007765661724711
208.0, 0.25299476242524416
209.0, 0.32191403373872557
210.0, 0.39897132156835974
211.0, 0.48026530247645854
212.0, 0.5639668262445403
213.0, 0.5698441350688636
214.0, 0.6542591019242054
215.0, 0.7396464655658922
216.0, 0.7456145499355269
217.0, 0.7516682910337049
218.0, 0.7578056360532249
219.0, 0.7640245702469692
220.0, 0.770323117572509
221.0, 0.7766993411936973
222.0, 0.7831513438495447
223.0, 0.7896772681003947
224.0, 0.7962752964610845
225.0, 0.8029436514304125
226.0, 0.8096805954258445
227.0, 0.816484430631979
228.0, 0.8233534987708705
229.0, 0.8302861808018795
230.0, 0.8372808965582813
231.0, 0.8372808965582813
232.0, 0.8372808965582813
233.0, 0.8372808965582813
234.0, 0.8372808965582813
235.0, 0.8372808965582813
236.0, 0.8372808965582813
237.0, 0.8372808965582813
238.0, 0.8372808965582813
239.0, 0.8372808965582813
240.0, 0.8372808965582813
241.0, 0.8372808965582813
242.0, 0.8372808965582813
243.0, 0.8372808965582813
244.0, 0.8372808965582813
245.0, 0.8372808965582813
246.0, 0.8372808965582813
247.0, 0.8372808965582813
248.0, 0.8372808965582813
249.0, 0.8372808965582813
250.0, 0.8372808965582813
251.0, 0.8372808965582813
252.0, 0.8372808965582813
253.0, 0.8372808965582813
254.0, 0.8372808965582813
255.0, 0.8372808965582813
256.0, 0.8372808965582813
257.0, 0.8372808965582813
258.0, 0.8372808965582813
259.0, 0.8372808965582813
260.0, 0.8372808965582813
261.0, 0.8302861808018795
262.0, 0.8233534987708705
263.0, 0.816484430631979
264.0, 0.8096805954258445
265.0, 0.8029436514304125
266.0, 0.7962752964610845
267.0, 0.7896772681003947
268.0, 0.7831513438495447
269.0, 0.7766993411936973
270.0, 0.770323117572509
271.0, 0.7640245702469692
272.0, 0.7578056360532249
273.0, 0.7516682910337049
274.0, 0.7456145499355269
275.0, 0.7396464655658922
276.0, 0.7337661279939306
277.0, 0.7279756635882992
278.0, 0.722277233879744
279.0, 0.7166730342378277
280.0, 0.7111652923511279
281.0, 0.705756266500416
282.0, 0.7004482436146713
ee_dist
0.0, 0.831039369802224
1.0, 0.8200526825196622
2.0, 0.8851492344933842
3.0, 0.9559907552623215
4.0, 0.9803673864787996
5.0, 1.0053350393120741
6.0, 1.0408997715451296
7.0, 1.078316952663398
8.0, 1.1153487726490898
9.0, 1.1513871481541238
10.0, 1.1867015168546011
11.0, 1.219650404526397
12.0, 1.2511423965873214
13.0, 1.2797740204289905
14.0, 1.307497568592115
15.0, 1.332228336417011
16.0, 1.3564105528984145
17.0, 1.3775405431227494
18.0, 1.3986114434924286
19.0, 1.4167702472534702
20.0, 1.435319023929006
21.0, 1.4132537160560077
22.0, 1.3815770316596838
23.0, 1.3470905206864696
24.0, 1.3093027001865116
25.0, 1.2683755219912445
26.0, 1.224291816254045
27.0, 1.1772363535629993
28.0, 1.1272047049002711
29.0, 1.0744416884642585
30.0, 1.0189628172753205
31.0, 0.9610804598387183
32.0, 0.900845166719385
33.0, 0.8386524042995102
34.0, 0.7746224052487416
35.0, 0.7093069237889991
36.0, 0.6430161926676894
37.0, 0.5766411990168696
38.0, 0.5109515749808434
39.0, 0.447510621198723
40.0, 0.3883559069889586
41.0, 0.4044632276521711
42.0, 0.6446228854558276
43.0, 1.2566739765096766
44.0, 1.2203718905799552
45.0, 1.1819573580881617
46.0, 1.1411055955096803
47.0, 1.097750513618419
48.0, 1.0519911729803175
49.0, 1.0037692497929411
50.0, 0.9536464281958652
51.0, 0.9019922428840793
52.0, 0.8490132260048349
53.0, 0.7947256034274875
54.0, 0.7392096929036607
55.0, 0.6825512603313304
56.0, 0.6255479962534408
57.0, 0.5684095135450387
58.0, 0.6270287538365714
59.0, 0.7043556759768932
60.0, 0.7901424896209709
61.0, 0.8838923841443055
62.0, 0.9799092746846167
63.0, 1.0730868865322933
64.0, 1.1596339827713507
65.0, 1.226054462778952
66.0, 1.2817541573903661
67.0, 1.3388740627142044
68.0, 1.3916509650632831
69.0, 1.4441847486673387
70.0, 1.4973559421717302
71.0, 1.5489145906901658
72.0, 1.6061598286826686
73.0, 1.668445890103657
74.0, 1.7355278367964888
75.0, 1.8136259553749194
76.0, 1.9009117545554524
77.0, 1.9974828269927791
78.0, 2.0981172017883485
79.0, 2.1976103617041907
80.0, 2.2916011169896464
81.0, 2.3701841772957333
82.0, 2.4336519303994915
83.0, 2.495916464850852
84.0, 2.5558676421170405
85.0, 2.615189652012514
86.0, 2.6640202507628357
87.0, 2.6924765677663127
88.0, 2.7235182202520716
89.0, 2.763271016152902
90.0, 2.8144768872194055
91.0, 2.8993624643636267
92.0, 2.9924114715999672
93.0, 3.095423127862223
94.0, 3.202266889621682
95.0, 3.3108834225101287
96.0, 3.4116167426565114
97.0, 3.502633385095736
98.0, 3.5735430247979894
99.0, 3.641756135722938
100.0, 3.7062178175975276
101.0, 3.7708892241588625
102.0, 3.832801500985994
103.0, 3.8963026043497346
104.0, 3.959368328329286
105.0, 4.030132228541098
106.0, 4.103898373706541
107.0, 4.186373763202583
108.0, 4.277142649670724
109.0, 4.3785176993724795
110.0, 4.484488631461748
111.0, 4.594243717590329
112.0, 4.696494865953724
113.0, 4.792302985849825
114.0, 4.865994515683386
115.0, 4.914336435713108
116.0, 4.959825469225604
117.0, 5.005850426565734
118.0, 5.048465935531306
119.0, 5.093483655077437
120.0, 5.12980240543523
121.0, 5.168907375573777
122.0, 5.202161409935878
123.0, 5.234962772317796
124.0, 5.263329232736317
125.0, 5.29046743092513
126.0, 5.312651701460205
127.0, 5.333352087488668
128.0, 5.348894290411829
129.0, 5.362754087205016
130.0, 5.371323343786529
131.0, 5.378083082090861
132.0, 5.379491022539509
133.0, 5.379035217888531
134.0, 5.373239242101416
135.0, 5.36559123826474
136.0, 5.352688948496134
137.0, 5.338018592337015
138.0, 5.318248444120294
139.0, 5.279704329799936
140.0, 5.278852604452549
141.0, 5.279704434616526
142.0, 5.278852656997132
143.0, 4.647485912299098
144.0, 4.637041622954426
145.0, 4.627254891431062
146.0, 4.621872399011368
147.0, 4.617164181394431
148.0, 4.617031123955692
149.0, 4.617561144381781
150.0, 4.622684173139642
151.0, 4.539407343543829
152.0, 4.458131751878799
153.0, 4.374934693443708
154.0, 4.2937420984970025
155.0, 4.210634800770191
156.0, 4.129535418573685
157.0, 4.046528161128547
158.0, 3.965533659133427
159.0, 3.8826400525542035
160.0, 3.8017639046635763
161.0, 3.7189985750487655
162.0, 3.638256929516171
163.0, 3.555638245367686
164.0, 3.475050505783786
165.0, 3.392599556679061
166.0, 3.3121885919221636
167.0, 3.3197117103520286
168.0, 3.241385933534525
169.0, 3.1613683243698265
170.0, 3.0834713570784897
171.0, 3.003925639992138
172.0, 2.9265276515871883
173.0, 2.8475330348616925
174.0, 2.8609083935924384
175.0, 2.7853733471685627
176.0, 2.7121421604376996
177.0, 2.726798792226934
178.0, 2.7453778604584986
179.0, 2.76442048638688
180.0, 2.786829686915966
181.0, 2.731587642251624
182.0, 2.7101449378475495
183.0, 2.6890842520646974
184.0, 2.6716146823442855
185.0, 2.65466307370118
186.0, 2.6418174589834
187.0, 2.6296110957132273
188.0, 2.551591602103903
189.0, 2.5416714690125706
190.0, 2.4617487909994367
191.0, 2.380057966870062
192.0, 2.300486788027975
193.0, 2.2191921895401565
194.0, 2.1400525138440485
195.0, 2.059249235423341
196.0, 1.980648466465444
197.0, 1.9004622016996233
198.0, 1.8225436406627988
199.0, 1.7431470143444765
200.0, 1.666126621973333
201.0, 1.583668770979244
202.0, 1.4308140387638488
203.0, 1.3704237938351158
204.0, 1.3758857488109042
205.0, 0.8328028186740278
206.0, 1.6477882892051405
207.0, 1.1386438870484574
208.0, 0.9240231605240518
209.0, 0.996049710542785
210.0, 0.9382603467635204
211.0, 0.8753177035090098
212.0, 0.8173716604084406
213.0, 0.7963177415730097
214.0, 0.7320845610066407
215.0, 0.6666113594321585
216.0, 0.6597738715523908
217.0, 0.6405033998114573
218.0, 0.6253175343595487
219.0, 0.6115070356582357
220.0, 0.6028641212635271
221.0, 0.5959316929211749
222.0, 0.5946496783934703
223.0, 0.5952475619225694
224.0, 0.6014858861048262
225.0, 0.6095232741218544
226.0, 0.6226973766402281
227.0, 0.6373817731324556
228.0, 0.6563432151126233
229.0, 0.6556817978277127
230.0, 0.6563436355465684
231.0, 0.6556817496989324
232.0, 0.6563432151126233
233.0, 0.6556817978277127
234.0, 0.6563436355465684
235.0, 0.6556817496989324
236.0, 0.6563432151126233
237.0, 0.6556817978277127
238.0, 0.6563436355465684
239.0, 0.6556817496989324
240.0, 0.6563432151126233
241.0, 0.6556817978277127
242.0, 0.6563436355465684
243.0, 0.6624007727182527
244.0, 0.6740133864623981
245.0, 0.6868206895516856
246.0, 0.701788246139223
247.0, 0.7178193102108316
248.0, 0.7357281850146687
249.0, 0.7543666060745915
250.0, 0.7746159119124904
251.0, 0.7953038501577595
252.0, 0.8173125626599613
253.0, 0.8394876596420405
254.0, 0.8626518832433828
255.0, 0.8857201301488751
256.0, 0.9094282006469819
257.0, 0.9328006323435363
258.0, 0.9564794295505871
259.0, 0.9796196487138835
260.0, 1.0027982009796814
261.0, 1.0252455141841026
262.0, 1.047517337665338
263.0, 1.0261330775718358
264.0, 1.0002308014660535
265.0, 0.9731689185902181
266.0, 0.9447701589419902
267.0, 0.9152412986825225
268.0, 0.8846385918330936
269.0, 0.8532003975849354
270.0, 0.8210102663520599
271.0, 0.7883625272169565
272.0, 0.7553813613092589
273.0, 0.7224335811865379
274.0, 0.6897083304229116
275.0, 0.6576459482940609
276.0, 0.6264798421501812
277.0, 0.596712985243588
278.0, 0.568618602996713
279.0, 0.5429461217506797
280.0, 0.520040243772351
281.0, 0.5012143198607248
282.0, 0.49273800969337667
ee_box_dist
0.0, 0.9250172956200409
1.0, 0.957035748095835
2.0, 0.9892393222455258
3.0, 1.0219258074389095
4.0, 1.056229357568587
5.0, 1.0922819444633056
6.0, 1.12928859152421
7.0, 1.1632395914006572
8.0, 1.1959412308040571
9.0, 1.2272700729678105
10.0, 1.257516451071227
11.0, 1.2855412538285889
12.0, 1.312365349485151
13.0, 1.3366145488650514
14.0, 1.3602545115926157
15.0, 1.3811915798530343
16.0, 1.4018647183742263
17.0, 1.4197535217403798
18.0, 1.4378299850723186
19.0, 1.453249037932065
20.0, 1.4692698010928553
21.0, 1.4444422810781594
22.0, 1.409621544729187
23.0, 1.371951663017707
24.0, 1.3309651198493055
25.0, 1.2868714519297233
26.0, 1.2396968458351896
27.0, 1.1896699064389702
28.0, 1.1368784138043164
29.0, 1.0816104877162322
30.0, 1.023946603280067
31.0, 0.9643126172568386
32.0, 0.902858844687434
33.0, 0.840087168334185
34.0, 0.7762495707781762
35.0, 0.7121470981284558
36.0, 0.648428554795368
37.0, 0.5865504523311478
38.0, 0.527893914407405
39.0, 0.47472889068882496
40.0, 0.42984161372193297
41.0, 0.4423086673467911
42.0, 0.4550021083885971
43.0, 0.4679305678865026
44.0, 0.4809493718638736
45.0, 0.49412086892118
46.0, 0.507293701741836
47.0, 0.5205619294188272
48.0, 0.5337214563480168
49.0, 0.5469192300186679
50.0, 0.5599410474278098
51.0, 0.5729394471314191
52.0, 0.5857256537991922
53.0, 0.5984675199696291
54.0, 0.6110050963049176
55.0, 0.6234958264091874
56.0, 0.6358040655131866
57.0, 0.6480221875627036
58.0, 0.6600367297987763
59.0, 0.6718984268282067
60.0, 0.6835275548014663
61.0, 0.6949407852227409
62.0, 0.7060955392063104
63.0, 0.7170033729857077
64.0, 0.7276166896612188
65.0, 0.7379433798135622
66.0, 0.7479506728155627
67.0, 0.7576443989711895
68.0, 0.7669889295749364
69.0, 0.7760029015553889
70.0, 0.7846487115593138
71.0, 0.7929504646646481
72.0, 0.8008779634993045
73.0, 0.8084361973413574
74.0, 0.8155993401640026
75.0, 0.8223810742113674
76.0, 0.8287519692454031
77.0, 0.8347219891522504
78.0, 0.840265760590127
79.0, 0.8453895112883317
80.0, 0.8500691112113329
81.0, 0.8543093760013121
82.0, 0.8580866394810631
83.0, 0.8614055440170928
84.0, 0.8642419479915884
85.0, 0.8666028048375501
86.0, 0.8848366207671854
87.0, 0.9274496430504265
88.0, 0.9656777816309299
89.0, 0.9990715807777504
90.0, 1.0244547306533573
91.0, 1.0229902521575374
92.0, 1.023965488693311
93.0, 1.0230273365805158
94.0, 1.0239639003969596
95.0, 1.0230276291447455
96.0, 1.023963788257224
97.0, 1.0230277412721231
98.0, 1.023963828552158
99.0, 1.0230276291447455
100.0, 1.0239637321873567
101.0, 1.0230277412721231
102.0, 1.023963828552158
103.0, 1.0230276291447455
104.0, 1.023963788257224
105.0, 1.0230277570581678
106.0, 1.023963828552158
107.0, 1.0230276291447455
108.0, 1.0239637724822892
109.0, 1.0230278218274265
110.0, 1.0239639845017625
111.0, 1.0230277535179269
112.0, 1.0239639406918961
113.0, 1.0230279094631929
114.0, 1.0239640493167215
115.0, 1.0230278498592724
116.0, 1.0239639529519027
117.0, 1.0230279900185038
118.0, 1.0239640773516574
119.0, 1.0203312789823418
120.0, 1.0239560666903404
121.0, 1.0220319457231095
122.0, 1.0237226566849968
123.0, 1.0230385904689914
124.0, 1.023964023472615
125.0, 1.0230279763422883
126.0, 1.0239640795424907
127.0, 1.0230280884696834
128.0, 1.0239641759073148
129.0, 1.0230279763422883
130.0, 1.0239640795424907
131.0, 1.0230280884696834
132.0, 1.0239641601323897
133.0, 1.0230280446517979
134.0, 1.0239642319771927
135.0, 1.0230282128428958
136.0, 1.0239643686369881
137.0, 1.023028181270838
138.0, 1.023964284532167
139.0, 1.0230283249702967
140.0, 1.0239644685167268
141.0, 1.0230282653663907
142.0, 1.0239644247068689
143.0, 1.7471631325977217
144.0, 1.7465122683017356
145.0, 1.7458651233431337
146.0, 1.7414785696169555
147.0, 1.737107609352741
148.0, 1.7290523352648692
149.0, 1.7210200979962802
150.0, 1.7094215204642405
151.0, 1.7851352904572768
152.0, 1.8597999938396477
153.0, 1.936902541043397
154.0, 2.0127630761543034
155.0, 2.0909451620846964
156.0, 2.1677473788806503
157.0, 2.2467929296292533
158.0, 2.324351277381345
159.0, 2.4040942166061194
160.0, 2.4822678393554845
161.0, 2.5625820241738237
162.0, 2.6412622052875414
163.0, 2.7220487341634887
164.0, 2.8011500521493513
165.0, 2.882331859849859
166.0, 2.961787150389436
167.0, 2.954574163652126
168.0, 3.0327282298911924
169.0, 3.112979870719707
170.0, 3.1915559425133404
171.0, 3.2722077425517604
172.0, 3.3511464467843717
173.0, 3.432143280474505
174.0, 3.4221137064558342
175.0, 3.5015469406681463
176.0, 3.579332569420871
177.0, 3.5695014082761802
178.0, 3.5558280044535637
179.0, 3.5419705410587965
180.0, 3.5245394587865424
181.0, 3.593408311429447
182.0, 3.608864602765475
183.0, 3.624142997661409
184.0, 3.635674792630701
185.0, 3.647005862470093
186.0, 3.654371543545611
187.0, 3.661514917312315
188.0, 3.7424565983119833
189.0, 3.747352740965306
190.0, 3.8289670733146073
191.0, 3.9125599944355023
192.0, 3.994234914345391
193.0, 4.077887036545228
194.0, 4.159616325784585
195.0, 4.243320350123145
196.0, 4.325097003868537
197.0, 4.408847780654365
198.0, 4.490667267951463
199.0, 4.574459179973383
200.0, 4.65631502639064
201.0, 4.742353074367607
202.0, 4.856891465094169
203.0, 4.982714949507769
204.0, 5.065515807837872
205.0, 5.4538787046888455
206.0, 4.742016330948021
207.0, 5.2530455320397085
208.0, 5.4758696045974435
209.0, 5.408205665280576
210.0, 5.485687772419392
211.0, 5.569409466501298
212.0, 5.651449577350466
213.0, 5.653501561038865
214.0, 5.739387774579321
215.0, 5.837950194941749
216.0, 5.817674177119143
217.0, 5.814854252792012
218.0, 5.808192696160543
219.0, 5.801138009412345
220.0, 5.790084459460137
221.0, 5.778655877215883
222.0, 5.7634940301686495
223.0, 5.747955196520928
224.0, 5.729044903550673
225.0, 5.709762832018085
226.0, 5.687557333944101
227.0, 5.664997138370061
228.0, 5.640041441361888
229.0, 5.640487948421065
230.0, 5.640044980931252
231.0, 5.640492060298103
232.0, 5.640049482965997
233.0, 5.640496091369061
234.0, 5.640053149462388
235.0, 5.640500198484282
236.0, 5.640057550914526
237.0, 5.64050410738778
238.0, 5.640061159972358
239.0, 5.640508267186338
240.0, 5.6400656141037535
241.0, 5.640512197668622
242.0, 5.640069254268549
243.0, 5.638770345996049
244.0, 5.639106333742218
245.0, 5.638758715053168
246.0, 5.637380713731677
247.0, 5.635304705005418
248.0, 5.632085127453675
249.0, 5.628087603936707
250.0, 5.622884902685433
251.0, 5.616918326957261
252.0, 5.609760150217045
253.0, 5.601958239911317
254.0, 5.593054325597278
255.0, 5.5836943408848825
256.0, 5.573370492665412
257.0, 5.562802894181689
258.0, 5.551440334190617
259.0, 5.540042882131571
260.0, 5.52801619442456
261.0, 5.516173776005892
262.0, 5.503868628459747
263.0, 5.5239636589672445
264.0, 5.549343812408532
265.0, 5.575046586209989
266.0, 5.601147157183358
267.0, 5.6274264892047965
268.0, 5.653686942262587
269.0, 5.679724899221971
270.0, 5.7053468532107825
271.0, 5.730356781621513
272.0, 5.754575052018332
273.0, 5.777807834116914
274.0, 5.799901374767228
275.0, 5.820704616976411
276.0, 5.840125875356003
277.0, 5.8580816203721815
278.0, 5.874562914530244
279.0, 5.889355362579733
280.0, 5.902505370969872
281.0, 5.913381109220468
282.0, 5.921709047628876
spot_hold
0, 0
1, 0
2, 0
3, 0
4, 0
5, 0
6, 0
7, 0
8, 0
9, 0
10, 0
11, 0
12, 0
13, 0
14, 0
15, 0
16, 0
17, 0
18, 0
19, 0
20, 0
21, 0
22, 0
23, 0
24, 0
25, 0
26, 0
27, 0
28, 0
29, 0
30, 0
31, 0
32, 0
33, 0
34, 0
35, 0
36, 0
37, 0
38, 0
39, 0
40, 0
41, 1
42, 1
43, 1
44, 1
45, 1
46, 1
47, 1
48, 1
49, 1
50, 1
51, 1
52, 1
53, 1
54, 1
55, 1
56, 1
57, 1
58, 1
59, 1
60, 1
61, 1
62, 1
63, 1
64, 1
65, 1
66, 1
67, 1
68, 1
69, 1
70, 1
71, 1
72, 1
73, 1
74, 1
75, 1
76, 1
77, 1
78, 1
79, 1
80, 1
81, 1
82, 1
83, 1
84, 1
85, 1
86, 1
87, 1
88, 1
89, 1
90, 1
91, 1
92, 1
93, 1
94, 1
95, 1
96, 1
97, 1
98, 1
99, 1
100, 1
101, 1
102, 1
103, 1
104, 1
105, 1
106, 1
107, 1
108, 1
109, 1
110, 1
111, 1
112, 1
113, 1
114, 1
115, 1
116, 1
117, 1
118, 1
119, 1
120, 1
121, 1
122, 1
123, 1
124, 1
125, 1
126, 1
127, 1
128, 1
129, 1
130, 1
131, 1
132, 1
133, 1
134, 1
135, 1
136, 1
137, 1
138, 1
139, 1
140, 1
141, 1
142, 1
143, 1
144, 1
145, 1
146, 1
147, 1
148, 1
149, 1
150, 1
151, 1
152, 1
153, 1
154, 1
155, 1
156, 1
157, 1
158, 1
159, 1
160, 1
161, 1
162, 1
163, 1
164, 1
165, 1
166, 1
167, 1
168, 1
169, 1
170, 1
171, 1
172, 1
173, 1
174, 1
175, 1
176, 1
177, 1
178, 1
179, 1
180, 1
181, 1
182, 1
183, 1
184, 1
185, 1
186, 1
187, 1
188, 1
189, 1
190, 1
191, 1
192, 1
193, 1
194, 1
195, 1
196, 1
197, 1
198, 1
199, 1
200, 1
201, 1
202, 1
203, 1
204, 1
205, 1
206, 1
207, 1
208, 1
209, 1
210, 1
211, 1
212, 1
213, 1
214, 1
215, 1
216, 1
217, 1
218, 1
219, 1
220, 1
221, 1
222, 1
223, 1
224, 1
225, 1
226, 1
227, 1
228, 1
229, 1
230, 1
231, 1
232, 1
233, 1
234, 1
235, 1
236, 1
237, 1
238, 1
239, 1
240, 1
241, 1
242, 1
243, 1
244, 1
245, 1
246, 1
247, 1
248, 1
249, 1
250, 1
251, 1
252, 1
253, 1
254, 1
255, 1
256, 1
257, 1
258, 1
259, 1
260, 1
261, 1
262, 1
263, 1
264, 1
265, 1
266, 1
267, 1
268, 1
269, 1
270, 1
271, 1
272, 1
273, 1
274, 1
275, 1
276, 1
277, 1
278, 1
279, 1
280, 1
281, 1
282, 1
