bot_dist
0.0, 3.826806020695277
1.0, 3.8336294719490875
2.0, 3.840466838287006
3.0, 3.8473180455203178
4.0, 3.854183019838172
5.0, 3.8610616878068695
6.0, 3.867953976369122
7.0, 3.8748598128432863
8.0, 3.881779124922571
9.0, 3.888711840674223
10.0, 3.8956578885386866
11.0, 3.9026171973287394
12.0, 3.9095896962286054
13.0, 3.9165753147930484
14.0, 3.923573982946439
15.0, 3.930585630981805
16.0, 3.937610189559856
17.0, 3.944647589707998
18.0, 3.951697762819312
19.0, 3.9587606406515317
20.0, 3.9658361553259893
21.0, 3.972924239326551
22.0, 3.980024825498531
23.0, 3.9871378470475918
24.0, 3.994263237538623
25.0, 4.001400930894613
26.0, 4.008550861395494
27.0, 4.015712963676982
28.0, 4.022887172729396
29.0, 4.030073423896466
30.0, 4.037271652874128
31.0, 4.0444817957093
32.0, 4.051703788798657
33.0, 4.058937568887379
34.0, 4.066183073067901
35.0, 4.073440238778638
36.0, 4.080709003802716
37.0, 4.087989306266673
38.0, 4.095281084639163
39.0, 4.102584277729648
40.0, 4.109898824687075
41.0, 4.117224664998552
42.0, 4.1245617384880084
43.0, 4.131909985314843
44.0, 4.139269345972589
45.0, 4.14663976128753
46.0, 4.154021172417348
47.0, 4.161413520849739
48.0, 4.168816748401034
49.0, 4.176230797214811
50.0, 4.183655609760496
51.0, 4.1910911288319666
52.0, 4.198537297546145
53.0, 4.205994059341583
54.0, 4.213461357977053
55.0, 4.2209391375301175
56.0, 4.228427342395714
57.0, 4.235925917284722
58.0, 4.243434807222524
59.0, 4.2509539575475825
60.0, 4.258483313909986
61.0, 4.266022822270014
62.0, 4.273572428896695
63.0, 4.2811320803663495
64.0, 4.288701723561147
65.0, 4.296281305667649
66.0, 4.303870774175361
67.0, 4.3114700768752705
68.0, 4.319079161858394
69.0, 4.3266979775143195
70.0, 4.334326472529743
71.0, 4.3419645958870134
72.0, 4.349612296862671
73.0, 4.357269525025985
74.0, 4.364936230237496
75.0, 4.37261236264755
76.0, 4.380297872694847
77.0, 4.387992711104969
78.0, 4.39569682888893
79.0, 4.403410177341716
80.0, 4.411132708040818
81.0, 4.41886437284479
82.0, 4.426605123891781
83.0, 4.434354913598086
84.0, 4.442113694656693
85.0, 4.449881420035832
86.0, 4.457658042977525
87.0, 4.465443516996141
88.0, 4.473237795876945
89.0, 4.4810408336746645
90.0, 4.48885258471204
91.0, 4.496673003578393
92.0, 4.504502045128187
93.0, 4.5123396644795974
94.0, 4.520185817013079
95.0, 4.528040458369942
96.0, 4.535903544450928
97.0, 4.543775031414786
98.0, 4.551654875676858
99.0, 4.559543033907666
100.0, 4.567439463031497
101.0, 4.567439463031497
102.0, 4.567439463031497
103.0, 4.567439463031497
104.0, 4.567439463031497
105.0, 4.567439463031497
106.0, 4.567439463031497
107.0, 4.567439463031497
108.0, 4.567439463031497
109.0, 4.567439463031497
110.0, 4.567439463031497
111.0, 4.567439463031497
112.0, 4.567439463031497
113.0, 4.567439463031497
114.0, 4.567439463031497
115.0, 4.567439463031497
116.0, 4.567439463031497
117.0, 4.567439463031497
118.0, 4.567439463031497
119.0, 4.567439463031497
120.0, 4.567439463031497
121.0, 4.567439463031497
122.0, 4.567439463031497
123.0, 4.567439463031497
124.0, 4.567439463031497
125.0, 4.567439463031497
126.0, 4.567439463031497
127.0, 4.567439463031497
128.0, 4.567439463031497
129.0, 4.567439463031497
130.0, 4.567439463031497
131.0, 4.559543033907666
132.0, 4.551654875676858
133.0, 4.543775031414786
134.0, 4.535903544450928
135.0, 4.528040458369942
136.0, 4.520185817013079
137.0, 4.5123396644795974
138.0, 4.504502045128187
139.0, 4.496673003578393
140.0, 4.48885258471204
141.0, 4.4810408336746645
142.0, 4.473237795876945
143.0, 4.465443516996141
144.0, 4.457658042977525
145.0, 4.449881420035832
146.0, 4.442113694656693
147.0, 4.434354913598086
148.0, 4.426605123891781
149.0, 4.41886437284479
150.0, 4.411132708040818
151.0, 4.403410177341716
152.0, 4.39569682888893
153.0, 4.387992711104969
154.0, 4.380297872694847
155.0, 4.37261236264755
156.0, 4.364936230237496
157.0, 4.357269525025985
158.0, 4.349612296862671
159.0, 4.3419645958870134
160.0, 4.334326472529743
161.0, 4.3266979775143195
162.0, 4.319079161858394
163.0, 4.3114700768752705
164.0, 4.303870774175361
165.0, 4.296281305667649
166.0, 4.288701723561147
167.0, 4.2811320803663495
168.0, 4.273572428896695
169.0, 4.266022822270014
170.0, 4.258483313909986
171.0, 4.2509539575475825
172.0, 4.243434807222524
173.0, 4.235925917284722
174.0, 4.228427342395714
175.0, 4.2209391375301175
176.0, 4.213461357977053
177.0, 4.205994059341583
178.0, 4.198537297546145
179.0, 4.1910911288319666
180.0, 4.183655609760496
181.0, 4.176230797214811
182.0, 4.168816748401034
183.0, 4.161413520849739
184.0, 4.154021172417348
185.0, 4.14663976128753
186.0, 4.139269345972589
187.0, 4.131909985314843
188.0, 4.1245617384880084
189.0, 4.117224664998552
190.0, 4.109898824687075
191.0, 4.102584277729648
192.0, 4.095281084639163
193.0, 4.087989306266673
194.0, 4.080709003802716
195.0, 4.073440238778638
196.0, 4.066183073067901
197.0, 4.058937568887379
198.0, 4.051703788798657
199.0, 4.0444817957093
200.0, 4.037271652874128
201.0, 4.030073423896466
202.0, 4.022887172729396
203.0, 4.015712963676982
204.0, 4.008550861395494
205.0, 4.001400930894613
206.0, 3.994263237538623
207.0, 3.9871378470475918
208.0, 3.980024825498531
209.0, 3.972924239326551
210.0, 3.9658361553259893
211.0, 3.9587606406515317
212.0, 3.951697762819312
213.0, 3.944647589707998
214.0, 3.937610189559856
215.0, 3.930585630981805
216.0, 3.923573982946439
217.0, 3.9165753147930484
218.0, 3.9095896962286054
219.0, 3.9026171973287394
220.0, 3.8956578885386866
221.0, 3.888711840674223
222.0, 3.881779124922571
223.0, 3.8748598128432863
224.0, 3.867953976369122
225.0, 3.8610616878068695
226.0, 3.854183019838172
227.0, 3.8473180455203178
228.0, 3.840466838287006
229.0, 3.8336294719490875
230.0, 3.826806020695277
231.0, 3.826806020695277
232.0, 3.826806020695277
233.0, 3.826806020695277
234.0, 3.826806020695277
235.0, 3.826806020695277
236.0, 3.826806020695277
237.0, 3.826806020695277
238.0, 3.826806020695277
239.0, 3.826806020695277
240.0, 3.826806020695277
241.0, 3.826806020695277
242.0, 3.826806020695277
243.0, 3.826806020695277
244.0, 3.826806020695277
245.0, 3.826806020695277
246.0, 3.826806020695277
247.0, 3.826806020695277
248.0, 3.826806020695277
249.0, 3.826806020695277
250.0, 3.826806020695277
251.0, 3.826806020695277
252.0, 3.826806020695277
253.0, 3.826806020695277
254.0, 3.826806020695277
255.0, 3.826806020695277
256.0, 3.826806020695277
257.0, 3.826806020695277
258.0, 3.826806020695277
259.0, 3.826806020695277
260.0, 3.826806020695277
261.0, 3.8336294719490875
262.0, 3.840466838287006
263.0, 3.8473180455203178
264.0, 3.854183019838172
265.0, 3.8610616878068695
266.0, 3.867953976369122
267.0, 3.8748598128432863
268.0, 3.881779124922571
269.0, 3.888711840674223
270.0, 3.8956578885386866
271.0, 3.9026171973287394
272.0, 3.9095896962286054
273.0, 3.9165753147930484
274.0, 3.923573982946439
275.0, 3.930585630981805
276.0, 3.937610189559856
277.0, 3.944647589707998
278.0, 3.951697762819312
279.0, 3.9587606406515317
280.0, 3.9658361553259893
281.0, 3.972924239326551
282.0, 3.980024825498531
ee_dist
0.0, 0.9879638043078819
1.0, 1.0090493633203015
2.0, 1.094556467615832
3.0, 1.1753901955496462
4.0, 1.2031973085335548
5.0, 1.2286138951064702
6.0, 1.262844999158328
7.0, 1.2994503364478434
8.0, 1.3363841703900492
9.0, 1.3712893297683333
10.0, 1.4101013795273922
11.0, 1.4449159502224624
12.0, 1.4760505602925564
13.0, 1.5120864161491785
14.0, 1.5383126535386824
15.0, 1.5649574552527055
16.0, 1.589893279437727
17.0, 1.617159275995294
18.0, 1.638395303225817
19.0, 1.6573339817658999
20.0, 1.6762805234320906
21.0, 1.6503004884319963
22.0, 1.614232534370031
23.0, 1.5750724038576873
24.0, 1.5323615182166739
25.0, 1.4863867651379667
26.0, 1.4369787527024436
27.0, 1.3845686931525325
28.0, 1.3291717178153248
29.0, 1.2711202798024084
30.0, 1.210538723541173
31.0, 1.147862897835761
32.0, 1.0833036872526391
33.0, 1.0162184475940719
34.0, 0.9491931422283751
35.0, 0.882320506774361
36.0, 0.8208177416174806
37.0, 0.7583942658188484
38.0, 0.6952858381923865
39.0, 0.6382941102675406
40.0, 0.5881162189594324
41.0, 0.6031155143807088
42.0, 0.7204327494823569
43.0, 1.0972324059285785
44.0, 1.055607026207855
45.0, 1.013065478618682
46.0, 0.9674564126128099
47.0, 0.9204199946604765
48.0, 0.8705780461489477
49.0, 0.8191465157026909
50.0, 0.7658249989971667
51.0, 0.7116573387437058
52.0, 0.6566578596691992
53.0, 0.6010101555761065
54.0, 0.5448884023146014
55.0, 0.48855270081982316
56.0, 0.43317874188272393
57.0, 0.37934319719826964
58.0, 0.42391602414915974
59.0, 0.494844208404502
60.0, 0.5754564471862539
61.0, 0.665350389208317
62.0, 0.7589590392206028
63.0, 0.8510531153105608
64.0, 0.9372966523543277
65.0, 1.0043056220517206
66.0, 1.0616150538506914
67.0, 1.1198837042997623
68.0, 1.173257566561111
69.0, 1.2259654509409639
70.0, 1.2787826520855339
71.0, 1.3298736076898632
72.0, 1.3853742810496383
73.0, 1.4464155921069757
74.0, 1.5120952223548898
75.0, 1.5888822400059255
76.0, 1.6749120908085413
77.0, 1.7703393257706934
78.0, 1.870092532087435
79.0, 1.969059771861049
80.0, 2.062815279287485
81.0, 2.141525849994275
82.0, 2.205410445586103
83.0, 2.268289656024491
84.0, 2.3285655988398535
85.0, 2.3880397897368604
86.0, 2.4368812231999812
87.0, 2.4653805975261265
88.0, 2.495889155336505
89.0, 2.5352672075992584
90.0, 2.585033582236317
91.0, 2.670375167688021
92.0, 2.762210192589873
93.0, 2.864813788205829
94.0, 2.9709042781057393
95.0, 3.0800144516377643
96.0, 3.1799920608986687
97.0, 3.2712692619778347
98.0, 3.3421568845174714
99.0, 3.4116414768587133
100.0, 3.4757491558731646
101.0, 3.540758365835424
102.0, 3.602483095291181
103.0, 3.6667191716492717
104.0, 3.728810437816722
105.0, 3.799535733033606
106.0, 3.8726984539560014
107.0, 3.9556363726653085
108.0, 4.045423733848552
109.0, 4.146615184154869
110.0, 4.252001198914462
111.0, 4.362346257906001
112.0, 4.463856197345968
113.0, 4.5598734055207535
114.0, 4.633448037045346
115.0, 4.704013064176257
116.0, 4.767405299456189
117.0, 4.832954279492768
118.0, 4.874556715547442
119.0, 4.918748818223392
120.0, 4.958800724155772
121.0, 5.000452113332787
122.0, 5.038484343521866
123.0, 5.077857520149508
124.0, 5.112140893431034
125.0, 5.147074278905868
126.0, 5.177542164895713
127.0, 5.208522119206722
128.0, 5.233702130658751
129.0, 5.25882579319931
130.0, 5.278895353389005
131.0, 5.298893627349502
132.0, 5.312647555394207
133.0, 5.325893218987207
134.0, 5.333764942002831
135.0, 5.341235914175365
136.0, 5.342293321143691
137.0, 5.342648716150169
138.0, 5.337580217300587
139.0, 5.3320455638261075
140.0, 5.320196433741712
141.0, 5.307715674894754
142.0, 5.290028784897487
143.0, 4.672547212961103
144.0, 4.6739622680292126
145.0, 4.673000539417769
146.0, 4.674073684833219
147.0, 4.672547112546563
148.0, 4.673962268563914
149.0, 4.673000739717425
150.0, 4.674073684833219
151.0, 4.672547212961103
152.0, 4.6739622680292126
153.0, 4.673000539417769
154.0, 4.674073684833219
155.0, 4.672547112546563
156.0, 4.673962268563914
157.0, 4.673000739717425
158.0, 4.674073684833219
159.0, 4.672547212961103
160.0, 4.6739622680292126
161.0, 4.673000539417769
162.0, 4.674073684833219
163.0, 4.672547112546563
164.0, 4.673962268563914
165.0, 4.673000739717425
166.0, 4.674073684833219
167.0, 4.672547212961103
168.0, 4.6739622680292126
169.0, 4.673000539417769
170.0, 4.674073684833219
171.0, 4.672547112546563
172.0, 4.673962268563914
173.0, 4.673000739717425
174.0, 4.674073684833219
175.0, 4.672547212961103
176.0, 4.6739622680292126
177.0, 4.673000539417769
178.0, 4.674073684833219
179.0, 4.672547112546563
180.0, 4.673962268563914
181.0, 4.673000739717425
182.0, 4.674073684833219
183.0, 4.672547212961103
184.0, 4.6739622680292126
185.0, 4.673000539417769
186.0, 4.674073684833219
187.0, 4.672547112546563
188.0, 4.673962268563914
189.0, 4.673000739717425
190.0, 4.674073684833219
191.0, 4.672547212961103
192.0, 4.6739622680292126
193.0, 4.673000539417769
194.0, 4.674073684833219
195.0, 4.672547112546563
196.0, 4.673962268563914
197.0, 4.673000739717425
198.0, 4.674073684833219
199.0, 4.672547212961103
200.0, 4.6739622680292126
201.0, 4.673000539417769
202.0, 4.674073684833219
203.0, 4.672547112546563
204.0, 4.673962268563914
205.0, 4.673000739717425
206.0, 4.674073684833219
207.0, 4.672547212961103
208.0, 4.6739622680292126
209.0, 4.673000539417769
210.0, 4.674073684833219
211.0, 4.672547112546563
212.0, 4.673962268563914
213.0, 4.673000739717425
214.0, 4.674073684833219
215.0, 4.672547212961103
216.0, 4.6739622680292126
217.0, 4.673000539417769
218.0, 4.674073684833219
219.0, 4.672547112546563
220.0, 4.673962268563914
221.0, 4.673000739717425
222.0, 4.674073684833219
223.0, 4.672547212961103
224.0, 4.6739622680292126
225.0, 4.673000539417769
226.0, 4.674073684833219
227.0, 4.672547112546563
228.0, 4.673962268563914
229.0, 4.673000739717425
230.0, 4.674073684833219
231.0, 4.672547212961103
232.0, 4.6739622680292126
233.0, 4.673000539417769
234.0, 4.674073684833219
235.0, 4.672547112546563
236.0, 4.673962268563914
237.0, 4.673000739717425
238.0, 4.674073684833219
239.0, 4.672547212961103
240.0, 4.6739622680292126
241.0, 4.673000539417769
242.0, 4.674073684833219
243.0, 4.6762459263192895
244.0, 4.680967097883531
245.0, 4.68675493760045
246.0, 4.694600911093306
247.0, 4.7036278023093265
248.0, 4.714761846930286
249.0, 4.727066894075263
250.0, 4.7414669669489955
251.0, 4.756915795624585
252.0, 4.774333940846393
253.0, 4.792557092141739
254.0, 4.8125145836102705
255.0, 4.8329551217113735
256.0, 4.854822376019946
257.0, 4.876831298898491
258.0, 4.899929772683313
259.0, 4.922853944653106
260.0, 4.946534448427159
261.0, 4.969765359640771
262.0, 4.993474934527109
263.0, 4.960131027402457
264.0, 4.918356524909742
265.0, 4.8753334990109245
266.0, 4.83090323503745
267.0, 4.78543276579592
268.0, 4.739210054628013
269.0, 4.692620216789247
270.0, 4.6459805035006605
271.0, 4.599708757723314
272.0, 4.554144558420648
273.0, 4.509726862337834
274.0, 4.466809394653463
275.0, 4.425821665224934
276.0, 4.387078979707384
277.0, 4.350961885001102
278.0, 4.317729796261876
279.0, 4.287824741670421
280.0, 4.2614498165156816
281.0, 4.239301096454384
282.0, 4.221676639133631
ee_box_dist
0.0, 0.7624030222030891
1.0, 0.8038547807833565
2.0, 0.8366787170922203
3.0, 0.871196843580089
4.0, 0.9066256313344496
5.0, 0.9435118332196681
6.0, 0.9813504794171671
7.0, 1.01749874533857
8.0, 1.0520882332841737
9.0, 1.0839936073179453
10.0, 1.119108542114279
11.0, 1.1501545873478314
12.0, 1.1775032095206757
13.0, 1.2097558225811451
14.0, 1.2325312604103575
15.0, 1.2558441109806462
16.0, 1.2776880083529363
17.0, 1.3021211843615081
18.0, 1.322969466435328
19.0, 1.3413337057223675
20.0, 1.3574908300014905
21.0, 1.3351309602396997
22.0, 1.3032724192532272
23.0, 1.260351731534587
24.0, 1.214542799426788
25.0, 1.1656727326224359
26.0, 1.117583503268213
27.0, 1.0689894858246236
28.0, 1.0101435194999102
29.0, 0.9536240604049644
30.0, 0.891613280835233
31.0, 0.8269444632984809
32.0, 0.7663096941471406
33.0, 0.7103600770167489
34.0, 0.6437390817004338
35.0, 0.5782236259592122
36.0, 0.5182910321263973
37.0, 0.46047022694952944
38.0, 0.38854360860383447
39.0, 0.3224468932047171
40.0, 0.25756096536791856
41.0, 0.2718190350053222
42.0, 0.28545636739213737
43.0, 0.29960186480174417
44.0, 0.3130586127093974
45.0, 0.3269977601077741
46.0, 0.34026053788892807
47.0, 0.3538961458950924
48.0, 0.36697027295897633
49.0, 0.3802107077691936
50.0, 0.39308844717835423
51.0, 0.4059192559375876
52.0, 0.4185045275304758
53.0, 0.4308890409791653
54.0, 0.4430334895540916
55.0, 0.45498377744924856
56.0, 0.46662065418702053
57.0, 0.4779581137492484
58.0, 0.48895610454462274
59.0, 0.4996643224193894
60.0, 0.5100134005585809
61.0, 0.5200809607049569
62.0, 0.5297869966232842
63.0, 0.5392106303968579
64.0, 0.5482690067807107
65.0, 0.5570384011087092
66.0, 0.5654571288397817
67.0, 0.5735744188232567
68.0, 0.5813368484801303
69.0, 0.5887814957633027
70.0, 0.5958605999807444
71.0, 0.6026074708148633
72.0, 0.608978479040721
73.0, 0.6150022088165388
74.0, 0.6206383680503451
75.0, 0.6259193679553677
76.0, 0.6307965155451919
77.0, 0.635301311384402
78.0, 0.6393950150411059
79.0, 0.6430994443229425
80.0, 0.6464110235441076
81.0, 0.6492853568106581
82.0, 0.6516950955090219
83.0, 0.6536809234130028
84.0, 0.6552167192957694
85.0, 0.6562776023312441
86.0, 0.677444197560301
87.0, 0.7235621726862799
88.0, 0.7631800806861812
89.0, 0.7971053495088428
90.0, 0.8234737293812383
91.0, 0.8208165725132813
92.0, 0.8226030285739173
93.0, 0.8214436878067053
94.0, 0.8227022977326943
95.0, 0.820880138437358
96.0, 0.822609319357331
97.0, 0.8214251242921635
98.0, 0.8227029823528579
99.0, 0.8208799509108163
100.0, 0.822608373014177
101.0, 0.821441148474081
102.0, 0.822727172522408
103.0, 0.8208743169009691
104.0, 0.8226057046660495
105.0, 0.821436808687818
106.0, 0.8227190800394364
107.0, 0.8208755547630142
108.0, 0.8226097416092912
109.0, 0.8214426209003941
110.0, 0.8227303836122517
111.0, 0.8208797491243683
112.0, 0.8226103773344183
113.0, 0.8214426850306284
114.0, 0.822730776023314
115.0, 0.8190427636785446
116.0, 0.8227665354942373
117.0, 0.8212143068496363
118.0, 0.8227212301681733
119.0, 0.8208583468199405
120.0, 0.8226018977974517
121.0, 0.8214425802158848
122.0, 0.8227153614786322
123.0, 0.8208668861317854
124.0, 0.8226390942899184
125.0, 0.8214463295513327
126.0, 0.822750391007746
127.0, 0.8208977795012724
128.0, 0.8226147760958755
129.0, 0.82144950706003
130.0, 0.8227361721306776
131.0, 0.8208869577559018
132.0, 0.8226158716707687
133.0, 0.8214503222753426
134.0, 0.8227370458756738
135.0, 0.8208878071241122
136.0, 0.8226165081246845
137.0, 0.8214508697694574
138.0, 0.8227377146921697
139.0, 0.8208887952650331
140.0, 0.8226175583521217
141.0, 0.8214521610519131
142.0, 0.8227387389809573
143.0, 1.5000344978626465
144.0, 1.498438013405661
145.0, 1.4995252320456298
146.0, 1.4983001851637676
147.0, 1.5000349566791575
148.0, 1.4984380281588567
149.0, 1.49952496634759
150.0, 1.4983002754856558
151.0, 1.5000350936914963
152.0, 1.498438734862088
153.0, 1.4995256236849321
154.0, 1.4983009589382805
155.0, 1.5000357802985314
156.0, 1.498439169857374
157.0, 1.4995260498158063
158.0, 1.498301139885334
159.0, 1.500035885358704
160.0, 1.4984395494058254
161.0, 1.4995267451260477
162.0, 1.4983018382459983
163.0, 1.5000365749005429
164.0, 1.4984398362454443
165.0, 1.4995269556414115
166.0, 1.4983022499850185
167.0, 1.5000371008547422
168.0, 1.4984403677481186
169.0, 1.4995277735006214
170.0, 1.4983027349787925
171.0, 1.500037585754418
172.0, 1.4984405401214054
173.0, 1.4995272886002597
174.0, 1.498302697049198
175.0, 1.5000373492223136
176.0, 1.4984406220223276
177.0, 1.4995277355997143
178.0, 1.4983027380349048
179.0, 1.500037734867907
180.0, 1.4984410364446168
181.0, 1.4995277414326962
182.0, 1.4983034157560389
183.0, 1.5000384065394559
184.0, 1.4984417403218722
185.0, 1.499528848286428
186.0, 1.4983035587658233
187.0, 1.5000386081832187
188.0, 1.4984422014723862
189.0, 1.4995287812412545
190.0, 1.498303990930813
191.0, 1.5000388886028495
192.0, 1.4984424471055628
193.0, 1.4995296807383443
194.0, 1.4983047705287413
195.0, 1.5000399897160697
196.0, 1.4984431570889125
197.0, 1.4995299409072445
198.0, 1.4983054921324528
199.0, 1.500040208964108
200.0, 1.4984435921593555
201.0, 1.4995310187079862
202.0, 1.4983063272532107
203.0, 1.5000413831497934
204.0, 1.4984446408563625
205.0, 1.4995316644335788
206.0, 1.498306862104575
207.0, 1.500041751540288
208.0, 1.498445172798422
209.0, 1.499532505835834
210.0, 1.4983075776778711
211.0, 1.50004255166161
212.0, 1.4984454995189602
213.0, 1.4995324442356417
214.0, 1.4983080858537678
215.0, 1.500042902380199
216.0, 1.4984464051991089
217.0, 1.499533604165444
218.0, 1.498308623540475
219.0, 1.5000438195917623
220.0, 1.4984470563928676
221.0, 1.4995340070643297
222.0, 1.498309528494513
223.0, 1.50004416147511
224.0, 1.4984475410198905
225.0, 1.4995344249361326
226.0, 1.498309558073299
227.0, 1.500044701844376
228.0, 1.498447780543699
229.0, 1.4995347635037632
230.0, 1.4983102030173985
231.0, 1.500045154153919
232.0, 1.4984485862368786
233.0, 1.4995358351344368
234.0, 1.4983107372975688
235.0, 1.5000458230628813
236.0, 1.4984487820813588
237.0, 1.4995356221800995
238.0, 1.498311371045223
239.0, 1.5000459868374596
240.0, 1.4984495618261597
241.0, 1.4995365189161218
242.0, 1.4983122236107975
243.0, 1.4986047995298155
244.0, 1.4983698071906737
245.0, 1.497318018653795
246.0, 1.494479618446251
247.0, 1.490638446597247
248.0, 1.4848389441645924
249.0, 1.477890708341326
250.0, 1.4688711460506936
251.0, 1.4587107541450932
252.0, 1.4464739483771352
253.0, 1.4332709068636844
254.0, 1.4180849302751624
255.0, 1.402209773794327
256.0, 1.3845088158185983
257.0, 1.36642197399055
258.0, 1.3466972676056206
259.0, 1.3268645695008405
260.0, 1.3055973923246944
261.0, 1.284465472404369
262.0, 1.2620720120924183
263.0, 1.3062162661351238
264.0, 1.360650908402608
265.0, 1.4141601891334943
266.0, 1.4669953178194783
267.0, 1.518833195455529
268.0, 1.5693941697880942
269.0, 1.6184388003090893
270.0, 1.6657366575931283
271.0, 1.7110885721608264
272.0, 1.7543001520066916
273.0, 1.7952082589374154
274.0, 1.8336450774080593
275.0, 1.8694779895309388
276.0, 1.9025598855259367
277.0, 1.9327862560406617
278.0, 1.9600239450128314
279.0, 1.9842018443789486
280.0, 2.0051989269374975
281.0, 2.0229873659212765
282.0, 2.0374662607049663
spot_hold
0, 0
1, 0
2, 0
3, 0
4, 0
5, 0
6, 0
7, 0
8, 0
9, 0
10, 0
11, 0
12, 0
13, 0
14, 0
15, 0
16, 0
17, 0
18, 0
19, 0
20, 0
21, 0
22, 0
23, 0
24, 0
25, 0
26, 0
27, 0
28, 0
29, 0
30, 0
31, 0
32, 0
33, 0
34, 0
35, 0
36, 0
37, 0
38, 0
39, 0
40, 0
41, 1
42, 1
43, 1
44, 1
45, 1
46, 1
47, 1
48, 1
49, 1
50, 1
51, 1
52, 1
53, 1
54, 1
55, 1
56, 1
57, 1
58, 1
59, 1
60, 1
61, 1
62, 1
63, 1
64, 1
65, 1
66, 1
67, 1
68, 1
69, 1
70, 1
71, 1
72, 1
73, 1
74, 1
75, 1
76, 1
77, 1
78, 1
79, 1
80, 1
81, 1
82, 1
83, 1
84, 1
85, 1
86, 1
87, 1
88, 1
89, 1
90, 1
91, 1
92, 1
93, 1
94, 1
95, 1
96, 1
97, 1
98, 1
99, 1
100, 1
101, 1
102, 1
103, 1
104, 1
105, 1
106, 1
107, 1
108, 1
109, 1
110, 1
111, 1
112, 1
113, 1
114, 1
115, 1
116, 1
117, 1
118, 1
119, 1
120, 1
121, 1
122, 1
123, 1
124, 1
125, 1
126, 1
127, 1
128, 1
129, 1
130, 1
131, 1
132, 1
133, 1
134, 1
135, 1
136, 1
137, 1
138, 1
139, 1
140, 1
141, 1
142, 1
143, 1
144, 1
145, 1
146, 1
147, 1
148, 1
149, 1
150, 1
151, 1
152, 1
153, 1
154, 1
155, 1
156, 1
157, 1
158, 1
159, 1
160, 1
161, 1
162, 1
163, 1
164, 1
165, 1
166, 1
167, 1
168, 1
169, 1
170, 1
171, 1
172, 1
173, 1
174, 1
175, 1
176, 1
177, 1
178, 1
179, 1
180, 1
181, 1
182, 1
183, 1
184, 1
185, 1
186, 1
187, 1
188, 1
189, 1
190, 1
191, 1
192, 1
193, 1
194, 1
195, 1
196, 1
197, 1
198, 1
199, 1
200, 1
201, 1
202, 1
203, 1
204, 1
205, 1
206, 1
207, 1
208, 1
209, 1
210, 1
211, 1
212, 1
213, 1
214, 1
215, 1
216, 1
217, 1
218, 1
219, 1
220, 1
221, 1
222, 1
223, 1
224, 1
225, 1
226, 1
227, 1
228, 1
229, 1
230, 1
231, 1
232, 1
233, 1
234, 1
235, 1
236, 1
237, 1
238, 1
239, 1
240, 1
241, 1
242, 1
243, 1
244, 1
245, 1
246, 1
247, 1
248, 1
249, 1
250, 1
251, 1
252, 1
253, 1
254, 1
255, 1
256, 1
257, 1
258, 1
259, 1
260, 1
261, 1
262, 1
263, 1
264, 1
265, 1
266, 1
267, 1
268, 1
269, 1
270, 1
271, 1
272, 1
273, 1
274, 1
275, 1
276, 1
277, 1
278, 1
279, 1
280, 1
281, 1
282, 1
