bot_dist
0.0, 2.9622519028357717
1.0, 2.9655311834655023
2.0, 2.9688405267905233
3.0, 2.972179832391832
4.0, 2.9755489993940656
5.0, 2.9789479264781873
6.0, 2.982376511894119
7.0, 2.985834653473322
8.0, 2.9893222486413125
9.0, 2.9928391944301205
10.0, 2.9963853874906823
11.0, 2.9999607241051707
12.0, 3.0035651001992503
13.0, 3.0071984113542665
14.0, 3.010860552819358
15.0, 3.014551419523498
16.0, 3.018270906087451
17.0, 3.0220189068356547
18.0, 3.025795315808019
19.0, 3.0296000267716376
20.0, 3.0334329332324197
21.0, 3.0372939284466294
22.0, 3.041182905432334
23.0, 3.0450997569807674
24.0, 3.049044375667592
25.0, 3.053016653864077
26.0, 3.0570164837481686
27.0, 3.0610437573154683
28.0, 3.065098366390117
29.0, 3.0691802026355677
30.0, 3.073289157565266
31.0, 3.077425122553223
32.0, 3.081587988844485
33.0, 3.085777647565497
34.0, 3.089993989734363
35.0, 3.0942369062709942
36.0, 3.0985062880071563
37.0, 3.102802025696395
38.0, 3.1071240100238673
39.0, 3.111472131616049
40.0, 3.115846281050338
41.0, 3.120246348864541
42.0, 3.124672225566253
43.0, 3.1291238016421143
44.0, 3.133600967566964
45.0, 3.1381036138128717
46.0, 3.142631630858058
47.0, 3.1471849091956967
48.0, 3.151763339342606
49.0, 3.156366811847818
50.0, 3.1609952173010387
51.0, 3.165648446340987
52.0, 3.1703263896636176
53.0, 3.1750289380302292
54.0, 3.179755869285387
55.0, 3.184507186174794
56.0, 3.1892827797110535
57.0, 3.194082541003372
58.0, 3.1989063612650783
59.0, 3.2037541318210327
60.0, 3.208625744114921
61.0, 3.2135210897164255
62.0, 3.2184400603282937
63.0, 3.223382547793275
64.0, 3.228348444100958
65.0, 3.2333376413944794
66.0, 3.2383500319771303
67.0, 3.2433855083188434
68.0, 3.248443963062563
69.0, 3.2535252890305113
70.0, 3.2586293792303325
71.0, 3.263756126861132
72.0, 3.268905425319404
73.0, 3.274077168204838
74.0, 3.279271249326034
75.0, 3.2844875627060865
76.0, 3.289726002588079
77.0, 3.2949864634404564
78.0, 3.300268839962296
79.0, 3.3055730270884722
80.0, 3.3108989199947105
81.0, 3.316246414102542
82.0, 3.321615405084147
83.0, 3.3270057888671016
84.0, 3.3324174616390168
85.0, 3.3378503198520706
86.0, 3.3433042602274545
87.0, 3.3487791797597017
88.0, 3.3542749757209225
89.0, 3.359791545664949
90.0, 3.3653287874313658
91.0, 3.370886599149457
92.0, 3.3764648792420537
93.0, 3.382063526429278
94.0, 3.3876824397322087
95.0, 3.3933215184764354
96.0, 3.3989806622955365
97.0, 3.404659771134454
98.0, 3.4103587452527866
99.0, 3.416077485227982
100.0, 3.421815891958455
101.0, 3.421815891958455
102.0, 3.421815891958455
103.0, 3.421815891958455
104.0, 3.421815891958455
105.0, 3.421815891958455
106.0, 3.421815891958455
107.0, 3.421815891958455
108.0, 3.421815891958455
109.0, 3.421815891958455
110.0, 3.421815891958455
111.0, 3.421815891958455
112.0, 3.421815891958455
113.0, 3.421815891958455
114.0, 3.421815891958455
115.0, 3.421815891958455
116.0, 3.421815891958455
117.0, 3.421815891958455
118.0, 3.421815891958455
119.0, 3.421815891958455
120.0, 3.421815891958455
121.0, 3.421815891958455
122.0, 3.421815891958455
123.0, 3.421815891958455
124.0, 3.421815891958455
125.0, 3.421815891958455
126.0, 3.421815891958455
127.0, 3.421815891958455
128.0, 3.421815891958455
129.0, 3.421815891958455
130.0, 3.421815891958455
131.0, 3.416077485227982
132.0, 3.4103587452527866
133.0, 3.404659771134454
134.0, 3.3989806622955365
135.0, 3.3933215184764354
136.0, 3.3876824397322087
137.0, 3.382063526429278
138.0, 3.3764648792420537
139.0, 3.370886599149457
140.0, 3.3653287874313658
141.0, 3.359791545664949
142.0, 3.3542749757209225
143.0, 3.3536228915928876
144.0, 3.348155892529324
145.0, 3.342709868050225
146.0, 3.337284920839155
147.0, 3.3318811538497277
148.0, 3.3264986703012682
149.0, 3.32113757367438
150.0, 3.3157979677064047
151.0, 3.2277622538689945
152.0, 3.139830306700671
153.0, 3.0520110951255828
154.0, 2.964314638695146
155.0, 2.8767521638323426
156.0, 2.7893362883605204
157.0, 2.7020812403654104
158.0, 2.6150031189318983
159.0, 2.5281202062068737
160.0, 2.441453342695385
161.0, 2.355026380872304
162.0, 2.268866736317844
163.0, 2.1830060609750306
164.0, 2.09748107020228
165.0, 2.01233456462367
166.0, 1.9276167001300906
167.0, 1.9235836347848065
168.0, 1.8416284585640996
169.0, 1.760505654669578
170.0, 1.6803356582246987
171.0, 1.6012615876011003
172.0, 1.5234541026889041
173.0, 1.4471175202864504
174.0, 1.444589626640859
175.0, 1.3740724141628153
176.0, 1.3060891085635251
177.0, 1.3044645919377238
178.0, 1.302914766740571
179.0, 1.301439939573624
180.0, 1.3000403656808266
181.0, 1.2588015107941433
182.0, 1.2581229111719834
183.0, 1.2575234728662101
184.0, 1.2570033091279034
185.0, 1.2565625184060216
186.0, 1.2562011842545946
187.0, 1.2559193752537563
188.0, 1.1912245826949905
189.0, 1.1915283321938879
190.0, 1.1263467106891456
191.0, 1.0646601745705224
192.0, 1.0071111608603989
193.0, 0.9544483860950221
194.0, 0.9075228820729389
195.0, 0.8672664352027706
196.0, 0.8346445867250547
197.0, 0.8105796265921821
198.0, 0.795848166624748
199.0, 0.7909718743232226
200.0, 0.7961318584239541
201.0, 0.8111366064982727
202.0, 0.8354558523239011
203.0, 0.868307316760458
204.0, 0.908766163473313
205.0, 0.9558668902023073
206.0, 1.0086794892694226
207.0, 1.0663556352068406
208.0, 1.1281496344806008
209.0, 1.193422005493786
210.0, 1.2616329882306003
211.0, 1.3323313173393871
212.0, 1.4051415977444075
213.0, 1.4145978917356798
214.0, 1.484735825260925
215.0, 1.5567540208434256
216.0, 1.5659973945234242
217.0, 1.5752500141410921
218.0, 1.5845117177238695
219.0, 1.5937823469069925
220.0, 1.603061746838173
221.0, 1.6123497660851152
222.0, 1.62164625654579
223.0, 1.630951073361369
224.0, 1.640264074831735
225.0, 1.6495851223334888
226.0, 1.6589140802403701
227.0, 1.6682508158460148
228.0, 1.6775951992889737
229.0, 1.686947103479925
230.0, 1.6963064040310005
231.0, 1.6963064040310005
232.0, 1.6963064040310005
233.0, 1.6963064040310005
234.0, 1.6963064040310005
235.0, 1.6963064040310005
236.0, 1.6963064040310005
237.0, 1.6963064040310005
238.0, 1.6963064040310005
239.0, 1.6963064040310005
240.0, 1.6963064040310005
241.0, 1.6963064040310005
242.0, 1.6963064040310005
243.0, 1.6963064040310005
244.0, 1.6963064040310005
245.0, 1.6963064040310005
246.0, 1.6963064040310005
247.0, 1.6963064040310005
248.0, 1.6963064040310005
249.0, 1.6963064040310005
250.0, 1.6963064040310005
251.0, 1.6963064040310005
252.0, 1.6963064040310005
253.0, 1.6963064040310005
254.0, 1.6963064040310005
255.0, 1.6963064040310005
256.0, 1.6963064040310005
257.0, 1.6963064040310005
258.0, 1.6963064040310005
259.0, 1.6963064040310005
260.0, 1.6963064040310005
261.0, 1.686947103479925
262.0, 1.6775951992889737
263.0, 1.6682508158460148
264.0, 1.6589140802403701
265.0, 1.6495851223334888
266.0, 1.640264074831735
267.0, 1.630951073361369
268.0, 1.62164625654579
269.0, 1.6123497660851152
270.0, 1.603061746838173
271.0, 1.5937823469069925
272.0, 1.5845117177238695
273.0, 1.5752500141410921
274.0, 1.5659973945234242
275.0, 1.5567540208434256
276.0, 1.5475200587797147
277.0, 1.5382956778182624
278.0, 1.529081051356828
279.0, 1.5198763568126308
280.0, 1.5106817757333761
281.0, 1.5014974939117403
282.0, 1.492323701503432
ee_dist
0.0, 0.831039369802224
1.0, 0.8200526825196622
2.0, 0.8851431679889183
3.0, 0.955981455334003
4.0, 0.9803694111775003
5.0, 1.0053358907731567
6.0, 1.0408757064229457
7.0, 1.0784171580024426
8.0, 1.115476092710165
9.0, 1.1515452565304845
10.0, 1.1868933975589844
11.0, 1.2198988696382331
12.0, 1.2548682106262494
13.0, 1.284779052059318
14.0, 1.3104744583627337
15.0, 1.335425824059014
16.0, 1.3596629320280824
17.0, 1.3808297786145738
18.0, 1.4018895993708884
19.0, 1.4200196862966714
20.0, 1.438510372487281
21.0, 1.4163115897233673
22.0, 1.3845347545188116
23.0, 1.3499323302025519
24.0, 1.3120156680526116
25.0, 1.270947655054596
26.0, 1.226712433103185
27.0, 1.1794953997519388
28.0, 1.1292938511000332
29.0, 1.076353342017009
30.0, 1.0206908671850776
31.0, 0.9626212767810456
32.0, 0.9021946434516852
33.0, 0.8398099797710973
34.0, 0.775587962515569
35.0, 0.710084336846053
36.0, 0.6436106588032401
37.0, 0.5770626212185601
38.0, 0.5112159121402163
39.0, 0.44764225643887917
40.0, 0.38839409590465973
41.0, 0.40450043265285923
42.0, 0.6447670197369757
43.0, 1.259946593153489
44.0, 1.2226735605545986
45.0, 1.184194852096721
46.0, 1.1434010845268194
47.0, 1.0999592121481254
48.0, 1.0542427219743813
49.0, 1.005967763406275
50.0, 0.955855659973278
51.0, 0.9041789899348376
52.0, 0.8511932040472298
53.0, 0.7968956083167293
54.0, 0.7413757164118987
55.0, 0.6847190013182977
56.0, 0.6277212275461928
57.0, 0.5705841193780273
58.0, 0.6292461848816086
59.0, 0.7066290826037056
60.0, 0.7924939121054302
61.0, 0.8863022704249881
62.0, 0.9823536122769538
63.0, 1.0755355048754542
64.0, 1.1620700687147445
65.0, 1.2284721370830556
66.0, 1.284153781034551
67.0, 1.3412455852740084
68.0, 1.3939943445820293
69.0, 1.4464906826067847
70.0, 1.4996091785255283
71.0, 1.5511086538934191
72.0, 1.6083228851426987
73.0, 1.6705647265547139
74.0, 1.7376113045858523
75.0, 1.8156728396804616
76.0, 1.9029223473482324
77.0, 1.9994527917296268
78.0, 2.100037645226493
79.0, 2.199471592740619
80.0, 2.293394363490503
81.0, 2.3719054445738808
82.0, 2.4353007430475495
83.0, 2.4974893481887217
84.0, 2.5573634197842847
85.0, 2.6166065418388023
86.0, 2.6657660433647044
87.0, 2.694499833619689
88.0, 2.725051053324665
89.0, 2.7651961189609864
90.0, 2.812547204845663
91.0, 2.897724651712807
92.0, 2.992215024274328
93.0, 3.094439792636064
94.0, 3.2015944856923055
95.0, 3.3296344014097916
96.0, 3.40958719963463
97.0, 3.50092368430127
98.0, 3.5732864311922925
99.0, 3.6407047717782683
100.0, 3.7056656675647734
101.0, 3.7694574209198044
102.0, 3.8327990332636106
103.0, 3.8955507082310996
104.0, 3.958304367549802
105.0, 4.028424402509462
106.0, 4.106286168724625
107.0, 4.185386823010847
108.0, 4.276050938410796
109.0, 4.376799565940493
110.0, 4.484265546142442
111.0, 4.593222942154635
112.0, 4.695875303511031
113.0, 4.790782853242345
114.0, 4.865937795947081
115.0, 4.913510041067148
116.0, 4.958877703428431
117.0, 5.004137554302374
118.0, 5.048251703961635
119.0, 5.090075213779952
120.0, 5.12915932984128
121.0, 5.166505124464669
122.0, 5.201866814251646
123.0, 5.234138378368561
124.0, 5.262424383824369
125.0, 5.288784778588162
126.0, 5.312438614181894
127.0, 5.3323675891977285
128.0, 5.348270255639105
129.0, 5.361264020683118
130.0, 5.37124318922387
131.0, 5.377266111946279
132.0, 5.378614202464125
133.0, 5.377402314715444
134.0, 5.373027531205997
135.0, 5.3646359735377285
136.0, 5.352080648328849
137.0, 5.336576866994663
138.0, 5.318164799179169
139.0, 5.278902384571496
140.0, 5.277990215458861
141.0, 5.27809654591888
142.0, 5.278638658472161
143.0, 4.648436179801108
144.0, 4.637664571351375
145.0, 4.628811690293458
146.0, 4.621926528957439
147.0, 4.618035322732058
148.0, 4.617970249320744
149.0, 4.619357083387201
150.0, 4.62285686208157
151.0, 4.540428368122021
152.0, 4.441383371978957
153.0, 4.378400353647612
154.0, 4.294335256474035
155.0, 4.1942426233909496
156.0, 4.132173655174338
157.0, 4.048248342038033
158.0, 3.965732753037277
159.0, 3.883686532021389
160.0, 3.8023240112806604
161.0, 3.72050381436845
162.0, 3.6382226959183783
163.0, 3.55641131255393
164.0, 3.4760616320167683
165.0, 3.3943516641262406
166.0, 3.3123533885038965
167.0, 3.3206894367795545
168.0, 3.2419640512961663
169.0, 3.162870401976208
170.0, 3.0834648612575823
171.0, 3.004709417561757
172.0, 2.9273983808510615
173.0, 2.84920147667629
174.0, 2.8610322986569727
175.0, 2.7862721092988143
176.0, 2.7126727699062005
177.0, 2.7281253232012257
178.0, 2.7453433155725726
179.0, 2.765003200742125
180.0, 2.7873994511021025
181.0, 2.7327170094947983
182.0, 2.710209270206343
183.0, 2.6898460091312333
184.0, 2.6721007831743813
185.0, 2.656050800790491
186.0, 2.64180785861647
187.0, 2.63041030717768
188.0, 2.552452081998457
189.0, 2.5434110395162812
190.0, 2.4618982019009588
191.0, 2.3810434254939077
192.0, 2.301081002626283
193.0, 2.2207289356361324
194.0, 2.140048357129719
195.0, 2.0600503897178397
196.0, 1.9815129188687843
197.0, 1.9021548198548464
198.0, 1.8226714277645237
199.0, 1.7440895154970375
200.0, 1.6666672885841913
201.0, 1.589208888219143
202.0, 1.5118323026172646
203.0, 1.435604773546947
204.0, 1.3613437878227899
205.0, 1.2869878918658437
206.0, 1.2133468473418556
207.0, 1.1415865173296953
208.0, 1.072136152411456
209.0, 1.0042036045262546
210.0, 0.9382739502171257
211.0, 0.8757882386759422
212.0, 0.81793199406591
213.0, 0.7976241862335524
214.0, 0.7366479661654436
215.0, 0.6809642356787426
216.0, 0.6603312950508005
217.0, 0.6416842411623963
218.0, 0.6252069129094062
219.0, 0.6121827038979084
220.0, 0.6036665003658803
221.0, 0.5976217818728661
222.0, 0.5947255762774765
223.0, 0.5961698377534557
224.0, 0.6020244083624913
225.0, 0.610922846842063
226.0, 0.6226602359626899
227.0, 0.6379914960516256
228.0, 0.6569700092562867
229.0, 0.6569122204890789
230.0, 0.6564263481314995
231.0, 0.656357117936872
232.0, 0.6567584006956592
233.0, 0.6567751560505716
234.0, 0.6563200637162845
235.0, 0.6562321183891489
236.0, 0.6569699615987761
237.0, 0.6569122204890789
238.0, 0.6564263481314995
239.0, 0.6563575689262211
240.0, 0.6567583702808694
241.0, 0.6567747050080025
242.0, 0.6563200637162845
243.0, 0.6650767063848272
244.0, 0.6789659383351059
245.0, 0.6937846999508314
246.0, 0.7101375584497908
247.0, 0.7272159315494638
248.0, 0.752877245650621
249.0, 0.7774172054578967
250.0, 0.8012308492993936
251.0, 0.824737294081673
252.0, 0.8483236896604354
253.0, 0.8714464282128779
254.0, 0.8948216439645663
255.0, 0.91762888865229
256.0, 0.9406532447322759
257.0, 0.9629900000732013
258.0, 0.9853948431421148
259.0, 1.0069978038927392
260.0, 1.028500066663586
261.0, 1.0491053829536228
262.0, 1.0694656927351143
263.0, 1.0474218958799093
264.0, 1.0207429955175082
265.0, 0.9928177065001549
266.0, 0.9634665057672815
267.0, 0.9329004249096199
268.0, 0.901185522243831
269.0, 0.868568108607638
270.0, 0.8351381986295767
271.0, 0.8012015715310433
272.0, 0.7668911840294184
273.0, 0.7325874434543049
274.0, 0.6984909909134808
275.0, 0.6650622070365281
276.0, 0.6325523914970094
277.0, 0.6014872723556579
278.0, 0.5721671370041456
279.0, 0.5453684523113725
280.0, 0.521470711688593
281.0, 0.5018229690393683
282.0, 0.4939479866548237
ee_box_dist
0.0, 0.9250172956200409
1.0, 0.957035748095835
2.0, 0.9892325524136881
3.0, 1.0219167841707655
4.0, 1.0562312062437151
5.0, 1.0923059992559248
6.0, 1.129291293942124
7.0, 1.1633742806420415
8.0, 1.196067097677753
9.0, 1.2274277064915944
10.0, 1.2577054812119326
11.0, 1.285786938401908
12.0, 1.3160990399314023
13.0, 1.3416503906771333
14.0, 1.3632404806577307
15.0, 1.3843952806066346
16.0, 1.4051232125428688
17.0, 1.423046173884768
18.0, 1.4411226934414605
19.0, 1.4565084109558084
20.0, 1.4724740992748977
21.0, 1.4475068828679691
22.0, 1.412593971084339
23.0, 1.3748024472908855
24.0, 1.3336777402382285
25.0, 1.289427978372445
26.0, 1.2420925561659246
27.0, 1.1919056854203942
28.0, 1.138928901821865
29.0, 1.083469505128074
30.0, 1.0256264371246726
31.0, 0.9657994763034538
32.0, 0.904145284002471
33.0, 0.8411693373221808
34.0, 0.7771396620936151
35.0, 0.712853502747425
36.0, 0.6489392620807223
37.0, 0.5868945775193244
38.0, 0.5280953452719824
39.0, 0.4748244392195411
40.0, 0.4298649339543477
41.0, 0.4423353305941218
42.0, 0.4525915401667709
43.0, 0.46248824047696946
44.0, 0.47698093761074445
45.0, 0.4900984372339219
46.0, 0.5032103555333397
47.0, 0.5165192421429353
48.0, 0.5296208655103841
49.0, 0.5428477445491527
50.0, 0.5558610272150875
51.0, 0.5689007817586947
52.0, 0.5817086077860001
53.0, 0.5944635582251648
54.0, 0.6070320515722267
55.0, 0.6195391142718532
56.0, 0.6318678093583161
57.0, 0.6441309851955074
58.0, 0.656191604584914
59.0, 0.6681009461703923
60.0, 0.6797809719778876
61.0, 0.6912502801629709
62.0, 0.7024647476423214
63.0, 0.7134300442935612
64.0, 0.7241068625883987
65.0, 0.7345030814823811
66.0, 0.7445760511671626
67.0, 0.7543411177867908
68.0, 0.7637582750740994
69.0, 0.7728497867720477
70.0, 0.7815789801894956
71.0, 0.7899650433215256
72.0, 0.7979623142082956
73.0, 0.805603797553848
74.0, 0.8128719906719379
75.0, 0.8197443816433259
76.0, 0.8262088288227901
77.0, 0.8322733364140729
78.0, 0.8379132793043792
79.0, 0.8431342823797817
80.0, 0.8479126482450463
81.0, 0.8522526101906444
82.0, 0.8561310078119146
83.0, 0.8595466562011663
84.0, 0.8624896355609406
85.0, 0.8649512005134817
86.0, 0.882691398531438
87.0, 0.9250532763471088
88.0, 0.9638588757564873
89.0, 0.9969309101758915
90.0, 1.0263718999169509
91.0, 1.0245561740739872
92.0, 1.0239939232901742
93.0, 1.0238813774108182
94.0, 1.0245141385111434
95.0, 1.0023600641591666
96.0, 1.0259757338933704
97.0, 1.0246667989366367
98.0, 1.0240690928800433
99.0, 1.0239639631029718
100.0, 1.0243860693943805
101.0, 1.024376527041782
102.0, 1.023792882687846
103.0, 1.0236394585312547
104.0, 1.0249349877445892
105.0, 1.0246701370149078
106.0, 1.0210769656899703
107.0, 1.0239700449629647
108.0, 1.024953991255098
109.0, 1.024669149224206
110.0, 1.0240275939631243
111.0, 1.0239204432380626
112.0, 1.024451009056563
113.0, 1.0244544841493952
114.0, 1.0238506223622494
115.0, 1.0237131951148066
116.0, 1.024802649998787
117.0, 1.0246668992336594
118.0, 1.0240182885630231
119.0, 1.0239100026348744
120.0, 1.0244686551707414
121.0, 1.0244753501743007
122.0, 1.023866397904806
123.0, 1.0237327449439149
124.0, 1.024758752085128
125.0, 1.0246561583893594
126.0, 1.0240134365392193
127.0, 1.0239052292406918
128.0, 1.0244621744104419
129.0, 1.0244753204773296
130.0, 1.0238583102930683
131.0, 1.023731640104792
132.0, 1.0247598638012487
133.0, 1.024662515605138
134.0, 1.0240063110357882
135.0, 1.0238994492673203
136.0, 1.024464513356594
137.0, 1.0244664512796913
138.0, 1.023858963946022
139.0, 1.0237301040735751
140.0, 1.0247514465862115
141.0, 1.0246505449915724
142.0, 1.0240005398114491
143.0, 1.7459967445642977
144.0, 1.7457307751131323
145.0, 1.7441957603522322
146.0, 1.7412594311578582
147.0, 1.7361342473199544
148.0, 1.7280655350851775
149.0, 1.719312136175621
150.0, 1.7091228870302186
151.0, 1.7840982260545428
152.0, 1.8735007871346976
153.0, 1.9337843739961287
154.0, 2.012137011347141
155.0, 2.1049838988564713
156.0, 2.1653162924320855
157.0, 2.2451606459710334
158.0, 2.324098615636834
159.0, 2.403052761348499
160.0, 2.481687604120405
161.0, 2.5611068065655784
162.0, 2.6412234590908903
163.0, 2.721234783255643
164.0, 2.8001361141795647
165.0, 2.880600992355684
166.0, 2.9615515710447844
167.0, 2.9535496215989094
168.0, 3.0320912917739262
169.0, 3.111439026845542
170.0, 3.191464768446116
171.0, 3.2713324123777423
172.0, 3.350194890669273
173.0, 3.430388707978847
174.0, 3.4218736454594265
175.0, 3.5005093835789007
176.0, 3.578669093963523
177.0, 3.5679810775323673
178.0, 3.55572492169011
179.0, 3.541166942669882
180.0, 3.5237340011025338
181.0, 3.5918986333676868
182.0, 3.608625624043385
183.0, 3.6231232421463493
184.0, 3.6349795266891722
185.0, 3.6453750563806677
186.0, 3.654179769435237
187.0, 3.6605018362942356
188.0, 3.7413892327653127
189.0, 3.7454240194611184
190.0, 3.828585263135971
191.0, 3.911340534113859
192.0, 3.9934024953531027
193.0, 4.0761081017210135
194.0, 4.15935120575514
195.0, 4.242237862408758
196.0, 4.323955942562942
197.0, 4.406858598724377
198.0, 4.490234055703432
199.0, 4.573184185948777
200.0, 4.655428587792069
201.0, 4.7383070312686355
202.0, 4.82171969052859
203.0, 4.904761226012911
204.0, 4.986622788526937
205.0, 5.069664285245545
206.0, 5.153176919784392
207.0, 5.236252112945731
208.0, 5.318614829377758
209.0, 5.401605244734764
210.0, 5.48513015836104
211.0, 5.568274563861746
212.0, 5.650230589042644
213.0, 5.651423929553107
214.0, 5.735035015257205
215.0, 5.818200918774702
216.0, 5.81642458691579
217.0, 5.812981936988832
218.0, 5.8077851043239574
219.0, 5.799964183960269
220.0, 5.788875456394975
221.0, 5.776741891755686
222.0, 5.762935230167809
223.0, 5.746750917644074
224.0, 5.7281658525077255
225.0, 5.708288666848528
226.0, 5.687088439951935
227.0, 5.664095247722698
228.0, 5.639165744618204
229.0, 5.639222951532801
230.0, 5.639498573525306
231.0, 5.639561750236842
232.0, 5.639295401154095
233.0, 5.63930666039701
234.0, 5.639563460881135
235.0, 5.639637906204317
236.0, 5.639165854602868
237.0, 5.639222951532801
238.0, 5.639498573525306
239.0, 5.639561328857759
240.0, 5.63929539162515
241.0, 5.63930708175553
242.0, 5.639563460881135
243.0, 5.638745950995353
244.0, 5.637665501133838
245.0, 5.636148552926234
246.0, 5.633901227725121
247.0, 5.631140652786199
248.0, 5.624388147842628
249.0, 5.6168349526779116
250.0, 5.609783434990757
251.0, 5.602345008941729
252.0, 5.594306924898858
253.0, 5.585858801390167
254.0, 5.576647301121612
255.0, 5.5671100472875095
256.0, 5.5568290973945444
257.0, 5.54641443495159
258.0, 5.535376291706687
259.0, 5.524421872734993
260.0, 5.512993588244847
261.0, 5.501850162997801
262.0, 5.490384324270584
263.0, 5.511131959256574
264.0, 5.537363548876295
265.0, 5.563977784365003
266.0, 5.5910408678011505
267.0, 5.618315767815719
268.0, 5.645584508318543
269.0, 5.672624862350483
270.0, 5.699227362350825
271.0, 5.725178459558941
272.0, 5.750282621515239
273.0, 5.774340727171723
274.0, 5.797174185515844
275.0, 5.818626075469022
276.0, 5.838592477253992
277.0, 5.856987943216052
278.0, 5.873794018499055
279.0, 5.888798726224288
280.0, 5.902045637586666
281.0, 5.912903510626282
282.0, 5.92032961579225
spot_hold
0, 0
1, 0
2, 0
3, 0
4, 0
5, 0
6, 0
7, 0
8, 0
9, 0
10, 0
11, 0
12, 0
13, 0
14, 0
15, 0
16, 0
17, 0
18, 0
19, 0
20, 0
21, 0
22, 0
23, 0
24, 0
25, 0
26, 0
27, 0
28, 0
29, 0
30, 0
31, 0
32, 0
33, 0
34, 0
35, 0
36, 0
37, 0
38, 0
39, 0
40, 0
41, 1
42, 1
43, 1
44, 1
45, 1
46, 1
47, 1
48, 1
49, 1
50, 1
51, 1
52, 1
53, 1
54, 1
55, 1
56, 1
57, 1
58, 1
59, 1
60, 1
61, 1
62, 1
63, 1
64, 1
65, 1
66, 1
67, 1
68, 1
69, 1
70, 1
71, 1
72, 1
73, 1
74, 1
75, 1
76, 1
77, 1
78, 1
79, 1
80, 1
81, 1
82, 1
83, 1
84, 1
85, 1
86, 1
87, 1
88, 1
89, 1
90, 1
91, 1
92, 1
93, 1
94, 1
95, 1
96, 1
97, 1
98, 1
99, 1
100, 1
101, 1
102, 1
103, 1
104, 1
105, 1
106, 1
107, 1
108, 1
109, 1
110, 1
111, 1
112, 1
113, 1
114, 1
115, 1
116, 1
117, 1
118, 1
119, 1
120, 1
121, 1
122, 1
123, 1
124, 1
125, 1
126, 1
127, 1
128, 1
129, 1
130, 1
131, 1
132, 1
133, 1
134, 1
135, 1
136, 1
137, 1
138, 1
139, 1
140, 1
141, 1
142, 1
143, 1
144, 1
145, 1
146, 1
147, 1
148, 1
149, 1
150, 1
151, 1
152, 1
153, 1
154, 1
155, 1
156, 1
157, 1
158, 1
159, 1
160, 1
161, 1
162, 1
163, 1
164, 1
165, 1
166, 1
167, 1
168, 1
169, 1
170, 1
171, 1
172, 1
173, 1
174, 1
175, 1
176, 1
177, 1
178, 1
179, 1
180, 1
181, 1
182, 1
183, 1
184, 1
185, 1
186, 1
187, 1
188, 1
189, 1
190, 1
191, 1
192, 1
193, 1
194, 1
195, 1
196, 1
197, 1
198, 1
199, 1
200, 1
201, 1
202, 1
203, 1
204, 1
205, 1
206, 1
207, 1
208, 1
209, 1
210, 1
211, 1
212, 1
213, 1
214, 1
215, 1
216, 1
217, 1
218, 1
219, 1
220, 1
221, 1
222, 1
223, 1
224, 1
225, 1
226, 1
227, 1
228, 1
229, 1
230, 1
231, 1
232, 1
233, 1
234, 1
235, 1
236, 1
237, 1
238, 1
239, 1
240, 1
241, 1
242, 1
243, 1
244, 1
245, 1
246, 1
247, 1
248, 1
249, 1
250, 1
251, 1
252, 1
253, 1
254, 1
255, 1
256, 1
257, 1
258, 1
259, 1
260, 1
261, 1
262, 1
263, 1
264, 1
265, 1
266, 1
267, 1
268, 1
269, 1
270, 1
271, 1
272, 1
273, 1
274, 1
275, 1
276, 1
277, 1
278, 1
279, 1
280, 1
281, 1
282, 1
