bot_dist
0.0, 3.826806020695277
1.0, 3.8336294719490875
2.0, 3.840466838287006
3.0, 3.8473180455203178
4.0, 3.854183019838172
5.0, 3.8610616878068695
6.0, 3.867953976369122
7.0, 3.8748598128432863
8.0, 3.881779124922571
9.0, 3.888711840674223
10.0, 3.8956578885386866
11.0, 3.9026171973287394
12.0, 3.9095896962286054
13.0, 3.9165753147930484
14.0, 3.923573982946439
15.0, 3.930585630981805
16.0, 3.937610189559856
17.0, 3.944647589707998
18.0, 3.951697762819312
19.0, 3.9587606406515317
20.0, 3.9658361553259893
21.0, 3.972924239326551
22.0, 3.980024825498531
23.0, 3.9871378470475918
24.0, 3.994263237538623
25.0, 4.001400930894613
26.0, 4.008550861395494
27.0, 4.015712963676982
28.0, 4.022887172729396
29.0, 4.030073423896466
30.0, 4.037271652874128
31.0, 4.0444817957093
32.0, 4.051703788798657
33.0, 4.058937568887379
34.0, 4.066183073067901
35.0, 4.073440238778638
36.0, 4.080709003802716
37.0, 4.087989306266673
38.0, 4.095281084639163
39.0, 4.102584277729648
40.0, 4.109898824687075
41.0, 4.117224664998552
42.0, 4.1245617384880084
43.0, 4.131909985314843
44.0, 4.139269345972589
45.0, 4.14663976128753
46.0, 4.154021172417348
47.0, 4.161413520849739
48.0, 4.168816748401034
49.0, 4.176230797214811
50.0, 4.183655609760496
51.0, 4.1910911288319666
52.0, 4.198537297546145
53.0, 4.205994059341583
54.0, 4.213461357977053
55.0, 4.2209391375301175
56.0, 4.228427342395714
57.0, 4.235925917284722
58.0, 4.243434807222524
59.0, 4.2509539575475825
60.0, 4.258483313909986
61.0, 4.266022822270014
62.0, 4.273572428896695
63.0, 4.2811320803663495
64.0, 4.288701723561147
65.0, 4.296281305667649
66.0, 4.303870774175361
67.0, 4.3114700768752705
68.0, 4.319079161858394
69.0, 4.3266979775143195
70.0, 4.334326472529743
71.0, 4.3419645958870134
72.0, 4.349612296862671
73.0, 4.357269525025985
74.0, 4.364936230237496
75.0, 4.37261236264755
76.0, 4.380297872694847
77.0, 4.387992711104969
78.0, 4.39569682888893
79.0, 4.403410177341716
80.0, 4.411132708040818
81.0, 4.41886437284479
82.0, 4.426605123891781
83.0, 4.434354913598086
84.0, 4.442113694656693
85.0, 4.449881420035832
86.0, 4.457658042977525
87.0, 4.465443516996141
88.0, 4.473237795876945
89.0, 4.4810408336746645
90.0, 4.48885258471204
91.0, 4.496673003578393
92.0, 4.504502045128187
93.0, 4.5123396644795974
94.0, 4.520185817013079
95.0, 4.528040458369942
96.0, 4.535903544450928
97.0, 4.543775031414786
98.0, 4.551654875676858
99.0, 4.559543033907666
100.0, 4.567439463031497
101.0, 4.567439463031497
102.0, 4.567439463031497
103.0, 4.567439463031497
104.0, 4.567439463031497
105.0, 4.567439463031497
106.0, 4.567439463031497
107.0, 4.567439463031497
108.0, 4.567439463031497
109.0, 4.567439463031497
110.0, 4.567439463031497
111.0, 4.567439463031497
112.0, 4.567439463031497
113.0, 4.567439463031497
114.0, 4.567439463031497
115.0, 4.567439463031497
116.0, 4.567439463031497
117.0, 4.567439463031497
118.0, 4.567439463031497
119.0, 4.567439463031497
120.0, 4.567439463031497
121.0, 4.567439463031497
122.0, 4.567439463031497
123.0, 4.567439463031497
124.0, 4.567439463031497
125.0, 4.567439463031497
126.0, 4.567439463031497
127.0, 4.567439463031497
128.0, 4.567439463031497
129.0, 4.567439463031497
130.0, 4.567439463031497
131.0, 4.559543033907666
132.0, 4.551654875676858
133.0, 4.543775031414786
134.0, 4.535903544450928
135.0, 4.528040458369942
136.0, 4.520185817013079
137.0, 4.5123396644795974
138.0, 4.504502045128187
139.0, 4.496673003578393
140.0, 4.48885258471204
141.0, 4.4810408336746645
142.0, 4.473237795876945
143.0, 4.469077120357921
144.0, 4.46129798739627
145.0, 4.4535277204261225
146.0, 4.445766365935159
147.0, 4.438013970682749
148.0, 4.430270581701388
149.0, 4.422536246298131
150.0, 4.4148110120560435
151.0, 4.325771649276882
152.0, 4.236767240400092
153.0, 4.147799998157006
154.0, 4.058872406694127
155.0, 3.9699871305411776
156.0, 3.8811470769902616
157.0, 3.792355424208734
158.0, 3.703615653324281
159.0, 3.6149315851478785
160.0, 3.5263074223298716
161.0, 3.4377477979028086
162.0, 3.349257831359114
163.0, 3.2608431936514486
164.0, 3.1725101828005977
165.0, 3.08426581216533
166.0, 2.9961179138909264
167.0, 2.9880358857125517
168.0, 2.898325674950767
169.0, 2.8086631697484696
170.0, 2.7190529357796103
171.0, 2.629500317073455
172.0, 2.540011407622923
173.0, 2.4505931868972572
174.0, 2.4423892160181997
175.0, 2.35180983005657
176.0, 2.26126333595877
177.0, 2.2530510490529823
178.0, 2.244853265660059
179.0, 2.2366701452536644
180.0, 2.2285018493624804
181.0, 2.1392099417305603
182.0, 2.1311215950940974
183.0, 2.123049535685045
184.0, 2.1149939499882953
185.0, 2.106955026957203
186.0, 2.098932958046039
187.0, 2.0909279372427187
188.0, 2.0028663493709224
189.0, 1.994834665913709
190.0, 1.9090750125480604
191.0, 1.8236494585105725
192.0, 1.7386070324157092
193.0, 1.6540068320456673
194.0, 1.5699203512888982
195.0, 1.4864347748815954
196.0, 1.403657327203641
197.0, 1.3217210621370037
198.0, 1.2407926344194653
199.0, 1.1610828044595072
200.0, 1.0828607101758008
201.0, 1.0064732873366553
202.0, 0.9323715784230001
203.0, 0.8611458436459346
204.0, 0.7935708471556078
205.0, 0.7306602059307721
206.0, 0.6737218307693881
207.0, 0.6243917004802697
208.0, 0.5845990144115523
209.0, 0.5563938724700357
210.0, 0.5415896939957178
211.0, 0.5412869900934814
212.0, 0.5555097398917432
213.0, 0.5499295316580309
214.0, 0.5844489920828652
215.0, 0.6296253221550852
216.0, 0.6264661769459894
217.0, 0.6234514375909989
218.0, 0.6205832086269923
219.0, 0.6178635304367732
220.0, 0.6152943728625706
221.0, 0.6128776288358267
222.0, 0.6106151080648408
223.0, 0.6085085308236684
224.0, 0.6065595218870544
225.0, 0.6047696046570586
226.0, 0.6031401955273654
227.0, 0.6016725985310055
228.0, 0.6003680003163452
229.0, 0.599227465494675
230.0, 0.5982519324005793
231.0, 0.5982519324005793
232.0, 0.5982519324005793
233.0, 0.5982519324005793
234.0, 0.5982519324005793
235.0, 0.5982519324005793
236.0, 0.5982519324005793
237.0, 0.5982519324005793
238.0, 0.5982519324005793
239.0, 0.5982519324005793
240.0, 0.5982519324005793
241.0, 0.5982519324005793
242.0, 0.5982519324005793
243.0, 0.5982519324005793
244.0, 0.5982519324005793
245.0, 0.5982519324005793
246.0, 0.5982519324005793
247.0, 0.5982519324005793
248.0, 0.5982519324005793
249.0, 0.5982519324005793
250.0, 0.5982519324005793
251.0, 0.5982519324005793
252.0, 0.5982519324005793
253.0, 0.5982519324005793
254.0, 0.5982519324005793
255.0, 0.5982519324005793
256.0, 0.5982519324005793
257.0, 0.5982519324005793
258.0, 0.5982519324005793
259.0, 0.5982519324005793
260.0, 0.5982519324005793
261.0, 0.599227465494675
262.0, 0.6003680003163452
263.0, 0.6016725985310055
264.0, 0.6031401955273654
265.0, 0.6047696046570586
266.0, 0.6065595218870544
267.0, 0.6085085308236684
268.0, 0.6106151080648408
269.0, 0.6128776288358267
270.0, 0.6152943728625706
271.0, 0.6178635304367732
272.0, 0.6205832086269923
273.0, 0.6234514375909989
274.0, 0.6264661769459894
275.0, 0.6296253221550852
276.0, 0.6329267108907604
277.0, 0.6363681293383792
278.0, 0.6399473184058125
279.0, 0.6436619798081002
280.0, 0.6475097819992426
281.0, 0.6514883659264072
282.0, 0.6555953505850577
ee_dist
0.0, 1.48592572426715
1.0, 1.5506316339636355
2.0, 1.6615496018870923
3.0, 1.7550649060768748
4.0, 1.7874328487960067
5.0, 1.8132999108094148
6.0, 1.8453714810342872
7.0, 1.8784941496023455
8.0, 1.9131761518242494
9.0, 1.9461562464491728
10.0, 1.9833217699548054
11.0, 2.0168957011897346
12.0, 2.0471871010796066
13.0, 2.082623659026206
14.0, 2.1084766568967614
15.0, 2.1349414566381695
16.0, 2.159889410163991
17.0, 2.187338425600384
18.0, 2.2087459173430593
19.0, 2.2279850991087953
20.0, 2.2472002403338354
21.0, 2.2169472203686933
22.0, 2.1752867534439977
23.0, 2.1304032371796175
24.0, 2.0818725354739263
25.0, 2.0299970500212883
26.0, 1.974943173592087
27.0, 1.9170782551994192
28.0, 1.8566399220919216
29.0, 1.7941152973399206
30.0, 1.7298405057229136
31.0, 1.6644489368325883
32.0, 1.598415405504892
33.0, 1.5325519197078208
34.0, 1.4675277424143445
35.0, 1.4043859602925148
36.0, 1.344061830948269
37.0, 1.2878605227137039
38.0, 1.2369902838331093
39.0, 1.1929004290075373
40.0, 1.1569513222932297
41.0, 1.1698752600028957
42.0, 1.0396932118961488
43.0, 0.7343721673264861
44.0, 0.687210907042248
45.0, 0.6398275960960577
46.0, 0.5922061030888213
47.0, 0.544434135994716
48.0, 0.4975473968934472
49.0, 0.4522728728783227
50.0, 0.4103777455742461
51.0, 0.37407005402939
52.0, 0.3458533417598255
53.0, 0.32783501250362534
54.0, 0.32234910646100784
55.0, 0.33027174847639873
56.0, 0.3512544748507283
57.0, 0.3828030510644097
58.0, 0.35395884901596464
59.0, 0.306140143666217
60.0, 0.27003192009539695
61.0, 0.26134617502782415
62.0, 0.29017777429601216
63.0, 0.3472692631752495
64.0, 0.4155773113915961
65.0, 0.4771542363834853
66.0, 0.5367011078348879
67.0, 0.595647117252768
68.0, 0.6484326587253959
69.0, 0.699297572214394
70.0, 0.7485358139614546
71.0, 0.7961574263808742
72.0, 0.8434819904561753
73.0, 0.8984942001712956
74.0, 0.9578699487733858
75.0, 1.028789804376489
76.0, 1.109400296795233
77.0, 1.2000308473744739
78.0, 1.2961453943831
79.0, 1.3928822960236493
80.0, 1.4855319421336373
81.0, 1.564538279934641
82.0, 1.629826905925282
83.0, 1.694718447074704
84.0, 1.756061319259277
85.0, 1.8159620915859847
86.0, 1.8645392546034405
87.0, 1.8930430501828972
88.0, 1.9225780920518407
89.0, 1.9611949104302682
90.0, 2.0113522369378734
91.0, 2.0921575044764933
92.0, 2.18347949331302
93.0, 2.28319745021314
94.0, 2.3879930755554484
95.0, 2.493775573304357
96.0, 2.5950640774988702
97.0, 2.6849608092175448
98.0, 2.7578961360817287
99.0, 2.8265675561825256
100.0, 2.8932695851100716
101.0, 2.9572453262684264
102.0, 3.020539689344105
103.0, 3.082452372106284
104.0, 3.145340117503678
105.0, 3.213969727839948
106.0, 3.287526674543522
107.0, 3.36734804147657
108.0, 3.457943273592728
109.0, 3.556616374182498
110.0, 3.6624925773098607
111.0, 3.7700610427694694
112.0, 3.8731341701260575
113.0, 3.967762465366085
114.0, 4.0432086206009465
115.0, 4.1129099151275215
116.0, 4.17869013502548
117.0, 4.242820967348906
118.0, 4.306118259045701
119.0, 4.3692350527790325
120.0, 4.431461236572472
121.0, 4.4993025314217965
122.0, 4.572887755160648
123.0, 4.649524588998709
124.0, 4.739120085452798
125.0, 4.784708326803975
126.0, 4.83080373634118
127.0, 4.875981675095288
128.0, 4.921051773406008
129.0, 4.964614696128815
130.0, 5.007505602002552
131.0, 5.048356059475116
132.0, 5.08802472179273
133.0, 5.125177272481095
134.0, 5.160701958497786
135.0, 5.193299467867904
136.0, 5.2238884058967825
137.0, 5.251207516758285
138.0, 5.276203402756196
139.0, 5.297655080898535
140.0, 5.316536933488775
141.0, 5.3316685944228785
142.0, 5.34405039876885
143.0, 4.6920858881470995
144.0, 4.682523212250243
145.0, 4.676067779471229
146.0, 4.671602379104069
147.0, 4.670361389972874
148.0, 4.671146145332079
149.0, 4.675163130316199
150.0, 4.681169794848204
151.0, 4.600364499606714
152.0, 4.5190455873677156
153.0, 4.438406649310062
154.0, 4.357263947205157
155.0, 4.276810640445055
156.0, 4.194802816006557
157.0, 4.11557993541769
158.0, 4.0349006084102665
159.0, 3.954877431786416
160.0, 3.874404126181113
161.0, 3.7946549296668315
162.0, 3.714459417654039
163.0, 3.635008670484421
164.0, 3.555131917727533
165.0, 3.4760209744676285
166.0, 3.3965089067566923
167.0, 3.408109735449929
168.0, 3.3315574399863435
169.0, 3.25591922420769
170.0, 3.180086785427506
171.0, 3.1052158047709963
172.0, 3.0302117181279558
173.0, 2.956226655655306
174.0, 2.971403195878598
175.0, 2.9017835404567855
176.0, 2.8323662936715044
177.0, 2.8510162986227834
178.0, 2.8711851188643456
179.0, 2.893629199310057
180.0, 2.917289217282291
181.0, 2.870497860083821
182.0, 2.8460494170552693
183.0, 2.82358228658013
184.0, 2.8024471403206284
185.0, 2.7837536852997835
186.0, 2.7666827823324533
187.0, 2.7524451853493344
188.0, 2.6770326672847746
189.0, 2.6648879709240605
190.0, 2.5868319642193836
191.0, 2.5097197018189443
192.0, 2.4324146119476153
193.0, 2.356122539117792
194.0, 2.279723089671301
195.0, 2.2044250158976233
196.0, 2.1291287979965317
197.0, 2.05504779355739
198.0, 1.9811100582878636
199.0, 1.9085357656089272
200.0, 1.836289802660252
201.0, 1.765602349093733
202.0, 1.6954878257811845
203.0, 1.627190859535432
204.0, 1.5597926936307545
205.0, 1.4945581565464434
206.0, 1.4306582675639414
207.0, 1.3693843963463457
208.0, 1.3100258990048832
209.0, 1.2539053865135454
210.0, 1.2004619349365124
211.0, 1.1510431686291092
212.0, 1.105262597807858
213.0, 1.0809940786376984
214.0, 1.0329398644548582
215.0, 0.9900178031731718
216.0, 0.9648342068214253
217.0, 0.9417038897377417
218.0, 0.919995583938444
219.0, 0.9010150445230038
220.0, 0.8839420540252564
221.0, 0.8702177125694516
222.0, 0.8588307197581955
223.0, 0.8512770789438101
224.0, 0.8463558153129109
225.0, 0.8455228252499405
226.0, 0.8474226842014296
227.0, 0.8533828594657187
228.0, 0.8619520310558316
229.0, 0.8622737250891065
230.0, 0.8619520310558316
231.0, 0.8622737250891065
232.0, 0.8619520310558316
233.0, 0.8622737250891065
234.0, 0.8619520310558316
235.0, 0.8622737250891065
236.0, 0.8619520310558316
237.0, 0.8622737250891065
238.0, 0.8619520310558316
239.0, 0.8622737250891065
240.0, 0.8608514201417181
241.0, 0.8624153764612539
242.0, 0.861899566940597
243.0, 0.8675689919778142
244.0, 0.8791600161014725
245.0, 0.8919880391294581
246.0, 0.9072615110798715
247.0, 0.9237384675764888
248.0, 0.9424436117579622
249.0, 0.9620699754486752
250.0, 0.983680623223721
251.0, 1.0059125590576754
252.0, 1.029812622066289
253.0, 1.0540025616943822
254.0, 1.0794778946316415
255.0, 1.1049003043455587
256.0, 1.1311971510171084
257.0, 1.15712693982416
258.0, 1.18354307472072
259.0, 1.2093348480362935
260.0, 1.2352997043102831
261.0, 1.260404177868483
262.0, 1.2854317030869744
263.0, 1.2575956850104848
264.0, 1.222988510023486
265.0, 1.1867695056596854
266.0, 1.1484483651790975
267.0, 1.1067922665683672
268.0, 1.0620182169258285
269.0, 1.0141075130120347
270.0, 0.9672691188078123
271.0, 0.9195448896200639
272.0, 0.8717489005887077
273.0, 0.8204412563042547
274.0, 0.77205034593933
275.0, 0.7226535869397441
276.0, 0.6643154196831578
277.0, 0.6167008514462303
278.0, 0.5681255520535946
279.0, 0.5157540585821149
280.0, 0.4732171497143247
281.0, 0.40425459106314854
282.0, 0.3642458513729337
ee_box_dist
0.0, 0.6915678284688106
1.0, 0.730078757959343
2.0, 0.766582365821997
3.0, 0.8015261241126155
4.0, 0.8375854101620226
5.0, 0.8746421606799826
6.0, 0.9122906117371113
7.0, 0.9479929521155271
8.0, 0.9817752272849497
9.0, 1.012637793585783
10.0, 1.0465205753560847
11.0, 1.0760828298182459
12.0, 1.1017742064355194
13.0, 1.1322589669532377
14.0, 1.153246911986778
15.0, 1.1747422998165544
16.0, 1.1946731347151318
17.0, 1.2169854480063815
18.0, 1.2337890395383952
19.0, 1.2486754989014204
20.0, 1.2636130846132996
21.0, 1.2414714059703564
22.0, 1.2111867324242307
23.0, 1.1782138194511935
24.0, 1.142165469521898
25.0, 1.103232661388208
26.0, 1.061423077827287
27.0, 1.0169509633108
28.0, 0.9698318204787264
29.0, 0.9203377030982225
30.0, 0.86850060758392
31.0, 0.8146625506003247
32.0, 0.7588727842642652
33.0, 0.7015277058888127
34.0, 0.6427100312057252
35.0, 0.5830489117182555
36.0, 0.5228826755160387
37.0, 0.46351992094520994
38.0, 0.40596098277093123
39.0, 0.3522120569343544
40.0, 0.3050103052114809
41.0, 0.31391758680885096
42.0, 0.3230644073788919
43.0, 0.3325244939577126
44.0, 0.3421028996291912
45.0, 0.3519080293184626
46.0, 0.361713423075005
47.0, 0.3716802080411722
48.0, 0.3815379078382351
49.0, 0.39149813028987496
50.0, 0.4012676728308712
51.0, 0.41108075808347344
52.0, 0.420674911323926
53.0, 0.43029350615878775
54.0, 0.4397294196929947
55.0, 0.44922210564783277
56.0, 0.4585804353794975
57.0, 0.4679685093871692
58.0, 0.4772039386887536
59.0, 0.4863768307640185
60.0, 0.4953742353711495
61.0, 0.504227698939577
62.0, 0.5128810418986902
63.0, 0.5213494210242612
64.0, 0.5295795151234103
65.0, 0.537589527529402
66.0, 0.5453195266200767
67.0, 0.5528015641710767
68.0, 0.5599807730782095
69.0, 0.5668989320555947
70.0, 0.573502781129462
71.0, 0.5798304353384199
72.0, 0.585831943443152
73.0, 0.5915397258067285
74.0, 0.5969086523506908
75.0, 0.6019667773098012
76.0, 0.6066733643667556
77.0, 0.6110515840537171
78.0, 0.6150647669006488
79.0, 0.6187330859801434
80.0, 0.6220198645476673
81.0, 0.6249443685586019
82.0, 0.6274716650575828
83.0, 0.6296185171459087
84.0, 0.6313514287972747
85.0, 0.6326891130600358
86.0, 0.6525114073480264
87.0, 0.6956602083813488
88.0, 0.7327953138211245
89.0, 0.7650846014180644
90.0, 0.788129800597997
91.0, 0.787902444706307
92.0, 0.7876659053264123
93.0, 0.787291725201323
94.0, 0.7877872217330913
95.0, 0.788103896196634
96.0, 0.7876830927383128
97.0, 0.7880510406444592
98.0, 0.7876776333476031
99.0, 0.7880418484770825
100.0, 0.787677110762003
101.0, 0.7880404685480004
102.0, 0.7876769271230862
103.0, 0.7880403683405175
104.0, 0.7876770591085716
105.0, 0.788040584885881
106.0, 0.7876772228813042
107.0, 0.7880406826489472
108.0, 0.787677413051165
109.0, 0.7880408938175442
110.0, 0.7876776110294421
111.0, 0.7880410653920404
112.0, 0.7876777562135208
113.0, 0.7880411895512269
114.0, 0.7876779145961603
115.0, 0.7862065975300794
116.0, 0.7876521680839025
117.0, 0.7880586691604553
118.0, 0.7876762292076606
119.0, 0.7880410196271477
120.0, 0.7876752301935523
121.0, 0.7880385261654368
122.0, 0.7876749175452836
123.0, 0.7880383575227952
124.0, 0.7876750099354393
125.0, 0.7880384895036038
126.0, 0.7876751869073341
127.0, 0.7880386874748279
128.0, 0.7876753320918842
129.0, 0.7880388722479827
130.0, 0.7876755168722316
131.0, 0.7880390174268986
132.0, 0.7876756620567984
133.0, 0.7880391415865163
134.0, 0.787675786234373
135.0, 0.7880393131616216
136.0, 0.7876759974119542
137.0, 0.7880395111329094
138.0, 0.7876761689937506
139.0, 0.7880396352925748
140.0, 0.7876762853629973
141.0, 0.788039767273451
142.0, 0.7876764383559898
143.0, 1.5026752861260724
144.0, 1.504419379297566
145.0, 1.5040214509777987
146.0, 1.5022490372059027
147.0, 1.4983423867870067
148.0, 1.4930749982398637
149.0, 1.4857161476592877
150.0, 1.477024794113321
151.0, 1.5524524313269201
152.0, 1.6289999334684782
153.0, 1.705821539955205
154.0, 1.7836018718535946
155.0, 1.861478366201744
156.0, 1.9411678462914945
157.0, 2.0189238177096307
158.0, 2.098348421629918
159.0, 2.1776901190737767
160.0, 2.257732707025372
161.0, 2.337576080260048
162.0, 2.418092856717518
163.0, 2.4983508198248097
164.0, 2.5792530688772253
165.0, 2.659851524198873
166.0, 2.741071987894067
167.0, 2.734092739068759
168.0, 2.8142846801683516
169.0, 2.8941956763169214
170.0, 2.974756739559994
171.0, 3.055000656197274
172.0, 3.135875228236716
173.0, 3.2164024308863173
174.0, 3.208840450400512
175.0, 3.2880865946887976
176.0, 3.3680002398391164
177.0, 3.3582495418398026
178.0, 3.3469302435909913
179.0, 3.33317624956841
180.0, 3.3179488827576717
181.0, 3.3878627426201042
182.0, 3.403194912849785
183.0, 3.416158103144403
184.0, 3.4275856113570464
185.0, 3.4364832425058434
186.0, 3.443767828143695
187.0, 3.44841871630977
188.0, 3.530899669577758
189.0, 3.533316250561575
190.0, 3.6162009708991576
191.0, 3.6986068897518654
192.0, 3.7815544228713227
193.0, 3.864015907241929
194.0, 3.947018458484137
195.0, 4.029528433517952
196.0, 4.112579654971787
197.0, 4.195132413898413
198.0, 4.2782267164258325
199.0, 4.360817403816163
200.0, 4.443950079742749
201.0, 4.526574417021799
202.0, 4.609741426280779
203.0, 4.692395975888019
204.0, 4.775593739697592
205.0, 4.858275324649213
206.0, 4.941500794881597
207.0, 5.024206745639049
208.0, 5.107457551617427
209.0, 5.190185296993958
210.0, 5.273458925519362
211.0, 5.356206271317217
212.0, 5.439500984487356
213.0, 5.4394681095921245
214.0, 5.522607913261127
215.0, 5.605222583455774
216.0, 5.603498739487692
217.0, 5.598964838828259
218.0, 5.592704964476108
219.0, 5.583717928156339
220.0, 5.573063969584421
221.0, 5.559832021470896
222.0, 5.545031167941334
223.0, 5.5278621777856305
224.0, 5.509260728612914
225.0, 5.488563724271799
226.0, 5.466603579845626
227.0, 5.4428776500504545
228.0, 5.4180949594419126
229.0, 5.417984294435495
230.0, 5.418095115219606
231.0, 5.41798448915146
232.0, 5.418095239998237
233.0, 5.41798463194317
234.0, 5.418095395775935
235.0, 5.417984782676526
236.0, 5.418095564535108
237.0, 5.417984964411433
238.0, 5.418095798201658
239.0, 5.417985211051667
240.0, 5.418449449196639
241.0, 5.4179124698034915
242.0, 5.418124595236709
243.0, 5.417766912356124
244.0, 5.418228253792016
245.0, 5.418064712167618
246.0, 5.4169204211683715
247.0, 5.415099589022166
248.0, 5.412189103137474
249.0, 5.408528812900761
250.0, 5.403720640854707
251.0, 5.398179649749375
252.0, 5.3915080148183225
253.0, 5.384220279337559
254.0, 5.37588407576676
255.0, 5.36711181685908
256.0, 5.357422901768926
257.0, 5.347499118954919
258.0, 5.336816953418367
259.0, 5.326100249452606
260.0, 5.3147821571188265
261.0, 5.303639663776116
262.0, 5.292054065386972
263.0, 5.3112406478904015
264.0, 5.335492180848479
265.0, 5.359903182490624
266.0, 5.384713734800758
267.0, 5.410587876303253
268.0, 5.437201566265062
269.0, 5.463978013975233
270.0, 5.488515131120845
271.0, 5.5123707444829035
272.0, 5.535088704557317
273.0, 5.558087250613928
274.0, 5.578121391773318
275.0, 5.597445762407583
276.0, 5.628331797018497
277.0, 5.643526092137283
278.0, 5.659781939668405
279.0, 5.682710635864248
280.0, 5.693591146159013
281.0, 5.754249790159666
282.0, 5.768433711509609
spot_hold
0, 0
1, 0
2, 0
3, 0
4, 0
5, 0
6, 0
7, 0
8, 0
9, 0
10, 0
11, 0
12, 0
13, 0
14, 0
15, 0
16, 0
17, 0
18, 0
19, 0
20, 0
21, 0
22, 0
23, 0
24, 0
25, 0
26, 0
27, 0
28, 0
29, 0
30, 0
31, 0
32, 0
33, 0
34, 0
35, 0
36, 0
37, 0
38, 0
39, 0
40, 0
41, 1
42, 1
43, 1
44, 1
45, 1
46, 1
47, 1
48, 1
49, 1
50, 1
51, 1
52, 1
53, 1
54, 1
55, 1
56, 1
57, 1
58, 1
59, 1
60, 1
61, 1
62, 1
63, 1
64, 1
65, 1
66, 1
67, 1
68, 1
69, 1
70, 1
71, 1
72, 1
73, 1
74, 1
75, 1
76, 1
77, 1
78, 1
79, 1
80, 1
81, 1
82, 1
83, 1
84, 1
85, 1
86, 1
87, 1
88, 1
89, 1
90, 1
91, 1
92, 1
93, 1
94, 1
95, 1
96, 1
97, 1
98, 1
99, 1
100, 1
101, 1
102, 1
103, 1
104, 1
105, 1
106, 1
107, 1
108, 1
109, 1
110, 1
111, 1
112, 1
113, 1
114, 1
115, 1
116, 1
117, 1
118, 1
119, 1
120, 1
121, 1
122, 1
123, 1
124, 1
125, 1
126, 1
127, 1
128, 1
129, 1
130, 1
131, 1
132, 1
133, 1
134, 1
135, 1
136, 1
137, 1
138, 1
139, 1
140, 1
141, 1
142, 1
143, 1
144, 1
145, 1
146, 1
147, 1
148, 1
149, 1
150, 1
151, 1
152, 1
153, 1
154, 1
155, 1
156, 1
157, 1
158, 1
159, 1
160, 1
161, 1
162, 1
163, 1
164, 1
165, 1
166, 1
167, 1
168, 1
169, 1
170, 1
171, 1
172, 1
173, 1
174, 1
175, 1
176, 1
177, 1
178, 1
179, 1
180, 1
181, 1
182, 1
183, 1
184, 1
185, 1
186, 1
187, 1
188, 1
189, 1
190, 1
191, 1
192, 1
193, 1
194, 1
195, 1
196, 1
197, 1
198, 1
199, 1
200, 1
201, 1
202, 1
203, 1
204, 1
205, 1
206, 1
207, 1
208, 1
209, 1
210, 1
211, 1
212, 1
213, 1
214, 1
215, 1
216, 1
217, 1
218, 1
219, 1
220, 1
221, 1
222, 1
223, 1
224, 1
225, 1
226, 1
227, 1
228, 1
229, 1
230, 1
231, 1
232, 1
233, 1
234, 1
235, 1
236, 1
237, 1
238, 1
239, 1
240, 1
241, 1
242, 1
243, 1
244, 1
245, 1
246, 1
247, 1
248, 1
249, 1
250, 1
251, 1
252, 1
253, 1
254, 1
255, 1
256, 1
257, 1
258, 1
259, 1
260, 1
261, 1
262, 1
263, 1
264, 1
265, 1
266, 1
267, 1
268, 1
269, 1
270, 1
271, 1
272, 1
273, 1
274, 1
275, 1
276, 1
277, 1
278, 1
279, 1
280, 1
281, 1
282, 1
