bot_dist
0.0, 2.857688598245244
1.0, 2.8597045985965144
2.0, 2.8617541241487903
3.0, 2.863837102924422
4.0, 2.8659534619818694
5.0, 2.8681031274277005
6.0, 2.8702860244286854
7.0, 2.87250207722398
8.0, 2.874751209137394
9.0, 2.877033342589744
10.0, 2.879348399111282
11.0, 2.8816962993541955
12.0, 2.8840769631051812
13.0, 2.88649030929808
14.0, 2.8889362560265712
15.0, 2.8914147205569285
16.0, 2.8939256193408207
17.0, 2.89646886802817
18.0, 2.8990443814800417
19.0, 2.9016520737815874
20.0, 2.9042918582550126
21.0, 2.9069636474725824
22.0, 2.909667353269652
23.0, 2.9124028867577243
24.0, 2.9151701583375207
25.0, 2.9179690777120757
26.0, 2.9207995538998395
27.0, 2.923661495247785
28.0, 2.9265548094445295
29.0, 2.929479403533447
30.0, 2.9324351839257807
31.0, 2.9354220564137545
32.0, 2.9384399261836647
33.0, 2.941488697828966
34.0, 2.944568275363335
35.0, 2.94767856223372
36.0, 2.9508194613333547
37.0, 2.9539908750147594
38.0, 2.957192705102702
39.0, 2.960424852907128
40.0, 2.9636872192360517
41.0, 2.966979704408413
42.0, 2.9703022082668826
43.0, 2.973654630190633
44.0, 2.977036869108045
45.0, 2.980448823509381
46.0, 2.9838903914593873
47.0, 2.9873614706098484
48.0, 2.9908619582120792
49.0, 2.9943917511293554
50.0, 2.997950745849278
51.0, 3.001538838496069
52.0, 3.005155924842803
53.0, 3.008801900323557
54.0, 3.0124766600454973
55.0, 3.0161800988008793
56.0, 3.0199121110789737
57.0, 3.0236725910779136
58.0, 3.0274614327164544
59.0, 3.0312785296456477
60.0, 3.0351237752604385
61.0, 3.038997062711159
62.0, 3.0428982849149433
63.0, 3.0468273345670465
64.0, 3.0507841041520694
65.0, 3.054768485955086
66.0, 3.058780372072682
67.0, 3.0628196544238833
68.0, 3.0668862247609967
69.0, 3.0709799746803395
70.0, 3.075100795632874
71.0, 3.0792485789347364
72.0, 3.0834232157776564
73.0, 3.087624597239282
74.0, 3.091852614293383
75.0, 3.096107157819961
76.0, 3.10038811861524
77.0, 3.1046953874015517
78.0, 3.1090288548371134
79.0, 3.1133884115256896
80.0, 3.1177739480261417
81.0, 3.122185354861872
82.0, 3.126622522530145
83.0, 3.1310853415113047
84.0, 3.1355737022778682
85.0, 3.1400874953035127
86.0, 3.144626611071944
87.0, 3.149190940085648
88.0, 3.1537803728745306
89.0, 3.1583948000044377
90.0, 3.163034112085565
91.0, 3.1676981997807396
92.0, 3.172386953813601
93.0, 3.1771001523132663
94.0, 3.181837797649301
95.0, 3.186599780783439
96.0, 3.1913859927697397
97.0, 3.1961963247621794
98.0, 3.2010306680221223
99.0, 3.2058889139256808
100.0, 3.210770953970952
101.0, 3.210770953970952
102.0, 3.210770953970952
103.0, 3.210770953970952
104.0, 3.210770953970952
105.0, 3.210770953970952
106.0, 3.210770953970952
107.0, 3.210770953970952
108.0, 3.210770953970952
109.0, 3.210770953970952
110.0, 3.210770953970952
111.0, 3.210770953970952
112.0, 3.210770953970952
113.0, 3.210770953970952
114.0, 3.210770953970952
115.0, 3.210770953970952
116.0, 3.210770953970952
117.0, 3.210770953970952
118.0, 3.210770953970952
119.0, 3.210770953970952
120.0, 3.210770953970952
121.0, 3.210770953970952
122.0, 3.210770953970952
123.0, 3.210770953970952
124.0, 3.210770953970952
125.0, 3.210770953970952
126.0, 3.210770953970952
127.0, 3.210770953970952
128.0, 3.210770953970952
129.0, 3.210770953970952
130.0, 3.210770953970952
131.0, 3.2058889139256808
132.0, 3.2010306680221223
133.0, 3.1961963247621794
134.0, 3.1913859927697397
135.0, 3.186599780783439
136.0, 3.181837797649301
137.0, 3.1771001523132663
138.0, 3.172386953813601
139.0, 3.1676981997807396
140.0, 3.163034112085565
141.0, 3.1583948000044377
142.0, 3.1537803728745306
143.0, 3.1543411485350323
144.0, 3.149784282658989
145.0, 3.1452526102660294
146.0, 3.140746240408531
147.0, 3.1362652821549943
148.0, 3.131809844581333
149.0, 3.1273800367620397
150.0, 3.122975967761247
151.0, 3.037373377718884
152.0, 2.9520242941056662
153.0, 2.866951303524147
154.0, 2.7821797916427835
155.0, 2.697738178869493
156.0, 2.6136584403652723
157.0, 2.529976655329668
158.0, 2.446733655834139
159.0, 2.363975795376894
160.0, 2.2817558616385925
161.0, 2.2001341630851203
162.0, 2.119179825188127
163.0, 2.0389723391582404
164.0, 1.9596034141321566
165.0, 1.8811791924115873
166.0, 1.8038228958808975
167.0, 1.8017094866459709
168.0, 1.7292986362205138
169.0, 1.658660409849785
170.0, 1.5900308123978248
171.0, 1.5236812858168276
172.0, 1.4599227323132067
173.0, 1.399109414986476
174.0, 1.3993247062669278
175.0, 1.3476266675960729
176.0, 1.3002475567516232
177.0, 1.3016586783844455
178.0, 1.303145015086155
179.0, 1.304706309799116
180.0, 1.3063422937617606
181.0, 1.2921162514892934
182.0, 1.2945149751779477
183.0, 1.2969863699023827
184.0, 1.2995300210539718
185.0, 1.3021455051889903
186.0, 1.3048323903485164
187.0, 1.3075902363801641
188.0, 1.2649909748587223
189.0, 1.268399985823433
190.0, 1.225573759597338
191.0, 1.1879185675443253
192.0, 1.1559399556345067
193.0, 1.1301199113194949
194.0, 1.1108879429996505
195.0, 1.0985900986518777
196.0, 1.093460361797639
197.0, 1.0955994230566388
198.0, 1.1049650690380173
199.0, 1.1213762467606825
200.0, 1.1445299230761488
201.0, 1.1740272474891924
202.0, 1.2094041449780706
203.0, 1.2501615771355163
204.0, 1.2957919304481407
205.0, 1.345799635939842
206.0, 1.3997156026099866
207.0, 1.4571060535515594
208.0, 1.5175768545336001
209.0, 1.5807745388094807
210.0, 1.646385116153961
211.0, 1.714131490255043
212.0, 1.783770414292857
213.0, 1.7934362740700405
214.0, 1.8599293302743811
215.0, 1.9281986135168523
216.0, 1.937711832048998
217.0, 1.9472299309820702
218.0, 1.9567528390978683
219.0, 1.966280486522225
220.0, 1.9758128046943024
221.0, 1.9853497263367053
222.0, 1.9948911854263816
223.0, 2.004437117166287
224.0, 2.0139874579577937
225.0, 2.0235421453738183
226.0, 2.0331011181326497
227.0, 2.042664316072459
228.0, 2.0522316801264613
229.0, 2.0618031522987277
230.0, 2.0713786756406085
231.0, 2.0713786756406085
232.0, 2.0713786756406085
233.0, 2.0713786756406085
234.0, 2.0713786756406085
235.0, 2.0713786756406085
236.0, 2.0713786756406085
237.0, 2.0713786756406085
238.0, 2.0713786756406085
239.0, 2.0713786756406085
240.0, 2.0713786756406085
241.0, 2.0713786756406085
242.0, 2.0713786756406085
243.0, 2.0713786756406085
244.0, 2.0713786756406085
245.0, 2.0713786756406085
246.0, 2.0713786756406085
247.0, 2.0713786756406085
248.0, 2.0713786756406085
249.0, 2.0713786756406085
250.0, 2.0713786756406085
251.0, 2.0713786756406085
252.0, 2.0713786756406085
253.0, 2.0713786756406085
254.0, 2.0713786756406085
255.0, 2.0713786756406085
256.0, 2.0713786756406085
257.0, 2.0713786756406085
258.0, 2.0713786756406085
259.0, 2.0713786756406085
260.0, 2.0713786756406085
261.0, 2.0618031522987277
262.0, 2.0522316801264613
263.0, 2.042664316072459
264.0, 2.0331011181326497
265.0, 2.0235421453738183
266.0, 2.0139874579577937
267.0, 2.004437117166287
268.0, 1.9948911854263816
269.0, 1.9853497263367053
270.0, 1.9758128046943024
271.0, 1.966280486522225
272.0, 1.9567528390978683
273.0, 1.9472299309820702
274.0, 1.937711832048998
275.0, 1.9281986135168523
276.0, 1.918690347979401
277.0, 1.909187109438385
278.0, 1.8996889733368085
279.0, 1.8901960165931457
280.0, 1.8807083176364991
281.0, 1.8712259564427294
282.0, 1.861749014571588
ee_dist
0.0, 1.0354102348595273
1.0, 1.0632359252219306
2.0, 1.1528041254842754
3.0, 1.2356361859082348
4.0, 1.2641432414166522
5.0, 1.2896403923104147
6.0, 1.323570890775762
7.0, 1.358559782563256
8.0, 1.394223157015536
9.0, 1.4327938262019102
10.0, 1.4660020241443508
11.0, 1.4986873032942019
12.0, 1.5300261564692998
13.0, 1.5586206809754901
14.0, 1.5863237678263293
15.0, 1.6110824083290305
16.0, 1.635383892061321
17.0, 1.677762670878126
18.0, 1.7065286208903707
19.0, 1.7320581481754111
20.0, 1.7549786863492678
21.0, 1.7255387686453647
22.0, 1.6880478305442743
23.0, 1.6472142299846164
24.0, 1.6027512228417569
25.0, 1.5548742563774323
26.0, 1.5036454783495785
27.0, 1.4493358981388427
28.0, 1.392044872282483
29.0, 1.3323833263062437
30.0, 1.2699295763902858
31.0, 1.2055883429093206
32.0, 1.139516952373835
33.0, 1.072356260701096
34.0, 1.0045419111987393
35.0, 0.9377108609930588
36.0, 0.8719912377535882
37.0, 0.8080689990603255
38.0, 0.7471341027434257
39.0, 0.6920253973887537
40.0, 0.6446523009577866
41.0, 0.6592670148120445
42.0, 0.7299257714963299
43.0, 1.0428592157418903
44.0, 1.0008532373092809
45.0, 0.9575411209166377
46.0, 0.9116882470394326
47.0, 0.8640555577500407
48.0, 0.8140456236909775
49.0, 0.7622661926950137
50.0, 0.7088544717760448
51.0, 0.6546275343224336
52.0, 0.5997564768931689
53.0, 0.5443999611084719
54.0, 0.48882933452073296
55.0, 0.4334056861286796
56.0, 0.37953448071026763
57.0, 0.3281130267849248
58.0, 0.3681695549167263
59.0, 0.4364826110901227
60.0, 0.5153039406198308
61.0, 0.6040393801207946
62.0, 0.6970100047699543
63.0, 0.7888461584769744
64.0, 0.8750520358223632
65.0, 0.9422801946305394
66.0, 1.0000863682462258
67.0, 1.0587510959453603
68.0, 1.1124071138013123
69.0, 1.1652901180705977
70.0, 1.2181408058563068
71.0, 1.2692366695556165
72.0, 1.3244390137139672
73.0, 1.3852925983498081
74.0, 1.4507474478755777
75.0, 1.5273226625317045
76.0, 1.6131499769596578
77.0, 1.7083937862070515
78.0, 1.8079467819542638
79.0, 1.90694516262992
80.0, 2.0005550638596827
81.0, 2.0794208670877063
82.0, 2.1434951983008004
83.0, 2.2066143150155004
84.0, 2.2670472285554726
85.0, 2.326610853503031
86.0, 2.3762585831694754
87.0, 2.4018987141878543
88.0, 2.432665335338752
89.0, 2.4724828226620446
90.0, 2.5244022651567413
91.0, 2.6063958898474078
92.0, 2.6993588832823807
93.0, 2.8007073400799776
94.0, 2.907900457828839
95.0, 3.015947564254254
96.0, 3.116502110122582
97.0, 3.2067622186456184
98.0, 3.2790383136026398
99.0, 3.348209623311585
100.0, 3.4126900061797096
101.0, 3.47670693082995
102.0, 3.5397100626091027
103.0, 3.6029935315767596
104.0, 3.6655695982573873
105.0, 3.7352272116254666
106.0, 3.809513429651253
107.0, 3.891443297543495
108.0, 3.981831891702034
109.0, 4.081883757461015
110.0, 4.188520881090011
111.0, 4.298250099962663
112.0, 4.400102527679215
113.0, 4.495082032145607
114.0, 4.569979006619812
115.0, 4.640274743737383
116.0, 4.703832695154658
117.0, 4.768339845406039
118.0, 4.8112946339833185
119.0, 4.85452194166212
120.0, 4.895297061172945
121.0, 4.935941735982839
122.0, 4.975515306489593
123.0, 5.014739695383195
124.0, 5.051782722877895
125.0, 5.083600400773949
126.0, 5.114962167509901
127.0, 5.144378590804926
128.0, 5.171333649649785
129.0, 5.196298176508142
130.0, 5.216783974404629
131.0, 5.235333298105569
132.0, 5.250986417320858
133.0, 5.264497624307993
134.0, 5.272582386028628
135.0, 5.278673196511595
136.0, 5.2815431919006945
137.0, 5.281851919209296
138.0, 5.27719901162437
139.0, 5.270354958801616
140.0, 5.260409562753252
141.0, 5.248143085378061
142.0, 5.226533166620636
143.0, 4.6050254582665815
144.0, 4.59411954164749
145.0, 4.584190603683207
146.0, 4.578399926334712
147.0, 4.5741277597272125
148.0, 4.5727317050699
149.0, 4.573063102878158
150.0, 4.577971764753255
151.0, 4.495475778260875
152.0, 4.412923516176131
153.0, 4.3294718090752
154.0, 4.248414719307414
155.0, 4.166107223879131
156.0, 4.083823304470446
157.0, 4.00080852793823
158.0, 3.9197708261882678
159.0, 3.8376248740152947
160.0, 3.7554277668083222
161.0, 3.6707751375837296
162.0, 3.5919052215155762
163.0, 3.5098250781758598
164.0, 3.4280266242751836
165.0, 3.3453827853690097
166.0, 3.264894071858759
167.0, 3.2729125001458574
168.0, 3.1932808440067513
169.0, 3.1130887176566073
170.0, 3.0349943995213873
171.0, 2.9559918935438483
172.0, 2.8771465068401607
173.0, 2.797677178546469
174.0, 2.8108875397648934
175.0, 2.735778269752518
176.0, 2.6611398881293624
177.0, 2.675507498023281
178.0, 2.6937760345596486
179.0, 2.713125682010055
180.0, 2.73430090167632
181.0, 2.678301351612528
182.0, 2.657401110207931
183.0, 2.6374624113430127
184.0, 2.619531334876593
185.0, 2.60309563431673
186.0, 2.5907643479598215
187.0, 2.5798645235713726
188.0, 2.500377887067292
189.0, 2.4907357234811887
190.0, 2.41082751186774
191.0, 2.3297742627649707
192.0, 2.2488649951802793
193.0, 2.1673827305580127
194.0, 2.088010062132856
195.0, 2.0077349927241657
196.0, 1.9276094463176912
197.0, 1.8468670821196191
198.0, 1.7688033202976567
199.0, 1.68985194768904
200.0, 1.6113160690214063
201.0, 1.53255929549262
202.0, 1.4562396506438564
203.0, 1.3795164932776434
204.0, 1.3034939071292206
205.0, 1.227583667546612
206.0, 1.1550454134922878
207.0, 1.082700009663209
208.0, 1.0120153248817867
209.0, 0.942769711174629
210.0, 0.8777074125962306
211.0, 0.8148745528343166
212.0, 0.7559116515429481
213.0, 0.7347164360375172
214.0, 0.6752790653464994
215.0, 0.6201367797111729
216.0, 0.5986951284395671
217.0, 0.5766145880081982
218.0, 0.5638800899509886
219.0, 0.5501367129115885
220.0, 0.5412050770259603
221.0, 0.5348338817244628
222.0, 0.5334259940386139
223.0, 0.5346718021701474
224.0, 0.541255958111249
225.0, 0.5504710937536667
226.0, 0.5638979056697697
227.0, 0.5793476384039484
228.0, 0.5990302800411045
229.0, 0.6203570858379434
230.0, 0.620222574029458
231.0, 0.6195494400330378
232.0, 0.6203288794888258
233.0, 0.620311133925881
234.0, 0.6202372197062733
235.0, 0.6197526092610957
236.0, 0.6204027858463314
237.0, 0.6203700786509656
238.0, 0.6202216256227897
239.0, 0.6195635311637745
240.0, 0.6203300501729134
241.0, 0.6203110081330813
242.0, 0.6202372197062733
243.0, 0.625208003010275
244.0, 0.6353457252636
245.0, 0.6467105909922329
246.0, 0.6601461862165532
247.0, 0.6746644519628581
248.0, 0.6909824933176912
249.0, 0.7080611186405549
250.0, 0.7266807477864853
251.0, 0.7457798172729921
252.0, 0.7661408064076183
253.0, 0.7867245960750642
254.0, 0.808261905191932
255.0, 0.8297758710315754
256.0, 0.8519182603558527
257.0, 0.8738117890216787
258.0, 0.8960238409242656
259.0, 0.917792873491471
260.0, 0.9396278722476861
261.0, 0.962801383442064
262.0, 0.9896657164908886
263.0, 0.96816078024714
264.0, 0.9442829043189039
265.0, 0.9194938551155142
266.0, 0.8937759322755922
267.0, 0.8673428556537903
268.0, 0.8402744339610418
269.0, 0.8128290739735895
270.0, 0.7851142209902601
271.0, 0.7574439439381606
272.0, 0.7299657879100772
273.0, 0.7030570253860391
274.0, 0.6769206446868047
275.0, 0.6448750302406607
276.0, 0.6097266776870072
277.0, 0.5864576118174804
278.0, 0.5675330897037545
279.0, 0.5479501169873395
280.0, 0.5332765260027914
281.0, 0.5224351882402278
282.0, 0.5160148776286306
ee_box_dist
0.0, 0.7883564381544125
1.0, 0.8311101408129228
2.0, 0.8576664843967522
3.0, 0.8969200317154226
4.0, 0.932565015788813
5.0, 0.9696854393021647
6.0, 1.0071636165665323
7.0, 1.041875952112005
8.0, 1.0753525365760945
9.0, 1.1110444204607113
10.0, 1.1409176450021457
11.0, 1.1700761713090293
12.0, 1.1978678025335983
13.0, 1.223133713631867
14.0, 1.2475724529969379
15.0, 1.269356435791771
16.0, 1.290792351283314
17.0, 1.3297558122665083
18.0, 1.3558943909890935
19.0, 1.3789558753979632
20.0, 1.3995953130278405
21.0, 1.372816894152893
22.0, 1.3389286035863637
23.0, 1.301853768955675
24.0, 1.261330625293341
25.0, 1.2177714028862578
26.0, 1.17053084818996
27.0, 1.117409200440638
28.0, 1.0600585299438798
29.0, 1.0085871296378626
30.0, 0.945595621632364
31.0, 0.885340441571383
32.0, 0.8266309780795481
33.0, 0.7628397163205335
34.0, 0.6962904044426868
35.0, 0.6292325377363998
36.0, 0.5657201174898021
37.0, 0.5027137161488162
38.0, 0.43365448317956806
39.0, 0.3695182868853231
40.0, 0.30989818698944793
41.0, 0.3239672562993923
42.0, 0.3377885046044937
43.0, 0.35191927931942507
44.0, 0.3657155662737797
45.0, 0.37977704555283537
46.0, 0.393473338848402
47.0, 0.40735429179542615
48.0, 0.42090802356119766
49.0, 0.4345180684437278
50.0, 0.4478916157846199
51.0, 0.46119045774560213
52.0, 0.4743074949187587
53.0, 0.48725958282958876
54.0, 0.499993400652778
55.0, 0.5124723711999799
56.0, 0.5246573298353803
57.0, 0.5365332046432535
58.0, 0.5480771419711075
59.0, 0.5593182908652478
60.0, 0.5702057600081463
61.0, 0.5808049856728821
62.0, 0.5910385816491499
63.0, 0.6009783419934625
64.0, 0.6105552460538418
65.0, 0.6198322612496407
66.0, 0.6287543923730547
67.0, 0.6373672322347375
68.0, 0.6456206459662599
69.0, 0.6535452761043914
70.0, 0.6610979325870668
71.0, 0.6683058974633832
72.0, 0.6751303261079574
73.0, 0.6815959917359269
74.0, 0.6876662218795185
75.0, 0.6933628213846142
76.0, 0.698651826637976
77.0, 0.7035512354682006
78.0, 0.7081201671051925
79.0, 0.7121126153068238
80.0, 0.7159492039392253
81.0, 0.71912313436051
82.0, 0.7218568211381036
83.0, 0.7241613695234996
84.0, 0.7260630451297386
85.0, 0.7274139078142912
86.0, 0.7469489730118382
87.0, 0.7958465402529777
88.0, 0.8347121812347285
89.0, 0.8681248079735524
90.0, 0.8918513072455593
91.0, 0.892785015047705
92.0, 0.893093892555341
93.0, 0.8931136424329236
94.0, 0.8930153426118137
95.0, 0.8922268859173611
96.0, 0.8932669153152472
97.0, 0.8932520422817531
98.0, 0.8930740478041677
99.0, 0.8917337431145623
100.0, 0.893139660867221
101.0, 0.8931205701147431
102.0, 0.893013277030805
103.0, 0.89219846217236
104.0, 0.8932693030482984
105.0, 0.8932285665085646
106.0, 0.8931341465803649
107.0, 0.8923213389166388
108.0, 0.8932653858910428
109.0, 0.8932479390977833
110.0, 0.8930496253513445
111.0, 0.8918235210191782
112.0, 0.8931480099733351
113.0, 0.8931230054343371
114.0, 0.8930142151974719
115.0, 0.8897473125267656
116.0, 0.893352486418722
117.0, 0.8929898531241682
118.0, 0.8930312960803699
119.0, 0.8922836652898763
120.0, 0.8932674743718694
121.0, 0.8932957218535034
122.0, 0.8929587333866149
123.0, 0.8913996011417681
124.0, 0.8901778283356783
125.0, 0.8926151499940685
126.0, 0.8930719177217802
127.0, 0.8931128328087892
128.0, 0.893018854585156
129.0, 0.8922443310186596
130.0, 0.8932680201005241
131.0, 0.893266753022263
132.0, 0.8930417281225876
133.0, 0.8918501408214514
134.0, 0.8931510103453143
135.0, 0.8931245049360822
136.0, 0.8930153242837621
137.0, 0.8921942504855734
138.0, 0.8932723849233826
139.0, 0.8932254389411787
140.0, 0.8929912253961485
141.0, 0.8918756110714701
142.0, 0.8980055066259951
143.0, 1.608085291221433
144.0, 1.6023633153545545
145.0, 1.5963333518124059
146.0, 1.587036141199099
147.0, 1.577024934061557
148.0, 1.5650396719131463
149.0, 1.552204671456027
150.0, 1.5362375863810043
151.0, 1.6035170382536752
152.0, 1.672247049414886
153.0, 1.7430981079495957
154.0, 1.813158344778725
155.0, 1.8852774234588001
156.0, 1.9582528722719714
157.0, 2.0327590097841655
158.0, 2.1062928834341332
159.0, 2.1814934421491476
160.0, 2.257305027029578
161.0, 2.3359273040793345
162.0, 2.409925177029134
163.0, 2.487287374965547
164.0, 2.5647989960515942
165.0, 2.64356345418785
166.0, 2.720737002617416
167.0, 2.710408743283399
168.0, 2.7869712079917788
169.0, 2.864670047709123
170.0, 2.9409347441604474
171.0, 3.018610093162611
172.0, 3.0966225339099123
173.0, 3.1758192915358587
174.0, 3.1638280523257456
175.0, 3.240206878521623
176.0, 3.316905412895015
177.0, 3.3053277911428265
178.0, 3.290113948421723
179.0, 3.2740731338139297
180.0, 3.2562913958703
181.0, 3.3219557320758097
182.0, 3.3385257125525163
183.0, 3.3543167779163667
184.0, 3.368216514437625
185.0, 3.380919038177597
186.0, 3.389823508240271
187.0, 3.3977467916250172
188.0, 3.4787247560944214
189.0, 3.4854216195571817
190.0, 3.566139401865412
191.0, 3.6481885241542766
192.0, 3.7302845583006015
193.0, 3.8132247142053615
194.0, 3.8943326435721306
195.0, 3.976631314593011
196.0, 4.05904355638117
197.0, 4.142453602814462
198.0, 4.223567881404435
199.0, 4.305999497383794
200.0, 4.38845880679383
201.0, 4.471741114969954
202.0, 4.5531608888956505
203.0, 4.63575906274196
204.0, 4.718458678675256
205.0, 4.80214208350302
206.0, 4.8835018062391695
207.0, 4.966173065231983
208.0, 5.048861828552237
209.0, 5.132363118026753
210.0, 5.213982417309955
211.0, 5.296774149499167
212.0, 5.379662330217093
213.0, 5.382909862266678
214.0, 5.46468105809261
215.0, 5.547754823906046
216.0, 5.547663291633404
217.0, 5.548594253571434
218.0, 5.540260578200418
219.0, 5.534102547945704
220.0, 5.524402451416034
221.0, 5.513677667108408
222.0, 5.499909993485615
223.0, 5.485238549390194
224.0, 5.467485689061465
225.0, 5.448808386415298
226.0, 5.42784166530372
227.0, 5.4061641591405465
228.0, 5.381992968203047
229.0, 5.357120646363541
230.0, 5.357177809163491
231.0, 5.357659086883275
232.0, 5.357123509546217
233.0, 5.357151469011395
234.0, 5.357169805914205
235.0, 5.357523058180942
236.0, 5.357064193388534
237.0, 5.357112483918532
238.0, 5.3571786309933564
239.0, 5.3576495793037076
240.0, 5.357122650985591
241.0, 5.357151669607726
242.0, 5.357169805914205
243.0, 5.357612908442827
244.0, 5.35831212728321
245.0, 5.358419187247873
246.0, 5.357552963810382
247.0, 5.3560182400542145
248.0, 5.353412315689722
249.0, 5.350067631852266
250.0, 5.345600956688737
251.0, 5.340417454740203
252.0, 5.334132274228375
253.0, 5.327245801940476
254.0, 5.319338844765639
255.0, 5.311006041059333
256.0, 5.301777446580926
257.0, 5.292316582534719
258.0, 5.282110652112845
259.0, 5.271861999656649
260.0, 5.261017239423615
261.0, 5.249361443331361
262.0, 5.235263020571252
263.0, 5.257655900845757
264.0, 5.281496806755556
265.0, 5.30576035533944
266.0, 5.330303535347838
267.0, 5.354936616154288
268.0, 5.379471222734267
269.0, 5.4037169420656666
270.0, 5.427495323266326
271.0, 5.450626255261899
272.0, 5.472940441057566
273.0, 5.494274471078372
274.0, 5.514466395382066
275.0, 5.541071867627743
276.0, 5.57073529937481
277.0, 5.587965712506311
278.0, 5.601273834845073
279.0, 5.616264766408811
280.0, 5.627688874116906
281.0, 5.637090637728623
282.0, 5.644095109806805
spot_hold
0, 0
1, 0
2, 0
3, 0
4, 0
5, 0
6, 0
7, 0
8, 0
9, 0
10, 0
11, 0
12, 0
13, 0
14, 0
15, 0
16, 0
17, 0
18, 0
19, 0
20, 0
21, 0
22, 0
23, 0
24, 0
25, 0
26, 0
27, 0
28, 0
29, 0
30, 0
31, 0
32, 0
33, 0
34, 0
35, 0
36, 0
37, 0
38, 0
39, 0
40, 0
41, 1
42, 1
43, 1
44, 1
45, 1
46, 1
47, 1
48, 1
49, 1
50, 1
51, 1
52, 1
53, 1
54, 1
55, 1
56, 1
57, 1
58, 1
59, 1
60, 1
61, 1
62, 1
63, 1
64, 1
65, 1
66, 1
67, 1
68, 1
69, 1
70, 1
71, 1
72, 1
73, 1
74, 1
75, 1
76, 1
77, 1
78, 1
79, 1
80, 1
81, 1
82, 1
83, 1
84, 1
85, 1
86, 1
87, 1
88, 1
89, 1
90, 1
91, 1
92, 1
93, 1
94, 1
95, 1
96, 1
97, 1
98, 1
99, 1
100, 1
101, 1
102, 1
103, 1
104, 1
105, 1
106, 1
107, 1
108, 1
109, 1
110, 1
111, 1
112, 1
113, 1
114, 1
115, 1
116, 1
117, 1
118, 1
119, 1
120, 1
121, 1
122, 1
123, 1
124, 1
125, 1
126, 1
127, 1
128, 1
129, 1
130, 1
131, 1
132, 1
133, 1
134, 1
135, 1
136, 1
137, 1
138, 1
139, 1
140, 1
141, 1
142, 1
143, 1
144, 1
145, 1
146, 1
147, 1
148, 1
149, 1
150, 1
151, 1
152, 1
153, 1
154, 1
155, 1
156, 1
157, 1
158, 1
159, 1
160, 1
161, 1
162, 1
163, 1
164, 1
165, 1
166, 1
167, 1
168, 1
169, 1
170, 1
171, 1
172, 1
173, 1
174, 1
175, 1
176, 1
177, 1
178, 1
179, 1
180, 1
181, 1
182, 1
183, 1
184, 1
185, 1
186, 1
187, 1
188, 1
189, 1
190, 1
191, 1
192, 1
193, 1
194, 1
195, 1
196, 1
197, 1
198, 1
199, 1
200, 1
201, 1
202, 1
203, 1
204, 1
205, 1
206, 1
207, 1
208, 1
209, 1
210, 1
211, 1
212, 1
213, 1
214, 1
215, 1
216, 1
217, 1
218, 1
219, 1
220, 1
221, 1
222, 1
223, 1
224, 1
225, 1
226, 1
227, 1
228, 1
229, 1
230, 1
231, 1
232, 1
233, 1
234, 1
235, 1
236, 1
237, 1
238, 1
239, 1
240, 1
241, 1
242, 1
243, 1
244, 1
245, 1
246, 1
247, 1
248, 1
249, 1
250, 1
251, 1
252, 1
253, 1
254, 1
255, 1
256, 1
257, 1
258, 1
259, 1
260, 1
261, 1
262, 1
263, 1
264, 1
265, 1
266, 1
267, 1
268, 1
269, 1
270, 1
271, 1
272, 1
273, 1
274, 1
275, 1
276, 1
277, 1
278, 1
279, 1
280, 1
281, 1
282, 1
