bot_dist
0.0, 3.2534099457149566
1.0, 3.2585135214926306
2.0, 3.2636397571181384
3.0, 3.268788545983437
4.0, 3.2739597816835517
5.0, 3.279153358022287
6.0, 3.284369169017819
7.0, 3.2896071089081884
8.0, 3.2948670721566766
9.0, 3.3001489534570805
10.0, 3.3054526477388753
11.0, 3.3107780501722788
12.0, 3.316125056173199
13.0, 3.3214935614080865
14.0, 3.3268834617986816
15.0, 3.332294653526652
16.0, 3.3377270330381386
17.0, 3.3431804970481878
18.0, 3.3486549425450955
19.0, 3.354150266794639
20.0, 3.3596663673442246
21.0, 3.3652031420269197
22.0, 3.3707604889654057
23.0, 3.3763383065758203
24.0, 3.381936493571514
25.0, 3.3875549489667067
26.0, 3.3931935720800532
27.0, 3.3988522625381195
28.0, 3.4045309202787575
29.0, 3.410229445554402
30.0, 3.4159477389352686
31.0, 3.421685701312468
32.0, 3.4274432339010295
33.0, 3.4332202382428405
34.0, 3.4390166162095004
35.0, 3.444832270005085
36.0, 3.450667102168834
37.0, 3.4565210155777533
38.0, 3.4623939134491324
39.0, 3.4682856993429856
40.0, 3.4741962771644124
41.0, 3.480125551165875
42.0, 3.486073425949408
43.0, 3.492039806468739
44.0, 3.4980245980313436
45.0, 3.5040277063004215
46.0, 3.5100490372967967
47.0, 3.516088497400752
48.0, 3.522145993353785
49.0, 3.528221432260295
50.0, 3.534314721589206
51.0, 3.5404257691755117
52.0, 3.5465544832217617
53.0, 3.5527007722994726
54.0, 3.5588645453504815
55.0, 3.565045711688231
56.0, 3.571244180998987
57.0, 3.577459863343003
58.0, 3.583692669155613
59.0, 3.5899425092482686
60.0, 3.5962092948095163
61.0, 3.602492937405915
62.0, 3.6087933489828927
63.0, 3.615110441865554
64.0, 3.6214441287594212
65.0, 3.627794322751132
66.0, 3.6341609373090686
67.0, 3.64054388628395
68.0, 3.6469430839093575
69.0, 3.653358444802217
70.0, 3.659789883963229
71.0, 3.6662373167772464
72.0, 3.6727006590136084
73.0, 3.6791798268264206
74.0, 3.685674736754794
75.0, 3.692185305723033
76.0, 3.6987114510407775
77.0, 3.70525309040311
78.0, 3.7118101418906044
79.0, 3.718382523969345
80.0, 3.724970155490893
81.0, 3.7315729556922226
82.0, 3.738190844195607
83.0, 3.74482374100847
84.0, 3.751471566523197
85.0, 3.7581342415169092
86.0, 3.764811687151201
87.0, 3.7715038249718367
88.0, 3.7782105769084193
89.0, 3.7849318652740163
90.0, 3.791667612764752
91.0, 3.7984177424593795
92.0, 3.8051821778187946
93.0, 3.811960842685546
94.0, 3.818753661283291
95.0, 3.825560558216234
96.0, 3.832381458468534
97.0, 3.8392162874036724
98.0, 3.8460649707638064
99.0, 3.8529274346690845
100.0, 3.8598036056169382
101.0, 3.8598036056169382
102.0, 3.8598036056169382
103.0, 3.8598036056169382
104.0, 3.8598036056169382
105.0, 3.8598036056169382
106.0, 3.8598036056169382
107.0, 3.8598036056169382
108.0, 3.8598036056169382
109.0, 3.8598036056169382
110.0, 3.8598036056169382
111.0, 3.8598036056169382
112.0, 3.8598036056169382
113.0, 3.8598036056169382
114.0, 3.8598036056169382
115.0, 3.8598036056169382
116.0, 3.8598036056169382
117.0, 3.8598036056169382
118.0, 3.8598036056169382
119.0, 3.8598036056169382
120.0, 3.8598036056169382
121.0, 3.8598036056169382
122.0, 3.8598036056169382
123.0, 3.8598036056169382
124.0, 3.8598036056169382
125.0, 3.8598036056169382
126.0, 3.8598036056169382
127.0, 3.8598036056169382
128.0, 3.8598036056169382
129.0, 3.8598036056169382
130.0, 3.8598036056169382
131.0, 3.8529274346690845
132.0, 3.8460649707638064
133.0, 3.8392162874036724
134.0, 3.832381458468534
135.0, 3.825560558216234
136.0, 3.818753661283291
137.0, 3.811960842685546
138.0, 3.8051821778187946
139.0, 3.7984177424593795
140.0, 3.791667612764752
141.0, 3.7849318652740163
142.0, 3.7782105769084193
143.0, 3.775805292384789
144.0, 3.7691207919001553
145.0, 3.762450993898214
146.0, 3.755795976707972
147.0, 3.7491558190403946
148.0, 3.7425305999886826
149.0, 3.7359203990285144
150.0, 3.729325296018253
151.0, 3.639621347203466
152.0, 3.5499256522693785
153.0, 3.460238808233506
154.0, 3.3705615699907
155.0, 3.280894725211248
156.0, 3.1912391499960777
157.0, 3.101595821628643
158.0, 3.011965833595845
159.0, 2.922350413362682
160.0, 2.8327509435072553
161.0, 2.743168986980083
162.0, 2.653606317456547
163.0, 2.564064956019862
164.0, 2.4745472157671307
165.0, 2.3850557564049644
166.0, 2.2955936515393858
167.0, 2.2891969392451843
168.0, 2.19991332400734
169.0, 2.1107293665674907
170.0, 2.0216580492465277
171.0, 1.9327149455425752
172.0, 1.8439186090528774
173.0, 1.7552913138128525
174.0, 1.749269054346787
175.0, 1.6619952477765887
176.0, 1.5751419575202052
177.0, 1.5694062108713773
178.0, 1.5637133761406707
179.0, 1.5580639237012663
180.0, 1.5524583271624546
181.0, 1.4781982533954894
182.0, 1.4729448964278107
183.0, 1.4677408691940557
184.0, 1.4625866982544458
185.0, 1.4574829125371211
186.0, 1.4524300431976298
187.0, 1.4474286234723217
188.0, 1.4424791885255817
189.0, 1.4375822752908407
190.0, 1.4327384223053041
191.0, 1.4279481695383498
192.0, 1.4232120582135632
193.0, 1.4185306306243723
194.0, 1.41390442994327
195.0, 1.3333572909033435
196.0, 1.253366091979872
197.0, 1.1740444723146495
198.0, 1.168972689697986
199.0, 1.0936678312258463
200.0, 1.0197122161041507
201.0, 0.9474218622668157
202.0, 0.8772085666165682
203.0, 0.8096129052857036
204.0, 0.7453473997272086
205.0, 0.6853495013278668
206.0, 0.6308380413988127
207.0, 0.5833530944434213
208.0, 0.544735287945283
209.0, 0.5169755679761242
210.0, 0.5018789143318657
211.0, 0.5005923034095896
212.0, 0.5132196085792079
213.0, 0.5387834275873401
214.0, 0.5755625942246595
215.0, 0.6215695637051094
216.0, 0.6749197933582094
217.0, 0.7340138382190107
218.0, 0.7975760052907233
219.0, 0.7927613284449729
220.0, 0.8630386849441758
221.0, 0.9354224360448123
222.0, 1.009459563486995
223.0, 1.005852575702921
224.0, 1.002332378704578
225.0, 0.9988998900638066
226.0, 0.995556016986449
227.0, 0.9923016553270941
228.0, 0.9891376885906177
229.0, 0.986064986922474
230.0, 0.9830844060898222
231.0, 0.9830844060898222
232.0, 0.9830844060898222
233.0, 0.9830844060898222
234.0, 0.9830844060898222
235.0, 0.9830844060898222
236.0, 0.9830844060898222
237.0, 0.9830844060898222
238.0, 0.9830844060898222
239.0, 0.9830844060898222
240.0, 0.9830844060898222
241.0, 0.9830844060898222
242.0, 0.9830844060898222
243.0, 0.9830844060898222
244.0, 0.9830844060898222
245.0, 0.9830844060898222
246.0, 0.9830844060898222
247.0, 0.9830844060898222
248.0, 0.9830844060898222
249.0, 0.9830844060898222
250.0, 0.9830844060898222
251.0, 0.9830844060898222
252.0, 0.9830844060898222
253.0, 0.9830844060898222
254.0, 0.9830844060898222
255.0, 0.9830844060898222
256.0, 0.9830844060898222
257.0, 0.9830844060898222
258.0, 0.9830844060898222
259.0, 0.9830844060898222
260.0, 0.9830844060898222
261.0, 0.986064986922474
262.0, 0.9891376885906177
263.0, 0.9923016553270941
264.0, 0.995556016986449
265.0, 0.9988998900638066
266.0, 1.002332378704578
267.0, 1.005852575702921
268.0, 1.009459563486995
269.0, 1.01315241508918
270.0, 1.0169301950995715
271.0, 1.0207919606011784
272.0, 1.0247367620854015
273.0, 1.0287636443464936
274.0, 1.0328716473538304
275.0, 1.0370598071009607
276.0, 1.041327156430523
277.0, 1.0456727258342386
278.0, 1.0500955442273168
279.0, 1.0545946396967194
280.0, 1.05916904022284
281.0, 1.0638177743742685
282.0, 1.068539871975399
ee_dist
0.0, 1.4417644817283615
1.0, 1.504124631334864
2.0, 1.613715595595341
3.0, 1.7065539619109251
4.0, 1.7386700029984425
5.0, 1.764517049801371
6.0, 1.7967212046035947
7.0, 1.8300560609792094
8.0, 1.8648811567746324
9.0, 1.8979859547915532
10.0, 1.93526191552197
11.0, 1.9689217005742914
12.0, 1.999274195922815
13.0, 2.03475880718459
14.0, 2.060643027915502
15.0, 2.0871270481366295
16.0, 2.1120817959082734
17.0, 2.1395274485963656
18.0, 2.160930426229429
19.0, 2.1801607079927927
20.0, 2.1993612942408824
21.0, 2.1693688913527387
22.0, 2.128045482420353
23.0, 2.083502056122922
24.0, 2.035311008719989
25.0, 1.98376741055866
26.0, 1.9290286877591842
27.0, 1.8714538922908384
28.0, 1.811269243714866
29.0, 1.748951633077377
30.0, 1.6848244887255075
31.0, 1.6195096022463047
32.0, 1.5534681700688027
33.0, 1.487502204731603
34.0, 1.4222691135952847
35.0, 1.3588088819728317
36.0, 1.2980550695445428
37.0, 1.2413271050647112
38.0, 1.1898538990298861
39.0, 1.1451248888808983
40.0, 1.1085505243102471
41.0, 1.121573072017682
42.0, 1.0011929339529302
43.0, 0.7498090093168467
44.0, 0.7027155608552591
45.0, 0.6551186607762081
46.0, 0.6069216028953823
47.0, 0.5581308115996052
48.0, 0.509616503253499
49.0, 0.4619162634713809
50.0, 0.416579561207641
51.0, 0.37556414947812505
52.0, 0.34120849952141463
53.0, 0.3157481105403433
54.0, 0.30211702434774296
55.0, 0.30223129189414655
56.0, 0.31678940780615467
57.0, 0.3436217508056971
58.0, 0.3164638657932376
59.0, 0.27676132797985403
60.0, 0.25429620346553217
61.0, 0.2639652324968849
62.0, 0.3087242887899291
63.0, 0.3754686751390188
64.0, 0.44895255707876175
65.0, 0.5126224053786611
66.0, 0.5727166576245645
67.0, 0.6323015348494886
68.0, 0.685738446094701
69.0, 0.7373282277959355
70.0, 0.7874399745712312
71.0, 0.8358443111679298
72.0, 0.8845047589404355
73.0, 0.9405430494318663
74.0, 1.0009352797348907
75.0, 1.0727897768207466
76.0, 1.1542437924397186
77.0, 1.2456071617155529
78.0, 1.3422831872243555
79.0, 1.4393921147066353
80.0, 1.5322647039465143
81.0, 1.6113216661115284
82.0, 1.6765286486738304
83.0, 1.7412752184364122
84.0, 1.8025646048862825
85.0, 1.862472591750386
86.0, 1.9111090514984086
87.0, 1.9396271429996523
88.0, 1.9693011951658086
89.0, 2.0080155575376106
90.0, 2.0583605982551743
91.0, 2.1394359793061763
92.0, 2.2310169672552447
93.0, 2.3309876723567444
94.0, 2.4359958768370626
95.0, 2.541933428344186
96.0, 2.643303706191611
97.0, 2.7332205965690175
98.0, 2.8061202489694073
99.0, 2.874696827005276
100.0, 2.9413460284844852
101.0, 3.0053041123241897
102.0, 3.0686020461088828
103.0, 3.130556366385953
104.0, 3.1935505591290423
105.0, 3.2622573100461203
106.0, 3.3359223549244494
107.0, 3.415854719937791
108.0, 3.5065562918231845
109.0, 3.605342535917944
110.0, 3.7113175515859558
111.0, 3.8189630383838606
112.0, 3.922073733082965
113.0, 4.016711161717973
114.0, 4.09213183358472
115.0, 4.16176469874032
116.0, 4.227495968404018
117.0, 4.291599905669163
118.0, 4.354887591347544
119.0, 4.418017497558086
120.0, 4.48025702785826
121.0, 4.548173465763082
122.0, 4.621815758885093
123.0, 4.698513050534898
124.0, 4.7435713198166365
125.0, 4.788086834889304
126.0, 4.832865528918425
127.0, 4.876498250370259
128.0, 4.9198124656138065
129.0, 4.961423593241713
130.0, 5.002184645473513
131.0, 5.040742349437895
132.0, 5.077976509415357
133.0, 5.112567682347055
134.0, 5.1454205797168795
135.0, 5.1752565382282265
136.0, 5.203006069156718
137.0, 5.227428682846129
138.0, 5.249483225901573
139.0, 5.267970198767586
140.0, 5.283874414022029
141.0, 5.296035050060336
142.0, 5.305464972978383
143.0, 4.656243722093644
144.0, 4.646401007342763
145.0, 4.639658665781665
146.0, 4.634902223714774
147.0, 4.633369330717939
148.0, 4.633861572730843
149.0, 4.637591607666227
150.0, 4.643314383250518
151.0, 4.562334064136623
152.0, 4.480830504130095
153.0, 4.400005111638586
154.0, 4.318665227191121
155.0, 4.238012799151337
156.0, 4.15685617521328
157.0, 4.076397380442892
158.0, 3.9954465072697514
159.0, 3.9152055290851626
160.0, 3.834486658952611
161.0, 3.7544918006119823
162.0, 3.6740358607292958
163.0, 3.5943202205229197
164.0, 3.5141637164384782
165.0, 3.4347668702729783
166.0, 3.354952838909244
167.0, 3.3662175130983556
168.0, 3.2892652940201805
169.0, 3.213218513982679
170.0, 3.1369566092733527
171.0, 3.061647151688469
172.0, 2.986182011910001
173.0, 2.9117261186547334
174.0, 2.9265670054314983
175.0, 2.8563796530085197
176.0, 2.786370795209803
177.0, 2.8047203955893205
178.0, 2.8246077480338023
179.0, 2.846806855556477
180.0, 2.8702436904300983
181.0, 2.8226292136306514
182.0, 2.798386172757947
183.0, 2.7761619562903954
184.0, 2.755290232020665
185.0, 2.7368952060963223
186.0, 2.720141463759399
187.0, 2.7062524123946265
188.0, 2.6942417639774288
189.0, 2.6853901489768113
190.0, 2.678584510840897
191.0, 2.675119078140554
192.0, 2.673786181549421
193.0, 2.6758468388414283
194.0, 2.6800379617272685
195.0, 2.5995462059505834
196.0, 2.51860892369907
197.0, 2.4384639624723197
198.0, 2.446056805962526
199.0, 2.3685592508627393
200.0, 2.2908602323773635
201.0, 2.214181371302009
202.0, 2.1373915866806366
203.0, 2.0617179364371983
204.0, 1.9860514770697406
205.0, 1.9116270656342729
206.0, 1.8373659484602554
207.0, 1.7645142988756903
208.0, 1.6920349499298872
209.0, 1.6211907729026367
210.0, 1.5510017405663499
211.0, 1.4827552340182069
212.0, 1.41555148649849
213.0, 1.350711345842639
214.0, 1.2874475161531636
215.0, 1.2271253645955442
216.0, 1.1691068964749693
217.0, 1.1148120929420269
218.0, 1.0637934790390178
219.0, 1.0876467508789862
220.0, 1.0479803092360722
221.0, 1.009447051259399
222.0, 0.9859367856380212
223.0, 0.9509756484257283
224.0, 0.92591509652809
225.0, 0.9095783701060548
226.0, 0.8743922427517493
227.0, 0.8679456835356991
228.0, 0.8493660719875479
229.0, 0.8345069303937751
230.0, 0.8220174526972464
231.0, 0.8133719627430002
232.0, 0.8073442578841507
233.0, 0.8054378399944295
234.0, 0.806292641744388
235.0, 0.8112871129067766
236.0, 0.8189398145204954
237.0, 0.8304621748217922
238.0, 0.8443328517569335
239.0, 0.8446405047110146
240.0, 0.8443328517569335
241.0, 0.8446405047110146
242.0, 0.8443328517569335
243.0, 0.8500993011885831
244.0, 0.8625510370411719
245.0, 0.875989958727266
246.0, 0.8916583832111327
247.0, 0.9083030928226071
248.0, 0.9269359865163496
249.0, 0.9462603073449297
250.0, 0.96733676374109
251.0, 0.9922320880699673
252.0, 1.0140630127671002
253.0, 1.0374484747732873
254.0, 1.0618037063679178
255.0, 1.0859884861075244
256.0, 1.1108886927843455
257.0, 1.1353645074216947
258.0, 1.1602294257409729
259.0, 1.1844707797573293
260.0, 1.2191795134362333
261.0, 1.2495128456597828
262.0, 1.281679507997651
263.0, 1.2498468418605817
264.0, 1.2158095180885276
265.0, 1.1792297295629324
266.0, 1.1419729232167748
267.0, 1.1012974995768414
268.0, 1.0606405385077657
269.0, 1.0181352288107361
270.0, 0.974281793527928
271.0, 0.9293513691601928
272.0, 0.8834677330286947
273.0, 0.8370022358997729
274.0, 0.7889001294968351
275.0, 0.7359209217945389
276.0, 0.6820065638444611
277.0, 0.6249848180054954
278.0, 0.5787997292233668
279.0, 0.536067688998692
280.0, 0.4966190630200194
281.0, 0.46758958862922306
282.0, 0.3994351128592553
ee_box_dist
0.0, 0.6715376597306194
1.0, 0.7110534674465863
2.0, 0.748931218125002
3.0, 0.7836658476880267
4.0, 0.8199339291678683
5.0, 0.8571440880780067
6.0, 0.8948931630824752
7.0, 0.9307292887825596
8.0, 0.9646254582032506
9.0, 0.9955448364369787
10.0, 1.0294388721357632
11.0, 1.0589910697264155
12.0, 1.0846400203897923
13.0, 1.1150924073653596
14.0, 1.1360469879202006
15.0, 1.157502573572983
16.0, 1.1773872227376987
17.0, 1.1996434208436015
18.0, 1.216414474179069
19.0, 1.2312578323991266
20.0, 1.246111119901329
21.0, 1.2243100625197951
22.0, 1.1945211473520565
23.0, 1.1620275865024658
24.0, 1.126491225027584
25.0, 1.0880865895343328
26.0, 1.046821777044227
27.0, 1.0029106596647288
28.0, 0.9563578754884541
29.0, 0.9074333408591266
30.0, 0.8561595350890235
31.0, 0.8028544985016733
32.0, 0.7476173027949329
33.0, 0.6907512327587387
34.0, 0.632397761093881
35.0, 0.5730623605481423
36.0, 0.5131998295380862
37.0, 0.45393503122081047
38.0, 0.3962441426179376
39.0, 0.34206642541688476
40.0, 0.29407016682468035
41.0, 0.3027292868335809
42.0, 0.31162686798268463
43.0, 0.3208422459621375
44.0, 0.3301748161011396
45.0, 0.33968842837928603
46.0, 0.3493041156345985
47.0, 0.3590462679588201
48.0, 0.3686048149320741
49.0, 0.37832170767145046
50.0, 0.3878565425149927
51.0, 0.39743990443978566
52.0, 0.4067993231133771
53.0, 0.4162560511177335
54.0, 0.42544045696344185
55.0, 0.4346645762822728
56.0, 0.443795280247783
57.0, 0.4529590774672346
58.0, 0.4619763106314589
59.0, 0.4709181158007003
60.0, 0.47969977239942563
61.0, 0.4883327075065336
62.0, 0.49676835032029004
63.0, 0.5050231573032856
64.0, 0.51303712899266
65.0, 0.5208395589237522
66.0, 0.5283584118746925
67.0, 0.5356396264219773
68.0, 0.5426162636723258
69.0, 0.5493348761162189
70.0, 0.555745845222539
71.0, 0.5619366220514734
72.0, 0.5677264815014536
73.0, 0.5732385054514301
74.0, 0.5784236933195773
75.0, 0.5833062047275999
76.0, 0.5878405249180426
77.0, 0.5920519705434831
78.0, 0.5959009459644312
79.0, 0.5994105119639966
80.0, 0.6025425128270421
81.0, 0.6053174860413216
82.0, 0.6076988532174064
83.0, 0.6097051157419165
84.0, 0.6113013354634264
85.0, 0.6125076681849811
86.0, 0.6326714473426621
87.0, 0.6761651254818863
88.0, 0.7133914350020073
89.0, 0.7456975761889587
90.0, 0.7687025413555395
91.0, 0.7684826371837941
92.0, 0.7682422439280917
93.0, 0.76786972950136
94.0, 0.7683606234877908
95.0, 0.7686799150403141
96.0, 0.7682557590683584
97.0, 0.768626873188175
98.0, 0.7682502748973329
99.0, 0.7686174900479156
100.0, 0.7682493728292249
101.0, 0.7686160698930252
102.0, 0.7682492504695139
103.0, 0.7686159034013917
104.0, 0.7682492465786751
105.0, 0.7686158902387383
106.0, 0.7682494130641819
107.0, 0.768615964591797
108.0, 0.768249417700375
109.0, 0.768616074515892
110.0, 0.7682495446962612
111.0, 0.768616206142438
112.0, 0.7682497289811826
113.0, 0.7686163246063348
114.0, 0.7682497994334366
115.0, 0.7667892411493941
116.0, 0.7682253476183803
117.0, 0.7686355753432847
118.0, 0.7682496566465169
119.0, 0.7686176396598084
120.0, 0.7682496608624123
121.0, 0.768615602075141
122.0, 0.7682482999920941
123.0, 0.7686148737065183
124.0, 0.7682483131552794
125.0, 0.7686149395196794
126.0, 0.7682484494232454
127.0, 0.7686150007100581
128.0, 0.7682485547287399
129.0, 0.7686151060111179
130.0, 0.7682486863606134
131.0, 0.7686153080734117
132.0, 0.7682487963022444
133.0, 0.7686153824264191
134.0, 0.7682489101348132
135.0, 0.7686154265371219
136.0, 0.7682489496243798
137.0, 0.7686154528623915
138.0, 0.7682489805868924
139.0, 0.7686155450008371
140.0, 0.7682490990556011
141.0, 0.7686156897898295
142.0, 0.7682492833402694
143.0, 1.483428460481287
144.0, 1.485035528017022
145.0, 1.4845154826242628
146.0, 1.4826291089176797
147.0, 1.4786246032980503
148.0, 1.4732546949230645
149.0, 1.4658515442508622
150.0, 1.4571002538774989
151.0, 1.5323261942321642
152.0, 1.6086975392641651
153.0, 1.68537550210301
154.0, 1.763029753966571
155.0, 1.8407916490606797
156.0, 1.9194141884575904
157.0, 1.9980222427502312
158.0, 2.077409449345502
159.0, 2.156670520421544
160.0, 2.2366530727143306
161.0, 2.3164452181399726
162.0, 2.39691657045853
163.0, 2.477128486900633
164.0, 2.557988580268528
165.0, 2.6385541651761995
166.0, 2.7197447439518996
167.0, 2.712762009694709
168.0, 2.792923070585722
169.0, 2.872811265197601
170.0, 2.9533522235689214
171.0, 3.033573194026764
172.0, 3.1144275089147313
173.0, 3.1949403658907722
174.0, 3.187388423743529
175.0, 3.266620316061794
176.0, 3.3465217115701584
177.0, 3.3367845295297287
178.0, 3.3254810975576734
179.0, 3.311739918313605
180.0, 3.2965260757686257
181.0, 3.3664532816135377
182.0, 3.381769761577578
183.0, 3.3947141136131758
184.0, 3.406124348066036
185.0, 3.4150106593541047
186.0, 3.422285883399437
187.0, 3.426924532865682
188.0, 3.4298920955729972
189.0, 3.4302270498855916
190.0, 3.4288623616529397
191.0, 3.4248097655882894
192.0, 3.4191211278529057
193.0, 3.410827714680967
194.0, 3.400926548476924
195.0, 3.4760570392280727
196.0, 3.5520017867172538
197.0, 3.627818702127653
198.0, 3.616636387037323
199.0, 3.690181847738718
200.0, 3.7645763904757823
201.0, 3.8388928455106544
202.0, 3.914021924153457
203.0, 3.9890236921106474
204.0, 4.064806897011695
205.0, 4.140419880570442
206.0, 4.216787592669574
207.0, 4.292947507064866
208.0, 4.369839246270282
209.0, 4.446490045561541
210.0, 4.523853292178187
211.0, 4.600946298115826
212.0, 4.678734659519394
213.0, 4.756227500633078
214.0, 4.834399979647183
215.0, 4.91225410462535
216.0, 4.99077630640456
217.0, 5.068958926129868
218.0, 5.147798397464146
219.0, 5.138061247571205
220.0, 5.214774583328918
221.0, 5.300095351571405
222.0, 5.367423134082786
223.0, 5.394297868352236
224.0, 5.397778344432532
225.0, 5.388252637864989
226.0, 5.408703371712892
227.0, 5.389610766164802
228.0, 5.388423635657734
229.0, 5.38371648516972
230.0, 5.3772363455466685
231.0, 5.3679725275031664
232.0, 5.35708395402632
233.0, 5.343604984124598
234.0, 5.328591502663424
235.0, 5.3112048725126
236.0, 5.29242431956698
237.0, 5.2715413406015
238.0, 5.249438583995388
239.0, 5.249274407433972
240.0, 5.249438487548674
241.0, 5.249274283429551
242.0, 5.249438418658164
243.0, 5.248043632156478
244.0, 5.245736842159608
245.0, 5.242909526624519
246.0, 5.238847517056533
247.0, 5.234171703100287
248.0, 5.228190351963118
249.0, 5.221552898107307
250.0, 5.213570486149093
251.0, 5.202950286919937
252.0, 5.193737722957628
253.0, 5.1831635886953675
254.0, 5.171482105521338
255.0, 5.1595199617925
256.0, 5.1465380389571
257.0, 5.133482533788622
258.0, 5.119570972917171
259.0, 5.1057621530436945
260.0, 5.084632419690519
261.0, 5.066241768551144
262.0, 5.046099261665078
263.0, 5.080005238329021
264.0, 5.114998701042398
265.0, 5.151408929567768
266.0, 5.186898427276007
267.0, 5.224467566102807
268.0, 5.260083484392613
269.0, 5.2959160061683965
270.0, 5.331113677931981
271.0, 5.365427527337678
272.0, 5.398608232073734
273.0, 5.430401638736152
274.0, 5.460663316527806
275.0, 5.497589080767283
276.0, 5.533230064195623
277.0, 5.569968900004176
278.0, 5.5921605971220805
279.0, 5.610525014557208
280.0, 5.626279473127165
281.0, 5.6424562017668505
282.0, 5.686682177439074
spot_hold
0, 0
1, 0
2, 0
3, 0
4, 0
5, 0
6, 0
7, 0
8, 0
9, 0
10, 0
11, 0
12, 0
13, 0
14, 0
15, 0
16, 0
17, 0
18, 0
19, 0
20, 0
21, 0
22, 0
23, 0
24, 0
25, 0
26, 0
27, 0
28, 0
29, 0
30, 0
31, 0
32, 0
33, 0
34, 0
35, 0
36, 0
37, 0
38, 0
39, 0
40, 0
41, 1
42, 1
43, 1
44, 1
45, 1
46, 1
47, 1
48, 1
49, 1
50, 1
51, 1
52, 1
53, 1
54, 1
55, 1
56, 1
57, 1
58, 1
59, 1
60, 1
61, 1
62, 1
63, 1
64, 1
65, 1
66, 1
67, 1
68, 1
69, 1
70, 1
71, 1
72, 1
73, 1
74, 1
75, 1
76, 1
77, 1
78, 1
79, 1
80, 1
81, 1
82, 1
83, 1
84, 1
85, 1
86, 1
87, 1
88, 1
89, 1
90, 1
91, 1
92, 1
93, 1
94, 1
95, 1
96, 1
97, 1
98, 1
99, 1
100, 1
101, 1
102, 1
103, 1
104, 1
105, 1
106, 1
107, 1
108, 1
109, 1
110, 1
111, 1
112, 1
113, 1
114, 1
115, 1
116, 1
117, 1
118, 1
119, 1
120, 1
121, 1
122, 1
123, 1
124, 1
125, 1
126, 1
127, 1
128, 1
129, 1
130, 1
131, 1
132, 1
133, 1
134, 1
135, 1
136, 1
137, 1
138, 1
139, 1
140, 1
141, 1
142, 1
143, 1
144, 1
145, 1
146, 1
147, 1
148, 1
149, 1
150, 1
151, 1
152, 1
153, 1
154, 1
155, 1
156, 1
157, 1
158, 1
159, 1
160, 1
161, 1
162, 1
163, 1
164, 1
165, 1
166, 1
167, 1
168, 1
169, 1
170, 1
171, 1
172, 1
173, 1
174, 1
175, 1
176, 1
177, 1
178, 1
179, 1
180, 1
181, 1
182, 1
183, 1
184, 1
185, 1
186, 1
187, 1
188, 1
189, 1
190, 1
191, 1
192, 1
193, 1
194, 1
195, 1
196, 1
197, 1
198, 1
199, 1
200, 1
201, 1
202, 1
203, 1
204, 1
205, 1
206, 1
207, 1
208, 1
209, 1
210, 1
211, 1
212, 1
213, 1
214, 1
215, 1
216, 1
217, 1
218, 1
219, 1
220, 1
221, 1
222, 1
223, 1
224, 1
225, 1
226, 1
227, 1
228, 1
229, 1
230, 1
231, 1
232, 1
233, 1
234, 1
235, 1
236, 1
237, 1
238, 1
239, 1
240, 1
241, 1
242, 1
243, 1
244, 1
245, 1
246, 1
247, 1
248, 1
249, 1
250, 1
251, 1
252, 1
253, 1
254, 1
255, 1
256, 1
257, 1
258, 1
259, 1
260, 1
261, 1
262, 1
263, 1
264, 1
265, 1
266, 1
267, 1
268, 1
269, 1
270, 1
271, 1
272, 1
273, 1
274, 1
275, 1
276, 1
277, 1
278, 1
279, 1
280, 1
281, 1
282, 1
