bot_dist
0.0, 3.2534099457149566
1.0, 3.2585135214926306
2.0, 3.2636397571181384
3.0, 3.268788545983437
4.0, 3.2739597816835517
5.0, 3.279153358022287
6.0, 3.284369169017819
7.0, 3.2896071089081884
8.0, 3.2948670721566766
9.0, 3.3001489534570805
10.0, 3.3054526477388753
11.0, 3.3107780501722788
12.0, 3.316125056173199
13.0, 3.3214935614080865
14.0, 3.3268834617986816
15.0, 3.332294653526652
16.0, 3.3377270330381386
17.0, 3.3431804970481878
18.0, 3.3486549425450955
19.0, 3.354150266794639
20.0, 3.3596663673442246
21.0, 3.3652031420269197
22.0, 3.3707604889654057
23.0, 3.3763383065758203
24.0, 3.381936493571514
25.0, 3.3875549489667067
26.0, 3.3931935720800532
27.0, 3.3988522625381195
28.0, 3.4045309202787575
29.0, 3.410229445554402
30.0, 3.4159477389352686
31.0, 3.421685701312468
32.0, 3.4274432339010295
33.0, 3.4332202382428405
34.0, 3.4390166162095004
35.0, 3.444832270005085
36.0, 3.450667102168834
37.0, 3.4565210155777533
38.0, 3.4623939134491324
39.0, 3.4682856993429856
40.0, 3.4741962771644124
41.0, 3.480125551165875
42.0, 3.486073425949408
43.0, 3.492039806468739
44.0, 3.4980245980313436
45.0, 3.5040277063004215
46.0, 3.5100490372967967
47.0, 3.516088497400752
48.0, 3.522145993353785
49.0, 3.528221432260295
50.0, 3.534314721589206
51.0, 3.5404257691755117
52.0, 3.5465544832217617
53.0, 3.5527007722994726
54.0, 3.5588645453504815
55.0, 3.565045711688231
56.0, 3.571244180998987
57.0, 3.577459863343003
58.0, 3.583692669155613
59.0, 3.5899425092482686
60.0, 3.5962092948095163
61.0, 3.602492937405915
62.0, 3.6087933489828927
63.0, 3.615110441865554
64.0, 3.6214441287594212
65.0, 3.627794322751132
66.0, 3.6341609373090686
67.0, 3.64054388628395
68.0, 3.6469430839093575
69.0, 3.653358444802217
70.0, 3.659789883963229
71.0, 3.6662373167772464
72.0, 3.6727006590136084
73.0, 3.6791798268264206
74.0, 3.685674736754794
75.0, 3.692185305723033
76.0, 3.6987114510407775
77.0, 3.70525309040311
78.0, 3.7118101418906044
79.0, 3.718382523969345
80.0, 3.724970155490893
81.0, 3.7315729556922226
82.0, 3.738190844195607
83.0, 3.74482374100847
84.0, 3.751471566523197
85.0, 3.7581342415169092
86.0, 3.764811687151201
87.0, 3.7715038249718367
88.0, 3.7782105769084193
89.0, 3.7849318652740163
90.0, 3.791667612764752
91.0, 3.7984177424593795
92.0, 3.8051821778187946
93.0, 3.811960842685546
94.0, 3.818753661283291
95.0, 3.825560558216234
96.0, 3.832381458468534
97.0, 3.8392162874036724
98.0, 3.8460649707638064
99.0, 3.8529274346690845
100.0, 3.8598036056169382
101.0, 3.8598036056169382
102.0, 3.8598036056169382
103.0, 3.8598036056169382
104.0, 3.8598036056169382
105.0, 3.8598036056169382
106.0, 3.8598036056169382
107.0, 3.8598036056169382
108.0, 3.8598036056169382
109.0, 3.8598036056169382
110.0, 3.8598036056169382
111.0, 3.8598036056169382
112.0, 3.8598036056169382
113.0, 3.8598036056169382
114.0, 3.8598036056169382
115.0, 3.8598036056169382
116.0, 3.8598036056169382
117.0, 3.8598036056169382
118.0, 3.8598036056169382
119.0, 3.8598036056169382
120.0, 3.8598036056169382
121.0, 3.8598036056169382
122.0, 3.8598036056169382
123.0, 3.8598036056169382
124.0, 3.8598036056169382
125.0, 3.8598036056169382
126.0, 3.8598036056169382
127.0, 3.8598036056169382
128.0, 3.8598036056169382
129.0, 3.8598036056169382
130.0, 3.8598036056169382
131.0, 3.8529274346690845
132.0, 3.8460649707638064
133.0, 3.8392162874036724
134.0, 3.832381458468534
135.0, 3.825560558216234
136.0, 3.818753661283291
137.0, 3.811960842685546
138.0, 3.8051821778187946
139.0, 3.7984177424593795
140.0, 3.791667612764752
141.0, 3.7849318652740163
142.0, 3.7782105769084193
143.0, 3.775805292384789
144.0, 3.7691207919001553
145.0, 3.762450993898214
146.0, 3.755795976707972
147.0, 3.7491558190403946
148.0, 3.7425305999886826
149.0, 3.7359203990285144
150.0, 3.729325296018253
151.0, 3.639621347203466
152.0, 3.5499256522693785
153.0, 3.460238808233506
154.0, 3.3705615699907
155.0, 3.280894725211248
156.0, 3.1912391499960777
157.0, 3.101595821628643
158.0, 3.011965833595845
159.0, 2.922350413362682
160.0, 2.8327509435072553
161.0, 2.743168986980083
162.0, 2.653606317456547
163.0, 2.564064956019862
164.0, 2.4745472157671307
165.0, 2.3850557564049644
166.0, 2.2955936515393858
167.0, 2.2891969392451843
168.0, 2.19991332400734
169.0, 2.1107293665674907
170.0, 2.0216580492465277
171.0, 1.9327149455425752
172.0, 1.8439186090528774
173.0, 1.7552913138128525
174.0, 1.749269054346787
175.0, 1.6619952477765887
176.0, 1.5751419575202052
177.0, 1.5694062108713773
178.0, 1.5637133761406707
179.0, 1.5580639237012663
180.0, 1.5524583271624546
181.0, 1.4781982533954894
182.0, 1.4729448964278107
183.0, 1.4677408691940557
184.0, 1.4625866982544458
185.0, 1.4574829125371211
186.0, 1.4524300431976298
187.0, 1.4474286234723217
188.0, 1.4424791885255817
189.0, 1.4375822752908407
190.0, 1.4327384223053041
191.0, 1.4279481695383498
192.0, 1.4232120582135632
193.0, 1.4185306306243723
194.0, 1.41390442994327
195.0, 1.3333572909033435
196.0, 1.253366091979872
197.0, 1.1740444723146495
198.0, 1.168972689697986
199.0, 1.0936678312258463
200.0, 1.0197122161041507
201.0, 0.9474218622668157
202.0, 0.8772085666165682
203.0, 0.8096129052857036
204.0, 0.7453473997272086
205.0, 0.6853495013278668
206.0, 0.6308380413988127
207.0, 0.5833530944434213
208.0, 0.544735287945283
209.0, 0.5169755679761242
210.0, 0.5018789143318657
211.0, 0.5005923034095896
212.0, 0.5132196085792079
213.0, 0.5387834275873401
214.0, 0.5755625942246595
215.0, 0.6215695637051094
216.0, 0.6749197933582094
217.0, 0.7340138382190107
218.0, 0.7975760052907233
219.0, 0.7927613284449729
220.0, 0.8630386849441758
221.0, 0.9354224360448123
222.0, 1.009459563486995
223.0, 1.005852575702921
224.0, 1.002332378704578
225.0, 0.9988998900638066
226.0, 0.995556016986449
227.0, 0.9923016553270941
228.0, 0.9891376885906177
229.0, 0.986064986922474
230.0, 0.9830844060898222
231.0, 0.9830844060898222
232.0, 0.9830844060898222
233.0, 0.9830844060898222
234.0, 0.9830844060898222
235.0, 0.9830844060898222
236.0, 0.9830844060898222
237.0, 0.9830844060898222
238.0, 0.9830844060898222
239.0, 0.9830844060898222
240.0, 0.9830844060898222
241.0, 0.9830844060898222
242.0, 0.9830844060898222
243.0, 0.9830844060898222
244.0, 0.9830844060898222
245.0, 0.9830844060898222
246.0, 0.9830844060898222
247.0, 0.9830844060898222
248.0, 0.9830844060898222
249.0, 0.9830844060898222
250.0, 0.9830844060898222
251.0, 0.9830844060898222
252.0, 0.9830844060898222
253.0, 0.9830844060898222
254.0, 0.9830844060898222
255.0, 0.9830844060898222
256.0, 0.9830844060898222
257.0, 0.9830844060898222
258.0, 0.9830844060898222
259.0, 0.9830844060898222
260.0, 0.9830844060898222
261.0, 0.986064986922474
262.0, 0.9891376885906177
263.0, 0.9923016553270941
264.0, 0.995556016986449
265.0, 0.9988998900638066
266.0, 1.002332378704578
267.0, 1.005852575702921
268.0, 1.009459563486995
269.0, 1.01315241508918
270.0, 1.0169301950995715
271.0, 1.0207919606011784
272.0, 1.0247367620854015
273.0, 1.0287636443464936
274.0, 1.0328716473538304
275.0, 1.0370598071009607
276.0, 1.041327156430523
277.0, 1.0456727258342386
278.0, 1.0500955442273168
279.0, 1.0545946396967194
280.0, 1.05916904022284
281.0, 1.0638177743742685
282.0, 1.068539871975399
ee_dist
0.0, 1.4417644817283615
1.0, 1.504124631334864
2.0, 1.613715595595341
3.0, 1.7065539619109251
4.0, 1.7386700029984425
5.0, 1.764517049801371
6.0, 1.7967212046035947
7.0, 1.8300560609792094
8.0, 1.8648811567746324
9.0, 1.8979859547915532
10.0, 1.93526191552197
11.0, 1.9689217005742914
12.0, 1.999274195922815
13.0, 2.03475880718459
14.0, 2.060643027915502
15.0, 2.0871270481366295
16.0, 2.1120817959082734
17.0, 2.1395274485963656
18.0, 2.160930426229429
19.0, 2.1801607079927927
20.0, 2.1993612942408824
21.0, 2.1693688913527387
22.0, 2.128045482420353
23.0, 2.083502056122922
24.0, 2.035311008719989
25.0, 1.98376741055866
26.0, 1.9290286877591842
27.0, 1.8714538922908384
28.0, 1.811269243714866
29.0, 1.748951633077377
30.0, 1.6848244887255075
31.0, 1.6195096022463047
32.0, 1.5534681700688027
33.0, 1.487502204731603
34.0, 1.4222691135952847
35.0, 1.3588088819728317
36.0, 1.2980550695445428
37.0, 1.2413271050647112
38.0, 1.1898538990298861
39.0, 1.1451248888808983
40.0, 1.1085505243102471
41.0, 1.1087736389818712
42.0, 0.9918180251343659
43.0, 0.7546199541108491
44.0, 0.7075604241537107
45.0, 0.6599000220620972
46.0, 0.6115893139077011
47.0, 0.5625527228665084
48.0, 0.5136665344574564
49.0, 0.46539262819810373
50.0, 0.41923691128839047
51.0, 0.3770900661299129
52.0, 0.34124035335373665
53.0, 0.3139382784440328
54.0, 0.298273116876846
55.0, 0.2963944674466573
56.0, 0.3092962835839234
57.0, 0.3348440630090587
58.0, 0.3089351766258478
59.0, 0.2724578356299148
60.0, 0.2548602674232679
61.0, 0.2697093833387242
62.0, 0.3180622446932596
63.0, 0.38656165780336627
64.0, 0.46082286547017914
65.0, 0.5247088513575261
66.0, 0.5847509872743117
67.0, 0.6442443543092925
68.0, 0.6975754299505846
69.0, 0.7490357055750654
70.0, 0.7990351050720564
71.0, 0.8472861542913958
72.0, 0.8958806617443967
73.0, 0.9517573562083478
74.0, 1.0119798407450846
75.0, 1.0835934592156269
76.0, 1.1647856092268787
77.0, 1.2558128136754938
78.0, 1.3521419282328067
79.0, 1.448845859021993
80.0, 1.5413246818599875
81.0, 1.6199351232949009
82.0, 1.6847022473085147
83.0, 1.7489637402657807
84.0, 1.8097876387554603
85.0, 1.869189297693036
86.0, 1.927555766980609
87.0, 1.9840683848126128
88.0, 2.0195303135286706
89.0, 2.059635606229006
90.0, 2.099470392951862
91.0, 2.156367976975383
92.0, 2.250025954621665
93.0, 2.354627516056552
94.0, 2.448118621700809
95.0, 2.5600424770795343
96.0, 2.6623504545167234
97.0, 2.7508954818974813
98.0, 2.825187443019562
99.0, 2.892351105437812
100.0, 2.9603892002071
101.0, 3.022961124620091
102.0, 3.0876636685442302
103.0, 3.1482809234101987
104.0, 3.212675914015269
105.0, 3.2800472818951407
106.0, 3.355108055242243
107.0, 3.4336787100358763
108.0, 3.525775254430544
109.0, 3.623163878025567
110.0, 3.730551481854878
111.0, 3.836777287514869
112.0, 3.9413216738501573
113.0, 4.034538820802319
114.0, 4.111383110043455
115.0, 4.184647126545232
116.0, 4.2452407219390675
117.0, 4.3095366069876935
118.0, 4.37412014454395
119.0, 4.435875856779981
120.0, 4.498595275102121
121.0, 4.566191830558532
122.0, 4.641117528287799
123.0, 4.716429199458931
124.0, 4.762890084855666
125.0, 4.806002958241365
126.0, 4.852179277143083
127.0, 4.8944059993678035
128.0, 4.939110542819541
129.0, 4.979314660672947
130.0, 5.021456738283534
131.0, 5.058608425886821
132.0, 5.097212375743968
133.0, 5.13040018145729
134.0, 5.1646100054084645
135.0, 5.193046935644586
136.0, 5.222138938798331
137.0, 5.245168404746048
138.0, 5.268549751244911
139.0, 5.2856508798059405
140.0, 5.30286517723694
141.0, 5.313648808891286
142.0, 5.324371640022549
143.0, 4.638397423330249
144.0, 4.627781549416631
145.0, 4.621455988622368
146.0, 4.616089873170416
147.0, 4.615311909077484
148.0, 4.615468538987115
149.0, 4.6202686296101145
150.0, 4.625937479882243
151.0, 4.545628044950748
152.0, 4.463525909279574
153.0, 4.383371801579997
154.0, 4.3014351592088
155.0, 4.221458988144775
156.0, 4.139708063718532
157.0, 4.059931038596169
158.0, 3.978388839612955
159.0, 3.8988355735863673
160.0, 3.8175288529691787
161.0, 3.7382285128351254
162.0, 3.6571890585187816
163.0, 3.578175967701026
164.0, 3.4974408773320294
165.0, 3.4187554592421265
166.0, 3.3383692404080794
167.0, 3.351134133217702
168.0, 3.2736645255643544
169.0, 3.198368295047091
170.0, 3.121596607245249
171.0, 3.0470526962095827
172.0, 2.9710951076399628
173.0, 2.897422228059875
174.0, 2.9127249036534555
175.0, 2.843365385712672
176.0, 2.7729675178465394
177.0, 2.793148316059871
178.0, 2.813800457992925
179.0, 2.8379551280143582
180.0, 2.8623658429108154
181.0, 2.815664518831337
182.0, 2.7894471316469747
183.0, 2.7663114633787758
184.0, 2.7435171582044218
185.0, 2.7244359650141803
186.0, 2.7058976776276205
187.0, 2.6915852877642354
188.0, 2.67799790635582
189.0, 2.669015863423003
190.0, 2.6609053264746056
191.0, 2.6576190676559626
192.0, 2.6553053044628125
193.0, 2.6578571002151
194.0, 2.661426766425405
195.0, 2.5815852500813654
196.0, 2.500051530380666
197.0, 2.4205595626668406
198.0, 2.4277579173451254
199.0, 2.3509237771665816
200.0, 2.2726947839003495
201.0, 2.1966859294575287
202.0, 2.1193859967228135
203.0, 2.0443994659363973
204.0, 1.9682501655323823
205.0, 1.894535500907279
206.0, 1.8198285384520092
207.0, 1.7477173216248645
208.0, 1.6748428549697212
209.0, 1.6047813053773008
210.0, 1.5342676943207665
211.0, 1.466862104365868
212.0, 1.399432358603867
213.0, 1.3355156150461662
214.0, 1.272163503253977
215.0, 1.2128784576502163
216.0, 1.154964840253164
217.0, 1.1018630360239936
218.0, 1.051210439234133
219.0, 1.0767804037274873
220.0, 1.0378162618074653
221.0, 0.9997992853728277
222.0, 0.978620675723041
223.0, 0.9413994564345155
224.0, 0.9155717617094662
225.0, 0.8985576867335051
226.0, 0.8608911899373902
227.0, 0.8542963224308108
228.0, 0.8337246643991676
229.0, 0.8189115363002909
230.0, 0.805169042838379
231.0, 0.7969144736022891
232.0, 0.7900114636555133
233.0, 0.7890704340609078
234.0, 0.7895206112344306
235.0, 0.7960106440146351
236.0, 0.8037357306905035
237.0, 0.8171719876448358
238.0, 0.8315289364873415
239.0, 0.8330222364191927
240.0, 0.8308326923202022
241.0, 0.8330386461983997
242.0, 0.8308311934480413
243.0, 0.8420801965504464
244.0, 0.8554104151723644
245.0, 0.869641462118927
246.0, 0.8860225555585879
247.0, 0.903511404491828
248.0, 0.9228269981949299
249.0, 0.9429618767397608
250.0, 0.964615116063504
251.0, 0.990406543303147
252.0, 1.0127135316752687
253.0, 1.0366106115414884
254.0, 1.0611451366863802
255.0, 1.0857071240767573
256.0, 1.1107310279235276
257.0, 1.1354939296186517
258.0, 1.1604429614478584
259.0, 1.1849104106485253
260.0, 1.2176309168766564
261.0, 1.247053583466346
262.0, 1.2821057707820074
263.0, 1.2432790700406244
264.0, 1.200963874559398
265.0, 1.1582264664154587
266.0, 1.1213119223364107
267.0, 1.0698610970465585
268.0, 1.029607252341983
269.0, 0.9862537678583746
270.0, 0.9417221987563759
271.0, 0.896377499388141
272.0, 0.8501674815706677
273.0, 0.8037155579861783
274.0, 0.7545678350868933
275.0, 0.7029147603716249
276.0, 0.6395675520346159
277.0, 0.588440109156542
278.0, 0.5476783018444383
279.0, 0.5057745392349412
280.0, 0.46549173644246006
281.0, 0.38156933469461374
282.0, 0.35323912201812896
ee_box_dist
0.0, 0.6419708240057047
1.0, 0.6840668015402865
2.0, 0.7223648067908849
3.0, 0.7576498304864802
4.0, 0.7935871707870441
5.0, 0.8317486840097856
6.0, 0.8705100236693419
7.0, 0.9070838024195599
8.0, 0.9415829324373537
9.0, 0.9732050365482372
10.0, 1.007835802809873
11.0, 1.0381598031605952
12.0, 1.0646041348626787
13.0, 1.0959539715445894
14.0, 1.1177173937488711
15.0, 1.1400285927935594
16.0, 1.1606902842632978
17.0, 1.183773915975381
18.0, 1.2013006776023103
19.0, 1.2168531142073777
20.0, 1.232395307523967
21.0, 1.2103779331751439
22.0, 1.1802632176264665
23.0, 1.1473986187192082
24.0, 1.111428856067476
25.0, 1.0724517515585066
26.0, 1.0304536516180083
27.0, 0.9856874277324503
28.0, 0.9381316572633891
29.0, 0.8879902538592737
30.0, 0.8352480577175219
31.0, 0.7802616996538452
32.0, 0.7229362081704427
33.0, 0.6635903724304529
34.0, 0.6021956194737464
35.0, 0.539212094047325
36.0, 0.4746384623639733
37.0, 0.40915897186470573
38.0, 0.34310540399311795
39.0, 0.2775678581696684
40.0, 0.2139662282378228
41.0, 0.0802534092319436
42.0, 0.08290180567720926
43.0, 0.08302850891214796
44.0, 0.08297741804916871
45.0, 0.08302996044011704
46.0, 0.08298375195138777
47.0, 0.0830295558540707
48.0, 0.08298917077243287
49.0, 0.083028496374469
50.0, 0.08299336791397643
51.0, 0.08302696880117588
52.0, 0.08299687547738162
53.0, 0.08302509052934848
54.0, 0.0829995333388176
55.0, 0.08302311101837047
56.0, 0.08300167614367898
57.0, 0.08302107178524305
58.0, 0.08300329053763261
59.0, 0.08301910506161918
60.0, 0.08300430119937477
61.0, 0.08301651952195466
62.0, 0.0830052755100876
63.0, 0.08301415299241423
64.0, 0.08300591201552528
65.0, 0.08301187829711303
66.0, 0.08300627936184841
67.0, 0.08300975714162986
68.0, 0.08300659324571535
69.0, 0.08300784219610949
70.0, 0.0830072825267361
71.0, 0.08300635668232624
72.0, 0.08300762548373218
73.0, 0.08300541573288135
74.0, 0.08300893109692936
75.0, 0.08300496219966136
76.0, 0.08301026922116952
77.0, 0.08300557687829467
78.0, 0.08301259942801507
79.0, 0.08300688391760012
80.0, 0.08301539117952512
81.0, 0.0830092449775596
82.0, 0.0830187260934614
83.0, 0.0830126431111953
84.0, 0.08302310206654204
85.0, 0.0830171550014274
86.0, 0.08876275026930264
87.0, 0.12455126415166264
88.0, 0.13506201772853774
89.0, 0.13331043234405487
90.0, 0.12889385482565843
91.0, 0.1156634409799625
92.0, 0.11521007361130312
93.0, 0.08217890364932098
94.0, 0.11709091813957338
95.0, 0.11675099799552699
96.0, 0.11528787786242971
97.0, 0.11674695836521919
98.0, 0.11528905919236802
99.0, 0.11674635828795907
100.0, 0.11528900041226947
101.0, 0.11674635828795907
102.0, 0.11528909009319377
103.0, 0.11674637806041092
104.0, 0.11528904525272493
105.0, 0.11674635828795907
106.0, 0.11528900606602967
107.0, 0.11674635828795907
108.0, 0.11528909009319377
109.0, 0.11674637806041092
110.0, 0.11528904525272493
111.0, 0.11674637865289947
112.0, 0.11528905090651374
113.0, 0.11674635828795907
114.0, 0.11528909009319377
115.0, 0.08219651689141075
116.0, 0.11228673739172715
117.0, 0.11663334429029147
118.0, 0.1152885576771822
119.0, 0.11674654693840933
120.0, 0.11379814527005055
121.0, 0.11653064000677818
122.0, 0.11528789092899203
123.0, 0.11674687838365316
124.0, 0.11528902493802161
125.0, 0.11674635828795907
126.0, 0.11528900041226947
127.0, 0.11674637806041092
128.0, 0.11528909009319377
129.0, 0.11674635828795907
130.0, 0.11528909009319377
131.0, 0.11674635828795907
132.0, 0.11528909009319377
133.0, 0.11674637865289947
134.0, 0.11528909009319377
135.0, 0.11674635828795907
136.0, 0.11528909009319377
137.0, 0.11674637806041092
138.0, 0.1152890313131803
139.0, 0.11674637806041092
140.0, 0.11528909009319377
141.0, 0.11674637806041092
142.0, 0.11528896122555897
143.0, 0.11233398568916471
144.0, 0.11136602877227376
145.0, 0.11258556461936789
146.0, 0.11136967422140018
147.0, 0.11258437643426526
148.0, 0.1113694161682849
149.0, 0.11258396210890136
150.0, 0.11136887751496183
151.0, 0.11258383671160344
152.0, 0.11136898140302491
153.0, 0.11258376293630422
154.0, 0.11136916030944247
155.0, 0.11258385254263407
156.0, 0.11136916030944247
157.0, 0.1125836492754876
158.0, 0.1113692251437311
159.0, 0.1125836492754876
160.0, 0.11136916030944247
161.0, 0.11258376293630422
162.0, 0.11136903064113476
163.0, 0.11258371402294973
164.0, 0.11136903064113476
165.0, 0.11258380362931852
166.0, 0.11136903064113476
167.0, 0.11258222095160732
168.0, 0.11136867617542297
169.0, 0.11258302091574386
170.0, 0.11136827642755551
171.0, 0.11258322026611672
172.0, 0.11136827642755551
173.0, 0.11258322026611672
174.0, 0.11136778478479187
175.0, 0.11258243439043267
176.0, 0.11136773186682684
177.0, 0.11258119896027723
178.0, 0.11136573472954002
179.0, 0.11257988477407453
180.0, 0.11136405161344667
181.0, 0.11257964406475396
182.0, 0.11136510579150014
183.0, 0.1125805945392438
184.0, 0.11136699901311754
185.0, 0.11258203903483922
186.0, 0.11136847817512303
187.0, 0.11258338502028957
188.0, 0.11136922881175718
189.0, 0.11258443860362645
190.0, 0.11136991339676751
191.0, 0.11258446910084798
192.0, 0.11136980922496066
193.0, 0.11258517637065321
194.0, 0.11136979793007379
195.0, 0.11258567032244143
196.0, 0.11136962702142363
197.0, 0.1125856151964165
198.0, 0.1113692966325118
199.0, 0.11258554900422953
200.0, 0.11136976171293012
201.0, 0.1125855290559884
202.0, 0.11136985119228039
203.0, 0.1125855290559884
204.0, 0.11136985119228039
205.0, 0.1125855290559884
206.0, 0.11136985119228039
207.0, 0.1125855290559884
208.0, 0.11136985119228039
209.0, 0.1125855290559884
210.0, 0.11136953674425995
211.0, 0.11258537211935139
212.0, 0.11136944726465706
213.0, 0.1125855963900605
214.0, 0.11136953674425995
215.0, 0.11258528251625051
216.0, 0.11136953674425995
217.0, 0.11258537211935139
218.0, 0.11136953674425995
219.0, 0.11258521341467798
220.0, 0.11136965939623286
221.0, 0.09544643685005574
222.0, 0.11023954751631895
223.0, 0.09045223402105934
224.0, 0.09263215857889322
225.0, 0.11088118928060921
226.0, 0.0904978424646645
227.0, 0.11203645068956232
228.0, 0.1113632430426152
229.0, 0.11258621524088719
230.0, 0.11136954399071562
231.0, 0.11258304772876318
232.0, 0.11136798882907761
233.0, 0.11258178213931083
234.0, 0.11136668299778457
235.0, 0.1125807691185619
236.0, 0.11136478826165828
237.0, 0.11257876686389201
238.0, 0.11136298654079939
239.0, 0.11666882359529598
240.0, 0.11528087878711726
241.0, 0.1167386293652948
242.0, 0.11528257125689853
243.0, 0.0744192440640997
244.0, 0.073540908003513
245.0, 0.0723718226503488
246.0, 0.0724008419914146
247.0, 0.07128458015749421
248.0, 0.07150209939278052
249.0, 0.07046816575547633
250.0, 0.07085281826950113
251.0, 0.07171214562994238
252.0, 0.07073492235745456
253.0, 0.0696414200717798
254.0, 0.06997536347378858
255.0, 0.068863818770667
256.0, 0.06921739700561512
257.0, 0.06802340653055558
258.0, 0.06835132826991044
259.0, 0.06705804907141055
260.0, 0.08108676037620233
261.0, 0.07899300321762175
262.0, 0.08145143038438875
263.0, 0.07989682853905958
264.0, 0.08054734695285412
265.0, 0.08005134049050604
266.0, 0.08147512142732176
267.0, 0.08039188910590464
268.0, 0.08190803788058086
269.0, 0.08201935921902
270.0, 0.08219099617004996
271.0, 0.08223132723649619
272.0, 0.0823529952157332
273.0, 0.0823485534850528
274.0, 0.0822948216231543
275.0, 0.08202188276572903
276.0, 0.08194706574930108
277.0, 0.08258266891703293
278.0, 0.08227060099179165
279.0, 0.08211973461774781
280.0, 0.0847333507617691
281.0, 0.0824845584378902
282.0, 0.08137683000133115
spot_hold
0, 0
1, 0
2, 0
3, 0
4, 0
5, 0
6, 0
7, 0
8, 0
9, 0
10, 0
11, 0
12, 0
13, 0
14, 0
15, 0
16, 0
17, 0
18, 0
19, 0
20, 0
21, 0
22, 0
23, 0
24, 0
25, 0
26, 0
27, 0
28, 0
29, 0
30, 0
31, 0
32, 0
33, 0
34, 0
35, 0
36, 0
37, 0
38, 0
39, 0
40, 0
41, 1
42, 1
43, 1
44, 1
45, 1
46, 1
47, 1
48, 1
49, 1
50, 1
51, 1
52, 1
53, 1
54, 1
55, 1
56, 1
57, 1
58, 1
59, 1
60, 1
61, 1
62, 1
63, 1
64, 1
65, 1
66, 1
67, 1
68, 1
69, 1
70, 1
71, 1
72, 1
73, 1
74, 1
75, 1
76, 1
77, 1
78, 1
79, 1
80, 1
81, 1
82, 1
83, 1
84, 1
85, 1
86, 1
87, 1
88, 1
89, 1
90, 1
91, 1
92, 1
93, 1
94, 1
95, 1
96, 1
97, 1
98, 1
99, 1
100, 1
101, 1
102, 1
103, 1
104, 1
105, 1
106, 1
107, 1
108, 1
109, 1
110, 1
111, 1
112, 1
113, 1
114, 1
115, 1
116, 1
117, 1
118, 1
119, 1
120, 1
121, 1
122, 1
123, 1
124, 1
125, 1
126, 1
127, 1
128, 1
129, 1
130, 1
131, 1
132, 1
133, 1
134, 1
135, 1
136, 1
137, 1
138, 1
139, 1
140, 1
141, 1
142, 1
143, 1
144, 1
145, 1
146, 1
147, 1
148, 1
149, 1
150, 1
151, 1
152, 1
153, 1
154, 1
155, 1
156, 1
157, 1
158, 1
159, 1
160, 1
161, 1
162, 1
163, 1
164, 1
165, 1
166, 1
167, 1
168, 1
169, 1
170, 1
171, 1
172, 1
173, 1
174, 1
175, 1
176, 1
177, 1
178, 1
179, 1
180, 1
181, 1
182, 1
183, 1
184, 1
185, 1
186, 1
187, 1
188, 1
189, 1
190, 1
191, 1
192, 1
193, 1
194, 1
195, 1
196, 1
197, 1
198, 1
199, 1
200, 1
201, 1
202, 1
203, 1
204, 1
205, 1
206, 1
207, 1
208, 1
209, 1
210, 1
211, 1
212, 1
213, 1
214, 1
215, 1
216, 1
217, 1
218, 1
219, 1
220, 1
221, 1
222, 1
223, 1
224, 1
225, 1
226, 1
227, 1
228, 1
229, 1
230, 1
231, 1
232, 1
233, 1
234, 1
235, 1
236, 1
237, 1
238, 1
239, 1
240, 1
241, 1
242, 1
243, 1
244, 1
245, 1
246, 1
247, 1
248, 1
249, 1
250, 1
251, 1
252, 1
253, 1
254, 1
255, 1
256, 1
257, 1
258, 1
259, 1
260, 1
261, 1
262, 1
263, 1
264, 1
265, 1
266, 1
267, 1
268, 1
269, 1
270, 1
271, 1
272, 1
273, 1
274, 1
275, 1
276, 1
277, 1
278, 1
279, 1
280, 1
281, 1
282, 1
