bot_dist
0.0, 3.5535752725049914
1.0, 3.5597415217885042
2.0, 3.5659251515069514
3.0, 3.5721260713996577
4.0, 3.5783441915800887
5.0, 3.584579422536944
6.0, 3.590831675135185
7.0, 3.597100860616999
8.0, 3.6033868906027124
9.0, 3.6096896770916387
10.0, 3.616009132462877
11.0, 3.6223451694760462
12.0, 3.628697701271972
13.0, 3.635066641373315
14.0, 3.641451903685147
15.0, 3.6478534024954765
16.0, 3.654271052475718
17.0, 3.6607047686811205
18.0, 3.6671544665511333
19.0, 3.6736200619097352
20.0, 3.68010147096571
21.0, 3.6865986103128727
22.0, 3.693111396930257
23.0, 3.6996397481822525
24.0, 3.7061835818186952
25.0, 3.7127428159749227
26.0, 3.719317369171778
27.0, 3.7259071603155762
28.0, 3.73251210869803
29.0, 3.739132133996134
30.0, 3.7457671562720076
31.0, 3.7524170959727017
32.0, 3.7590818739299707
33.0, 3.765761411359999
34.0, 3.7724556298630967
35.0, 3.7791644514233593
36.0, 3.785887798408294
37.0, 3.7926255935684066
38.0, 3.7993777600367604
39.0, 3.8061442213284984
40.0, 3.8129249013403372
41.0, 3.819719724350028
42.0, 3.8265286150157847
43.0, 3.833351498375685
44.0, 3.8401882998470445
45.0, 3.847038945225755
46.0, 3.8539033606856012
47.0, 3.8607814727775494
48.0, 3.8676732084290073
49.0, 3.8745784949430573
50.0, 3.881497259997669
51.0, 3.888429431644883
52.0, 3.8953749383099714
53.0, 3.902333708790576
54.0, 3.909305672255822
55.0, 3.916290758245409
56.0, 3.923288896668685
57.0, 3.9303000178036926
58.0, 3.9373240522961983
59.0, 3.9443609311587013
60.0, 3.951410585769422
61.0, 3.958472947871273
62.0, 3.965547949570811
63.0, 3.9726355233371664
64.0, 3.979735602000966
65.0, 3.9868481187532283
66.0, 3.9939730071442456
67.0, 4.0011102010824535
68.0, 4.008259634833281
69.0, 4.015421243017987
70.0, 4.022594960612481
71.0, 4.029780722946135
72.0, 4.036978465700573
73.0, 4.0441881249084535
74.0, 4.051409636952242
75.0, 4.058642938562958
76.0, 4.065887966818928
77.0, 4.073144659144515
78.0, 4.080412953308837
79.0, 4.087692787424483
80.0, 4.094984099946208
81.0, 4.102286829669629
82.0, 4.109600915729906
83.0, 4.116926297600407
84.0, 4.124262915091379
85.0, 4.131610708348599
86.0, 4.138969617852022
87.0, 4.14633958441442
88.0, 4.153720549180013
89.0, 4.161112453623093
90.0, 4.168515239546645
91.0, 4.175928849080954
92.0, 4.183353224682213
93.0, 4.190788309131121
94.0, 4.198234045531481
95.0, 4.205690377308784
96.0, 4.213157248208796
97.0, 4.220634602296134
98.0, 4.228122383952848
99.0, 4.235620537876985
100.0, 4.243129009081157
101.0, 4.243129009081157
102.0, 4.243129009081157
103.0, 4.243129009081157
104.0, 4.243129009081157
105.0, 4.243129009081157
106.0, 4.243129009081157
107.0, 4.243129009081157
108.0, 4.243129009081157
109.0, 4.243129009081157
110.0, 4.243129009081157
111.0, 4.243129009081157
112.0, 4.243129009081157
113.0, 4.243129009081157
114.0, 4.243129009081157
115.0, 4.243129009081157
116.0, 4.243129009081157
117.0, 4.243129009081157
118.0, 4.243129009081157
119.0, 4.243129009081157
120.0, 4.243129009081157
121.0, 4.243129009081157
122.0, 4.243129009081157
123.0, 4.243129009081157
124.0, 4.243129009081157
125.0, 4.243129009081157
126.0, 4.243129009081157
127.0, 4.243129009081157
128.0, 4.243129009081157
129.0, 4.243129009081157
130.0, 4.243129009081157
131.0, 4.235620537876985
132.0, 4.228122383952848
133.0, 4.220634602296134
134.0, 4.213157248208796
135.0, 4.205690377308784
136.0, 4.198234045531481
137.0, 4.190788309131121
138.0, 4.183353224682213
139.0, 4.175928849080954
140.0, 4.168515239546645
141.0, 4.161112453623093
142.0, 4.153720549180013
143.0, 4.1502525770735605
144.0, 4.14288957150995
145.0, 4.135537637304802
146.0, 4.128196833609296
147.0, 4.120867219906215
148.0, 4.113548856011299
149.0, 4.106241802074579
150.0, 4.098946118581707
151.0, 4.009349449019318
152.0, 3.919765161816514
153.0, 3.830194085287772
154.0, 3.740637212011385
155.0, 3.651095587152308
156.0, 3.5615703607944744
157.0, 3.472062801417075
158.0, 3.3825743114980593
159.0, 3.293106445646243
160.0, 3.2036609317521365
161.0, 3.1142396957589806
162.0, 3.024844890796036
163.0, 2.9354789315947505
164.0, 2.8461445353365855
165.0, 2.7568447703749728
166.0, 2.6675831146543953
167.0, 2.6600834004853926
168.0, 2.5698612569929193
169.0, 2.479656000758654
170.0, 2.3894693694314366
171.0, 2.2993035546119676
172.0, 2.2091611051480338
173.0, 2.1190450028713474
174.0, 2.111543976011292
175.0, 2.021056800782961
176.0, 1.9306167990889587
177.0, 1.9231787497766974
178.0, 1.915764020405268
179.0, 1.9083728827942876
180.0, 1.901005612119106
181.0, 1.815674636132943
182.0, 1.8084641511942796
183.0, 1.8012803190041602
184.0, 1.794123459722642
185.0, 1.7869938974269288
186.0, 1.7798919601407155
187.0, 1.7728179798627277
188.0, 1.765772292594404
189.0, 1.7587552383666587
190.0, 1.7517671612656625
191.0, 1.7448084094575782
192.0, 1.737879335212183
193.0, 1.730980294925314
194.0, 1.7241116491400563
195.0, 1.6532411002973806
196.0, 1.583736171163757
197.0, 1.5157847311278319
198.0, 1.5083407067683774
199.0, 1.4470679096571786
200.0, 1.3881681762091924
201.0, 1.331956357594199
202.0, 1.278786962103753
203.0, 1.2290549024241255
204.0, 1.1831936928137747
205.0, 1.1416699081043997
206.0, 1.1049726450203234
207.0, 1.0735969524130562
208.0, 1.048020891506121
209.0, 1.0286771430586261
210.0, 1.01592177015975
211.0, 1.0100044179770074
212.0, 1.0110451564578693
213.0, 1.019022666713578
214.0, 1.0337763708706424
215.0, 1.0550221226547731
216.0, 1.0823776401513836
217.0, 1.1153934798072656
218.0, 1.1535837446764028
219.0, 1.145630876823358
220.0, 1.1939470123403195
221.0, 1.2459385799208553
222.0, 1.3011650686625142
223.0, 1.2942692687101345
224.0, 1.2874142082352271
225.0, 1.2806005414737798
226.0, 1.2738289326665766
227.0, 1.2671000561094345
228.0, 1.260414596196476
229.0, 1.2537732474559538
230.0, 1.2471767145781314
231.0, 1.2471767145781314
232.0, 1.2471767145781314
233.0, 1.2471767145781314
234.0, 1.2471767145781314
235.0, 1.2471767145781314
236.0, 1.2471767145781314
237.0, 1.2471767145781314
238.0, 1.2471767145781314
239.0, 1.2471767145781314
240.0, 1.2471767145781314
241.0, 1.2471767145781314
242.0, 1.2471767145781314
243.0, 1.2471767145781314
244.0, 1.2471767145781314
245.0, 1.2471767145781314
246.0, 1.2471767145781314
247.0, 1.2471767145781314
248.0, 1.2471767145781314
249.0, 1.2471767145781314
250.0, 1.2471767145781314
251.0, 1.2471767145781314
252.0, 1.2471767145781314
253.0, 1.2471767145781314
254.0, 1.2471767145781314
255.0, 1.2471767145781314
256.0, 1.2471767145781314
257.0, 1.2471767145781314
258.0, 1.2471767145781314
259.0, 1.2471767145781314
260.0, 1.2471767145781314
261.0, 1.2537732474559538
262.0, 1.260414596196476
263.0, 1.2671000561094345
264.0, 1.2738289326665766
265.0, 1.2806005414737798
266.0, 1.2874142082352271
267.0, 1.2942692687101345
268.0, 1.3011650686625142
269.0, 1.308100963804444
270.0, 1.315076319733283
271.0, 1.3220905118632713
272.0, 1.3291429253519234
273.0, 1.3362329550216088
274.0, 1.3433600052767027
275.0, 1.350523490016666
276.0, 1.3577228325453978
277.0, 1.3649574654771968
278.0, 1.3722268306396348
279.0, 1.379530378973653
280.0, 1.3868675704311555
281.0, 1.3942378738703707
282.0, 1.4016407669492414
ee_dist
0.0, 1.3436316866555507
1.0, 1.4000900235586002
2.0, 1.5063290137704197
3.0, 1.5974667128463516
4.0, 1.6289552312472573
5.0, 1.6547501280924772
6.0, 1.6872775385879772
7.0, 1.7210576040382133
8.0, 1.7558064098038673
9.0, 1.7958416212716661
10.0, 1.8317551173725055
11.0, 1.8661379503183997
12.0, 1.8990878869993473
13.0, 1.9294498734834167
14.0, 1.9582373441116199
15.0, 1.9840584907822956
16.0, 2.0089472376044304
17.0, 2.0308257617775975
18.0, 2.0524076087485676
19.0, 2.0709004584457347
20.0, 2.0896302918041187
21.0, 2.0605860704182932
22.0, 2.0201772075820243
23.0, 1.9765806908950678
24.0, 1.9293445727747147
25.0, 1.8787474840488982
26.0, 1.8249244127201374
27.0, 1.7682120327412505
28.0, 1.7088097398814655
29.0, 1.647167238247846
30.0, 1.58357392656726
31.0, 1.5186225286816193
32.0, 1.4527355838646188
33.0, 1.3866855938610352
34.0, 1.321096065879783
35.0, 1.2569897477727119
36.0, 1.1952878009712031
37.0, 1.1373351035320876
38.0, 1.0844012769696563
39.0, 1.0380718895680974
40.0, 0.9998816649941623
41.0, 1.0131553725591218
42.0, 0.91833464271171
43.0, 0.7949636618873978
44.0, 0.7486633781259433
45.0, 0.7013728230370558
46.0, 0.6528675790428833
47.0, 0.6030385663732982
48.0, 0.5524588889799498
49.0, 0.5013384186680637
50.0, 0.4507753129520285
51.0, 0.4020814931902367
52.0, 0.35682725364579826
53.0, 0.3166324979007397
54.0, 0.2844078171117386
55.0, 0.26354419754035996
56.0, 0.25796394520118116
57.0, 0.2683393798803581
58.0, 0.24988581470135657
59.0, 0.23864827884109238
60.0, 0.2550119699972266
61.0, 0.30288891834972637
62.0, 0.37323902142293425
63.0, 0.45371689819902183
64.0, 0.5343355546150402
65.0, 0.6006632960852203
66.0, 0.6609863026032091
67.0, 0.7211449761941283
68.0, 0.7753584587162357
69.0, 0.8279675354882423
70.0, 0.8794654950225136
71.0, 0.9291517251104292
72.0, 0.9802196759497444
73.0, 1.038087601273949
74.0, 1.1003260390042442
75.0, 1.173888418426
76.0, 1.2568995484829824
77.0, 1.3496268901789163
78.0, 1.4473492901414609
79.0, 1.5451422021238415
80.0, 1.6384124495753989
81.0, 1.717526555116314
82.0, 1.782527779685645
83.0, 1.846933693047362
84.0, 1.9080811916211853
85.0, 1.9679763977907492
86.0, 2.01671601647147
87.0, 2.0452542459616154
88.0, 2.0752131741562594
89.0, 2.1141256928076197
90.0, 2.16481041118792
91.0, 2.2617392682313393
92.0, 2.3374247125032763
93.0, 2.4452169374387314
94.0, 2.5442338068522847
95.0, 2.650832807901651
96.0, 2.752279363806743
97.0, 2.8422583358346385
98.0, 2.915036151615057
99.0, 2.9834233427045898
100.0, 3.0499189269005704
101.0, 3.1138582908585115
102.0, 3.177128218055672
103.0, 3.2391928294299945
104.0, 3.3023852727311898
105.0, 3.371281651502774
106.0, 3.4451487976393325
107.0, 3.525344178433306
108.0, 3.6162424038067598
109.0, 3.715297576054689
110.0, 3.8214570709893403
111.0, 3.929292075747356
112.0, 4.032452263969563
113.0, 4.127132550822415
114.0, 4.202463310360537
115.0, 4.29124152964863
116.0, 4.336035545536483
117.0, 4.401829113499089
118.0, 4.464870487082713
119.0, 4.528064924885562
120.0, 4.590290927397408
121.0, 4.658397515735839
122.0, 4.732136214203415
123.0, 4.775726272793496
124.0, 4.819742275487032
125.0, 4.862881113174414
126.0, 4.905861826180676
127.0, 4.947403359236682
128.0, 4.9882459086824396
129.0, 5.0271386146038886
130.0, 5.064846039364516
131.0, 5.100151302823207
132.0, 5.13384403715668
133.0, 5.1647434646202335
134.0, 5.193666342482641
135.0, 5.21946837727477
136.0, 5.242993549882963
137.0, 5.263135547310364
138.0, 5.2807681238134965
139.0, 5.294823047124038
140.0, 5.306200712478673
141.0, 5.313871907405287
142.0, 5.318763481440377
143.0, 4.6726851322908844
144.0, 4.662544939525528
145.0, 4.65543962543688
146.0, 4.650368698502512
147.0, 4.648460508166043
148.0, 4.648632317344738
149.0, 4.651987689698222
150.0, 4.657395214091959
151.0, 4.57617841801102
152.0, 4.494484577654326
153.0, 4.413406836900004
154.0, 4.331859834114767
155.0, 4.250937138926776
156.0, 4.169554321536928
157.0, 4.088805294900466
158.0, 4.007606826057662
159.0, 3.927053172429655
160.0, 3.846062573394626
161.0, 3.765729680680944
162.0, 3.6849745967721472
163.0, 3.60489238305645
164.0, 3.5244054609864968
165.0, 3.44460937887907
166.0, 3.3644294526996794
167.0, 3.3752108068953866
168.0, 3.2977504594858864
169.0, 3.2211197320028524
170.0, 3.144294934824718
171.0, 3.0683438284774285
172.0, 2.9922531355255297
173.0, 2.9170894770962894
174.0, 2.9314589049756266
175.0, 2.8603990314497634
176.0, 2.78951656235822
177.0, 2.8073695614605816
178.0, 2.826836586532014
179.0, 2.848621456847052
180.0, 2.871717794522833
181.0, 2.8227401361440148
182.0, 2.7988596959221086
183.0, 2.7770135004683856
184.0, 2.7565968382016615
185.0, 2.7386593166481146
186.0, 2.7224396809197913
187.0, 2.709072430409051
188.0, 2.6976576920295656
189.0, 2.6893731857890235
190.0, 2.6832035348850396
191.0, 2.6803294253161254
192.0, 2.679647686191106
193.0, 2.6823003826393323
194.0, 2.687131819184532
195.0, 2.6070571339151645
196.0, 2.5266223519973754
197.0, 2.4469525510123185
198.0, 2.4552229224650732
199.0, 2.3784087794485136
200.0, 2.3014952485010145
201.0, 2.225596080570928
202.0, 2.149696872347398
203.0, 2.0749175862622145
204.0, 2.000267079997131
205.0, 1.926874035826
206.0, 1.8537787418926084
207.0, 1.7821222164411643
208.0, 1.710987533764715
209.0, 1.641533162308513
210.0, 1.5729008711114558
211.0, 1.5062731176033195
212.0, 1.4408715265910998
213.0, 1.3779115150772243
214.0, 1.3167231471237166
215.0, 1.2585619588158927
216.0, 1.202898033940247
217.0, 1.1510304461867626
218.0, 1.1025984382663787
219.0, 1.12706465177797
220.0, 1.0901022455798943
221.0, 1.0587460039171257
222.0, 1.0328883308052068
223.0, 1.0059212992360944
224.0, 0.9797763895269134
225.0, 0.9553659718479097
226.0, 0.9322488114511255
227.0, 0.9115388682878219
228.0, 0.8926130951324649
229.0, 0.8767445392210331
230.0, 0.8631198810959568
231.0, 0.8531022638483211
232.0, 0.8456822303075218
233.0, 0.8422247936947448
234.0, 0.8415390120966338
235.0, 0.8449082552771521
236.0, 0.8510002142478602
237.0, 0.8609531345781296
238.0, 0.8733686175406146
239.0, 0.8648671161481893
240.0, 0.8735314730175803
241.0, 0.8735754594458621
242.0, 0.8733633366935575
243.0, 0.8791875286615369
244.0, 0.8916597399247217
245.0, 0.9051384173354488
246.0, 0.9208920372158572
247.0, 0.9376489396171696
248.0, 0.9564469733809212
249.0, 0.9759664082053797
250.0, 0.9972934544076297
251.0, 1.019068776092632
252.0, 1.0423611493313347
253.0, 1.065812156317298
254.0, 1.0904316001705117
255.0, 1.1172186017826025
256.0, 1.1409756287335733
257.0, 1.1660761557972321
258.0, 1.1914748538432005
259.0, 1.2162441318900046
260.0, 1.2411213165651316
261.0, 1.2652100754502265
262.0, 1.2891966866472555
263.0, 1.262202816461286
264.0, 1.2287719601252889
265.0, 1.1935672112481726
266.0, 1.156327832511084
267.0, 1.1172539580385368
268.0, 1.076391284849053
269.0, 1.033964637197025
270.0, 0.9900412473066402
271.0, 0.9449000749826869
272.0, 0.89864655034672
273.0, 0.8516297868398
274.0, 0.8040255144092423
275.0, 0.7628893540271405
276.0, 0.7200125166517231
277.0, 0.6983775673576259
278.0, 0.6558486788679367
279.0, 0.6177153083985206
280.0, 0.5813434784759067
281.0, 0.5537875737897191
282.0, 0.5289478042897772
ee_box_dist
0.0, 0.8364473728484266
1.0, 0.8815838581508375
2.0, 0.9052571305235999
3.0, 0.9392791184591316
4.0, 0.9733649040485338
5.0, 1.008996004460277
6.0, 1.0458074808409992
7.0, 1.0810684507880408
8.0, 1.1147241373945314
9.0, 1.1529110235347955
10.0, 1.1863987153883508
11.0, 1.2179836054107276
12.0, 1.248060511114298
13.0, 1.2754375492008767
14.0, 1.3012128390319206
15.0, 1.3242421471900754
16.0, 1.3463898239699998
17.0, 1.365821537854906
18.0, 1.3850083654943295
19.0, 1.4013869995139363
20.0, 1.418054529499402
21.0, 1.3938291752616079
22.0, 1.3603390954159584
23.0, 1.3238605913296704
24.0, 1.2839601339242237
25.0, 1.2408332801708153
26.0, 1.1944931255817188
27.0, 1.1451563453991127
28.0, 1.0928466269536876
29.0, 1.0378391472339539
30.0, 0.9801765885320353
31.0, 0.9202050228963343
32.0, 0.858018610872631
33.0, 0.7940840778274922
34.0, 0.7286205685615695
35.0, 0.6622304550330246
36.0, 0.5953485927737638
37.0, 0.5287840696941344
38.0, 0.4635521895247115
39.0, 0.4016259031875113
40.0, 0.3457718630057566
41.0, 0.3599248153565326
42.0, 0.37412648550998845
43.0, 0.38841972910646727
44.0, 0.4026922395469802
45.0, 0.4169772087912614
46.0, 0.43119671136382454
47.0, 0.4453614818336544
48.0, 0.45943327873417933
49.0, 0.4733972721323216
50.0, 0.4872432779434533
51.0, 0.5009422933363675
52.0, 0.51448456366998
53.0, 0.5278293644149503
54.0, 0.5409502444116598
55.0, 0.5538004203315349
56.0, 0.5663551928961588
57.0, 0.5786022564337132
58.0, 0.5905247204087528
59.0, 0.6021484454216778
60.0, 0.6134268829849207
61.0, 0.6244163857919139
62.0, 0.6350464797273896
63.0, 0.6453775897552875
64.0, 0.6553468497053949
65.0, 0.6650077077798469
66.0, 0.6743086748158982
67.0, 0.6832897150780232
68.0, 0.6919030478624412
69.0, 0.7001769638853726
70.0, 0.7080702473985454
71.0, 0.715607100250277
72.0, 0.72275120311832
73.0, 0.7295240954127336
74.0, 0.735891809697421
75.0, 0.741872740031594
76.0, 0.7474359989398833
77.0, 0.7525966037420286
78.0, 0.7573244863267097
79.0, 0.7616328228328757
80.0, 0.7654925329113289
81.0, 0.768914184286107
82.0, 0.7718691080467471
83.0, 0.7743671869525063
84.0, 0.7763788706648003
85.0, 0.777915592189946
86.0, 0.798223173504542
87.0, 0.8431306389079561
88.0, 0.8821066107044891
89.0, 0.9160430645098273
90.0, 0.9404288504791325
91.0, 0.9222519100104719
92.0, 0.9409357039202138
93.0, 0.9332772887027859
94.0, 0.9402345501076402
95.0, 0.9402095781145732
96.0, 0.9398687810812045
97.0, 0.940209072532389
98.0, 0.9398672583499976
99.0, 0.9402068713139861
100.0, 0.9398671569128122
101.0, 0.9402067242003579
102.0, 0.9398672604064967
103.0, 0.9402067163370033
104.0, 0.9398673738696703
105.0, 0.940206755245463
106.0, 0.9398674684224084
107.0, 0.9402068777041083
108.0, 0.9398675908268571
109.0, 0.9402070280128597
110.0, 0.9398676943207979
111.0, 0.9402070947716124
112.0, 0.9398678077843727
113.0, 0.940207264002302
114.0, 0.9398679580406801
115.0, 0.9166592300109688
116.0, 0.9415120985108384
117.0, 0.9400146596438362
118.0, 0.9398609373207893
119.0, 0.9401890148577703
120.0, 0.9398631882287505
121.0, 0.9402016847517762
122.0, 0.9398641102508479
123.0, 0.9402035850020524
124.0, 0.9398644375855876
125.0, 0.9402039024106936
126.0, 0.939864615692851
127.0, 0.9402040994906653
128.0, 0.9398647659485176
129.0, 0.9402041473271685
130.0, 0.9398648605009321
131.0, 0.9402043165572569
132.0, 0.9398649550534318
133.0, 0.9402044111656453
134.0, 0.939865077457674
135.0, 0.9402045147024762
136.0, 0.9398651998619956
137.0, 0.9402046371610713
138.0, 0.9398653133253045
139.0, 0.9402047506914264
140.0, 0.9398653889675784
141.0, 0.940204845300149
142.0, 0.9398655113721439
143.0, 1.6556278005076979
144.0, 1.6498568956325959
145.0, 1.6419723247803215
146.0, 1.632662223169163
147.0, 1.6213234522005349
148.0, 1.6086124969371436
149.0, 1.5939954498046278
150.0, 1.5780788288254828
151.0, 1.6439128987638338
152.0, 1.7115250545153917
153.0, 1.780203055048397
154.0, 1.8503670770052163
155.0, 1.9212891494789663
156.0, 1.9934779256660053
157.0, 2.0661888627234233
158.0, 2.1400013646606992
159.0, 2.2141537573176246
160.0, 2.2892822296593547
161.0, 2.3646083222714442
162.0, 2.4408146269451514
163.0, 2.5171062836035256
164.0, 2.5942040208713775
165.0, 2.6712976447829777
166.0, 2.7491395959211014
167.0, 2.737829602206456
168.0, 2.8139222856508437
169.0, 2.8900340596524163
170.0, 2.966919292451178
171.0, 3.043753846513529
172.0, 3.121316654594488
173.0, 3.198770646635475
174.0, 3.187467993213116
175.0, 3.263009403715881
176.0, 3.3393151175906297
177.0, 3.326148697026118
178.0, 3.3114438551101824
179.0, 3.2945204570267395
180.0, 3.276183335828738
181.0, 3.339858037162679
182.0, 3.3581765061632987
183.0, 3.3743569947668095
184.0, 3.389041857357349
185.0, 3.401384329570096
186.0, 3.4121256836875937
187.0, 3.4203756925583795
188.0, 3.426950576853897
189.0, 3.4309411010288953
190.0, 3.4332152007375334
191.0, 3.4328663283478056
192.0, 3.4307918603862073
193.0, 3.4261119048809916
194.0, 3.4197292241214683
195.0, 3.498452118035827
196.0, 3.577803535215971
197.0, 3.656909748896018
198.0, 3.6489703454588174
199.0, 3.726347925768504
200.0, 3.8043936707080026
201.0, 3.882239600461338
202.0, 3.960731394631524
203.0, 4.038991837567204
204.0, 4.1178793821809005
205.0, 4.19650822906137
206.0, 4.275748294630464
207.0, 4.354705825486036
208.0, 4.434261152665131
209.0, 4.513513059081152
210.0, 4.593351015611447
211.0, 4.672867474303005
212.0, 4.752960407338923
213.0, 4.832715911872984
214.0, 4.913038518133781
215.0, 4.993009776786419
216.0, 5.073541392516733
217.0, 5.153708441656392
218.0, 5.234429614629228
219.0, 5.226990530485091
220.0, 5.306020378978738
221.0, 5.3847313006096496
222.0, 5.464029696071628
223.0, 5.470594371718693
224.0, 5.475383797880266
225.0, 5.477430391190579
226.0, 5.477673653651437
227.0, 5.475154463525694
228.0, 5.4708456921583295
229.0, 5.463819692633522
230.0, 5.455055239970102
231.0, 5.443683643630699
232.0, 5.43066424862694
233.0, 5.415211974664119
234.0, 5.3982391369261356
235.0, 5.379067678360393
236.0, 5.358540383702057
237.0, 5.33610817579271
238.0, 5.312520170485977
239.0, 5.317468641761065
240.0, 5.312415490435174
241.0, 5.312442452954218
242.0, 5.31252087466813
243.0, 5.311350934120504
244.0, 5.309473723670255
245.0, 5.307139793493882
246.0, 5.303710801467477
247.0, 5.299744882922585
248.0, 5.29462080123551
249.0, 5.288923604294491
250.0, 5.282032176571186
251.0, 5.274601046643494
252.0, 5.266007290645934
253.0, 5.256993771575235
254.0, 5.246913070858561
255.0, 5.235323547914104
256.0, 5.224901939454572
257.0, 5.213465627815338
258.0, 5.201319951200957
259.0, 5.189264745224921
260.0, 5.176591340747428
261.0, 5.164132913066363
262.0, 5.151174094616835
263.0, 5.175119937776538
264.0, 5.205258115442406
265.0, 5.235856402806821
266.0, 5.2669957423290805
267.0, 5.29840698577861
268.0, 5.329856249016795
269.0, 5.36109369735334
270.0, 5.391892830944033
271.0, 5.422010498874528
272.0, 5.45123069608027
273.0, 5.479329764114125
274.0, 5.506103916266468
275.0, 5.520628917932387
276.0, 5.538174251420201
277.0, 5.529374216417512
278.0, 5.548625651583407
279.0, 5.563673078106415
280.0, 5.5781307765556
281.0, 5.585942407953978
282.0, 5.594139785733235
spot_hold
0, 0
1, 0
2, 0
3, 0
4, 0
5, 0
6, 0
7, 0
8, 0
9, 0
10, 0
11, 0
12, 0
13, 0
14, 0
15, 0
16, 0
17, 0
18, 0
19, 0
20, 0
21, 0
22, 0
23, 0
24, 0
25, 0
26, 0
27, 0
28, 0
29, 0
30, 0
31, 0
32, 0
33, 0
34, 0
35, 0
36, 0
37, 0
38, 0
39, 0
40, 0
41, 1
42, 1
43, 1
44, 1
45, 1
46, 1
47, 1
48, 1
49, 1
50, 1
51, 1
52, 1
53, 1
54, 1
55, 1
56, 1
57, 1
58, 1
59, 1
60, 1
61, 1
62, 1
63, 1
64, 1
65, 1
66, 1
67, 1
68, 1
69, 1
70, 1
71, 1
72, 1
73, 1
74, 1
75, 1
76, 1
77, 1
78, 1
79, 1
80, 1
81, 1
82, 1
83, 1
84, 1
85, 1
86, 1
87, 1
88, 1
89, 1
90, 1
91, 1
92, 1
93, 1
94, 1
95, 1
96, 1
97, 1
98, 1
99, 1
100, 1
101, 1
102, 1
103, 1
104, 1
105, 1
106, 1
107, 1
108, 1
109, 1
110, 1
111, 1
112, 1
113, 1
114, 1
115, 1
116, 1
117, 1
118, 1
119, 1
120, 1
121, 1
122, 1
123, 1
124, 1
125, 1
126, 1
127, 1
128, 1
129, 1
130, 1
131, 1
132, 1
133, 1
134, 1
135, 1
136, 1
137, 1
138, 1
139, 1
140, 1
141, 1
142, 1
143, 1
144, 1
145, 1
146, 1
147, 1
148, 1
149, 1
150, 1
151, 1
152, 1
153, 1
154, 1
155, 1
156, 1
157, 1
158, 1
159, 1
160, 1
161, 1
162, 1
163, 1
164, 1
165, 1
166, 1
167, 1
168, 1
169, 1
170, 1
171, 1
172, 1
173, 1
174, 1
175, 1
176, 1
177, 1
178, 1
179, 1
180, 1
181, 1
182, 1
183, 1
184, 1
185, 1
186, 1
187, 1
188, 1
189, 1
190, 1
191, 1
192, 1
193, 1
194, 1
195, 1
196, 1
197, 1
198, 1
199, 1
200, 1
201, 1
202, 1
203, 1
204, 1
205, 1
206, 1
207, 1
208, 1
209, 1
210, 1
211, 1
212, 1
213, 1
214, 1
215, 1
216, 1
217, 1
218, 1
219, 1
220, 1
221, 1
222, 1
223, 1
224, 1
225, 1
226, 1
227, 1
228, 1
229, 1
230, 1
231, 1
232, 1
233, 1
234, 1
235, 1
236, 1
237, 1
238, 1
239, 1
240, 1
241, 1
242, 1
243, 1
244, 1
245, 1
246, 1
247, 1
248, 1
249, 1
250, 1
251, 1
252, 1
253, 1
254, 1
255, 1
256, 1
257, 1
258, 1
259, 1
260, 1
261, 1
262, 1
263, 1
264, 1
265, 1
266, 1
267, 1
268, 1
269, 1
270, 1
271, 1
272, 1
273, 1
274, 1
275, 1
276, 1
277, 1
278, 1
279, 1
280, 1
281, 1
282, 1
