bot_dist
0.0, 2.9208636195539124
1.0, 2.923726268003282
2.0, 2.9266202872163984
3.0, 2.929545584222264
4.0, 2.9325020654180474
5.0, 2.935489636582191
6.0, 2.9385082028875043
7.0, 2.94155766891425
8.0, 2.9446379386632064
9.0, 2.9477489155687158
10.0, 2.950890502511701
11.0, 2.9540626018326623
12.0, 2.957265115344638
13.0, 2.9604979443461343
14.0, 2.9637609896340193
15.0, 2.9670541515163706
16.0, 2.97037732982529
17.0, 2.973730423929662
18.0, 2.9771133327478703
19.0, 2.9805259547604606
20.0, 2.983968188022747
21.0, 2.9874399301773646
22.0, 2.9909410784667587
23.0, 2.994471529745613
24.0, 2.998031180493216
25.0, 3.0016199268257537
26.0, 3.0052376645085346
27.0, 3.008884288968148
28.0, 3.0125596953045406
29.0, 3.016263778303017
30.0, 3.0199964324461672
31.0, 3.0237575519257063
32.0, 3.0275470306542354
33.0, 3.0313647622769184
34.0, 3.0352106401830654
35.0, 3.039084557517637
36.0, 3.0429864071926485
37.0, 3.0469160818984915
38.0, 3.050873474115153
39.0, 3.054858476123346
40.0, 3.058870980015538
41.0, 3.062910877706885
42.0, 3.066978060946065
43.0, 3.071072421326007
44.0, 3.0751938502945246
45.0, 3.079342239164838
46.0, 3.083517479125999
47.0, 3.0877194612532026
48.0, 3.0919480765180003
49.0, 3.0962032157983965
50.0, 3.100484769888844
51.0, 3.1047926295101265
52.0, 3.1091266853191284
53.0, 3.1134868279184986
54.0, 3.1178729478661977
55.0, 3.122284935684937
56.0, 3.1267226818715006
57.0, 3.131186076905955
58.0, 3.1356750112607457
59.0, 3.1401893754096792
60.0, 3.144729059836787
61.0, 3.149293955045078
62.0, 3.1538839515651738
63.0, 3.158498939963827
64.0, 3.1631388108523257
65.0, 3.1678034548947767
66.0, 3.172492762816282
67.0, 3.177206512734482
68.0, 3.1819447070339963
69.0, 3.1867072366785516
70.0, 3.1914939927243737
71.0, 3.196304866327774
72.0, 3.20113974875262
73.0, 3.2059985313776886
74.0, 3.2108811057039053
75.0, 3.2157873633614673
76.0, 3.2207171961168526
77.0, 3.225670495879706
78.0, 3.2306471547096236
79.0, 3.2356470648228117
80.0, 3.240670118598636
81.0, 3.2457162085860567
82.0, 3.250785227509952
83.0, 3.2558770682773237
84.0, 3.260991623983399
85.0, 3.26612878791761
86.0, 3.2712884535694737
87.0, 3.276470514634352
88.0, 3.2816748650191045
89.0, 3.2869013988476365
90.0, 3.2921500104663326
91.0, 3.297420594449384
92.0, 3.30271304560401
93.0, 3.3080272589755713
94.0, 3.313363129852579
95.0, 3.3187205537715974
96.0, 3.3240994265220416
97.0, 3.3294996441508746
98.0, 3.3349211029672006
99.0, 3.3403636995467525
100.0, 3.345827330736286
101.0, 3.345827330736286
102.0, 3.345827330736286
103.0, 3.345827330736286
104.0, 3.345827330736286
105.0, 3.345827330736286
106.0, 3.345827330736286
107.0, 3.345827330736286
108.0, 3.345827330736286
109.0, 3.345827330736286
110.0, 3.345827330736286
111.0, 3.345827330736286
112.0, 3.345827330736286
113.0, 3.345827330736286
114.0, 3.345827330736286
115.0, 3.345827330736286
116.0, 3.345827330736286
117.0, 3.345827330736286
118.0, 3.345827330736286
119.0, 3.345827330736286
120.0, 3.345827330736286
121.0, 3.345827330736286
122.0, 3.345827330736286
123.0, 3.345827330736286
124.0, 3.345827330736286
125.0, 3.345827330736286
126.0, 3.345827330736286
127.0, 3.345827330736286
128.0, 3.345827330736286
129.0, 3.345827330736286
130.0, 3.345827330736286
131.0, 3.3403636995467525
132.0, 3.3349211029672006
133.0, 3.3294996441508746
134.0, 3.3240994265220416
135.0, 3.3187205537715974
136.0, 3.313363129852579
137.0, 3.3080272589755713
138.0, 3.30271304560401
139.0, 3.297420594449384
140.0, 3.2921500104663326
141.0, 3.2869013988476365
142.0, 3.2816748650191045
143.0, 3.2814209631639883
144.0, 3.276246732265557
145.0, 3.271094887570206
146.0, 3.265965535016202
147.0, 3.2608587807444107
148.0, 3.255774731092542
149.0, 3.250713492589285
150.0, 3.245675171948339
151.0, 3.1583247120087234
152.0, 3.0711194781856896
153.0, 2.9840721505758143
154.0, 2.897197018519912
155.0, 2.8105100501736415
156.0, 2.724029209436144
157.0, 2.637774770393302
158.0, 2.5517696915108634
159.0, 2.4660400628196086
160.0, 2.3806156426599205
161.0, 2.2955305047963868
162.0, 2.210823822142388
163.0, 2.126540820295176
164.0, 2.042733943013373
165.0, 1.9594641971000504
166.0, 1.8768031835951415
167.0, 1.873383432464685
168.0, 1.7941817655099739
169.0, 1.716092891818125
170.0, 1.6392755919037545
171.0, 1.563917250456884
172.0, 1.4902392135306117
173.0, 1.418503333804527
174.0, 1.4168801808883305
175.0, 1.352111911403115
176.0, 1.2905122498053312
177.0, 1.2899181111942568
178.0, 1.2894012600550997
179.0, 1.2889617893606373
180.0, 1.2885997782815473
181.0, 1.2563547922760507
182.0, 1.256752655929791
183.0, 1.2572299397697888
184.0, 1.2577865533849089
185.0, 1.2584223915099444
186.0, 1.2591373341247196
187.0, 1.2599312465667252
188.0, 1.2024080217490842
189.0, 1.203834153379848
190.0, 1.145986920538806
191.0, 1.0923746912403336
192.0, 1.0436503653482558
193.0, 1.0005283000162544
194.0, 0.9637607836948018
195.0, 0.9340984917316566
196.0, 0.9122347895884192
197.0, 0.8987390085159506
198.0, 0.8939901982313758
199.0, 0.898127117201151
200.0, 0.9110287250043547
201.0, 0.9323312350912655
202.0, 0.9614764173308066
203.0, 0.9977772523226298
204.0, 1.0404850620909678
205.0, 1.088846205223276
206.0, 1.142142779093991
207.0, 1.199717205034877
208.0, 1.260983660199284
209.0, 1.3254302643048426
210.0, 1.392615580407443
211.0, 1.4621620741551307
212.0, 1.5337486812491674
213.0, 1.5432942221079047
214.0, 1.6120334871221513
215.0, 1.6826277681957726
216.0, 1.6919836635476797
217.0, 1.7013468894603314
218.0, 1.7107173255672143
219.0, 1.7200948540329737
220.0, 1.7294793594897193
221.0, 1.7388707289751588
222.0, 1.7482688518725058
223.0, 1.7576736198521037
224.0, 1.767084926814714
225.0, 1.7765026688364154
226.0, 1.7859267441150628
227.0, 1.7953570529182572
228.0, 1.8047934975327808
229.0, 1.8142359822154515
230.0, 1.82368441314535
231.0, 1.82368441314535
232.0, 1.82368441314535
233.0, 1.82368441314535
234.0, 1.82368441314535
235.0, 1.82368441314535
236.0, 1.82368441314535
237.0, 1.82368441314535
238.0, 1.82368441314535
239.0, 1.82368441314535
240.0, 1.82368441314535
241.0, 1.82368441314535
242.0, 1.82368441314535
243.0, 1.82368441314535
244.0, 1.82368441314535
245.0, 1.82368441314535
246.0, 1.82368441314535
247.0, 1.82368441314535
248.0, 1.82368441314535
249.0, 1.82368441314535
250.0, 1.82368441314535
251.0, 1.82368441314535
252.0, 1.82368441314535
253.0, 1.82368441314535
254.0, 1.82368441314535
255.0, 1.82368441314535
256.0, 1.82368441314535
257.0, 1.82368441314535
258.0, 1.82368441314535
259.0, 1.82368441314535
260.0, 1.82368441314535
261.0, 1.8142359822154515
262.0, 1.8047934975327808
263.0, 1.7953570529182572
264.0, 1.7859267441150628
265.0, 1.7765026688364154
266.0, 1.767084926814714
267.0, 1.7576736198521037
268.0, 1.7482688518725058
269.0, 1.7388707289751588
270.0, 1.7294793594897193
271.0, 1.7200948540329737
272.0, 1.7107173255672143
273.0, 1.7013468894603314
274.0, 1.6919836635476797
275.0, 1.6826277681957726
276.0, 1.6732793263678738
277.0, 1.663938463691534
278.0, 1.654605308528151
279.0, 1.6452799920446093
280.0, 1.6359626482870753
281.0, 1.6266534142570108
282.0, 1.617352429989487
ee_dist
0.0, 1.0605124683015357
1.0, 1.091548554021116
2.0, 1.1830295346804134
3.0, 1.2668052113182722
4.0, 1.295644727982112
5.0, 1.3211788178768813
6.0, 1.3549628946609515
7.0, 1.3908425536409506
8.0, 1.427324493441301
9.0, 1.4618503155424645
10.0, 1.5003494757505358
11.0, 1.5349351246373555
12.0, 1.565922084179962
13.0, 1.6018657476916813
14.0, 1.6280381068624372
15.0, 1.6546689742090757
16.0, 1.679628361132083
17.0, 1.7069542278316865
18.0, 1.7282421575952285
19.0, 1.7472407240633725
20.0, 1.7662660648542006
21.0, 1.739394835787853
22.0, 1.7021514236821218
23.0, 1.661775040074133
24.0, 1.6178106662167717
25.0, 1.5705629768750569
26.0, 1.519880600971295
27.0, 1.4662192662602425
28.0, 1.4096231266455292
29.0, 1.3504545390021276
30.0, 1.2888789164948835
31.0, 1.2253736164540077
32.0, 1.1602070292287383
33.0, 1.092785770037959
34.0, 1.025813506578321
35.0, 0.9594106670883175
36.0, 0.8939391905663093
37.0, 0.8314074516129643
38.0, 0.7722002480622351
39.0, 0.7187472890665489
40.0, 0.6730330223577038
41.0, 0.6874530609504471
42.0, 0.7437673092032903
43.0, 1.0214319874378057
44.0, 0.9789329454942081
45.0, 0.9349711310010664
46.0, 0.8887181008886881
47.0, 0.8405503802969178
48.0, 0.7902082965010774
49.0, 0.7380542312678866
50.0, 0.6844018536635933
51.0, 0.629998897283151
52.0, 0.575098941832973
53.0, 0.519916120952078
54.0, 0.4647392119658811
55.0, 0.40990170945505344
56.0, 0.3572158896674048
57.0, 0.30752064079296226
58.0, 0.34435166972690096
59.0, 0.4103635317417138
60.0, 0.48757604671570026
61.0, 0.5752187532523422
62.0, 0.6675947507139142
63.0, 0.7590592994987867
64.0, 0.8450847062743816
65.0, 0.9123022455700744
66.0, 0.9702173884151971
67.0, 1.0289940911318332
68.0, 1.0827487351498477
69.0, 1.1355705946008587
70.0, 1.188319937729732
71.0, 1.239302377032246
72.0, 1.294212496587602
73.0, 1.3548478224682925
74.0, 1.4200689603000924
75.0, 1.4964242519124902
76.0, 1.5820447448164763
77.0, 1.677099316245046
78.0, 1.7767779211707022
79.0, 1.8755931330712305
80.0, 1.9693087074641424
81.0, 2.0481295682395273
82.0, 2.112252642099144
83.0, 2.1754494092039165
84.0, 2.2359215100940104
85.0, 2.295499565343282
86.0, 2.3442455266606226
87.0, 2.372584176898968
88.0, 2.4029319186816966
89.0, 2.4422755627350723
90.0, 2.492164198115676
91.0, 2.57601174152254
92.0, 2.6685299228887853
93.0, 2.7707280737842543
94.0, 2.876847769154409
95.0, 2.9850528383024395
96.0, 3.085610227735636
97.0, 3.17679403475315
98.0, 3.2480249916129047
99.0, 3.316939878477455
100.0, 3.3817982198896885
101.0, 3.4467514874409577
102.0, 3.5086795003423257
103.0, 3.5721909021908957
104.0, 3.6347856406857217
105.0, 3.6967892444055757
106.0, 3.7791391823613494
107.0, 3.868703246532905
108.0, 3.9561057740813146
109.0, 4.0506392053144715
110.0, 4.157450645711167
111.0, 4.266781711339528
112.0, 4.368912626838718
113.0, 4.464818964238975
114.0, 4.538704022578776
115.0, 4.611701413758092
116.0, 4.672889747714471
117.0, 4.738055634592987
118.0, 4.799942379756969
119.0, 4.843170222489675
120.0, 4.884041993157563
121.0, 4.9261357377106
122.0, 4.965337839915498
123.0, 5.005242641899923
124.0, 5.041767791038601
125.0, 5.07852593184251
126.0, 5.111475915103924
127.0, 5.1442448592794845
128.0, 5.172838249123663
129.0, 5.200895973619026
130.0, 5.2354011674541105
131.0, 5.245875563903366
132.0, 5.265309773974888
133.0, 5.282226736490504
134.0, 5.294325723418783
135.0, 5.3051896173235
136.0, 5.311059263917972
137.0, 5.3156077316726735
138.0, 5.315120140283078
139.0, 5.322317699871608
140.0, 5.3059122226157305
141.0, 5.292152565956833
142.0, 5.300056233666966
143.0, 4.654316993262983
144.0, 4.643125718357294
145.0, 4.633331633637802
146.0, 4.627983056440853
147.0, 4.623217695363724
148.0, 4.623122452762799
149.0, 4.62359212377876
150.0, 4.628746489682794
151.0, 4.545490021837518
152.0, 4.464327570275647
153.0, 4.381155958514157
154.0, 4.300081476837486
155.0, 4.217004884259048
156.0, 4.1360290586920065
157.0, 4.053059149468641
158.0, 3.9721943123964545
159.0, 3.8893447209657954
160.0, 3.8086053288193344
161.0, 3.7258920894335854
162.0, 3.645295301627455
163.0, 3.56273739419305
164.0, 3.4823033574333966
165.0, 3.399923299244317
166.0, 3.319676241534584
167.0, 3.327203037928203
168.0, 3.249106853552525
169.0, 3.1692459944276217
170.0, 3.091596216176761
171.0, 3.0109618048155875
172.0, 2.9131763259728984
173.0, 2.8358497349184977
174.0, 2.8615608111981117
175.0, 2.795017495116924
176.0, 2.721653351792457
177.0, 2.7363860592176934
178.0, 2.755054627630349
179.0, 2.7741360729804994
180.0, 2.796619189911661
181.0, 2.7419406955762606
182.0, 2.720462470117192
183.0, 2.6993152975738406
184.0, 2.681802139618374
185.0, 2.664740343965193
186.0, 2.6518438002883324
187.0, 2.6395057754141287
188.0, 2.561754947464
189.0, 2.5516870308964177
190.0, 2.4719689522980266
191.0, 2.3904074089892107
192.0, 2.3110613215620077
193.0, 2.2299201801789996
194.0, 2.1510308957864734
195.0, 2.070409619061424
196.0, 1.992089091619519
197.0, 1.9121201644112478
198.0, 1.8345188837906516
199.0, 1.755382182690601
200.0, 1.6787065475338487
201.0, 1.6006515058502386
202.0, 1.5251909264728218
203.0, 1.448571513860172
204.0, 1.3737042597939337
205.0, 1.3004985922708288
206.0, 1.228461759184464
207.0, 1.156539969933284
208.0, 1.088114725476901
209.0, 1.0200565199084166
210.0, 0.9562267446097079
211.0, 0.8938745427900766
212.0, 0.8368386889415507
213.0, 0.8153658504327157
214.0, 0.7564243589503209
215.0, 0.7008369223646347
216.0, 0.680008325107185
217.0, 0.6599938717497166
218.0, 0.644323415421168
219.0, 0.6298693281988174
220.0, 0.6206154979709886
221.0, 0.6129263106631679
222.0, 0.6109639072600092
223.0, 0.6107421943612723
224.0, 0.6162954767677907
225.0, 0.6235308409727747
226.0, 0.6360919682993208
227.0, 0.650073078904291
228.0, 0.6685559370881815
229.0, 0.6678183648178869
230.0, 0.6685559370881815
231.0, 0.6678183648178869
232.0, 0.6685559370881815
233.0, 0.6678183648178869
234.0, 0.6685559370881815
235.0, 0.6678183648178869
236.0, 0.6685559370881815
237.0, 0.6671928757838946
238.0, 0.6685725591377462
239.0, 0.6678358472902887
240.0, 0.6685537515171178
241.0, 0.6678183648178869
242.0, 0.6685559370881815
243.0, 0.6761796576894266
244.0, 0.6873230062803352
245.0, 0.7000617793553334
246.0, 0.7148200632097127
247.0, 0.7306438705982459
248.0, 0.7483282945276436
249.0, 0.7667387687107712
250.0, 0.7867804650250699
251.0, 0.8072611065026151
252.0, 0.8291083491362596
253.0, 0.8511211643269206
254.0, 0.8741820117160927
255.0, 0.8971410847870721
256.0, 0.9208001039662527
257.0, 0.9441104870808358
258.0, 0.9677868441711318
259.0, 0.9909083993781393
260.0, 1.0141245477197205
261.0, 1.0365898773664817
262.0, 1.058934401116624
263.0, 1.0362274473793174
264.0, 1.0085635847305348
265.0, 0.9797056193483614
266.0, 0.9494637872918176
267.0, 0.918044625196491
268.0, 0.8855155907414142
269.0, 0.8521190242262073
270.0, 0.8179452925055388
271.0, 0.7833024553737792
272.0, 0.7483276952157084
273.0, 0.7134033745169515
274.0, 0.6787450599470641
275.0, 0.6448226745305373
276.0, 0.6119107003988563
277.0, 0.5805627095166126
278.0, 0.5511172296777178
279.0, 0.5243996121584188
280.0, 0.5008482457255409
281.0, 0.4818812788397954
282.0, 0.4730590869080647
ee_box_dist
0.0, 0.7707813675767443
1.0, 0.8143890501796976
2.0, 0.8415990214033813
3.0, 0.880364959361104
4.0, 0.9161237516896488
5.0, 0.9532994497206432
6.0, 0.9908219233870579
7.0, 1.0267335153980839
8.0, 1.0612063380145185
9.0, 1.0930682401345706
10.0, 1.1281881220019494
11.0, 1.1592541103076257
12.0, 1.1867240257672618
13.0, 1.2190824967116587
14.0, 1.2420507759861505
15.0, 1.265550174865503
16.0, 1.2875108321616897
17.0, 1.3119023089952941
18.0, 1.3306295095480345
19.0, 1.3472794812546651
20.0, 1.364065836267879
21.0, 1.3400568463456048
22.0, 1.3071460281719387
23.0, 1.27126657892284
24.0, 1.2319976105809716
25.0, 1.1895983032958752
26.0, 1.143876024622914
27.0, 1.0951864617810825
28.0, 1.0435172719600279
29.0, 0.9891127908477652
30.0, 0.9319798090199831
31.0, 0.8724316518154572
32.0, 0.8105041364195913
33.0, 0.745444783734087
34.0, 0.6793780958242757
35.0, 0.6121364530668061
36.0, 0.548295136494805
37.0, 0.4825019549486248
38.0, 0.4143541857314542
39.0, 0.34903790484207364
40.0, 0.28805204725993083
41.0, 0.30257815471261
42.0, 0.31696089903622604
43.0, 0.3314841856585816
44.0, 0.34580289513795925
45.0, 0.36020649663233595
46.0, 0.3743546906159301
47.0, 0.3886235789028043
48.0, 0.40257355845306453
49.0, 0.41647384242613067
50.0, 0.430131976020101
51.0, 0.44367953053691794
52.0, 0.4570064782003551
53.0, 0.47011259557863183
54.0, 0.4829995483034203
55.0, 0.495676718554491
56.0, 0.5077462857769056
57.0, 0.5201354954924149
58.0, 0.5318386881490879
59.0, 0.5432623237697726
60.0, 0.5543221186722896
61.0, 0.5651075630266267
62.0, 0.5754566672508057
63.0, 0.5856026275018175
64.0, 0.5953618761622176
65.0, 0.6048224753142761
66.0, 0.614076127825594
67.0, 0.6228529862034293
68.0, 0.631174654283202
69.0, 0.6393118187950101
70.0, 0.6470167066407234
71.0, 0.6543765787473264
72.0, 0.6613610889273646
73.0, 0.6679564797541985
74.0, 0.6741620998224838
75.0, 0.68000027012109
76.0, 0.685420300082681
77.0, 0.6904369912712175
78.0, 0.6947446259488652
79.0, 0.698960269297197
80.0, 0.7027165433376017
81.0, 0.7060534933166324
82.0, 0.7089301546258051
83.0, 0.711377333141922
84.0, 0.7133047333329069
85.0, 0.714797564927448
86.0, 0.7354948774691709
87.0, 0.7810555906705049
88.0, 0.8205303038810835
89.0, 0.8545190184908504
90.0, 0.8806266854967898
91.0, 0.8793599213457991
92.0, 0.8800600538722122
93.0, 0.8790721365193525
94.0, 0.8800547251184992
95.0, 0.8790048170028383
96.0, 0.8800015307251596
97.0, 0.8790019223477303
98.0, 0.8800016228546743
99.0, 0.8790019223477303
100.0, 0.8800016228546743
101.0, 0.8790019223477303
102.0, 0.8799578093482805
103.0, 0.8790206655550781
104.0, 0.8799966867377562
105.0, 0.8882944338845119
106.0, 0.8793459399800424
107.0, 0.8695034641893514
108.0, 0.8728318639615962
109.0, 0.8803310877160117
110.0, 0.8799137820810072
111.0, 0.8790715887316458
112.0, 0.8801017018876618
113.0, 0.8790491057174713
114.0, 0.8800470368251421
115.0, 0.8740523361851481
116.0, 0.880058448482049
117.0, 0.8790293747440998
118.0, 0.8800348746240292
119.0, 0.8790418084446152
120.0, 0.8800476070122119
121.0, 0.8790542441634365
122.0, 0.8800691395929193
123.0, 0.8790710760612639
124.0, 0.8800692831809086
125.0, 0.8790710819743586
126.0, 0.8800727639601694
127.0, 0.8790734259902672
128.0, 0.8800757320758438
129.0, 0.8790764777348002
130.0, 0.8668476281407609
131.0, 0.8806216265363794
132.0, 0.8800284449627638
133.0, 0.8790942528616199
134.0, 0.8800820773599117
135.0, 0.8790869502311592
136.0, 0.8801029397271284
137.0, 0.879105338125133
138.0, 0.8800873416718997
139.0, 0.8674974143886067
140.0, 0.8807257093046886
141.0, 0.8858730089129472
142.0, 0.8625353539401609
143.0, 1.6004670270399795
144.0, 1.595890804685078
145.0, 1.5906256640493712
146.0, 1.5817848233112102
147.0, 1.5730659309861696
148.0, 1.560848794935604
149.0, 1.5487553307439281
150.0, 1.5333586832560029
151.0, 1.6023627749256244
152.0, 1.6710574885501872
153.0, 1.742679812759149
154.0, 1.8136243779225092
155.0, 1.8872879033060757
156.0, 1.959997046488547
157.0, 2.0352722675856962
158.0, 2.109383499527057
159.0, 2.1859474632219285
160.0, 2.2611866304354797
161.0, 2.3387933945075576
162.0, 2.414950298385932
163.0, 2.4934106224604595
164.0, 2.5703231683143275
165.0, 2.6494898614800353
166.0, 2.7270300543933303
167.0, 2.7179772115458367
168.0, 2.793938669590217
169.0, 2.872161160919957
170.0, 2.9488025472995196
171.0, 3.0289096472197743
172.0, 3.1259388137625637
173.0, 3.2041519227669517
174.0, 3.181216405245059
175.0, 3.2502727337817032
176.0, 3.3267297298972265
177.0, 3.3155877714581075
178.0, 3.3006897573414316
179.0, 3.28568020846721
180.0, 3.26717074581272
181.0, 3.3332876649733953
182.0, 3.3497722935164482
183.0, 3.3661556940859434
184.0, 3.3788390061068294
185.0, 3.391410279481229
186.0, 3.400030052661774
187.0, 3.408527264407725
188.0, 3.488524814155625
189.0, 3.4947803328638174
190.0, 3.575804785190462
191.0, 3.658909171647771
192.0, 3.740045409721177
193.0, 3.823257593921461
194.0, 3.904491647253888
195.0, 3.9877984245954647
196.0, 4.069118517014984
197.0, 4.1525088146894475
198.0, 4.2339050472425805
199.0, 4.31736938398257
200.0, 4.398833248070637
201.0, 4.482363538485027
202.0, 4.563887760595196
203.0, 4.647477050641938
204.0, 4.7302168032733585
205.0, 4.8122351397027
206.0, 4.894351204780995
207.0, 4.978009798871416
208.0, 5.059686417161056
209.0, 5.143418718588888
210.0, 5.225129254010393
211.0, 5.308901803424231
212.0, 5.390648474399692
213.0, 5.393527645257483
214.0, 5.475520556071678
215.0, 5.55956929964011
216.0, 5.558127933098752
217.0, 5.556441890364943
218.0, 5.550479769954363
219.0, 5.544258438763229
220.0, 5.533914268658826
221.0, 5.523299019858292
222.0, 5.508812146344325
223.0, 5.494047764434234
224.0, 5.475758851481404
225.0, 5.457190298542228
226.0, 5.435533837098245
227.0, 5.413604617545964
228.0, 5.389106661746806
229.0, 5.389612737761926
230.0, 5.389106661746806
231.0, 5.389612737761926
232.0, 5.389106661746806
233.0, 5.389612737761926
234.0, 5.389106661746806
235.0, 5.389612737761926
236.0, 5.389106661746806
237.0, 5.389959067083704
238.0, 5.389083765492463
239.0, 5.389587207644993
240.0, 5.389091968524983
241.0, 5.389596121642546
242.0, 5.389089573391291
243.0, 5.386609907721774
244.0, 5.386627070701026
245.0, 5.3858264399967215
246.0, 5.384084192113806
247.0, 5.381699029817445
248.0, 5.378189435335392
249.0, 5.37393696420356
250.0, 5.368467367327481
251.0, 5.36225634932895
252.0, 5.3548295070465874
253.0, 5.346775294826764
254.0, 5.337590324271062
255.0, 5.327970458525578
256.0, 5.317360708828102
257.0, 5.306535473053715
258.0, 5.29489131045995
259.0, 5.283242837992305
260.0, 5.270941378978179
261.0, 5.258854646092117
262.0, 5.246279287112617
263.0, 5.267723758117566
264.0, 5.294873723285928
265.0, 5.322332781990735
266.0, 5.3501962830844265
267.0, 5.378217144398496
268.0, 5.406201721526938
269.0, 5.433925072250202
270.0, 5.461176605642379
271.0, 5.487752248901506
272.0, 5.513457780587701
273.0, 5.538101475833803
274.0, 5.561504865114773
275.0, 5.583514330173906
276.0, 5.6040277441815585
277.0, 5.62295518008809
278.0, 5.64027674152277
279.0, 5.655778106081662
280.0, 5.669493017420607
281.0, 5.680804943287248
282.0, 5.690027512813403
spot_hold
0, 0
1, 0
2, 0
3, 0
4, 0
5, 0
6, 0
7, 0
8, 0
9, 0
10, 0
11, 0
12, 0
13, 0
14, 0
15, 0
16, 0
17, 0
18, 0
19, 0
20, 0
21, 0
22, 0
23, 0
24, 0
25, 0
26, 0
27, 0
28, 0
29, 0
30, 0
31, 0
32, 0
33, 0
34, 0
35, 0
36, 0
37, 0
38, 0
39, 0
40, 0
41, 1
42, 1
43, 1
44, 1
45, 1
46, 1
47, 1
48, 1
49, 1
50, 1
51, 1
52, 1
53, 1
54, 1
55, 1
56, 1
57, 1
58, 1
59, 1
60, 1
61, 1
62, 1
63, 1
64, 1
65, 1
66, 1
67, 1
68, 1
69, 1
70, 1
71, 1
72, 1
73, 1
74, 1
75, 1
76, 1
77, 1
78, 1
79, 1
80, 1
81, 1
82, 1
83, 1
84, 1
85, 1
86, 1
87, 1
88, 1
89, 1
90, 1
91, 1
92, 1
93, 1
94, 1
95, 1
96, 1
97, 1
98, 1
99, 1
100, 1
101, 1
102, 1
103, 1
104, 1
105, 1
106, 1
107, 1
108, 1
109, 1
110, 1
111, 1
112, 1
113, 1
114, 1
115, 1
116, 1
117, 1
118, 1
119, 1
120, 1
121, 1
122, 1
123, 1
124, 1
125, 1
126, 1
127, 1
128, 1
129, 1
130, 1
131, 1
132, 1
133, 1
134, 1
135, 1
136, 1
137, 1
138, 1
139, 1
140, 1
141, 1
142, 1
143, 1
144, 1
145, 1
146, 1
147, 1
148, 1
149, 1
150, 1
151, 1
152, 1
153, 1
154, 1
155, 1
156, 1
157, 1
158, 1
159, 1
160, 1
161, 1
162, 1
163, 1
164, 1
165, 1
166, 1
167, 1
168, 1
169, 1
170, 1
171, 1
172, 1
173, 1
174, 1
175, 1
176, 1
177, 1
178, 1
179, 1
180, 1
181, 1
182, 1
183, 1
184, 1
185, 1
186, 1
187, 1
188, 1
189, 1
190, 1
191, 1
192, 1
193, 1
194, 1
195, 1
196, 1
197, 1
198, 1
199, 1
200, 1
201, 1
202, 1
203, 1
204, 1
205, 1
206, 1
207, 1
208, 1
209, 1
210, 1
211, 1
212, 1
213, 1
214, 1
215, 1
216, 1
217, 1
218, 1
219, 1
220, 1
221, 1
222, 1
223, 1
224, 1
225, 1
226, 1
227, 1
228, 1
229, 1
230, 1
231, 1
232, 1
233, 1
234, 1
235, 1
236, 1
237, 1
238, 1
239, 1
240, 1
241, 1
242, 1
243, 1
244, 1
245, 1
246, 1
247, 1
248, 1
249, 1
250, 1
251, 1
252, 1
253, 1
254, 1
255, 1
256, 1
257, 1
258, 1
259, 1
260, 1
261, 1
262, 1
263, 1
264, 1
265, 1
266, 1
267, 1
268, 1
269, 1
270, 1
271, 1
272, 1
273, 1
274, 1
275, 1
276, 1
277, 1
278, 1
279, 1
280, 1
281, 1
282, 1
