bot_dist
0.0, 2.997946656345891
1.0, 3.0015347157530137
2.0, 3.0051517689795504
3.0, 3.0087977114599602
4.0, 3.0124724383017756
5.0, 3.016175844297606
6.0, 3.0199078239370625
7.0, 3.0236682714186043
8.0, 3.027457080661299
9.0, 3.0312741453165
10.0, 3.0351193587794367
11.0, 3.0389926142007155
12.0, 3.0428938044977314
13.0, 3.046822822365986
14.0, 3.050779560290315
15.0, 3.054763910556015
16.0, 3.058775765259881
17.0, 3.062815016321135
18.0, 3.0668815554922695
19.0, 3.0709752743697742
20.0, 3.075096064404771
21.0, 3.0792438169135448
22.0, 3.083418423087962
23.0, 3.087619774005794
24.0, 3.091847760640926
25.0, 3.0961022738734587
26.0, 3.1003832044997073
27.0, 3.104690443242083
28.0, 3.1090238807588713
29.0, 3.113383407653892
30.0, 3.1177689144860534
31.0, 3.122180291778793
32.0, 3.1266174300294
33.0, 3.1310802197182315
34.0, 3.1355685513178098
35.0, 3.1400823153018047
36.0, 3.144621402153906
37.0, 3.149185702376573
38.0, 3.153775106499676
39.0, 3.158389505089015
40.0, 3.1630287887547275
41.0, 3.167692848159579
42.0, 3.172381574027133
43.0, 3.177094744487091
44.0, 3.181832361908253
45.0, 3.186594317252251
46.0, 3.191380501573035
47.0, 3.196190806024463
48.0, 3.201025121867772
49.0, 3.2058833404789375
50.0, 3.210765353355914
51.0, 3.2156710521257614
52.0, 3.2206003285516505
53.0, 3.225553074539765
54.0, 3.2305291821460753
55.0, 3.2355285435830083
56.0, 3.240551051225996
57.0, 3.2455965976199135
58.0, 3.2506650754854065
59.0, 3.2557563777250986
60.0, 3.260870397429695
61.0, 3.266007027883968
62.0, 3.2711661625726345
63.0, 3.2763476951861215
64.0, 3.2815515196262233
65.0, 3.286777530011649
66.0, 3.2920256206834573
67.0, 3.2972956862103917
68.0, 3.302587621394101
69.0, 3.3079013212742554
70.0, 3.313236681133558
71.0, 3.3185935965026494
72.0, 3.323971963164912
73.0, 3.3293716771611637
74.0, 3.334792634794255
75.0, 3.3402347326335633
76.0, 3.3456978675193825
77.0, 3.3511819365672175
78.0, 3.3566868371719747
79.0, 3.3622124670120597
80.0, 3.3677587240533686
81.0, 3.3733255065531926
82.0, 3.3789127130640217
83.0, 3.384520242437252
84.0, 3.390147993826802
85.0, 3.3957958666926364
86.0, 3.4014637608041967
87.0, 3.407151576243739
88.0, 3.412859213409585
89.0, 3.4185865730192817
90.0, 3.424333556112675
91.0, 3.4301000640548907
92.0, 3.435885998539239
93.0, 3.441691261590024
94.0, 3.447515755565275
95.0, 3.4533593831593925
96.0, 3.459222047405711
97.0, 3.465103651678984
98.0, 3.4710040996977853
99.0, 3.4769232955268317
100.0, 3.4828611435792305
101.0, 3.4828611435792305
102.0, 3.4828611435792305
103.0, 3.4828611435792305
104.0, 3.4828611435792305
105.0, 3.4828611435792305
106.0, 3.4828611435792305
107.0, 3.4828611435792305
108.0, 3.4828611435792305
109.0, 3.4828611435792305
110.0, 3.4828611435792305
111.0, 3.4828611435792305
112.0, 3.4828611435792305
113.0, 3.4828611435792305
114.0, 3.4828611435792305
115.0, 3.4828611435792305
116.0, 3.4828611435792305
117.0, 3.4828611435792305
118.0, 3.4828611435792305
119.0, 3.4828611435792305
120.0, 3.4828611435792305
121.0, 3.4828611435792305
122.0, 3.4828611435792305
123.0, 3.4828611435792305
124.0, 3.4828611435792305
125.0, 3.4828611435792305
126.0, 3.4828611435792305
127.0, 3.4828611435792305
128.0, 3.4828611435792305
129.0, 3.4828611435792305
130.0, 3.4828611435792305
131.0, 3.4769232955268317
132.0, 3.4710040996977853
133.0, 3.465103651678984
134.0, 3.459222047405711
135.0, 3.4533593831593925
136.0, 3.447515755565275
137.0, 3.441691261590024
138.0, 3.435885998539239
139.0, 3.4301000640548907
140.0, 3.424333556112675
141.0, 3.4185865730192817
142.0, 3.412859213409585
143.0, 3.4119124208754217
144.0, 3.4062325552269637
145.0, 3.4005726094983735
146.0, 3.3949326833196074
147.0, 3.389312876630202
148.0, 3.383713289675922
149.0, 3.3781340230053245
150.0, 3.372575177466227
151.0, 3.2841042012694457
152.0, 3.195711138393668
153.0, 3.107402587862593
154.0, 3.019186019407351
155.0, 2.93106973820862
156.0, 2.8430630690204133
157.0, 2.7551765156412524
158.0, 2.667421950869838
159.0, 2.5798128438612182
160.0, 2.4923645336202815
161.0, 2.405094559736281
162.0, 2.318023064558622
163.0, 2.2311732850915713
164.0, 2.144572158290497
165.0, 2.0582510706546677
166.0, 1.972246792699962
167.0, 1.9677748193347322
168.0, 1.884039118777044
169.0, 1.800953325826741
170.0, 1.718611458700922
171.0, 1.6371257720765735
172.0, 1.5566307284208465
173.0, 1.4772882721995075
174.0, 1.474104196438508
175.0, 1.3997305196796381
176.0, 1.3274282945076918
177.0, 1.325042437083292
178.0, 1.3227278793093427
179.0, 1.3204849961098697
180.0, 1.318314153310547
181.0, 1.270566917664269
182.0, 1.2690724165567149
183.0, 1.2676550415179395
184.0, 1.2663150515275132
185.0, 1.265052692492664
186.0, 1.2638681970281862
187.0, 1.262761784246795
188.0, 1.261733659560349
189.0, 1.2607839927880515
190.0, 1.2599129868482946
191.0, 1.259120804983691
192.0, 1.2584075960562
193.0, 1.2577734944084678
194.0, 1.2572186197381945
195.0, 1.1744023289397758
196.0, 1.091884602860867
197.0, 1.0097386419528593
198.0, 1.0096518246854218
199.0, 0.9277898419382714
200.0, 0.8463348550851352
201.0, 0.7654168115967953
202.0, 0.6852259601276972
203.0, 0.6060510290443688
204.0, 0.5283489335594854
205.0, 0.4528784095052952
206.0, 0.3809680096983728
207.0, 0.31506492576281214
208.0, 0.2597820295809671
209.0, 0.22315691957763678
210.0, 0.21494843807863898
211.0, 0.2381137621482773
212.0, 0.28510525921360963
213.0, 0.3463572813627656
214.0, 0.4156118817955589
215.0, 0.48948423922734297
216.0, 0.5661695828125055
217.0, 0.6446648465985976
218.0, 0.7243818911773615
219.0, 0.7271728271738518
220.0, 0.8054870642110147
221.0, 0.8846765612021399
222.0, 0.964525760447851
223.0, 0.9668241418536528
224.0, 0.9692202583159195
225.0, 0.9717133868298208
226.0, 0.9743027826676687
227.0, 0.9769876803926559
228.0, 0.9797672948815247
229.0, 0.9826408223533546
230.0, 0.9856074414017335
231.0, 0.9856074414017335
232.0, 0.9856074414017335
233.0, 0.9856074414017335
234.0, 0.9856074414017335
235.0, 0.9856074414017335
236.0, 0.9856074414017335
237.0, 0.9856074414017335
238.0, 0.9856074414017335
239.0, 0.9856074414017335
240.0, 0.9856074414017335
241.0, 0.9856074414017335
242.0, 0.9856074414017335
243.0, 0.9856074414017335
244.0, 0.9856074414017335
245.0, 0.9856074414017335
246.0, 0.9856074414017335
247.0, 0.9856074414017335
248.0, 0.9856074414017335
249.0, 0.9856074414017335
250.0, 0.9856074414017335
251.0, 0.9856074414017335
252.0, 0.9856074414017335
253.0, 0.9856074414017335
254.0, 0.9856074414017335
255.0, 0.9856074414017335
256.0, 0.9856074414017335
257.0, 0.9856074414017335
258.0, 0.9856074414017335
259.0, 0.9856074414017335
260.0, 0.9856074414017335
261.0, 0.9826408223533546
262.0, 0.9797672948815247
263.0, 0.9769876803926559
264.0, 0.9743027826676687
265.0, 0.9717133868298208
266.0, 0.9692202583159195
267.0, 0.9668241418536528
268.0, 0.964525760447851
269.0, 0.9623258143785484
270.0, 0.9602249802137757
271.0, 0.9582239098400401
272.0, 0.9563232295134837
273.0, 0.9545235389347103
274.0, 0.9528254103502727
275.0, 0.9512293876837836
276.0, 0.9497359856995755
277.0, 0.9483456892017813
278.0, 0.9470589522716294
279.0, 0.945876197545667
280.0, 0.944797815537505
281.0, 0.9438241640055689
282.0, 0.9429555673691941
ee_dist
0.0, 1.3652793123889713
1.0, 1.4231305903972145
2.0, 1.5301625898922293
3.0, 1.621701440445943
4.0, 1.6533374255616657
5.0, 1.6791450025738246
6.0, 1.711597459410575
7.0, 1.743705054140225
8.0, 1.780421158284596
9.0, 1.8181449925012476
10.0, 1.8551923156909134
11.0, 1.8933809012402696
12.0, 1.9362906347281192
13.0, 1.9720589531589452
14.0, 2.012621431972929
15.0, 2.049413189450537
16.0, 2.088133436560693
17.0, 2.1247459524031753
18.0, 2.1620839060745687
19.0, 2.193247118860859
20.0, 2.222737372638201
21.0, 2.185891147908437
22.0, 2.141199184207983
23.0, 2.0921772303885735
24.0, 2.0392326645417973
25.0, 1.9815058170735915
26.0, 1.9213108612104335
27.0, 1.8574503569981975
28.0, 1.7910064302713964
29.0, 1.7222084553879655
30.0, 1.651434873026464
31.0, 1.5794143164859744
32.0, 1.5066586420702879
33.0, 1.4341003165383635
34.0, 1.3624861749398731
35.0, 1.293027609799623
36.0, 1.22681238969805
37.0, 1.165399969598692
38.0, 1.1102483895511788
39.0, 1.0631288980331086
40.0, 1.0257008665713914
41.0, 1.0388857827396385
42.0, 0.9373447019713951
43.0, 0.782857555017733
44.0, 0.7363258194940486
45.0, 0.6889012846183572
46.0, 0.6403880166117872
47.0, 0.5906916002778518
48.0, 0.5404480932577594
49.0, 0.489925968555345
50.0, 0.4403181473357269
51.0, 0.3930716768311548
52.0, 0.34994945642554864
53.0, 0.312780907819809
54.0, 0.2846536755267831
55.0, 0.26884617522798565
56.0, 0.2685859401855051
57.0, 0.28361990275499543
58.0, 0.26229286443062816
59.0, 0.24312081467358349
60.0, 0.2501242653823523
61.0, 0.29030996096124706
62.0, 0.35611147692684914
63.0, 0.43426742330017765
64.0, 0.51370673611755
65.0, 0.5796487162011349
66.0, 0.640046112251406
67.0, 0.7001923573793106
68.0, 0.7543364473395401
69.0, 0.8068109322662046
70.0, 0.8580831792158439
71.0, 0.9075574357667062
72.0, 0.9581883406748627
73.0, 1.0157326021074922
74.0, 1.077645907492265
75.0, 1.1509088717776652
76.0, 1.2336512849619499
77.0, 1.3261440796674924
78.0, 1.4236918546696409
79.0, 1.5213789929559203
80.0, 1.6145984194215979
81.0, 1.6937290183471154
82.0, 1.7588002185879124
83.0, 1.823300478773086
84.0, 1.8844969105777452
85.0, 1.9444101191306493
86.0, 1.9929283696873603
87.0, 2.0213492036309995
88.0, 2.051763670612779
89.0, 2.0910154932817377
90.0, 2.1398375802921126
91.0, 2.2218631885901536
92.0, 2.313765672444044
93.0, 2.4141658278413933
94.0, 2.5195292086658565
95.0, 2.6265095061718897
96.0, 2.7271257143610823
97.0, 2.817898158091443
98.0, 2.889896842641692
99.0, 2.9591298319263157
100.0, 3.0248601682861245
101.0, 3.089603235724087
102.0, 3.1520828278564315
103.0, 3.2149199846709444
104.0, 3.277271771662264
105.0, 3.346924388843664
106.0, 3.41994795809444
107.0, 3.5008872903060695
108.0, 3.5909378921045465
109.0, 3.6907403229062394
110.0, 3.7960489001963014
111.0, 3.9046557433202174
112.0, 4.006990062730041
113.0, 4.102476369955193
114.0, 4.177013466601235
115.0, 4.245404905817664
116.0, 4.312158865534085
117.0, 4.377084043102095
118.0, 4.439502545060718
119.0, 4.503482682591165
120.0, 4.564912871427491
121.0, 4.6337837348825275
122.0, 4.706692927371121
123.0, 4.751085799745103
124.0, 4.7943025959265855
125.0, 4.838256343081832
126.0, 4.88045007227986
127.0, 4.922815353177098
128.0, 4.962884022591767
129.0, 5.0026101076957605
130.0, 5.039558195672426
131.0, 5.0757030224490824
132.0, 5.108650288722614
133.0, 5.140395674299743
134.0, 5.168586570546808
135.0, 5.195238945986565
136.0, 5.218044091079211
137.0, 5.23904009549769
138.0, 5.255967697844047
139.0, 5.270878433695548
140.0, 5.281560986124926
141.0, 5.290089546550957
142.0, 5.2942997908280125
143.0, 4.649414455567785
144.0, 4.640067743401427
145.0, 4.632112781208989
146.0, 4.627875075800971
147.0, 4.62507599490452
148.0, 4.6260944959340815
149.0, 4.628546339856923
150.0, 4.6347873439422775
151.0, 4.5526943149362555
152.0, 4.471846561829272
153.0, 4.389893128581282
154.0, 4.309190547941333
155.0, 4.22739254889936
156.0, 4.146853064788219
157.0, 4.065229555744663
158.0, 3.984873036572962
159.0, 3.903445981885278
160.0, 3.8232958960110857
161.0, 3.742091038480882
162.0, 3.6621748610308247
163.0, 3.5619311654508796
164.0, 3.502730604920439
165.0, 3.420086013048965
166.0, 3.325692821216211
167.0, 3.3519554411906363
168.0, 3.2747696700251927
169.0, 3.1973337322598523
170.0, 3.121334911776227
171.0, 3.044553274264213
172.0, 2.9692645757741216
173.0, 2.8932831268489725
174.0, 2.9084170175438855
175.0, 2.836584601543501
176.0, 2.766467233618215
177.0, 2.7835598504929444
178.0, 2.803692582300501
179.0, 2.824811453463389
180.0, 2.8484611166823957
181.0, 2.7989640169937298
182.0, 2.7756778070936514
183.0, 2.753230784836756
184.0, 2.733513907510846
185.0, 2.7148685358960316
186.0, 2.699434824762011
187.0, 2.6852763644926116
188.0, 2.6747082962191677
189.0, 2.6655765280983528
190.0, 2.6602886090273805
191.0, 2.6565398694459983
192.0, 2.6567447279613883
193.0, 2.658525313299668
194.0, 2.664217042122746
195.0, 2.58330591166359
196.0, 2.503734129152348
197.0, 2.423236586864026
198.0, 2.43234419084162
199.0, 2.3547458261582292
200.0, 2.278680882627342
201.0, 2.2020198890566545
202.0, 2.14891020211748
203.0, 2.11483747395792
204.0, 2.039891799064074
205.0, 1.9791135063196506
206.0, 2.218728294992446
207.0, 1.9727910421025394
208.0, 2.330979915770131
209.0, 2.0998244013645673
210.0, 1.7620983212241619
211.0, 1.4740420176361628
212.0, 1.4151872770760474
213.0, 1.3093046405879982
214.0, 1.296810223239215
215.0, 1.2385433919047895
216.0, 1.1837441959127704
217.0, 1.1321253589589058
218.0, 1.084965147601048
219.0, 1.1091375146877434
220.0, 1.0736720305996916
221.0, 1.0431978912375717
222.0, 1.0190279890631584
223.0, 0.991625032118122
224.0, 0.9656739670001752
225.0, 0.9405695942272019
226.0, 0.9176916784289237
227.0, 0.8960381096492857
228.0, 0.8773931165722648
229.0, 0.860362658159755
230.0, 0.8470603294635924
231.0, 0.8357210304998741
232.0, 0.8286665044438544
233.0, 0.8238063916830138
234.0, 0.8235296793536592
235.0, 0.8255027039096607
236.0, 0.8320371925938137
237.0, 0.8406817406769197
238.0, 0.8535529887783044
239.0, 0.8530126291155717
240.0, 0.8535531782425522
241.0, 0.8530128185359929
242.0, 0.8535529887783044
243.0, 0.8606623421879817
244.0, 0.8746592397287323
245.0, 0.8869932805657514
246.0, 0.9029539272649051
247.0, 0.9198235498202232
248.0, 0.9387171511996454
249.0, 0.958314438738828
250.0, 0.9797018711028059
251.0, 1.0015214995401776
252.0, 1.024849468465807
253.0, 1.048327700495134
254.0, 1.0729707161710453
255.0, 1.0974738114978067
256.0, 1.1227681024501786
257.0, 1.1476575316438
258.0, 1.1729850190291944
259.0, 1.1976943594090916
260.0, 1.2225598180067183
261.0, 1.2466130543792782
262.0, 1.270594959338786
263.0, 1.2437022596524385
264.0, 1.2103690467589476
265.0, 1.1752623178439048
266.0, 1.1381166599912511
267.0, 1.0991283416270312
268.0, 1.0583392509166758
269.0, 1.015969049196041
270.0, 0.9720787431725724
271.0, 0.9269396851502021
272.0, 0.8806505281100065
273.0, 0.8335494878687352
274.0, 0.7850974734209228
275.0, 0.7341039365939837
276.0, 0.6806038317711257
277.0, 0.6242897013234504
278.0, 0.5765596515007366
279.0, 0.531383064902756
280.0, 0.48912764085539123
281.0, 0.43825745154693174
282.0, 0.39015043409538513
ee_box_dist
0.0, 0.8630680878597565
1.0, 0.9044438954685872
2.0, 0.9356625640105626
3.0, 0.9671030103333428
4.0, 0.9999957076955173
5.0, 1.035801775044251
6.0, 1.0721928905292335
7.0, 1.1055611806592405
8.0, 1.141056256024673
9.0, 1.1769766665006214
10.0, 1.2115250864621383
11.0, 1.246892547026614
12.0, 1.2865203219074555
13.0, 1.319294419381512
14.0, 1.3563637855372315
15.0, 1.390082673472169
16.0, 1.4253171776510996
17.0, 1.4586282083236226
18.0, 1.4925555765422773
19.0, 1.520830541797686
20.0, 1.5474551280396376
21.0, 1.517249886685933
22.0, 1.4801004211105455
23.0, 1.4390346736301625
24.0, 1.3942869672943732
25.0, 1.3449893406862805
26.0, 1.2932706576335329
27.0, 1.237795562771787
28.0, 1.179391023032468
29.0, 1.1181578749744425
30.0, 1.0541917914717676
31.0, 0.987932583824823
32.0, 0.9195342360935184
33.0, 0.8495958553659162
34.0, 0.7784312438083019
35.0, 0.7068235985528898
36.0, 0.6353825019398325
37.0, 0.5651658956694118
38.0, 0.49752414000438994
39.0, 0.43489992196194605
40.0, 0.3806157470215517
41.0, 0.3942122935983732
42.0, 0.4079107776064424
43.0, 0.4217400969994923
44.0, 0.43559999282741013
45.0, 0.44950608506747053
46.0, 0.4633950683612714
47.0, 0.47725769809962376
48.0, 0.4910739725930171
49.0, 0.5048055406240819
50.0, 0.5184628812818596
51.0, 0.5319923261316258
52.0, 0.5454001840267061
53.0, 0.5586231957863451
54.0, 0.5716455835759773
55.0, 0.5843997469429008
56.0, 0.5968721467443667
57.0, 0.6090387830918228
58.0, 0.6208920468826477
59.0, 0.6324515176222036
60.0, 0.6436737572283614
61.0, 0.654614469942252
62.0, 0.6652022019029304
63.0, 0.6754976610971779
64.0, 0.6854387559395294
65.0, 0.6950772828297073
66.0, 0.7043642247818397
67.0, 0.7133363660651945
68.0, 0.7219485786244992
69.0, 0.7302252752049534
70.0, 0.7381275950652721
71.0, 0.7456763483002549
72.0, 0.7528377005322398
73.0, 0.7596299568060174
74.0, 0.7660213602612647
75.0, 0.7720281698224287
76.0, 0.7776205880750565
77.0, 0.7828119595099235
78.0, 0.7875740379475779
79.0, 0.791917559565047
80.0, 0.795814764220423
81.0, 0.7992752370483852
82.0, 0.8022710691783207
83.0, 0.8048109675329619
84.0, 0.8068665886394712
85.0, 0.8084482324624319
86.0, 0.8288216958348271
87.0, 0.8733091329630935
88.0, 0.9114236683858921
89.0, 0.9448089024327103
90.0, 0.9710022523867771
91.0, 0.9701365787764571
92.0, 0.9700353317646853
93.0, 0.9695030244911436
94.0, 0.9700996566471314
95.0, 0.9695226964779072
96.0, 0.9700976678569906
97.0, 0.9695220950690877
98.0, 0.9700976217391298
99.0, 0.9695220117763089
100.0, 0.9700976678569906
101.0, 0.9695221134284356
102.0, 0.9700976217391298
103.0, 0.9695220117763089
104.0, 0.9700977233891575
105.0, 0.9695221134284356
106.0, 0.9700975662069626
107.0, 0.9695220117763089
108.0, 0.9700977233891575
109.0, 0.9695221134284356
110.0, 0.9700976217391298
111.0, 0.9695220117763089
112.0, 0.9700976678569906
113.0, 0.9695221134284356
114.0, 0.9700976217391298
115.0, 0.9695220117763089
116.0, 0.9700977233891575
117.0, 0.969522206126128
118.0, 0.9700976217391298
119.0, 0.9695220117763089
120.0, 0.9700976678569906
121.0, 0.9695221134284356
122.0, 0.9700976217391298
123.0, 0.9695220117763089
124.0, 0.9700977233891575
125.0, 0.9695221134284356
126.0, 0.9700976217391298
127.0, 0.9695220117763089
128.0, 0.9700976678569906
129.0, 0.9695221134284356
130.0, 0.9700976217391298
131.0, 0.9695220117763089
132.0, 0.9700976678569906
133.0, 0.9695221134284356
134.0, 0.9700976217391298
135.0, 0.9695220117763089
136.0, 0.9700976678569906
137.0, 0.9695221134284356
138.0, 0.9700976217391298
139.0, 0.9695220117763089
140.0, 0.9700977233891575
141.0, 0.9695221134284356
142.0, 0.9700975662069626
143.0, 1.6814863656947943
144.0, 1.6744114934674839
145.0, 1.6666443546936363
146.0, 1.656058638365111
147.0, 1.6448096581183398
148.0, 1.630877082655082
149.0, 1.6163189248650345
150.0, 1.5992612423360573
151.0, 1.6646656668972266
152.0, 1.730715396907536
153.0, 1.79911825112519
154.0, 1.8677982457785125
155.0, 1.938581525388836
156.0, 2.009358288144057
157.0, 2.082048316836617
158.0, 2.1545130677050492
159.0, 2.2287457087843507
160.0, 2.3025829509680302
161.0, 2.378076016754896
162.0, 2.453040121660664
163.0, 2.5463709841350206
164.0, 2.6044056841062826
165.0, 2.6836770692598484
166.0, 2.773904349710093
167.0, 2.74814564868128
168.0, 2.8234870638270886
169.0, 2.899866603692026
170.0, 2.9755528825612827
171.0, 3.0527212570095297
172.0, 3.1291366807308743
173.0, 3.206970976489962
174.0, 3.1945767268013427
175.0, 3.270419029132978
176.0, 3.345561953190372
177.0, 3.332808566383223
178.0, 3.3170949719724883
179.0, 3.300554004295338
180.0, 3.2813124084833505
181.0, 3.344913911713781
182.0, 3.362858377368562
183.0, 3.3800062554401493
184.0, 3.3942826400230626
185.0, 3.4076826520434844
186.0, 3.417991380619547
187.0, 3.4273626843931435
188.0, 3.4334934301512154
189.0, 3.438642238089087
190.0, 3.4404708609655796
191.0, 3.4412916869397496
192.0, 3.4387824996557845
193.0, 3.435257700308128
194.0, 3.4284634992061656
195.0, 3.508245011571723
196.0, 3.587104889049118
197.0, 3.6672499189268857
198.0, 3.6588822424314498
199.0, 3.7373356621151106
200.0, 3.8149299327839072
201.0, 3.8938319258002667
202.0, 3.950885222525959
203.0, 3.9854628847245186
204.0, 4.076945763175956
205.0, 4.181109873687552
206.0, 4.230426138114955
207.0, 4.585729843458782
208.0, 3.986570932566231
209.0, 4.2002328335565
210.0, 4.555593345802551
211.0, 4.680504639205108
212.0, 4.763965895260825
213.0, 4.900139186982665
214.0, 4.9263818379536355
215.0, 5.007073735646947
216.0, 5.0875053725590025
217.0, 5.168530370070341
218.0, 5.2488372352249515
219.0, 5.242402887707309
220.0, 5.320842566311878
221.0, 5.400528193748646
222.0, 5.479228468300441
223.0, 5.486366783054375
224.0, 5.490125019423668
225.0, 5.492772225500422
226.0, 5.491969962911089
227.0, 5.490064428956642
228.0, 5.484721228637746
229.0, 5.478305474541451
230.0, 5.468543887555025
231.0, 5.457763497114027
232.0, 5.443808790711368
233.0, 5.428912546736386
234.0, 5.41109165231859
235.0, 5.392427040339785
236.0, 5.371161598302573
237.0, 5.349173095929512
238.0, 5.324976749430524
239.0, 5.325329474423232
240.0, 5.32497666319194
241.0, 5.32532935974553
242.0, 5.324976664176052
243.0, 5.322872907012958
244.0, 5.320301565407689
245.0, 5.318765966762027
246.0, 5.315411500499993
247.0, 5.311586717373623
248.0, 5.306633373721881
249.0, 5.301120516402872
250.0, 5.2944386202083535
251.0, 5.287222384932796
252.0, 5.278859733814128
253.0, 5.2700745863918295
254.0, 5.260232432101423
255.0, 5.250137985993192
256.0, 5.239120535816667
257.0, 5.228031838837345
258.0, 5.216167043729187
259.0, 5.204385532637025
260.0, 5.191956877453817
261.0, 5.179759862177427
262.0, 5.167040932830354
263.0, 5.190654590744328
264.0, 5.220423113028553
265.0, 5.250643401970085
266.0, 5.281397129578532
267.0, 5.312420866934018
268.0, 5.343482444856059
269.0, 5.374336543611452
270.0, 5.404757232906357
271.0, 5.434507839108812
272.0, 5.463371961403361
273.0, 5.4911307896195085
274.0, 5.517864026773473
275.0, 5.54811780416733
276.0, 5.579865138644146
277.0, 5.61346113664823
278.0, 5.633138041109671
279.0, 5.649691667715262
280.0, 5.663881771645042
281.0, 5.689724635015173
282.0, 5.713435559693582
spot_hold
0, 0
1, 0
2, 0
3, 0
4, 0
5, 0
6, 0
7, 0
8, 0
9, 0
10, 0
11, 0
12, 0
13, 0
14, 0
15, 0
16, 0
17, 0
18, 0
19, 0
20, 0
21, 0
22, 0
23, 0
24, 0
25, 0
26, 0
27, 0
28, 0
29, 0
30, 0
31, 0
32, 0
33, 0
34, 0
35, 0
36, 0
37, 0
38, 0
39, 0
40, 0
41, 1
42, 1
43, 1
44, 1
45, 1
46, 1
47, 1
48, 1
49, 1
50, 1
51, 1
52, 1
53, 1
54, 1
55, 1
56, 1
57, 1
58, 1
59, 1
60, 1
61, 1
62, 1
63, 1
64, 1
65, 1
66, 1
67, 1
68, 1
69, 1
70, 1
71, 1
72, 1
73, 1
74, 1
75, 1
76, 1
77, 1
78, 1
79, 1
80, 1
81, 1
82, 1
83, 1
84, 1
85, 1
86, 1
87, 1
88, 1
89, 1
90, 1
91, 1
92, 1
93, 1
94, 1
95, 1
96, 1
97, 1
98, 1
99, 1
100, 1
101, 1
102, 1
103, 1
104, 1
105, 1
106, 1
107, 1
108, 1
109, 1
110, 1
111, 1
112, 1
113, 1
114, 1
115, 1
116, 1
117, 1
118, 1
119, 1
120, 1
121, 1
122, 1
123, 1
124, 1
125, 1
126, 1
127, 1
128, 1
129, 1
130, 1
131, 1
132, 1
133, 1
134, 1
135, 1
136, 1
137, 1
138, 1
139, 1
140, 1
141, 1
142, 1
143, 1
144, 1
145, 1
146, 1
147, 1
148, 1
149, 1
150, 1
151, 1
152, 1
153, 1
154, 1
155, 1
156, 1
157, 1
158, 1
159, 1
160, 1
161, 1
162, 1
163, 1
164, 1
165, 1
166, 1
167, 1
168, 1
169, 1
170, 1
171, 1
172, 1
173, 1
174, 1
175, 1
176, 1
177, 1
178, 1
179, 1
180, 1
181, 1
182, 1
183, 1
184, 1
185, 1
186, 1
187, 1
188, 1
189, 1
190, 1
191, 1
192, 1
193, 1
194, 1
195, 1
196, 1
197, 1
198, 1
199, 1
200, 1
201, 1
202, 1
203, 1
204, 1
205, 1
206, 1
207, 1
208, 1
209, 1
210, 1
211, 1
212, 1
213, 1
214, 1
215, 1
216, 1
217, 1
218, 1
219, 1
220, 1
221, 1
222, 1
223, 1
224, 1
225, 1
226, 1
227, 1
228, 1
229, 1
230, 1
231, 1
232, 1
233, 1
234, 1
235, 1
236, 1
237, 1
238, 1
239, 1
240, 1
241, 1
242, 1
243, 1
244, 1
245, 1
246, 1
247, 1
248, 1
249, 1
250, 1
251, 1
252, 1
253, 1
254, 1
255, 1
256, 1
257, 1
258, 1
259, 1
260, 1
261, 1
262, 1
263, 1
264, 1
265, 1
266, 1
267, 1
268, 1
269, 1
270, 1
271, 1
272, 1
273, 1
274, 1
275, 1
276, 1
277, 1
278, 1
279, 1
280, 1
281, 1
282, 1
