bot_dist
0.0, 3.826806020695277
1.0, 3.8336294719490875
2.0, 3.840466838287006
3.0, 3.8473180455203178
4.0, 3.854183019838172
5.0, 3.8610616878068695
6.0, 3.867953976369122
7.0, 3.8748598128432863
8.0, 3.881779124922571
9.0, 3.888711840674223
10.0, 3.8956578885386866
11.0, 3.9026171973287394
12.0, 3.9095896962286054
13.0, 3.9165753147930484
14.0, 3.923573982946439
15.0, 3.930585630981805
16.0, 3.937610189559856
17.0, 3.944647589707998
18.0, 3.951697762819312
19.0, 3.9587606406515317
20.0, 3.9658361553259893
21.0, 3.972924239326551
22.0, 3.980024825498531
23.0, 3.9871378470475918
24.0, 3.994263237538623
25.0, 4.001400930894613
26.0, 4.008550861395494
27.0, 4.015712963676982
28.0, 4.022887172729396
29.0, 4.030073423896466
30.0, 4.037271652874128
31.0, 4.0444817957093
32.0, 4.051703788798657
33.0, 4.058937568887379
34.0, 4.066183073067901
35.0, 4.073440238778638
36.0, 4.080709003802716
37.0, 4.087989306266673
38.0, 4.095281084639163
39.0, 4.102584277729648
40.0, 4.109898824687075
41.0, 4.117224664998552
42.0, 4.1245617384880084
43.0, 4.131909985314843
44.0, 4.139269345972589
45.0, 4.14663976128753
46.0, 4.154021172417348
47.0, 4.161413520849739
48.0, 4.168816748401034
49.0, 4.176230797214811
50.0, 4.183655609760496
51.0, 4.1910911288319666
52.0, 4.198537297546145
53.0, 4.205994059341583
54.0, 4.213461357977053
55.0, 4.2209391375301175
56.0, 4.228427342395714
57.0, 4.235925917284722
58.0, 4.243434807222524
59.0, 4.2509539575475825
60.0, 4.258483313909986
61.0, 4.266022822270014
62.0, 4.273572428896695
63.0, 4.2811320803663495
64.0, 4.288701723561147
65.0, 4.296281305667649
66.0, 4.303870774175361
67.0, 4.3114700768752705
68.0, 4.319079161858394
69.0, 4.3266979775143195
70.0, 4.334326472529743
71.0, 4.3419645958870134
72.0, 4.349612296862671
73.0, 4.357269525025985
74.0, 4.364936230237496
75.0, 4.37261236264755
76.0, 4.380297872694847
77.0, 4.387992711104969
78.0, 4.39569682888893
79.0, 4.403410177341716
80.0, 4.411132708040818
81.0, 4.41886437284479
82.0, 4.426605123891781
83.0, 4.434354913598086
84.0, 4.442113694656693
85.0, 4.449881420035832
86.0, 4.457658042977525
87.0, 4.465443516996141
88.0, 4.473237795876945
89.0, 4.4810408336746645
90.0, 4.48885258471204
91.0, 4.496673003578393
92.0, 4.504502045128187
93.0, 4.5123396644795974
94.0, 4.520185817013079
95.0, 4.528040458369942
96.0, 4.535903544450928
97.0, 4.543775031414786
98.0, 4.551654875676858
99.0, 4.559543033907666
100.0, 4.567439463031497
101.0, 4.567439463031497
102.0, 4.567439463031497
103.0, 4.567439463031497
104.0, 4.567439463031497
105.0, 4.567439463031497
106.0, 4.567439463031497
107.0, 4.567439463031497
108.0, 4.567439463031497
109.0, 4.567439463031497
110.0, 4.567439463031497
111.0, 4.567439463031497
112.0, 4.567439463031497
113.0, 4.567439463031497
114.0, 4.567439463031497
115.0, 4.567439463031497
116.0, 4.567439463031497
117.0, 4.567439463031497
118.0, 4.567439463031497
119.0, 4.567439463031497
120.0, 4.567439463031497
121.0, 4.567439463031497
122.0, 4.567439463031497
123.0, 4.567439463031497
124.0, 4.567439463031497
125.0, 4.567439463031497
126.0, 4.567439463031497
127.0, 4.567439463031497
128.0, 4.567439463031497
129.0, 4.567439463031497
130.0, 4.567439463031497
131.0, 4.559543033907666
132.0, 4.551654875676858
133.0, 4.543775031414786
134.0, 4.535903544450928
135.0, 4.528040458369942
136.0, 4.520185817013079
137.0, 4.5123396644795974
138.0, 4.504502045128187
139.0, 4.496673003578393
140.0, 4.48885258471204
141.0, 4.4810408336746645
142.0, 4.473237795876945
143.0, 4.469077120357921
144.0, 4.46129798739627
145.0, 4.4535277204261225
146.0, 4.445766365935159
147.0, 4.438013970682749
148.0, 4.430270581701388
149.0, 4.422536246298131
150.0, 4.4148110120560435
151.0, 4.325771649276882
152.0, 4.236767240400092
153.0, 4.147799998157006
154.0, 4.058872406694127
155.0, 3.9699871305411776
156.0, 3.8811470769902616
157.0, 3.792355424208734
158.0, 3.703615653324281
159.0, 3.6149315851478785
160.0, 3.5263074223298716
161.0, 3.4377477979028086
162.0, 3.349257831359114
163.0, 3.2608431936514486
164.0, 3.1725101828005977
165.0, 3.08426581216533
166.0, 2.9961179138909264
167.0, 2.9880358857125517
168.0, 2.898325674950767
169.0, 2.8086631697484696
170.0, 2.7190529357796103
171.0, 2.629500317073455
172.0, 2.540011407622923
173.0, 2.4505931868972572
174.0, 2.4423892160181997
175.0, 2.35180983005657
176.0, 2.26126333595877
177.0, 2.2530510490529823
178.0, 2.244853265660059
179.0, 2.2366701452536644
180.0, 2.2285018493624804
181.0, 2.1392099417305603
182.0, 2.1311215950940974
183.0, 2.123049535685045
184.0, 2.1149939499882953
185.0, 2.106955026957203
186.0, 2.098932958046039
187.0, 2.0909279372427187
188.0, 2.0028663493709224
189.0, 1.994834665913709
190.0, 1.9090750125480604
191.0, 1.8236494585105725
192.0, 1.7386070324157092
193.0, 1.6540068320456673
194.0, 1.5699203512888982
195.0, 1.4864347748815954
196.0, 1.403657327203641
197.0, 1.3217210621370037
198.0, 1.2407926344194653
199.0, 1.1610828044595072
200.0, 1.0828607101758008
201.0, 1.0064732873366553
202.0, 0.9323715784230001
203.0, 0.8611458436459346
204.0, 0.7935708471556078
205.0, 0.7306602059307721
206.0, 0.6737218307693881
207.0, 0.6243917004802697
208.0, 0.5845990144115523
209.0, 0.5563938724700357
210.0, 0.5415896939957178
211.0, 0.5412869900934814
212.0, 0.5555097398917432
213.0, 0.5499295316580309
214.0, 0.5844489920828652
215.0, 0.6296253221550852
216.0, 0.6264661769459894
217.0, 0.6234514375909989
218.0, 0.6205832086269923
219.0, 0.6178635304367732
220.0, 0.6152943728625706
221.0, 0.6128776288358267
222.0, 0.6106151080648408
223.0, 0.6085085308236684
224.0, 0.6065595218870544
225.0, 0.6047696046570586
226.0, 0.6031401955273654
227.0, 0.6016725985310055
228.0, 0.6003680003163452
229.0, 0.599227465494675
230.0, 0.5982519324005793
231.0, 0.5982519324005793
232.0, 0.5982519324005793
233.0, 0.5982519324005793
234.0, 0.5982519324005793
235.0, 0.5982519324005793
236.0, 0.5982519324005793
237.0, 0.5982519324005793
238.0, 0.5982519324005793
239.0, 0.5982519324005793
240.0, 0.5982519324005793
241.0, 0.5982519324005793
242.0, 0.5982519324005793
243.0, 0.5982519324005793
244.0, 0.5982519324005793
245.0, 0.5982519324005793
246.0, 0.5982519324005793
247.0, 0.5982519324005793
248.0, 0.5982519324005793
249.0, 0.5982519324005793
250.0, 0.5982519324005793
251.0, 0.5982519324005793
252.0, 0.5982519324005793
253.0, 0.5982519324005793
254.0, 0.5982519324005793
255.0, 0.5982519324005793
256.0, 0.5982519324005793
257.0, 0.5982519324005793
258.0, 0.5982519324005793
259.0, 0.5982519324005793
260.0, 0.5982519324005793
261.0, 0.599227465494675
262.0, 0.6003680003163452
263.0, 0.6016725985310055
264.0, 0.6031401955273654
265.0, 0.6047696046570586
266.0, 0.6065595218870544
267.0, 0.6085085308236684
268.0, 0.6106151080648408
269.0, 0.6128776288358267
270.0, 0.6152943728625706
271.0, 0.6178635304367732
272.0, 0.6205832086269923
273.0, 0.6234514375909989
274.0, 0.6264661769459894
275.0, 0.6296253221550852
276.0, 0.6329267108907604
277.0, 0.6363681293383792
278.0, 0.6399473184058125
279.0, 0.6436619798081002
280.0, 0.6475097819992426
281.0, 0.6514883659264072
282.0, 0.6555953505850577
ee_dist
0.0, 1.48592572426715
1.0, 1.5506316339636355
2.0, 1.6615496018870923
3.0, 1.7550649060768748
4.0, 1.7874328487960067
5.0, 1.8132999108094148
6.0, 1.8453714810342872
7.0, 1.8784941496023455
8.0, 1.9131761518242494
9.0, 1.9461562464491728
10.0, 1.9833217699548054
11.0, 2.0168957011897346
12.0, 2.0471871010796066
13.0, 2.082623659026206
14.0, 2.1084766568967614
15.0, 2.1349414566381695
16.0, 2.159889410163991
17.0, 2.187338425600384
18.0, 2.2087459173430593
19.0, 2.2279850991087953
20.0, 2.2472002403338354
21.0, 2.2169472203686933
22.0, 2.1752867534439977
23.0, 2.1304032371796175
24.0, 2.0818725354739263
25.0, 2.0299970500212883
26.0, 1.974943173592087
27.0, 1.9170782551994192
28.0, 1.8566399220919216
29.0, 1.7941152973399206
30.0, 1.7298405057229136
31.0, 1.6644489368325883
32.0, 1.598415405504892
33.0, 1.5325519197078208
34.0, 1.4675277424143445
35.0, 1.4043859602925148
36.0, 1.344061830948269
37.0, 1.2878605227137039
38.0, 1.2369902838331093
39.0, 1.1929004290075373
40.0, 1.1569513222932297
41.0, 1.1571613360570436
42.0, 1.0301505927344634
43.0, 0.7385498918744634
44.0, 0.6913576729948991
45.0, 0.6438448343164371
46.0, 0.5960179909667771
47.0, 0.5478954469801409
48.0, 0.5004992390002242
49.0, 0.45449020741453666
50.0, 0.411581564495292
51.0, 0.3739417233414246
52.0, 0.34406055504637456
53.0, 0.32414135803703326
54.0, 0.3167374207961197
55.0, 0.3229571994185026
56.0, 0.342636301773436
57.0, 0.3732193507381972
58.0, 0.345331159975643
59.0, 0.30005860147330715
60.0, 0.268108208177171
61.0, 0.26466955816304055
62.0, 0.2978970071575334
63.0, 0.357413531315374
64.0, 0.4268578515263559
65.0, 0.48880535924179513
66.0, 0.5483688595044774
67.0, 0.6072800083399931
68.0, 0.6600035776473785
69.0, 0.7107773258514857
70.0, 0.7599390571180018
71.0, 0.8074378045246495
72.0, 0.8547331698488099
73.0, 0.9096116905230247
74.0, 0.9688415095645061
75.0, 1.0395402919002061
76.0, 1.1199038896330238
77.0, 1.2102119212399969
78.0, 1.3059833315704512
79.0, 1.4023205224244935
80.0, 1.4945789074174467
81.0, 1.573140223928355
82.0, 1.637989050472272
83.0, 1.702396252595492
84.0, 1.7632739709150187
85.0, 1.822669471450966
86.0, 1.880967922768658
87.0, 1.9373286230468028
88.0, 1.9726266455832573
89.0, 2.012635338685767
90.0, 2.0523369359454238
91.0, 2.1090627968511435
92.0, 2.2024588668223104
93.0, 2.306800740476723
94.0, 2.4001093293529747
95.0, 2.5118663889554522
96.0, 2.6140937302910916
97.0, 2.7026210376123903
98.0, 2.7769480574845335
99.0, 2.8442078470720538
100.0, 2.912298073346061
101.0, 2.9748892786111703
102.0, 3.0395878565524606
103.0, 3.100165951673257
104.0, 3.1644545405148827
105.0, 3.2317512686863497
106.0, 3.306703864126626
107.0, 3.3851656121158484
108.0, 3.4771560341048757
109.0, 3.574432600894267
110.0, 3.681722072626003
111.0, 3.7878712560821577
112.0, 3.8923789849792856
113.0, 3.9855870429533318
114.0, 4.062457358211283
115.0, 4.135787651263048
116.0, 4.196433801993885
117.0, 4.260754394381912
118.0, 4.325349488397418
119.0, 4.387091539960423
120.0, 4.450737431195915
121.0, 4.517197847177656
122.0, 4.592194751661398
123.0, 4.667440071158459
124.0, 4.758445433305596
125.0, 4.802626323233169
126.0, 4.850128479255093
127.0, 4.893894899600349
128.0, 4.940365220409242
129.0, 4.982514866015181
130.0, 5.026797256014371
131.0, 5.066234716260443
132.0, 5.107284294861648
133.0, 5.14302607042811
134.0, 5.179919272537976
135.0, 5.211109682708557
136.0, 5.243053082595534
137.0, 5.268970506773332
138.0, 5.295305388884093
139.0, 5.315362234458871
140.0, 5.335566511401064
141.0, 5.349311584703488
142.0, 5.362998609509151
143.0, 4.674183515920988
144.0, 4.66386204858636
145.0, 4.657842084231426
146.0, 4.652782667762826
147.0, 4.6523146116831
148.0, 4.652779690874908
149.0, 4.657882558675711
150.0, 4.6638507660071795
151.0, 4.583717697884557
152.0, 4.501802516090467
153.0, 4.42183586769635
154.0, 4.340098778163168
155.0, 4.260322593413925
156.0, 4.1787849591528765
157.0, 4.099221922907639
158.0, 4.01790834941117
159.0, 3.9385843770389717
160.0, 3.8575232955323315
161.0, 3.77846925724297
162.0, 3.697693884175309
163.0, 3.618946004225195
164.0, 3.5384952979023048
165.0, 3.460095784257784
166.0, 3.38001691095635
167.0, 3.39313201229358
168.0, 3.3160689651426196
169.0, 3.2411804539169426
170.0, 3.1648452362878534
171.0, 3.0907387252468976
172.0, 3.0152499041671654
173.0, 2.9420466566337375
174.0, 2.9577056144635128
175.0, 2.8889111557145246
176.0, 2.819113742519488
177.0, 2.8396019060882516
178.0, 2.8605526324353305
179.0, 2.884953369688084
180.0, 2.9096028351638394
181.0, 2.8637149212942097
182.0, 2.8372932970129474
183.0, 2.8138997582978864
184.0, 2.7908389318783056
185.0, 2.7714408517236255
186.0, 2.752576515548518
187.0, 2.737894152003915
188.0, 2.6619948106401337
189.0, 2.6495348696956973
190.0, 2.5709442285234734
191.0, 2.494619968405023
192.0, 2.4168058333652698
193.0, 2.3413269661442797
194.0, 2.264443114946113
195.0, 2.189988264747409
196.0, 2.1142398810877503
197.0, 2.041039144353154
198.0, 1.9666910081781943
199.0, 1.8950431471462161
200.0, 1.8224413190629518
201.0, 1.752738378088217
202.0, 1.6823396418450969
203.0, 1.6151008223062386
204.0, 1.5475130282265788
205.0, 1.4834301675908979
206.0, 1.4194651817148902
207.0, 1.3594610612885945
208.0, 1.300200920101486
209.0, 1.2454958622119838
210.0, 1.1923585520329325
211.0, 1.1445265659336743
212.0, 1.0993049042155076
213.0, 1.0739845852254004
214.0, 1.0264918113575638
215.0, 0.9854251930890081
216.0, 0.9580181684022282
217.0, 0.9338680091122968
218.0, 0.9099046359624912
219.0, 0.8901193255823604
220.0, 0.8709010134722989
221.0, 0.8566887686804179
222.0, 0.8434181170110383
223.0, 0.8357864142182702
224.0, 0.8293923629200174
225.0, 0.8289524970527372
226.0, 0.8298964086126073
227.0, 0.8367193507289231
228.0, 0.8448908661076847
229.0, 0.8463190372594016
230.0, 0.8442094477958781
231.0, 0.8463341707102565
232.0, 0.8442088110956361
233.0, 0.8463342107283749
234.0, 0.8442088110956361
235.0, 0.8463342107283749
236.0, 0.8442088110956361
237.0, 0.8463342107283749
238.0, 0.8442088110956361
239.0, 0.8463342107283749
240.0, 0.844074090898289
241.0, 0.846383540149437
242.0, 0.8442066324410444
243.0, 0.8564491004896274
244.0, 0.8688087558021644
245.0, 0.8823507228934152
246.0, 0.898306850115308
247.0, 0.9156530694291715
248.0, 0.9351044086177109
249.0, 0.9556485165384483
250.0, 0.9779681000297212
251.0, 1.0010691275196812
252.0, 1.025525146528647
253.0, 1.0503658066885393
254.0, 1.0761384401535274
255.0, 1.1020758774342905
256.0, 1.1285935508013545
257.0, 1.1549014061746592
258.0, 1.1814551064353462
259.0, 1.2075016276042365
260.0, 1.2334888497322127
261.0, 1.2587627747920127
262.0, 1.2837206492279531
263.0, 1.2565329153251281
264.0, 1.2222828988325285
265.0, 1.1868699750102796
266.0, 1.1400285504338497
267.0, 1.0877394312614699
268.0, 1.0341720990715018
269.0, 0.9901970610952713
270.0, 0.9362125815447223
271.0, 0.8949999742440794
272.0, 0.8467841214909472
273.0, 0.7984437478527958
274.0, 0.7495222819079873
275.0, 0.6942449985420177
276.0, 0.6438535419871945
277.0, 0.5960833057779948
278.0, 0.5361380198271377
279.0, 0.491323746277822
280.0, 0.4451197954061423
281.0, 0.3779928504406437
282.0, 0.3475397308105959
ee_box_dist
0.0, 0.6607225832741797
1.0, 0.701651151341114
2.0, 0.7394346097708802
3.0, 0.7747027451031668
4.0, 0.8110255686429214
5.0, 0.8486803181637332
6.0, 0.8871806772572286
7.0, 0.9236679814271088
8.0, 0.9582799353769261
9.0, 0.9898952087580534
10.0, 1.024617826130483
11.0, 1.0548778400955379
12.0, 1.0813870936453838
13.0, 1.1127363688388932
14.0, 1.1345258199763066
15.0, 1.1568347129759555
16.0, 1.1775549347426106
17.0, 1.200672035721803
18.0, 1.2182091831644395
19.0, 1.233706966861293
20.0, 1.2493146295076571
21.0, 1.2269798657783078
22.0, 1.196379799276882
23.0, 1.1630140807692573
24.0, 1.1264747860851296
25.0, 1.0869655576730997
26.0, 1.0444325134655554
27.0, 0.9990910004502271
28.0, 0.9509255317096911
29.0, 0.9001900390656791
30.0, 0.8468604526952084
31.0, 0.7912484462479261
32.0, 0.7333405173400351
33.0, 0.6734278443799748
34.0, 0.611531757645589
35.0, 0.548059976884918
36.0, 0.48311716315394565
37.0, 0.41746124417122277
38.0, 0.3515021346577029
39.0, 0.28647890675937404
40.0, 0.2242306586031784
41.0, 0.08025353513883787
42.0, 0.08290174877324627
43.0, 0.08302870784806077
44.0, 0.08297744553802593
45.0, 0.08302991653145791
46.0, 0.08298391330351113
47.0, 0.08302960000167965
48.0, 0.08298908315628059
49.0, 0.08302844304323247
50.0, 0.08299322819221605
51.0, 0.08302695644368056
52.0, 0.08299689998859712
53.0, 0.08302522248918404
54.0, 0.08299949620861069
55.0, 0.0830231661728713
56.0, 0.0830016382572066
57.0, 0.08302112997896828
58.0, 0.08300327599367636
59.0, 0.08301903872551455
60.0, 0.08300450822279931
61.0, 0.08301661648725221
62.0, 0.08300530906785374
63.0, 0.08301423157617412
64.0, 0.08300593804122637
65.0, 0.08301189469163027
66.0, 0.08300628847221062
67.0, 0.08300974107093383
68.0, 0.08300659078973995
69.0, 0.08300772539711707
70.0, 0.08300725717405244
71.0, 0.08300636947895289
72.0, 0.08300770028250885
73.0, 0.08300541583320686
74.0, 0.08300888112716681
75.0, 0.08300510041908944
76.0, 0.0830104428741836
77.0, 0.08300654738781406
78.0, 0.0830125396486422
79.0, 0.08300704267957619
80.0, 0.08301536051610511
81.0, 0.08300947736375246
82.0, 0.08301859899177137
83.0, 0.0830128066466834
84.0, 0.08302306582856109
85.0, 0.08301721108876471
86.0, 0.08876208022065414
87.0, 0.12455113100644756
88.0, 0.1350620371605587
89.0, 0.13331046957723974
90.0, 0.12889408290908275
91.0, 0.11565905850274671
92.0, 0.11520662432687737
93.0, 0.08217845702443524
94.0, 0.11708691460453625
95.0, 0.1167480420212486
96.0, 0.11528445375031368
97.0, 0.11674443145462739
98.0, 0.1152858340772428
99.0, 0.1167436193014716
100.0, 0.1152858340772428
101.0, 0.11674364405379818
102.0, 0.11528578923670936
103.0, 0.11674368359851484
104.0, 0.1152858340772428
105.0, 0.11674364405379818
106.0, 0.1152858340772428
107.0, 0.11674364405379818
108.0, 0.1152858340772428
109.0, 0.11674364405379818
110.0, 0.11528578923670936
111.0, 0.11674368359851484
112.0, 0.11528577529739509
113.0, 0.11674355998439317
114.0, 0.1152858340772428
115.0, 0.08219598175258556
116.0, 0.1122830847658135
117.0, 0.11663100630638318
118.0, 0.11528497756897164
119.0, 0.1167438283248372
120.0, 0.11528574439618931
121.0, 0.11674366382615436
122.0, 0.11528578923670936
123.0, 0.11674363907383958
124.0, 0.11528585367053411
125.0, 0.11674362428144625
126.0, 0.1152857500501246
127.0, 0.11674364405379818
128.0, 0.11528577529739509
129.0, 0.11674355998439317
130.0, 0.1152857500501246
131.0, 0.11674364405379818
132.0, 0.1152858340772428
133.0, 0.11674364405379818
134.0, 0.1152857500501246
135.0, 0.11674364405379818
136.0, 0.1152858340772428
137.0, 0.11674364405379818
138.0, 0.1152858340772428
139.0, 0.11674368359851484
140.0, 0.11528578923670936
141.0, 0.1167436193014716
142.0, 0.1152857500501246
143.0, 0.1123314505695769
144.0, 0.111362706850292
145.0, 0.1125831496587346
146.0, 0.11136627099424755
147.0, 0.11258155190320572
148.0, 0.1113662547215902
149.0, 0.11258106483554464
150.0, 0.11136532582975843
151.0, 0.11258121209154451
152.0, 0.11136580322885765
153.0, 0.11258116237402148
154.0, 0.11136598213017244
155.0, 0.11258116237402148
156.0, 0.11136591729527186
157.0, 0.11258116237402148
158.0, 0.11136598213017244
159.0, 0.11258109762622791
160.0, 0.11136598213017244
161.0, 0.11258116237402148
162.0, 0.11136598213017244
163.0, 0.11258122712190405
164.0, 0.11136591729527186
165.0, 0.11258109762622791
166.0, 0.11136591729527186
167.0, 0.11257985631364319
168.0, 0.11136570082966346
169.0, 0.11258063619021334
170.0, 0.1113657903110005
171.0, 0.11258051457000304
172.0, 0.11136570082966346
173.0, 0.11258072579663353
174.0, 0.11136495715211417
175.0, 0.11257952431747474
176.0, 0.11136468484993055
177.0, 0.11257884629549735
178.0, 0.11136245519772425
179.0, 0.11257676088755632
180.0, 0.11136087488931905
181.0, 0.11257694976434394
182.0, 0.11136191236029122
183.0, 0.11257802090026521
184.0, 0.11136345868603813
185.0, 0.11257970301895487
186.0, 0.11136519174526761
187.0, 0.11258059068195997
188.0, 0.11136600677669017
189.0, 0.11258165471067368
190.0, 0.11136627881232936
191.0, 0.11258171148022039
192.0, 0.11136652498560276
193.0, 0.11258184795351715
194.0, 0.11136667278740771
195.0, 0.11258184795351715
196.0, 0.11136644663930231
197.0, 0.11258184795351715
198.0, 0.11136644663930231
199.0, 0.11258176984152357
200.0, 0.11136653612042291
201.0, 0.11258184795351715
202.0, 0.11136658330639693
203.0, 0.11258184795351715
204.0, 0.11136644663930231
205.0, 0.1125816333681321
206.0, 0.11136667278740771
207.0, 0.11258184795351715
208.0, 0.11136658330639693
209.0, 0.11258157500726307
210.0, 0.11136675113354905
211.0, 0.1125814968950801
212.0, 0.11136639945378078
213.0, 0.11258199672775736
214.0, 0.11136646443252989
215.0, 0.11258210060496815
216.0, 0.11136659447413315
217.0, 0.1125819022596502
218.0, 0.11136681539113016
219.0, 0.11258245900908628
220.0, 0.11136624471457594
221.0, 0.1125824693659446
222.0, 0.11136595437263895
223.0, 0.11258281587545384
224.0, 0.11136651985367407
225.0, 0.1125822785325673
226.0, 0.11136572794731969
227.0, 0.11258126895440719
228.0, 0.1113657288205864
229.0, 0.11667393268315426
230.0, 0.11528509612976658
231.0, 0.1167438976006708
232.0, 0.11528731147281275
233.0, 0.11674380217927945
234.0, 0.11528735631401757
235.0, 0.11674380217927945
236.0, 0.11528735631401757
237.0, 0.11674380217927945
238.0, 0.11528735631401757
239.0, 0.11674380217927945
240.0, 0.11492885012411048
241.0, 0.11678340367299167
242.0, 0.11528771192388777
243.0, 0.07441771156603277
244.0, 0.07353887934676896
245.0, 0.07237065249630986
246.0, 0.07239894290689128
247.0, 0.07128398962003568
248.0, 0.07150052159596598
249.0, 0.07046781703007743
250.0, 0.0708515512278479
251.0, 0.0698967531220746
252.0, 0.07029759472044861
253.0, 0.06930828389122508
254.0, 0.06975646364694806
255.0, 0.0687001683196234
256.0, 0.06911802232995773
257.0, 0.06795855559114154
258.0, 0.06832407068970461
259.0, 0.06705295149116049
260.0, 0.06737163716349502
261.0, 0.06599917114347471
262.0, 0.06629427008471118
263.0, 0.0800172146452288
264.0, 0.08066865605441466
265.0, 0.08093809886530204
266.0, 0.08054088622993491
267.0, 0.08022442974563493
268.0, 0.08108131383675506
269.0, 0.08096100707349875
270.0, 0.08189078591884134
271.0, 0.08230901684953372
272.0, 0.08236384459246845
273.0, 0.08236439576971634
274.0, 0.08244303135898193
275.0, 0.08196870162407531
276.0, 0.0823982068276145
277.0, 0.08231836418667014
278.0, 0.08234714265156266
279.0, 0.08215779177121914
280.0, 0.0832435914169804
281.0, 0.08228930326460186
282.0, 0.08052988650441135
spot_hold
0, 0
1, 0
2, 0
3, 0
4, 0
5, 0
6, 0
7, 0
8, 0
9, 0
10, 0
11, 0
12, 0
13, 0
14, 0
15, 0
16, 0
17, 0
18, 0
19, 0
20, 0
21, 0
22, 0
23, 0
24, 0
25, 0
26, 0
27, 0
28, 0
29, 0
30, 0
31, 0
32, 0
33, 0
34, 0
35, 0
36, 0
37, 0
38, 0
39, 0
40, 0
41, 1
42, 1
43, 1
44, 1
45, 1
46, 1
47, 1
48, 1
49, 1
50, 1
51, 1
52, 1
53, 1
54, 1
55, 1
56, 1
57, 1
58, 1
59, 1
60, 1
61, 1
62, 1
63, 1
64, 1
65, 1
66, 1
67, 1
68, 1
69, 1
70, 1
71, 1
72, 1
73, 1
74, 1
75, 1
76, 1
77, 1
78, 1
79, 1
80, 1
81, 1
82, 1
83, 1
84, 1
85, 1
86, 1
87, 1
88, 1
89, 1
90, 1
91, 1
92, 1
93, 1
94, 1
95, 1
96, 1
97, 1
98, 1
99, 1
100, 1
101, 1
102, 1
103, 1
104, 1
105, 1
106, 1
107, 1
108, 1
109, 1
110, 1
111, 1
112, 1
113, 1
114, 1
115, 1
116, 1
117, 1
118, 1
119, 1
120, 1
121, 1
122, 1
123, 1
124, 1
125, 1
126, 1
127, 1
128, 1
129, 1
130, 1
131, 1
132, 1
133, 1
134, 1
135, 1
136, 1
137, 1
138, 1
139, 1
140, 1
141, 1
142, 1
143, 1
144, 1
145, 1
146, 1
147, 1
148, 1
149, 1
150, 1
151, 1
152, 1
153, 1
154, 1
155, 1
156, 1
157, 1
158, 1
159, 1
160, 1
161, 1
162, 1
163, 1
164, 1
165, 1
166, 1
167, 1
168, 1
169, 1
170, 1
171, 1
172, 1
173, 1
174, 1
175, 1
176, 1
177, 1
178, 1
179, 1
180, 1
181, 1
182, 1
183, 1
184, 1
185, 1
186, 1
187, 1
188, 1
189, 1
190, 1
191, 1
192, 1
193, 1
194, 1
195, 1
196, 1
197, 1
198, 1
199, 1
200, 1
201, 1
202, 1
203, 1
204, 1
205, 1
206, 1
207, 1
208, 1
209, 1
210, 1
211, 1
212, 1
213, 1
214, 1
215, 1
216, 1
217, 1
218, 1
219, 1
220, 1
221, 1
222, 1
223, 1
224, 1
225, 1
226, 1
227, 1
228, 1
229, 1
230, 1
231, 1
232, 1
233, 1
234, 1
235, 1
236, 1
237, 1
238, 1
239, 1
240, 1
241, 1
242, 1
243, 1
244, 1
245, 1
246, 1
247, 1
248, 1
249, 1
250, 1
251, 1
252, 1
253, 1
254, 1
255, 1
256, 1
257, 1
258, 1
259, 1
260, 1
261, 1
262, 1
263, 1
264, 1
265, 1
266, 1
267, 1
268, 1
269, 1
270, 1
271, 1
272, 1
273, 1
274, 1
275, 1
276, 1
277, 1
278, 1
279, 1
280, 1
281, 1
282, 1
