bot_dist
0.0, 3.542501037493098
1.0, 3.5486357185774655
2.0, 3.5547879437888357
3.0, 3.560957622194856
4.0, 3.567144663235198
5.0, 3.5733489767227606
6.0, 3.579570472844805
7.0, 3.5858090621640306
8.0, 3.592064655619595
9.0, 3.5983371645280675
10.0, 3.6046265005843243
11.0, 3.610932575862393
12.0, 3.6172553028162358
13.0, 3.6235945942804735
14.0, 3.6299503634710613
15.0, 3.6363225239859074
16.0, 3.642710989805439
17.0, 3.6491156752931158
18.0, 3.655536495195893
19.0, 3.6619733646446346
20.0, 3.6684261991544753
21.0, 3.6748949146251353
22.0, 3.6813794273411893
23.0, 3.6878796539722853
24.0, 3.694395511573316
25.0, 3.700926917584555
26.0, 3.707473789831737
27.0, 3.7140360465260995
28.0, 3.7206136062643838
29.0, 3.727206388028793
30.0, 3.733814311186906
31.0, 3.740437295491557
32.0, 3.747075261080668
33.0, 3.7537281284770554
34.0, 3.7603958185881816
35.0, 3.7670782527058875
36.0, 3.7737753525060724
37.0, 3.7804870400483526
38.0, 3.787213237775674
39.0, 3.7939538685139
40.0, 3.800708855471358
41.0, 3.807478122238359
42.0, 3.8142615927866843
43.0, 3.821059191469038
44.0, 3.8278708430184722
45.0, 3.8346964725477837
46.0, 3.8415360055488756
47.0, 3.848389367892097
48.0, 3.855256485825553
49.0, 3.8621372859743834
50.0, 3.869031695340023
51.0, 3.8759396412994285
52.0, 3.882861051604283
53.0, 3.889795854380179
54.0, 3.8967439781257713
55.0, 3.903705351711913
56.0, 3.9106799043807623
57.0, 3.917667565744873
58.0, 3.924668265786259
59.0, 3.9316819348554395
60.0, 3.938708503670465
61.0, 3.9457479033159206
62.0, 3.952800065241912
63.0, 3.9598649212630317
64.0, 3.9669424035573067
65.0, 3.9740324446651276
66.0, 3.9811349774881655
67.0, 3.988249935288263
68.0, 3.9953772516863153
69.0, 4.002516860661138
70.0, 4.009668696548309
71.0, 4.016832694039008
72.0, 4.024008788178831
73.0, 4.031196914366597
74.0, 4.038397008353144
75.0, 4.045609006240099
76.0, 4.05283284447865
77.0, 4.0600684598683
78.0, 4.067315789555603
79.0, 4.074574771032901
80.0, 4.081845342137039
81.0, 4.0891274410480785
82.0, 4.096421006287989
83.0, 4.103725976719343
84.0, 4.111042291543991
85.0, 4.1183698903017385
86.0, 4.125708712868998
87.0, 4.13305869945745
88.0, 4.140419790612684
89.0, 4.147791927212838
90.0, 4.155175050467228
91.0, 4.162569101914968
92.0, 4.169974023423597
93.0, 4.177389757187676
94.0, 4.1848162457274
95.0, 4.192253431887194
96.0, 4.199701258834308
97.0, 4.207159670057403
98.0, 4.214628609365136
99.0, 4.222108020884734
100.0, 4.229597849060576
101.0, 4.229597849060576
102.0, 4.229597849060576
103.0, 4.229597849060576
104.0, 4.229597849060576
105.0, 4.229597849060576
106.0, 4.229597849060576
107.0, 4.229597849060576
108.0, 4.229597849060576
109.0, 4.229597849060576
110.0, 4.229597849060576
111.0, 4.229597849060576
112.0, 4.229597849060576
113.0, 4.229597849060576
114.0, 4.229597849060576
115.0, 4.229597849060576
116.0, 4.229597849060576
117.0, 4.229597849060576
118.0, 4.229597849060576
119.0, 4.229597849060576
120.0, 4.229597849060576
121.0, 4.229597849060576
122.0, 4.229597849060576
123.0, 4.229597849060576
124.0, 4.229597849060576
125.0, 4.229597849060576
126.0, 4.229597849060576
127.0, 4.229597849060576
128.0, 4.229597849060576
129.0, 4.229597849060576
130.0, 4.229597849060576
131.0, 4.222108020884734
132.0, 4.214628609365136
133.0, 4.207159670057403
134.0, 4.199701258834308
135.0, 4.192253431887194
136.0, 4.1848162457274
137.0, 4.177389757187676
138.0, 4.169974023423597
139.0, 4.162569101914968
140.0, 4.155175050467228
141.0, 4.147791927212838
142.0, 4.140419790612684
143.0, 4.136984253944496
144.0, 4.129641254112389
145.0, 4.1223094325350855
146.0, 4.114988848962662
147.0, 4.107679563479229
148.0, 4.100381636504252
149.0, 4.09309512879388
150.0, 4.085820101442259
151.0, 4.07855661588283
152.0, 3.9882111142712997
153.0, 3.8978705375542284
154.0, 3.8075352362873947
155.0, 3.7172055950818175
156.0, 3.626882036839037
157.0, 3.53656502763408
158.0, 3.446255082364601
159.0, 3.3559527713100943
160.0, 3.2656587277767715
161.0, 3.1753736570435227
162.0, 3.085098346874529
163.0, 2.9948336799279187
164.0, 2.9045806484712884
165.0, 2.8143403719198274
166.0, 2.7241141178486674
167.0, 2.633903327308665
168.0, 2.543709645508611
169.0, 2.4535349592374014
170.0, 2.363381442816046
171.0, 2.2732515320031985
172.0, 2.1831484094865283
173.0, 2.0930753477550024
174.0, 2.003036402156331
175.0, 1.9130363898249634
176.0, 1.82308107682384
177.0, 1.733177423116084
178.0, 1.643334074850552
179.0, 1.5535612967705008
180.0, 1.4638720722024416
181.0, 1.374282759994468
182.0, 1.2848142607997721
183.0, 1.277925638797573
184.0, 1.188881284908309
185.0, 1.1001551781830718
186.0, 1.01183104208636
187.0, 0.9240241525765768
188.0, 0.8368973333264366
189.0, 0.7506874140957
190.0, 0.6657506860704129
191.0, 0.582644225487141
192.0, 0.5022773597849537
193.0, 0.4262026911931991
194.0, 0.357173427030701
195.0, 0.30009151127969935
196.0, 0.2628591038487363
197.0, 0.2543478660789902
198.0, 0.27721598195352926
199.0, 0.32490383114197247
200.0, 0.33325816009484915
201.0, 0.40063668765746596
202.0, 0.4095505929351329
203.0, 0.4185135845685565
204.0, 0.4275225752891374
205.0, 0.436574717446877
206.0, 0.44566738164724967
207.0, 0.45479813745588316
208.0, 0.46396473596696564
209.0, 0.4731650940496164
210.0, 0.48239728010385685
211.0, 0.49165950117408075
212.0, 0.5009500912829774
213.0, 0.5102675008626665
214.0, 0.5196102871723862
215.0, 0.5289771056034832
216.0, 0.5383667017827514
217.0, 0.5477779043944432
218.0, 0.5572096186495958
219.0, 0.5666608203387795
220.0, 0.5761305504110503
221.0, 0.5856179100278537
222.0, 0.5951220560459622
223.0, 0.6046421968882804
224.0, 0.6141775887656019
225.0, 0.6237275322161933
226.0, 0.6332913689334524
227.0, 0.6428684788549214
228.0, 0.6524582774886108
229.0, 0.6620602134550154
230.0, 0.6716737662253351
231.0, 0.6716737662253351
232.0, 0.6716737662253351
233.0, 0.6716737662253351
234.0, 0.6716737662253351
235.0, 0.6716737662253351
236.0, 0.6716737662253351
237.0, 0.6716737662253351
238.0, 0.6716737662253351
239.0, 0.6716737662253351
240.0, 0.6716737662253351
241.0, 0.6716737662253351
242.0, 0.6716737662253351
243.0, 0.6716737662253351
244.0, 0.6716737662253351
245.0, 0.6716737662253351
246.0, 0.6716737662253351
247.0, 0.6716737662253351
248.0, 0.6716737662253351
249.0, 0.6716737662253351
250.0, 0.6716737662253351
251.0, 0.6716737662253351
252.0, 0.6716737662253351
253.0, 0.6716737662253351
254.0, 0.6716737662253351
255.0, 0.6716737662253351
256.0, 0.6716737662253351
257.0, 0.6716737662253351
258.0, 0.6716737662253351
259.0, 0.6716737662253351
260.0, 0.6716737662253351
261.0, 0.6620602134550154
262.0, 0.6524582774886108
263.0, 0.6428684788549214
264.0, 0.6332913689334524
265.0, 0.6237275322161933
266.0, 0.6141775887656019
267.0, 0.6046421968882804
268.0, 0.5951220560459622
269.0, 0.5856179100278537
270.0, 0.5761305504110503
271.0, 0.5666608203387795
272.0, 0.5572096186495958
273.0, 0.5477779043944432
274.0, 0.5383667017827514
275.0, 0.5289771056034832
276.0, 0.5196102871723862
277.0, 0.5102675008626665
278.0, 0.5009500912829774
279.0, 0.49165950117408075
280.0, 0.48239728010385685
281.0, 0.4731650940496164
282.0, 0.46396473596696564
ee_dist
0.0, 1.1498318031296348
1.0, 1.1907179343764338
2.0, 1.2879910756158846
3.0, 1.37463623961886
4.0, 1.404496163086411
5.0, 1.4301375893512625
6.0, 1.4634565451849009
7.0, 1.497254750109895
8.0, 1.5320753985544222
9.0, 1.5662697153354932
10.0, 1.600168871505276
11.0, 1.6320440975380803
12.0, 1.6628416181070684
13.0, 1.69098348112351
14.0, 1.7187976685538822
15.0, 1.7411689147989613
16.0, 1.765533974079746
17.0, 1.7867402779856927
18.0, 1.808052636214774
19.0, 1.8264481356070559
20.0, 1.8453507339102873
21.0, 1.8189789903936222
22.0, 1.7815248830337773
23.0, 1.7410556896171834
24.0, 1.6970843892144338
25.0, 1.6498414833332518
26.0, 1.599404589868509
27.0, 1.5460493841339864
28.0, 1.4899030069809973
29.0, 1.4313371776113646
30.0, 1.3705523108496724
31.0, 1.3080433951774335
32.0, 1.2441236920828567
33.0, 1.1794537584587854
34.0, 1.114531614268303
35.0, 1.050277260920537
36.0, 0.9875076603702602
37.0, 0.9275364509684836
38.0, 0.8730478578962472
39.0, 0.821948050105252
40.0, 0.7793627177031945
41.0, 0.7933342291762572
42.0, 0.7706395347208446
43.0, 0.9237060948263155
44.0, 0.8806671378828467
45.0, 0.8360397348087574
46.0, 0.7895510655911878
47.0, 0.7409970754326857
48.0, 0.6906974755578781
49.0, 0.6385641137683793
50.0, 0.5853137721938131
51.0, 0.5315318256835072
52.0, 0.47774088716348156
53.0, 0.4241851400865471
54.0, 0.37159558504870627
55.0, 0.32097289267015666
56.0, 0.3397239809234397
57.0, 0.40630743995263646
58.0, 0.48342826513005516
59.0, 0.5710824437611715
60.0, 0.6642822384639332
61.0, 0.7576735300239258
62.0, 0.8463822092681416
63.0, 0.920675389270764
64.0, 0.9804987613951349
65.0, 1.0397472797939467
66.0, 1.0952662702847966
67.0, 1.149191644576178
68.0, 1.201500913529778
69.0, 1.2544386729647303
70.0, 1.3074297493937208
71.0, 1.3670265500971477
72.0, 1.4315021849918463
73.0, 1.5039549159272168
74.0, 1.587517039885095
75.0, 1.6796192211080383
76.0, 1.7781533168718664
77.0, 1.877500624487387
78.0, 1.9716986759738087
79.0, 2.0552224429922794
80.0, 2.121498492119966
81.0, 2.184309184523988
82.0, 2.245255877287842
83.0, 2.304634606480028
84.0, 2.363094395404358
85.0, 2.421095173072197
86.0, 2.4720853926140687
87.0, 2.5090950335590536
88.0, 2.5510883008798753
89.0, 2.602611151833131
90.0, 2.6703855244053725
91.0, 2.7702509617194693
92.0, 2.875390782129292
93.0, 2.983452612344409
94.0, 3.08578107934547
95.0, 3.1811343625739097
96.0, 3.255838270661024
97.0, 3.324349498869025
98.0, 3.391353118090553
99.0, 3.4562662555167534
100.0, 3.5188048848871842
101.0, 3.582624665977255
102.0, 3.6440939171466487
103.0, 3.712617980085638
104.0, 3.7854419169947837
105.0, 3.8628045206651054
106.0, 3.9516676907296984
107.0, 4.04976747613975
108.0, 4.154583566938114
109.0, 4.26259425097877
110.0, 4.3671356228691325
111.0, 4.46619321299835
112.0, 4.544329319008404
113.0, 4.5929267483174145
114.0, 4.639680404938777
115.0, 4.688360645781425
116.0, 4.730296612348709
117.0, 4.77341131932196
118.0, 4.813773718992148
119.0, 4.852775323241537
120.0, 4.888434891515561
121.0, 4.922384740820749
122.0, 4.95279968392498
123.0, 4.980761934366775
124.0, 5.004890180644318
125.0, 5.026698613526441
126.0, 5.0442734448047535
127.0, 5.059305975212561
128.0, 5.069959917403503
129.0, 5.0779326204840975
130.0, 5.081449176823139
131.0, 5.082215967115354
132.0, 5.0785190560322775
133.0, 5.072073501010694
134.0, 5.061225678372295
135.0, 5.047699893381435
136.0, 5.02990299374719
137.0, 5.009570517580907
138.0, 4.98516924507457
139.0, 4.958440103262991
140.0, 4.927912912146983
141.0, 4.895342592972002
142.0, 4.85931422593417
143.0, 4.3105278743306705
144.0, 4.293442481134069
145.0, 4.277686804484947
146.0, 4.265122864617718
147.0, 4.25402653595753
148.0, 4.24641628312583
149.0, 4.240360708656255
150.0, 4.237970577999803
151.0, 4.237165407900328
152.0, 4.154408380115795
153.0, 4.070580647930583
154.0, 3.9878269584982347
155.0, 3.9040029021065275
156.0, 3.821252998043943
157.0, 3.737433120747899
158.0, 3.654687518951512
159.0, 3.570872401022447
160.0, 3.488131736228679
161.0, 3.404322091219074
162.0, 3.32158710850356
163.0, 3.237783783406487
164.0, 3.1550554022796473
165.0, 3.0712595172975767
166.0, 2.988538777649795
167.0, 2.904751534274999
168.0, 2.822039729713594
169.0, 2.7382628853103603
170.0, 2.6555621212086957
171.0, 2.5717973493884463
172.0, 2.489109485407946
173.0, 2.405360042287007
174.0, 2.3226879647560774
175.0, 2.2389568546707728
176.0, 2.1563043334999428
177.0, 2.072595835510466
178.0, 1.9899684317970676
179.0, 1.9052907550875904
180.0, 1.823877859264622
181.0, 1.7400698732484396
182.0, 1.6574928765943373
183.0, 1.6595862527905532
184.0, 1.577541100818013
185.0, 1.49452167549463
186.0, 1.4126634381196201
187.0, 1.3298618590207834
188.0, 1.2482610952661333
189.0, 1.1657733972425937
190.0, 1.0825715469494488
191.0, 1.0284389549329989
192.0, 0.9566678807987098
193.0, 1.5559849087120825
194.0, 1.2558980295143163
195.0, 0.7377875955996692
196.0, 0.7447907810551434
197.0, 0.7210222363559748
198.0, 0.4889654743596972
199.0, 0.37229215077269473
200.0, 0.4158089966796052
201.0, 0.3355656433812644
202.0, 0.31224045998248057
203.0, 0.3049301473199742
204.0, 0.2918741642708897
205.0, 0.28677443610608694
206.0, 0.285226255218077
207.0, 0.288111346511121
208.0, 0.2970034416929051
209.0, 0.30963302867748294
210.0, 0.32641813327892244
211.0, 0.32828278444357767
212.0, 0.3084889950640609
213.0, 0.4152593754296623
214.0, 0.4186161575846197
215.0, 0.44748777841073556
216.0, 0.47532939839490496
217.0, 0.5036333942963424
218.0, 0.5035950764042072
219.0, 0.5036344168861451
220.0, 0.5035949567059613
221.0, 0.5036344120847506
222.0, 0.5035949567059613
223.0, 0.5036344428969609
224.0, 0.5035949567059613
225.0, 0.5036346551122617
226.0, 0.5035949567059613
227.0, 0.5036344428969609
228.0, 0.5035949567059613
229.0, 0.5036346551122617
230.0, 0.5035949567059613
231.0, 0.5036344428969609
232.0, 0.5035949567059613
233.0, 0.5036346551122617
234.0, 0.5035949567059613
235.0, 0.5036346551122617
236.0, 0.5035949567059613
237.0, 0.5036346551122617
238.0, 0.5035949567059613
239.0, 0.5036346551122617
240.0, 0.5035949567059613
241.0, 0.5036346551122617
242.0, 0.5035949567059613
243.0, 0.506397284235149
244.0, 0.5140112410577309
245.0, 0.5229676017578141
246.0, 0.5337759705609493
247.0, 0.5437472745637858
248.0, 0.5553235605388056
249.0, 0.5687828724864104
250.0, 0.5806846397076699
251.0, 0.5874073602392262
252.0, 0.5786537456927451
253.0, 0.5855608137019741
254.0, 0.6053167272963602
255.0, 0.6308080967069775
256.0, 0.6566922667673348
257.0, 0.6687929455365726
258.0, 0.6825561948673311
259.0, 0.7073037900858031
260.0, 0.727823943798406
261.0, 0.7512192004430356
262.0, 0.7744346150423749
263.0, 0.7682972936903962
264.0, 0.7610544988111678
265.0, 0.7541046615396605
266.0, 0.7474595513117004
267.0, 0.7412906652538855
268.0, 0.735644142922188
269.0, 0.730698123780798
270.0, 0.7264771475145314
271.0, 0.7231533202555205
272.0, 0.7239825465255461
273.0, 0.7012031128444127
274.0, 0.7049422200824792
275.0, 0.6984102693369804
276.0, 0.6984167691479897
277.0, 0.698953990739499
278.0, 0.7002535955809043
279.0, 0.7023991538251345
280.0, 0.7050661054854666
281.0, 0.7086761450629484
282.0, 0.7130374328927169
ee_box_dist
0.0, 0.722285160324797
1.0, 0.7717552290890145
2.0, 0.8029108615913463
3.0, 0.8350891316792558
4.0, 0.8690200407125167
5.0, 0.9044242817699635
6.0, 0.9408519948845149
7.0, 0.974538793840044
8.0, 1.0070137895964937
9.0, 1.0382572087782656
10.0, 1.068469447772689
11.0, 1.0966783995973404
12.0, 1.1237132281121818
13.0, 1.1483998753357572
14.0, 1.1726983304397507
15.0, 1.1920748141296693
16.0, 1.2134161032109123
17.0, 1.2319758789172224
18.0, 1.2506716607888133
19.0, 1.2667902671365976
20.0, 1.2834365029283072
21.0, 1.2626350978336403
22.0, 1.233290502157209
23.0, 1.2012389511758979
24.0, 1.166060888289195
25.0, 1.127955703933068
26.0, 1.0868985602006374
27.0, 1.0430602423312338
28.0, 0.9964921190175989
29.0, 0.9473823289847295
30.0, 0.8958023160551123
31.0, 0.8420167433828102
32.0, 0.7861098158275475
33.0, 0.7284758049881123
34.0, 0.6693421840743999
35.0, 0.609216455115584
36.0, 0.5483747364417907
37.0, 0.48744314434886726
38.0, 0.4280536438087322
39.0, 0.36927846948718845
40.0, 0.31559869108539496
41.0, 0.32696951668521473
42.0, 0.3384575495734866
43.0, 0.35012074591532244
44.0, 0.3618376483196464
45.0, 0.3736165620063636
46.0, 0.38542134942248096
47.0, 0.3972099303998315
48.0, 0.4090022293325289
49.0, 0.4207227476150664
50.0, 0.4324200049158646
51.0, 0.44400990407418367
52.0, 0.455523037089976
53.0, 0.46687048453356966
54.0, 0.4780449674564132
55.0, 0.48895396166570476
56.0, 0.4995906728348066
57.0, 0.5099186644633285
58.0, 0.5199403013915478
59.0, 0.5296825794463833
60.0, 0.5390965125786878
61.0, 0.5482584523523147
62.0, 0.5570793915121381
63.0, 0.5656431350850215
64.0, 0.5738710589200726
65.0, 0.5818360401473222
66.0, 0.5894766671022298
67.0, 0.5968468589675967
68.0, 0.6038887152866347
69.0, 0.6106388424864573
70.0, 0.6170480546299527
71.0, 0.6231494546897561
72.0, 0.6288994958377385
73.0, 0.6343284668539798
74.0, 0.6393953513681535
75.0, 0.6441311534997014
76.0, 0.6484872874887678
77.0, 0.6524450507639702
78.0, 0.656010945040363
79.0, 0.6592061131480217
80.0, 0.6619917024070306
81.0, 0.6643883203316254
82.0, 0.666359658772025
83.0, 0.6679222990596364
84.0, 0.6690411356124136
85.0, 0.6697335056718199
86.0, 0.6909792590488352
87.0, 0.7359192099331282
88.0, 0.7739631554654914
89.0, 0.8066797646363277
90.0, 0.8306155925352833
91.0, 0.8296098399360033
92.0, 0.8299957530592272
93.0, 0.8297834233976608
94.0, 0.8302467381981369
95.0, 0.829773467475041
96.0, 0.8302456947764795
97.0, 0.8297727160908014
98.0, 0.8302448416192171
99.0, 0.8297720708656068
100.0, 0.8302441963104358
101.0, 0.8297716200710702
102.0, 0.8302437587054419
103.0, 0.8297712620872193
104.0, 0.8302436879332582
105.0, 0.8297712620872193
106.0, 0.8302435951079694
107.0, 0.8297711560179379
108.0, 0.8302434625004188
109.0, 0.829771089724639
110.0, 0.8302435155434384
111.0, 0.829771089724639
112.0, 0.8302434625004188
113.0, 0.829771089724639
114.0, 0.8302434404473027
115.0, 0.8271072336615898
116.0, 0.8301710009250104
117.0, 0.8298234744507813
118.0, 0.830242783406395
119.0, 0.8297784551022721
120.0, 0.8302448817043727
121.0, 0.8295579709407219
122.0, 0.8300112519557474
123.0, 0.829751976329948
124.0, 0.830244018415366
125.0, 0.8297671481300702
126.0, 0.8302426029543981
127.0, 0.829769109087049
128.0, 0.8302414403241153
129.0, 0.8297686715486942
130.0, 0.8302407771373296
131.0, 0.8297681897846043
132.0, 0.83024037052024
133.0, 0.829767738987659
134.0, 0.8302399063912483
135.0, 0.8297675401066741
136.0, 0.8302399151834602
137.0, 0.8297675621745751
138.0, 0.8302399151834602
139.0, 0.8297675401066741
140.0, 0.8302398931304209
141.0, 0.8297675401066741
142.0, 0.8302398400871122
143.0, 1.5312861005615315
144.0, 1.5234490480979017
145.0, 1.5149304589431967
146.0, 1.503752523603097
147.0, 1.4919271865710046
148.0, 1.4775740445060892
149.0, 1.4626180350594549
150.0, 1.4453100052783132
151.0, 1.4274558080891409
152.0, 1.487035205453034
153.0, 1.5496118292416243
154.0, 1.6132387251377356
155.0, 1.6794401461160673
156.0, 1.7462418012110772
157.0, 1.815295453043025
158.0, 1.884605378930929
159.0, 1.9559221581828532
160.0, 2.0272321530302033
161.0, 2.10036220454811
162.0, 2.1732829388391104
163.0, 2.2478805434231504
164.0, 2.322111759628388
165.0, 2.39790900731831
166.0, 2.4732171514336017
167.0, 2.5500048560160486
168.0, 2.6262063946419425
169.0, 2.7038190497169454
170.0, 2.780767937651816
171.0, 2.859074269445934
172.0, 2.936654279702281
173.0, 3.015547686695923
174.0, 3.0936645225837145
175.0, 3.173059373767631
176.0, 3.2516361487511944
177.0, 3.331462122418684
178.0, 3.410435247991951
179.0, 3.4914353760473458
180.0, 3.569862669533706
181.0, 3.6504664712463457
182.0, 3.7301076951570264
183.0, 3.721626716664293
184.0, 3.7996984647692504
185.0, 3.8790009321399013
186.0, 3.9574514289380156
187.0, 4.037118291924827
188.0, 4.115907547277858
189.0, 4.195897405568109
190.0, 4.275999858508688
191.0, 4.325387051270451
192.0, 4.398238942156907
193.0, 4.042464445607049
194.0, 4.082428299601904
195.0, 4.796921442002136
196.0, 4.883406324372985
197.0, 4.654888056281983
198.0, 4.882489195362828
199.0, 5.010521960978163
200.0, 4.9740644417489035
201.0, 5.069601326040013
202.0, 5.083665354606792
203.0, 5.082469360350307
204.0, 5.087833556273438
205.0, 5.088686629389018
206.0, 5.088383120929297
207.0, 5.08639316971206
208.0, 5.081129088623025
209.0, 5.074624931310433
210.0, 5.066103244080976
211.0, 5.064664748704115
212.0, 5.068156693280123
213.0, 5.011081643980717
214.0, 5.008947832959914
215.0, 4.988888177825788
216.0, 4.967784649631342
217.0, 4.945760539662473
218.0, 4.945456438413742
219.0, 4.945755041616344
220.0, 4.945456170024634
221.0, 4.945754227051114
222.0, 4.945456118757363
223.0, 4.945754238798688
224.0, 4.945456118757363
225.0, 4.945754119493978
226.0, 4.945456118757363
227.0, 4.945754238798688
228.0, 4.945456118757363
229.0, 4.945754119493978
230.0, 4.945456118757363
231.0, 4.945754238798688
232.0, 4.945456118757363
233.0, 4.945754119493978
234.0, 4.945456118757363
235.0, 4.945754119493978
236.0, 4.945456118757363
237.0, 4.945754119493978
238.0, 4.945456118757363
239.0, 4.945754119493978
240.0, 4.945456118757363
241.0, 4.945754119493978
242.0, 4.945456118757363
243.0, 4.944216907318014
244.0, 4.944355787201403
245.0, 4.942848026776268
246.0, 4.939779174282766
247.0, 4.934082285470117
248.0, 4.925160107879506
249.0, 4.915949012993582
250.0, 4.903748908922422
251.0, 4.89316958968425
252.0, 4.90028833279994
253.0, 4.892246906639758
254.0, 4.8876297407426526
255.0, 4.870051220001685
256.0, 4.8537754079364674
257.0, 4.847559677693428
258.0, 4.840287736218369
259.0, 4.819305833297289
260.0, 4.802237976518455
261.0, 4.780248066910081
262.0, 4.7571819036365826
263.0, 4.780332837626597
264.0, 4.809326557498181
265.0, 4.839912288099631
266.0, 4.871901048069494
267.0, 4.904928557056385
268.0, 4.93862443741417
269.0, 4.972601753119441
270.0, 5.006485284444099
271.0, 5.03987688110036
272.0, 5.068625159809832
273.0, 5.108644134007056
274.0, 5.157550071692351
275.0, 5.171794202650248
276.0, 5.197820783475487
277.0, 5.22057607457937
278.0, 5.240439964960895
279.0, 5.257091351376084
280.0, 5.270559657159313
281.0, 5.280275157735918
282.0, 5.286202641740098
spot_hold
0, 0
1, 0
2, 0
3, 0
4, 0
5, 0
6, 0
7, 0
8, 0
9, 0
10, 0
11, 0
12, 0
13, 0
14, 0
15, 0
16, 0
17, 0
18, 0
19, 0
20, 0
21, 0
22, 0
23, 0
24, 0
25, 0
26, 0
27, 0
28, 0
29, 0
30, 0
31, 0
32, 0
33, 0
34, 0
35, 0
36, 0
37, 0
38, 0
39, 0
40, 0
41, 1
42, 1
43, 1
44, 1
45, 1
46, 1
47, 1
48, 1
49, 1
50, 1
51, 1
52, 1
53, 1
54, 1
55, 1
56, 1
57, 1
58, 1
59, 1
60, 1
61, 1
62, 1
63, 1
64, 1
65, 1
66, 1
67, 1
68, 1
69, 1
70, 1
71, 1
72, 1
73, 1
74, 1
75, 1
76, 1
77, 1
78, 1
79, 1
80, 1
81, 1
82, 1
83, 1
84, 1
85, 1
86, 1
87, 1
88, 1
89, 1
90, 1
91, 1
92, 1
93, 1
94, 1
95, 1
96, 1
97, 1
98, 1
99, 1
100, 1
101, 1
102, 1
103, 1
104, 1
105, 1
106, 1
107, 1
108, 1
109, 1
110, 1
111, 1
112, 1
113, 1
114, 1
115, 1
116, 1
117, 1
118, 1
119, 1
120, 1
121, 1
122, 1
123, 1
124, 1
125, 1
126, 1
127, 1
128, 1
129, 1
130, 1
131, 1
132, 1
133, 1
134, 1
135, 1
136, 1
137, 1
138, 1
139, 1
140, 1
141, 1
142, 1
143, 1
144, 1
145, 1
146, 1
147, 1
148, 1
149, 1
150, 1
151, 1
152, 1
153, 1
154, 1
155, 1
156, 1
157, 1
158, 1
159, 1
160, 1
161, 1
162, 1
163, 1
164, 1
165, 1
166, 1
167, 1
168, 1
169, 1
170, 1
171, 1
172, 1
173, 1
174, 1
175, 1
176, 1
177, 1
178, 1
179, 1
180, 1
181, 1
182, 1
183, 1
184, 1
185, 1
186, 1
187, 1
188, 1
189, 1
190, 1
191, 1
192, 1
193, 1
194, 1
195, 1
196, 1
197, 1
198, 1
199, 1
200, 1
201, 1
202, 1
203, 1
204, 1
205, 1
206, 1
207, 1
208, 1
209, 1
210, 1
211, 1
212, 1
213, 1
214, 1
215, 1
216, 1
217, 1
218, 1
219, 1
220, 1
221, 1
222, 1
223, 1
224, 1
225, 1
226, 1
227, 1
228, 1
229, 1
230, 1
231, 1
232, 1
233, 1
234, 1
235, 1
236, 1
237, 1
238, 1
239, 1
240, 1
241, 1
242, 1
243, 1
244, 1
245, 1
246, 1
247, 1
248, 1
249, 1
250, 1
251, 1
252, 1
253, 1
254, 1
255, 1
256, 1
257, 1
258, 1
259, 1
260, 1
261, 1
262, 1
263, 1
264, 1
265, 1
266, 1
267, 1
268, 1
269, 1
270, 1
271, 1
272, 1
273, 1
274, 1
275, 1
276, 1
277, 1
278, 1
279, 1
280, 1
281, 1
282, 1
