bot_dist
0.0, 3.801524098259917
1.0, 3.8082950812377905
2.0, 3.815080258857938
3.0, 3.8218795555189438
4.0, 3.8286928959996698
5.0, 3.8355202054586455
6.0, 3.8423614094334297
7.0, 3.8492164338399446
8.0, 3.856085204971784
9.0, 3.862967649499488
10.0, 3.869863694469799
11.0, 3.876773267304887
12.0, 3.883696295801555
13.0, 3.890632708130408
14.0, 3.8975824328350157
15.0, 3.9045453988310364
16.0, 3.9115215354053254
17.0, 3.9185107722150256
18.0, 3.9255130392866207
19.0, 3.9325282670149875
20.0, 3.9395563861624128
21.0, 3.9465973278575968
22.0, 3.953651023594639
23.0, 3.960717405231996
24.0, 3.9677964049914336
25.0, 3.974887955456951
26.0, 3.981991989573695
27.0, 3.989108440646849
28.0, 3.9962372423405155
29.0, 4.003378328676575
30.0, 4.010531634033535
31.0, 4.017697093145361
32.0, 4.024874641100291
33.0, 4.032064213339644
34.0, 4.039265745656605
35.0, 4.046479174195008
36.0, 4.053704435448094
37.0, 4.060941466257266
38.0, 4.068190203810831
39.0, 4.075450585642726
40.0, 4.082722549631238
41.0, 4.090006033997711
42.0, 4.097300977305244
43.0, 4.104607318457376
44.0, 4.11192499669677
45.0, 4.119253951603875
46.0, 4.126594123095591
47.0, 4.133945451423924
48.0, 4.1413078771746195
49.0, 4.14868134126581
50.0, 4.156065784946642
51.0, 4.163461149795892
52.0, 4.170867377720594
53.0, 4.1782844109546335
54.0, 4.185712192057368
55.0, 4.19315066391221
56.0, 4.20059976972523
57.0, 4.208059453023736
58.0, 4.215529657654863
59.0, 4.223010327784147
60.0, 4.230501407894096
61.0, 4.238002842782768
62.0, 4.24551457756233
63.0, 4.253036557657624
64.0, 4.260568728804723
65.0, 4.268111037049494
66.0, 4.275663428746148
67.0, 4.2832258505557865
68.0, 4.290798249444963
69.0, 4.298380572684216
70.0, 4.3059727678466295
71.0, 4.313574782806364
72.0, 4.321186565737205
73.0, 4.328808065111106
74.0, 4.336439229696728
75.0, 4.344080008557977
76.0, 4.351730351052547
77.0, 4.359390206830459
78.0, 4.367059525832596
79.0, 4.374738258289251
80.0, 4.382426354718655
81.0, 4.390123765925529
82.0, 4.397830442999615
83.0, 4.405546337314222
84.0, 4.413271400524768
85.0, 4.421005584567325
86.0, 4.42874884165716
87.0, 4.4365011242872825
88.0, 4.444262385226995
89.0, 4.4520325775204395
90.0, 4.45981165448515
91.0, 4.467599569710605
92.0, 4.475396277056784
93.0, 4.483201730652725
94.0, 4.491015884895086
95.0, 4.498838694446704
96.0, 4.506670114235164
97.0, 4.514510099451366
98.0, 4.522358605548094
99.0, 4.530215588238595
100.0, 4.538081003495149
101.0, 4.538081003495149
102.0, 4.538081003495149
103.0, 4.538081003495149
104.0, 4.538081003495149
105.0, 4.538081003495149
106.0, 4.538081003495149
107.0, 4.538081003495149
108.0, 4.538081003495149
109.0, 4.538081003495149
110.0, 4.538081003495149
111.0, 4.538081003495149
112.0, 4.538081003495149
113.0, 4.538081003495149
114.0, 4.538081003495149
115.0, 4.538081003495149
116.0, 4.538081003495149
117.0, 4.538081003495149
118.0, 4.538081003495149
119.0, 4.538081003495149
120.0, 4.538081003495149
121.0, 4.538081003495149
122.0, 4.538081003495149
123.0, 4.538081003495149
124.0, 4.538081003495149
125.0, 4.538081003495149
126.0, 4.538081003495149
127.0, 4.538081003495149
128.0, 4.538081003495149
129.0, 4.538081003495149
130.0, 4.538081003495149
131.0, 4.530215588238595
132.0, 4.522358605548094
133.0, 4.514510099451366
134.0, 4.506670114235164
135.0, 4.498838694446704
136.0, 4.491015884895086
137.0, 4.483201730652725
138.0, 4.475396277056784
139.0, 4.467599569710605
140.0, 4.45981165448515
141.0, 4.4520325775204395
142.0, 4.444262385226995
143.0, 4.440158412717513
144.0, 4.432412526683795
145.0, 4.4246756811092105
146.0, 4.416947923500302
147.0, 4.4092293016406545
148.0, 4.401519863592344
149.0, 4.393819657697381
150.0, 4.386128732579155
151.0, 4.297028639499142
152.0, 4.207961168632466
153.0, 4.11892839856505
154.0, 4.02993266966341
155.0, 3.9409764913360172
156.0, 3.852062603623378
157.0, 3.7631940041581915
158.0, 3.674373978973627
159.0, 3.585606137811665
160.0, 3.4968944547118905
161.0, 3.40824331481846
162.0, 3.319657568536635
163.0, 3.2311425944096426
164.0, 3.1427043723840566
165.0, 3.0543495695030285
166.0, 2.9660856405324316
167.0, 2.9580474268304946
168.0, 2.8682670700015387
169.0, 2.778530404653112
170.0, 2.6888416498105374
171.0, 2.599205765109298
172.0, 2.509628415611854
173.0, 2.4201161011329626
174.0, 2.4119628334316645
175.0, 2.3213466364639244
176.0, 2.2307607910668064
177.0, 2.222603319102694
178.0, 2.2144609549120866
179.0, 2.2063338657584257
180.0, 2.198222221062607
181.0, 2.1091779814121767
182.0, 2.1011512291097567
183.0, 2.0931414709769305
184.0, 2.0851489028546677
185.0, 2.07717372317462
186.0, 2.0692161329925716
187.0, 2.0612763360221455
188.0, 1.9730534429022153
189.0, 1.9650893800219085
190.0, 1.8790809239955568
191.0, 1.7933883665858341
192.0, 1.708059035729077
193.0, 1.6231502171133183
194.0, 1.5387315252321339
195.0, 1.454888280185229
196.0, 1.3717260041810053
197.0, 1.2893764674916983
198.0, 1.2080058944166132
199.0, 1.1278261961038687
200.0, 1.0491104507819426
201.0, 0.9722143122329501
202.0, 0.8976055489635825
203.0, 0.8259042897326356
204.0, 0.75793613960297
205.0, 0.6947975311431851
206.0, 0.6379240930534028
207.0, 0.5891330998698651
208.0, 0.5505775076004059
209.0, 0.5245192999667433
210.0, 0.5128669631090098
211.0, 0.5165960717442855
212.0, 0.5353855968389903
213.0, 0.530295962662005
214.0, 0.5692942702858974
215.0, 0.6186011734067792
216.0, 0.6159901690259553
217.0, 0.6135310624178177
218.0, 0.6112256869479372
219.0, 0.6090757882537687
220.0, 0.6070830181346306
221.0, 0.6052489286206835
222.0, 0.6035749662668661
223.0, 0.602062466717651
224.0, 0.6007126495877765
225.0, 0.5995266137027793
226.0, 0.5985053327411601
227.0, 0.5976496513174107
228.0, 0.5969602815418867
229.0, 0.5964378000897036
230.0, 0.5960826458064791
231.0, 0.5960826458064791
232.0, 0.5960826458064791
233.0, 0.5960826458064791
234.0, 0.5960826458064791
235.0, 0.5960826458064791
236.0, 0.5960826458064791
237.0, 0.5960826458064791
238.0, 0.5960826458064791
239.0, 0.5960826458064791
240.0, 0.5960826458064791
241.0, 0.5960826458064791
242.0, 0.5960826458064791
243.0, 0.5960826458064791
244.0, 0.5960826458064791
245.0, 0.5960826458064791
246.0, 0.5960826458064791
247.0, 0.5960826458064791
248.0, 0.5960826458064791
249.0, 0.5960826458064791
250.0, 0.5960826458064791
251.0, 0.5960826458064791
252.0, 0.5960826458064791
253.0, 0.5960826458064791
254.0, 0.5960826458064791
255.0, 0.5960826458064791
256.0, 0.5960826458064791
257.0, 0.5960826458064791
258.0, 0.5960826458064791
259.0, 0.5960826458064791
260.0, 0.5960826458064791
261.0, 0.5964378000897036
262.0, 0.5969602815418867
263.0, 0.5976496513174107
264.0, 0.5985053327411601
265.0, 0.5995266137027793
266.0, 0.6007126495877765
267.0, 0.602062466717651
268.0, 0.6035749662668661
269.0, 0.6052489286206835
270.0, 0.6070830181346306
271.0, 0.6090757882537687
272.0, 0.6112256869479372
273.0, 0.6135310624178177
274.0, 0.6159901690259553
275.0, 0.6186011734067792
276.0, 0.6213621607101563
277.0, 0.6242711409340289
278.0, 0.627326055303209
279.0, 0.6305247826533276
280.0, 0.6338651457812597
281.0, 0.6373449177259514
282.0, 0.6409618279464325
ee_dist
0.0, 0.8922543192929631
1.0, 0.8961336653440607
2.0, 0.9709465728761947
3.0, 1.0465360131989798
4.0, 1.0725317684579392
5.0, 1.097209939816881
6.0, 1.1324332433059694
7.0, 1.1692077389140958
8.0, 1.2057866724046338
9.0, 1.2414767166152523
10.0, 1.2769215979855775
11.0, 1.3098614665614934
12.0, 1.3413354199122518
13.0, 1.3699932091050004
14.0, 1.3977721955956892
15.0, 1.4220432702556467
16.0, 1.4464228048077326
17.0, 1.467606465945303
18.0, 1.4887558091120296
19.0, 1.5069791895074425
20.0, 1.5256088519192537
21.0, 1.5023091232680148
22.0, 1.4689907805094191
23.0, 1.4327865100849253
24.0, 1.3932015075902813
25.0, 1.3504124259580255
26.0, 1.304422836401497
27.0, 1.2554366046918164
28.0, 1.2034789692837133
29.0, 1.148821360937524
30.0, 1.0915223407532224
31.0, 1.0319366233267957
32.0, 0.9701784894237464
33.0, 0.906712070124232
34.0, 0.8417602302367008
35.0, 0.7759885560790768
36.0, 0.7098757472718021
37.0, 0.6444960278595828
38.0, 0.5806466475001685
39.0, 0.5208058982746248
40.0, 0.46671756742355597
41.0, 0.48244753723414796
42.0, 0.7052289902157901
43.0, 1.2094437188721052
44.0, 1.1693726667819804
45.0, 1.1280864750562745
46.0, 1.0837995632012523
47.0, 1.0378212216949154
48.0, 0.9890536488441277
49.0, 0.9384517665016403
50.0, 0.8858777442519804
51.0, 0.8322106851935884
52.0, 0.7774614031178844
53.0, 0.7217662498047019
54.0, 0.66520318649401
55.0, 0.6079201266777916
56.0, 0.5508227295050452
57.0, 0.4941846549076029
58.0, 0.5468157739094047
59.0, 0.6215115519928205
60.0, 0.7050436322137993
61.0, 0.797009262061444
62.0, 0.8918352456400417
63.0, 0.9844076575693173
64.0, 1.0706934356698328
65.0, 1.137243890680583
66.0, 1.1935333985801748
67.0, 1.2509998822130084
68.0, 1.303845667952906
69.0, 1.3562427702058037
70.0, 1.409031236390047
71.0, 1.4601565379008001
72.0, 1.5164124614289338
73.0, 1.5779443202105496
74.0, 1.6442175812008528
75.0, 1.7215628320542902
76.0, 1.8081327727746939
77.0, 1.9040465999846325
78.0, 2.0041485515231843
79.0, 2.1032696461065417
80.0, 2.1970193275291785
81.0, 2.275517738026594
82.0, 2.339022897187342
83.0, 2.401411664090417
84.0, 2.4613716195110396
85.0, 2.5206350328776064
86.0, 2.5693768779237796
87.0, 2.5977198387542098
88.0, 2.6284172318330743
89.0, 2.667984058115576
90.0, 2.7186218083366516
91.0, 2.8027878434025553
92.0, 2.896356222455024
93.0, 2.999049975372861
94.0, 3.111217979261289
95.0, 3.213315877552779
96.0, 3.3150399982459033
97.0, 3.405992714680242
98.0, 3.4769728058880482
99.0, 3.545405134486791
100.0, 3.609974516703906
101.0, 3.674744664552064
102.0, 3.7366767303272863
103.0, 3.8019482861488108
104.0, 3.8630221588237
105.0, 3.9333879419726423
106.0, 4.007456885185723
107.0, 4.089817982145097
108.0, 4.180427271881215
109.0, 4.281692546906434
110.0, 4.3875251039028
111.0, 4.49722142391701
112.0, 4.599427460342323
113.0, 4.695280175886484
114.0, 4.769022083362552
115.0, 4.838715055860344
116.0, 4.881446034172803
117.0, 4.9267542344305735
118.0, 4.969864490891552
119.0, 5.013014164899263
120.0, 5.052640214675794
121.0, 5.092281295077921
122.0, 5.127949418678273
123.0, 5.163178354181715
124.0, 5.194047321539437
125.0, 5.224103981311438
126.0, 5.249481482793205
127.0, 5.273741292434869
128.0, 5.293073792972355
129.0, 5.311047240887952
130.0, 5.323915735406482
131.0, 5.335254943656796
132.0, 5.341382323010016
133.0, 5.34587533573311
134.0, 5.345119048833257
135.0, 5.34269492519724
136.0, 5.335053337028136
137.0, 5.325777381410368
138.0, 5.3113846087114105
139.0, 5.2954614336566
140.0, 5.273519138420804
141.0, 5.2743941712635865
142.0, 5.273519190837152
143.0, 4.643658695448673
144.0, 4.633140355258808
145.0, 4.623225047271437
146.0, 4.617760386303144
147.0, 4.6129154159205505
148.0, 4.612694717261054
149.0, 4.613084055495802
150.0, 4.618116665147209
151.0, 4.534813245572241
152.0, 4.453561807706427
153.0, 4.37033797760569
154.0, 4.289169529620486
155.0, 4.206035032910913
156.0, 4.124959799413146
157.0, 4.041925764073542
158.0, 3.9609553208677446
159.0, 3.878034746814263
160.0, 3.7971826892095524
161.0, 3.7143905412941365
162.0, 3.6336733591429833
163.0, 3.55102782709924
164.0, 3.4704642139684654
165.0, 3.3879867484050097
166.0, 3.3076000399559558
167.0, 3.3149846776509175
168.0, 3.2366828644017493
169.0, 3.1566394761718266
170.0, 3.078767170136242
171.0, 2.9991966475737626
172.0, 2.921823789498354
173.0, 2.842805182920939
174.0, 2.856097645161503
175.0, 2.7805410910450714
176.0, 2.7073374299471498
177.0, 2.721871175190972
178.0, 2.740375562808082
179.0, 2.7593088220793818
180.0, 2.7816525284710907
181.0, 2.726409748610167
182.0, 2.7050661769385544
183.0, 2.684073810844092
184.0, 2.66671839581203
185.0, 2.649842723698259
186.0, 2.6371242874819614
187.0, 2.62499915836696
188.0, 2.54700822081826
189.0, 2.5371705872827177
190.0, 2.4572765134367187
191.0, 2.375562688242311
192.0, 2.2960208676282052
193.0, 2.2147046846393055
194.0, 2.135596155656155
195.0, 2.0547725453298478
196.0, 1.9762048495123217
197.0, 1.8960013196441268
198.0, 1.8181187601837734
199.0, 1.738708260067516
200.0, 1.6617104431103036
201.0, 1.5833340268348006
202.0, 1.5075022119602342
203.0, 1.4305047667998076
204.0, 1.3562447393821115
205.0, 1.2811307320145742
206.0, 1.2090457600265154
207.0, 1.1365753687727536
208.0, 1.0675861540482094
209.0, 0.9989327990426281
210.0, 0.9344751069411047
211.0, 0.8714846279876968
212.0, 0.813819885713803
213.0, 0.7927625035433324
214.0, 0.7333260066309247
215.0, 0.6773265729850431
216.0, 0.6569271977440063
217.0, 0.6374052084669887
218.0, 0.6222718326849466
219.0, 0.60843822778183
220.0, 0.5998315079234616
221.0, 0.5928805208088087
222.0, 0.59164253229153
223.0, 0.5922275350696584
224.0, 0.5985170565363751
225.0, 0.6065443861742003
226.0, 0.6197689527290008
227.0, 0.6344459482605885
228.0, 0.6520433620868978
229.0, 0.6535616382741275
230.0, 0.6533258000744687
231.0, 0.6527521481035409
232.0, 0.6534535910191076
233.0, 0.6527644492686686
234.0, 0.6534510330089149
235.0, 0.6527639847569575
236.0, 0.6524657753258309
237.0, 0.6529080567578792
238.0, 0.6523499158009879
239.0, 0.6534416416452913
240.0, 0.6533374750335291
241.0, 0.652751232756947
242.0, 0.6534535910191076
243.0, 0.6596574435618742
244.0, 0.6711833921297085
245.0, 0.6839223208913185
246.0, 0.6988463753159546
247.0, 0.7148376880584215
248.0, 0.7327228904635857
249.0, 0.7513400538218096
250.0, 0.7715763205741548
251.0, 0.7922531653090626
252.0, 0.8142534147825158
253.0, 0.8364213892636363
254.0, 0.8595791692708499
255.0, 0.8826438768510408
256.0, 0.9063484281762112
257.0, 0.9297218974569118
258.0, 0.9534024625968176
259.0, 0.9765511863013457
260.0, 0.9997403785837384
261.0, 1.0222060670556992
262.0, 1.0444984808251407
263.0, 1.0230900220020795
264.0, 0.9971778118705567
265.0, 0.9701032595109961
266.0, 0.9416905328729378
267.0, 0.9121445174368765
268.0, 0.8815218030682056
269.0, 0.8500599209013452
270.0, 0.8178418736136889
271.0, 0.7851619498566176
272.0, 0.7521423655304922
273.0, 0.7191497448374733
274.0, 0.6863736543111256
275.0, 0.6540322337576958
276.0, 0.6224530910807263
277.0, 0.5926648134569906
278.0, 0.5645324892315998
279.0, 0.5388298233164301
280.0, 0.5159123872447618
281.0, 0.49709944217819874
282.0, 0.4787699161087018
ee_box_dist
0.0, 0.9156933820119512
1.0, 0.9481220885638673
2.0, 0.9792299714931816
3.0, 1.0120796244639778
4.0, 1.0467091378730924
5.0, 1.0823404642960421
6.0, 1.119723850761854
7.0, 1.1541206528058652
8.0, 1.1870492510652735
9.0, 1.2186220562610532
10.0, 1.2495337701387565
11.0, 1.2780457635768845
12.0, 1.3051567336901198
13.0, 1.3297115875795347
14.0, 1.3536632925092116
15.0, 1.3743385388974825
16.0, 1.3953714792244305
17.0, 1.4134492061258448
18.0, 1.431680821040957
19.0, 1.4472739864241766
20.0, 1.463430557950939
21.0, 1.4384489765796178
22.0, 1.4034570484154762
23.0, 1.3655711739990661
24.0, 1.3244118238496891
25.0, 1.280058647776052
26.0, 1.232568305535877
27.0, 1.1822784960794852
28.0, 1.1291090554858512
29.0, 1.0733926405528655
30.0, 1.0152661432274461
31.0, 0.9550787977585308
32.0, 0.8929815103435184
33.0, 0.8294520068857972
34.0, 0.7647398413841402
35.0, 0.699604652527051
36.0, 0.6346362455995135
37.0, 0.571249257698933
38.0, 0.5044196936255906
39.0, 0.44005153270303865
40.0, 0.3884060729659392
41.0, 0.4026315234123882
42.0, 0.417181120655913
43.0, 0.431640295034079
44.0, 0.4464022338741802
45.0, 0.46095818304485014
46.0, 0.4757319986386881
47.0, 0.4902512930629965
48.0, 0.5048601061872455
49.0, 0.5192412002874408
50.0, 0.5335391092826368
51.0, 0.5476620326937014
52.0, 0.5615722518044032
53.0, 0.5753193845532175
54.0, 0.5888153209739364
55.0, 0.602151870519437
56.0, 0.6152388279836377
57.0, 0.628155321382094
58.0, 0.6408095599171719
59.0, 0.6532526489808339
60.0, 0.6654166949465353
61.0, 0.6773280638798661
62.0, 0.688942411768827
63.0, 0.7002767625432412
64.0, 0.7112890516279718
65.0, 0.7219962079158029
66.0, 0.7323542019414413
67.0, 0.7423832028412453
68.0, 0.7520437190758067
69.0, 0.7613595442423536
70.0, 0.7702935081408149
71.0, 0.7788662234039642
72.0, 0.7870432934465307
73.0, 0.7948417447073464
74.0, 0.8022304581165345
75.0, 0.8092222647186185
76.0, 0.8157896506317114
77.0, 0.8219420202671499
78.0, 0.8276537311724108
79.0, 0.8329317962985386
80.0, 0.837751841133674
81.0, 0.8421186161679165
82.0, 0.8460087422210012
83.0, 0.849425955866896
84.0, 0.8523461963676551
85.0, 0.8547762449386239
86.0, 0.8733177819830322
87.0, 0.9165270659861828
88.0, 0.9552802455684395
89.0, 0.9890250736930123
90.0, 1.01494642049691
91.0, 1.0140054609249658
92.0, 1.0142220376905504
93.0, 1.0133683956009485
94.0, 1.0086084290908346
95.0, 1.0143221062917147
96.0, 1.0142136053908506
97.0, 1.0133681706751274
98.0, 1.0143635717501696
99.0, 1.013386091124523
100.0, 1.0143609640423308
101.0, 1.0133860468912215
102.0, 1.0143612059307436
103.0, 1.0114083806915013
104.0, 1.0144434474028992
105.0, 1.0138401684740816
106.0, 1.0143347482989455
107.0, 1.0133656271704001
108.0, 1.0143580457231107
109.0, 1.013381201409803
110.0, 1.0143561868170614
111.0, 1.0133812136464622
112.0, 1.014356271529798
113.0, 1.0133813265864005
114.0, 1.0143563722302367
115.0, 1.0114035763278961
116.0, 1.0144386701263228
117.0, 1.013835492222888
118.0, 1.0143300153188926
119.0, 1.0133608664011273
120.0, 1.014353340963432
121.0, 1.0133766222833023
122.0, 1.0143515385332025
123.0, 1.0133765215800432
124.0, 1.0143515667707688
125.0, 1.0133766787532466
126.0, 1.0143516797210348
127.0, 1.0133766787532466
128.0, 1.0143517804214566
129.0, 1.0133767229865627
130.0, 1.0143517239463238
131.0, 1.0133767672198808
132.0, 1.0143518528843136
133.0, 1.013376952628059
134.0, 1.0143520665350032
135.0, 1.0133770938029185
136.0, 1.014352167235429
137.0, 1.0133771945061818
138.0, 1.0143522396982894
139.0, 1.013377266974475
140.0, 1.0143524655988205
141.0, 1.0133774241476845
142.0, 1.0143524251114158
143.0, 1.7389717056902771
144.0, 1.7376929431796795
145.0, 1.7364594230776358
146.0, 1.7314605379776131
147.0, 1.726516619233548
148.0, 1.7178755296581414
149.0, 1.7092929870368052
150.0, 1.6971444967741791
151.0, 1.7720642698388311
152.0, 1.8459878404804329
153.0, 1.9224200964584686
154.0, 1.9976484781723753
155.0, 2.0752693913867226
156.0, 2.1515304709795404
157.0, 2.230099007074412
158.0, 2.3071893308361897
159.0, 2.3865236813370214
160.0, 2.464288489847016
161.0, 2.5442496333481235
162.0, 2.6225690014191696
163.0, 2.7030485142696885
164.0, 2.781829478184496
165.0, 2.8627422163919207
166.0, 2.941910561130981
167.0, 2.9344543715352254
168.0, 3.012263440012785
169.0, 3.092221410805866
170.0, 3.170485965273441
171.0, 3.250876429996378
172.0, 3.3295325556522655
173.0, 3.4102961909722045
174.0, 3.4000509273238877
175.0, 3.479199924229925
176.0, 3.5566803112435323
177.0, 3.5466892529212926
178.0, 3.532832874532752
179.0, 3.5188295244331753
180.0, 3.5012372413266606
181.0, 3.5696228554012195
182.0, 3.585195867042037
183.0, 3.600626680187762
184.0, 3.6122898964660908
185.0, 3.623792658089529
186.0, 3.631300574376682
187.0, 3.6386315456726406
188.0, 3.7194144583434245
189.0, 3.7244971482015234
190.0, 3.806017184639616
191.0, 3.889562193130778
192.0, 3.9711485717991692
193.0, 4.054758128955714
194.0, 4.136403178884689
195.0, 4.220070022483115
196.0, 4.3017667995333415
197.0, 4.385484105340377
198.0, 4.467227307562767
199.0, 4.550989764399004
200.0, 4.63277427329629
201.0, 4.716577454769171
202.0, 4.79839880254572
203.0, 4.882238189104681
204.0, 4.9640930721286045
205.0, 5.047965274349227
206.0, 5.129850500935586
207.0, 5.213752318481759
208.0, 5.295664619839513
209.0, 5.379593706034845
210.0, 5.461530888553761
211.0, 5.545484584788676
212.0, 5.627444436967115
213.0, 5.629590655158553
214.0, 5.71162062005168
215.0, 5.79566155341952
216.0, 5.793545505607445
217.0, 5.791129126364855
218.0, 5.7844920068969
219.0, 5.777539231943125
220.0, 5.766536154051418
221.0, 5.755205988588132
222.0, 5.740094862341641
223.0, 5.724650876080185
224.0, 5.705788316240165
225.0, 5.686596539323229
226.0, 5.664436115480019
227.0, 5.641956536715831
228.0, 5.61770656443686
229.0, 5.617008768480425
230.0, 5.61712446896406
231.0, 5.617504424956211
232.0, 5.617035238277283
233.0, 5.617498553822319
234.0, 5.617037041799111
235.0, 5.617498959473413
236.0, 5.617732618103074
237.0, 5.617392309667568
238.0, 5.617728256679071
239.0, 5.617061874907707
240.0, 5.617109287041514
241.0, 5.617496826403726
242.0, 5.617027054857516
243.0, 5.615662984040837
244.0, 5.616055841654813
245.0, 5.615753029711338
246.0, 5.614399307090507
247.0, 5.612342436449219
248.0, 5.609125364706526
249.0, 5.605127910062234
250.0, 5.599912741559579
251.0, 5.593932512653456
252.0, 5.586752074036678
253.0, 5.578928251488648
254.0, 5.569994160821447
255.0, 5.560604025563125
256.0, 5.550242297421959
257.0, 5.539634886604554
258.0, 5.528223982966517
259.0, 5.51677373351478
260.0, 5.504683138937422
261.0, 5.4927707869198
262.0, 5.480383786553352
263.0, 5.500727173505877
264.0, 5.526396443574187
265.0, 5.55239189586177
266.0, 5.578787669172055
267.0, 5.6053633491110775
268.0, 5.631917922866553
269.0, 5.65824673962601
270.0, 5.684152738599045
271.0, 5.709438390148795
272.0, 5.733921274060891
273.0, 5.757414670356925
274.0, 5.779748985790667
275.0, 5.800992299418459
276.0, 5.820650161083635
277.0, 5.838777164211261
278.0, 5.855402697823526
279.0, 5.870320246431712
280.0, 5.883566148527243
281.0, 5.894512142653138
282.0, 5.908795455856657
spot_hold
0, 0
1, 0
2, 0
3, 0
4, 0
5, 0
6, 0
7, 0
8, 0
9, 0
10, 0
11, 0
12, 0
13, 0
14, 0
15, 0
16, 0
17, 0
18, 0
19, 0
20, 0
21, 0
22, 0
23, 0
24, 0
25, 0
26, 0
27, 0
28, 0
29, 0
30, 0
31, 0
32, 0
33, 0
34, 0
35, 0
36, 0
37, 0
38, 0
39, 0
40, 0
41, 1
42, 1
43, 1
44, 1
45, 1
46, 1
47, 1
48, 1
49, 1
50, 1
51, 1
52, 1
53, 1
54, 1
55, 1
56, 1
57, 1
58, 1
59, 1
60, 1
61, 1
62, 1
63, 1
64, 1
65, 1
66, 1
67, 1
68, 1
69, 1
70, 1
71, 1
72, 1
73, 1
74, 1
75, 1
76, 1
77, 1
78, 1
79, 1
80, 1
81, 1
82, 1
83, 1
84, 1
85, 1
86, 1
87, 1
88, 1
89, 1
90, 1
91, 1
92, 1
93, 1
94, 1
95, 1
96, 1
97, 1
98, 1
99, 1
100, 1
101, 1
102, 1
103, 1
104, 1
105, 1
106, 1
107, 1
108, 1
109, 1
110, 1
111, 1
112, 1
113, 1
114, 1
115, 1
116, 1
117, 1
118, 1
119, 1
120, 1
121, 1
122, 1
123, 1
124, 1
125, 1
126, 1
127, 1
128, 1
129, 1
130, 1
131, 1
132, 1
133, 1
134, 1
135, 1
136, 1
137, 1
138, 1
139, 1
140, 1
141, 1
142, 1
143, 1
144, 1
145, 1
146, 1
147, 1
148, 1
149, 1
150, 1
151, 1
152, 1
153, 1
154, 1
155, 1
156, 1
157, 1
158, 1
159, 1
160, 1
161, 1
162, 1
163, 1
164, 1
165, 1
166, 1
167, 1
168, 1
169, 1
170, 1
171, 1
172, 1
173, 1
174, 1
175, 1
176, 1
177, 1
178, 1
179, 1
180, 1
181, 1
182, 1
183, 1
184, 1
185, 1
186, 1
187, 1
188, 1
189, 1
190, 1
191, 1
192, 1
193, 1
194, 1
195, 1
196, 1
197, 1
198, 1
199, 1
200, 1
201, 1
202, 1
203, 1
204, 1
205, 1
206, 1
207, 1
208, 1
209, 1
210, 1
211, 1
212, 1
213, 1
214, 1
215, 1
216, 1
217, 1
218, 1
219, 1
220, 1
221, 1
222, 1
223, 1
224, 1
225, 1
226, 1
227, 1
228, 1
229, 1
230, 1
231, 1
232, 1
233, 1
234, 1
235, 1
236, 1
237, 1
238, 1
239, 1
240, 1
241, 1
242, 1
243, 1
244, 1
245, 1
246, 1
247, 1
248, 1
249, 1
250, 1
251, 1
252, 1
253, 1
254, 1
255, 1
256, 1
257, 1
258, 1
259, 1
260, 1
261, 1
262, 1
263, 1
264, 1
265, 1
266, 1
267, 1
268, 1
269, 1
270, 1
271, 1
272, 1
273, 1
274, 1
275, 1
276, 1
277, 1
278, 1
279, 1
280, 1
281, 1
282, 1
