bot_dist
0.0, 3.801524098259917
1.0, 3.8082950812377905
2.0, 3.815080258857938
3.0, 3.8218795555189438
4.0, 3.8286928959996698
5.0, 3.8355202054586455
6.0, 3.8423614094334297
7.0, 3.8492164338399446
8.0, 3.856085204971784
9.0, 3.862967649499488
10.0, 3.869863694469799
11.0, 3.876773267304887
12.0, 3.883696295801555
13.0, 3.890632708130408
14.0, 3.8975824328350157
15.0, 3.9045453988310364
16.0, 3.9115215354053254
17.0, 3.9185107722150256
18.0, 3.9255130392866207
19.0, 3.9325282670149875
20.0, 3.9395563861624128
21.0, 3.9465973278575968
22.0, 3.953651023594639
23.0, 3.960717405231996
24.0, 3.9677964049914336
25.0, 3.974887955456951
26.0, 3.981991989573695
27.0, 3.989108440646849
28.0, 3.9962372423405155
29.0, 4.003378328676575
30.0, 4.010531634033535
31.0, 4.017697093145361
32.0, 4.024874641100291
33.0, 4.032064213339644
34.0, 4.039265745656605
35.0, 4.046479174195008
36.0, 4.053704435448094
37.0, 4.060941466257266
38.0, 4.068190203810831
39.0, 4.075450585642726
40.0, 4.082722549631238
41.0, 4.090006033997711
42.0, 4.097300977305244
43.0, 4.104607318457376
44.0, 4.11192499669677
45.0, 4.119253951603875
46.0, 4.126594123095591
47.0, 4.133945451423924
48.0, 4.1413078771746195
49.0, 4.14868134126581
50.0, 4.156065784946642
51.0, 4.163461149795892
52.0, 4.170867377720594
53.0, 4.1782844109546335
54.0, 4.185712192057368
55.0, 4.19315066391221
56.0, 4.20059976972523
57.0, 4.208059453023736
58.0, 4.215529657654863
59.0, 4.223010327784147
60.0, 4.230501407894096
61.0, 4.238002842782768
62.0, 4.24551457756233
63.0, 4.253036557657624
64.0, 4.260568728804723
65.0, 4.268111037049494
66.0, 4.275663428746148
67.0, 4.2832258505557865
68.0, 4.290798249444963
69.0, 4.298380572684216
70.0, 4.3059727678466295
71.0, 4.313574782806364
72.0, 4.321186565737205
73.0, 4.328808065111106
74.0, 4.336439229696728
75.0, 4.344080008557977
76.0, 4.351730351052547
77.0, 4.359390206830459
78.0, 4.367059525832596
79.0, 4.374738258289251
80.0, 4.382426354718655
81.0, 4.390123765925529
82.0, 4.397830442999615
83.0, 4.405546337314222
84.0, 4.413271400524768
85.0, 4.421005584567325
86.0, 4.42874884165716
87.0, 4.4365011242872825
88.0, 4.444262385226995
89.0, 4.4520325775204395
90.0, 4.45981165448515
91.0, 4.467599569710605
92.0, 4.475396277056784
93.0, 4.483201730652725
94.0, 4.491015884895086
95.0, 4.498838694446704
96.0, 4.506670114235164
97.0, 4.514510099451366
98.0, 4.522358605548094
99.0, 4.530215588238595
100.0, 4.538081003495149
101.0, 4.538081003495149
102.0, 4.538081003495149
103.0, 4.538081003495149
104.0, 4.538081003495149
105.0, 4.538081003495149
106.0, 4.538081003495149
107.0, 4.538081003495149
108.0, 4.538081003495149
109.0, 4.538081003495149
110.0, 4.538081003495149
111.0, 4.538081003495149
112.0, 4.538081003495149
113.0, 4.538081003495149
114.0, 4.538081003495149
115.0, 4.538081003495149
116.0, 4.538081003495149
117.0, 4.538081003495149
118.0, 4.538081003495149
119.0, 4.538081003495149
120.0, 4.538081003495149
121.0, 4.538081003495149
122.0, 4.538081003495149
123.0, 4.538081003495149
124.0, 4.538081003495149
125.0, 4.538081003495149
126.0, 4.538081003495149
127.0, 4.538081003495149
128.0, 4.538081003495149
129.0, 4.538081003495149
130.0, 4.538081003495149
131.0, 4.530215588238595
132.0, 4.522358605548094
133.0, 4.514510099451366
134.0, 4.506670114235164
135.0, 4.498838694446704
136.0, 4.491015884895086
137.0, 4.483201730652725
138.0, 4.475396277056784
139.0, 4.467599569710605
140.0, 4.45981165448515
141.0, 4.4520325775204395
142.0, 4.444262385226995
143.0, 4.4365011242872825
144.0, 4.42874884165716
145.0, 4.421005584567325
146.0, 4.413271400524768
147.0, 4.405546337314222
148.0, 4.397830442999615
149.0, 4.390123765925529
150.0, 4.382426354718655
151.0, 4.374738258289251
152.0, 4.367059525832596
153.0, 4.359390206830459
154.0, 4.351730351052547
155.0, 4.344080008557977
156.0, 4.336439229696728
157.0, 4.328808065111106
158.0, 4.321186565737205
159.0, 4.313574782806364
160.0, 4.3059727678466295
161.0, 4.298380572684216
162.0, 4.290798249444963
163.0, 4.2832258505557865
164.0, 4.275663428746148
165.0, 4.268111037049494
166.0, 4.260568728804723
167.0, 4.253036557657624
168.0, 4.24551457756233
169.0, 4.238002842782768
170.0, 4.230501407894096
171.0, 4.223010327784147
172.0, 4.215529657654863
173.0, 4.208059453023736
174.0, 4.20059976972523
175.0, 4.19315066391221
176.0, 4.185712192057368
177.0, 4.1782844109546335
178.0, 4.170867377720594
179.0, 4.163461149795892
180.0, 4.156065784946642
181.0, 4.14868134126581
182.0, 4.1413078771746195
183.0, 4.133945451423924
184.0, 4.126594123095591
185.0, 4.119253951603875
186.0, 4.11192499669677
187.0, 4.104607318457376
188.0, 4.097300977305244
189.0, 4.090006033997711
190.0, 4.082722549631238
191.0, 4.075450585642726
192.0, 4.068190203810831
193.0, 4.060941466257266
194.0, 4.053704435448094
195.0, 4.046479174195008
196.0, 4.039265745656605
197.0, 4.032064213339644
198.0, 4.024874641100291
199.0, 4.017697093145361
200.0, 4.010531634033535
201.0, 4.003378328676575
202.0, 3.9962372423405155
203.0, 3.989108440646849
204.0, 3.981991989573695
205.0, 3.974887955456951
206.0, 3.9677964049914336
207.0, 3.960717405231996
208.0, 3.953651023594639
209.0, 3.9465973278575968
210.0, 3.9395563861624128
211.0, 3.9325282670149875
212.0, 3.9255130392866207
213.0, 3.9185107722150256
214.0, 3.9115215354053254
215.0, 3.9045453988310364
216.0, 3.8975824328350157
217.0, 3.890632708130408
218.0, 3.883696295801555
219.0, 3.876773267304887
220.0, 3.869863694469799
221.0, 3.862967649499488
222.0, 3.856085204971784
223.0, 3.8492164338399446
224.0, 3.8423614094334297
225.0, 3.8355202054586455
226.0, 3.8286928959996698
227.0, 3.8218795555189438
228.0, 3.815080258857938
229.0, 3.8082950812377905
230.0, 3.801524098259917
231.0, 3.801524098259917
232.0, 3.801524098259917
233.0, 3.801524098259917
234.0, 3.801524098259917
235.0, 3.801524098259917
236.0, 3.801524098259917
237.0, 3.801524098259917
238.0, 3.801524098259917
239.0, 3.801524098259917
240.0, 3.801524098259917
241.0, 3.801524098259917
242.0, 3.801524098259917
243.0, 3.801524098259917
244.0, 3.801524098259917
245.0, 3.801524098259917
246.0, 3.801524098259917
247.0, 3.801524098259917
248.0, 3.801524098259917
249.0, 3.801524098259917
250.0, 3.801524098259917
251.0, 3.801524098259917
252.0, 3.801524098259917
253.0, 3.801524098259917
254.0, 3.801524098259917
255.0, 3.801524098259917
256.0, 3.801524098259917
257.0, 3.801524098259917
258.0, 3.801524098259917
259.0, 3.801524098259917
260.0, 3.801524098259917
261.0, 3.8082950812377905
262.0, 3.815080258857938
263.0, 3.8218795555189438
264.0, 3.8286928959996698
265.0, 3.8355202054586455
266.0, 3.8423614094334297
267.0, 3.8492164338399446
268.0, 3.856085204971784
269.0, 3.862967649499488
270.0, 3.869863694469799
271.0, 3.876773267304887
272.0, 3.883696295801555
273.0, 3.890632708130408
274.0, 3.8975824328350157
275.0, 3.9045453988310364
276.0, 3.9115215354053254
277.0, 3.9185107722150256
278.0, 3.9255130392866207
279.0, 3.9325282670149875
280.0, 3.9395563861624128
281.0, 3.9465973278575968
282.0, 3.953651023594639
ee_dist
0.0, 1.542706764956875
1.0, 1.6101911220619858
2.0, 1.7226773354701346
3.0, 1.8169959001955371
4.0, 1.8496641415092154
5.0, 1.8755542535688838
6.0, 1.907465533267486
7.0, 1.9403316852483685
8.0, 1.9748402441681383
9.0, 2.007668451176035
10.0, 2.044698565991457
11.0, 2.0781670189593684
12.0, 2.108382802793903
13.0, 2.1437595119753023
14.0, 2.169573319071129
15.0, 2.196013258921363
16.0, 2.2209516415175434
17.0, 2.2484031819705557
18.0, 2.2698153102558547
19.0, 2.289064078189621
20.0, 2.3082962092405763
21.0, 2.2777281710416357
22.0, 2.235661157720751
23.0, 2.1903684394167984
24.0, 2.1414303014217215
25.0, 2.0891582700501456
26.0, 2.033729436061894
27.0, 1.9755218216676405
28.0, 1.9147866413299732
29.0, 1.8520230160107143
30.0, 1.7875829738563493
31.0, 1.722112893389539
32.0, 1.6561038036456048
33.0, 1.5903788134242762
34.0, 1.525619925225414
35.0, 1.46287245709628
36.0, 1.403071596293962
37.0, 1.347503860958458
38.0, 1.2973520270098309
39.0, 1.2540162399194053
40.0, 1.2187987882697484
41.0, 1.2189940232726186
42.0, 1.0803542012287275
43.0, 0.7224949562351156
44.0, 0.6754465884799994
45.0, 0.6284770817881059
46.0, 0.5817298926991773
47.0, 0.535327694205762
48.0, 0.4905305453300096
49.0, 0.4482364802806116
50.0, 0.4104078177675088
51.0, 0.3794214818157132
52.0, 0.3577504588850882
53.0, 0.3471477237088019
54.0, 0.34920505199111795
55.0, 0.3638950068117759
56.0, 0.3901962003464125
57.0, 0.42553195069217475
58.0, 0.3963433377670681
59.0, 0.34301238473915047
60.0, 0.2969719909816022
61.0, 0.2722038797051968
62.0, 0.2835214475658779
63.0, 0.32797663407468014
64.0, 0.38888520510591046
65.0, 0.44719973089678394
66.0, 0.5055490794524594
67.0, 0.5632252756328017
68.0, 0.6147991814736162
69.0, 0.6643736266054896
70.0, 0.7121700101562909
71.0, 0.758463503012797
72.0, 0.8038143691604036
73.0, 0.8571825896625104
74.0, 0.914932843638558
75.0, 0.9842716461790344
76.0, 1.0634128159008163
77.0, 1.1526608536288854
78.0, 1.2476237023290457
79.0, 1.3434216796201608
80.0, 1.435349322025434
81.0, 1.5138243375578635
82.0, 1.5787626878654912
83.0, 1.643349887301703
84.0, 1.7042855543517577
85.0, 1.7636588679057772
86.0, 1.821853866811063
87.0, 1.8780002665800937
88.0, 1.9130723576636288
89.0, 1.9529470363716175
90.0, 1.9924676274633693
91.0, 2.048951541386973
92.0, 2.141992971339953
93.0, 2.239216613258577
94.0, 2.3464304941359018
95.0, 2.443766692406441
96.0, 2.552952246444704
97.0, 2.6411693931097786
98.0, 2.715545624207789
99.0, 2.782929570075391
100.0, 2.8510825147254195
101.0, 2.9136973598881766
102.0, 2.9783866596422977
103.0, 3.038911789264828
104.0, 3.103056097849418
105.0, 3.170254501131032
106.0, 3.245061107570405
107.0, 3.3233800715180726
108.0, 3.4152288794512144
109.0, 3.512358658268655
110.0, 3.6195156899859176
111.0, 3.725563857128714
112.0, 3.830020518716963
113.0, 3.9232174488415192
114.0, 4.000118139008113
115.0, 4.073534855253621
116.0, 4.134242715926604
117.0, 4.19859619167118
118.0, 4.26320159895564
119.0, 4.3249278136668865
120.0, 4.388555049103721
121.0, 4.454918245340238
122.0, 4.529839018296375
123.0, 4.605003971307177
124.0, 4.695924402371695
125.0, 4.791749870277406
126.0, 4.840530357766738
127.0, 4.885730560840764
128.0, 4.933814230987385
129.0, 4.977702920984001
130.0, 5.02484070667982
131.0, 5.065131526691244
132.0, 5.10845910849223
133.0, 5.146365035522497
134.0, 5.185524158619425
135.0, 5.2190155011219295
136.0, 5.253327075637704
137.0, 5.281620981354376
138.0, 5.310372826154913
139.0, 5.332826479061747
140.0, 5.355442410406843
141.0, 5.371555184267028
142.0, 5.387602294039309
143.0, 4.705710188485616
144.0, 4.704435612387237
145.0, 4.706028959497358
146.0, 4.704482652047741
147.0, 4.706024591778316
148.0, 4.7044828494362125
149.0, 4.706024802438609
150.0, 4.7044828494362125
151.0, 4.706024802438609
152.0, 4.7044828494362125
153.0, 4.706024802438609
154.0, 4.7044828494362125
155.0, 4.706024696868113
156.0, 4.7044828494362125
157.0, 4.706024696868113
158.0, 4.7044828494362125
159.0, 4.706024696868113
160.0, 4.704482849709862
161.0, 4.706024802438609
162.0, 4.7044828494362125
163.0, 4.706024696868113
164.0, 4.7044828494362125
165.0, 4.706024802438609
166.0, 4.7044828494362125
167.0, 4.706024802438609
168.0, 4.704482849709862
169.0, 4.706024696868113
170.0, 4.704482849709862
171.0, 4.706024802678959
172.0, 4.704482849709862
173.0, 4.706024696868113
174.0, 4.7044828494362125
175.0, 4.706024696868113
176.0, 4.7044828494362125
177.0, 4.706024802678959
178.0, 4.7044828494362125
179.0, 4.706024696868113
180.0, 4.704482849709862
181.0, 4.706024802678959
182.0, 4.7044828494362125
183.0, 4.706024802438609
184.0, 4.704482849709862
185.0, 4.706024802678959
186.0, 4.704482849709862
187.0, 4.706024802438609
188.0, 4.7044828494362125
189.0, 4.706024802678959
190.0, 4.704482849709862
191.0, 4.706024802438609
192.0, 4.7044828494362125
193.0, 4.706024696868113
194.0, 4.704482849709862
195.0, 4.706024696868113
196.0, 4.7044828494362125
197.0, 4.706024802678959
198.0, 4.7044828494362125
199.0, 4.706024802438609
200.0, 4.7044828494362125
201.0, 4.706024696868113
202.0, 4.7044828494362125
203.0, 4.706024802438609
204.0, 4.7044828494362125
205.0, 4.706024802438609
206.0, 4.7044828494362125
207.0, 4.706024696868113
208.0, 4.7044828494362125
209.0, 4.706024696868113
210.0, 4.704482849709862
211.0, 4.706024802678959
212.0, 4.7044828494362125
213.0, 4.706024802438609
214.0, 4.704482849709862
215.0, 4.706024802438609
216.0, 4.7044828494362125
217.0, 4.706024802438609
218.0, 4.7044828494362125
219.0, 4.706024696868113
220.0, 4.7044828494362125
221.0, 4.706024802678959
222.0, 4.7044828494362125
223.0, 4.706024802438609
224.0, 4.7044828494362125
225.0, 4.706024696868113
226.0, 4.7044828494362125
227.0, 4.706024696868113
228.0, 4.7044828494362125
229.0, 4.706024802438609
230.0, 4.7044828494362125
231.0, 4.706024802438609
232.0, 4.7044828494362125
233.0, 4.706024696868113
234.0, 4.7044828494362125
235.0, 4.706024802438609
236.0, 4.7044828494362125
237.0, 4.706024802438609
238.0, 4.7044828494362125
239.0, 4.706024802438609
240.0, 4.704482849709862
241.0, 4.706024802438609
242.0, 4.704482849709862
243.0, 4.715806077694126
244.0, 4.721737284624908
245.0, 4.728690346752532
246.0, 4.737754311112044
247.0, 4.748187535570343
248.0, 4.760720526898713
249.0, 4.7746186468395155
250.0, 4.790512053203221
251.0, 4.807679763696293
252.0, 4.82653451056559
253.0, 4.846317533438711
254.0, 4.8674206736201056
255.0, 4.889388071369843
256.0, 4.912433081621803
257.0, 4.935888914106685
258.0, 4.960147914534959
259.0, 4.984409334640761
260.0, 5.009172838029754
261.0, 5.03361249108464
262.0, 5.058256221706052
263.0, 5.024324047483026
264.0, 4.9811325474770145
265.0, 4.936655712704917
266.0, 4.890514314395336
267.0, 4.8432586213311675
268.0, 4.795008933728428
269.0, 4.746351671078386
270.0, 4.6974204671150135
271.0, 4.648859929628928
272.0, 4.600816839583828
273.0, 4.55397061663399
274.0, 4.508484279315882
275.0, 4.464991275508429
276.0, 4.423651359455143
277.0, 4.385098105893838
278.0, 4.349409047288902
279.0, 4.31724253052868
280.0, 4.2886872464723975
281.0, 4.264579792474734
282.0, 4.245198215301378
ee_box_dist
0.0, 0.6752685215625903
1.0, 0.7189929143106785
2.0, 0.7484549838535969
3.0, 0.7895980768082016
4.0, 0.8270374348283758
5.0, 0.864826326880833
6.0, 0.9031199825831263
7.0, 0.9395908165780688
8.0, 0.9742761787147391
9.0, 1.0061119794925442
10.0, 1.0410451116805615
11.0, 1.0717322508528966
12.0, 1.0986151369717043
13.0, 1.1303371185800424
14.0, 1.1525531237653712
15.0, 1.1752785931109773
16.0, 1.1964163388103264
17.0, 1.2199527444275455
18.0, 1.2378862743832892
19.0, 1.2538349131973987
20.0, 1.2698094895870446
21.0, 1.2470884189626652
22.0, 1.2159618967713695
23.0, 1.182003759347921
24.0, 1.1448039193251234
25.0, 1.1045404281016444
26.0, 1.0612006278429729
27.0, 1.014977654891864
28.0, 0.9658550593487247
29.0, 0.914071564201021
30.0, 0.8596074016983337
31.0, 0.802745680958274
32.0, 0.7434622951698582
33.0, 0.6820767689686164
34.0, 0.6185609432195263
35.0, 0.5533095334885653
36.0, 0.4863463289633583
37.0, 0.4182464140182868
38.0, 0.34921308370688736
39.0, 0.28010100609213906
40.0, 0.21202126857441528
41.0, 0.08025333076677196
42.0, 0.08290180474616497
43.0, 0.08302853187147684
44.0, 0.08297739283842047
45.0, 0.08302999953350586
46.0, 0.08298391828520817
47.0, 0.0830295024897606
48.0, 0.08298912736139684
49.0, 0.08302844356246503
50.0, 0.08299347154250371
51.0, 0.08302691900356285
52.0, 0.08299685348963676
53.0, 0.08302513096676749
54.0, 0.08299957725181387
55.0, 0.08302307249038346
56.0, 0.08300167645985475
57.0, 0.0830211662610989
58.0, 0.08300332109141496
59.0, 0.08301905561273683
60.0, 0.08300433198899179
61.0, 0.08301651244180595
62.0, 0.08300507359624298
63.0, 0.08301417524421055
64.0, 0.08300602788644901
65.0, 0.08301194044585206
66.0, 0.08300625099120523
67.0, 0.08300973335073464
68.0, 0.08300647949609644
69.0, 0.08300789072209822
70.0, 0.08300719667355123
71.0, 0.08300639332932719
72.0, 0.0830078093976172
73.0, 0.08300546670901184
74.0, 0.08300898178354221
75.0, 0.08300503380129981
76.0, 0.083010385376773
77.0, 0.08300553937339539
78.0, 0.08301253591004536
79.0, 0.08300695938772938
80.0, 0.08301537253960622
81.0, 0.0830106317575193
82.0, 0.083018863749073
83.0, 0.08301260240118505
84.0, 0.08302330708645896
85.0, 0.08301709481997566
86.0, 0.08876250278456863
87.0, 0.12455122374912223
88.0, 0.13506219576813827
89.0, 0.1333102541148376
90.0, 0.12889395168745735
91.0, 0.11566155404540104
92.0, 0.11520847218117261
93.0, 0.11675279929193637
94.0, 0.08603383746912886
95.0, 0.12078422342494335
96.0, 0.11549361078699391
97.0, 0.11674231322894214
98.0, 0.1152877977346762
99.0, 0.1167451577510324
100.0, 0.11528759154381193
101.0, 0.11674495006735926
102.0, 0.11528750751664958
103.0, 0.11674494508766939
104.0, 0.11528750751664958
105.0, 0.11674507866133672
106.0, 0.11528754670334576
107.0, 0.11674507866133672
108.0, 0.11528750751664958
109.0, 0.11674498961221172
110.0, 0.11528753276379713
111.0, 0.11674488577037449
112.0, 0.11528755235713102
113.0, 0.11674509843375426
114.0, 0.11528754670334576
115.0, 0.08219611159592834
116.0, 0.11228495440501267
117.0, 0.11663227170709245
118.0, 0.11528682664012299
119.0, 0.11674506884856713
120.0, 0.11528750186289294
121.0, 0.11674500938464434
122.0, 0.11528754670334576
123.0, 0.11674501436434667
124.0, 0.11528759154381193
125.0, 0.11674498961221172
126.0, 0.11528754670334576
127.0, 0.11674498961221172
128.0, 0.11528755235713102
129.0, 0.11674507866133672
130.0, 0.11451535363050919
131.0, 0.11680387646959192
132.0, 0.11529354833336176
133.0, 0.11674438544769167
134.0, 0.1152875858900594
135.0, 0.1167449253152335
136.0, 0.11528755235713102
137.0, 0.11674498961221172
138.0, 0.11528750751664958
139.0, 0.11674507866133672
140.0, 0.11528761113715895
141.0, 0.11674498961221172
142.0, 0.11528756629670038
143.0, 0.0980093805668441
144.0, 0.11474966984874377
145.0, 0.11674876733000786
146.0, 0.11528696261632485
147.0, 0.11674454973150784
148.0, 0.11528763693107287
149.0, 0.1167450048501988
150.0, 0.11528760338996225
151.0, 0.11674496032563185
152.0, 0.11528760338996225
153.0, 0.11674508394788709
154.0, 0.11528760338996225
155.0, 0.11674492575257864
156.0, 0.11528760338996225
157.0, 0.11674491580107837
158.0, 0.11528760338996225
159.0, 0.11674491580107837
160.0, 0.11528751370911411
161.0, 0.11674499489882699
162.0, 0.11528755854953147
163.0, 0.11674492575257864
164.0, 0.11528760338996225
165.0, 0.1167450048501988
166.0, 0.11528760338996225
167.0, 0.1167450048501988
168.0, 0.11528751370911411
169.0, 0.11674491580107837
170.0, 0.11528748016806008
171.0, 0.11674487127653832
172.0, 0.11528751370911411
173.0, 0.11674492575257864
174.0, 0.11528760338996225
175.0, 0.11674491580107837
176.0, 0.11528752500852132
177.0, 0.11674487127653832
178.0, 0.11528752500852132
179.0, 0.11674492575257864
180.0, 0.11528755854953147
181.0, 0.11674487127653832
182.0, 0.11528760338996225
183.0, 0.11674503942335031
184.0, 0.11528751370911411
185.0, 0.11674487127653832
186.0, 0.11528755854953147
187.0, 0.11674499489882699
188.0, 0.11528752500852132
189.0, 0.11674487127653832
190.0, 0.11528751370911411
191.0, 0.11674499489882699
192.0, 0.11528760338996225
193.0, 0.11674491580107837
194.0, 0.11528751370911411
195.0, 0.11674491580107837
196.0, 0.11528752500852132
197.0, 0.11674487127653832
198.0, 0.11528760338996225
199.0, 0.11674508394788709
200.0, 0.11528760338996225
201.0, 0.1167450048501988
202.0, 0.11528760338996225
203.0, 0.11674508394788709
204.0, 0.11528752500852132
205.0, 0.11674499489882699
206.0, 0.11528755854953147
207.0, 0.11674491580107837
208.0, 0.11528752500852132
209.0, 0.11674491580107837
210.0, 0.11528748016806008
211.0, 0.11674487127653832
212.0, 0.11528760338996225
213.0, 0.11674508394788709
214.0, 0.11528751370911411
215.0, 0.11674491580107837
216.0, 0.11528752500852132
217.0, 0.11674508394788709
218.0, 0.11528760338996225
219.0, 0.11674491580107837
220.0, 0.11528752500852132
221.0, 0.11674487127653832
222.0, 0.11528755854953147
223.0, 0.11674503942335031
224.0, 0.11528760338996225
225.0, 0.11674491580107837
226.0, 0.11528760338996225
227.0, 0.11674492575257864
228.0, 0.11528760338996225
229.0, 0.11674508394788709
230.0, 0.11528748016806008
231.0, 0.1167450048501988
232.0, 0.11528755854953147
233.0, 0.11674491580107837
234.0, 0.11528752500852132
235.0, 0.11674508394788709
236.0, 0.11528760338996225
237.0, 0.1167450048501988
238.0, 0.11528752500852132
239.0, 0.11674496032563185
240.0, 0.11528751370911411
241.0, 0.11674491580107837
242.0, 0.11528751370911411
243.0, 0.0744203742624603
244.0, 0.07354098911470273
245.0, 0.07237241094193303
246.0, 0.072400976778231
247.0, 0.07128508200910687
248.0, 0.07150203051418554
249.0, 0.07046848830365847
250.0, 0.07085236934166866
251.0, 0.06989710407333277
252.0, 0.07029719373884047
253.0, 0.06930791070580135
254.0, 0.06975484205539174
255.0, 0.06869760458495792
256.0, 0.06911514264498492
257.0, 0.06795602079743004
258.0, 0.06832069121454283
259.0, 0.06704980920982316
260.0, 0.0673688716324767
261.0, 0.06599589431062627
262.0, 0.06629133967599918
263.0, 0.08001667268902479
264.0, 0.0806669382918261
265.0, 0.08084743879316764
266.0, 0.08115518636878187
267.0, 0.08130264411780598
268.0, 0.08157324560144096
269.0, 0.08168898784617898
270.0, 0.0819148539222106
271.0, 0.08199015727400452
272.0, 0.0821652948513037
273.0, 0.08219450256205169
274.0, 0.08231611888132073
275.0, 0.08229510804802241
276.0, 0.08236369059506915
277.0, 0.08229319989189901
278.0, 0.08231126951289124
279.0, 0.08219274220296571
280.0, 0.0821626390221814
281.0, 0.08199610921061853
282.0, 0.08191911306248693
spot_hold
0, 0
1, 0
2, 0
3, 0
4, 0
5, 0
6, 0
7, 0
8, 0
9, 0
10, 0
11, 0
12, 0
13, 0
14, 0
15, 0
16, 0
17, 0
18, 0
19, 0
20, 0
21, 0
22, 0
23, 0
24, 0
25, 0
26, 0
27, 0
28, 0
29, 0
30, 0
31, 0
32, 0
33, 0
34, 0
35, 0
36, 0
37, 0
38, 0
39, 0
40, 0
41, 1
42, 1
43, 1
44, 1
45, 1
46, 1
47, 1
48, 1
49, 1
50, 1
51, 1
52, 1
53, 1
54, 1
55, 1
56, 1
57, 1
58, 1
59, 1
60, 1
61, 1
62, 1
63, 1
64, 1
65, 1
66, 1
67, 1
68, 1
69, 1
70, 1
71, 1
72, 1
73, 1
74, 1
75, 1
76, 1
77, 1
78, 1
79, 1
80, 1
81, 1
82, 1
83, 1
84, 1
85, 1
86, 1
87, 1
88, 1
89, 1
90, 1
91, 1
92, 1
93, 1
94, 1
95, 1
96, 1
97, 1
98, 1
99, 1
100, 1
101, 1
102, 1
103, 1
104, 1
105, 1
106, 1
107, 1
108, 1
109, 1
110, 1
111, 1
112, 1
113, 1
114, 1
115, 1
116, 1
117, 1
118, 1
119, 1
120, 1
121, 1
122, 1
123, 1
124, 1
125, 1
126, 1
127, 1
128, 1
129, 1
130, 1
131, 1
132, 1
133, 1
134, 1
135, 1
136, 1
137, 1
138, 1
139, 1
140, 1
141, 1
142, 1
143, 1
144, 1
145, 1
146, 1
147, 1
148, 1
149, 1
150, 1
151, 1
152, 1
153, 1
154, 1
155, 1
156, 1
157, 1
158, 1
159, 1
160, 1
161, 1
162, 1
163, 1
164, 1
165, 1
166, 1
167, 1
168, 1
169, 1
170, 1
171, 1
172, 1
173, 1
174, 1
175, 1
176, 1
177, 1
178, 1
179, 1
180, 1
181, 1
182, 1
183, 1
184, 1
185, 1
186, 1
187, 1
188, 1
189, 1
190, 1
191, 1
192, 1
193, 1
194, 1
195, 1
196, 1
197, 1
198, 1
199, 1
200, 1
201, 1
202, 1
203, 1
204, 1
205, 1
206, 1
207, 1
208, 1
209, 1
210, 1
211, 1
212, 1
213, 1
214, 1
215, 1
216, 1
217, 1
218, 1
219, 1
220, 1
221, 1
222, 1
223, 1
224, 1
225, 1
226, 1
227, 1
228, 1
229, 1
230, 1
231, 1
232, 1
233, 1
234, 1
235, 1
236, 1
237, 1
238, 1
239, 1
240, 1
241, 1
242, 1
243, 1
244, 1
245, 1
246, 1
247, 1
248, 1
249, 1
250, 1
251, 1
252, 1
253, 1
254, 1
255, 1
256, 1
257, 1
258, 1
259, 1
260, 1
261, 1
262, 1
263, 1
264, 1
265, 1
266, 1
267, 1
268, 1
269, 1
270, 1
271, 1
272, 1
273, 1
274, 1
275, 1
276, 1
277, 1
278, 1
279, 1
280, 1
281, 1
282, 1
