bot_dist
0.0, 3.425416545303204
1.0, 3.4311867141888674
2.0, 3.436976291165533
3.0, 3.4427851783200616
4.0, 3.4486132780735432
5.0, 3.454460493183925
6.0, 3.4603267267485647
7.0, 3.4662118822066947
8.0, 3.4721158633418097
9.0, 3.4780385742839806
10.0, 3.4839799195120764
11.0, 3.489939803855925
12.0, 3.4959181324983897
13.0, 3.5019148109773672
14.0, 3.507929745187723
15.0, 3.5139628413831416
16.0, 3.5200140061779153
17.0, 3.5260831465486517
18.0, 3.5321701698359202
19.0, 3.538274983745825
20.0, 3.5443974963515106
21.0, 3.5505376160945996
22.0, 3.556695251786568
23.0, 3.5628703126100514
24.0, 3.5690627081200885
25.0, 3.5752723482453033
26.0, 3.5814991432890233
27.0, 3.587743003930334
28.0, 3.5940038412250805
29.0, 3.6002815666068044
30.0, 3.6065760918876206
31.0, 3.612887329259045
32.0, 3.6192151912927555
33.0, 3.625559590941305
34.0, 3.6319204415387802
35.0, 3.638297656801398
36.0, 3.6446911508280593
37.0, 3.651100838100848
38.0, 3.657526633485476
39.0, 3.6639684522316793
40.0, 3.670426209973572
41.0, 3.6768998227299354
42.0, 3.683389206904483
43.0, 3.689894279286057
44.0, 3.6964149570487943
45.0, 3.7029511577522376
46.0, 3.709502799341411
47.0, 3.7160698001468457
48.0, 3.722652078884569
49.0, 3.729249554656047
50.0, 3.7358621469480875
51.0, 3.7424897756327073
52.0, 3.7491323609669567
53.0, 3.7557898235927025
54.0, 3.7624620845363848
55.0, 3.769149065208721
56.0, 3.7758506874043904
57.0, 3.7825668733016697
58.0, 3.7892975454620426
59.0, 3.796042626829773
60.0, 3.8028020407314442
61.0, 3.8095757108754675
62.0, 3.8163635613515563
63.0, 3.8231655166301763
64.0, 3.829981501561954
65.0, 3.8368114413770664
66.0, 3.8436552616845985
67.0, 3.8505128884718673
68.0, 3.8573842481037275
69.0, 3.8642692673218426
70.0, 3.8711678732439316
71.0, 3.878079993362996
72.0, 3.8850055555465115
73.0, 3.891944488035602
74.0, 3.898896719444192
75.0, 3.9058621787581282
76.0, 3.9128407953342843
77.0, 3.9198324988996407
78.0, 3.926837219550348
79.0, 3.9338548877507593
80.0, 3.940885434332455
81.0, 3.947928790493237
82.0, 3.954984887796111
83.0, 3.962053658168245
84.0, 3.969135033899912
85.0, 3.9762289476434165
86.0, 3.9833353324119996
87.0, 3.990454121578732
88.0, 3.997585248875388
89.0, 4.004728648391303
90.0, 4.011884254572221
91.0, 4.019052002219118
92.0, 4.026231826487023
93.0, 4.0334236628838145
94.0, 4.04062744726901
95.0, 4.047843115852539
96.0, 4.055070605193508
97.0, 4.062309852198946
98.0, 4.069560794122547
99.0, 4.076823368563393
100.0, 4.084097513464676
101.0, 4.084097513464676
102.0, 4.084097513464676
103.0, 4.084097513464676
104.0, 4.084097513464676
105.0, 4.084097513464676
106.0, 4.084097513464676
107.0, 4.084097513464676
108.0, 4.084097513464676
109.0, 4.084097513464676
110.0, 4.084097513464676
111.0, 4.084097513464676
112.0, 4.084097513464676
113.0, 4.084097513464676
114.0, 4.084097513464676
115.0, 4.084097513464676
116.0, 4.084097513464676
117.0, 4.084097513464676
118.0, 4.084097513464676
119.0, 4.084097513464676
120.0, 4.084097513464676
121.0, 4.084097513464676
122.0, 4.084097513464676
123.0, 4.084097513464676
124.0, 4.084097513464676
125.0, 4.084097513464676
126.0, 4.084097513464676
127.0, 4.084097513464676
128.0, 4.084097513464676
129.0, 4.084097513464676
130.0, 4.084097513464676
131.0, 4.076823368563393
132.0, 4.069560794122547
133.0, 4.062309852198946
134.0, 4.055070605193508
135.0, 4.047843115852539
136.0, 4.04062744726901
137.0, 4.0334236628838145
138.0, 4.026231826487023
139.0, 4.019052002219118
140.0, 4.011884254572221
141.0, 4.004728648391303
142.0, 3.997585248875388
143.0, 3.9945198210358743
144.0, 3.9874082904394927
145.0, 3.9803091774761987
146.0, 3.973222548707213
147.0, 3.9661484710520045
148.0, 3.959087011789385
149.0, 3.9520382385585764
150.0, 3.945002219360274
151.0, 3.85526121242414
152.0, 3.765526220783766
153.0, 3.675797642763017
154.0, 3.5860760052461393
155.0, 3.4963618425428953
156.0, 3.4066557452002195
157.0, 3.316958367593609
158.0, 3.227270436781016
159.0, 3.137592762870937
160.0, 3.0479262512152925
161.0, 2.9582719168126537
162.0, 2.8686309014032108
163.0, 2.779004493860393
164.0, 2.689394154644313
165.0, 2.5998015452917973
166.0, 2.510228564194128
167.0, 2.503116096836452
168.0, 2.4129797312409003
169.0, 2.3228680530255987
170.0, 2.232783864058937
171.0, 2.142730631433749
172.0, 2.0527124293515837
173.0, 1.9627340777069062
174.0, 1.955732605451084
175.0, 1.865951703406643
176.0, 1.7762937534202439
177.0, 1.7694217990363121
178.0, 1.7625797874106437
179.0, 1.7557680685929828
180.0, 1.7489869965244011
181.0, 1.6670496312192105
182.0, 1.6604883018568406
183.0, 1.6539614045911875
184.0, 1.6474693486586094
185.0, 1.6410125475694948
186.0, 1.6345914191044668
187.0, 1.6282063853080528
188.0, 1.5390914279556198
189.0, 1.5327755882296943
190.0, 1.444197263682994
191.0, 1.3557057390219425
192.0, 1.267319015423324
193.0, 1.179060661941948
194.0, 1.0909618342881453
195.0, 1.0030645666439688
196.0, 0.9154269208893088
197.0, 0.828131325195489
198.0, 0.7412986292312442
199.0, 0.6551129255930883
200.0, 0.5698678395093705
201.0, 0.4860585205342549
202.0, 0.4045782222386031
203.0, 0.3271716859455859
204.0, 0.2575387503039773
205.0, 0.2038092867872325
206.0, 0.18076881507117074
207.0, 0.19935803287722972
208.0, 0.2504735668529732
209.0, 0.31883775146671667
210.0, 0.395607302103464
211.0, 0.4767386253249505
212.0, 0.5603405685330235
213.0, 0.5661446995218672
214.0, 0.6505576295114767
215.0, 0.735948316955505
216.0, 0.7418615768226803
217.0, 0.7478618005491103
218.0, 0.7539469118537533
219.0, 0.7601148720329025
220.0, 0.7663636806999082
221.0, 0.7726913763753006
222.0, 0.7790960369377657
223.0, 0.7855757799461734
224.0, 0.7921287628425543
225.0, 0.7987531830455782
226.0, 0.8054472779437153
227.0, 0.8122093247968586
228.0, 0.8190376405547718
229.0, 0.8259305816003042
230.0, 0.8328865434248751
231.0, 0.8328865434248751
232.0, 0.8328865434248751
233.0, 0.8328865434248751
234.0, 0.8328865434248751
235.0, 0.8328865434248751
236.0, 0.8328865434248751
237.0, 0.8328865434248751
238.0, 0.8328865434248751
239.0, 0.8328865434248751
240.0, 0.8328865434248751
241.0, 0.8328865434248751
242.0, 0.8328865434248751
243.0, 0.8328865434248751
244.0, 0.8328865434248751
245.0, 0.8328865434248751
246.0, 0.8328865434248751
247.0, 0.8328865434248751
248.0, 0.8328865434248751
249.0, 0.8328865434248751
250.0, 0.8328865434248751
251.0, 0.8328865434248751
252.0, 0.8328865434248751
253.0, 0.8328865434248751
254.0, 0.8328865434248751
255.0, 0.8328865434248751
256.0, 0.8328865434248751
257.0, 0.8328865434248751
258.0, 0.8328865434248751
259.0, 0.8328865434248751
260.0, 0.8328865434248751
261.0, 0.8259305816003042
262.0, 0.8190376405547718
263.0, 0.8122093247968586
264.0, 0.8054472779437153
265.0, 0.7987531830455782
266.0, 0.7921287628425543
267.0, 0.7855757799461734
268.0, 0.7790960369377657
269.0, 0.7726913763753006
270.0, 0.7663636806999082
271.0, 0.7601148720329025
272.0, 0.7539469118537533
273.0, 0.7478618005491103
274.0, 0.7418615768226803
275.0, 0.735948316955505
276.0, 0.7301241339059937
277.0, 0.7243911762389471
278.0, 0.718751626872763
279.0, 0.7132077016340836
280.0, 0.7077616476093
281.0, 0.7024157412826258
282.0, 0.6971722864508748
ee_dist
0.0, 0.9335518476346467
1.0, 0.9455659676796144
2.0, 1.0254986498008294
3.0, 1.1035970393846
4.0, 1.1304549772268173
5.0, 1.1557558224442253
6.0, 1.1904086796880882
7.0, 1.2270930477079376
8.0, 1.2637989932951714
9.0, 1.3019013362916436
10.0, 1.343876292780689
11.0, 1.3822147050078502
12.0, 1.422866949341967
13.0, 1.4647654485117907
14.0, 1.5051354428075097
15.0, 1.5397012716907255
16.0, 1.5706265316208272
17.0, 1.5979117791331934
18.0, 1.6223276108769977
19.0, 1.6432696419650332
20.0, 1.6622703733899837
21.0, 1.6341688417322997
22.0, 1.597246141257592
23.0, 1.5569467087056192
24.0, 1.5128997203672405
25.0, 1.4653183477452625
26.0, 1.4142446996098794
27.0, 1.359936561224184
28.0, 1.3024615252910692
29.0, 1.2421619369455974
30.0, 1.179147147126298
31.0, 1.1138622605739408
32.0, 1.0464919687897842
33.0, 0.9776178864720662
34.0, 0.9075704309301285
35.0, 0.8371743656412203
36.0, 0.7670864688167746
37.0, 0.6986175126005194
38.0, 0.631141011649912
39.0, 0.5713024079025132
40.0, 0.5191604397274632
41.0, 0.534457783098827
42.0, 0.7120348017248981
43.0, 1.1602081320447948
44.0, 1.1193076776395445
45.0, 1.0772951644581183
46.0, 1.0323005165296069
47.0, 0.9857029569557928
48.0, 0.9363474470322614
49.0, 0.8852519884324994
50.0, 0.832239234841936
51.0, 0.7782427505223871
52.0, 0.7232745682395552
53.0, 0.6674852178445809
54.0, 0.6109855346903252
55.0, 0.553959280516848
56.0, 0.49740227311433577
57.0, 0.44167626444769265
58.0, 0.49099621381494246
59.0, 0.5643670520867768
60.0, 0.6468790933305669
61.0, 0.7381174123011954
62.0, 0.8325219023994952
63.0, 0.9249431197171563
64.0, 1.011239709892127
65.0, 1.0780046020164133
66.0, 1.1347493030997475
67.0, 1.1925715552846958
68.0, 1.2456567500999955
69.0, 1.2981922353265383
70.0, 1.3509871614874145
71.0, 1.4020887794950867
72.0, 1.458038033336999
73.0, 1.5193686660076493
74.0, 1.5854049048259409
75.0, 1.6625277849724147
76.0, 1.7488846426043927
77.0, 1.8446061832334903
78.0, 1.9445671920658605
79.0, 2.043622384142966
80.0, 2.137367543901148
81.0, 2.215947156458101
82.0, 2.2796042119453817
83.0, 2.3421892961175805
84.0, 2.40216111894132
85.0, 2.4618146733996507
86.0, 2.5209553844384747
87.0, 2.5637700137746724
88.0, 2.6352269806963484
89.0, 2.683866169583062
90.0, 2.7176769034945054
91.0, 2.8024418844701584
92.0, 2.896539675411134
93.0, 2.998060858779817
94.0, 3.106104099264683
95.0, 3.2132528067951065
96.0, 3.315338961023563
97.0, 3.4049803414220645
98.0, 3.477400230492273
99.0, 3.5443608386038252
100.0, 3.610366461299368
101.0, 3.6736574677656035
102.0, 3.7370323639965717
103.0, 3.799023855492333
104.0, 3.8634291095690054
105.0, 3.9326426857872723
106.0, 4.007745314864821
107.0, 4.088647052707458
108.0, 4.180779905574483
109.0, 4.28059046004053
110.0, 4.387943513580562
111.0, 4.496164606183725
112.0, 4.5998706969583765
113.0, 4.694220934795337
114.0, 4.769447061109872
115.0, 4.85083542595865
116.0, 4.902189582475109
117.0, 4.9473859121948225
118.0, 4.9900264535251955
119.0, 5.037458826739621
120.0, 5.073373791190863
121.0, 5.114995935757825
122.0, 5.154397551397487
123.0, 5.188084034565028
124.0, 5.220565873441198
125.0, 5.252282837884599
126.0, 5.280793593378589
127.0, 5.3069699105518096
128.0, 5.330611317468586
129.0, 5.350665194244958
130.0, 5.3683970247072965
131.0, 5.3821980835030345
132.0, 5.393616754320231
133.0, 5.400889464968669
134.0, 5.405751322940914
135.0, 5.40635427535608
136.0, 5.404560950104672
137.0, 5.398471824489471
138.0, 5.390064389144264
139.0, 5.37740127678833
140.0, 5.362557691083583
141.0, 5.343574790492073
142.0, 5.338297013400235
143.0, 4.599194366177425
144.0, 4.584541912522732
145.0, 4.573888773964815
146.0, 4.565109572546722
147.0, 4.560569478508959
148.0, 4.558001589477496
149.0, 4.559758346358727
150.0, 4.563465057935647
151.0, 4.481674722294666
152.0, 4.3987634731637755
153.0, 4.317055999321757
154.0, 4.234211713330684
155.0, 4.15258007949646
156.0, 4.069835336477717
157.0, 3.98830544201881
158.0, 3.9056503507749816
159.0, 3.8242196836546336
160.0, 3.7416876742899023
161.0, 3.6603842840712555
162.0, 3.577972115660259
163.0, 3.4968000349828574
164.0, 3.4145443374858804
165.0, 3.3335372096351557
166.0, 3.2514435259474155
167.0, 3.2614768284363658
168.0, 3.181502341572573
169.0, 3.1028706702487705
170.0, 3.0233191372954304
171.0, 2.9451428194256937
172.0, 2.8660990975105793
173.0, 2.7884664497288636
174.0, 2.8021488039584472
175.0, 2.7279496689996265
176.0, 2.6531886278216184
177.0, 2.671675426435303
178.0, 2.691841786761498
179.0, 2.7154587857886403
180.0, 2.740469572267586
181.0, 2.686602660641896
182.0, 2.660215728662263
183.0, 2.6369150643333987
184.0, 2.615128370352344
185.0, 2.5970005811955077
186.0, 2.580657279566378
187.0, 2.5684299061300733
188.0, 2.488722832350031
189.0, 2.479328588277522
190.0, 2.397676828011512
191.0, 2.3173625344789945
192.0, 2.236054430355468
193.0, 2.156120065397039
194.0, 2.0752297542976312
195.0, 1.9957625414086992
196.0, 1.9154045602161194
197.0, 1.8365346256891717
198.0, 1.7568508939515268
199.0, 1.6771547838584306
200.0, 1.6027173585710073
201.0, 1.5194111339252319
202.0, 1.439895834893386
203.0, 1.3137666346173666
204.0, 1.7787080534277753
205.0, 1.4332818731876251
206.0, 1.2172738070348996
207.0, 1.1162545885377553
208.0, 1.0048379744107774
209.0, 0.9405493395122035
210.0, 0.8660798141147841
211.0, 0.8091878597371533
212.0, 0.752781262827509
213.0, 0.7283264334070856
214.0, 0.6679848905085919
215.0, 0.6145901721042032
216.0, 0.5905890508462894
217.0, 0.5679555874269833
218.0, 0.5495904865711844
219.0, 0.5349095715630631
220.0, 0.5243752731598773
221.0, 0.5194867600580647
222.0, 0.5186830480183866
223.0, 0.5239256175271221
224.0, 0.5329826474523811
225.0, 0.5476481283204847
226.0, 0.5653917987419386
227.0, 0.5877294026145222
228.0, 0.6122322201831043
229.0, 0.6126603646378095
230.0, 0.6122285715285766
231.0, 0.6126720337830209
232.0, 0.6122250619393127
233.0, 0.6126818925599146
234.0, 0.6122227427386134
235.0, 0.6126676386496065
236.0, 0.6122250150738097
237.0, 0.6126806081642495
238.0, 0.612222726854569
239.0, 0.6126681650535512
240.0, 0.6122250309563557
241.0, 0.6126800817327712
242.0, 0.612222726854569
243.0, 0.6265981282326368
244.0, 0.6448835229799504
245.0, 0.6639119029356128
246.0, 0.6837638762729854
247.0, 0.7042780611881313
248.0, 0.7256946374891869
249.0, 0.747356728667368
250.0, 0.7699048756216096
251.0, 0.79238870762984
252.0, 0.8253988830722491
253.0, 0.8537838097537696
254.0, 0.8813926665877445
255.0, 0.9078918472782099
256.0, 0.9336539751634395
257.0, 0.9581630336130874
258.0, 0.9820280249531904
259.0, 1.0045264721993503
260.0, 1.0264117333976217
261.0, 1.0468788564317069
262.0, 1.0667907078302221
263.0, 1.0455255207295535
264.0, 1.0196759244163776
265.0, 0.9926176605745625
266.0, 0.9641704481082717
267.0, 0.9345548440479059
268.0, 0.903842300277438
269.0, 0.8722881572770852
270.0, 0.8399898675943793
271.0, 0.8072632682523406
272.0, 0.7742497721668037
273.0, 0.7413363446319859
274.0, 0.7087309137086157
275.0, 0.6768961956816396
276.0, 0.6425498142877656
277.0, 0.6117391087923726
278.0, 0.5840291596841527
279.0, 0.5588403236780732
280.0, 0.5366020597056088
281.0, 0.5207726849255241
282.0, 0.512935484886119
ee_box_dist
0.0, 0.8884078951082318
1.0, 0.9232540555628315
2.0, 0.9539454073303598
3.0, 0.9869458046111775
4.0, 1.0217311531923183
5.0, 1.0579630912845914
6.0, 1.0953456996763486
7.0, 1.130558548761941
8.0, 1.1641455231992035
9.0, 1.1986582632351377
10.0, 1.236625796109561
11.0, 1.2709107706155716
12.0, 1.3075569477651805
13.0, 1.345599315182449
14.0, 1.382275631616991
15.0, 1.4133453128215432
16.0, 1.4409530742318948
17.0, 1.465155244741836
18.0, 1.486717030289454
19.0, 1.5050700581822012
20.0, 1.5217052417165853
21.0, 1.492929460707317
22.0, 1.4555822596248735
23.0, 1.4148846520251541
24.0, 1.370495750747698
25.0, 1.3226427078804797
26.0, 1.271374391867886
27.0, 1.2169525462499124
28.0, 1.1594399589198692
29.0, 1.0991706760046598
30.0, 1.0362342243233953
31.0, 0.9710525785732198
32.0, 0.9037678516188149
33.0, 0.8349069384586891
34.0, 0.7647227657700383
35.0, 0.6939903041744027
36.0, 0.6233014384178279
37.0, 0.5540686168087451
38.0, 0.48074319732043175
39.0, 0.4159199477016182
40.0, 0.36151664446544557
41.0, 0.3761332144887983
42.0, 0.39091730902937927
43.0, 0.40570589190610284
44.0, 0.4206270835413768
45.0, 0.43545489502655677
46.0, 0.45034134269298554
47.0, 0.46507758181908754
48.0, 0.4797840625959027
49.0, 0.4943267064331639
50.0, 0.5087330770579016
51.0, 0.522979749311526
52.0, 0.5370071961358698
53.0, 0.5508644954575965
54.0, 0.5644687961854723
55.0, 0.5778891806051041
56.0, 0.5910464420003095
57.0, 0.6040004387467605
58.0, 0.6166735402982801
59.0, 0.6291118011713558
60.0, 0.6412521454191932
61.0, 0.6531272019485254
62.0, 0.6646875544707808
63.0, 0.6759597986624387
64.0, 0.6868984307079442
65.0, 0.6975274687619977
66.0, 0.7078023866348327
67.0, 0.7177471741064527
68.0, 0.7273211761433921
69.0, 0.7365485543923006
70.0, 0.745392706985979
71.0, 0.7538739229076912
72.0, 0.7619581210722861
73.0, 0.7696625057490771
74.0, 0.7769564812606773
75.0, 0.7838533113857111
76.0, 0.790324850775671
77.0, 0.7963816246208829
78.0, 0.8019972676830457
79.0, 0.8071796556664955
80.0, 0.8119034072031984
81.0, 0.8161743539147153
82.0, 0.8199676368219097
83.0, 0.823288677907676
84.0, 0.8262704284149396
85.0, 0.8281377149883733
86.0, 0.8314510582756972
87.0, 0.85693912730058
88.0, 0.848058750224527
89.0, 0.8796451514102184
90.0, 0.9284897833507393
91.0, 0.9267794746994844
92.0, 0.9264460396066844
93.0, 0.926948029903167
94.0, 0.9264354633021705
95.0, 0.9269987456021491
96.0, 0.9264335051575076
97.0, 0.9270302260230948
98.0, 0.926429042522175
99.0, 0.9270548649351517
100.0, 0.9264212920453941
101.0, 0.9270755322605712
102.0, 0.9264165137796369
103.0, 0.9270923079363498
104.0, 0.926412556515628
105.0, 0.9270852088860199
106.0, 0.9264133433849415
107.0, 0.9270876875454978
108.0, 0.9264130094289912
109.0, 0.9270851918056193
110.0, 0.9264133433849415
111.0, 0.927087455464625
112.0, 0.9264128963236893
113.0, 0.9270854863215034
114.0, 0.9264133433849415
115.0, 0.9072345237456733
116.0, 0.927486371635602
117.0, 0.9259824670088102
118.0, 0.9268114204274264
119.0, 0.9204252373587813
120.0, 0.9268887946229808
121.0, 0.9242956003170382
122.0, 0.9224821229135743
123.0, 0.9253209172071184
124.0, 0.9267397567072057
125.0, 0.9263583840562873
126.0, 0.9267914880309897
127.0, 0.926796884340954
128.0, 0.9264517833760941
129.0, 0.9269055344658332
130.0, 0.926442955590753
131.0, 0.9269693338091176
132.0, 0.9264377692128181
133.0, 0.9270139885495916
134.0, 0.9264379227533222
135.0, 0.9270427205753486
136.0, 0.9264309239975032
137.0, 0.9270667782596703
138.0, 0.9264252045207737
139.0, 0.927086123233922
140.0, 0.9264204715994874
141.0, 0.9271020012291545
142.0, 0.9264168653583795
143.0, 1.7746782448061853
144.0, 1.773931194293775
145.0, 1.7701842442941595
146.0, 1.7652242369583961
147.0, 1.7573066084302762
148.0, 1.7481753716399524
149.0, 1.7361845375083294
150.0, 1.723024429098137
151.0, 1.7963733636285009
152.0, 1.8713215282242117
153.0, 1.9461634702763388
154.0, 2.0224836705425404
155.0, 2.0985132879602775
156.0, 2.175909674947891
157.0, 2.2528785353177367
158.0, 2.3311563985759096
159.0, 2.408896142858698
160.0, 2.4878791430478535
161.0, 2.5662411562774357
162.0, 2.645819612754813
163.0, 2.724706686980728
164.0, 2.804768615790262
165.0, 2.884085205621747
166.0, 2.9645667401019726
167.0, 2.9540941180067026
168.0, 3.0331782861907794
169.0, 3.1115541832333853
170.0, 3.191123945740472
171.0, 3.26993611848037
172.0, 3.349913798041641
173.0, 3.4290946965206954
174.0, 3.41863860794685
175.0, 3.4962369918763194
176.0, 3.575033543145969
177.0, 3.5617191666324306
178.0, 3.5470127418682487
179.0, 3.5291445678740785
180.0, 3.509963387604948
181.0, 3.5771187656991827
182.0, 3.596759811839772
183.0, 3.6133376523240033
184.0, 3.6285449373403917
185.0, 3.6404531541891623
186.0, 3.650925176885865
187.0, 3.6579338768474994
188.0, 3.7401355460674903
189.0, 3.7445086959239706
190.0, 3.8275069373842086
191.0, 3.909506325730004
192.0, 3.9925743133622684
193.0, 4.074634458942122
194.0, 4.157769645212012
195.0, 4.239887905069331
196.0, 4.323077541564283
197.0, 4.405243341172449
198.0, 4.488486336197383
199.0, 4.572167323870612
200.0, 4.651665613195071
201.0, 4.7385935400482
202.0, 4.8068243989799955
203.0, 4.965472672547899
204.0, 4.73708695028328
205.0, 4.883822996896319
206.0, 5.140032182292059
207.0, 5.225770713862301
208.0, 5.330555327166828
209.0, 5.403007590107858
210.0, 5.487358534043604
211.0, 5.566513056781544
212.0, 5.648148793103966
213.0, 5.649844398286796
214.0, 5.734410296124782
215.0, 5.817260287431059
216.0, 5.814294086755687
217.0, 5.81067599718409
218.0, 5.803707684221099
219.0, 5.794473071177447
220.0, 5.782964943279912
221.0, 5.768365598747835
222.0, 5.752021209843953
223.0, 5.732688558887888
224.0, 5.71183297496541
225.0, 5.688237443089845
226.0, 5.663332266029959
227.0, 5.636047791302876
228.0, 5.607671531602683
229.0, 5.607426854237261
230.0, 5.607673601355152
231.0, 5.607421032568501
232.0, 5.607675842287211
233.0, 5.607415993032647
234.0, 5.607677156194083
235.0, 5.6074234781712855
236.0, 5.607675956650909
237.0, 5.607416634245003
238.0, 5.60767728002604
239.0, 5.607423337314623
240.0, 5.607675832818766
241.0, 5.607416775097657
242.0, 5.60767728002604
243.0, 5.60093619889255
244.0, 5.597035483247404
245.0, 5.592685179855875
246.0, 5.587869729512204
247.0, 5.5825319465638295
248.0, 5.576439158557374
249.0, 5.569818353605783
250.0, 5.562272438968554
251.0, 5.554243052876591
252.0, 5.5405581274271265
253.0, 5.529160112911967
254.0, 5.51719541641868
255.0, 5.505038758974229
256.0, 5.4924775943249395
257.0, 5.479976982784685
258.0, 5.467135324718952
259.0, 5.454638012150208
260.0, 5.441925277094943
261.0, 5.4297877069831495
262.0, 5.417551901603713
263.0, 5.439006803681158
264.0, 5.466266428806447
265.0, 5.49396387149221
266.0, 5.522178878113924
267.0, 5.550645389737466
268.0, 5.579125855240254
269.0, 5.607390718567951
270.0, 5.635209247050761
271.0, 5.662346070299783
272.0, 5.68859547725565
273.0, 5.713743222741586
274.0, 5.7375982950650375
275.0, 5.759988635001117
276.0, 5.784848105886673
277.0, 5.805211852655031
278.0, 5.822635919041645
279.0, 5.838187548205065
280.0, 5.851796746257977
281.0, 5.860793396130371
282.0, 5.871615005704145
spot_hold
0, 0
1, 0
2, 0
3, 0
4, 0
5, 0
6, 0
7, 0
8, 0
9, 0
10, 0
11, 0
12, 0
13, 0
14, 0
15, 0
16, 0
17, 0
18, 0
19, 0
20, 0
21, 0
22, 0
23, 0
24, 0
25, 0
26, 0
27, 0
28, 0
29, 0
30, 0
31, 0
32, 0
33, 0
34, 0
35, 0
36, 0
37, 0
38, 0
39, 0
40, 0
41, 1
42, 1
43, 1
44, 1
45, 1
46, 1
47, 1
48, 1
49, 1
50, 1
51, 1
52, 1
53, 1
54, 1
55, 1
56, 1
57, 1
58, 1
59, 1
60, 1
61, 1
62, 1
63, 1
64, 1
65, 1
66, 1
67, 1
68, 1
69, 1
70, 1
71, 1
72, 1
73, 1
74, 1
75, 1
76, 1
77, 1
78, 1
79, 1
80, 1
81, 1
82, 1
83, 1
84, 1
85, 1
86, 1
87, 1
88, 1
89, 1
90, 1
91, 1
92, 1
93, 1
94, 1
95, 1
96, 1
97, 1
98, 1
99, 1
100, 1
101, 1
102, 1
103, 1
104, 1
105, 1
106, 1
107, 1
108, 1
109, 1
110, 1
111, 1
112, 1
113, 1
114, 1
115, 1
116, 1
117, 1
118, 1
119, 1
120, 1
121, 1
122, 1
123, 1
124, 1
125, 1
126, 1
127, 1
128, 1
129, 1
130, 1
131, 1
132, 1
133, 1
134, 1
135, 1
136, 1
137, 1
138, 1
139, 1
140, 1
141, 1
142, 1
143, 1
144, 1
145, 1
146, 1
147, 1
148, 1
149, 1
150, 1
151, 1
152, 1
153, 1
154, 1
155, 1
156, 1
157, 1
158, 1
159, 1
160, 1
161, 1
162, 1
163, 1
164, 1
165, 1
166, 1
167, 1
168, 1
169, 1
170, 1
171, 1
172, 1
173, 1
174, 1
175, 1
176, 1
177, 1
178, 1
179, 1
180, 1
181, 1
182, 1
183, 1
184, 1
185, 1
186, 1
187, 1
188, 1
189, 1
190, 1
191, 1
192, 1
193, 1
194, 1
195, 1
196, 1
197, 1
198, 1
199, 1
200, 1
201, 1
202, 1
203, 1
204, 1
205, 1
206, 1
207, 1
208, 1
209, 1
210, 1
211, 1
212, 1
213, 1
214, 1
215, 1
216, 1
217, 1
218, 1
219, 1
220, 1
221, 1
222, 1
223, 1
224, 1
225, 1
226, 1
227, 1
228, 1
229, 1
230, 1
231, 1
232, 1
233, 1
234, 1
235, 1
236, 1
237, 1
238, 1
239, 1
240, 1
241, 1
242, 1
243, 1
244, 1
245, 1
246, 1
247, 1
248, 1
249, 1
250, 1
251, 1
252, 1
253, 1
254, 1
255, 1
256, 1
257, 1
258, 1
259, 1
260, 1
261, 1
262, 1
263, 1
264, 1
265, 1
266, 1
267, 1
268, 1
269, 1
270, 1
271, 1
272, 1
273, 1
274, 1
275, 1
276, 1
277, 1
278, 1
279, 1
280, 1
281, 1
282, 1
