bot_dist
0.0, 3.970398212188784
1.0, 3.977494353091268
2.0, 3.9846029531199822
3.0, 3.991723945712
4.0, 3.9988572646628935
5.0, 4.006002844125594
6.0, 4.013160618609232
7.0, 4.020330522977962
8.0, 4.027512492449774
9.0, 4.034706462595299
10.0, 4.0419123693365835
11.0, 4.049130148945871
12.0, 4.056359738044356
13.0, 4.063601073600935
14.0, 4.070854092930942
15.0, 4.078118733694871
16.0, 4.085394933897095
17.0, 4.092682631884564
18.0, 4.099981766345506
19.0, 4.107292276308102
20.0, 4.11461410113917
21.0, 4.121947180542825
22.0, 4.129291454559137
23.0, 4.136646863562783
24.0, 4.144013348261688
25.0, 4.151390849695654
26.0, 4.158779309234995
27.0, 4.166178668579148
28.0, 4.173588869755294
29.0, 4.1810098551169625
30.0, 4.188441567342628
31.0, 4.195883949434317
32.0, 4.203336944716185
33.0, 4.210800496833114
34.0, 4.218274549749285
35.0, 4.22575904774676
36.0, 4.233253935424049
37.0, 4.240759157694684
38.0, 4.24827465978578
39.0, 4.255800387236597
40.0, 4.263336285897101
41.0, 4.270882301926516
42.0, 4.278438381791879
43.0, 4.286004472266592
44.0, 4.293580520428966
45.0, 4.301166473660772
46.0, 4.308762279645785
47.0, 4.316367886368327
48.0, 4.323983242111807
49.0, 4.331608295457269
50.0, 4.339242995281925
51.0, 4.3468872907576985
52.0, 4.354541131349765
53.0, 4.362204466815088
54.0, 4.369877247200962
55.0, 4.377559422843547
56.0, 4.3852509443664145
57.0, 4.392951762679084
58.0, 4.400661828975562
59.0, 4.408381094732888
60.0, 4.416109511709675
61.0, 4.4238470319446535
62.0, 4.431593607755218
63.0, 4.439349191735972
64.0, 4.447113736757277
65.0, 4.454887195963806
66.0, 4.462669522773087
67.0, 4.4704606708740675
68.0, 4.478260594225662
69.0, 4.48606924705532
70.0, 4.493886583857576
71.0, 4.501712559392623
72.0, 4.509547128684872
73.0, 4.517390247021525
74.0, 4.525241869951147
75.0, 4.533101953282237
76.0, 4.5409704530818145
77.0, 4.548847325673989
78.0, 4.556732527638557
79.0, 4.564626015809584
80.0, 4.572527747273997
81.0, 4.58043767937018
82.0, 4.588355769686575
83.0, 4.596281976060282
84.0, 4.604216256575669
85.0, 4.6121585695629825
86.0, 4.620108873596961
87.0, 4.628067127495455
88.0, 4.636033290318051
89.0, 4.644007321364699
90.0, 4.651989180174344
91.0, 4.659978826523564
92.0, 4.667976220425211
93.0, 4.675981322127054
94.0, 4.683994092110433
95.0, 4.69201449108891
96.0, 4.700042480006936
97.0, 4.708078020038506
98.0, 4.716121072585838
99.0, 4.724171599278037
100.0, 4.7322295619697865
101.0, 4.7322295619697865
102.0, 4.7322295619697865
103.0, 4.7322295619697865
104.0, 4.7322295619697865
105.0, 4.7322295619697865
106.0, 4.7322295619697865
107.0, 4.7322295619697865
108.0, 4.7322295619697865
109.0, 4.7322295619697865
110.0, 4.7322295619697865
111.0, 4.7322295619697865
112.0, 4.7322295619697865
113.0, 4.7322295619697865
114.0, 4.7322295619697865
115.0, 4.7322295619697865
116.0, 4.7322295619697865
117.0, 4.7322295619697865
118.0, 4.7322295619697865
119.0, 4.7322295619697865
120.0, 4.7322295619697865
121.0, 4.7322295619697865
122.0, 4.7322295619697865
123.0, 4.7322295619697865
124.0, 4.7322295619697865
125.0, 4.7322295619697865
126.0, 4.7322295619697865
127.0, 4.7322295619697865
128.0, 4.7322295619697865
129.0, 4.7322295619697865
130.0, 4.7322295619697865
131.0, 4.724171599278037
132.0, 4.716121072585838
133.0, 4.708078020038506
134.0, 4.700042480006936
135.0, 4.69201449108891
136.0, 4.683994092110433
137.0, 4.675981322127054
138.0, 4.667976220425211
139.0, 4.659978826523564
140.0, 4.651989180174344
141.0, 4.644007321364699
142.0, 4.636033290318051
143.0, 4.631573149679039
144.0, 4.623620930408673
145.0, 4.6156766757450685
146.0, 4.607740426883816
147.0, 4.599812225263157
148.0, 4.59189211256535
149.0, 4.583980130718049
150.0, 4.576076321895692
151.0, 4.487403762055073
152.0, 4.39877968779082
153.0, 4.3102070538989485
154.0, 4.221689136704321
155.0, 4.133229451673615
156.0, 4.044831819386926
157.0, 3.9565003990642547
158.0, 3.8682397265673876
159.0, 3.780054757582296
160.0, 3.691950916815503
161.0, 3.603934154192749
162.0, 3.5160110092357573
163.0, 3.428188685020848
164.0, 3.3404751334010516
165.0, 3.252879153513769
166.0, 3.1654105060143483
167.0, 3.1571079827272106
168.0, 3.0678433049184153
169.0, 2.97865038091339
170.0, 2.889535710688781
171.0, 2.80050676457377
172.0, 2.7115719863113847
173.0, 2.622740955359751
174.0, 2.6142875657475235
175.0, 2.524010674072268
176.0, 2.4337868215625074
177.0, 2.4253075455588466
178.0, 2.416839897034256
179.0, 2.4083839986320625
180.0, 2.399939974552676
181.0, 2.309531633704531
182.0, 2.301144864628356
183.0, 2.2927710327347386
184.0, 2.2844102802929496
185.0, 2.2760627514388174
186.0, 2.267728592200772
187.0, 2.2594079505262172
188.0, 2.172324145236318
189.0, 2.163967459439106
190.0, 2.079628398612671
191.0, 1.9957157538950314
192.0, 1.9122854352899974
193.0, 1.8294034337315057
194.0, 1.7471477849122903
195.0, 1.6656112880705838
196.0, 1.5849049388595218
197.0, 1.5051622800028535
198.0, 1.4265449290907037
199.0, 1.3492496069795028
200.0, 1.273517055560393
201.0, 1.1996432808635291
202.0, 1.1279935431941712
203.0, 1.0590193517133655
204.0, 0.9932782403576463
205.0, 0.9314550230051347
206.0, 0.8743811403752594
207.0, 0.823045210820955
208.0, 0.7785830598694083
209.0, 0.7422310050279762
210.0, 0.7152267264182718
211.0, 0.6986548713227924
212.0, 0.6932641954775856
213.0, 0.6857972776646191
214.0, 0.6991623710080402
215.0, 0.7232063491218313
216.0, 0.7175865736024797
217.0, 0.7120628886815377
218.0, 0.7066375477421049
219.0, 0.7013128331486497
220.0, 0.6960910541139904
221.0, 0.6909745443318424
222.0, 0.6859656593665593
223.0, 0.6810667737926512
224.0, 0.6762802780778046
225.0, 0.6716085752044754
226.0, 0.6670540770266746
227.0, 0.6626192003603294
228.0, 0.658306362807581
229.0, 0.654117978317567
230.0, 0.6500564524886329
231.0, 0.6500564524886329
232.0, 0.6500564524886329
233.0, 0.6500564524886329
234.0, 0.6500564524886329
235.0, 0.6500564524886329
236.0, 0.6500564524886329
237.0, 0.6500564524886329
238.0, 0.6500564524886329
239.0, 0.6500564524886329
240.0, 0.6500564524886329
241.0, 0.6500564524886329
242.0, 0.6500564524886329
243.0, 0.6500564524886329
244.0, 0.6500564524886329
245.0, 0.6500564524886329
246.0, 0.6500564524886329
247.0, 0.6500564524886329
248.0, 0.6500564524886329
249.0, 0.6500564524886329
250.0, 0.6500564524886329
251.0, 0.6500564524886329
252.0, 0.6500564524886329
253.0, 0.6500564524886329
254.0, 0.6500564524886329
255.0, 0.6500564524886329
256.0, 0.6500564524886329
257.0, 0.6500564524886329
258.0, 0.6500564524886329
259.0, 0.6500564524886329
260.0, 0.6500564524886329
261.0, 0.654117978317567
262.0, 0.658306362807581
263.0, 0.6626192003603294
264.0, 0.6670540770266746
265.0, 0.6716085752044754
266.0, 0.6762802780778046
267.0, 0.6810667737926512
268.0, 0.6859656593665593
269.0, 0.6909745443318424
270.0, 0.6960910541139904
271.0, 0.7013128331486497
272.0, 0.7066375477421049
273.0, 0.7120628886815377
274.0, 0.7175865736024797
275.0, 0.7232063491218313
276.0, 0.7289199927455962
277.0, 0.7347253145610829
278.0, 0.740620158723792
279.0, 0.7466024047495147
280.0, 0.7526699686223649
281.0, 0.7588208037295471
282.0, 0.7650529016336388
ee_dist
0.0, 1.0297553058285256
1.0, 1.0568260415802515
2.0, 1.1459425152464364
3.0, 1.2285520285495226
4.0, 1.2569807110180302
5.0, 1.2824690401100802
6.0, 1.3164336626528748
7.0, 1.35147720709796
8.0, 1.3868048922344165
9.0, 1.4253923125391765
10.0, 1.45857320693854
11.0, 1.4912341120819763
12.0, 1.5225518630528678
13.0, 1.5511272205710132
14.0, 1.578818135219072
15.0, 1.6035684651618785
16.0, 1.6278677474455705
17.0, 1.6702471058934896
18.0, 1.699016187261348
19.0, 1.7245495702113611
20.0, 1.7474756483800076
21.0, 1.7181267352864917
22.0, 1.680743771313456
23.0, 1.6400246240222287
24.0, 1.5956816096688564
25.0, 1.547928123392641
26.0, 1.496825271861138
27.0, 1.442640777345371
28.0, 1.3854727738203856
29.0, 1.3259038538748782
30.0, 1.263621452944292
31.0, 1.1993733921204086
32.0, 1.1333816619627097
33.0, 1.0662786986080044
34.0, 0.9984923448838342
35.0, 0.9314084711848367
36.0, 0.8658399005240441
37.0, 0.8000601557799418
38.0, 0.7391092776887662
39.0, 0.6842078885053389
40.0, 0.6370124012988518
41.0, 0.6516293859213454
42.0, 0.7304422256411707
43.0, 1.050977566122035
44.0, 1.0087916060953865
45.0, 0.9656244017603477
46.0, 0.9195800561256159
47.0, 0.8720482881020065
48.0, 0.821877505298306
49.0, 0.7701218329156022
50.0, 0.7166060674341915
51.0, 0.6623312636346824
52.0, 0.607375426620632
53.0, 0.551931331823555
54.0, 0.49624812255111106
55.0, 0.4406766907927695
56.0, 0.38658990819610917
57.0, 0.3348284905261511
58.0, 0.3754004690825297
59.0, 0.4440220060694196
60.0, 0.5230608658848365
61.0, 0.6119261482100307
62.0, 0.7049566846843947
63.0, 0.7967965345471186
64.0, 0.8829782155685919
65.0, 0.9501571129181172
66.0, 1.0078886753008558
67.0, 1.0664836240600948
68.0, 1.120082632815417
69.0, 1.17291338454012
70.0, 1.2257219765372365
71.0, 1.2767781849365967
72.0, 1.3319892236595283
73.0, 1.3928340679060336
74.0, 1.4582919719269332
75.0, 1.5348691135915504
76.0, 1.6206991407329845
77.0, 1.7159426880202395
78.0, 1.8155591134153282
79.0, 1.9144560141898073
80.0, 2.0081963989433693
81.0, 2.0869723250833907
82.0, 2.150991924428665
83.0, 2.2140471713087937
84.0, 2.274427846920969
85.0, 2.3339456995274594
86.0, 2.382886088741944
87.0, 2.4097109532042897
88.0, 2.4430551333995507
89.0, 2.4851980947318104
90.0, 2.535082740882403
91.0, 2.618715289463931
92.0, 2.7120855213368564
93.0, 2.8139415883468084
94.0, 2.9206422917242225
95.0, 3.0284161148592585
96.0, 3.129499623955173
97.0, 3.2198214798885765
98.0, 3.2918829825952303
99.0, 3.360189873541371
100.0, 3.425496264421905
101.0, 3.4899249746400867
102.0, 3.552406974224611
103.0, 3.6153808641909593
104.0, 3.678520856216401
105.0, 3.7485820709392637
106.0, 3.822410687329785
107.0, 3.9040173669381346
108.0, 3.9948595293619977
109.0, 4.095347278814509
110.0, 4.201409610254072
111.0, 4.310438723525098
112.0, 4.413070176303462
113.0, 4.508469668870573
114.0, 4.582830532546251
115.0, 4.653767457980027
116.0, 4.71676807926464
117.0, 4.781028373516171
118.0, 4.8241204978783605
119.0, 4.867087242579084
120.0, 4.908305388306728
121.0, 4.949389118872515
122.0, 4.988228900312766
123.0, 5.026425891197664
124.0, 5.061920070626387
125.0, 5.09633457831591
126.0, 5.127646752021571
127.0, 5.157504292824122
128.0, 5.1839226356800205
129.0, 5.208573072967069
130.0, 5.229514289913059
131.0, 5.248438176964415
132.0, 5.26344977523675
133.0, 5.27625977807089
134.0, 5.285020756448509
135.0, 5.291461186091692
136.0, 5.293781198143106
137.0, 5.293730123930216
138.0, 5.289554741139267
139.0, 5.283020793737567
140.0, 5.272425078976882
141.0, 5.2595514015514615
142.0, 5.242745468543375
143.0, 4.606588729899445
144.0, 4.595249020849036
145.0, 4.585483252369497
146.0, 4.579218067900513
147.0, 4.574603899059582
148.0, 4.573630515770599
149.0, 4.574326097284045
150.0, 4.578679126944595
151.0, 4.495775024719471
152.0, 4.413903140787986
153.0, 4.33107107770541
154.0, 4.249274632941866
155.0, 4.166523127469677
156.0, 4.084811438763685
157.0, 4.0021505315929
158.0, 3.920534362626132
159.0, 3.8379758203387877
160.0, 3.7564678224358814
161.0, 3.6740255213685287
162.0, 3.5926406621935185
163.0, 3.510330972635055
164.0, 3.4290869797001053
165.0, 3.3469299262435097
166.0, 3.265848317327227
167.0, 3.273564400451341
168.0, 3.1945063986291653
169.0, 3.1146781362272393
170.0, 3.0360303104467223
171.0, 2.9566489444196455
172.0, 2.878479565116408
173.0, 2.7996217091879756
174.0, 2.812323214025001
175.0, 2.736834197197129
176.0, 2.6627599256700747
177.0, 2.6776832547134415
178.0, 2.6957581702350217
179.0, 2.715125922711867
180.0, 2.737193745947838
181.0, 2.6817232547151684
182.0, 2.6599246400133594
183.0, 2.639263137158608
184.0, 2.621484670818457
185.0, 2.605092889094016
186.0, 2.5920028699342472
187.0, 2.580504368979443
188.0, 2.501705587507287
189.0, 2.492558334478902
190.0, 2.4119016519811227
191.0, 2.330411615213505
192.0, 2.2500781514166013
193.0, 2.1689501509220306
194.0, 2.0890164552020556
195.0, 2.0083394010924613
196.0, 1.9289072980423585
197.0, 1.8488009883407266
198.0, 1.7700091893802916
199.0, 1.6906385156834582
200.0, 1.6126801444346548
201.0, 1.5342775624536071
202.0, 1.4574283919734707
203.0, 1.3803304815508108
204.0, 1.3023525966657246
205.0, 1.2151166364724046
206.0, 1.1256938045980551
207.0, 1.0803458854858001
208.0, 1.0138558605025472
209.0, 0.9447457184920278
210.0, 0.8792589072902194
211.0, 0.8161405288361364
212.0, 0.7577812923129207
213.0, 0.7367572562480146
214.0, 0.6767285230010944
215.0, 0.6212825469194412
216.0, 0.5999159458810058
217.0, 0.5802596197499504
218.0, 0.564283483534877
219.0, 0.550649513116575
220.0, 0.5415114892974111
221.0, 0.5352225451792355
222.0, 0.5339041225673136
223.0, 0.535639050833646
224.0, 0.5423100065292725
225.0, 0.5518510792359795
226.0, 0.5657949566522973
227.0, 0.5821230529094868
228.0, 0.6019985084756334
229.0, 0.6236518180815397
230.0, 0.6239296586998593
231.0, 0.6236518180815397
232.0, 0.6239296586998593
233.0, 0.6236518180815397
234.0, 0.6239296586998593
235.0, 0.6236518180815397
236.0, 0.6239296586998593
237.0, 0.6236518180815397
238.0, 0.6123306882048587
239.0, 0.6246685603165946
240.0, 0.6238189666261043
241.0, 0.6203711939719727
242.0, 0.6241133300967953
243.0, 0.6297245780688961
244.0, 0.6403187017490674
245.0, 0.6521193015797928
246.0, 0.6658699251947551
247.0, 0.6806695390675991
248.0, 0.6971841221044286
249.0, 0.7144236186058379
250.0, 0.7331520769151968
251.0, 0.7523270200001422
252.0, 0.7727383632235648
253.0, 0.7933399103143636
254.0, 0.8148833511249767
255.0, 0.8363691210167682
256.0, 0.8584775132963198
257.0, 0.8803007381207605
258.0, 0.9024394501227229
259.0, 0.9240947059034088
260.0, 0.9458171511694289
261.0, 0.9668664262854096
262.0, 0.9877849022186557
263.0, 0.9681318370940724
264.0, 0.9445738586591714
265.0, 0.9201998638957222
266.0, 0.8948695177649008
267.0, 0.8688024118995086
268.0, 0.8420790392673694
269.0, 0.8149546252733684
270.0, 0.7875366235651959
271.0, 0.7601366826910766
272.0, 0.7329037039853058
273.0, 0.7062119939986712
274.0, 0.6802656357915178
275.0, 0.6513976023307556
276.0, 0.6176500705773834
277.0, 0.5877737557241506
278.0, 0.5670165126213375
279.0, 0.5491922322627536
280.0, 0.5341642589146459
281.0, 0.523331045260357
282.0, 0.516869612591972
ee_box_dist
0.0, 0.7437639284445736
1.0, 0.7894430531568866
2.0, 0.8102806501968343
3.0, 0.8445338451496436
4.0, 0.8887857935166749
5.0, 0.9249269374869792
6.0, 0.9632155536693265
7.0, 0.9989106249340689
8.0, 1.032252356663179
9.0, 1.0679128816164465
10.0, 1.097705897143912
11.0, 1.1267372059804412
12.0, 1.1543689503998824
13.0, 1.1794730212922548
14.0, 1.2037340294809797
15.0, 1.2253546462813716
16.0, 1.2466199561925442
17.0, 1.2853603698168197
18.0, 1.3112960197769903
19.0, 1.334163159259438
20.0, 1.3546087266065112
21.0, 1.328634835223477
22.0, 1.2957592441425267
23.0, 1.2597698687006305
24.0, 1.2203986835742335
25.0, 1.1777903281389777
26.0, 1.131969650751528
27.0, 1.0831376334868423
28.0, 1.0312987537060676
29.0, 0.9768980755333225
30.0, 0.9195287944279532
31.0, 0.8597590443366928
32.0, 0.7975814351914452
33.0, 0.7333725428793563
34.0, 0.6672037396151129
35.0, 0.6000022652625537
36.0, 0.5347155371943458
37.0, 0.46919728414154893
38.0, 0.39798449694543336
39.0, 0.33169345907155506
40.0, 0.2682730775305868
41.0, 0.2829083068738621
42.0, 0.29708576821084715
43.0, 0.3116282009207813
44.0, 0.32563182904495025
45.0, 0.34001303160134005
46.0, 0.35382899752137226
47.0, 0.3679021982687252
48.0, 0.38150125069643176
49.0, 0.3951871988774727
50.0, 0.40857691795808493
51.0, 0.42187402439595717
52.0, 0.43494421906154035
53.0, 0.44782793845322594
54.0, 0.46048335572355553
55.0, 0.4728754465764289
56.0, 0.4849579667460919
57.0, 0.4967348956524671
58.0, 0.508184766124645
59.0, 0.5193323863719839
60.0, 0.5301255355149718
61.0, 0.5406233153376981
62.0, 0.5507714936930904
63.0, 0.5606139106229029
64.0, 0.5701053159895981
65.0, 0.5792857578205719
66.0, 0.5881133055789753
67.0, 0.5966295706175226
68.0, 0.6047858644673884
69.0, 0.6126177716777339
70.0, 0.6200723912577764
71.0, 0.6271949203769958
72.0, 0.6339308501613614
73.0, 0.6403112507338138
74.0, 0.6462977655447663
75.0, 0.6519153757041161
76.0, 0.6571208816975525
77.0, 0.6619421248709436
78.0, 0.6663442890180951
79.0, 0.6703506132118248
80.0, 0.6739152034641742
81.0, 0.6770598922015245
82.0, 0.6797512327883976
83.0, 0.6820128032471562
84.0, 0.6837851557883624
85.0, 0.6851127033969844
86.0, 0.7061527571785343
87.0, 0.7539024738295506
88.0, 0.7893146951943367
89.0, 0.8215306723698848
90.0, 0.8478579395978624
91.0, 0.8469551506925753
92.0, 0.8468541153718206
93.0, 0.8463550846730368
94.0, 0.8468562306706757
95.0, 0.8463721666239095
96.0, 0.8468545004413841
97.0, 0.8465146985262647
98.0, 0.8468192465380078
99.0, 0.84637807887667
100.0, 0.846863410706351
101.0, 0.8463687186520417
102.0, 0.8468859899657172
103.0, 0.8464089580535694
104.0, 0.8468628371410304
105.0, 0.8463654512477105
106.0, 0.8468642893903232
107.0, 0.8463794730657928
108.0, 0.8468700823525245
109.0, 0.8463922465995939
110.0, 0.8468907608711146
111.0, 0.8464093349673169
112.0, 0.8468753282675134
113.0, 0.8463697317733093
114.0, 0.846854664781567
115.0, 0.8425808235674124
116.0, 0.846996701522035
117.0, 0.8468935402962078
118.0, 0.8467567338930531
119.0, 0.8462712166896287
120.0, 0.8467868870398508
121.0, 0.8462884127886187
122.0, 0.8467602531409838
123.0, 0.8462736858590397
124.0, 0.8467599986360539
125.0, 0.8462738530176833
126.0, 0.8467599572724313
127.0, 0.8462737352276266
128.0, 0.8467598601860874
129.0, 0.8462736030983584
130.0, 0.8467599159088234
131.0, 0.8462737145374645
132.0, 0.8467599159088234
133.0, 0.8462737145374645
134.0, 0.8467598601860874
135.0, 0.8462737145374645
136.0, 0.8467598395042875
137.0, 0.8462736030983584
138.0, 0.8467597830871745
139.0, 0.84627356171804
140.0, 0.8467597830871745
141.0, 0.84627356171804
142.0, 0.8467598037689715
143.0, 1.5754994281682626
144.0, 1.5706846581244582
145.0, 1.5650108893852086
146.0, 1.5566769862327394
147.0, 1.5475114608614968
148.0, 1.5357797434727742
149.0, 1.5232548720347519
150.0, 1.5083007429955035
151.0, 1.5771404457180878
152.0, 1.6465349168232861
153.0, 1.7179702968050392
154.0, 1.7896197457822924
155.0, 1.863069473900053
156.0, 1.9364803254502023
157.0, 2.0115142064221865
158.0, 2.086319458137655
159.0, 2.1626156743361893
160.0, 2.2385391053403794
161.0, 2.3158539075937177
162.0, 2.3926849740529255
163.0, 2.470831488323725
164.0, 2.5484077720594938
165.0, 2.6272404286067688
166.0, 2.7054348120780793
167.0, 2.695908348005353
168.0, 2.7725564928037905
169.0, 2.8504776875519826
170.0, 2.927794588112282
171.0, 3.006339778667755
172.0, 3.084225744063436
173.0, 3.163303704695686
174.0, 3.1523087191471983
175.0, 3.2296327349400427
176.0, 3.3063461154727394
177.0, 3.2947396928495523
178.0, 3.2802535687020424
179.0, 3.264731056726176
180.0, 3.246551466924821
181.0, 3.312629273879525
182.0, 3.329630234628127
183.0, 3.3456283458731284
184.0, 3.3588226627478757
185.0, 3.370925921036541
186.0, 3.380040564274054
187.0, 3.387999560631809
188.0, 3.468605656668735
189.0, 3.4742941908445695
190.0, 3.555889576491539
191.0, 3.6385176455016124
192.0, 3.7202222041778015
193.0, 3.8029537963394406
194.0, 3.884753608355188
195.0, 3.967575992521982
196.0, 4.04945965512848
197.0, 4.132362095399495
198.0, 4.214319868153267
199.0, 4.297293249275144
200.0, 4.379316836610817
201.0, 4.462353370672301
202.0, 4.5444356647936015
203.0, 4.627528659116943
204.0, 4.711074248566812
205.0, 4.793095596193097
206.0, 4.882344980840994
207.0, 4.962187445729624
208.0, 5.040204717200777
209.0, 5.123633665218509
210.0, 5.2058971523692
211.0, 5.289165985199317
212.0, 5.3714638921599365
213.0, 5.373790312125985
214.0, 5.456308409668734
215.0, 5.539823040237686
216.0, 5.538867209081549
217.0, 5.536584945668218
218.0, 5.5310494240236805
219.0, 5.52420165426945
220.0, 5.514213444281902
221.0, 5.502955074537146
222.0, 5.488745714283012
223.0, 5.473335971391363
224.0, 5.455236931244139
225.0, 5.436037131024478
226.0, 5.414475796002095
227.0, 5.391943471706137
228.0, 5.3674424476701725
229.0, 5.342124742631807
230.0, 5.341927554051887
231.0, 5.342124742631807
232.0, 5.341927554051887
233.0, 5.342124742631807
234.0, 5.341927554051887
235.0, 5.342124742631807
236.0, 5.341927554051887
237.0, 5.342124742631807
238.0, 5.349162738131069
239.0, 5.341386321014896
240.0, 5.341892253282821
241.0, 5.344022646074214
242.0, 5.341728028010685
243.0, 5.341027719201066
244.0, 5.341481192392338
245.0, 5.341343413637047
246.0, 5.340329569463661
247.0, 5.338695871167349
248.0, 5.33606176235501
249.0, 5.332727460802026
250.0, 5.328320353255454
251.0, 5.3232215953247035
252.0, 5.317052850725442
253.0, 5.310301118182877
254.0, 5.302551921985655
255.0, 5.294393085627764
256.0, 5.2853581944598025
257.0, 5.276107562377755
258.0, 5.2661299725714885
259.0, 5.256129502197014
260.0, 5.245548324822614
261.0, 5.235146291954548
262.0, 5.224312097076758
263.0, 5.242659164898587
264.0, 5.265917022542857
265.0, 5.289417808806455
266.0, 5.313234709880382
267.0, 5.337171338790498
268.0, 5.361043815281484
269.0, 5.384670406116455
270.0, 5.407873513227646
271.0, 5.430477808314647
272.0, 5.452315794286263
273.0, 5.473225503594662
274.0, 5.493052700158319
275.0, 5.515947673766918
276.0, 5.544994683395014
277.0, 5.569040285657533
278.0, 5.584065998026327
279.0, 5.597148576286641
280.0, 5.608793597154234
281.0, 5.6181012856948565
282.0, 5.625125183006896
spot_hold
0, 0
1, 0
2, 0
3, 0
4, 0
5, 0
6, 0
7, 0
8, 0
9, 0
10, 0
11, 0
12, 0
13, 0
14, 0
15, 0
16, 0
17, 0
18, 0
19, 0
20, 0
21, 0
22, 0
23, 0
24, 0
25, 0
26, 0
27, 0
28, 0
29, 0
30, 0
31, 0
32, 0
33, 0
34, 0
35, 0
36, 0
37, 0
38, 0
39, 0
40, 0
41, 1
42, 1
43, 1
44, 1
45, 1
46, 1
47, 1
48, 1
49, 1
50, 1
51, 1
52, 1
53, 1
54, 1
55, 1
56, 1
57, 1
58, 1
59, 1
60, 1
61, 1
62, 1
63, 1
64, 1
65, 1
66, 1
67, 1
68, 1
69, 1
70, 1
71, 1
72, 1
73, 1
74, 1
75, 1
76, 1
77, 1
78, 1
79, 1
80, 1
81, 1
82, 1
83, 1
84, 1
85, 1
86, 1
87, 1
88, 1
89, 1
90, 1
91, 1
92, 1
93, 1
94, 1
95, 1
96, 1
97, 1
98, 1
99, 1
100, 1
101, 1
102, 1
103, 1
104, 1
105, 1
106, 1
107, 1
108, 1
109, 1
110, 1
111, 1
112, 1
113, 1
114, 1
115, 1
116, 1
117, 1
118, 1
119, 1
120, 1
121, 1
122, 1
123, 1
124, 1
125, 1
126, 1
127, 1
128, 1
129, 1
130, 1
131, 1
132, 1
133, 1
134, 1
135, 1
136, 1
137, 1
138, 1
139, 1
140, 1
141, 1
142, 1
143, 1
144, 1
145, 1
146, 1
147, 1
148, 1
149, 1
150, 1
151, 1
152, 1
153, 1
154, 1
155, 1
156, 1
157, 1
158, 1
159, 1
160, 1
161, 1
162, 1
163, 1
164, 1
165, 1
166, 1
167, 1
168, 1
169, 1
170, 1
171, 1
172, 1
173, 1
174, 1
175, 1
176, 1
177, 1
178, 1
179, 1
180, 1
181, 1
182, 1
183, 1
184, 1
185, 1
186, 1
187, 1
188, 1
189, 1
190, 1
191, 1
192, 1
193, 1
194, 1
195, 1
196, 1
197, 1
198, 1
199, 1
200, 1
201, 1
202, 1
203, 1
204, 1
205, 1
206, 1
207, 1
208, 1
209, 1
210, 1
211, 1
212, 1
213, 1
214, 1
215, 1
216, 1
217, 1
218, 1
219, 1
220, 1
221, 1
222, 1
223, 1
224, 1
225, 1
226, 1
227, 1
228, 1
229, 1
230, 1
231, 1
232, 1
233, 1
234, 1
235, 1
236, 1
237, 1
238, 1
239, 1
240, 1
241, 1
242, 1
243, 1
244, 1
245, 1
246, 1
247, 1
248, 1
249, 1
250, 1
251, 1
252, 1
253, 1
254, 1
255, 1
256, 1
257, 1
258, 1
259, 1
260, 1
261, 1
262, 1
263, 1
264, 1
265, 1
266, 1
267, 1
268, 1
269, 1
270, 1
271, 1
272, 1
273, 1
274, 1
275, 1
276, 1
277, 1
278, 1
279, 1
280, 1
281, 1
282, 1
