bot_dist
0.0, 2.997946656345891
1.0, 3.0015347157530137
2.0, 3.0051517689795504
3.0, 3.0087977114599602
4.0, 3.0124724383017756
5.0, 3.016175844297606
6.0, 3.0199078239370625
7.0, 3.0236682714186043
8.0, 3.027457080661299
9.0, 3.0312741453165
10.0, 3.0351193587794367
11.0, 3.0389926142007155
12.0, 3.0428938044977314
13.0, 3.046822822365986
14.0, 3.050779560290315
15.0, 3.054763910556015
16.0, 3.058775765259881
17.0, 3.062815016321135
18.0, 3.0668815554922695
19.0, 3.0709752743697742
20.0, 3.075096064404771
21.0, 3.0792438169135448
22.0, 3.083418423087962
23.0, 3.087619774005794
24.0, 3.091847760640926
25.0, 3.0961022738734587
26.0, 3.1003832044997073
27.0, 3.104690443242083
28.0, 3.1090238807588713
29.0, 3.113383407653892
30.0, 3.1177689144860534
31.0, 3.122180291778793
32.0, 3.1266174300294
33.0, 3.1310802197182315
34.0, 3.1355685513178098
35.0, 3.1400823153018047
36.0, 3.144621402153906
37.0, 3.149185702376573
38.0, 3.153775106499676
39.0, 3.158389505089015
40.0, 3.1630287887547275
41.0, 3.167692848159579
42.0, 3.172381574027133
43.0, 3.177094744487091
44.0, 3.181832361908253
45.0, 3.186594317252251
46.0, 3.191380501573035
47.0, 3.196190806024463
48.0, 3.201025121867772
49.0, 3.2058833404789375
50.0, 3.210765353355914
51.0, 3.2156710521257614
52.0, 3.2206003285516505
53.0, 3.225553074539765
54.0, 3.2305291821460753
55.0, 3.2355285435830083
56.0, 3.240551051225996
57.0, 3.2455965976199135
58.0, 3.2506650754854065
59.0, 3.2557563777250986
60.0, 3.260870397429695
61.0, 3.266007027883968
62.0, 3.2711661625726345
63.0, 3.2763476951861215
64.0, 3.2815515196262233
65.0, 3.286777530011649
66.0, 3.2920256206834573
67.0, 3.2972956862103917
68.0, 3.302587621394101
69.0, 3.3079013212742554
70.0, 3.313236681133558
71.0, 3.3185935965026494
72.0, 3.323971963164912
73.0, 3.3293716771611637
74.0, 3.334792634794255
75.0, 3.3402347326335633
76.0, 3.3456978675193825
77.0, 3.3511819365672175
78.0, 3.3566868371719747
79.0, 3.3622124670120597
80.0, 3.3677587240533686
81.0, 3.3733255065531926
82.0, 3.3789127130640217
83.0, 3.384520242437252
84.0, 3.390147993826802
85.0, 3.3957958666926364
86.0, 3.4014637608041967
87.0, 3.407151576243739
88.0, 3.412859213409585
89.0, 3.4185865730192817
90.0, 3.424333556112675
91.0, 3.4301000640548907
92.0, 3.435885998539239
93.0, 3.441691261590024
94.0, 3.447515755565275
95.0, 3.4533593831593925
96.0, 3.459222047405711
97.0, 3.465103651678984
98.0, 3.4710040996977853
99.0, 3.4769232955268317
100.0, 3.4828611435792305
101.0, 3.4828611435792305
102.0, 3.4828611435792305
103.0, 3.4828611435792305
104.0, 3.4828611435792305
105.0, 3.4828611435792305
106.0, 3.4828611435792305
107.0, 3.4828611435792305
108.0, 3.4828611435792305
109.0, 3.4828611435792305
110.0, 3.4828611435792305
111.0, 3.4828611435792305
112.0, 3.4828611435792305
113.0, 3.4828611435792305
114.0, 3.4828611435792305
115.0, 3.4828611435792305
116.0, 3.4828611435792305
117.0, 3.4828611435792305
118.0, 3.4828611435792305
119.0, 3.4828611435792305
120.0, 3.4828611435792305
121.0, 3.4828611435792305
122.0, 3.4828611435792305
123.0, 3.4828611435792305
124.0, 3.4828611435792305
125.0, 3.4828611435792305
126.0, 3.4828611435792305
127.0, 3.4828611435792305
128.0, 3.4828611435792305
129.0, 3.4828611435792305
130.0, 3.4828611435792305
131.0, 3.4769232955268317
132.0, 3.4710040996977853
133.0, 3.465103651678984
134.0, 3.459222047405711
135.0, 3.4533593831593925
136.0, 3.447515755565275
137.0, 3.441691261590024
138.0, 3.435885998539239
139.0, 3.4301000640548907
140.0, 3.424333556112675
141.0, 3.4185865730192817
142.0, 3.412859213409585
143.0, 3.4119124208754217
144.0, 3.4062325552269637
145.0, 3.4005726094983735
146.0, 3.3949326833196074
147.0, 3.389312876630202
148.0, 3.383713289675922
149.0, 3.3781340230053245
150.0, 3.372575177466227
151.0, 3.2841042012694457
152.0, 3.195711138393668
153.0, 3.107402587862593
154.0, 3.019186019407351
155.0, 2.93106973820862
156.0, 2.8430630690204133
157.0, 2.7551765156412524
158.0, 2.667421950869838
159.0, 2.5798128438612182
160.0, 2.4923645336202815
161.0, 2.405094559736281
162.0, 2.318023064558622
163.0, 2.2311732850915713
164.0, 2.144572158290497
165.0, 2.0582510706546677
166.0, 1.972246792699962
167.0, 1.9677748193347322
168.0, 1.884039118777044
169.0, 1.800953325826741
170.0, 1.718611458700922
171.0, 1.6371257720765735
172.0, 1.5566307284208465
173.0, 1.4772882721995075
174.0, 1.474104196438508
175.0, 1.3997305196796381
176.0, 1.3274282945076918
177.0, 1.325042437083292
178.0, 1.3227278793093427
179.0, 1.3204849961098697
180.0, 1.318314153310547
181.0, 1.270566917664269
182.0, 1.2690724165567149
183.0, 1.2676550415179395
184.0, 1.2663150515275132
185.0, 1.265052692492664
186.0, 1.2638681970281862
187.0, 1.262761784246795
188.0, 1.1930608895074923
189.0, 1.1924891675623044
190.0, 1.122170471564872
191.0, 1.0547179361780743
192.0, 0.9907171430595517
193.0, 0.9308803173454463
194.0, 0.8760610982705326
195.0, 0.8272575811665429
196.0, 0.7855917122174859
197.0, 0.752250454320114
198.0, 0.72837787497807
199.0, 0.7149231332829109
200.0, 0.7124766798017146
201.0, 0.7211505578117718
202.0, 0.7405541234885665
203.0, 0.7698765275109658
204.0, 0.8080386750778092
205.0, 0.8538561402504491
206.0, 0.9061684672719648
207.0, 0.9639187978898347
208.0, 1.0261894473173463
209.0, 1.0922075304896557
210.0, 1.1613341347535935
211.0, 1.2330464964773882
212.0, 1.3069191490824126
213.0, 1.3162880427931343
214.0, 1.387633674040485
215.0, 1.4608660274476688
216.0, 1.4700022354279845
217.0, 1.4791496216851043
218.0, 1.488307980108446
219.0, 1.4974771093853676
220.0, 1.5066568128698743
221.0, 1.5158468984553277
222.0, 1.5250471784510289
223.0, 1.534257469462551
224.0, 1.543477592275701
225.0, 1.5527073717439928
226.0, 1.5619466366795178
227.0, 1.571195219747106
228.0, 1.5804529573616652
229.0, 1.5897196895886045
230.0, 1.5989952600472344
231.0, 1.5989952600472344
232.0, 1.5989952600472344
233.0, 1.5989952600472344
234.0, 1.5989952600472344
235.0, 1.5989952600472344
236.0, 1.5989952600472344
237.0, 1.5989952600472344
238.0, 1.5989952600472344
239.0, 1.5989952600472344
240.0, 1.5989952600472344
241.0, 1.5989952600472344
242.0, 1.5989952600472344
243.0, 1.5989952600472344
244.0, 1.5989952600472344
245.0, 1.5989952600472344
246.0, 1.5989952600472344
247.0, 1.5989952600472344
248.0, 1.5989952600472344
249.0, 1.5989952600472344
250.0, 1.5989952600472344
251.0, 1.5989952600472344
252.0, 1.5989952600472344
253.0, 1.5989952600472344
254.0, 1.5989952600472344
255.0, 1.5989952600472344
256.0, 1.5989952600472344
257.0, 1.5989952600472344
258.0, 1.5989952600472344
259.0, 1.5989952600472344
260.0, 1.5989952600472344
261.0, 1.5897196895886045
262.0, 1.5804529573616652
263.0, 1.571195219747106
264.0, 1.5619466366795178
265.0, 1.5527073717439928
266.0, 1.543477592275701
267.0, 1.534257469462551
268.0, 1.5250471784510289
269.0, 1.5158468984553277
270.0, 1.5066568128698743
271.0, 1.4974771093853676
272.0, 1.488307980108446
273.0, 1.4791496216851043
274.0, 1.4700022354279845
275.0, 1.4608660274476688
276.0, 1.4517412087881134
277.0, 1.442627995566352
278.0, 1.4335266091166172
279.0, 1.4244372761390234
280.0, 1.4153602288529636
281.0, 1.4062957051553717
282.0, 1.397243948784017
ee_dist
0.0, 0.8922543192929631
1.0, 0.8961336653440607
2.0, 0.9709465728761947
3.0, 1.0465360131989798
4.0, 1.0725317684579392
5.0, 1.097209939816881
6.0, 1.1324332433059694
7.0, 1.1692077389140958
8.0, 1.2057866724046338
9.0, 1.2414767166152523
10.0, 1.2769215979855775
11.0, 1.3098614665614934
12.0, 1.3413354199122518
13.0, 1.3699932091050004
14.0, 1.3977721955956892
15.0, 1.4225611543374108
16.0, 1.4468158332777226
17.0, 1.4680097378702197
18.0, 1.4891552175632254
19.0, 1.5073737787138757
20.0, 1.5259957468678436
21.0, 1.502679970678113
22.0, 1.4693502210055123
23.0, 1.4331316879363212
24.0, 1.3935312842712715
25.0, 1.350725271937238
26.0, 1.304717486825022
27.0, 1.2557113821404722
28.0, 1.2037324488859185
29.0, 1.1490532193322676
30.0, 1.0917313201632073
31.0, 1.032122707454883
32.0, 0.9703407385298666
33.0, 0.9068506678217887
34.0, 0.8418749770636292
35.0, 0.7760800747284582
36.0, 0.7099452251413051
37.0, 0.6445444894428717
38.0, 0.5806585265185817
39.0, 0.5207788042996352
40.0, 0.4666877337618556
41.0, 0.48241731844232555
42.0, 0.7051184033692242
43.0, 1.2093821711336834
44.0, 1.1693131918346351
45.0, 1.1280305413059446
46.0, 1.0837457107030566
47.0, 1.0377707795233935
48.0, 0.9890049467990102
49.0, 0.9384059751099479
50.0, 0.8858332126427703
51.0, 0.83216868206602
52.0, 0.777421502463834
53.0, 0.7217280918215505
54.0, 0.6651661934059525
55.0, 0.6078840984492487
56.0, 0.5507874187015792
57.0, 0.4941490188528915
58.0, 0.5467848382934257
59.0, 0.6214844882142425
60.0, 0.7050654225815189
61.0, 0.7969492572920438
62.0, 0.8917614722267698
63.0, 0.9843319119733425
64.0, 1.0706171313128503
65.0, 1.1371677206365571
66.0, 1.1934570141510068
67.0, 1.2509237206102728
68.0, 1.3037694250518201
69.0, 1.356167502575913
70.0, 1.4089566060863996
71.0, 1.4600834075388018
72.0, 1.5163389867896475
73.0, 1.5778719875487803
74.0, 1.6441456982423326
75.0, 1.7214914325395108
76.0, 1.808061867704732
77.0, 1.9039764324926751
78.0, 2.0040789725996175
79.0, 2.103201487037034
80.0, 2.1969537442946887
81.0, 2.275454224225721
82.0, 2.338962711322804
83.0, 2.4013545582324953
84.0, 2.4613176423883028
85.0, 2.5205845701130136
86.0, 2.569327093573807
87.0, 2.597660062772995
88.0, 2.6283082109336036
89.0, 2.6678931210513626
90.0, 2.718405081085038
91.0, 2.8023031258077715
92.0, 2.8961960329309706
93.0, 2.998564096544095
94.0, 3.105614761451634
95.0, 3.2137208072662453
96.0, 3.3161332338357323
97.0, 3.40574256287463
98.0, 3.4806548805328004
99.0, 3.559305622461196
100.0, 3.611083390009004
101.0, 3.6877610983996596
102.0, 3.7378587610438467
103.0, 3.798616009588912
104.0, 3.8631025315130567
105.0, 3.932998018231328
106.0, 4.007407373541139
107.0, 4.089329705334563
108.0, 4.180363882566102
109.0, 4.281205763362096
110.0, 4.387461172924866
111.0, 4.4967336773428155
112.0, 4.5993635697018975
113.0, 4.694792603368968
114.0, 4.768958098946979
115.0, 4.836443365721738
116.0, 4.881465704795868
117.0, 4.9266998284081795
118.0, 4.96977897377488
119.0, 5.012515761541211
120.0, 5.052577748973091
121.0, 5.0917979245413845
122.0, 5.127884995686335
123.0, 5.162696576021629
124.0, 5.193982653237079
125.0, 5.223624492954273
126.0, 5.24941661246626
127.0, 5.273264320827645
128.0, 5.293008826055361
129.0, 5.310573092332339
130.0, 5.323850511611292
131.0, 5.3347838850228495
132.0, 5.341316907856292
133.0, 5.345407475316498
134.0, 5.345053458517069
135.0, 5.3422306342850066
136.0, 5.334987538644001
137.0, 5.325316637777125
138.0, 5.311318730419226
139.0, 5.295004135710557
140.0, 5.273453321866722
141.0, 5.2739358612380505
142.0, 5.2734533742831085
143.0, 4.644123204693933
144.0, 4.6332056428225235
145.0, 4.623718820939833
146.0, 4.617822368570569
147.0, 4.6134226807981085
148.0, 4.6127507937377965
149.0, 4.613588294508713
150.0, 4.618165705598772
151.0, 4.535310354502308
152.0, 4.45361025739495
153.0, 4.37083462667099
154.0, 4.289217705824096
155.0, 4.206530901833047
156.0, 4.125007678213771
157.0, 4.042420903068599
158.0, 3.961002875141148
159.0, 3.8785289609904647
160.0, 3.797229888038983
161.0, 3.714884155191298
162.0, 3.633720061114076
163.0, 3.5439262022771865
164.0, 3.4708373095902503
165.0, 3.3699079005049852
166.0, 3.2923805282006797
167.0, 3.3167846368011897
168.0, 3.2366569773343623
169.0, 3.157080057434161
170.0, 3.0788104673714685
171.0, 2.9996673186437754
172.0, 2.921862256993403
173.0, 2.8432714090942803
174.0, 2.8561307842980743
175.0, 2.780983670732463
176.0, 2.707369188582294
177.0, 2.7222839075505383
178.0, 2.740395687976228
179.0, 2.7596609769773
180.0, 2.781660784428776
181.0, 2.7267182765103284
182.0, 2.7050789875471604
183.0, 2.6844500191074845
184.0, 2.6667428972718454
185.0, 2.6502756930423605
186.0, 2.637159653331472
187.0, 2.625474036743659
188.0, 2.547048290085879
189.0, 2.537659329775094
190.0, 2.4573210453559735
191.0, 2.3760491063615916
192.0, 2.2960645826548123
193.0, 2.2151882488503647
194.0, 2.135638913729923
195.0, 2.0552529204242775
196.0, 1.9762464734103213
197.0, 1.896477194096229
198.0, 1.8181590219805952
199.0, 1.7391786682862331
200.0, 1.661749044370308
201.0, 1.5837975515924183
202.0, 1.5075387542067789
203.0, 1.4309585879234592
204.0, 1.3562786793718014
205.0, 1.281571624212692
206.0, 1.209076812092855
207.0, 1.1369985921864811
208.0, 1.0676123044557828
209.0, 0.9993293643229746
210.0, 0.9344952907581006
211.0, 0.8718428455034386
212.0, 0.8138323883100294
213.0, 0.793133415212576
214.0, 0.7333406126576905
215.0, 0.677636045085252
216.0, 0.6569431656075225
217.0, 0.6377957703068774
218.0, 0.6223025020103551
219.0, 0.6088933389825854
220.0, 0.5998767157236511
221.0, 0.5933725744530849
222.0, 0.5916989702132076
223.0, 0.5927251680536654
224.0, 0.5985805775214474
225.0, 0.6070132468305048
226.0, 0.6198364069740344
227.0, 0.6348572395217608
228.0, 0.6535174894712349
229.0, 0.6531393871045027
230.0, 0.6535174894712349
231.0, 0.6531393871045027
232.0, 0.6535170384967706
233.0, 0.6531398380069181
234.0, 0.6535174894712349
235.0, 0.6531398380069181
236.0, 0.6535170384967706
237.0, 0.6531398380069181
238.0, 0.6535174894712349
239.0, 0.6531398380069181
240.0, 0.6535170384967706
241.0, 0.6531398380069181
242.0, 0.6535170384967706
243.0, 0.659841628590566
244.0, 0.6726990940994096
245.0, 0.6844900088458458
246.0, 0.6995801141892894
247.0, 0.7156581837726443
248.0, 0.7336096520927492
249.0, 0.7522803274852948
250.0, 0.7725514391125982
251.0, 0.7932514852388344
252.0, 0.8152607511088821
253.0, 0.837429253883719
254.0, 0.8605768057765473
255.0, 0.8836257633736943
256.0, 0.9073069095875039
257.0, 0.9306541030397798
258.0, 0.9543031711636923
259.0, 0.9774192520239959
260.0, 1.000573900588861
261.0, 1.0230040180495725
262.0, 1.0452618239849376
263.0, 1.023809454430308
264.0, 0.997867613160131
265.0, 0.9707604901158686
266.0, 0.9423120105545884
267.0, 0.9127286491128909
268.0, 0.8820662365329238
269.0, 0.8505639346989446
270.0, 0.818303864356045
271.0, 0.7855796785206859
272.0, 0.752516057340651
273.0, 0.7194785535937139
274.0, 0.6866570540499459
275.0, 0.6544927458231344
276.0, 0.623218939484393
277.0, 0.593342095640534
278.0, 0.5651368171987912
279.0, 0.5393575296922353
280.0, 0.5163534645744731
281.0, 0.4974445284918899
282.0, 0.48368201698406105
ee_box_dist
0.0, 0.9156933820119512
1.0, 0.9481220885638673
2.0, 0.9792299714931816
3.0, 1.0120796244639778
4.0, 1.0467091378730924
5.0, 1.0823404642960421
6.0, 1.119723850761854
7.0, 1.1541206528058652
8.0, 1.1870492510652735
9.0, 1.2186220562610532
10.0, 1.2495337701387565
11.0, 1.2780457635768845
12.0, 1.3051567336901198
13.0, 1.3297115875795347
14.0, 1.3536632925092116
15.0, 1.374849277079314
16.0, 1.3957527902067737
17.0, 1.4138459184469852
18.0, 1.4321260583249344
19.0, 1.447672577780518
20.0, 1.4637952880408334
21.0, 1.4388649278068963
22.0, 1.403920337387041
23.0, 1.3660173965844082
24.0, 1.3248052403471937
25.0, 1.2804645370017587
26.0, 1.2329606357781209
27.0, 1.1826222223320126
28.0, 1.1294504452834202
29.0, 1.073711709704701
30.0, 1.0155602790850926
31.0, 0.9553209727931011
32.0, 0.8931840236108068
33.0, 0.8296032931870273
34.0, 0.7648590514072611
35.0, 0.699700279149369
36.0, 0.6347099193139779
37.0, 0.571302464057502
38.0, 0.5044661426680189
39.0, 0.4400699256862591
40.0, 0.38842958535086813
41.0, 0.40265199074850755
42.0, 0.41719980632329984
43.0, 0.4316566180680136
44.0, 0.44641731235513665
45.0, 0.4609715694294778
46.0, 0.47574454740623257
47.0, 0.49026212515927414
48.0, 0.5048705165779069
49.0, 0.5192504877243511
50.0, 0.5335483273017372
51.0, 0.5476702578126732
52.0, 0.5615795839047909
53.0, 0.5753261102282414
54.0, 0.5888216756787193
55.0, 0.6021577688908077
56.0, 0.615244404317527
57.0, 0.6281607992850587
58.0, 0.6408145852637822
59.0, 0.653257952131331
60.0, 0.6653749136742384
61.0, 0.677414509226998
62.0, 0.6890732171138424
63.0, 0.7004056376508278
64.0, 0.7114174442897074
65.0, 0.7221233505218825
66.0, 0.7324802713961046
67.0, 0.7425079812257668
68.0, 0.7521672374844434
69.0, 0.761481202474903
70.0, 0.7704138420658497
71.0, 0.7789847171937693
72.0, 0.7871600582767705
73.0, 0.7949562114539723
74.0, 0.8023425265342454
75.0, 0.8093320788976864
76.0, 0.8158967642568618
77.0, 0.8220464269313241
78.0, 0.8277557941568433
79.0, 0.8330311075014943
80.0, 0.8378478828714431
81.0, 0.8422120252154536
82.0, 0.8460985388336764
83.0, 0.8495123400442021
84.0, 0.8524291243929341
85.0, 0.8548555185493725
86.0, 0.8733900519823031
87.0, 0.9166101634550151
88.0, 0.9554104866488164
89.0, 0.9891333106735862
90.0, 1.0151707210356153
91.0, 1.0145221212325854
92.0, 1.0143854626235451
93.0, 1.0138781540002817
94.0, 1.0144327711104826
95.0, 1.0138925235991127
96.0, 1.0130975296933513
97.0, 1.0136184485345345
98.0, 1.0102826881026432
99.0, 0.9978108372793466
100.0, 1.0129662227672076
101.0, 0.9986664684533288
102.0, 1.0118414471340722
103.0, 1.0152156514212392
104.0, 1.014527266438367
105.0, 1.014358228888687
106.0, 1.0144959064648442
107.0, 1.0139852072412199
108.0, 1.014537081278968
109.0, 1.0139976325279851
110.0, 1.0145366502526192
111.0, 1.0139980928050383
112.0, 1.0145374691402962
113.0, 1.0139988024513202
114.0, 1.0145382917598824
115.0, 1.0139996937594058
116.0, 1.0145391548698568
117.0, 1.0140006010581064
118.0, 1.0145400744549156
119.0, 1.014001504611817
120.0, 1.014541038262201
121.0, 1.014002553090907
122.0, 1.014541957847384
123.0, 1.0140034321537066
124.0, 1.014542849195113
125.0, 1.0140042105178468
126.0, 1.0145437000524744
127.0, 1.0140051018262841
128.0, 1.0145445914003115
129.0, 1.0140059648987179
130.0, 1.0145454827482103
131.0, 1.0140069126794125
132.0, 1.0145463618432302
133.0, 1.014007932922793
134.0, 1.014547366141364
135.0, 1.014008711287189
136.0, 1.0145482574894444
137.0, 1.014009646822458
138.0, 1.0145491206000505
139.0, 1.01401062283948
140.0, 1.014550056170338
141.0, 1.0140114454305418
142.0, 1.0145509192810527
143.0, 1.7386301253128758
144.0, 1.7377805289144652
145.0, 1.7361251521893908
146.0, 1.7315561047398211
147.0, 1.7261984369952446
148.0, 1.7179801053288568
149.0, 1.7089991462277336
150.0, 1.697258200776867
151.0, 1.7717809542588032
152.0, 1.8461028527448196
153.0, 1.9221296856100525
154.0, 1.9977642773833566
155.0, 2.074973295713278
156.0, 2.151646920115272
157.0, 2.2297985584756046
158.0, 2.3073064070418963
159.0, 2.386219831195406
160.0, 2.464406068714926
161.0, 2.5439425161622733
162.0, 2.622687218632264
163.0, 2.7094948054316084
164.0, 2.7816773551715435
165.0, 2.8793036653254123
166.0, 2.9558053309250636
167.0, 2.9328542044449635
168.0, 3.0123792685347217
169.0, 3.091836855666403
170.0, 3.1704671165182905
171.0, 3.2503889782034023
172.0, 3.329443578312676
173.0, 3.409766069402061
174.0, 3.3999401936924363
175.0, 3.4786336070423394
176.0, 3.556556004116042
177.0, 3.5461271870138793
178.0, 3.5326441722591864
179.0, 3.5182240978486434
180.0, 3.500987341553726
181.0, 3.5689720798048827
182.0, 3.584861248001373
183.0, 3.5998355006534117
184.0, 3.6118704764612244
185.0, 3.6228961394686867
186.0, 3.630792914441957
187.0, 3.637655907484412
188.0, 3.718854458263051
189.0, 3.7234487256334843
190.0, 3.8053823280668433
191.0, 3.8884605415403115
192.0, 3.970453132255836
193.0, 4.053582258423027
194.0, 4.135639348780233
195.0, 4.21884962344316
196.0, 4.300961835177685
197.0, 4.384201383317876
198.0, 4.466351781729016
199.0, 4.549634892746643
200.0, 4.631865700389319
201.0, 4.7152227866878125
202.0, 4.797490493795141
203.0, 4.880883726689601
204.0, 4.963185048703683
205.0, 5.0466109037065685
206.0, 5.128942394026099
207.0, 5.212397641610973
208.0, 5.294757263353228
209.0, 5.378239524882509
210.0, 5.460623811329642
211.0, 5.544129945895935
212.0, 5.626537113143686
213.0, 5.628231324105901
214.0, 5.710707824716946
215.0, 5.794301272087919
216.0, 5.792627927977098
217.0, 5.789769001798112
218.0, 5.783565607185367
219.0, 5.776191326649653
220.0, 5.765602285126489
221.0, 5.753882859801952
222.0, 5.739156164553612
223.0, 5.723363043256618
224.0, 5.704846977076466
225.0, 5.685356197046745
226.0, 5.663493378002498
227.0, 5.6407744413964105
228.0, 5.61610016754892
229.0, 5.61635297594824
230.0, 5.616100278047923
231.0, 5.616353165729092
232.0, 5.616100811341119
233.0, 5.616352822192798
234.0, 5.616100467820837
235.0, 5.6163528269925695
236.0, 5.6161009218401245
237.0, 5.616352937495816
238.0, 5.616100688818847
239.0, 5.6163530479990635
240.0, 5.616101248536691
241.0, 5.616353184928181
242.0, 5.616101359035701
243.0, 5.61482499378919
244.0, 5.614493991204319
245.0, 5.614682711245711
246.0, 5.613231094736624
247.0, 5.6111186034472045
248.0, 5.607855979463314
249.0, 5.603819769015134
250.0, 5.598575464918545
251.0, 5.592572502020818
252.0, 5.5853767766077524
253.0, 5.577541884244004
254.0, 5.568603834368972
255.0, 5.559212545285353
256.0, 5.548856411310843
257.0, 5.538255866583227
258.0, 5.526858229979092
259.0, 5.515422626213344
260.0, 5.503350990882092
261.0, 5.491459385289458
262.0, 5.479095085557837
263.0, 5.4994848163505905
264.0, 5.525181331717459
265.0, 5.551206281972828
266.0, 5.577633331737115
267.0, 5.60423938334027
268.0, 5.630824930551329
269.0, 5.6571826697186305
270.0, 5.683116493922579
271.0, 5.708429600511233
272.0, 5.732936148160364
273.0, 5.756451819095969
274.0, 5.778805397932698
275.0, 5.799852180831031
276.0, 5.819496061230986
277.0, 5.837653420840317
278.0, 5.854312899787096
279.0, 5.869258847174467
280.0, 5.882536121877701
281.0, 5.893515070090348
282.0, 5.905018504874139
spot_hold
0, 0
1, 0
2, 0
3, 0
4, 0
5, 0
6, 0
7, 0
8, 0
9, 0
10, 0
11, 0
12, 0
13, 0
14, 0
15, 0
16, 0
17, 0
18, 0
19, 0
20, 0
21, 0
22, 0
23, 0
24, 0
25, 0
26, 0
27, 0
28, 0
29, 0
30, 0
31, 0
32, 0
33, 0
34, 0
35, 0
36, 0
37, 0
38, 0
39, 0
40, 0
41, 1
42, 1
43, 1
44, 1
45, 1
46, 1
47, 1
48, 1
49, 1
50, 1
51, 1
52, 1
53, 1
54, 1
55, 1
56, 1
57, 1
58, 1
59, 1
60, 1
61, 1
62, 1
63, 1
64, 1
65, 1
66, 1
67, 1
68, 1
69, 1
70, 1
71, 1
72, 1
73, 1
74, 1
75, 1
76, 1
77, 1
78, 1
79, 1
80, 1
81, 1
82, 1
83, 1
84, 1
85, 1
86, 1
87, 1
88, 1
89, 1
90, 1
91, 1
92, 1
93, 1
94, 1
95, 1
96, 1
97, 1
98, 1
99, 1
100, 1
101, 1
102, 1
103, 1
104, 1
105, 1
106, 1
107, 1
108, 1
109, 1
110, 1
111, 1
112, 1
113, 1
114, 1
115, 1
116, 1
117, 1
118, 1
119, 1
120, 1
121, 1
122, 1
123, 1
124, 1
125, 1
126, 1
127, 1
128, 1
129, 1
130, 1
131, 1
132, 1
133, 1
134, 1
135, 1
136, 1
137, 1
138, 1
139, 1
140, 1
141, 1
142, 1
143, 1
144, 1
145, 1
146, 1
147, 1
148, 1
149, 1
150, 1
151, 1
152, 1
153, 1
154, 1
155, 1
156, 1
157, 1
158, 1
159, 1
160, 1
161, 1
162, 1
163, 1
164, 1
165, 1
166, 1
167, 1
168, 1
169, 1
170, 1
171, 1
172, 1
173, 1
174, 1
175, 1
176, 1
177, 1
178, 1
179, 1
180, 1
181, 1
182, 1
183, 1
184, 1
185, 1
186, 1
187, 1
188, 1
189, 1
190, 1
191, 1
192, 1
193, 1
194, 1
195, 1
196, 1
197, 1
198, 1
199, 1
200, 1
201, 1
202, 1
203, 1
204, 1
205, 1
206, 1
207, 1
208, 1
209, 1
210, 1
211, 1
212, 1
213, 1
214, 1
215, 1
216, 1
217, 1
218, 1
219, 1
220, 1
221, 1
222, 1
223, 1
224, 1
225, 1
226, 1
227, 1
228, 1
229, 1
230, 1
231, 1
232, 1
233, 1
234, 1
235, 1
236, 1
237, 1
238, 1
239, 1
240, 1
241, 1
242, 1
243, 1
244, 1
245, 1
246, 1
247, 1
248, 1
249, 1
250, 1
251, 1
252, 1
253, 1
254, 1
255, 1
256, 1
257, 1
258, 1
259, 1
260, 1
261, 1
262, 1
263, 1
264, 1
265, 1
266, 1
267, 1
268, 1
269, 1
270, 1
271, 1
272, 1
273, 1
274, 1
275, 1
276, 1
277, 1
278, 1
279, 1
280, 1
281, 1
282, 1
