bot_dist
0.0, 4.084098207731665
1.0, 4.091383862474013
2.0, 4.098680964584468
3.0, 4.105989453030767
4.0, 4.113309267119512
5.0, 4.120640346494845
6.0, 4.127982631137099
7.0, 4.135336061361461
8.0, 4.142700577816602
9.0, 4.150076121483319
10.0, 4.157462633673161
11.0, 4.164860056027051
12.0, 4.172268330513901
13.0, 4.179687399429218
14.0, 4.1871172053937125
15.0, 4.194557691351885
16.0, 4.202008800570624
17.0, 4.2094704766377955
18.0, 4.216942663460818
19.0, 4.2244253052652425
20.0, 4.231918346593325
21.0, 4.239421732302599
22.0, 4.246935407564433
23.0, 4.254459317862603
24.0, 4.26199340899184
25.0, 4.269537627056399
26.0, 4.277091918468601
27.0, 4.28465622994739
28.0, 4.29223050851688
29.0, 4.2998147015049035
30.0, 4.3074087565415535
31.0, 4.315012621557733
32.0, 4.322626244783691
33.0, 4.330249574747568
34.0, 4.337882560273937
35.0, 4.345525150482342
36.0, 4.3531772947858345
37.0, 4.360838942889519
38.0, 4.368510044789089
39.0, 4.376190550769368
40.0, 4.383880411402843
41.0, 4.391579577548214
42.0, 4.399288000348927
43.0, 4.407005631231723
44.0, 4.414732421905171
45.0, 4.422468324358221
46.0, 4.430213290858743
47.0, 4.437967273952077
48.0, 4.445730226459577
49.0, 4.453502101477168
50.0, 4.461282852373891
51.0, 4.4690724327904565
52.0, 4.476870796637807
53.0, 4.4846778980956685
54.0, 4.4924936916111164
55.0, 4.5003181318971315
56.0, 4.508151173931175
57.0, 4.5159927729537515
58.0, 4.523842884466979
59.0, 4.53170146423317
60.0, 4.539568468273401
61.0, 4.547443852866103
62.0, 4.555327574545637
63.0, 4.563219590100886
64.0, 4.571119856573845
65.0, 4.5790283312582165
66.0, 4.58694497169801
67.0, 4.594869735686143
68.0, 4.602802581263044
69.0, 4.610743466715275
70.0, 4.618692350574127
71.0, 4.626649191614257
72.0, 4.634613948852299
73.0, 4.642586581545492
74.0, 4.650567049190319
75.0, 4.658555311521135
76.0, 4.66655132850881
77.0, 4.674555060359372
78.0, 4.682566467512665
79.0, 4.690585510640989
80.0, 4.69861215064777
81.0, 4.70664634866622
82.0, 4.714688066058008
83.0, 4.722737264411928
84.0, 4.730793905542584
85.0, 4.738857951489071
86.0, 4.746929364513659
87.0, 4.755008107100496
88.0, 4.763094141954299
89.0, 4.771187431999063
90.0, 4.779287940376767
91.0, 4.787395630446089
92.0, 4.795510465781129
93.0, 4.803632410170132
94.0, 4.811761427614218
95.0, 4.819897482326118
96.0, 4.828040538728918
97.0, 4.836190561454801
98.0, 4.8443475153438085
99.0, 4.852511365442588
100.0, 4.860682077003162
101.0, 4.860682077003162
102.0, 4.860682077003162
103.0, 4.860682077003162
104.0, 4.860682077003162
105.0, 4.860682077003162
106.0, 4.860682077003162
107.0, 4.860682077003162
108.0, 4.860682077003162
109.0, 4.860682077003162
110.0, 4.860682077003162
111.0, 4.860682077003162
112.0, 4.860682077003162
113.0, 4.860682077003162
114.0, 4.860682077003162
115.0, 4.860682077003162
116.0, 4.860682077003162
117.0, 4.860682077003162
118.0, 4.860682077003162
119.0, 4.860682077003162
120.0, 4.860682077003162
121.0, 4.860682077003162
122.0, 4.860682077003162
123.0, 4.860682077003162
124.0, 4.860682077003162
125.0, 4.860682077003162
126.0, 4.860682077003162
127.0, 4.860682077003162
128.0, 4.860682077003162
129.0, 4.860682077003162
130.0, 4.860682077003162
131.0, 4.852511365442588
132.0, 4.8443475153438085
133.0, 4.836190561454801
134.0, 4.828040538728918
135.0, 4.819897482326118
136.0, 4.811761427614218
137.0, 4.803632410170132
138.0, 4.795510465781129
139.0, 4.787395630446089
140.0, 4.779287940376767
141.0, 4.771187431999063
142.0, 4.763094141954299
143.0, 4.758420599612357
144.0, 4.7503476605303145
145.0, 4.742282065484399
146.0, 4.7342238520102375
147.0, 4.726173057864984
148.0, 4.718129721028618
149.0, 4.710093879705249
150.0, 4.702065572324426
151.0, 4.613702585153361
152.0, 4.525398837692257
153.0, 4.437157831750649
154.0, 4.3489834238904255
155.0, 4.260879748644537
156.0, 4.172851286263681
157.0, 4.084902899196463
158.0, 3.99703987322903
159.0, 3.9092679639837553
160.0, 3.82159344959724
161.0, 3.73402319054224
162.0, 3.6465646977309807
163.0, 3.559226210245186
164.0, 3.4720167842887304
165.0, 3.384946395261952
166.0, 3.2980260552243954
167.0, 3.2895772721974645
168.0, 3.200702408885756
169.0, 3.11191854166942
170.0, 3.023233549227097
171.0, 2.934656395526758
172.0, 2.8461971488088156
173.0, 2.7578671547803477
174.0, 2.749253758153699
175.0, 2.659291220350438
176.0, 2.5694009741796937
177.0, 2.5607528950787435
178.0, 2.5521146942900717
179.0, 2.5434864724599917
180.0, 2.5348683314880818
181.0, 2.4438420120880346
182.0, 2.435268101621521
183.0, 2.426705106337112
184.0, 2.4181531421910547
185.0, 2.4096123266353153
186.0, 2.4010827786387905
187.0, 2.3925646187088074
188.0, 2.3062840756709444
189.0, 2.297726014352731
190.0, 2.2144835332580484
191.0, 2.1317264974140073
192.0, 2.049513484252266
193.0, 1.9679126774670832
194.0, 1.8870035007355959
195.0, 1.8068788667450986
196.0, 1.7276479352115228
197.0, 1.6494394983266754
198.0, 1.5724061342059812
199.0, 1.4967292890786803
200.0, 1.4226254603135262
201.0, 1.350353641653735
202.0, 1.280224135209012
203.0, 1.2126086907427105
204.0, 1.1479516361793154
205.0, 1.0867811200042596
206.0, 1.0297186840285977
207.0, 0.9774840435149771
208.0, 0.9308902535015183
209.0, 0.8908228749031882
210.0, 0.8581965080833006
211.0, 0.8338849154432955
212.0, 0.8186294121209059
213.0, 0.8103655974408708
214.0, 0.8120205671066557
215.0, 0.8232567574504884
216.0, 0.8163886217345094
217.0, 0.8095857424175538
218.0, 0.8028497783349774
219.0, 0.7961824278629824
220.0, 0.7895854291472169
221.0, 0.7830605602531175
222.0, 0.7766096392298957
223.0, 0.7702345240796347
224.0, 0.7639371126225669
225.0, 0.7577193422491987
226.0, 0.7515831895495948
227.0, 0.7455306698098052
228.0, 0.7395638363651253
229.0, 0.7336847797996612
230.0, 0.7278956269814946
231.0, 0.7278956269814946
232.0, 0.7278956269814946
233.0, 0.7278956269814946
234.0, 0.7278956269814946
235.0, 0.7278956269814946
236.0, 0.7278956269814946
237.0, 0.7278956269814946
238.0, 0.7278956269814946
239.0, 0.7278956269814946
240.0, 0.7278956269814946
241.0, 0.7278956269814946
242.0, 0.7278956269814946
243.0, 0.7278956269814946
244.0, 0.7278956269814946
245.0, 0.7278956269814946
246.0, 0.7278956269814946
247.0, 0.7278956269814946
248.0, 0.7278956269814946
249.0, 0.7278956269814946
250.0, 0.7278956269814946
251.0, 0.7278956269814946
252.0, 0.7278956269814946
253.0, 0.7278956269814946
254.0, 0.7278956269814946
255.0, 0.7278956269814946
256.0, 0.7278956269814946
257.0, 0.7278956269814946
258.0, 0.7278956269814946
259.0, 0.7278956269814946
260.0, 0.7278956269814946
261.0, 0.7336847797996612
262.0, 0.7395638363651253
263.0, 0.7455306698098052
264.0, 0.7515831895495948
265.0, 0.7577193422491987
266.0, 0.7639371126225669
267.0, 0.7702345240796347
268.0, 0.7766096392298957
269.0, 0.7830605602531175
270.0, 0.7895854291472169
271.0, 0.7961824278629824
272.0, 0.8028497783349774
273.0, 0.8095857424175538
274.0, 0.8163886217345094
275.0, 0.8232567574504884
276.0, 0.8301885299718029
277.0, 0.8371823585839137
278.0, 0.8442367010323801
279.0, 0.8513500530536653
280.0, 0.858520947861758
281.0, 0.8657479555961739
282.0, 0.8730296827364968
ee_dist
0.0, 0.9335518476346467
1.0, 0.9455659676796144
2.0, 1.0254986498008294
3.0, 1.1035970393846
4.0, 1.1304549772268173
5.0, 1.1557558224442253
6.0, 1.1904086796880882
7.0, 1.2270930477079376
8.0, 1.2637989932951714
9.0, 1.3019013362916436
10.0, 1.343876292780689
11.0, 1.3822147050078502
12.0, 1.422866949341967
13.0, 1.4647654485117907
14.0, 1.5051354428075097
15.0, 1.5397012716907255
16.0, 1.5706265316208272
17.0, 1.5979117791331934
18.0, 1.6223276108769977
19.0, 1.6432696419650332
20.0, 1.6622703733899837
21.0, 1.6341688417322997
22.0, 1.597246141257592
23.0, 1.5569467087056192
24.0, 1.5128997203672405
25.0, 1.4653183477452625
26.0, 1.4142446996098794
27.0, 1.359936561224184
28.0, 1.3024615252910692
29.0, 1.2421619369455974
30.0, 1.179147147126298
31.0, 1.1138622605739408
32.0, 1.0464919687897842
33.0, 0.9776178864720662
34.0, 0.9075704309301285
35.0, 0.8371743656412203
36.0, 0.7670864688167746
37.0, 0.6986175126005194
38.0, 0.631141011649912
39.0, 0.5713024079025132
40.0, 0.5191604397274632
41.0, 0.534457783098827
42.0, 0.7120348017248981
43.0, 1.1602081320447948
44.0, 1.1193076776395445
45.0, 1.0772951644581183
46.0, 1.0323005165296069
47.0, 0.9857029569557928
48.0, 0.9363474470322614
49.0, 0.8852519884324994
50.0, 0.832239234841936
51.0, 0.7782427505223871
52.0, 0.7232745682395552
53.0, 0.6674852178445809
54.0, 0.6109855346903252
55.0, 0.553959280516848
56.0, 0.49740227311433577
57.0, 0.44167626444769265
58.0, 0.49099621381494246
59.0, 0.5643670520867768
60.0, 0.6468790933305669
61.0, 0.7381174123011954
62.0, 0.8325219023994952
63.0, 0.9249431197171563
64.0, 1.011239709892127
65.0, 1.0780046020164133
66.0, 1.1347493030997475
67.0, 1.1925715552846958
68.0, 1.2456567500999955
69.0, 1.2981922353265383
70.0, 1.3509871614874145
71.0, 1.4020887794950867
72.0, 1.458038033336999
73.0, 1.5193686660076493
74.0, 1.5854049048259409
75.0, 1.6625277849724147
76.0, 1.7488846426043927
77.0, 1.8446061832334903
78.0, 1.9445671920658605
79.0, 2.043622384142966
80.0, 2.137367543901148
81.0, 2.215947156458101
82.0, 2.2796042119453817
83.0, 2.3421892961175805
84.0, 2.40216111894132
85.0, 2.4618146733996507
86.0, 2.5209553844384747
87.0, 2.5637700137746724
88.0, 2.6352269806963484
89.0, 2.683866169583062
90.0, 2.7176769034945054
91.0, 2.8024418844701584
92.0, 2.896539675411134
93.0, 2.998060858779817
94.0, 3.106104099264683
95.0, 3.2132528067951065
96.0, 3.3189910329343153
97.0, 3.4064567417787655
98.0, 3.477141305009675
99.0, 3.5449423480640063
100.0, 3.610069370679463
101.0, 3.673880855681683
102.0, 3.737005438325619
103.0, 3.81519366696178
104.0, 3.862675639202082
105.0, 3.9334466920534843
106.0, 4.007426883335368
107.0, 4.089152691295928
108.0, 4.180471838409961
109.0, 4.280746255390025
110.0, 4.387922187504833
111.0, 4.496258233550773
112.0, 4.599854094808835
113.0, 4.694278683246573
114.0, 4.769431957984954
115.0, 4.8376037357836985
116.0, 4.902631839108766
117.0, 4.947088799637504
118.0, 4.990042421131347
119.0, 5.032335062784831
120.0, 5.073721543910214
121.0, 5.112921070955013
122.0, 5.151170551500241
123.0, 5.1866347519432985
124.0, 5.220817311419216
125.0, 5.251737751863855
126.0, 5.281079188498082
127.0, 5.3067736574778
128.0, 5.330632112535346
129.0, 5.350537158590631
130.0, 5.368414048082203
131.0, 5.382105280940218
132.0, 5.393632316230993
133.0, 5.400824106111909
134.0, 5.405768073495758
135.0, 5.406323740240387
136.0, 5.404569673690524
137.0, 5.398447505142292
138.0, 5.390070586643567
139.0, 5.377402355235422
140.0, 5.362558221846008
141.0, 5.343577377531144
142.0, 5.338296567023783
143.0, 4.599195709470003
144.0, 4.584541703071553
145.0, 4.573887473626274
146.0, 4.565109678207592
147.0, 4.560570841689555
148.0, 4.558001380441518
149.0, 4.559757138381726
150.0, 4.563465062092214
151.0, 4.481675927987634
152.0, 4.398763102979938
153.0, 4.31705500806187
154.0, 4.210804160253623
155.0, 4.152803660465343
156.0, 4.070121885372136
157.0, 3.9877321794007696
158.0, 3.905983170049193
159.0, 3.8240355379808286
160.0, 3.741709582876109
161.0, 3.660267422211281
162.0, 3.577989738668344
163.0, 3.496731757337464
164.0, 3.4145613770147807
165.0, 3.333487535050353
166.0, 3.251455680054907
167.0, 3.2614557762625522
168.0, 3.181507846681713
169.0, 3.1028609397636138
170.0, 3.023321759108711
171.0, 2.9451524557940507
172.0, 2.866097981660708
173.0, 2.7884600804528157
174.0, 2.8021496507471864
175.0, 2.727955404313109
176.0, 2.653188195032101
177.0, 2.6716705784027104
178.0, 2.691842514376539
179.0, 2.715462430697014
180.0, 2.7404692392144474
181.0, 2.686599122554014
182.0, 2.660216276448006
183.0, 2.636919179597897
184.0, 2.615127655567417
185.0, 2.596996654011517
186.0, 2.5806579184560223
187.0, 2.568434062068634
188.0, 2.488722021153597
189.0, 2.4793246066870034
190.0, 2.397677033121605
191.0, 2.317366429280708
192.0, 2.2360540141799734
193.0, 2.156116476369534
194.0, 2.075229930758563
195.0, 1.995765963505931
196.0, 1.9154043919122463
197.0, 1.8365312733537236
198.0, 1.7568510524983134
199.0, 1.6787489292172009
200.0, 1.59994737989716
201.0, 1.5228525416331586
202.0, 1.4452315325464835
203.0, 1.3695023917293423
204.0, 1.2934881124747957
205.0, 1.219645000714796
206.0, 1.1458994243168419
207.0, 1.0747549869166584
208.0, 1.0042977733399836
209.0, 0.9371279467844825
210.0, 0.8716067323233644
211.0, 0.8104830873356512
212.0, 0.7525544095871569
213.0, 0.728912988456962
214.0, 0.6692135712364335
215.0, 0.616111914468682
216.0, 0.5903231053519629
217.0, 0.5685766329064847
218.0, 0.549250342619391
219.0, 0.5351912814080906
220.0, 0.524344896781803
221.0, 0.5196688708879033
222.0, 0.5186594154780798
223.0, 0.5240431200400503
224.0, 0.5329640723500807
225.0, 0.5477118079512688
226.0, 0.5653760444580264
227.0, 0.5877640628939311
228.0, 0.6122240411522993
229.0, 0.6126734423255548
230.0, 0.6122241031179173
231.0, 0.612675284260256
232.0, 0.6122240411522993
233.0, 0.6126734112791268
234.0, 0.6122241031179173
235.0, 0.612675284260256
236.0, 0.6122235768417398
237.0, 0.6126733957025933
238.0, 0.6085894775770716
239.0, 0.6123677056109581
240.0, 0.6124322721589063
241.0, 0.6122059498919412
242.0, 0.6124697760199311
243.0, 0.6270179361306573
244.0, 0.6452464783205681
245.0, 0.6642283309963816
246.0, 0.6840300256563119
247.0, 0.7044919331119265
248.0, 0.7258571737291029
249.0, 0.7474684851889554
250.0, 0.7699698857450773
251.0, 0.7924108834636838
252.0, 0.8156304825902988
253.0, 0.838502862500524
254.0, 0.8619464214176437
255.0, 0.8847655986144862
256.0, 0.9079065833295153
257.0, 0.9301844691387496
258.0, 0.9525579371655772
259.0, 0.9738873874662398
260.0, 0.9951482231890334
261.0, 1.0152407894485067
262.0, 1.0351767954808182
263.0, 1.0155025243151976
264.0, 0.9909537749646773
265.0, 0.9653084519221256
266.0, 0.9383722823113967
267.0, 0.9103656967732018
268.0, 0.8813309054937128
269.0, 0.8515230280995206
270.0, 0.8210327760674033
271.0, 0.7901496753990578
272.0, 0.7590109722000316
273.0, 0.7279827177962447
274.0, 0.6972602582387576
275.0, 0.6672774623729498
276.0, 0.6382634631360048
277.0, 0.6062291004504459
278.0, 0.5800673658860377
279.0, 0.5564294345444437
280.0, 0.5354657092343283
281.0, 0.52362558283183
282.0, 0.5179672166378781
ee_box_dist
0.0, 0.8884078951082318
1.0, 0.9232540555628315
2.0, 0.9539454073303598
3.0, 0.9869458046111775
4.0, 1.0217311531923183
5.0, 1.0579630912845914
6.0, 1.0953456996763486
7.0, 1.130558548761941
8.0, 1.1641455231992035
9.0, 1.1986582632351377
10.0, 1.236625796109561
11.0, 1.2709107706155716
12.0, 1.3075569477651805
13.0, 1.345599315182449
14.0, 1.382275631616991
15.0, 1.4133453128215432
16.0, 1.4409530742318948
17.0, 1.465155244741836
18.0, 1.486717030289454
19.0, 1.5050700581822012
20.0, 1.5217052417165853
21.0, 1.492929460707317
22.0, 1.4555822596248735
23.0, 1.4148846520251541
24.0, 1.370495750747698
25.0, 1.3226427078804797
26.0, 1.271374391867886
27.0, 1.2169525462499124
28.0, 1.1594399589198692
29.0, 1.0991706760046598
30.0, 1.0362342243233953
31.0, 0.9710525785732198
32.0, 0.9037678516188149
33.0, 0.8349069384586891
34.0, 0.7647227657700383
35.0, 0.6939903041744027
36.0, 0.6233014384178279
37.0, 0.5540686168087451
38.0, 0.48074319732043175
39.0, 0.4159199477016182
40.0, 0.36151664446544557
41.0, 0.3761332144887983
42.0, 0.39091730902937927
43.0, 0.40570589190610284
44.0, 0.4206270835413768
45.0, 0.43545489502655677
46.0, 0.45034134269298554
47.0, 0.46507758181908754
48.0, 0.4797840625959027
49.0, 0.4943267064331639
50.0, 0.5087330770579016
51.0, 0.522979749311526
52.0, 0.5370071961358698
53.0, 0.5508644954575965
54.0, 0.5644687961854723
55.0, 0.5778891806051041
56.0, 0.5910464420003095
57.0, 0.6040004387467605
58.0, 0.6166735402982801
59.0, 0.6291118011713558
60.0, 0.6412521454191932
61.0, 0.6531272019485254
62.0, 0.6646875544707808
63.0, 0.6759597986624387
64.0, 0.6868984307079442
65.0, 0.6975274687619977
66.0, 0.7078023866348327
67.0, 0.7177471741064527
68.0, 0.7273211761433921
69.0, 0.7365485543923006
70.0, 0.745392706985979
71.0, 0.7538739229076912
72.0, 0.7619581210722861
73.0, 0.7696625057490771
74.0, 0.7769564812606773
75.0, 0.7838533113857111
76.0, 0.790324850775671
77.0, 0.7963816246208829
78.0, 0.8019972676830457
79.0, 0.8071796556664955
80.0, 0.8119034072031984
81.0, 0.8161743539147153
82.0, 0.8199676368219097
83.0, 0.823288677907676
84.0, 0.8262704284149396
85.0, 0.8281377149883733
86.0, 0.8314510582756972
87.0, 0.85693912730058
88.0, 0.848058750224527
89.0, 0.8796451514102184
90.0, 0.9284897833507393
91.0, 0.9267794746994844
92.0, 0.9264460396066844
93.0, 0.926948029903167
94.0, 0.9264354633021705
95.0, 0.9269987456021491
96.0, 0.9220195807127081
97.0, 0.9253553159127718
98.0, 0.9267370532931937
99.0, 0.9263558723745711
100.0, 0.9267879711767637
101.0, 0.9267932897187664
102.0, 0.9264482550352069
103.0, 0.9056090168732134
104.0, 0.9273828989062376
105.0, 0.9260703083709126
106.0, 0.9268131579708139
107.0, 0.9264856734504671
108.0, 0.9267994557406993
109.0, 0.9268936572722478
110.0, 0.9264429144159982
111.0, 0.9269747403111315
112.0, 0.926437320466126
113.0, 0.9270179114135202
114.0, 0.9264369133515051
115.0, 0.9244279595941557
116.0, 0.9269521962327215
117.0, 0.9263892236963239
118.0, 0.926799470062385
119.0, 0.9268299934122979
120.0, 0.9264538939540218
121.0, 0.9269295121291562
122.0, 0.9264457353410004
123.0, 0.9269875146979767
124.0, 0.9264414448334296
125.0, 0.927027877382502
126.0, 0.9264401031176226
127.0, 0.9270550026242592
128.0, 0.9264336762383428
129.0, 0.9270775300641114
130.0, 0.926428154700811
131.0, 0.9270958189316103
132.0, 0.9264239370976507
133.0, 0.9271052346460605
134.0, 0.9264213839159858
135.0, 0.927088192117188
136.0, 0.9264243446705497
137.0, 0.9271040624673063
138.0, 0.9264216613191409
139.0, 0.9270890980511499
140.0, 0.9264242710537268
141.0, 0.9271030829016541
142.0, 0.9264219328707959
143.0, 1.774681911887929
144.0, 1.7739360714075885
145.0, 1.77018973531774
146.0, 1.7652285510693133
147.0, 1.7573096479654235
148.0, 1.7481796510387977
149.0, 1.7361892719931835
150.0, 1.7230282311072342
151.0, 1.7963761342690454
152.0, 1.8713251369241823
153.0, 1.9461675596785815
154.0, 2.0390648958937208
155.0, 2.0983579196856987
156.0, 2.1756957659499925
157.0, 2.2533438096450262
158.0, 2.3308986805743848
159.0, 2.409042683302565
160.0, 2.487863864149014
161.0, 2.566336490418901
162.0, 2.645807583044699
163.0, 2.724764172228965
164.0, 2.8047571114559657
165.0, 2.884128131906204
166.0, 2.96455892993105
167.0, 2.954113573628449
168.0, 3.0331758288693713
169.0, 3.1115643163348414
170.0, 3.1911236651080603
171.0, 3.269929748699683
172.0, 3.3499165956216146
173.0, 3.4291020137914625
174.0, 3.418639574057135
175.0, 3.4962335697163867
176.0, 3.575035478803308
177.0, 3.561725125288758
178.0, 3.5470134881803865
179.0, 3.529142415896274
180.0, 3.509965074059139
181.0, 3.5771234746087828
182.0, 3.5967604096081907
183.0, 3.6133350199805574
184.0, 3.628547011996551
185.0, 3.6404581919222636
186.0, 3.6509261341005215
187.0, 3.657931853027693
188.0, 3.740137949913619
189.0, 3.7445138401936564
190.0, 3.8275084463959987
191.0, 3.909504602126427
192.0, 3.9925763384851205
193.0, 4.074639170601976
194.0, 4.157771068139942
195.0, 4.239886479235765
196.0, 4.3230793304606525
197.0, 4.405247848069352
198.0, 4.48848770923307
199.0, 4.570697172332176
200.0, 4.653986230863358
201.0, 4.736237994569872
202.0, 4.819564895679392
203.0, 4.90184970933114
204.0, 4.985216453647843
205.0, 5.067535344242095
206.0, 5.1509328999945865
207.0, 5.233279196824833
208.0, 5.316709344955933
209.0, 5.39908369077572
210.0, 5.48253935534437
211.0, 5.5649358557719335
212.0, 5.648419043088227
213.0, 5.649225916320064
214.0, 5.732818703809272
215.0, 5.815342996989505
216.0, 5.814578485164042
217.0, 5.810076213600563
218.0, 5.803988704410549
219.0, 5.794254141942308
220.0, 5.7829814706777976
221.0, 5.768237134492867
222.0, 5.752029021506091
223.0, 5.732608261074604
224.0, 5.711835674950902
225.0, 5.688191575767104
226.0, 5.663331982317249
227.0, 5.636019054948155
228.0, 5.6076662205047505
229.0, 5.607410258829089
230.0, 5.607666239441669
231.0, 5.6074092290173345
232.0, 5.6076662205047505
233.0, 5.607410249350763
234.0, 5.607666239441669
235.0, 5.6074092290173345
236.0, 5.607666637565668
237.0, 5.607410373220692
238.0, 5.609471797000298
239.0, 5.607596776691747
240.0, 5.607544241200671
241.0, 5.607683762895079
242.0, 5.607527196953883
243.0, 5.6004661564095946
244.0, 5.59661256313078
245.0, 5.592295019337391
246.0, 5.587519524257204
247.0, 5.582226995215779
248.0, 5.576181804550824
249.0, 5.569609120475955
250.0, 5.562110531979591
251.0, 5.5541244551109274
252.0, 5.545156188660685
253.0, 5.535837257944706
254.0, 5.525589176953657
255.0, 5.515194530595302
256.0, 5.504003125555867
257.0, 5.492889561253287
258.0, 5.481147237772957
259.0, 5.469692852481982
260.0, 5.4577792429842145
261.0, 5.446332958772536
262.0, 5.434570205786671
263.0, 5.4544763068323014
264.0, 5.480488029253088
265.0, 5.506837095077804
266.0, 5.533655411927477
267.0, 5.560729717343031
268.0, 5.587803557229637
269.0, 5.614691439545194
270.0, 5.64122275841867
271.0, 5.667102630844517
272.0, 5.692216533250454
273.0, 5.71634339711005
274.0, 5.739305721232535
275.0, 5.760948004041357
276.0, 5.781166489378466
277.0, 5.804678841401025
278.0, 5.821914933776965
279.0, 5.837292043178394
280.0, 5.850980520331035
281.0, 5.858157070184751
282.0, 5.865453971833017
spot_hold
0, 0
1, 0
2, 0
3, 0
4, 0
5, 0
6, 0
7, 0
8, 0
9, 0
10, 0
11, 0
12, 0
13, 0
14, 0
15, 0
16, 0
17, 0
18, 0
19, 0
20, 0
21, 0
22, 0
23, 0
24, 0
25, 0
26, 0
27, 0
28, 0
29, 0
30, 0
31, 0
32, 0
33, 0
34, 0
35, 0
36, 0
37, 0
38, 0
39, 0
40, 0
41, 1
42, 1
43, 1
44, 1
45, 1
46, 1
47, 1
48, 1
49, 1
50, 1
51, 1
52, 1
53, 1
54, 1
55, 1
56, 1
57, 1
58, 1
59, 1
60, 1
61, 1
62, 1
63, 1
64, 1
65, 1
66, 1
67, 1
68, 1
69, 1
70, 1
71, 1
72, 1
73, 1
74, 1
75, 1
76, 1
77, 1
78, 1
79, 1
80, 1
81, 1
82, 1
83, 1
84, 1
85, 1
86, 1
87, 1
88, 1
89, 1
90, 1
91, 1
92, 1
93, 1
94, 1
95, 1
96, 1
97, 1
98, 1
99, 1
100, 1
101, 1
102, 1
103, 1
104, 1
105, 1
106, 1
107, 1
108, 1
109, 1
110, 1
111, 1
112, 1
113, 1
114, 1
115, 1
116, 1
117, 1
118, 1
119, 1
120, 1
121, 1
122, 1
123, 1
124, 1
125, 1
126, 1
127, 1
128, 1
129, 1
130, 1
131, 1
132, 1
133, 1
134, 1
135, 1
136, 1
137, 1
138, 1
139, 1
140, 1
141, 1
142, 1
143, 1
144, 1
145, 1
146, 1
147, 1
148, 1
149, 1
150, 1
151, 1
152, 1
153, 1
154, 1
155, 1
156, 1
157, 1
158, 1
159, 1
160, 1
161, 1
162, 1
163, 1
164, 1
165, 1
166, 1
167, 1
168, 1
169, 1
170, 1
171, 1
172, 1
173, 1
174, 1
175, 1
176, 1
177, 1
178, 1
179, 1
180, 1
181, 1
182, 1
183, 1
184, 1
185, 1
186, 1
187, 1
188, 1
189, 1
190, 1
191, 1
192, 1
193, 1
194, 1
195, 1
196, 1
197, 1
198, 1
199, 1
200, 1
201, 1
202, 1
203, 1
204, 1
205, 1
206, 1
207, 1
208, 1
209, 1
210, 1
211, 1
212, 1
213, 1
214, 1
215, 1
216, 1
217, 1
218, 1
219, 1
220, 1
221, 1
222, 1
223, 1
224, 1
225, 1
226, 1
227, 1
228, 1
229, 1
230, 1
231, 1
232, 1
233, 1
234, 1
235, 1
236, 1
237, 1
238, 1
239, 1
240, 1
241, 1
242, 1
243, 1
244, 1
245, 1
246, 1
247, 1
248, 1
249, 1
250, 1
251, 1
252, 1
253, 1
254, 1
255, 1
256, 1
257, 1
258, 1
259, 1
260, 1
261, 1
262, 1
263, 1
264, 1
265, 1
266, 1
267, 1
268, 1
269, 1
270, 1
271, 1
272, 1
273, 1
274, 1
275, 1
276, 1
277, 1
278, 1
279, 1
280, 1
281, 1
282, 1
