bot_dist
0.0, 3.4828558973172665
1.0, 3.488812286028509
2.0, 3.494787136926628
3.0, 3.5007803554822874
4.0, 3.5067918475227606
5.0, 3.512821519233795
6.0, 3.518869277161414
7.0, 3.524935028213639
8.0, 3.5310186796621466
9.0, 3.5371201391438585
10.0, 3.5432393146624537
11.0, 3.549376114589826
12.0, 3.5555304476674676
13.0, 3.561702223007785
14.0, 3.567891350095362
15.0, 3.5740977387881463
16.0, 3.580321299318584
17.0, 3.5865619422946833
18.0, 3.5928195787010293
19.0, 3.599094119899729
20.0, 3.605385477631302
21.0, 3.6116935640155177
22.0, 3.6180182915521675
23.0, 3.624359573121788
24.0, 3.6307173219863262
25.0, 3.6370914517897543
26.0, 3.643481876558628
27.0, 3.6498885107025916
28.0, 3.656311269014841
29.0, 3.6627500666725243
30.0, 3.6692048192371023
31.0, 3.675675442654656
32.0, 3.682161853256149
33.0, 3.688663967757641
34.0, 3.6951817032604586
35.0, 3.701714977251316
36.0, 3.7082637076023985
37.0, 3.714827812571398
38.0, 3.721407210801505
39.0, 3.7280018213213637
40.0, 3.7346115635449832
41.0, 3.7412363572716085
42.0, 3.7478761226855535
43.0, 3.754530780355994
44.0, 3.7612002512367257
45.0, 3.767884456665884
46.0, 3.7745833183656243
47.0, 3.781296758441773
48.0, 3.7880246993834406
49.0, 3.7947670640625986
50.0, 3.8015237757336307
51.0, 3.8082947580328415
52.0, 3.81507993497794
53.0, 3.821879230967493
54.0, 3.8286925707803445
55.0, 3.8355198795750054
56.0, 3.842361082889015
57.0, 3.8492161066382815
58.0, 3.8560848771163756
59.0, 3.862967320993823
60.0, 3.869863365317347
61.0, 3.876772937509101
62.0, 3.8836959653658667
63.0, 3.890632377058235
64.0, 3.8975821011297556
65.0, 3.9045450664960706
66.0, 3.911521202444018
67.0, 3.91851043863072
68.0, 3.925512705082646
69.0, 3.932527932194653
70.0, 3.939556050729012
71.0, 3.9465969918144053
72.0, 3.9536506869449135
73.0, 3.960717067978978
74.0, 3.967796067138346
75.0, 3.974887617007001
76.0, 3.98199165053007
77.0, 3.989108101012721
78.0, 3.996236902119039
79.0, 4.003377987870888
80.0, 4.010531292646759
81.0, 4.017696751180598
82.0, 4.024874298560628
83.0, 4.032063870228151
84.0, 4.039265401976337
85.0, 4.046478829949
86.0, 4.053704090639366
87.0, 4.060941120888822
88.0, 4.068189857885657
89.0, 4.075450239163793
90.0, 4.082722202601499
91.0, 4.090005686420104
92.0, 4.097300629182691
93.0, 4.1046069697927825
94.0, 4.111924647493025
95.0, 4.11925360186385
96.0, 4.1265937728221465
97.0, 4.133945100619897
98.0, 4.141307525842836
99.0, 4.148680989409081
100.0, 4.15606543256776
101.0, 4.15606543256776
102.0, 4.15606543256776
103.0, 4.15606543256776
104.0, 4.15606543256776
105.0, 4.15606543256776
106.0, 4.15606543256776
107.0, 4.15606543256776
108.0, 4.15606543256776
109.0, 4.15606543256776
110.0, 4.15606543256776
111.0, 4.15606543256776
112.0, 4.15606543256776
113.0, 4.15606543256776
114.0, 4.15606543256776
115.0, 4.15606543256776
116.0, 4.15606543256776
117.0, 4.15606543256776
118.0, 4.15606543256776
119.0, 4.15606543256776
120.0, 4.15606543256776
121.0, 4.15606543256776
122.0, 4.15606543256776
123.0, 4.15606543256776
124.0, 4.15606543256776
125.0, 4.15606543256776
126.0, 4.15606543256776
127.0, 4.15606543256776
128.0, 4.15606543256776
129.0, 4.15606543256776
130.0, 4.15606543256776
131.0, 4.148680989409081
132.0, 4.141307525842836
133.0, 4.133945100619897
134.0, 4.1265937728221465
135.0, 4.11925360186385
136.0, 4.111924647493025
137.0, 4.1046069697927825
138.0, 4.097300629182691
139.0, 4.090005686420104
140.0, 4.082722202601499
141.0, 4.075450239163793
142.0, 4.068189857885657
143.0, 4.06493632072503
144.0, 4.057706416029887
145.0, 4.050488294693519
146.0, 4.043282019823356
147.0, 4.036087654873591
148.0, 4.0289052636464024
149.0, 4.0217349102931825
150.0, 4.014576659315733
151.0, 3.924887059160846
152.0, 3.8352057700907443
153.0, 3.745533347662316
154.0, 3.655870488911154
155.0, 3.5662179151953635
156.0, 3.4765764221942725
157.0, 3.3869468897196735
158.0, 3.2973302931211323
159.0, 3.2077277165954547
160.0, 3.118140368781201
161.0, 3.0285696011086025
162.0, 2.9390169294890343
163.0, 2.8494840600738693
164.0, 2.759972920000276
165.0, 2.670485694285314
166.0, 2.5810248703486103
167.0, 2.5737268550153383
168.0, 2.483512267742639
169.0, 2.3933157466325037
170.0, 2.3031392327815325
171.0, 2.2129851720071256
172.0, 2.1228564249418285
173.0, 2.0327563586809143
174.0, 2.0255125699717684
175.0, 1.935332723754704
176.0, 1.8452323256787813
177.0, 1.838084365125412
178.0, 1.8309631155557409
179.0, 1.8238688898468582
180.0, 1.8168020045660913
181.0, 1.7331666585564016
182.0, 1.7262883267607168
183.0, 1.7194406379714302
184.0, 1.7126239597539832
185.0, 1.7058386638711638
186.0, 1.6990851262990423
187.0, 1.692363727241292
188.0, 1.6856748511418131
189.0, 1.6790188866955726
190.0, 1.6723962268575703
191.0, 1.6658072688498404
192.0, 1.6592524141663987
193.0, 1.652732068576032
194.0, 1.6462466421228408
195.0, 1.5731324792835513
196.0, 1.5012436694889975
197.0, 1.430764928320743
198.0, 1.4236969957147894
199.0, 1.3594774279576072
200.0, 1.2975115111090287
201.0, 1.2381376614132737
202.0, 1.181746638909845
203.0, 1.12878557368297
204.0, 1.0797592912080718
205.0, 1.03522697287156
206.0, 0.9957917184766906
207.0, 0.9620805115103402
208.0, 0.9347128850532261
209.0, 0.9142586872195108
210.0, 0.9011887813568539
211.0, 0.8958264312610172
212.0, 0.8983096754814227
213.0, 0.9085741873928173
214.0, 0.9263613429676285
215.0, 0.951249350128104
216.0, 0.9826987823243094
217.0, 1.0201029603586143
218.0, 1.0628333759208564
219.0, 1.0553037258728646
220.0, 1.1078973195337756
221.0, 1.1640537366172596
222.0, 1.2232824069480392
223.0, 1.2169054072067105
224.0, 1.2105774211704934
225.0, 1.2042992214666606
226.0, 1.1980715907745823
227.0, 1.1918953217609345
228.0, 1.1857712170012376
229.0, 1.1797000888870528
230.0, 1.1736827595181654
231.0, 1.1736827595181654
232.0, 1.1736827595181654
233.0, 1.1736827595181654
234.0, 1.1736827595181654
235.0, 1.1736827595181654
236.0, 1.1736827595181654
237.0, 1.1736827595181654
238.0, 1.1736827595181654
239.0, 1.1736827595181654
240.0, 1.1736827595181654
241.0, 1.1736827595181654
242.0, 1.1736827595181654
243.0, 1.1736827595181654
244.0, 1.1736827595181654
245.0, 1.1736827595181654
246.0, 1.1736827595181654
247.0, 1.1736827595181654
248.0, 1.1736827595181654
249.0, 1.1736827595181654
250.0, 1.1736827595181654
251.0, 1.1736827595181654
252.0, 1.1736827595181654
253.0, 1.1736827595181654
254.0, 1.1736827595181654
255.0, 1.1736827595181654
256.0, 1.1736827595181654
257.0, 1.1736827595181654
258.0, 1.1736827595181654
259.0, 1.1736827595181654
260.0, 1.1736827595181654
261.0, 1.1797000888870528
262.0, 1.1857712170012376
263.0, 1.1918953217609345
264.0, 1.1980715907745823
265.0, 1.2042992214666606
266.0, 1.2105774211704934
267.0, 1.2169054072067105
268.0, 1.2232824069480392
269.0, 1.22970765787108
270.0, 1.2361804075957101
271.0, 1.2426999139127455
272.0, 1.2492654448004736
273.0, 1.2558762784306563
274.0, 1.2625317031645884
275.0, 1.269231017539773
276.0, 1.2759735302477673
277.0, 1.282758560103725
278.0, 1.2895854360081556
279.0, 1.2964534969013881
280.0, 1.3033620917112256
281.0, 1.3103105792942433
282.0, 1.3172983283711779
ee_dist
0.0, 1.3652793123889713
1.0, 1.4231305903972145
2.0, 1.5301625898922293
3.0, 1.621701440445943
4.0, 1.6533374255616657
5.0, 1.6791450025738246
6.0, 1.711597459410575
7.0, 1.7440553029180161
8.0, 1.7806230563415966
9.0, 1.8168880814763637
10.0, 1.8512054116749992
11.0, 1.8910574148040042
12.0, 1.9297474422554772
13.0, 1.961734406817975
14.0, 2.0020518900640583
15.0, 2.0376959487468143
16.0, 2.077622213695951
17.0, 2.1125955723408643
18.0, 2.150472959758093
19.0, 2.185763077399319
20.0, 2.21599725668327
21.0, 2.1753216078911333
22.0, 2.131250246676177
23.0, 2.0830051424383424
24.0, 2.03045470043149
25.0, 1.9734245170362488
26.0, 1.9143630364552624
27.0, 1.8514067729314927
28.0, 1.785622215291466
29.0, 1.717492221485025
30.0, 1.6473754259106732
31.0, 1.5759864839582467
32.0, 1.5038313736266788
33.0, 1.4318287094109492
34.0, 1.360716433836816
35.0, 1.291690795904018
36.0, 1.2258272613372951
37.0, 1.1646696744343497
38.0, 1.109664561963468
39.0, 1.0625729588881572
40.0, 1.0250505371560819
41.0, 1.0382323059801557
42.0, 0.9369729320239493
43.0, 0.7832183327822384
44.0, 0.7366782654164431
45.0, 0.6892438220484692
46.0, 0.6407171854188614
47.0, 0.5910053127164281
48.0, 0.5407410105426823
49.0, 0.49019228152431027
50.0, 0.44054860668788337
51.0, 0.3932577805175625
52.0, 0.35008062240822796
53.0, 0.31284200821352226
54.0, 0.2846322480355815
55.0, 0.2687338773321004
56.0, 0.2683886478158928
57.0, 0.28335413815344873
58.0, 0.26208521886921493
59.0, 0.24304445809797243
60.0, 0.2501968334422161
61.0, 0.2904974666489891
62.0, 0.3563572987566581
63.0, 0.43453469999916866
64.0, 0.5139760967560231
65.0, 0.5799092722221232
66.0, 0.6402917291441664
67.0, 0.7004236585391377
68.0, 0.7545535954075269
69.0, 0.8070155872637828
70.0, 0.8582765824776865
71.0, 0.9077395763858096
72.0, 0.9583591391564402
73.0, 1.0158911317624624
74.0, 1.07779152427455
75.0, 1.1510411203205517
76.0, 1.2337690191011992
77.0, 1.3262481133325614
78.0, 1.4237827506003646
79.0, 1.5214575273350686
80.0, 1.614665601507715
81.0, 1.693785222648083
82.0, 1.758846252528119
83.0, 1.8233378226863965
84.0, 1.8845261080330835
85.0, 1.9444324747169404
86.0, 1.9930447625536918
87.0, 2.0215085277176823
88.0, 2.0516729231279123
89.0, 2.0907755166060893
90.0, 2.1403290128500108
91.0, 2.2229074330745004
92.0, 2.3138247147471094
93.0, 2.414620893039381
94.0, 2.519648751801341
95.0, 2.6269861013252265
96.0, 2.727243993103047
97.0, 2.8183749668722005
98.0, 2.8900150068839667
99.0, 2.9596048861893682
100.0, 3.0249778123184434
101.0, 3.090077319980544
102.0, 3.1522002367737603
103.0, 3.2153940698929446
104.0, 3.2773893899237474
105.0, 3.3474003349660872
106.0, 3.420065808969653
107.0, 3.501365611980136
108.0, 3.591056534595593
109.0, 3.6912213472998836
110.0, 3.7961682819891944
111.0, 3.9051388722381377
112.0, 4.007109817501028
113.0, 4.102959982421305
114.0, 4.177133101024394
115.0, 4.245887226461543
116.0, 4.3122781649406186
117.0, 4.377565563147978
118.0, 4.439621586272933
119.0, 4.50396380559466
120.0, 4.565031711803745
121.0, 4.634265765448501
122.0, 4.706812115214726
123.0, 4.751568437970466
124.0, 4.794421824031943
125.0, 4.838738684886256
126.0, 4.880569098129876
127.0, 4.923296739991423
128.0, 4.963002779009777
129.0, 5.003090136332902
130.0, 5.03967656631629
131.0, 5.076181097986706
132.0, 5.1087681644473815
133.0, 5.140871457727443
134.0, 5.168703849759824
135.0, 5.1957119132674965
136.0, 5.218160680986888
137.0, 5.239509985134399
138.0, 5.256083515742773
139.0, 5.2713448138176275
140.0, 5.281676015587333
141.0, 5.2905522602940716
142.0, 5.294413813721643
143.0, 4.648946149854078
144.0, 4.639946662392497
145.0, 4.631612241369888
146.0, 4.6277482929432425
147.0, 4.624558879741588
148.0, 4.625966362775882
149.0, 4.628029047087566
150.0, 4.634661610687133
151.0, 4.552183762587314
152.0, 4.471720871701787
153.0, 4.389383096045597
154.0, 4.309065036580713
155.0, 4.2268835551982145
156.0, 4.146727750737626
157.0, 4.064721494610128
158.0, 3.9847479471327856
159.0, 3.902938980111312
160.0, 3.8231710633722114
161.0, 3.741585245639246
162.0, 3.6620505420216407
163.0, 3.5807184757109196
164.0, 3.501448819936883
165.0, 3.4204066905515664
166.0, 3.3414415334165963
167.0, 3.350988954501272
168.0, 3.274702763153257
169.0, 3.1968694536179565
170.0, 3.1212139015945475
171.0, 3.0440727336188615
172.0, 2.9691463247511933
173.0, 2.8928081439011875
174.0, 2.908305243684273
175.0, 2.836134650343713
176.0, 2.76635769490335
177.0, 2.7831398216660794
178.0, 2.803597142025881
179.0, 2.824453372901834
180.0, 2.8483826828072827
181.0, 2.7986507555900086
182.0, 2.7755928465837543
183.0, 2.752848364892017
184.0, 2.7334130130288243
185.0, 2.714428679900266
186.0, 2.699320358648706
187.0, 2.6847929674402433
188.0, 2.674585556264364
189.0, 2.6650661273579503
190.0, 2.660160340967066
191.0, 2.6560200790666992
192.0, 2.656615630707923
193.0, 2.658014202646113
194.0, 2.6640918630541646
195.0, 2.582807706927172
196.0, 2.5036097830410555
197.0, 2.422741324778078
198.0, 2.432224118382167
199.0, 2.354269780826189
200.0, 2.2785619902837366
201.0, 2.2015502568861076
202.0, 2.126859376950975
203.0, 2.051003742198393
204.0, 1.977567283132339
205.0, 1.9031459880053774
206.0, 1.8312753461834128
207.0, 1.7586552922738277
208.0, 1.6887634268883147
209.0, 1.6184335232948517
210.0, 1.551073408498458
211.0, 1.4836919837501328
212.0, 1.419609933896714
213.0, 1.356065329167792
214.0, 1.2962682957312768
215.0, 1.2377552350856458
216.0, 1.1835900428586483
217.0, 1.1316884152084932
218.0, 1.0849032614544134
219.0, 1.1089079113224392
220.0, 1.0736155437959818
221.0, 1.0430324662801642
222.0, 1.0189897535375432
223.0, 0.9914525246517334
224.0, 0.965613000435763
225.0, 0.9403065920452862
226.0, 0.917609153047067
227.0, 0.8956890806421103
228.0, 0.877290911887268
229.0, 0.8599410228859166
230.0, 0.8469429852559318
231.0, 0.835242518409276
232.0, 0.828538418439269
233.0, 0.8232967892274476
234.0, 0.8233976632733937
235.0, 0.8249896713178609
236.0, 0.8319089454875661
237.0, 0.8401939673527214
238.0, 0.8534344569704463
239.0, 0.8525463770022488
240.0, 0.8534344569704463
241.0, 0.8525463770022488
242.0, 0.8534344569704463
243.0, 0.860169825552598
244.0, 0.8725671120598459
245.0, 0.8860440858547394
246.0, 0.9018168019420445
247.0, 0.9186005422648348
248.0, 0.937439233288532
249.0, 0.9570008806435653
250.0, 0.9783792567112471
251.0, 1.0002048376201371
252.0, 1.023557866528004
253.0, 1.0470700160223188
254.0, 1.0717590051301198
255.0, 1.096312843322336
256.0, 1.121664604956424
257.0, 1.1466135862511453
258.0, 1.17200338338452
259.0, 1.1967759340659818
260.0, 1.2217041749261932
261.0, 1.2458182805777032
262.0, 1.269860207168453
263.0, 1.2430056414446498
264.0, 1.209697765771214
265.0, 1.1746202460452944
266.0, 1.1375070332348838
267.0, 1.0985542464104041
268.0, 1.0578026125575297
269.0, 1.0154718970819847
270.0, 0.9716233228753238
271.0, 0.9265271843178498
272.0, 0.8802810564585899
273.0, 0.833225390836186
274.0, 0.7848153431387666
275.0, 0.7336297368956444
276.0, 0.6788738761982148
277.0, 0.6241084865210944
278.0, 0.5754279769614304
279.0, 0.5298795393710936
280.0, 0.48675140145806084
281.0, 0.43686484256415403
282.0, 0.38903048625645625
ee_box_dist
0.0, 0.8630680878597565
1.0, 0.9044438954685872
2.0, 0.9356625640105626
3.0, 0.9671030103333428
4.0, 0.9999957076955173
5.0, 1.035801775044251
6.0, 1.0721928905292335
7.0, 1.1059098326449195
8.0, 1.1412710441372385
9.0, 1.1756537714118684
10.0, 1.207454168874075
11.0, 1.2442538532694472
12.0, 1.2798881833745603
13.0, 1.3091284464211645
14.0, 1.3460612750019985
15.0, 1.37866619760203
16.0, 1.4151796595232398
17.0, 1.4470964525134027
18.0, 1.4816087066232417
19.0, 1.5137194395900855
20.0, 1.5411473184551727
21.0, 1.5070636311641576
22.0, 1.4704377493640806
23.0, 1.4300186443824972
24.0, 1.3855804206129434
25.0, 1.3369670123964736
26.0, 1.286111175767593
27.0, 1.2314285666148928
28.0, 1.173602023356605
29.0, 1.1129470296147463
30.0, 1.0495579585363914
31.0, 0.9838582606188089
32.0, 0.9160268560479143
33.0, 0.8466202158941801
34.0, 0.7759648867132762
35.0, 0.7048300738555274
36.0, 0.6338099985213068
37.0, 0.563946611641035
38.0, 0.49657511568998525
39.0, 0.4341410053449873
40.0, 0.3799127255142267
41.0, 0.3935175980666263
42.0, 0.40723406749067464
43.0, 0.42107415058784525
44.0, 0.4349491742623912
45.0, 0.4488753454928395
46.0, 0.46278532438874986
47.0, 0.4766695542813421
48.0, 0.49051210786297117
49.0, 0.5042565561409359
50.0, 0.5179364198500676
51.0, 0.5314771320299135
52.0, 0.544916295722548
53.0, 0.5581591159166959
54.0, 0.5712075317752527
55.0, 0.5839803088776853
56.0, 0.5964608616092208
57.0, 0.6086410003128647
58.0, 0.6205158900361348
59.0, 0.6320999787619072
60.0, 0.6433383735171947
61.0, 0.6543061035016643
62.0, 0.6649226924438412
63.0, 0.6752513344282253
64.0, 0.6852112881301001
65.0, 0.6948530541101935
66.0, 0.7041580025238852
67.0, 0.7131505689044656
68.0, 0.7217716253437987
69.0, 0.7300669845711668
70.0, 0.737985445519272
71.0, 0.7455498202157749
72.0, 0.7527257925568436
73.0, 0.7595322550199404
74.0, 0.7659368180497725
75.0, 0.771956316153155
76.0, 0.7775603709986123
77.0, 0.7827631342945931
78.0, 0.7875352681188879
79.0, 0.7918879145273843
80.0, 0.7957940555449398
81.0, 0.7992625859734188
82.0, 0.8022653274719008
83.0, 0.8048114263989056
84.0, 0.8068722113673327
85.0, 0.808457948254084
86.0, 0.8286612536274424
87.0, 0.8731426882318315
88.0, 0.9115441399005711
89.0, 0.9450659199621744
90.0, 0.9704769580864484
91.0, 0.9690110814444923
92.0, 0.9699937273077108
93.0, 0.969048335278
94.0, 0.9699922618242026
95.0, 0.9690486129162378
96.0, 0.9699922618242026
97.0, 0.9690486129162378
98.0, 0.9699922246435096
99.0, 0.9690486129162378
100.0, 0.9699922246435096
101.0, 0.9690486129162378
102.0, 0.9699922246435096
103.0, 0.9690486129162378
104.0, 0.9699922246435096
105.0, 0.9690486312841199
106.0, 0.9699922429970872
107.0, 0.9690486312841199
108.0, 0.9699922429970872
109.0, 0.9690486312841199
110.0, 0.9699922429970872
111.0, 0.9690486312841199
112.0, 0.9699922429970872
113.0, 0.9690486312841199
114.0, 0.9699922429970872
115.0, 0.9690486312841199
116.0, 0.9699922429970872
117.0, 0.9690486312841199
118.0, 0.9699922429970872
119.0, 0.9690486312841199
120.0, 0.9699922429970872
121.0, 0.9690486312841199
122.0, 0.9699922429970872
123.0, 0.9690486312841199
124.0, 0.9699922429970872
125.0, 0.9690486312841199
126.0, 0.9699922429970872
127.0, 0.9690486312841199
128.0, 0.9699922429970872
129.0, 0.9690486312841199
130.0, 0.9699922429970872
131.0, 0.9690486312841199
132.0, 0.9699922429970872
133.0, 0.9690486312841199
134.0, 0.9699922429970872
135.0, 0.9690486312841199
136.0, 0.9699922429970872
137.0, 0.9690486312841199
138.0, 0.9699922429970872
139.0, 0.9690486312841199
140.0, 0.9699922429970872
141.0, 0.9690486312841199
142.0, 0.9699922429970872
143.0, 1.6820177638697213
144.0, 1.6745747353298612
145.0, 1.6671699536193179
146.0, 1.6562250628942585
147.0, 1.6453202697422176
148.0, 1.6310438109656404
149.0, 1.6168054895800266
150.0, 1.5994257573263222
151.0, 1.665154064288488
152.0, 1.7308980799405989
153.0, 1.7996360242858347
154.0, 1.8679961477432119
155.0, 1.9391229713325042
156.0, 2.0095687621792084
157.0, 2.082609322503313
158.0, 2.154734142778571
159.0, 2.229322968210808
160.0, 2.3028129442860017
161.0, 2.3786668150863464
162.0, 2.453277552579893
163.0, 2.530174938345395
164.0, 2.605715281136166
165.0, 2.683481452796323
166.0, 2.7597984110149443
167.0, 2.7491841820629825
168.0, 2.823709629328798
169.0, 2.900463484327752
170.0, 2.975812309041606
171.0, 3.0533453331355753
172.0, 3.1293988835391175
173.0, 3.2076007651539022
174.0, 3.1948379130771802
175.0, 3.2710402548820334
176.0, 3.345827111748278
177.0, 3.333419555414722
178.0, 3.317353628553089
179.0, 3.3011278625329217
180.0, 3.281561734950566
181.0, 3.345473521268129
182.0, 3.363116674041133
183.0, 3.3806070653725366
184.0, 3.394547814910012
185.0, 3.4083135269199687
186.0, 3.4182614840322167
187.0, 3.428012439285054
188.0, 3.4337640083340952
189.0, 3.439299404532383
190.0, 3.4407404563917443
191.0, 3.4419445770129005
192.0, 3.4390479289821094
193.0, 3.4358953811979625
194.0, 3.42872176389578
195.0, 3.508870369048167
196.0, 3.5873610156904276
197.0, 3.667875161852324
198.0, 3.6591330461127085
199.0, 3.7379474532927155
200.0, 3.8151787296993502
201.0, 3.8944437350065533
202.0, 3.972087400118387
203.0, 4.051751267158279
204.0, 4.129760691982137
205.0, 4.2097791083307765
206.0, 4.288114261086677
207.0, 4.368449088084975
208.0, 4.447075437122888
209.0, 4.527693925112943
210.0, 4.606581776676877
211.0, 4.687454599427589
212.0, 4.7665776842457
213.0, 4.847679857268619
214.0, 4.927015877680864
215.0, 5.008326442912161
216.0, 5.087854977212864
217.0, 5.169354246044923
218.0, 5.249057713676265
219.0, 5.243001361419973
220.0, 5.321081107406497
221.0, 5.401133667108978
222.0, 5.479464714319573
223.0, 5.486984603148747
224.0, 5.490367878584463
225.0, 5.493405160320431
226.0, 5.492216757838166
227.0, 5.490700972112076
228.0, 5.484968350191403
229.0, 5.478931964556714
230.0, 5.468787421364555
231.0, 5.458368411325558
232.0, 5.444047150050785
233.0, 5.429483857215092
234.0, 5.411321188143895
235.0, 5.392952537727777
236.0, 5.371378816815229
237.0, 5.3496419444066845
238.0, 5.3251803494077095
239.0, 5.325767072601213
240.0, 5.3251803494077095
241.0, 5.325767072601213
242.0, 5.3251803494077095
243.0, 5.323176639527802
244.0, 5.321501752084166
245.0, 5.31932675358696
246.0, 5.316075169617459
247.0, 5.312296687804227
248.0, 5.307374247122187
249.0, 5.301882407246495
250.0, 5.2952081844173
251.0, 5.287992562353767
252.0, 5.279620227233176
253.0, 5.270822741658436
254.0, 5.260960522009962
255.0, 5.250846816496892
256.0, 5.239804732518034
257.0, 5.228692046941483
258.0, 5.216800099832212
259.0, 5.204991663209362
260.0, 5.192535377324486
261.0, 5.180312795812464
262.0, 5.16756644828414
263.0, 5.19114277873959
264.0, 5.220884904389834
265.0, 5.251077024659003
266.0, 5.2818009471869285
267.0, 5.312794043671838
268.0, 5.343825065529763
269.0, 5.374649415880646
270.0, 5.405041059672977
271.0, 5.434763703219905
272.0, 5.463603646461971
273.0, 5.491338709452259
274.0, 5.517954187182644
275.0, 5.548444446045026
276.0, 5.5824751827173
277.0, 5.614389066479821
278.0, 5.635179739634211
279.0, 5.652007457194455
280.0, 5.666961174616467
281.0, 5.691563696693034
282.0, 5.71546996044371
spot_hold
0, 0
1, 0
2, 0
3, 0
4, 0
5, 0
6, 0
7, 0
8, 0
9, 0
10, 0
11, 0
12, 0
13, 0
14, 0
15, 0
16, 0
17, 0
18, 0
19, 0
20, 0
21, 0
22, 0
23, 0
24, 0
25, 0
26, 0
27, 0
28, 0
29, 0
30, 0
31, 0
32, 0
33, 0
34, 0
35, 0
36, 0
37, 0
38, 0
39, 0
40, 0
41, 1
42, 1
43, 1
44, 1
45, 1
46, 1
47, 1
48, 1
49, 1
50, 1
51, 1
52, 1
53, 1
54, 1
55, 1
56, 1
57, 1
58, 1
59, 1
60, 1
61, 1
62, 1
63, 1
64, 1
65, 1
66, 1
67, 1
68, 1
69, 1
70, 1
71, 1
72, 1
73, 1
74, 1
75, 1
76, 1
77, 1
78, 1
79, 1
80, 1
81, 1
82, 1
83, 1
84, 1
85, 1
86, 1
87, 1
88, 1
89, 1
90, 1
91, 1
92, 1
93, 1
94, 1
95, 1
96, 1
97, 1
98, 1
99, 1
100, 1
101, 1
102, 1
103, 1
104, 1
105, 1
106, 1
107, 1
108, 1
109, 1
110, 1
111, 1
112, 1
113, 1
114, 1
115, 1
116, 1
117, 1
118, 1
119, 1
120, 1
121, 1
122, 1
123, 1
124, 1
125, 1
126, 1
127, 1
128, 1
129, 1
130, 1
131, 1
132, 1
133, 1
134, 1
135, 1
136, 1
137, 1
138, 1
139, 1
140, 1
141, 1
142, 1
143, 1
144, 1
145, 1
146, 1
147, 1
148, 1
149, 1
150, 1
151, 1
152, 1
153, 1
154, 1
155, 1
156, 1
157, 1
158, 1
159, 1
160, 1
161, 1
162, 1
163, 1
164, 1
165, 1
166, 1
167, 1
168, 1
169, 1
170, 1
171, 1
172, 1
173, 1
174, 1
175, 1
176, 1
177, 1
178, 1
179, 1
180, 1
181, 1
182, 1
183, 1
184, 1
185, 1
186, 1
187, 1
188, 1
189, 1
190, 1
191, 1
192, 1
193, 1
194, 1
195, 1
196, 1
197, 1
198, 1
199, 1
200, 1
201, 1
202, 1
203, 1
204, 1
205, 1
206, 1
207, 1
208, 1
209, 1
210, 1
211, 1
212, 1
213, 1
214, 1
215, 1
216, 1
217, 1
218, 1
219, 1
220, 1
221, 1
222, 1
223, 1
224, 1
225, 1
226, 1
227, 1
228, 1
229, 1
230, 1
231, 1
232, 1
233, 1
234, 1
235, 1
236, 1
237, 1
238, 1
239, 1
240, 1
241, 1
242, 1
243, 1
244, 1
245, 1
246, 1
247, 1
248, 1
249, 1
250, 1
251, 1
252, 1
253, 1
254, 1
255, 1
256, 1
257, 1
258, 1
259, 1
260, 1
261, 1
262, 1
263, 1
264, 1
265, 1
266, 1
267, 1
268, 1
269, 1
270, 1
271, 1
272, 1
273, 1
274, 1
275, 1
276, 1
277, 1
278, 1
279, 1
280, 1
281, 1
282, 1
