bot_dist
0.0, 3.093404120526522
1.0, 3.0976683293756886
2.0, 3.1019589155724248
3.0, 3.1062757698145087
4.0, 3.110618782739144
5.0, 3.114987844932589
6.0, 3.1193828469396583
7.0, 3.12380367927313
8.0, 3.1282502324230226
9.0, 3.132722396865772
10.0, 3.1372200630732836
11.0, 3.141743121521876
12.0, 3.14629146270111
13.0, 3.1508649771224935
14.0, 3.155463555328084
15.0, 3.1600870878989635
16.0, 3.1647354654636035
17.0, 3.169408578706111
18.0, 3.174106318374358
19.0, 3.1788284624118113
20.0, 3.183575013432758
21.0, 3.1883458624317815
22.0, 3.1931409004985776
23.0, 3.1979600188255017
24.0, 3.202803108715001
25.0, 3.2076700615869256
26.0, 3.2125607689857323
27.0, 3.2174751225875635
28.0, 3.222413014207218
29.0, 3.227374335805
30.0, 3.2323589794934624
31.0, 3.2373668375440245
32.0, 3.2423978023934863
33.0, 3.2474517666504226
34.0, 3.2525286231014667
35.0, 3.2576282647174812
36.0, 3.262750584659615
37.0, 3.2678954762852537
38.0, 3.2730628331538516
39.0, 3.278252549032661
40.0, 3.2834645179023476
41.0, 3.288698633962495
42.0, 3.2939547916370073
43.0, 3.2992328855793955
44.0, 3.304532810677966
45.0, 3.3098544620608967
46.0, 3.315197735101206
47.0, 3.320562525421624
48.0, 3.3259487288993546
49.0, 3.3313562416707345
50.0, 3.336784960135792
51.0, 3.3422347809627038
52.0, 3.347705601092147
53.0, 3.353197317741558
54.0, 3.3587098284092898
55.0, 3.364243030878667
56.0, 3.3697968232219457
57.0, 3.3753711038041865
58.0, 3.380965771287014
59.0, 3.3865807246322994
60.0, 3.3922158631057355
61.0, 3.397871086280332
62.0, 3.403546294039808
63.0, 3.4092413865818982
64.0, 3.414956264421574
65.0, 3.4206908283941666
66.0, 3.4264449796584087
67.0, 3.432218619699391
68.0, 3.438011650331424
69.0, 3.443823973700825
70.0, 3.4496554922886147
71.0, 3.455506108913137
72.0, 3.4613757267325855
73.0, 3.467264249247466
74.0, 3.473171580302964
75.0, 3.4790976240912395
76.0, 3.4850422851536473
77.0, 3.491005468382876
78.0, 3.4969870790250073
79.0, 3.5029870226815136
80.0, 3.5090052053111673
81.0, 3.5150415332318867
82.0, 3.5210959131225046
83.0, 3.527168252024472
84.0, 3.5332584573434853
85.0, 3.539366436851049
86.0, 3.545492098685971
87.0, 3.5516353513557855
88.0, 3.55779610373812
89.0, 3.5639742650819883
90.0, 3.5701697450090206
91.0, 3.5763824535146385
92.0, 3.5826123009691577
93.0, 3.5888591981188385
94.0, 3.595123056086869
95.0, 3.6014037863742967
96.0, 3.607701300860893
97.0, 3.614015511805971
98.0, 3.620346331849136
99.0, 3.626693674010992
100.0, 3.6330574516937837
101.0, 3.6330574516937837
102.0, 3.6330574516937837
103.0, 3.6330574516937837
104.0, 3.6330574516937837
105.0, 3.6330574516937837
106.0, 3.6330574516937837
107.0, 3.6330574516937837
108.0, 3.6330574516937837
109.0, 3.6330574516937837
110.0, 3.6330574516937837
111.0, 3.6330574516937837
112.0, 3.6330574516937837
113.0, 3.6330574516937837
114.0, 3.6330574516937837
115.0, 3.6330574516937837
116.0, 3.6330574516937837
117.0, 3.6330574516937837
118.0, 3.6330574516937837
119.0, 3.6330574516937837
120.0, 3.6330574516937837
121.0, 3.6330574516937837
122.0, 3.6330574516937837
123.0, 3.6330574516937837
124.0, 3.6330574516937837
125.0, 3.6330574516937837
126.0, 3.6330574516937837
127.0, 3.6330574516937837
128.0, 3.6330574516937837
129.0, 3.6330574516937837
130.0, 3.6330574516937837
131.0, 3.626693674010992
132.0, 3.620346331849136
133.0, 3.614015511805971
134.0, 3.607701300860893
135.0, 3.6014037863742967
136.0, 3.595123056086869
137.0, 3.5888591981188385
138.0, 3.5826123009691577
139.0, 3.5763824535146385
140.0, 3.5701697450090206
141.0, 3.5639742650819883
142.0, 3.55779610373812
143.0, 3.5562027744806564
144.0, 3.5500674255665103
145.0, 3.543949672121696
146.0, 3.53784960542602
147.0, 3.5317673171251176
148.0, 3.525702899229002
149.0, 3.5196564441105544
150.0, 3.51362804450395
151.0, 3.424419357734304
152.0, 3.3352460236464787
153.0, 3.246110907935515
154.0, 3.1570172994005117
155.0, 3.0679688141404147
156.0, 2.978969498684078
157.0, 2.890023895639942
158.0, 2.801137121666404
159.0, 2.712314960529677
160.0, 2.6235639747443806
161.0, 2.5348916402418165
162.0, 2.4463065097585455
163.0, 2.3578184122900776
164.0, 2.269438698160638
165.0, 2.1811805422320902
166.0, 2.0930593218164115
167.0, 2.087679178709125
168.0, 2.000822598664716
169.0, 1.9142992474242686
170.0, 1.8281562103655997
171.0, 1.7424498941877757
172.0, 1.6572480567070118
173.0, 1.572632694754511
174.0, 1.5680889119149872
175.0, 1.48667779889118
176.0, 1.4064412264055255
177.0, 1.4024532814413422
178.0, 1.3985254697489886
179.0, 1.3946582993931527
180.0, 1.3908522762012876
181.0, 1.3298995268275011
182.0, 1.326636332209664
183.0, 1.3234406537657586
184.0, 1.3203129817432295
185.0, 1.3172538005631214
186.0, 1.3142635884992047
187.0, 1.3113428173556134
188.0, 1.308491952143397
189.0, 1.3057114507564258
190.0, 1.3030017636470765
191.0, 1.3003633335021656
192.0, 1.2155777394649732
193.0, 1.2131393210477834
194.0, 1.128449657077481
195.0, 1.044033705380277
196.0, 0.9599636766605487
197.0, 0.8763391330820424
198.0, 0.7933009674518954
199.0, 0.7110546440851229
200.0, 0.6299103789519751
201.0, 0.5503559287476417
202.0, 0.4731937627284678
203.0, 0.3998114315058224
204.0, 0.3327193707634515
205.0, 0.27653445398392484
206.0, 0.23907449320185883
207.0, 0.22969113770460747
208.0, 0.25154649260250317
209.0, 0.2978411057296883
210.0, 0.3592481782889284
211.0, 0.42933113188648087
212.0, 0.5044873242110283
213.0, 0.5827569366791133
214.0, 0.6630385267979224
215.0, 0.7446814489458579
216.0, 0.8272829720612421
217.0, 0.8323390833511679
218.0, 0.9133783028409543
219.0, 0.9951763671975055
220.0, 0.9999614329591283
221.0, 1.0048232392507155
222.0, 1.009760677599552
223.0, 1.0147726440290408
224.0, 1.0198580397626194
225.0, 1.0250157718896782
226.0, 1.0302447539939774
227.0, 1.0355439067451502
228.0, 1.0409121584539605
229.0, 1.0463484455920677
230.0, 1.0518517132770986
231.0, 1.0518517132770986
232.0, 1.0518517132770986
233.0, 1.0518517132770986
234.0, 1.0518517132770986
235.0, 1.0518517132770986
236.0, 1.0518517132770986
237.0, 1.0518517132770986
238.0, 1.0518517132770986
239.0, 1.0518517132770986
240.0, 1.0518517132770986
241.0, 1.0518517132770986
242.0, 1.0518517132770986
243.0, 1.0518517132770986
244.0, 1.0518517132770986
245.0, 1.0518517132770986
246.0, 1.0518517132770986
247.0, 1.0518517132770986
248.0, 1.0518517132770986
249.0, 1.0518517132770986
250.0, 1.0518517132770986
251.0, 1.0518517132770986
252.0, 1.0518517132770986
253.0, 1.0518517132770986
254.0, 1.0518517132770986
255.0, 1.0518517132770986
256.0, 1.0518517132770986
257.0, 1.0518517132770986
258.0, 1.0518517132770986
259.0, 1.0518517132770986
260.0, 1.0518517132770986
261.0, 1.0463484455920677
262.0, 1.0409121584539605
263.0, 1.0355439067451502
264.0, 1.0302447539939774
265.0, 1.0250157718896782
266.0, 1.0198580397626194
267.0, 1.0147726440290408
268.0, 1.009760677599552
269.0, 1.0048232392507155
270.0, 0.9999614329591283
271.0, 0.9951763671975055
272.0, 0.990469154192372
273.0, 0.9858409091430829
274.0, 0.9812927494020045
275.0, 0.9768257936158367
276.0, 0.9724411608281761
277.0, 0.9681399695435938
278.0, 0.963923336753639
279.0, 0.9597924743827799
280.0, 0.9557483917035381
281.0, 0.9517921948747587
282.0, 0.9479249842807458
ee_dist
0.0, 1.1888573016402288
1.0, 1.2334201403483713
2.0, 1.3328290330498727
3.0, 1.4205379911371396
4.0, 1.4507799403765693
5.0, 1.4764264804025602
6.0, 1.5096690070971175
7.0, 1.543401239868328
8.0, 1.5778809939281233
9.0, 1.6119272502730972
10.0, 1.645702126272786
11.0, 1.6774782261820205
12.0, 1.7082050797239448
13.0, 1.7362921036793895
14.0, 1.7637626675345115
15.0, 1.7883373914886962
16.0, 1.8125647906265447
17.0, 1.8337723437888225
18.0, 1.8550653625664915
19.0, 1.873434258531394
20.0, 1.8923072250444928
21.0, 1.8655214218205898
22.0, 1.8275392894335378
23.0, 1.7865240648078249
24.0, 1.741991731037897
25.0, 1.6941810563593411
26.0, 1.6431802178151973
27.0, 1.5892762260433684
28.0, 1.5326093223422865
29.0, 1.4735660885709927
30.0, 1.4123646707247135
31.0, 1.3495175830431323
32.0, 1.2853613962911237
33.0, 1.2205786061664734
34.0, 1.1556936909078575
35.0, 1.0916481137511487
36.0, 1.029281654671878
37.0, 0.9699142110048249
38.0, 0.9148224977281777
39.0, 0.8657093751726176
40.0, 0.8243116895287257
41.0, 0.8381066932939806
42.0, 0.7984588747746743
43.0, 0.8943013065438674
44.0, 0.850460437165983
45.0, 0.8051474615064345
46.0, 0.758045616746846
47.0, 0.7089979922841584
48.0, 0.6583182379660801
49.0, 0.6059789249396325
50.0, 0.5527114341671011
51.0, 0.4992007929282342
52.0, 0.4460765734085195
53.0, 0.3937345132353376
54.0, 0.3432025996092371
55.0, 0.2959419604701293
56.0, 0.31011648772113903
57.0, 0.3722209197250686
58.0, 0.4461256597247908
59.0, 0.5315057764191681
60.0, 0.6232646641931193
61.0, 0.7158704350183063
62.0, 0.8042095217266219
63.0, 0.878535152219569
64.0, 0.9386576575516077
65.0, 0.9983417636813059
66.0, 1.054065380217456
67.0, 1.108056529212891
68.0, 1.1603313034552212
69.0, 1.213085574362221
70.0, 1.2656059752695255
71.0, 1.324863345261891
72.0, 1.3889062808008985
73.0, 1.4609462396632151
74.0, 1.5441188009925932
75.0, 1.635834462385964
76.0, 1.7340497293534765
77.0, 1.8331776850249637
78.0, 1.9272800518694784
79.0, 2.010805216306419
80.0, 2.077178807488368
81.0, 2.140184375187601
82.0, 2.2012475599254255
83.0, 2.260672569270083
84.0, 2.319137283034514
85.0, 2.3770658852560844
86.0, 2.4279024170408983
87.0, 2.4648669415590416
88.0, 2.506712418575297
89.0, 2.5581538673340662
90.0, 2.625438260864744
91.0, 2.7254121462868706
92.0, 2.8298707882665264
93.0, 2.938396408063082
94.0, 3.0402556041048525
95.0, 3.1359764642798176
96.0, 3.210336599835158
97.0, 3.2793561793436568
98.0, 3.346055107571336
99.0, 3.41139458068271
100.0, 3.473562585586318
101.0, 3.537741791395688
102.0, 3.6179274403931463
103.0, 3.6853924462788514
104.0, 3.758046081581914
105.0, 3.8273170011811675
106.0, 3.9057985279860232
107.0, 4.0046645740543845
108.0, 4.108616454474199
109.0, 4.21687560448733
110.0, 4.321987171184208
111.0, 4.421075496339316
112.0, 4.498245169575747
113.0, 4.566995459615142
114.0, 4.612390038083558
115.0, 4.658612941702195
116.0, 4.702407689625523
117.0, 4.746481134815207
118.0, 4.787270754328853
119.0, 4.827962151944933
120.0, 4.864922621056772
121.0, 4.901331414728802
122.0, 4.933611699600316
123.0, 4.964951917346804
124.0, 4.991838201389632
125.0, 5.017462010678738
126.0, 5.038375744947281
127.0, 5.05777177822573
128.0, 5.072271219141032
129.0, 5.085064890086476
130.0, 5.092844556927356
131.0, 5.098796624613648
132.0, 5.099690429595855
133.0, 5.098699648588328
134.0, 5.092671988022534
135.0, 5.0847739807189
136.0, 5.071927725770263
137.0, 5.057292825838979
138.0, 5.03786876486073
139.0, 5.0168038807604125
140.0, 4.991177851106806
141.0, 4.964129523435278
142.0, 4.932812926585407
143.0, 4.3765121895344254
144.0, 4.36025455359506
145.0, 4.344609819765086
146.0, 4.332966530679119
147.0, 4.321985356750849
148.0, 4.315356827499728
149.0, 4.309415767882893
150.0, 4.3080346757039765
151.0, 4.2239613380881655
152.0, 4.141862489653644
153.0, 4.057809490264668
154.0, 3.9757316083511705
155.0, 3.89170158187527
156.0, 3.809647539375726
157.0, 3.7256435899915585
158.0, 3.643616684159668
159.0, 3.5596425004635126
160.0, 3.477646664353367
161.0, 3.3937066633333677
162.0, 3.311746626370402
163.0, 3.2278461420251596
164.0, 3.1459276416741706
165.0, 3.0620731752533854
166.0, 2.980203239748879
167.0, 2.9786443904561346
168.0, 2.8963841298139896
169.0, 2.8121535067059376
170.0, 2.729904386999647
171.0, 2.645685171079328
172.0, 2.5634487591059414
173.0, 2.4792435034567673
174.0, 2.482377391876478
175.0, 2.3985029704039
176.0, 2.3166345022368873
177.0, 2.320760564051056
178.0, 2.3295713663976794
179.0, 2.339127903435147
180.0, 2.3530867961436086
181.0, 2.2784969403471336
182.0, 2.2659221148360325
183.0, 2.254039668687448
184.0, 2.2467090878593226
185.0, 2.24017280175784
186.0, 2.238398845042342
187.0, 2.221116032565189
188.0, 2.2408356962532996
189.0, 2.2461789553864353
190.0, 2.235323473826767
191.0, 2.267079710408125
192.0, 2.1924408510067264
193.0, 2.205807364718065
194.0, 2.137478578162857
195.0, 2.0686812095108547
196.0, 2.0025933833744665
197.0, 1.9362544328972981
198.0, 1.8728291641751353
199.0, 1.8077490852177047
200.0, 1.8428969817791583
201.0, 1.776499644779541
202.0, 1.6986078337471147
203.0, 1.1989617300991302
204.0, 1.1586762160349167
205.0, 1.2060347067924801
206.0, 1.6823768059395523
207.0, 1.448068977398866
208.0, 1.419675736043515
209.0, 1.147992891889259
210.0, 1.3145941168132182
211.0, 1.2495214899499811
212.0, 1.242867371454848
213.0, 1.2273693840937259
214.0, 1.218333008030378
215.0, 1.2123349655320785
216.0, 1.2175392439986985
217.0, 1.246308456276976
218.0, 1.2608214148847416
219.0, 1.2808959869191656
220.0, 1.2534044483731202
221.0, 1.2230956606607577
222.0, 1.193899659014285
223.0, 1.1647375115507557
224.0, 1.1358522948867749
225.0, 1.1072011153351902
226.0, 1.0796353574080058
227.0, 1.0524511484033723
228.0, 1.0272252513327778
229.0, 1.0025809944022637
230.0, 0.9807954821567361
231.0, 0.9598315977621996
232.0, 0.9426033766201044
233.0, 0.9264470119851697
234.0, 0.9147951304228522
235.0, 0.9044306033972662
236.0, 0.8991318277241733
237.0, 0.8952470397643894
238.0, 0.8966906718073291
239.0, 0.8995434372606017
240.0, 0.9076444684395092
241.0, 0.9066878065798882
242.0, 0.9076444684395092
243.0, 0.9140042570202997
244.0, 0.9248970688145562
245.0, 0.9371017211450073
246.0, 0.9518288458769495
247.0, 0.9677796747161104
248.0, 0.9860445158015825
249.0, 1.0052603676125105
250.0, 1.0265558813807303
251.0, 1.0485067886211745
252.0, 1.072229897350013
253.0, 1.0962763433333673
254.0, 1.121712706099214
255.0, 1.1587823404460085
256.0, 1.1904825995971364
257.0, 1.2213891370963703
258.0, 1.2515386459221565
259.0, 1.2807313078115912
260.0, 1.3093180212333804
261.0, 1.3368155958394188
262.0, 1.363638356630119
263.0, 1.3313834873200772
264.0, 1.2925168800763343
265.0, 1.2515910455864943
266.0, 1.2083656390998474
267.0, 1.1630335080587095
268.0, 1.1156778558229645
269.0, 1.0665378389219926
270.0, 1.0157092319768162
271.0, 0.9634371438924169
272.0, 0.909861141506187
273.0, 0.8564271681294624
274.0, 0.7927785127178083
275.0, 0.7342387751169037
276.0, 0.6706643044582878
277.0, 0.6154699889320859
278.0, 0.5682220630175042
279.0, 0.5120117876279444
280.0, 0.46234319395069273
281.0, 0.4196583294974399
282.0, 0.3850011249932877
ee_box_dist
0.0, 0.7505387117381788
1.0, 0.8050373254608687
2.0, 0.8475853866497935
3.0, 0.9091706653634721
4.0, 0.9403610404918058
5.0, 0.9739841225822864
6.0, 1.008932027616452
7.0, 1.0409325937698914
8.0, 1.0806563366332427
9.0, 1.175015724896441
10.0, 1.3885246944912288
11.0, 1.487971899939411
12.0, 1.540235622481559
13.0, 1.5702405578546228
14.0, 1.594051884502944
15.0, 1.610242829743223
16.0, 1.6322642059254278
17.0, 1.6476288359396698
18.0, 1.6622665235966467
19.0, 1.6749802217413967
20.0, 1.6879719362292815
21.0, 1.6811971212375687
22.0, 1.6697700982961685
23.0, 1.6550285827832354
24.0, 1.6367270748602232
25.0, 1.614987549840537
26.0, 1.589751721058189
27.0, 1.5611746671469757
28.0, 1.5292108100338895
29.0, 1.494070904919111
30.0, 1.4557281381141374
31.0, 1.414452335998847
32.0, 1.3702695857166078
33.0, 1.3235637005214091
34.0, 1.2744552286087558
35.0, 1.2233137645531884
36.0, 1.1702738023909964
37.0, 1.1155272584868092
38.0, 1.0593189398294565
39.0, 1.0023408677351866
40.0, 0.9450112027592651
41.0, 0.9556571473043731
42.0, 0.9660249673502904
43.0, 0.9762566279969233
44.0, 0.9862103557536551
45.0, 0.9959927824728914
46.0, 1.0055126126711145
47.0, 1.0148233686792978
48.0, 1.0238958313980027
49.0, 1.0327312896030676
50.0, 1.0413445367868746
51.0, 1.0497038142336375
52.0, 1.0578241972316
53.0, 1.0656464830650008
54.0, 1.073154772519
55.0, 1.0802727950042414
56.0, 1.0869822112768825
57.0, 1.0932640838441057
58.0, 1.099109454119783
59.0, 1.1045667137872834
60.0, 1.1095726224765252
61.0, 1.1142326952865267
62.0, 1.1184354651186132
63.0, 1.1223003351080503
64.0, 1.125724504366814
65.0, 1.1288168103895635
66.0, 1.1314946868492821
67.0, 1.1338457928592767
68.0, 1.1357904627086401
69.0, 1.1373980285061214
70.0, 1.1385967462509516
71.0, 1.139453186942564
72.0, 1.139899925710028
73.0, 1.1400033218430163
74.0, 1.1396978950631835
75.0, 1.1390497567792035
76.0, 1.137994236943309
77.0, 1.1365967258009027
78.0, 1.1347933205825467
79.0, 1.1326495700920585
80.0, 1.1301024642014155
81.0, 1.1272177605841214
82.0, 1.12393138133807
83.0, 1.120311553833868
84.0, 1.1162945798719874
85.0, 1.111950142504646
86.0, 1.1386125321577782
87.0, 1.1820460413542364
88.0, 1.212681413963852
89.0, 1.2371817999235073
90.0, 1.25358169226615
91.0, 1.2527858030688508
92.0, 1.2534174215518517
93.0, 1.2528013987656792
94.0, 1.2534169134215816
95.0, 1.2528016777167177
96.0, 1.2534169058220042
97.0, 1.2528016777167177
98.0, 1.253416871878822
99.0, 1.2528016777167177
100.0, 1.253416871878822
101.0, 1.2528016777167177
102.0, 1.2374483599660628
103.0, 1.2368827767535213
104.0, 1.2373457091790203
105.0, 1.2447768595318964
106.0, 1.2536711328690666
107.0, 1.2526528666277825
108.0, 1.2534171353863581
109.0, 1.252857959294748
110.0, 1.2527151192230965
111.0, 1.251941189043825
112.0, 1.2534348023977684
113.0, 1.2528188189839697
114.0, 1.2534379734730474
115.0, 1.2526652888224226
116.0, 1.2534617233841254
117.0, 1.2528189376812917
118.0, 1.253437628109071
119.0, 1.2528219971861674
120.0, 1.2534371938382176
121.0, 1.2528219971861674
122.0, 1.253437201436482
123.0, 1.2528219971861674
124.0, 1.253437201436482
125.0, 1.2528219971861674
126.0, 1.253437201436482
127.0, 1.2528219971861674
128.0, 1.253437201436482
129.0, 1.2528219971861674
130.0, 1.253437201436482
131.0, 1.2528219971861674
132.0, 1.253437201436482
133.0, 1.2528219971861674
134.0, 1.253437201436482
135.0, 1.2528219971861674
136.0, 1.253437201436482
137.0, 1.2528219971861674
138.0, 1.253437201436482
139.0, 1.2528219971861674
140.0, 1.253437201436482
141.0, 1.2528219971861674
142.0, 1.253437201436482
143.0, 1.8331354239947082
144.0, 1.821218269812703
145.0, 1.8093435579845456
146.0, 1.7948659262206723
147.0, 1.7804410747793835
148.0, 1.7636864986245282
149.0, 1.7469977042829534
150.0, 1.7283083875444016
151.0, 1.7716802572665873
152.0, 1.8168446127598943
153.0, 1.8656986723634852
154.0, 1.9158169256494981
155.0, 1.9693572774880346
156.0, 2.0236947033783954
157.0, 2.081216050994593
158.0, 2.139131044733978
159.0, 2.2000245520507735
160.0, 2.260968512561336
161.0, 2.324717493056117
162.0, 2.3882276309491934
163.0, 2.454398180736422
164.0, 2.5200871877478375
165.0, 2.5883170305952934
166.0, 2.655862056782815
167.0, 2.6431711205603747
168.0, 2.7089543248755814
169.0, 2.77721433980534
170.0, 2.844722340098958
171.0, 2.914625027216427
172.0, 2.9836242477103854
173.0, 3.054949141165084
174.0, 3.0406835380856703
175.0, 3.109977347475655
176.0, 3.178359113045918
177.0, 3.164511079046294
178.0, 3.1473794503765937
179.0, 3.1301107210494283
180.0, 3.1099056376282608
181.0, 3.1664855566609003
182.0, 3.184967165863056
183.0, 3.203317808830761
184.0, 3.218493432582008
185.0, 3.2335142626533946
186.0, 3.2450609794640144
187.0, 3.2689937124846633
188.0, 3.2645295579864015
189.0, 3.271503113614239
190.0, 3.2932901804451786
191.0, 3.2772868966294393
192.0, 3.3568805866398854
193.0, 3.3580871820090583
194.0, 3.4363469678460277
195.0, 3.5165594874334865
196.0, 3.5951285533088515
197.0, 3.675708368340391
198.0, 3.754597175417767
199.0, 3.832534436190738
200.0, 3.8771644510169327
201.0, 3.985701774211836
202.0, 3.7007078973128853
203.0, 4.14778354054617
204.0, 4.287238076939703
205.0, 5.058270733938274
206.0, 4.485885997600725
207.0, 4.491379856106029
208.0, 4.5596477863709355
209.0, 4.838263295639581
210.0, 4.93885870153858
211.0, 4.821362901062824
212.0, 4.883689933802138
213.0, 4.966697739452414
214.0, 5.047119712239586
215.0, 5.133152862107662
216.0, 5.211419769653075
217.0, 5.209398566753808
218.0, 5.290193910512536
219.0, 5.3722534061956475
220.0, 5.379915225827859
221.0, 5.371240898951258
222.0, 5.367783515940277
223.0, 5.362921723381262
224.0, 5.354196758933831
225.0, 5.34512013664938
226.0, 5.332169232804195
227.0, 5.3189571685917345
228.0, 5.30213207924621
229.0, 5.285086045994264
230.0, 5.264787606697906
231.0, 5.24430913965706
232.0, 5.221026633980408
233.0, 5.197608832238287
234.0, 5.171913882842819
235.0, 5.146137393259201
236.0, 5.118677598501964
237.0, 5.091199323060657
238.0, 5.062688329155157
239.0, 5.0342282617491545
240.0, 5.005432203106027
241.0, 5.005457681275769
242.0, 5.005432203106027
243.0, 5.007512763510724
244.0, 5.012561873686733
245.0, 5.017511750310349
246.0, 5.022570480961068
247.0, 5.027615077186188
248.0, 5.032730669008838
249.0, 5.037786945342318
250.0, 5.042881567469532
251.0, 5.047894276292371
252.0, 5.0529037943768556
253.0, 5.057823543626513
254.0, 5.0626845813959
255.0, 5.068193844059079
256.0, 5.073469415050216
257.0, 5.078506092467063
258.0, 5.083211830472965
259.0, 5.087626309239421
260.0, 5.091677920074683
261.0, 5.095450115419181
262.0, 5.098815385646913
263.0, 5.1016771992776
264.0, 5.105011126125747
265.0, 5.10757271882958
266.0, 5.109386704366441
267.0, 5.110419618599878
268.0, 5.110676200467837
269.0, 5.110154222104861
270.0, 5.10881885841689
271.0, 5.1067353020412956
272.0, 5.103872335739944
273.0, 5.099969450638055
274.0, 5.096439114417226
275.0, 5.099871041235653
276.0, 5.130668465065971
277.0, 5.124773563803152
278.0, 5.120796438426146
279.0, 5.118896164502074
280.0, 5.114813803539877
281.0, 5.103472233234306
282.0, 5.092592947058265
spot_hold
0, 0
1, 0
2, 0
3, 0
4, 0
5, 0
6, 0
7, 0
8, 0
9, 0
10, 0
11, 0
12, 0
13, 0
14, 0
15, 0
16, 0
17, 0
18, 0
19, 0
20, 0
21, 0
22, 0
23, 0
24, 0
25, 0
26, 0
27, 0
28, 0
29, 0
30, 0
31, 0
32, 0
33, 0
34, 0
35, 0
36, 0
37, 0
38, 0
39, 0
40, 0
41, 1
42, 1
43, 1
44, 1
45, 1
46, 1
47, 1
48, 1
49, 1
50, 1
51, 1
52, 1
53, 1
54, 1
55, 1
56, 1
57, 1
58, 1
59, 1
60, 1
61, 1
62, 1
63, 1
64, 1
65, 1
66, 1
67, 1
68, 1
69, 1
70, 1
71, 1
72, 1
73, 1
74, 1
75, 1
76, 1
77, 1
78, 1
79, 1
80, 1
81, 1
82, 1
83, 1
84, 1
85, 1
86, 1
87, 1
88, 1
89, 1
90, 1
91, 1
92, 1
93, 1
94, 1
95, 1
96, 1
97, 1
98, 1
99, 1
100, 1
101, 1
102, 1
103, 1
104, 1
105, 1
106, 1
107, 1
108, 1
109, 1
110, 1
111, 1
112, 1
113, 1
114, 1
115, 1
116, 1
117, 1
118, 1
119, 1
120, 1
121, 1
122, 1
123, 1
124, 1
125, 1
126, 1
127, 1
128, 1
129, 1
130, 1
131, 1
132, 1
133, 1
134, 1
135, 1
136, 1
137, 1
138, 1
139, 1
140, 1
141, 1
142, 1
143, 1
144, 1
145, 1
146, 1
147, 1
148, 1
149, 1
150, 1
151, 1
152, 1
153, 1
154, 1
155, 1
156, 1
157, 1
158, 1
159, 1
160, 1
161, 1
162, 1
163, 1
164, 1
165, 1
166, 1
167, 1
168, 1
169, 1
170, 1
171, 1
172, 1
173, 1
174, 1
175, 1
176, 1
177, 1
178, 1
179, 1
180, 1
181, 1
182, 1
183, 1
184, 1
185, 1
186, 1
187, 1
188, 1
189, 1
190, 1
191, 1
192, 1
193, 1
194, 1
195, 1
196, 1
197, 1
198, 1
199, 1
200, 1
201, 1
202, 1
203, 1
204, 1
205, 1
206, 1
207, 1
208, 1
209, 1
210, 1
211, 1
212, 1
213, 1
214, 1
215, 1
216, 1
217, 1
218, 1
219, 1
220, 1
221, 1
222, 1
223, 1
224, 1
225, 1
226, 1
227, 1
228, 1
229, 1
230, 1
231, 1
232, 1
233, 1
234, 1
235, 1
236, 1
237, 1
238, 1
239, 1
240, 1
241, 1
242, 1
243, 1
244, 1
245, 1
246, 1
247, 1
248, 1
249, 1
250, 1
251, 1
252, 1
253, 1
254, 1
255, 1
256, 1
257, 1
258, 1
259, 1
260, 1
261, 1
262, 1
263, 1
264, 1
265, 1
266, 1
267, 1
268, 1
269, 1
270, 1
271, 1
272, 1
273, 1
274, 1
275, 1
276, 1
277, 1
278, 1
279, 1
280, 1
281, 1
282, 1
