bot_dist
0.0, 3.0416515250109764
1.0, 3.0455717147694985
2.0, 3.049519658759691
3.0, 3.053495249329038
4.0, 3.057498378633023
5.0, 3.0615289386460973
6.0, 3.0655868211725488
7.0, 3.0696719178572662
8.0, 3.073784120196404
9.0, 3.077923319547943
10.0, 3.082089407142151
11.0, 3.086282274091931
12.0, 3.090501811403068
13.0, 3.0947479099843673
14.0, 3.099020460657681
15.0, 3.103319354167835
16.0, 3.107644481192429
17.0, 3.111995732351547
18.0, 3.116372998217334
19.0, 3.1207761693234786
20.0, 3.1252051361745736
21.0, 3.129659789255363
22.0, 3.134140019039878
23.0, 3.138645716000459
24.0, 3.143176770616657
25.0, 3.1477330733840283
26.0, 3.152314514822805
27.0, 3.1569209854864586
28.0, 3.161552375970139
29.0, 3.1662085769190007
30.0, 3.170889479036416
31.0, 3.1755949730920667
32.0, 3.180324836870089
33.0, 3.185079073196841
34.0, 3.1898575730961185
35.0, 3.1946602276892304
36.0, 3.1994869282025027
37.0, 3.204337565974673
38.0, 3.209212032464173
39.0, 3.214110219256287
40.0, 3.219032018070199
41.0, 3.2239773207659237
42.0, 3.2289460193511266
43.0, 3.2339380059878198
44.0, 3.238953172998955
45.0, 3.2439914128748937
46.0, 3.2490526182797703
47.0, 3.2541366820577373
48.0, 3.259243497239104
49.0, 3.264372957046354
50.0, 3.269524954900063
51.0, 3.2746993844246974
52.0, 3.279896139454306
53.0, 3.2851151140380996
54.0, 3.2903562024459267
55.0, 3.295619299173637
56.0, 3.300904298948338
57.0, 3.306211096733546
58.0, 3.3115395877342286
59.0, 3.3168896674017456
60.0, 3.322261231438682
61.0, 3.327654175803581
62.0, 3.3330683967155665
63.0, 3.338503790658875
64.0, 3.343960254387274
65.0, 3.349437684928392
66.0, 3.354935979587935
67.0, 3.3604550359538186
68.0, 3.3659947519001907
69.0, 3.3715550255913684
70.0, 3.377135755485664
71.0, 3.3827368403391307
72.0, 3.388358179209208
73.0, 3.3939996714582694
74.0, 3.3996612167570874
75.0, 3.4053427150881954
76.0, 3.411044066749173
77.0, 3.41676517235583
78.0, 3.422505932845306
79.0, 3.428266249479087
80.0, 3.434046023845927
81.0, 3.4398451578646925
82.0, 3.4456635537871145
83.0, 3.4515011142004655
84.0, 3.4573577420301467
85.0, 3.463233340542197
86.0, 3.4691278133457213
87.0, 3.475041064395239
88.0, 3.480972997992954
89.0, 3.486923518790948
90.0, 3.492892531793294
91.0, 3.4988799423580996
92.0, 3.504885656199472
93.0, 3.5109095793894083
94.0, 3.516951618359621
95.0, 3.5230116799032802
96.0, 3.5290896711766955
97.0, 3.5351854997009244
98.0, 3.5412990733633096
99.0, 3.547430300418957
100.0, 3.553579089492136
101.0, 3.553579089492136
102.0, 3.553579089492136
103.0, 3.553579089492136
104.0, 3.553579089492136
105.0, 3.553579089492136
106.0, 3.553579089492136
107.0, 3.553579089492136
108.0, 3.553579089492136
109.0, 3.553579089492136
110.0, 3.553579089492136
111.0, 3.553579089492136
112.0, 3.553579089492136
113.0, 3.553579089492136
114.0, 3.553579089492136
115.0, 3.553579089492136
116.0, 3.553579089492136
117.0, 3.553579089492136
118.0, 3.553579089492136
119.0, 3.553579089492136
120.0, 3.553579089492136
121.0, 3.553579089492136
122.0, 3.553579089492136
123.0, 3.553579089492136
124.0, 3.553579089492136
125.0, 3.553579089492136
126.0, 3.553579089492136
127.0, 3.553579089492136
128.0, 3.553579089492136
129.0, 3.553579089492136
130.0, 3.553579089492136
131.0, 3.547430300418957
132.0, 3.5412990733633096
133.0, 3.5351854997009244
134.0, 3.5290896711766955
135.0, 3.5230116799032802
136.0, 3.516951618359621
137.0, 3.5109095793894083
138.0, 3.504885656199472
139.0, 3.4988799423580996
140.0, 3.492892531793294
141.0, 3.486923518790948
142.0, 3.480972997992954
143.0, 3.4797090256883516
144.0, 3.4738037206429278
145.0, 3.467917195560881
146.0, 3.462049546236965
147.0, 3.456200868808241
148.0, 3.450371259751714
149.0, 3.444560815881896
150.0, 3.4387696343482808
151.0, 3.3498992590725174
152.0, 3.261083515011053
153.0, 3.172326941783138
154.0, 3.0836347016106416
155.0, 2.9950125098435594
156.0, 2.906466774107243
157.0, 2.8180047014842238
158.0, 2.729634426056517
159.0, 2.6413651614206
160.0, 2.553207384007012
161.0, 2.465173054626645
162.0, 2.3772758877535605
163.0, 2.2895316808158763
164.0, 2.201958719447879
165.0, 2.114578279604089
166.0, 2.02741525414063
167.0, 2.022487694535198
168.0, 1.9370860614662517
169.0, 1.8521641838015452
170.0, 1.7677909665554763
171.0, 1.684048877723132
172.0, 1.6010369537063873
173.0, 1.5188749175471332
174.0, 1.5150072908949512
175.0, 1.4369240976083146
176.0, 1.3604457492608948
177.0, 1.3572574380808173
178.0, 1.3541354693633503
179.0, 1.3510803030052019
180.0, 1.3480923931867157
181.0, 1.293636944796281
182.0, 1.2912647229269878
183.0, 1.2889657187171797
184.0, 1.2867403246183788
185.0, 1.2845889231923404
186.0, 1.2825118868051215
187.0, 1.2805095773257376
188.0, 1.278582345829934
189.0, 1.276730532309596
190.0, 1.27495446538833
191.0, 1.273254462043731
192.0, 1.271630827336861
193.0, 1.2700838541494492
194.0, 1.268613822929318
195.0, 1.1849179860993941
196.0, 1.101385129264166
197.0, 1.0180553714187337
198.0, 1.0168209841089495
199.0, 0.934328745773778
200.0, 0.8521190946965599
201.0, 0.7702825522681023
202.0, 0.6889520894269295
203.0, 0.608330720198886
204.0, 0.5287429064910016
205.0, 0.4507364746792764
206.0, 0.37529880157408607
207.0, 0.30434605917356916
208.0, 0.24185815971538233
209.0, 0.19610131953210913
210.0, 0.180298635708789
211.0, 0.201620884259444
212.0, 0.25077056509000983
213.0, 0.31497981534768044
214.0, 0.38682063576320247
215.0, 0.46275245937079873
216.0, 0.5410555100384694
217.0, 0.62083321683045
218.0, 0.7015827058764289
219.0, 0.7028036104572933
220.0, 0.7830905405841729
221.0, 0.8639113333733475
222.0, 0.9451290421986382
223.0, 0.9462406197598239
224.0, 0.9474564495083531
225.0, 0.9487761306556312
226.0, 0.9501992305007126
227.0, 0.9517252851226551
228.0, 0.953353800115587
229.0, 0.9550842513638471
230.0, 0.9569160858544641
231.0, 0.9569160858544641
232.0, 0.9569160858544641
233.0, 0.9569160858544641
234.0, 0.9569160858544641
235.0, 0.9569160858544641
236.0, 0.9569160858544641
237.0, 0.9569160858544641
238.0, 0.9569160858544641
239.0, 0.9569160858544641
240.0, 0.9569160858544641
241.0, 0.9569160858544641
242.0, 0.9569160858544641
243.0, 0.9569160858544641
244.0, 0.9569160858544641
245.0, 0.9569160858544641
246.0, 0.9569160858544641
247.0, 0.9569160858544641
248.0, 0.9569160858544641
249.0, 0.9569160858544641
250.0, 0.9569160858544641
251.0, 0.9569160858544641
252.0, 0.9569160858544641
253.0, 0.9569160858544641
254.0, 0.9569160858544641
255.0, 0.9569160858544641
256.0, 0.9569160858544641
257.0, 0.9569160858544641
258.0, 0.9569160858544641
259.0, 0.9569160858544641
260.0, 0.9569160858544641
261.0, 0.9550842513638471
262.0, 0.953353800115587
263.0, 0.9517252851226551
264.0, 0.9501992305007126
265.0, 0.9487761306556312
266.0, 0.9474564495083531
267.0, 0.9462406197598239
268.0, 0.9451290421986382
269.0, 0.9441220850539157
270.0, 0.9432200833957943
271.0, 0.9424233385857778
272.0, 0.9417321177790083
273.0, 0.9411466534803632
274.0, 0.940667143156077
275.0, 0.9402937489023961
276.0, 0.9400265971725523
277.0, 0.9398657785631263
278.0, 0.9398113476606427
279.0, 0.9398633229489984
280.0, 0.9400216867780931
281.0, 0.940286385393784
282.0, 0.9406573290290478
ee_dist
0.0, 1.3436316866555507
1.0, 1.4000900235586002
2.0, 1.5063290137704197
3.0, 1.5974667128463516
4.0, 1.6289552312472573
5.0, 1.6547501280924772
6.0, 1.6872775385879772
7.0, 1.7213827431053272
8.0, 1.7564843816697726
9.0, 1.7941463177122792
10.0, 1.8335790660003928
11.0, 1.874081792472838
12.0, 1.907608712609953
13.0, 1.9382937588902451
14.0, 1.9737678366537867
15.0, 2.0063042829428817
16.0, 2.043733699049247
17.0, 2.0658603785606844
18.0, 2.094365360139356
19.0, 2.131424438092655
20.0, 2.157204816142927
21.0, 2.1213520636557086
22.0, 2.0785410219392135
23.0, 2.031910483520505
24.0, 1.9813681021490428
25.0, 1.9272076893931018
26.0, 1.8695962022171397
27.0, 1.8089180698024716
28.0, 1.745404304791561
29.0, 1.679565820895261
30.0, 1.6117271071308916
31.0, 1.542556355796411
32.0, 1.4725241382612082
33.0, 1.4024921373394594
34.0, 1.3331522228135315
35.0, 1.2656377602488433
36.0, 1.2009674931754777
37.0, 1.1406208142104466
38.0, 1.0859920634956155
39.0, 1.0388017852267355
40.0, 1.0006920202316327
41.0, 1.0139491390564213
42.0, 0.9188852143642735
43.0, 0.7945631834434733
44.0, 0.748263494989922
45.0, 0.7009763072872154
46.0, 0.6527252377481193
47.0, 0.6028141289930171
48.0, 0.5523549863741315
49.0, 0.5018094012220907
50.0, 0.45116637923111036
51.0, 0.4024710175002925
52.0, 0.3572003671956564
53.0, 0.31707745603446774
54.0, 0.2849278759677878
55.0, 0.26388967588113255
56.0, 0.2581836103634363
57.0, 0.26839133376346647
58.0, 0.2499626516496059
59.0, 0.23889835788295538
60.0, 0.25555511150974103
61.0, 0.3036528205747573
62.0, 0.3741116880078915
63.0, 0.45461009329704505
64.0, 0.5352205438690016
65.0, 0.6015442555860031
66.0, 0.6618766765535804
67.0, 0.722038680304466
68.0, 0.7762653341186992
69.0, 0.8288751450859235
70.0, 0.8803521937106757
71.0, 0.9300108357595539
72.0, 0.9811137965653108
73.0, 1.0389956117857857
74.0, 1.1012730862754663
75.0, 1.1748751043538108
76.0, 1.2579333052044435
77.0, 1.3507034111865603
78.0, 1.4484547607701332
79.0, 1.546259939794387
80.0, 1.6395284656013696
81.0, 1.7186352710832875
82.0, 1.7836308388854805
83.0, 1.848024461732503
84.0, 1.9091602676824742
85.0, 1.9689453894335758
86.0, 2.016880229792591
87.0, 2.045305946214061
88.0, 2.077029036100329
89.0, 2.117011077716632
90.0, 2.1638168501309356
91.0, 2.2635220785500993
92.0, 2.352827236190305
93.0, 2.447770732399019
94.0, 2.5449127957660704
95.0, 2.6518551952126335
96.0, 2.7520872997818513
97.0, 2.842550778384494
98.0, 2.915933682558884
99.0, 2.9845424206618363
100.0, 3.049593919259783
101.0, 3.114121958699852
102.0, 3.1779965029985737
103.0, 3.240367556687029
104.0, 3.301956766514767
105.0, 3.371543330498373
106.0, 3.4460149177504857
107.0, 3.5265386664052945
108.0, 3.615789244221406
109.0, 3.7155610866666606
110.0, 3.822331050153855
111.0, 3.9305030585927083
112.0, 4.031988049020447
113.0, 4.127397204276554
114.0, 4.203338633650599
115.0, 4.2773421823275015
116.0, 4.336602060277823
117.0, 4.401985756369412
118.0, 4.465766839769643
119.0, 4.5291870181200675
120.0, 4.589945491683406
121.0, 4.658659658905962
122.0, 4.733014859917323
123.0, 4.77691838181814
124.0, 4.819302876201114
125.0, 4.863144038231839
126.0, 4.906734561194358
127.0, 4.9486043326571565
128.0, 4.987790531483549
129.0, 5.027400915040334
130.0, 5.065713681215085
131.0, 5.10134724701753
132.0, 5.133389692529635
133.0, 5.165004829246957
134.0, 5.194526881074752
135.0, 5.220653684584124
136.0, 5.242545530340926
137.0, 5.2633954363745215
138.0, 5.281619299572117
139.0, 5.29599401846737
140.0, 5.305761232656096
141.0, 5.314129869154802
142.0, 5.319603404210686
143.0, 4.671496905662356
144.0, 4.6630168214216505
145.0, 4.65516875251382
146.0, 4.649451710321148
147.0, 4.647174955336152
148.0, 4.649158158491894
149.0, 4.651729406556756
150.0, 4.656500454119716
151.0, 4.574926742647687
152.0, 4.495012031908953
153.0, 4.413158170242309
154.0, 4.3309686125272355
155.0, 4.249688864974396
156.0, 4.170081992674147
157.0, 4.0885581571678005
158.0, 4.006719393606766
159.0, 3.9258104612481732
160.0, 3.8465890413901604
161.0, 3.7654844350037098
162.0, 3.6840922563561658
163.0, 3.603655892025118
164.0, 3.524931395773271
165.0, 3.4443662979277003
166.0, 3.3635535838610564
167.0, 3.374021885707171
168.0, 3.298265141402136
169.0, 3.220892641192162
170.0, 3.1434599366682807
171.0, 3.067174270513019
172.0, 2.99276330369757
173.0, 2.9168684880110147
174.0, 2.930679977936391
175.0, 2.8593084447051695
176.0, 2.7900019623497667
177.0, 2.807186436681564
178.0, 2.826179210179072
179.0, 2.847771280883347
180.0, 2.8720961301678014
181.0, 2.8226227850037753
182.0, 2.7982808929057397
183.0, 2.776100615393113
184.0, 2.757054263549803
185.0, 2.7384625645530787
186.0, 2.721641420177353
187.0, 2.707891531146352
188.0, 2.6981825685483853
189.0, 2.689121074057347
190.0, 2.6822883972769556
191.0, 2.679035383357858
192.0, 2.6801692360379032
193.0, 2.6820261357668063
194.0, 2.68622556121137
195.0, 2.6057962746583643
196.0, 2.527111896593463
197.0, 2.4466785333436243
198.0, 2.4543452045133844
199.0, 2.3771930453477554
200.0, 2.301953965058647
201.0, 2.225326304040493
202.0, 2.1488361975116588
203.0, 2.0737277991582963
204.0, 1.9878600816778131
205.0, 1.9411177639248838
206.0, 1.8549259720332905
207.0, 1.766116261682237
208.0, 1.8421060302290881
209.0, 1.6283651222141662
210.0, 1.5884389997507715
211.0, 1.5205731573926753
212.0, 1.4458016411057562
213.0, 1.343943666608237
214.0, 1.3163792149001896
215.0, 1.258341906781571
216.0, 1.2021965003745045
217.0, 1.1241358785998175
218.0, 1.101231579054637
219.0, 1.1253219566068644
220.0, 1.0898600009449169
221.0, 1.0581992705861056
222.0, 1.032967106397751
223.0, 1.0057563464088461
224.0, 0.9792936196291128
225.0, 0.9545952313122573
226.0, 0.9325295642886039
227.0, 0.9112971300102528
228.0, 0.8918511855204712
229.0, 0.8756001250978059
230.0, 0.8635732726943962
231.0, 0.8528174888564668
232.0, 0.8447567459982267
233.0, 0.8409002348478114
234.0, 0.84207941776696
235.0, 0.8446345550679776
236.0, 0.850098179594402
237.0, 0.8597199340008189
238.0, 0.8738836479150495
239.0, 0.8734284631659727
240.0, 0.8725482702169997
241.0, 0.8724874513837945
242.0, 0.8738836479150495
243.0, 0.8816479788619644
244.0, 0.8954677719170335
245.0, 0.9101222462502249
246.0, 0.926661201881188
247.0, 0.9439836727509829
248.0, 0.9630697846640801
249.0, 0.9826907218710368
250.0, 1.0039346669690574
251.0, 1.025476611041965
252.0, 1.048422133389701
253.0, 1.0714076230732767
254.0, 1.0954944425354574
255.0, 1.1193488049462013
256.0, 1.143960056331561
257.0, 1.168089602959122
258.0, 1.1926470814343328
259.0, 1.2165253221915953
260.0, 1.2405706503390306
261.0, 1.2637531136660007
262.0, 1.2868983293046397
263.0, 1.2602242600942535
264.0, 1.226930249573939
265.0, 1.19187414502768
266.0, 1.1547813610366764
267.0, 1.115851295137077
268.0, 1.0751309659028863
269.0, 1.0328425340594214
270.0, 0.9890543867183763
271.0, 0.9440412884179841
272.0, 0.8979122160609183
273.0, 0.851012453043802
274.0, 0.8035179652599921
275.0, 0.7630314657724968
276.0, 0.7204119205878252
277.0, 0.6965729498567852
278.0, 0.6571276743492929
279.0, 0.6187133477849466
280.0, 0.5846115590495377
281.0, 0.5542245439898648
282.0, 0.5288271772044495
ee_box_dist
0.0, 0.8364473728484266
1.0, 0.8815838581508375
2.0, 0.9052571305235999
3.0, 0.9392791184591316
4.0, 0.9733649040485338
5.0, 1.008996004460277
6.0, 1.0458074808409992
7.0, 1.0814507352853708
8.0, 1.1154761603438041
9.0, 1.1512941407946207
10.0, 1.1881452337527738
11.0, 1.225623424237803
12.0, 1.256264756982561
13.0, 1.2840234030615507
14.0, 1.3161949572036165
15.0, 1.3456442335867436
16.0, 1.3796935047579355
17.0, 1.3994060872897305
18.0, 1.4249761150885227
19.0, 1.458594544302041
20.0, 1.4818665395817452
21.0, 1.4521817673774309
22.0, 1.4167557620454994
23.0, 1.377817609032973
24.0, 1.3352286444883705
25.0, 1.2891901618731174
26.0, 1.2397291917195474
27.0, 1.1870613042326652
28.0, 1.1313973173713923
29.0, 1.0728442591212013
30.0, 1.0115793757469007
31.0, 0.9479143026164382
32.0, 0.8820230850137165
33.0, 0.8144479077372632
34.0, 0.7452863776882285
35.0, 0.6753672722643157
36.0, 0.6051225345124879
37.0, 0.5354534520897075
38.0, 0.4674949257405882
39.0, 0.4034286652401267
40.0, 0.3463632630616844
41.0, 0.36049831136407345
42.0, 0.37466738775993935
43.0, 0.38895145137725645
44.0, 0.403206497706508
45.0, 0.41747241348873115
46.0, 0.4309646867602702
47.0, 0.4454566360982312
48.0, 0.45858518727911696
49.0, 0.4717414804905645
50.0, 0.4859736649963137
51.0, 0.4995131249816312
52.0, 0.513029896567273
53.0, 0.5257530978228047
54.0, 0.538946873722548
55.0, 0.5517589588767086
56.0, 0.5643146390423476
57.0, 0.5766061861877332
58.0, 0.588506667138815
59.0, 0.6000820828027921
60.0, 0.6113629354656955
61.0, 0.6224035797655366
62.0, 0.6330648293841292
63.0, 0.6433707459381467
64.0, 0.6533179726047451
65.0, 0.6630420308525455
66.0, 0.6724162885350882
67.0, 0.6814055324659363
68.0, 0.6900422262435958
69.0, 0.6983240844760598
70.0, 0.7062563970561039
71.0, 0.7138240737576644
72.0, 0.7209740488088173
73.0, 0.7277905896467396
74.0, 0.7341680357943337
75.0, 0.7401960347833728
76.0, 0.7457994848261967
77.0, 0.7509813537698778
78.0, 0.7557475221149342
79.0, 0.7600809556719994
80.0, 0.7639870664805531
81.0, 0.7674517049154309
82.0, 0.7704074142916961
83.0, 0.7729884270142372
84.0, 0.7750081472341537
85.0, 0.7768359198769312
86.0, 0.7985033136719277
87.0, 0.8431183940115059
88.0, 0.880202586976022
89.0, 0.9131404219372133
90.0, 0.941747261892571
91.0, 0.9205235177571917
92.0, 0.9232910290297318
93.0, 0.9304316069162782
94.0, 0.9396371300091595
95.0, 0.9392139738192159
96.0, 0.9402446630337353
97.0, 0.9400586040403124
98.0, 0.9391112874955897
99.0, 0.9391732580503112
100.0, 0.9404261487610467
101.0, 0.9400787517097455
102.0, 0.9391107683268658
103.0, 0.9390696634237197
104.0, 0.9405552042515952
105.0, 0.94012256515257
106.0, 0.9391437520646867
107.0, 0.9390387630604599
108.0, 0.9405970900066661
109.0, 0.9401528684092638
110.0, 0.9391690893370396
111.0, 0.9391143780861114
112.0, 0.9406313977697853
113.0, 0.9401485868799233
114.0, 0.9391691807286168
115.0, 0.9323939562683897
116.0, 0.9411507960105118
117.0, 0.9400192229859772
118.0, 0.9390603964263341
119.0, 0.93911834982901
120.0, 0.9404369124947163
121.0, 0.9401048190226079
122.0, 0.9391205483734074
123.0, 0.9390960640241908
124.0, 0.9405662578852897
125.0, 0.9401117906337784
126.0, 0.9391267367562212
127.0, 0.9390751364030766
128.0, 0.9406061182196769
129.0, 0.9401121306126744
130.0, 0.9391700183313572
131.0, 0.9391511478664436
132.0, 0.9406353326393405
133.0, 0.9401521082852929
134.0, 0.9391897161008346
135.0, 0.9391166418569883
136.0, 0.9406090743264643
137.0, 0.9401261917805884
138.0, 0.9391722534656192
139.0, 0.9391178365691063
140.0, 0.940636296757205
141.0, 0.9401543671639159
142.0, 0.9391794565569235
143.0, 1.656939902617821
144.0, 1.6496319424983883
145.0, 1.6423901285159077
146.0, 1.633638391381242
147.0, 1.6225357310760362
148.0, 1.6084255398046954
149.0, 1.5943841450387148
150.0, 1.5789496901041116
151.0, 1.6450366427667114
152.0, 1.7113521260807096
153.0, 1.7805939967571316
154.0, 1.851294008697969
155.0, 1.9224927490892505
156.0, 1.9932599240545175
157.0, 2.066594445592151
158.0, 2.140985234109336
159.0, 2.2154253217498305
160.0, 2.289046757701247
161.0, 2.3650313561473433
162.0, 2.4418158728520956
163.0, 2.5184100739616953
164.0, 2.593957301982803
165.0, 2.671726621984556
166.0, 2.750161977302878
167.0, 2.7391272248969987
168.0, 2.813685287831114
169.0, 2.8904557754140687
170.0, 2.9679453503246
171.0, 3.0450768757552873
172.0, 3.121065368910855
173.0, 3.199198682920262
174.0, 3.1884688275987205
175.0, 3.2643244502076594
176.0, 3.339061977132514
177.0, 3.326562649076376
178.0, 3.3123990251819575
179.0, 3.2957046481378947
180.0, 3.276008212018834
181.0, 3.3402456461773977
182.0, 3.3591042756720815
183.0, 3.3756005813694405
184.0, 3.3888028938059804
185.0, 3.4018316280213297
186.0, 3.4131862600501215
187.0, 3.421777572083893
188.0, 3.4267021204937587
189.0, 3.4314350998300367
190.0, 3.4343374314971276
191.0, 3.4343344770880724
192.0, 3.43058801048927
193.0, 3.4266219301453886
194.0, 3.420855381343423
195.0, 3.499880697331065
196.0, 3.5776212505634577
197.0, 3.657438861282854
198.0, 3.6500959423308195
199.0, 3.727776111285687
200.0, 3.804229410743384
201.0, 3.882761675846894
202.0, 3.9618529614720472
203.0, 4.040429874239069
204.0, 4.130495418796785
205.0, 4.186400316672379
206.0, 4.2792906679196125
207.0, 4.378089540797289
208.0, 4.336111507742847
209.0, 4.524834902907166
210.0, 4.586100353149169
211.0, 4.666756144225541
212.0, 4.750027648579578
213.0, 4.876791503721655
214.0, 4.913335268611218
215.0, 4.993670798458803
216.0, 5.074775376231092
217.0, 5.162436812149576
218.0, 5.239117847161897
219.0, 5.227833075044778
220.0, 5.307085722147836
221.0, 5.3861267351550595
222.0, 5.463901185307332
223.0, 5.471100979174199
224.0, 5.476527795188927
225.0, 5.478902107744917
226.0, 5.477440222190262
227.0, 5.475650794408799
228.0, 5.471972475575816
229.0, 5.465257314486828
230.0, 5.454812158989284
231.0, 5.444145301675422
232.0, 5.431690765337877
233.0, 5.4164892972361525
234.0, 5.398048061877295
235.0, 5.379472676768493
236.0, 5.359387783547088
237.0, 5.337116236856364
238.0, 5.312430152805839
239.0, 5.312758305893306
240.0, 5.313300104129966
241.0, 5.313320103204734
242.0, 5.3124324125793025
243.0, 5.3116354508829104
244.0, 5.308887249913795
245.0, 5.305877395153507
246.0, 5.301972891933032
247.0, 5.297640140307111
248.0, 5.292319567521696
249.0, 5.286502531067993
250.0, 5.279551618759367
251.0, 5.272105939721539
252.0, 5.263601276102233
253.0, 5.254730420789237
254.0, 5.2448361587929035
255.0, 5.234751606310741
256.0, 5.22376517456829
257.0, 5.212780560288904
258.0, 5.201009863146518
259.0, 5.189374006319396
260.0, 5.177131393120244
261.0, 5.165135483013708
262.0, 5.152603084850807
263.0, 5.1762190480664465
264.0, 5.206283810370908
265.0, 5.236762441426152
266.0, 5.267786600701461
267.0, 5.2990663772888205
268.0, 5.330475337773233
269.0, 5.361618337878921
270.0, 5.39231555591872
271.0, 5.422376908861065
272.0, 5.451537347310429
273.0, 5.4795935845723305
274.0, 5.506335904512901
275.0, 5.520246624856324
276.0, 5.537480478885523
277.0, 5.531206696677121
278.0, 5.546955649544237
279.0, 5.562351912667656
280.0, 5.574615919984977
281.0, 5.585347184134633
282.0, 5.594156962177656
spot_hold
0, 0
1, 0
2, 0
3, 0
4, 0
5, 0
6, 0
7, 0
8, 0
9, 0
10, 0
11, 0
12, 0
13, 0
14, 0
15, 0
16, 0
17, 0
18, 0
19, 0
20, 0
21, 0
22, 0
23, 0
24, 0
25, 0
26, 0
27, 0
28, 0
29, 0
30, 0
31, 0
32, 0
33, 0
34, 0
35, 0
36, 0
37, 0
38, 0
39, 0
40, 0
41, 1
42, 1
43, 1
44, 1
45, 1
46, 1
47, 1
48, 1
49, 1
50, 1
51, 1
52, 1
53, 1
54, 1
55, 1
56, 1
57, 1
58, 1
59, 1
60, 1
61, 1
62, 1
63, 1
64, 1
65, 1
66, 1
67, 1
68, 1
69, 1
70, 1
71, 1
72, 1
73, 1
74, 1
75, 1
76, 1
77, 1
78, 1
79, 1
80, 1
81, 1
82, 1
83, 1
84, 1
85, 1
86, 1
87, 1
88, 1
89, 1
90, 1
91, 1
92, 1
93, 1
94, 1
95, 1
96, 1
97, 1
98, 1
99, 1
100, 1
101, 1
102, 1
103, 1
104, 1
105, 1
106, 1
107, 1
108, 1
109, 1
110, 1
111, 1
112, 1
113, 1
114, 1
115, 1
116, 1
117, 1
118, 1
119, 1
120, 1
121, 1
122, 1
123, 1
124, 1
125, 1
126, 1
127, 1
128, 1
129, 1
130, 1
131, 1
132, 1
133, 1
134, 1
135, 1
136, 1
137, 1
138, 1
139, 1
140, 1
141, 1
142, 1
143, 1
144, 1
145, 1
146, 1
147, 1
148, 1
149, 1
150, 1
151, 1
152, 1
153, 1
154, 1
155, 1
156, 1
157, 1
158, 1
159, 1
160, 1
161, 1
162, 1
163, 1
164, 1
165, 1
166, 1
167, 1
168, 1
169, 1
170, 1
171, 1
172, 1
173, 1
174, 1
175, 1
176, 1
177, 1
178, 1
179, 1
180, 1
181, 1
182, 1
183, 1
184, 1
185, 1
186, 1
187, 1
188, 1
189, 1
190, 1
191, 1
192, 1
193, 1
194, 1
195, 1
196, 1
197, 1
198, 1
199, 1
200, 1
201, 1
202, 1
203, 1
204, 1
205, 1
206, 1
207, 1
208, 1
209, 1
210, 1
211, 1
212, 1
213, 1
214, 1
215, 1
216, 1
217, 1
218, 1
219, 1
220, 1
221, 1
222, 1
223, 1
224, 1
225, 1
226, 1
227, 1
228, 1
229, 1
230, 1
231, 1
232, 1
233, 1
234, 1
235, 1
236, 1
237, 1
238, 1
239, 1
240, 1
241, 1
242, 1
243, 1
244, 1
245, 1
246, 1
247, 1
248, 1
249, 1
250, 1
251, 1
252, 1
253, 1
254, 1
255, 1
256, 1
257, 1
258, 1
259, 1
260, 1
261, 1
262, 1
263, 1
264, 1
265, 1
266, 1
267, 1
268, 1
269, 1
270, 1
271, 1
272, 1
273, 1
274, 1
275, 1
276, 1
277, 1
278, 1
279, 1
280, 1
281, 1
282, 1
