bot_dist
0.0, 3.093404120526522
1.0, 3.0976683293756886
2.0, 3.1019589155724248
3.0, 3.1062757698145087
4.0, 3.110618782739144
5.0, 3.114987844932589
6.0, 3.1193828469396583
7.0, 3.12380367927313
8.0, 3.1282502324230226
9.0, 3.132722396865772
10.0, 3.1372200630732836
11.0, 3.141743121521876
12.0, 3.14629146270111
13.0, 3.1508649771224935
14.0, 3.155463555328084
15.0, 3.1600870878989635
16.0, 3.1647354654636035
17.0, 3.169408578706111
18.0, 3.174106318374358
19.0, 3.1788284624118113
20.0, 3.183575013432758
21.0, 3.1883458624317815
22.0, 3.1931409004985776
23.0, 3.1979600188255017
24.0, 3.202803108715001
25.0, 3.2076700615869256
26.0, 3.2125607689857323
27.0, 3.2174751225875635
28.0, 3.222413014207218
29.0, 3.227374335805
30.0, 3.2323589794934624
31.0, 3.2373668375440245
32.0, 3.2423978023934863
33.0, 3.2474517666504226
34.0, 3.2525286231014667
35.0, 3.2576282647174812
36.0, 3.262750584659615
37.0, 3.2678954762852537
38.0, 3.2730628331538516
39.0, 3.278252549032661
40.0, 3.2834645179023476
41.0, 3.288698633962495
42.0, 3.2939547916370073
43.0, 3.2992328855793955
44.0, 3.304532810677966
45.0, 3.3098544620608967
46.0, 3.315197735101206
47.0, 3.320562525421624
48.0, 3.3259487288993546
49.0, 3.3313562416707345
50.0, 3.336784960135792
51.0, 3.3422347809627038
52.0, 3.347705601092147
53.0, 3.353197317741558
54.0, 3.3587098284092898
55.0, 3.364243030878667
56.0, 3.3697968232219457
57.0, 3.3753711038041865
58.0, 3.380965771287014
59.0, 3.3865807246322994
60.0, 3.3922158631057355
61.0, 3.397871086280332
62.0, 3.403546294039808
63.0, 3.4092413865818982
64.0, 3.414956264421574
65.0, 3.4206908283941666
66.0, 3.4264449796584087
67.0, 3.432218619699391
68.0, 3.438011650331424
69.0, 3.443823973700825
70.0, 3.4496554922886147
71.0, 3.455506108913137
72.0, 3.4613757267325855
73.0, 3.467264249247466
74.0, 3.473171580302964
75.0, 3.4790976240912395
76.0, 3.4850422851536473
77.0, 3.491005468382876
78.0, 3.4969870790250073
79.0, 3.5029870226815136
80.0, 3.5090052053111673
81.0, 3.5150415332318867
82.0, 3.5210959131225046
83.0, 3.527168252024472
84.0, 3.5332584573434853
85.0, 3.539366436851049
86.0, 3.545492098685971
87.0, 3.5516353513557855
88.0, 3.55779610373812
89.0, 3.5639742650819883
90.0, 3.5701697450090206
91.0, 3.5763824535146385
92.0, 3.5826123009691577
93.0, 3.5888591981188385
94.0, 3.595123056086869
95.0, 3.6014037863742967
96.0, 3.607701300860893
97.0, 3.614015511805971
98.0, 3.620346331849136
99.0, 3.626693674010992
100.0, 3.6330574516937837
101.0, 3.6330574516937837
102.0, 3.6330574516937837
103.0, 3.6330574516937837
104.0, 3.6330574516937837
105.0, 3.6330574516937837
106.0, 3.6330574516937837
107.0, 3.6330574516937837
108.0, 3.6330574516937837
109.0, 3.6330574516937837
110.0, 3.6330574516937837
111.0, 3.6330574516937837
112.0, 3.6330574516937837
113.0, 3.6330574516937837
114.0, 3.6330574516937837
115.0, 3.6330574516937837
116.0, 3.6330574516937837
117.0, 3.6330574516937837
118.0, 3.6330574516937837
119.0, 3.6330574516937837
120.0, 3.6330574516937837
121.0, 3.6330574516937837
122.0, 3.6330574516937837
123.0, 3.6330574516937837
124.0, 3.6330574516937837
125.0, 3.6330574516937837
126.0, 3.6330574516937837
127.0, 3.6330574516937837
128.0, 3.6330574516937837
129.0, 3.6330574516937837
130.0, 3.6330574516937837
131.0, 3.626693674010992
132.0, 3.620346331849136
133.0, 3.614015511805971
134.0, 3.607701300860893
135.0, 3.6014037863742967
136.0, 3.595123056086869
137.0, 3.5888591981188385
138.0, 3.5826123009691577
139.0, 3.5763824535146385
140.0, 3.5701697450090206
141.0, 3.5639742650819883
142.0, 3.55779610373812
143.0, 3.5562027744806564
144.0, 3.5500674255665103
145.0, 3.543949672121696
146.0, 3.53784960542602
147.0, 3.5317673171251176
148.0, 3.525702899229002
149.0, 3.5196564441105544
150.0, 3.51362804450395
151.0, 3.424419357734304
152.0, 3.3352460236464787
153.0, 3.246110907935515
154.0, 3.1570172994005117
155.0, 3.0679688141404147
156.0, 2.978969498684078
157.0, 2.890023895639942
158.0, 2.801137121666404
159.0, 2.712314960529677
160.0, 2.6235639747443806
161.0, 2.5348916402418165
162.0, 2.4463065097585455
163.0, 2.3578184122900776
164.0, 2.269438698160638
165.0, 2.1811805422320902
166.0, 2.0930593218164115
167.0, 2.087679178709125
168.0, 2.000822598664716
169.0, 1.9142992474242686
170.0, 1.8281562103655997
171.0, 1.7424498941877757
172.0, 1.6572480567070118
173.0, 1.572632694754511
174.0, 1.5680889119149872
175.0, 1.48667779889118
176.0, 1.4064412264055255
177.0, 1.4024532814413422
178.0, 1.3985254697489886
179.0, 1.3946582993931527
180.0, 1.3908522762012876
181.0, 1.3298995268275011
182.0, 1.326636332209664
183.0, 1.3234406537657586
184.0, 1.3203129817432295
185.0, 1.3172538005631214
186.0, 1.3142635884992047
187.0, 1.3113428173556134
188.0, 1.2322482592054727
189.0, 1.2297148577652963
190.0, 1.1498546159043799
191.0, 1.0714755769472084
192.0, 0.9949277903049171
193.0, 0.9206681408067872
194.0, 0.8492970415120705
195.0, 0.7816061831860175
196.0, 0.7186362836073625
197.0, 0.6617364371774592
198.0, 0.6126003902288686
199.0, 0.5732281269945985
200.0, 0.5457369830750318
201.0, 0.531972128464329
202.0, 0.5329980843106551
203.0, 0.5487318944108466
204.0, 0.5779736565428683
205.0, 0.6188113808102428
206.0, 0.6691252678175842
207.0, 0.7269503729227719
208.0, 0.7906403651484593
209.0, 0.8588915245597373
210.0, 0.9307009383082941
211.0, 1.0053063094685326
212.0, 1.0821296463985215
213.0, 1.0911954868971845
214.0, 1.165868092510584
215.0, 1.2423681268981732
216.0, 1.2511522906478354
217.0, 1.2599545845821407
218.0, 1.2687746313593924
219.0, 1.277612063307226
220.0, 1.2864665221413696
221.0, 1.295337658692996
222.0, 1.3042251326444267
223.0, 1.3131286122729453
224.0, 1.3220477742024859
225.0, 1.330982303162969
226.0, 1.339931891757053
227.0, 1.3488962402340832
228.0, 1.3578750562710231
229.0, 1.3668680547601524
230.0, 1.3758749576033238
231.0, 1.3758749576033238
232.0, 1.3758749576033238
233.0, 1.3758749576033238
234.0, 1.3758749576033238
235.0, 1.3758749576033238
236.0, 1.3758749576033238
237.0, 1.3758749576033238
238.0, 1.3758749576033238
239.0, 1.3758749576033238
240.0, 1.3758749576033238
241.0, 1.3758749576033238
242.0, 1.3758749576033238
243.0, 1.3758749576033238
244.0, 1.3758749576033238
245.0, 1.3758749576033238
246.0, 1.3758749576033238
247.0, 1.3758749576033238
248.0, 1.3758749576033238
249.0, 1.3758749576033238
250.0, 1.3758749576033238
251.0, 1.3758749576033238
252.0, 1.3758749576033238
253.0, 1.3758749576033238
254.0, 1.3758749576033238
255.0, 1.3758749576033238
256.0, 1.3758749576033238
257.0, 1.3758749576033238
258.0, 1.3758749576033238
259.0, 1.3758749576033238
260.0, 1.3758749576033238
261.0, 1.3668680547601524
262.0, 1.3578750562710231
263.0, 1.3488962402340832
264.0, 1.339931891757053
265.0, 1.330982303162969
266.0, 1.3220477742024859
267.0, 1.3131286122729453
268.0, 1.3042251326444267
269.0, 1.295337658692996
270.0, 1.2864665221413696
271.0, 1.277612063307226
272.0, 1.2687746313593924
273.0, 1.2599545845821407
274.0, 1.2511522906478354
275.0, 1.2423681268981732
276.0, 1.2336024806342611
277.0, 1.2248557494157868
278.0, 1.2161283413695252
279.0, 1.207420882870895
280.0, 1.1987335958092613
281.0, 1.1900669219289315
282.0, 1.1814213148726969
ee_dist
0.0, 0.8873614610079608
1.0, 0.8901893962367635
2.0, 0.9643314029297392
3.0, 1.0395384717483795
4.0, 1.0654486132480172
5.0, 1.0906202054722627
6.0, 1.1256252071135733
7.0, 1.1621673193025195
8.0, 1.1986797229593915
9.0, 1.2342976464323079
10.0, 1.2693026739178666
11.0, 1.302029369957812
12.0, 1.3333920279357518
13.0, 1.3805845401799057
14.0, 1.4186625128010568
15.0, 1.4488219075164137
16.0, 1.4773196924297642
17.0, 1.5023168757868692
18.0, 1.5252771717633924
19.0, 1.545102335751605
20.0, 1.5637446898755125
21.0, 1.5380882815166632
22.0, 1.5034126096741798
23.0, 1.4655994802592291
24.0, 1.4242339674065283
25.0, 1.3795046903277577
26.0, 1.3314265618272993
27.0, 1.2802236758209518
28.0, 1.2259303327341018
29.0, 1.1688444531585258
30.0, 1.1090320777039586
31.0, 1.0468780751857345
32.0, 0.9825060109456909
33.0, 0.9164131782803431
34.0, 0.8488375192940562
35.0, 0.7804839727744441
36.0, 0.7118617781528394
37.0, 0.6441086137966392
38.0, 0.5775498618005667
39.0, 0.5162984499188003
40.0, 0.4608902086739835
41.0, 0.4765400951465409
42.0, 0.7066049797720825
43.0, 1.2161045476982897
44.0, 1.176113464894635
45.0, 1.1347738883482574
46.0, 1.0905646385035184
47.0, 1.0445457182576452
48.0, 0.9958362493303056
49.0, 0.9452187561689193
50.0, 0.8926731800799785
51.0, 0.839005952598536
52.0, 0.7842602143216282
53.0, 0.7285573541974347
54.0, 0.6719768941234637
55.0, 0.6146621703711193
56.0, 0.5575111648287631
57.0, 0.5007905112926179
58.0, 0.553763927704867
59.0, 0.6285653340266794
60.0, 0.712185948172076
61.0, 0.8042174692741428
62.0, 0.8990822471094838
63.0, 0.9916685063252103
64.0, 1.077949715249032
65.0, 1.1444785782253162
66.0, 1.2007228637629357
67.0, 1.2581510425790543
68.0, 1.310970761441429
69.0, 1.3633510568019709
70.0, 1.4161355254268815
71.0, 1.4672580740287895
72.0, 1.5235492401812205
73.0, 1.5851037342528747
74.0, 1.6514058542401062
75.0, 1.7287779345674652
76.0, 1.8153745393820773
77.0, 1.911313264501011
78.0, 2.011432862594159
79.0, 2.1105607423581585
80.0, 2.2043088304192517
81.0, 2.28279489291744
82.0, 2.346280092527098
83.0, 2.4086411911417134
84.0, 2.4685824637486578
85.0, 2.5278322386754977
86.0, 2.576532065203119
87.0, 2.604832712108403
88.0, 2.63562262547789
89.0, 2.675112151957964
90.0, 2.7263018898109945
91.0, 2.810906193623488
92.0, 2.903791049117185
93.0, 3.006378938805389
94.0, 3.1133038233281867
95.0, 3.221560432362405
96.0, 3.3225290923260045
97.0, 3.413329334743436
98.0, 3.4845988093485363
99.0, 3.55273083468099
100.0, 3.6175695392625373
101.0, 3.68205305999671
102.0, 3.744262141365677
103.0, 3.8074880880935686
104.0, 3.870703127196012
105.0, 3.9411396618856274
106.0, 4.015051354658589
107.0, 4.0971507170220836
108.0, 4.1880675142603625
109.0, 4.289061087578434
110.0, 4.395185972131447
111.0, 4.504606225398762
112.0, 4.607097768259881
113.0, 4.702665473843663
114.0, 4.776683998548268
115.0, 4.845247692975975
116.0, 4.889411791588273
117.0, 4.934562017528996
118.0, 4.977471500706001
119.0, 5.020340117955649
120.0, 5.060246598316637
121.0, 5.099590250101372
122.0, 5.135523966066034
123.0, 5.170453821848987
124.0, 5.201582792476917
125.0, 5.23133874824063
126.0, 5.256972672685089
127.0, 5.280930167885691
128.0, 5.300512909207681
129.0, 5.31818446826294
130.0, 5.331300426178865
131.0, 5.342337925505627
132.0, 5.348706847522997
133.0, 5.352897780578911
134.0, 5.352381000050351
135.0, 5.349655759826146
136.0, 5.342249563539678
137.0, 5.332674228076484
138.0, 5.3185168172592245
139.0, 5.302297492780306
140.0, 5.28064401723641
141.0, 5.281255175999721
142.0, 5.2806440175127
143.0, 4.6504133768573634
144.0, 4.63960683406887
145.0, 4.629963160757657
146.0, 4.62419604688168
147.0, 4.61963877971133
148.0, 4.619109612523127
149.0, 4.619793314671751
150.0, 4.624523022263835
151.0, 4.541520149922764
152.0, 4.459974306322497
153.0, 4.377051214914973
154.0, 4.29558869090223
155.0, 4.212755038927496
156.0, 4.131385981927365
157.0, 4.048652653935088
158.0, 3.9673887729980497
159.0, 3.884768618670677
160.0, 3.8036236452549086
161.0, 3.721131782561263
162.0, 3.6401219220734538
163.0, 3.5577761486661355
164.0, 3.4769206568592215
165.0, 3.3947425390120594
166.0, 3.314064466254871
167.0, 3.3217389929040797
168.0, 3.2431548851981384
169.0, 3.1634037994616886
170.0, 3.085250002305077
171.0, 3.005969551696747
172.0, 2.9283164429131263
173.0, 2.8495855731632656
174.0, 2.862598958545959
175.0, 2.7873176846501755
176.0, 2.713847145649188
177.0, 2.728642215612815
178.0, 2.7469013020873425
179.0, 2.766068046179205
180.0, 2.7882060960982695
181.0, 2.7331622239739652
182.0, 2.711606768982376
183.0, 2.6908368698555623
184.0, 2.6732381295482135
185.0, 2.6566215763214602
186.0, 2.6436339015692023
187.0, 2.615996117992482
188.0, 2.553078686576124
189.0, 2.5440674162063557
190.0, 2.444858860580316
191.0, 2.383481029347605
192.0, 2.302488025090922
193.0, 2.221596625368468
194.0, 2.142097103659174
195.0, 2.061578520600597
196.0, 1.9827033346952854
197.0, 1.9027847945236185
198.0, 1.8246034830252682
199.0, 1.7454697646676474
200.0, 1.668171448285707
201.0, 1.5900620408457307
202.0, 1.513925169930315
203.0, 1.4371799203338236
204.0, 1.3626072255697765
205.0, 1.287723007806243
206.0, 1.2153121104441063
207.0, 1.1430354410471513
208.0, 1.0736962111834512
209.0, 1.0051793723502227
210.0, 0.9403292900791833
211.0, 0.8773805978351101
212.0, 0.8192498186056368
213.0, 0.7984969011941222
214.0, 0.7385459321013085
215.0, 0.6823827709203283
216.0, 0.661880779306748
217.0, 0.6427218153604866
218.0, 0.6274731097423177
219.0, 0.6140678514000556
220.0, 0.605330188137763
221.0, 0.598526412010434
222.0, 0.5974307420328236
223.0, 0.5985160663607942
224.0, 0.6046101365218143
225.0, 0.6130524811410466
226.0, 0.6261063449790133
227.0, 0.6411309338064773
228.0, 0.6599811378978152
229.0, 0.6595161111137914
230.0, 0.6599811378978152
231.0, 0.6595161111137914
232.0, 0.6599811378978152
233.0, 0.6595161111137914
234.0, 0.6599811378978152
235.0, 0.6595161111137914
236.0, 0.6599811378978152
237.0, 0.6595161111137914
238.0, 0.6599811378978152
239.0, 0.6595161111137914
240.0, 0.6599811378978152
241.0, 0.6595161111137914
242.0, 0.6599811378978152
243.0, 0.6657197401693646
244.0, 0.6772316920637181
245.0, 0.6899267050448559
246.0, 0.7048060388921323
247.0, 0.7207554556569874
248.0, 0.7386021233071369
249.0, 0.7571867633032675
250.0, 0.7773972837067478
251.0, 0.7980542991680575
252.0, 0.820038466024405
253.0, 0.842198148851853
254.0, 0.8653493776998352
255.0, 0.8978776713756292
256.0, 0.9261993346980546
257.0, 0.9537745849924419
258.0, 0.9805469532277755
259.0, 1.0064087841971292
260.0, 1.031583470255417
261.0, 1.0557785313933012
262.0, 1.0792268364727335
263.0, 1.0559871611084681
264.0, 1.0287286208675106
265.0, 1.0001890624225596
266.0, 0.970969524235061
267.0, 0.9391332502208625
268.0, 0.9066645198226436
269.0, 0.8723256985096349
270.0, 0.8377815296197917
271.0, 0.8033506526147144
272.0, 0.7685440412858439
273.0, 0.7337876054683413
274.0, 0.6992813347821811
275.0, 0.6654929775833287
276.0, 0.6326649605355485
277.0, 0.6013440662042204
278.0, 0.5717780172360128
279.0, 0.5447368594296623
280.0, 0.5208251343032175
281.0, 0.5007149835664308
282.0, 0.49150838065096736
ee_box_dist
0.0, 0.8714939708346194
1.0, 0.9077390678456381
2.0, 0.9388071194815644
3.0, 0.9720177854966261
4.0, 1.0069675661640656
5.0, 1.0432772153792516
6.0, 1.0806149912474006
7.0, 1.1148530465299282
8.0, 1.1477844838038753
9.0, 1.1793071892594407
10.0, 1.209698473524685
11.0, 1.2377797201068392
12.0, 1.2646708318323234
13.0, 1.3075656264822517
14.0, 1.3416449527956502
15.0, 1.367957320960935
16.0, 1.3928561882545143
17.0, 1.4145153897530174
18.0, 1.4343723442043315
19.0, 1.4513586732179546
20.0, 1.4673826330101327
21.0, 1.4406260037607441
22.0, 1.4050519451197334
23.0, 1.366348032689719
24.0, 1.324147821250117
25.0, 1.2786675030216246
26.0, 1.22994239818739
27.0, 1.1782101623747945
28.0, 1.1235618908371174
29.0, 1.0662558257190358
30.0, 1.006391221672443
31.0, 0.9443639766033725
32.0, 0.880294915468348
33.0, 0.8146745798659305
34.0, 0.7477224982525872
35.0, 0.6801686859632832
36.0, 0.6126287777054543
37.0, 0.5464651206577292
38.0, 0.4778118002613782
39.0, 0.40795454847261603
40.0, 0.3514998215352676
41.0, 0.36590284470050277
42.0, 0.38065009614025036
43.0, 0.395285796734582
44.0, 0.41015145937655717
45.0, 0.4248029646865373
46.0, 0.4396045790867525
47.0, 0.4541469504146244
48.0, 0.4687219008079498
49.0, 0.4830603862045375
50.0, 0.4972738545347051
51.0, 0.5112978228988396
52.0, 0.5250803662164784
53.0, 0.5386856844487969
54.0, 0.5520187881969709
55.0, 0.5651842155196419
56.0, 0.5780864380022968
57.0, 0.5908139354549015
58.0, 0.6032690044972043
59.0, 0.6155100659173118
60.0, 0.6274654754089617
61.0, 0.6391652548737778
62.0, 0.6505635455766878
63.0, 0.661680294151439
64.0, 0.6724727056498161
65.0, 0.6829589378801462
66.0, 0.6930941978249621
67.0, 0.7029017668967995
68.0, 0.7123393793981544
69.0, 0.7214349285286892
70.0, 0.7301493073173365
71.0, 0.7385060812263444
72.0, 0.7464689221787524
73.0, 0.7540574455066508
74.0, 0.7612388029365557
75.0, 0.7680289678987056
76.0, 0.7743981295959779
77.0, 0.7803584416418916
78.0, 0.7858825313392707
79.0, 0.790980098929919
80.0, 0.7956243173404782
81.0, 0.7998228023941488
82.0, 0.8035499202460303
83.0, 0.8068123897588849
84.0, 0.809584398031376
85.0, 0.8118745149844496
86.0, 0.8308218283011071
87.0, 0.8743444227859688
88.0, 0.9130039916863415
89.0, 0.9467452178707841
90.0, 0.97199491192196
91.0, 0.9706161743037784
92.0, 0.9715706674303525
93.0, 0.9708677514418423
94.0, 0.9715564235609145
95.0, 0.9708851175650784
96.0, 0.9715554549430501
97.0, 0.9708863948388902
98.0, 0.97155534267304
99.0, 0.9708865239703963
100.0, 0.97155534267304
101.0, 0.9708865239703963
102.0, 0.97155534267304
103.0, 0.9708865239703963
104.0, 0.97155534267304
105.0, 0.9708865239703963
106.0, 0.97155534267304
107.0, 0.9708865239703963
108.0, 0.97155534267304
109.0, 0.9708865070987113
110.0, 0.97155534267304
111.0, 0.9708864117105771
112.0, 0.9715552472638754
113.0, 0.9708864285822677
114.0, 0.9715552472638754
115.0, 0.9698242398809916
116.0, 0.9713001453764972
117.0, 0.9708683264555455
118.0, 0.9715615049683597
119.0, 0.9708878400551456
120.0, 0.9715599863017494
121.0, 0.9708908039144586
122.0, 0.9715597224870071
123.0, 0.9708908855919369
124.0, 0.9715597224870071
125.0, 0.970890902463546
126.0, 0.9715597224870071
127.0, 0.970890902463546
128.0, 0.9715597224870071
129.0, 0.970890902463546
130.0, 0.9715597224870071
131.0, 0.970890902463546
132.0, 0.9715597224870071
133.0, 0.9708908855919369
134.0, 0.9715597224870071
135.0, 0.9708908855919369
136.0, 0.9715597224870071
137.0, 0.970890902463546
138.0, 0.9715597224870071
139.0, 0.9708908855919369
140.0, 0.9715597224870071
141.0, 0.9708908855919369
142.0, 0.9715597505545567
143.0, 1.6961224713497685
144.0, 1.695238203076872
145.0, 1.6938711562638193
146.0, 1.6892968619853244
147.0, 1.68425614172931
148.0, 1.6760618541128467
149.0, 1.6674206399648888
150.0, 1.6557306795185196
151.0, 1.7304572153652085
152.0, 1.804699287263323
153.0, 1.880955330879627
154.0, 1.9565251367701049
155.0, 2.0339761721132477
156.0, 2.110591605783996
157.0, 2.1889908766817876
158.0, 2.2664420353631893
159.0, 2.345604197139681
160.0, 2.423732192579108
161.0, 2.503516047687473
162.0, 2.5821989743186258
163.0, 2.6624955091355296
164.0, 2.7416384779570895
165.0, 2.822361980175045
166.0, 2.9018901779743524
167.0, 2.894360743636473
168.0, 2.972565467839772
169.0, 3.0523724635249803
170.0, 3.1310284854481654
171.0, 3.2112594028076074
172.0, 3.2903022564128
173.0, 3.370897787523077
174.0, 3.3611146707687847
175.0, 3.440139655165977
176.0, 3.5180337297429896
177.0, 3.5079589959458097
178.0, 3.4945412991066878
179.0, 3.480464571608006
180.0, 3.4632760711472086
181.0, 3.531736711004961
182.0, 3.54737827993525
183.0, 3.562382131741424
184.0, 3.574123613344869
185.0, 3.5851712993854488
186.0, 3.5927676183207864
187.0, 3.6146730869537556
188.0, 3.6811758758608204
189.0, 3.6852702518342935
190.0, 3.785185710980941
191.0, 3.849348984836915
192.0, 3.932381212611085
193.0, 4.015581267230948
194.0, 4.097622125959735
195.0, 4.180994682129131
196.0, 4.263004472695691
197.0, 4.346442008327303
198.0, 4.428488043132205
199.0, 4.511971296358484
200.0, 4.594057712833443
201.0, 4.67758094037687
202.0, 4.759704066481491
203.0, 4.84326287820198
204.0, 4.9254192707131965
205.0, 5.009010163810333
206.0, 5.0911963662635
207.0, 5.174816722127759
208.0, 5.25702991815106
209.0, 5.340676612812438
210.0, 5.422914586960248
211.0, 5.506585257534627
212.0, 5.588845743190438
213.0, 5.590564491528119
214.0, 5.672869994470558
215.0, 5.7566003292910075
216.0, 5.754645928863763
217.0, 5.751809070560166
218.0, 5.745328926924245
219.0, 5.737967710727538
220.0, 5.727112673409257
221.0, 5.71574733006447
222.0, 5.700435817711281
223.0, 5.684605669879565
224.0, 5.6658836896742155
225.0, 5.646375847882147
226.0, 5.624313738102263
227.0, 5.601570423697406
228.0, 5.576727570686142
229.0, 5.5770452362863985
230.0, 5.576727570686142
231.0, 5.5770452362863985
232.0, 5.576727570686142
233.0, 5.5770452362863985
234.0, 5.576727570686142
235.0, 5.5770452362863985
236.0, 5.576727570686142
237.0, 5.5770452362863985
238.0, 5.576727597059993
239.0, 5.577045262661834
240.0, 5.576727597059993
241.0, 5.577045262661834
242.0, 5.576727597059993
243.0, 5.575714686805319
244.0, 5.576104231236045
245.0, 5.575821627125489
246.0, 5.574492714248053
247.0, 5.572464808157479
248.0, 5.569282883708217
249.0, 5.565326850943829
250.0, 5.560159477625123
251.0, 5.5542347294724745
252.0, 5.547119429764346
253.0, 5.53936493929026
254.0, 5.530510071921418
255.0, 5.517061263965368
256.0, 5.505165151507762
257.0, 5.492986993394288
258.0, 5.48039990334594
259.0, 5.467648243204028
260.0, 5.4545178378037384
261.0, 5.441504433752934
262.0, 5.428247568272229
263.0, 5.450146831450242
264.0, 5.476785726204594
265.0, 5.503808825909148
266.0, 5.530526560997321
267.0, 5.5590529300239
268.0, 5.586547311226364
269.0, 5.61496604179042
270.0, 5.641840983769412
271.0, 5.667841501404479
272.0, 5.6929214902526395
273.0, 5.716913415776278
274.0, 5.739622639752856
275.0, 5.760866629664411
276.0, 5.780637923802593
277.0, 5.79877464565226
278.0, 5.815287876501075
279.0, 5.830072207933907
280.0, 5.842867066804088
281.0, 5.853659949474254
282.0, 5.861583530313074
spot_hold
0, 0
1, 0
2, 0
3, 0
4, 0
5, 0
6, 0
7, 0
8, 0
9, 0
10, 0
11, 0
12, 0
13, 0
14, 0
15, 0
16, 0
17, 0
18, 0
19, 0
20, 0
21, 0
22, 0
23, 0
24, 0
25, 0
26, 0
27, 0
28, 0
29, 0
30, 0
31, 0
32, 0
33, 0
34, 0
35, 0
36, 0
37, 0
38, 0
39, 0
40, 0
41, 1
42, 1
43, 1
44, 1
45, 1
46, 1
47, 1
48, 1
49, 1
50, 1
51, 1
52, 1
53, 1
54, 1
55, 1
56, 1
57, 1
58, 1
59, 1
60, 1
61, 1
62, 1
63, 1
64, 1
65, 1
66, 1
67, 1
68, 1
69, 1
70, 1
71, 1
72, 1
73, 1
74, 1
75, 1
76, 1
77, 1
78, 1
79, 1
80, 1
81, 1
82, 1
83, 1
84, 1
85, 1
86, 1
87, 1
88, 1
89, 1
90, 1
91, 1
92, 1
93, 1
94, 1
95, 1
96, 1
97, 1
98, 1
99, 1
100, 1
101, 1
102, 1
103, 1
104, 1
105, 1
106, 1
107, 1
108, 1
109, 1
110, 1
111, 1
112, 1
113, 1
114, 1
115, 1
116, 1
117, 1
118, 1
119, 1
120, 1
121, 1
122, 1
123, 1
124, 1
125, 1
126, 1
127, 1
128, 1
129, 1
130, 1
131, 1
132, 1
133, 1
134, 1
135, 1
136, 1
137, 1
138, 1
139, 1
140, 1
141, 1
142, 1
143, 1
144, 1
145, 1
146, 1
147, 1
148, 1
149, 1
150, 1
151, 1
152, 1
153, 1
154, 1
155, 1
156, 1
157, 1
158, 1
159, 1
160, 1
161, 1
162, 1
163, 1
164, 1
165, 1
166, 1
167, 1
168, 1
169, 1
170, 1
171, 1
172, 1
173, 1
174, 1
175, 1
176, 1
177, 1
178, 1
179, 1
180, 1
181, 1
182, 1
183, 1
184, 1
185, 1
186, 1
187, 1
188, 1
189, 1
190, 1
191, 1
192, 1
193, 1
194, 1
195, 1
196, 1
197, 1
198, 1
199, 1
200, 1
201, 1
202, 1
203, 1
204, 1
205, 1
206, 1
207, 1
208, 1
209, 1
210, 1
211, 1
212, 1
213, 1
214, 1
215, 1
216, 1
217, 1
218, 1
219, 1
220, 1
221, 1
222, 1
223, 1
224, 1
225, 1
226, 1
227, 1
228, 1
229, 1
230, 1
231, 1
232, 1
233, 1
234, 1
235, 1
236, 1
237, 1
238, 1
239, 1
240, 1
241, 1
242, 1
243, 1
244, 1
245, 1
246, 1
247, 1
248, 1
249, 1
250, 1
251, 1
252, 1
253, 1
254, 1
255, 1
256, 1
257, 1
258, 1
259, 1
260, 1
261, 1
262, 1
263, 1
264, 1
265, 1
266, 1
267, 1
268, 1
269, 1
270, 1
271, 1
272, 1
273, 1
274, 1
275, 1
276, 1
277, 1
278, 1
279, 1
280, 1
281, 1
282, 1
