bot_dist
0.0, 3.034653626376633
1.0, 3.038523501904054
2.0, 3.0424213252475534
3.0, 3.0463469891288257
4.0, 3.0503003860575473
5.0, 3.0542814083425194
6.0, 3.0582899481027104
7.0, 3.062325897278207
8.0, 3.0663891476410567
9.0, 3.0704795908060194
10.0, 3.0745971182412064
11.0, 3.0787416212786254
12.0, 3.0829129911246156
13.0, 3.0871111188701787
14.0, 3.0913358955012042
15.0, 3.0955872119085828
16.0, 3.099864958898218
17.0, 3.104169027200924
18.0, 3.108499307482211
19.0, 3.112855690351967
20.0, 3.1172380663740187
21.0, 3.121646326075589
22.0, 3.1260803599566325
23.0, 3.1305400584990664
24.0, 3.135025312175878
25.0, 3.139536011460127
26.0, 3.144072046833826
27.0, 3.148633308796708
28.0, 3.1532196878748784
29.0, 3.1578310746293505
30.0, 3.1624673596644683
31.0, 3.167128433636206
32.0, 3.171814187260357
33.0, 3.1765243987282767
34.0, 3.181259070328057
35.0, 3.186018093010703
36.0, 3.1908013578186143
37.0, 3.1956087558931863
38.0, 3.2004401784822996
39.0, 3.20529551694769
40.0, 3.2101746627722045
41.0, 3.2150775075669396
42.0, 3.220003943078266
43.0, 3.2249538611947375
44.0, 3.229927153953885
45.0, 3.2349237135488953
46.0, 3.2399434323351746
47.0, 3.244986202836804
48.0, 3.2500519177528755
49.0, 3.255140469963714
50.0, 3.2602517525369987
51.0, 3.265385658733756
52.0, 3.2705420820142534
53.0, 3.2757209160437797
54.0, 3.280922054698313
55.0, 3.2861453920700825
56.0, 3.291390822473016
57.0, 3.2966582404480893
58.0, 3.301947540768557
59.0, 3.307258618445082
60.0, 3.3125913687307644
61.0, 3.317945687126053
62.0, 3.323321469383562
63.0, 3.3287186115127843
64.0, 3.3341370097846914
65.0, 3.3395765607362473
66.0, 3.345037161174807
67.0, 3.350518708182422
68.0, 3.3560210991200483
69.0, 3.361544231631646
70.0, 3.3670880036481945
71.0, 3.3726523133915993
72.0, 3.378237059378509
73.0, 3.3838421404240386
74.0, 3.3894674556453923
75.0, 3.395112904465402
76.0, 3.400778386615962
77.0, 3.4064638021413893
78.0, 3.4121690514016745
79.0, 3.4178940350756584
80.0, 3.4236386541641135
81.0, 3.429402809992738
82.0, 3.435186404215067
83.0, 3.440989338815296
84.0, 3.4468115161110195
85.0, 3.4526528387558875
86.0, 3.4585132097421813
87.0, 3.464392532403304
88.0, 3.4702907104161915
89.0, 3.47620764780365
90.0, 3.4821432489366058
91.0, 3.488097418536287
92.0, 3.4940700616763216
93.0, 3.500061083784762
94.0, 3.506070390646041
95.0, 3.512097888402846
96.0, 3.5181434835579286
97.0, 3.524207082975833
98.0, 3.5302885938845665
99.0, 3.536387923877193
100.0, 3.5425049809133573
101.0, 3.5425049809133573
102.0, 3.5425049809133573
103.0, 3.5425049809133573
104.0, 3.5425049809133573
105.0, 3.5425049809133573
106.0, 3.5425049809133573
107.0, 3.5425049809133573
108.0, 3.5425049809133573
109.0, 3.5425049809133573
110.0, 3.5425049809133573
111.0, 3.5425049809133573
112.0, 3.5425049809133573
113.0, 3.5425049809133573
114.0, 3.5425049809133573
115.0, 3.5425049809133573
116.0, 3.5425049809133573
117.0, 3.5425049809133573
118.0, 3.5425049809133573
119.0, 3.5425049809133573
120.0, 3.5425049809133573
121.0, 3.5425049809133573
122.0, 3.5425049809133573
123.0, 3.5425049809133573
124.0, 3.5425049809133573
125.0, 3.5425049809133573
126.0, 3.5425049809133573
127.0, 3.5425049809133573
128.0, 3.5425049809133573
129.0, 3.5425049809133573
130.0, 3.5425049809133573
131.0, 3.536387923877193
132.0, 3.5302885938845665
133.0, 3.524207082975833
134.0, 3.5181434835579286
135.0, 3.512097888402846
136.0, 3.506070390646041
137.0, 3.500061083784762
138.0, 3.4940700616763216
139.0, 3.488097418536287
140.0, 3.4821432489366058
141.0, 3.47620764780365
142.0, 3.4702907104161915
143.0, 3.4690748223114993
144.0, 3.4632034485696837
145.0, 3.457351027765748
146.0, 3.451517656309949
147.0, 3.4457034309505383
148.0, 3.4399084487712495
149.0, 3.4341328071887185
150.0, 3.4283766039498116
151.0, 3.3395621525656773
152.0, 3.250805561904805
153.0, 3.162111655131328
154.0, 3.073485912030742
155.0, 2.9849344041558723
156.0, 2.8964639401351406
157.0, 2.8080821799977422
158.0, 2.7197977712444796
159.0, 2.631620511593547
160.0, 2.5435615446340596
161.0, 2.455633596318963
162.0, 2.367851262458747
163.0, 2.280231360325622
164.0, 2.1927933614057826
165.0, 2.105559927612126
166.0, 2.018557580410966
167.0, 2.013697888103496
168.0, 1.928532062297852
169.0, 1.843869969742716
170.0, 1.7597840773159357
171.0, 1.6763610934634237
172.0, 1.5937051220437752
173.0, 1.5119419631145692
174.0, 1.5081761148591069
175.0, 1.4306241761350833
176.0, 1.3547449489940235
177.0, 1.35167659248143
178.0, 1.3486754035416115
179.0, 1.3457418315533551
180.0, 1.3428763196532878
181.0, 1.289412607866825
182.0, 1.2871726886294255
183.0, 1.2850066875310848
184.0, 1.2829149789694752
185.0, 1.2808979269041767
186.0, 1.2789558845593996
187.0, 1.2770891941322444
188.0, 1.275298186507024
189.0, 1.273583180976176
190.0, 1.271944484968277
191.0, 1.2703823937836853
192.0, 1.2688971903383064
193.0, 1.2674891449159869
194.0, 1.2661585149300234
195.0, 1.1825481476463449
196.0, 1.0991141092724148
197.0, 1.0158998454717276
198.0, 1.0148405233202697
199.0, 0.9323676986082261
200.0, 0.8501819072751045
201.0, 0.7683752585311178
202.0, 0.687083192053541
203.0, 0.6065126545234626
204.0, 0.5269946866967491
205.0, 0.44908875729749165
206.0, 0.3738041418581385
207.0, 0.3031004345501446
208.0, 0.2410429895134205
209.0, 0.19602317357277094
210.0, 0.1812179869008804
211.0, 0.20333800773630073
212.0, 0.2528719921597119
213.0, 0.31722808176825734
214.0, 0.3891202638270181
215.0, 0.46506689605360374
216.0, 0.543370451696492
217.0, 0.6231430571197571
218.0, 0.7038854192154108
219.0, 0.7053580195411174
220.0, 0.7854557096069281
221.0, 0.8661209644588775
222.0, 0.9472087920274638
223.0, 0.9485080550160156
224.0, 0.9499108244049971
225.0, 0.9514166423647822
226.0, 0.9530250204328051
227.0, 0.9547354402810233
228.0, 0.9565473545212639
229.0, 0.9584601875456464
230.0, 0.9604733363992055
231.0, 0.9604733363992055
232.0, 0.9604733363992055
233.0, 0.9604733363992055
234.0, 0.9604733363992055
235.0, 0.9604733363992055
236.0, 0.9604733363992055
237.0, 0.9604733363992055
238.0, 0.9604733363992055
239.0, 0.9604733363992055
240.0, 0.9604733363992055
241.0, 0.9604733363992055
242.0, 0.9604733363992055
243.0, 0.9604733363992055
244.0, 0.9604733363992055
245.0, 0.9604733363992055
246.0, 0.9604733363992055
247.0, 0.9604733363992055
248.0, 0.9604733363992055
249.0, 0.9604733363992055
250.0, 0.9604733363992055
251.0, 0.9604733363992055
252.0, 0.9604733363992055
253.0, 0.9604733363992055
254.0, 0.9604733363992055
255.0, 0.9604733363992055
256.0, 0.9604733363992055
257.0, 0.9604733363992055
258.0, 0.9604733363992055
259.0, 0.9604733363992055
260.0, 0.9604733363992055
261.0, 0.9584601875456464
262.0, 0.9565473545212639
263.0, 0.9547354402810233
264.0, 0.9530250204328051
265.0, 0.9514166423647822
266.0, 0.9499108244049971
267.0, 0.9485080550160156
268.0, 0.9472087920274638
269.0, 0.9460134619091671
270.0, 0.9449224590875093
271.0, 0.9439361453075001
272.0, 0.9430548490429158
273.0, 0.9422788649567122
274.0, 0.9416084534137537
275.0, 0.9410438400477156
276.0, 0.9405852153838258
277.0, 0.9402327345189082
278.0, 0.9399865168599749
279.0, 0.9398466459223921
280.0, 0.9398131691884142
281.0, 0.9398860980266435
282.0, 0.9400654076727353
ee_dist
0.0, 1.317595573251659
1.0, 1.3723018728785559
2.0, 1.4775416443298666
3.0, 1.5681747739255218
4.0, 1.5994782909139946
5.0, 1.6252566077335533
6.0, 1.6578769392150579
7.0, 1.6918797836426709
8.0, 1.7271501358019912
9.0, 1.760641280617749
10.0, 1.7982566147774377
11.0, 1.8321779657498738
12.0, 1.8627144726847014
13.0, 1.8983404541307667
14.0, 1.9243152196499798
15.0, 1.9508529498854266
16.0, 1.9758225120860093
17.0, 2.0032506323046486
18.0, 2.024634024775872
19.0, 2.043832182074205
20.0, 2.0629825544961924
21.0, 2.03381006222635
22.0, 1.9935510108280736
23.0, 1.9500856613493063
24.0, 1.902976653539925
25.0, 1.8524979337047263
26.0, 1.7987797442751725
27.0, 1.742154554609405
28.0, 1.682814463956143
29.0, 1.6212041988612982
30.0, 1.557605720625286
31.0, 1.4926040855739626
32.0, 1.4266138580195749
33.0, 1.3604010528980246
34.0, 1.294580026819769
35.0, 1.2301722630090968
36.0, 1.1680962645468806
37.0, 1.1097063098703468
38.0, 1.0562876139920838
39.0, 1.0094572707681293
40.0, 0.9707919061156243
41.0, 0.9841405596957915
42.0, 0.8971315485856478
43.0, 0.8093154165437859
44.0, 0.7633449578800745
45.0, 0.7162840457714019
46.0, 0.6678845757567355
47.0, 0.6180190387341626
48.0, 0.5672032829523163
49.0, 0.515580232683743
50.0, 0.46416319743462714
51.0, 0.41411237725834704
52.0, 0.36678478673655984
53.0, 0.32354360182968617
54.0, 0.2869987220532235
55.0, 0.26046850518282444
56.0, 0.24844858423803948
57.0, 0.2527645868983417
58.0, 0.23830180969206535
59.0, 0.23697412469871307
60.0, 0.26384925346259125
61.0, 0.31963157086491073
62.0, 0.3944962132030294
63.0, 0.47727748374295276
64.0, 0.5590836036301466
65.0, 0.6258037777443188
66.0, 0.6860402942129645
67.0, 0.7462179180073122
68.0, 0.8005264826606294
69.0, 0.8533040895398039
70.0, 0.9050706749547667
71.0, 0.955014024595544
72.0, 1.0066144009990383
73.0, 1.0648838378574368
74.0, 1.1275358331702554
75.0, 1.2014812801567494
76.0, 1.2848444828848948
77.0, 1.3778832901874165
78.0, 1.4758451954113205
79.0, 1.5737920075540868
80.0, 1.6671493229862329
81.0, 1.746267657992717
82.0, 1.8112099579620362
83.0, 1.8755221056800093
84.0, 1.936627691713864
85.0, 1.996512735096128
86.0, 2.0452731009109217
87.0, 2.0738133613158625
88.0, 2.1038435612980324
89.0, 2.14279944313845
90.0, 2.1936133680853978
91.0, 2.2770777179976784
92.0, 2.367601818601582
93.0, 2.4674225465058206
94.0, 2.5738552978598235
95.0, 2.6801939228958376
96.0, 2.7816885684065022
97.0, 2.8716519282308774
98.0, 2.9444226979871155
99.0, 3.012728779334683
100.0, 3.079212064606327
101.0, 3.1431142858268
102.0, 3.206405563554268
103.0, 3.268466609054267
104.0, 3.3317402601072184
105.0, 3.4006544894382436
106.0, 3.4746025542240027
107.0, 3.5554539641895837
108.0, 3.6460420485119394
109.0, 3.7447602930990365
110.0, 3.85095640334815
111.0, 3.9589674515154893
112.0, 4.062197395818624
113.0, 4.156853612450196
114.0, 4.232195900763087
115.0, 4.300617510255451
116.0, 4.367210125127722
117.0, 4.4312561873072625
118.0, 4.494504035186367
119.0, 4.557669236495912
120.0, 4.619938376583638
121.0, 4.688106951458989
122.0, 4.761857386512495
123.0, 4.80542648748003
124.0, 4.8494614970406955
125.0, 4.89256620108924
126.0, 4.935549749746424
127.0, 4.9770430129545415
128.0, 5.017875615061607
129.0, 5.056706447819274
130.0, 5.094391339361398
131.0, 5.129621834957204
132.0, 5.163281289183943
133.0, 5.194092858932976
134.0, 5.222970693775554
135.0, 5.24867600377436
136.0, 5.272146252022385
137.0, 5.2921822791812865
138.0, 5.309749184516674
139.0, 5.323689326577905
140.0, 5.334993404713646
141.0, 5.34254285901287
142.0, 5.347355805542967
143.0, 4.700954871601598
144.0, 4.6908271465863445
145.0, 4.683781223931133
146.0, 4.678721034384048
147.0, 4.676871840238239
148.0, 4.677052441233108
149.0, 4.680464840960371
150.0, 4.685878805612383
151.0, 4.604703668642939
152.0, 4.523003136597761
153.0, 4.441966972698609
154.0, 4.360413434466835
155.0, 4.279532791235859
156.0, 4.198143950517436
157.0, 4.117436927284612
158.0, 4.036232392749421
159.0, 3.9557209713599804
160.0, 3.874724550416976
161.0, 3.794433497972205
162.0, 3.713672171022301
163.0, 3.633631455573416
164.0, 3.55313812153241
165.0, 3.4733824986301665
166.0, 3.3931950306630183
167.0, 3.40402014423524
168.0, 3.326555036012858
169.0, 3.2499640893370403
170.0, 3.1731306839024183
171.0, 3.0972144290895427
172.0, 3.02110971538548
173.0, 2.945974117896078
174.0, 2.9603253928904727
175.0, 2.8892848344203124
176.0, 2.8183718845228385
177.0, 2.8362402306953904
178.0, 2.8556809534494216
179.0, 2.8774771472067453
180.0, 2.9005494678683807
181.0, 2.851542886047618
182.0, 2.8276573883222436
183.0, 2.8058411658110836
184.0, 2.785416624558396
185.0, 2.7675107243676433
186.0, 2.7512792793406464
187.0, 2.737942516758437
188.0, 2.726509742157786
189.0, 2.7182525854913187
190.0, 2.7120584997935837
191.0, 2.7092057780780796
192.0, 2.7084928005502
193.0, 2.711160010361041
194.0, 2.7159544172535273
195.0, 2.635887855885668
196.0, 2.5554099660415437
197.0, 2.475741358228875
198.0, 2.4839631626289718
199.0, 2.407133362546007
200.0, 2.3301504699703695
201.0, 2.2542182135814133
202.0, 2.178229766654834
203.0, 2.103393420935354
204.0, 2.0310517742705403
205.0, 1.93885539240194
206.0, 1.7582553860621202
207.0, 2.2482851978456404
208.0, 1.639194916252004
209.0, 1.7537025583627073
210.0, 1.6018535907702702
211.0, 1.5538728628160006
212.0, 1.4866235598414677
213.0, 1.4007830574777624
214.0, 1.3407082303879716
215.0, 1.2834886808963082
216.0, 1.2270997811439588
217.0, 1.174367269615323
218.0, 1.1248771300218425
219.0, 1.1491069696983356
220.0, 1.1108416777733825
221.0, 1.0780253421686679
222.0, 1.0504926701077761
223.0, 1.0237601617320258
224.0, 0.9978806139171547
225.0, 0.973829624245681
226.0, 0.9510940274539516
227.0, 0.9308594015429911
228.0, 0.9124162016355937
229.0, 0.8971164483667944
230.0, 0.8840448248068412
231.0, 0.874648276803185
232.0, 0.8678071599975056
233.0, 0.8649724390793984
234.0, 0.864841762112048
235.0, 0.8687849735152211
236.0, 0.8753660014141819
237.0, 0.8858085420271963
238.0, 0.8854849759568718
239.0, 0.8858085420271963
240.0, 0.8843863382308338
241.0, 0.8857850981762357
242.0, 0.8854924135629887
243.0, 0.8913966096480159
244.0, 0.9039552710425246
245.0, 0.9175659736075529
246.0, 0.9335318378581611
247.0, 0.9505484138392146
248.0, 0.9696859766011497
249.0, 0.9895920412036928
250.0, 1.0113793434424978
251.0, 1.033652123267669
252.0, 1.057505311749279
253.0, 1.0815387290672438
254.0, 1.1067892159486294
255.0, 1.1319053724022154
256.0, 1.1578491986968815
257.0, 1.1833743294756152
258.0, 1.2093592638951978
259.0, 1.2347007244135875
260.0, 1.2602094501662084
261.0, 1.2848676419590865
262.0, 1.309461820252751
263.0, 1.2815408936016814
264.0, 1.2468280610823887
265.0, 1.2102464568941669
266.0, 1.1715155988308201
267.0, 1.1308300807489726
268.0, 1.0882299249337994
269.0, 1.0439319944601138
270.0, 0.9979939401406273
271.0, 0.9506829339442973
272.0, 0.902090421293113
273.0, 0.8525508983419084
274.0, 0.8022204859513703
275.0, 0.7515391936809286
276.0, 0.6989250842368405
277.0, 0.6446250998285392
278.0, 0.5894208322942861
279.0, 0.5386119439392445
280.0, 0.49407786801134373
281.0, 0.43120933551770935
282.0, 0.39627049922489294
ee_box_dist
0.0, 0.8058876460969706
1.0, 0.8490575379476336
2.0, 0.87868612758086
3.0, 0.9135631299771955
4.0, 0.9480222909475702
5.0, 0.9841584648624885
6.0, 1.021394155018974
7.0, 1.0570743882790947
8.0, 1.0913786106878025
9.0, 1.1232104301857073
10.0, 1.1582972499576458
11.0, 1.189420219149867
12.0, 1.2169783414279756
13.0, 1.2494379752380727
14.0, 1.2725465597167074
15.0, 1.2962124216009423
16.0, 1.318340127088708
17.0, 1.3428985759188967
18.0, 1.36180805721876
19.0, 1.3786988392560413
20.0, 1.3956104549871722
21.0, 1.371240119605192
22.0, 1.3378302195049168
23.0, 1.3014225017225018
24.0, 1.2615949565963505
25.0, 1.218538054296678
26.0, 1.1722595179863928
27.0, 1.1229700975577792
28.0, 1.0706832415543668
29.0, 1.0156653095630848
30.0, 0.9579427359784689
31.0, 0.8978449914190592
32.0, 0.8354366309404463
33.0, 0.7711465830332256
34.0, 0.705133685865511
35.0, 0.6379480222149984
36.0, 0.5699303593583472
37.0, 0.5018375195511731
38.0, 0.434530835403952
39.0, 0.3698301886311892
40.0, 0.3104178246018659
41.0, 0.3252848495788773
42.0, 0.34012140698680515
43.0, 0.35499752682544305
44.0, 0.36978177077741764
45.0, 0.38453119077589254
46.0, 0.3991527640408025
47.0, 0.41368320438183964
48.0, 0.42806132297957183
49.0, 0.4423028042349282
50.0, 0.4563714758343864
51.0, 0.4702698740725402
52.0, 0.4839645254632512
53.0, 0.49744850732093526
54.0, 0.5106781481915741
55.0, 0.5236395504644875
56.0, 0.5362915228480399
57.0, 0.5486438662054487
58.0, 0.5606634674919666
59.0, 0.5723861388943858
60.0, 0.5837581176623634
61.0, 0.5948371605971802
62.0, 0.6055533499120584
63.0, 0.6159661029717665
64.0, 0.626012374055837
65.0, 0.635744808028666
66.0, 0.6451106545832398
67.0, 0.6541506502704761
68.0, 0.6628165670057221
69.0, 0.6711393934643687
70.0, 0.6790767058467895
71.0, 0.6866547889862467
72.0, 0.6938361502297192
73.0, 0.7006446295884959
74.0, 0.7070446056627149
75.0, 0.7130565505863474
76.0, 0.7186481817854006
77.0, 0.7238359388044572
78.0, 0.7285894179424685
79.0, 0.7329226008359139
80.0, 0.7368057151756051
81.0, 0.7402503849755435
82.0, 0.7432271173672437
83.0, 0.745747158016409
84.0, 0.7477798745428706
85.0, 0.7493380705546783
86.0, 0.7698763303307129
87.0, 0.8152112047924712
88.0, 0.854489657934622
89.0, 0.8886583196053847
90.0, 0.9131456955505136
91.0, 0.9110962642239094
92.0, 0.9126691481455023
93.0, 0.9127432281155833
94.0, 0.9126855343817744
95.0, 0.9130026628790417
96.0, 0.9126174205389683
97.0, 0.9130155296920379
98.0, 0.9126492944740675
99.0, 0.9130172221167966
100.0, 0.9126495010473236
101.0, 0.9130174431142608
102.0, 0.9126495010473236
103.0, 0.9130174431142608
104.0, 0.9126494817851019
105.0, 0.913017390155011
106.0, 0.9126494817851019
107.0, 0.9124258030387209
108.0, 0.9125658812981823
109.0, 0.9131518744517293
110.0, 0.912874982195492
111.0, 0.9130523865394121
112.0, 0.9126551006076365
113.0, 0.9130257010096524
114.0, 0.9126510269288491
115.0, 0.9118760968061435
116.0, 0.9126471185624687
117.0, 0.9130208104551308
118.0, 0.9125837847624018
119.0, 0.912942409753486
120.0, 0.9125705861360244
121.0, 0.9129054849984305
122.0, 0.9125732140474044
123.0, 0.9129404964581481
124.0, 0.9125674073578862
125.0, 0.9129394044083418
126.0, 0.9125710212975818
127.0, 0.9129431203828781
128.0, 0.9126396269627779
129.0, 0.9129912871406914
130.0, 0.9126228345911379
131.0, 0.9129908827199152
132.0, 0.9126229098683966
133.0, 0.9129908267070036
134.0, 0.9126228906075834
135.0, 0.9129907929987718
136.0, 0.9126228906075834
137.0, 0.9129908459789898
138.0, 0.9126228906075834
139.0, 0.9129908267070036
140.0, 0.9126228906075834
141.0, 0.9129908459789898
142.0, 0.9126228906075834
143.0, 1.6327078948242617
144.0, 1.6278271626718532
145.0, 1.620786293509817
146.0, 1.6123595487537885
147.0, 1.6018494912415526
148.0, 1.589999880724199
149.0, 1.5761812859927624
150.0, 1.5610875681758407
151.0, 1.6283424084169642
152.0, 1.697320396897626
153.0, 1.767224411902074
154.0, 1.8385743372828236
155.0, 1.910555118069702
156.0, 1.9837763508524882
157.0, 2.0574049699872576
158.0, 2.13212078161622
159.0, 2.207071629118647
160.0, 2.282994338018262
161.0, 2.359019024039195
162.0, 2.4359279377332737
163.0, 2.5128335610404275
164.0, 2.5905559521828905
165.0, 2.6681921491509635
166.0, 2.7465930286455125
167.0, 2.735794474180124
168.0, 2.8125296421015484
169.0, 2.8892030583167743
170.0, 2.9666681226600704
171.0, 3.0440058775853513
172.0, 3.122094194300993
173.0, 3.2000007654896447
174.0, 3.189179038642811
175.0, 3.2652486477119886
176.0, 3.3421048818820336
177.0, 3.3293406100234013
178.0, 3.315069635523947
179.0, 3.2985146637326075
180.0, 3.2805710845032188
181.0, 3.3450842971139547
182.0, 3.3630570694859063
183.0, 3.3788259742739353
184.0, 3.3931289437577403
185.0, 3.405026559097107
186.0, 3.415358245245925
187.0, 3.4231395943707055
188.0, 3.4292873203998
189.0, 3.4328007468207704
190.0, 3.434629705691415
191.0, 3.4337446798825906
192.0, 3.43128545929898
193.0, 3.426094793379174
194.0, 3.419281237272297
195.0, 3.49760276203201
196.0, 3.5766126454938223
197.0, 3.6553498130482454
198.0, 3.6470131003013218
199.0, 3.723949674352499
200.0, 3.8016133942679016
201.0, 3.8790515108750903
202.0, 3.9571933013599576
203.0, 4.035075773724352
204.0, 4.115209114750967
205.0, 4.2096177465271305
206.0, 4.418000392184045
207.0, 3.9809689894303197
208.0, 4.575030633016502
209.0, 4.488187776261736
210.0, 4.593246975095485
211.0, 4.660179975965867
212.0, 4.735419328550569
213.0, 4.828033644166073
214.0, 4.908349189441682
215.0, 4.985808248040392
216.0, 5.066078847106355
217.0, 5.146000676930966
218.0, 5.226520458545696
219.0, 5.218772523679464
220.0, 5.297555309495469
221.0, 5.375989010992914
222.0, 5.455060087009091
223.0, 5.46188586505317
224.0, 5.466986923494512
225.0, 5.469294098328657
226.0, 5.469850823704203
227.0, 5.467594518269384
228.0, 5.463596116957156
229.0, 5.456827111283025
230.0, 5.448362544181356
231.0, 5.437236454363282
232.0, 5.424499889391517
233.0, 5.4092739302166
234.0, 5.392560185770939
235.0, 5.3735914010455685
236.0, 5.353293534710365
237.0, 5.3310344171735125
238.0, 5.331198570297564
239.0, 5.331034434837013
240.0, 5.331984509468892
241.0, 5.331077870795108
242.0, 5.331229980193882
243.0, 5.329826653393324
244.0, 5.3275210259612855
245.0, 5.324681755318147
246.0, 5.3205884953741
247.0, 5.3158682630689365
248.0, 5.309820950549226
249.0, 5.3031045381059085
250.0, 5.295021583391914
251.0, 5.2863072867506755
252.0, 5.276261419014725
253.0, 5.265720882579977
254.0, 5.253958106183215
255.0, 5.24190180824045
256.0, 5.228780689720605
257.0, 5.215576878394817
258.0, 5.2014840702860985
259.0, 5.187487786748642
260.0, 5.172759865972052
261.0, 5.158306830914038
262.0, 5.143270545032364
263.0, 5.170164181984263
264.0, 5.204011483595191
265.0, 5.238375465490195
266.0, 5.2733472041791725
267.0, 5.308623766696296
268.0, 5.343943268386437
269.0, 5.379024240126859
270.0, 5.413614498532113
271.0, 5.4474430937442735
272.0, 5.480270312468142
273.0, 5.51184497649497
274.0, 5.541943264153279
275.0, 5.570327310704183
276.0, 5.600061921045533
277.0, 5.630455877260522
278.0, 5.660364170288893
279.0, 5.683189543513323
280.0, 5.698497213449127
281.0, 5.738316795187091
282.0, 5.746151711833699
spot_hold
0, 0
1, 0
2, 0
3, 0
4, 0
5, 0
6, 0
7, 0
8, 0
9, 0
10, 0
11, 0
12, 0
13, 0
14, 0
15, 0
16, 0
17, 0
18, 0
19, 0
20, 0
21, 0
22, 0
23, 0
24, 0
25, 0
26, 0
27, 0
28, 0
29, 0
30, 0
31, 0
32, 0
33, 0
34, 0
35, 0
36, 0
37, 0
38, 0
39, 0
40, 0
41, 1
42, 1
43, 1
44, 1
45, 1
46, 1
47, 1
48, 1
49, 1
50, 1
51, 1
52, 1
53, 1
54, 1
55, 1
56, 1
57, 1
58, 1
59, 1
60, 1
61, 1
62, 1
63, 1
64, 1
65, 1
66, 1
67, 1
68, 1
69, 1
70, 1
71, 1
72, 1
73, 1
74, 1
75, 1
76, 1
77, 1
78, 1
79, 1
80, 1
81, 1
82, 1
83, 1
84, 1
85, 1
86, 1
87, 1
88, 1
89, 1
90, 1
91, 1
92, 1
93, 1
94, 1
95, 1
96, 1
97, 1
98, 1
99, 1
100, 1
101, 1
102, 1
103, 1
104, 1
105, 1
106, 1
107, 1
108, 1
109, 1
110, 1
111, 1
112, 1
113, 1
114, 1
115, 1
116, 1
117, 1
118, 1
119, 1
120, 1
121, 1
122, 1
123, 1
124, 1
125, 1
126, 1
127, 1
128, 1
129, 1
130, 1
131, 1
132, 1
133, 1
134, 1
135, 1
136, 1
137, 1
138, 1
139, 1
140, 1
141, 1
142, 1
143, 1
144, 1
145, 1
146, 1
147, 1
148, 1
149, 1
150, 1
151, 1
152, 1
153, 1
154, 1
155, 1
156, 1
157, 1
158, 1
159, 1
160, 1
161, 1
162, 1
163, 1
164, 1
165, 1
166, 1
167, 1
168, 1
169, 1
170, 1
171, 1
172, 1
173, 1
174, 1
175, 1
176, 1
177, 1
178, 1
179, 1
180, 1
181, 1
182, 1
183, 1
184, 1
185, 1
186, 1
187, 1
188, 1
189, 1
190, 1
191, 1
192, 1
193, 1
194, 1
195, 1
196, 1
197, 1
198, 1
199, 1
200, 1
201, 1
202, 1
203, 1
204, 1
205, 1
206, 1
207, 1
208, 1
209, 1
210, 1
211, 1
212, 1
213, 1
214, 1
215, 1
216, 1
217, 1
218, 1
219, 1
220, 1
221, 1
222, 1
223, 1
224, 1
225, 1
226, 1
227, 1
228, 1
229, 1
230, 1
231, 1
232, 1
233, 1
234, 1
235, 1
236, 1
237, 1
238, 1
239, 1
240, 1
241, 1
242, 1
243, 1
244, 1
245, 1
246, 1
247, 1
248, 1
249, 1
250, 1
251, 1
252, 1
253, 1
254, 1
255, 1
256, 1
257, 1
258, 1
259, 1
260, 1
261, 1
262, 1
263, 1
264, 1
265, 1
266, 1
267, 1
268, 1
269, 1
270, 1
271, 1
272, 1
273, 1
274, 1
275, 1
276, 1
277, 1
278, 1
279, 1
280, 1
281, 1
282, 1
