bot_dist
0.0, 3.3367828852120835
1.0, 3.342232698008742
2.0, 3.347703510147193
3.0, 3.353195218844769
4.0, 3.358707721599712
5.0, 3.3642409161952367
6.0, 3.369794700703492
7.0, 3.375368973489422
8.0, 3.3809636332145407
9.0, 3.3865785788406018
10.0, 3.392213709633183
11.0, 3.3978689251651746
12.0, 3.403544125320178
13.0, 3.409239210295807
14.0, 3.4149540806069107
15.0, 3.420688637088698
16.0, 3.426442780899779
17.0, 3.4322164135251167
18.0, 3.438009436778897
19.0, 3.44382175280731
20.0, 3.4496532640912494
21.0, 3.4555038734489267
22.0, 3.461373484038409
23.0, 3.467261999360069
24.0, 3.473169323258959
25.0, 3.47909535992711
26.0, 3.485040013905741
27.0, 3.491003190087404
28.0, 3.4969847937180503
29.0, 3.502984730399013
30.0, 3.509002906088929
31.0, 3.5150392271055777
32.0, 3.521093600127656
33.0, 3.5271659321964757
34.0, 3.533256130717592
35.0, 3.5393641034623724
36.0, 3.5454897585694827
37.0, 3.5516330045463174
38.0, 3.557793750270362
39.0, 3.5639719049904874
40.0, 3.5701673783281827
41.0, 3.5763800802787253
42.0, 3.5826099212122897
43.0, 3.588856811874991
44.0, 3.5951206633898747
45.0, 3.6014013872578423
46.0, 3.6076988953585216
47.0, 3.6140130999510807
48.0, 3.620343913674979
49.0, 3.626691249550676
50.0, 3.6330550209802706
51.0, 3.6394351417480975
52.0, 3.6458315260212673
53.0, 3.6522440883501566
54.0, 3.658672743668842
55.0, 3.6651174072954964
56.0, 3.671577994932717
57.0, 3.6780544226678287
58.0, 3.6845466069731194
59.0, 3.691054464706043
60.0, 3.6975779131093676
61.0, 3.7041168698112874
62.0, 3.7106712528254837
63.0, 3.717240980551147
64.0, 3.7238259717729547
65.0, 3.730426145661009
66.0, 3.737041421770737
67.0, 3.7436717200427414
68.0, 3.7503169608026248
69.0, 3.7569770647607665
70.0, 3.763651953012067
71.0, 3.7703415470356516
72.0, 3.777045768694546
73.0, 3.783764540235304
74.0, 3.790497784287616
75.0, 3.797245423863869
76.0, 3.804007382358688
77.0, 3.810783583548432
78.0, 3.8175739515906684
79.0, 3.824378411023612
80.0, 3.8311968867655324
81.0, 3.8380293041141385
82.0, 3.844875588745928
83.0, 3.8517356667155083
84.0, 3.8586094644548967
85.0, 3.8654969087727884
86.0, 3.8723979268537976
87.0, 3.879312446257677
88.0, 3.886240394918512
89.0, 3.893181701143884
90.0, 3.9001362936140214
91.0, 3.907104101380916
92.0, 3.9140850538674243
93.0, 3.9210790808663476
94.0, 3.9280861125394813
95.0, 3.9351060794166544
96.0, 3.942138912394745
97.0, 3.949184542736673
98.0, 3.956242902070377
99.0, 3.9633139223877705
100.0, 3.970397536043686
101.0, 3.970397536043686
102.0, 3.970397536043686
103.0, 3.970397536043686
104.0, 3.970397536043686
105.0, 3.970397536043686
106.0, 3.970397536043686
107.0, 3.970397536043686
108.0, 3.970397536043686
109.0, 3.970397536043686
110.0, 3.970397536043686
111.0, 3.970397536043686
112.0, 3.970397536043686
113.0, 3.970397536043686
114.0, 3.970397536043686
115.0, 3.970397536043686
116.0, 3.970397536043686
117.0, 3.970397536043686
118.0, 3.970397536043686
119.0, 3.970397536043686
120.0, 3.970397536043686
121.0, 3.970397536043686
122.0, 3.970397536043686
123.0, 3.970397536043686
124.0, 3.970397536043686
125.0, 3.970397536043686
126.0, 3.970397536043686
127.0, 3.970397536043686
128.0, 3.970397536043686
129.0, 3.970397536043686
130.0, 3.970397536043686
131.0, 3.9633139223877705
132.0, 3.956242902070377
133.0, 3.949184542736673
134.0, 3.942138912394745
135.0, 3.9351060794166544
136.0, 3.9280861125394813
137.0, 3.9210790808663476
138.0, 3.9140850538674243
139.0, 3.907104101380916
140.0, 3.9001362936140214
141.0, 3.893181701143884
142.0, 3.886240394918512
143.0, 3.883494503654345
144.0, 3.8765874436320114
145.0, 3.8696938969323873
146.0, 3.8628139359027744
147.0, 3.8559476332637277
148.0, 3.849095062109811
149.0, 3.8422562959103397
150.0, 3.8354314085100896
151.0, 3.745666525029919
152.0, 3.655906664864023
153.0, 3.5661521638046683
154.0, 3.476403483824645
155.0, 3.3866610877109364
156.0, 3.296925488604587
157.0, 3.2071972570351264
158.0, 3.117477029167106
159.0, 3.0277655165093895
160.0, 2.9380635173988416
161.0, 2.8483719306482103
162.0, 2.758691771848941
163.0, 2.6690241929509306
164.0, 2.5793705059133245
165.0, 2.4897322114479765
166.0, 2.400111034180623
167.0, 2.3933324257896063
168.0, 2.303492031225094
169.0, 2.213701604722039
170.0, 2.1239672867132033
171.0, 2.0342965021732344
172.0, 1.9446980397810245
173.0, 1.8551823782446715
174.0, 1.8486294909950987
175.0, 1.759833392368839
176.0, 1.6712732111740414
177.0, 1.6649181736793708
178.0, 1.658599078537741
179.0, 1.6523163381214758
180.0, 1.6460703687080378
181.0, 1.5675027212850294
182.0, 1.561536449490059
183.0, 1.5556115789471994
184.0, 1.5497285845081736
185.0, 1.543887944880504
186.0, 1.538090142570167
187.0, 1.5323356638198486
188.0, 1.4440519724519005
189.0, 1.4384189423124893
190.0, 1.35020754513043
191.0, 1.2621407538928828
192.0, 1.174250940811365
193.0, 1.0865810522019907
194.0, 0.9991889789530929
195.0, 0.9121545756982156
196.0, 0.8255909676843538
197.0, 0.7396634663992216
198.0, 0.6546226109586852
199.0, 0.5708647858117966
200.0, 0.48904965620114627
201.0, 0.41034089539052665
202.0, 0.3369226265454245
203.0, 0.27309555795648666
204.0, 0.2270960874207011
205.0, 0.2109293808765042
206.0, 0.2309478212952631
207.0, 0.27948114472007035
208.0, 0.3446877514446688
209.0, 0.41885164842322314
210.0, 0.4979868295714754
211.0, 0.5800620787022372
212.0, 0.6639882561748496
213.0, 0.671254829841581
214.0, 0.7543961626343303
215.0, 0.8386497369011199
216.0, 0.8457165183057797
217.0, 0.8528420000707709
218.0, 0.860024723163646
219.0, 0.8672632653578899
220.0, 0.8745562406410944
221.0, 0.8819022985954105
222.0, 0.8893001237546206
223.0, 0.8967484349418343
224.0, 0.9042459845914745
225.0, 0.9117915580589194
226.0, 0.9193839729208622
227.0, 0.9270220782691833
228.0, 0.934704754000863
229.0, 0.942430910106222
230.0, 0.9501994859575544
231.0, 0.9501994859575544
232.0, 0.9501994859575544
233.0, 0.9501994859575544
234.0, 0.9501994859575544
235.0, 0.9501994859575544
236.0, 0.9501994859575544
237.0, 0.9501994859575544
238.0, 0.9501994859575544
239.0, 0.9501994859575544
240.0, 0.9501994859575544
241.0, 0.9501994859575544
242.0, 0.9501994859575544
243.0, 0.9501994859575544
244.0, 0.9501994859575544
245.0, 0.9501994859575544
246.0, 0.9501994859575544
247.0, 0.9501994859575544
248.0, 0.9501994859575544
249.0, 0.9501994859575544
250.0, 0.9501994859575544
251.0, 0.9501994859575544
252.0, 0.9501994859575544
253.0, 0.9501994859575544
254.0, 0.9501994859575544
255.0, 0.9501994859575544
256.0, 0.9501994859575544
257.0, 0.9501994859575544
258.0, 0.9501994859575544
259.0, 0.9501994859575544
260.0, 0.9501994859575544
261.0, 0.942430910106222
262.0, 0.934704754000863
263.0, 0.9270220782691833
264.0, 0.9193839729208622
265.0, 0.9117915580589194
266.0, 0.9042459845914745
267.0, 0.8967484349418343
268.0, 0.8893001237546206
269.0, 0.8819022985954105
270.0, 0.8745562406410944
271.0, 0.8672632653578899
272.0, 0.860024723163646
273.0, 0.8528420000707709
274.0, 0.8457165183057797
275.0, 0.8386497369011199
276.0, 0.8316431522545688
277.0, 0.8246982986511154
278.0, 0.8178167487418581
279.0, 0.8110001139740319
280.0, 0.8042500449658755
281.0, 0.7975682318196126
282.0, 0.790956404365401
ee_dist
0.0, 1.5360185380843008
1.0, 1.6031884688857687
2.0, 1.715497384100887
3.0, 1.8097249873215107
4.0, 1.8423593970197945
5.0, 1.8682474560027638
6.0, 1.900339706774331
7.0, 1.9314138052784913
8.0, 1.964828978683851
9.0, 1.997660771254412
10.0, 2.0318031794367166
11.0, 2.0620213307048494
12.0, 2.0922668773772264
13.0, 2.132016694962356
14.0, 2.158715201763386
15.0, 2.1858786057436483
16.0, 2.2115524755995533
17.0, 2.234303790690567
18.0, 2.2559223149457783
19.0, 2.272286276868866
20.0, 2.2918687287932684
21.0, 2.261995305542874
22.0, 2.2204327554695387
23.0, 2.175617957475017
24.0, 2.12723690150248
25.0, 2.0755967778782862
26.0, 2.020240036044673
27.0, 1.9631698979881773
28.0, 1.9030096303600526
29.0, 1.840899823751277
30.0, 1.7766285877216963
31.0, 1.7118145017705932
32.0, 1.6464108820199808
33.0, 1.5812565413994986
34.0, 1.5168628501879446
35.0, 1.4546018695402025
36.0, 1.3954571522217991
37.0, 1.3400732107870204
38.0, 1.2900940988132552
39.0, 1.246125590501213
40.0, 1.2112589079654166
41.0, 1.2041040118490323
42.0, 1.0701235874830037
43.0, 0.7267846789172265
44.0, 0.6793168880538548
45.0, 0.6322823483378539
46.0, 0.5849303044289768
47.0, 0.5381407652102036
48.0, 0.49246257215905187
49.0, 0.4492528969717209
50.0, 0.4100902354440355
51.0, 0.37752250033720486
52.0, 0.35398336309848766
53.0, 0.3413950865108119
54.0, 0.34159196335696984
55.0, 0.35476126867051144
56.0, 0.37999514733865947
57.0, 0.41464190636849135
58.0, 0.3857733825670874
59.0, 0.33383911393502175
60.0, 0.2903700200260657
61.0, 0.26957630022545853
62.0, 0.2852384374541773
63.0, 0.3327258935299551
64.0, 0.3952914408541667
65.0, 0.4542453236515767
66.0, 0.5127612879284426
67.0, 0.5705808660394137
68.0, 0.6222740593780234
69.0, 0.6719512366581231
70.0, 0.7198435927340446
71.0, 0.766197176680106
72.0, 0.8117841921317543
73.0, 0.8652839642137421
74.0, 0.9231672224683017
75.0, 0.9926058127403942
76.0, 1.0718162073554935
77.0, 1.1610916527410189
78.0, 1.2560313770599822
79.0, 1.3517539615601781
80.0, 1.4435715500498032
81.0, 1.521900258535
82.0, 1.5866775678878338
83.0, 1.6510932763996533
84.0, 1.7118771483783957
85.0, 1.7711175249981679
86.0, 1.8289872262086144
87.0, 1.8868879931026756
88.0, 1.923604856844828
89.0, 1.9646502434366353
90.0, 2.0056109563309317
91.0, 2.0601370872887546
92.0, 2.1519020480209905
93.0, 2.2518391689076496
94.0, 2.3559972402550753
95.0, 2.461799607956291
96.0, 2.5627180873550115
97.0, 2.65283323133233
98.0, 2.725567116693615
99.0, 2.7945529703738394
100.0, 2.8610825049591866
101.0, 2.925306919649513
102.0, 2.9883993534868023
103.0, 3.0505426608441013
104.0, 3.113120274519172
105.0, 3.181938393943864
106.0, 3.255175478808534
107.0, 3.335121643452731
108.0, 3.4253796861162233
109.0, 3.524152928048311
110.0, 3.629690842089575
111.0, 3.737400781133708
112.0, 3.840213131034277
113.0, 3.9350672105351263
114.0, 4.010313423923122
115.0, 4.0795210051224
116.0, 4.145940751488646
117.0, 4.210339759732866
118.0, 4.273390108724649
119.0, 4.336811886914308
120.0, 4.399032924386303
121.0, 4.466749638290666
122.0, 4.549051684481971
123.0, 4.616519135112269
124.0, 4.7062321537491005
125.0, 4.752004023257545
126.0, 4.79786925183166
127.0, 4.843291844255533
128.0, 4.888157626428676
129.0, 4.931986879449061
130.0, 4.974693030141795
131.0, 5.015826060154604
132.0, 5.055327390885199
133.0, 5.092778447437236
134.0, 5.128151903414577
135.0, 5.161064921021091
136.0, 5.191519325188156
137.0, 5.219166478661811
138.0, 5.244041853022796
139.0, 5.265834466644103
140.0, 5.284608238543848
141.0, 5.300090798373429
142.0, 5.312376186784883
143.0, 4.617663973134604
144.0, 4.607739664561224
145.0, 4.6008325794330585
146.0, 4.596417419727245
147.0, 4.595082917234556
148.0, 4.596281725828585
149.0, 4.600570673851233
150.0, 4.607341136344192
151.0, 4.526391512813239
152.0, 4.445236085757034
153.0, 4.364453089868189
154.0, 4.283476563307476
155.0, 4.202883905702597
156.0, 4.122108058126241
157.0, 4.041728725453267
158.0, 3.961178152169013
159.0, 3.8810390481201495
160.0, 3.800743142381202
161.0, 3.7208754162687483
162.0, 3.640867777815499
163.0, 3.5613085616514617
164.0, 3.4816293969432377
165.0, 3.402422533045698
166.0, 3.323119902470482
167.0, 3.335552831486585
168.0, 3.2592533914320034
169.0, 3.1835926322672865
170.0, 3.1080315307567834
171.0, 3.033169720087049
172.0, 2.958469049260303
173.0, 2.88453345897178
174.0, 2.9011265367178107
175.0, 2.83166222731879
176.0, 2.7626742698733535
177.0, 2.7826903506251757
178.0, 2.804572100601423
179.0, 2.8286236405635825
180.0, 2.8541482399848017
181.0, 2.807913434208177
182.0, 2.781751875994178
183.0, 2.7574527294379405
184.0, 2.73477405072583
185.0, 2.7144229839528085
186.0, 2.6960623890099007
187.0, 2.680416351897989
188.0, 2.605371479500432
189.0, 2.5919430933415417
190.0, 2.5142179228669272
191.0, 2.4371775387798706
192.0, 2.3602563914618178
193.0, 2.2840951965648064
194.0, 2.208140888425674
195.0, 2.1330497743665187
196.0, 2.0582802938704026
197.0, 1.9845068315813847
198.0, 1.9105120580265131
199.0, 1.8402305249947142
200.0, 1.8787429807748497
201.0, 1.7724511341452007
202.0, 1.1338058903366393
203.0, 1.9423853481308937
204.0, 1.2245413797522209
205.0, 1.6626494550753597
206.0, 1.5204224523908807
207.0, 1.3624773150142089
208.0, 1.2694054016286325
209.0, 1.1631648303721582
210.0, 1.1442486097946107
211.0, 1.101020644792804
212.0, 1.059060195283049
213.0, 1.0321470689325496
214.0, 0.9882557633735553
215.0, 0.949817684824728
216.0, 0.9221546619164663
217.0, 0.8962875206945198
218.0, 0.8719647148646741
219.0, 0.850154562163871
220.0, 0.8305133572407548
221.0, 0.8140722048249072
222.0, 0.8003857283309718
223.0, 0.7904751693742298
224.0, 0.7837602281779983
225.0, 0.7811677963532153
226.0, 0.7819658386490417
227.0, 0.7869131295472225
228.0, 0.7951510763929583
229.0, 0.8072368880222269
230.0, 0.8069321015895256
231.0, 0.8069472656840789
232.0, 0.8067947252323
233.0, 0.8069485826094775
234.0, 0.8067937127329552
235.0, 0.8069485965759571
236.0, 0.8067932913433721
237.0, 0.8069486225091694
238.0, 0.8067932534562623
239.0, 0.8069486225091694
240.0, 0.8067932534562623
241.0, 0.8069486225091694
242.0, 0.8067932534562623
243.0, 0.8212720103905462
244.0, 0.8342247320665473
245.0, 0.8482149193556592
246.0, 0.8643961166030172
247.0, 0.8818461058756693
248.0, 0.9012219899782821
249.0, 0.921573641936032
250.0, 0.9435707467724583
251.0, 0.9662475370862708
252.0, 0.9902128729700189
253.0, 1.0144748775921701
254.0, 1.0396151093598696
255.0, 1.0648555121881074
256.0, 1.090637167303252
257.0, 1.1161667377485673
258.0, 1.1419153170235048
259.0, 1.167131297268633
260.0, 1.1922726683819758
261.0, 1.2166873900461015
262.0, 1.240784921620897
263.0, 1.2149005705636342
264.0, 1.1822398279773474
265.0, 1.1479280640582974
266.0, 1.1115760590395822
267.0, 1.0735160043934266
268.0, 1.0336479225343238
269.0, 0.992352216339719
270.0, 0.9495255456112867
271.0, 0.905627132691756
272.0, 0.8605687157363402
273.0, 0.8149087085142048
274.0, 0.7668675098835114
275.0, 0.7197586397862606
276.0, 0.6569879328356922
277.0, 0.6092710050306929
278.0, 0.5641033774566491
279.0, 0.5191369497385846
280.0, 0.47805389364711387
281.0, 0.4503092800422327
282.0, 0.4233077785745925
ee_box_dist
0.0, 0.6319980125231259
1.0, 0.676600126714784
2.0, 0.7076659927963799
3.0, 0.747101886249872
4.0, 0.784350200812409
5.0, 0.8242771400726032
6.0, 0.8630765555220021
7.0, 0.897689892253012
8.0, 0.9312057036333511
9.0, 0.9629642305388236
10.0, 0.9946675883259094
11.0, 1.0219763694641557
12.0, 1.0487535490482756
13.0, 1.0846922199619935
14.0, 1.1076105500178077
15.0, 1.1308706146724248
16.0, 1.1525574389207498
17.0, 1.1715606752803043
18.0, 1.1893015606069623
19.0, 1.2025589247803345
20.0, 1.218698769740771
21.0, 1.19731943196906
22.0, 1.167740846747051
23.0, 1.1353188304820239
24.0, 1.0998078609333826
25.0, 1.0613616542642044
26.0, 1.0194580274384126
27.0, 0.9756573719367666
28.0, 0.9285696411735109
29.0, 0.8788961311164365
30.0, 0.8262144979633812
31.0, 0.7716071986871127
32.0, 0.7145940991758138
33.0, 0.6555034643873442
34.0, 0.5941237179614147
35.0, 0.5311161547931569
36.0, 0.4666063280035717
37.0, 0.40043786126349323
38.0, 0.33313002623845667
39.0, 0.264426260634081
40.0, 0.196649785351807
41.0, 0.08116680962981318
42.0, 0.08287273361388604
43.0, 0.08297412095941976
44.0, 0.08292700153516373
45.0, 0.08298164585160406
46.0, 0.08293755147979265
47.0, 0.082985342916298
48.0, 0.08294699787694293
49.0, 0.08298855068738872
50.0, 0.0829552780585353
51.0, 0.08299080190275848
52.0, 0.08296228878791016
53.0, 0.0829929670847072
54.0, 0.08296875914647407
55.0, 0.08299456005429304
56.0, 0.0829745569750007
57.0, 0.08299579874234742
58.0, 0.0829794716503247
59.0, 0.08299687202358445
60.0, 0.08298371536673203
61.0, 0.08299741255896845
62.0, 0.08298736205826092
63.0, 0.08299778468355522
64.0, 0.08299052498399771
65.0, 0.08299791501734469
66.0, 0.08299351425718887
67.0, 0.08299845946100033
68.0, 0.08299609903355315
69.0, 0.0829985384624538
70.0, 0.08299855568650384
71.0, 0.08299934177094294
72.0, 0.08300173729419061
73.0, 0.08300040778727617
74.0, 0.08300440812984569
75.0, 0.08300176668001273
76.0, 0.08300728095847901
77.0, 0.08300373020202642
78.0, 0.08301070617719247
79.0, 0.08300610929285572
80.0, 0.08301468888397405
81.0, 0.08300981291323746
82.0, 0.0830191910486289
83.0, 0.0830138571304781
84.0, 0.08302434489731912
85.0, 0.08301919579286579
86.0, 0.08591678193751875
87.0, 0.12238841881993479
88.0, 0.13480623339200026
89.0, 0.1336764496403733
90.0, 0.12902266557769765
91.0, 0.12292481130189081
92.0, 0.12165022571784434
93.0, 0.08804452766040156
94.0, 0.11972021717667289
95.0, 0.12221216785941344
96.0, 0.12168319093862
97.0, 0.12231910699759153
98.0, 0.12168237808248848
99.0, 0.12231789138583965
100.0, 0.12168217307881965
101.0, 0.12231780065447466
102.0, 0.12168217307881965
103.0, 0.12231776413235448
104.0, 0.12168217307881965
105.0, 0.12231776413235448
106.0, 0.12168214385384103
107.0, 0.12231776413235448
108.0, 0.12168217307881965
109.0, 0.12231776413235448
110.0, 0.12168215499841471
111.0, 0.12231776413235448
112.0, 0.12168220923964333
113.0, 0.12231776413235448
114.0, 0.12168214385384103
115.0, 0.08812725160822686
116.0, 0.11971902334060881
117.0, 0.12221234879779286
118.0, 0.12168319788600673
119.0, 0.12241157069340088
120.0, 0.1215272786435521
121.0, 0.12231499450194638
122.0, 0.09733186492681181
123.0, 0.12135852059802191
124.0, 0.12162490720920684
125.0, 0.12232503059669937
126.0, 0.12168410165575451
127.0, 0.12231831245628035
128.0, 0.12168223071036272
129.0, 0.12231776413235448
130.0, 0.12168207846804008
131.0, 0.12231779014932455
132.0, 0.1216821076930125
133.0, 0.1223177823934123
134.0, 0.12168219115922918
135.0, 0.1223177823934123
136.0, 0.12168215499841471
137.0, 0.1223177823934123
138.0, 0.12168214385384103
139.0, 0.1223177823934123
140.0, 0.12168214385384103
141.0, 0.1223177823934123
142.0, 0.1216821076930125
143.0, 0.11847938259673164
144.0, 0.11829685998339481
145.0, 0.11851154348026381
146.0, 0.11829760011718918
147.0, 0.11851102828293876
148.0, 0.11829690420381801
149.0, 0.11851007761560892
150.0, 0.11829603818734373
151.0, 0.11850949215185409
152.0, 0.11829609459742335
153.0, 0.11850965607119282
154.0, 0.11829619646764475
155.0, 0.11850965607119282
156.0, 0.11829619646764475
157.0, 0.11850965607119282
158.0, 0.11829603461474968
159.0, 0.11850955276719148
160.0, 0.11829614909767265
161.0, 0.11850965607119282
162.0, 0.11829597463216575
163.0, 0.11850971668644636
164.0, 0.11829581990951268
165.0, 0.11850971668644636
166.0, 0.11829605435776165
167.0, 0.1185086712542295
168.0, 0.11829578102714981
169.0, 0.118508716531083
170.0, 0.11829580731029724
171.0, 0.11850908828993383
172.0, 0.11829564712861367
173.0, 0.11850917771081146
174.0, 0.11829497940845504
175.0, 0.11850828284808826
176.0, 0.11829480894772175
177.0, 0.11850732714633044
178.0, 0.1182929881418525
179.0, 0.1185055692245413
180.0, 0.11829144013961936
181.0, 0.11850504002363421
182.0, 0.11829208983432402
183.0, 0.11850626361676395
184.0, 0.11829395280828946
185.0, 0.11850787395137884
186.0, 0.11829534349283097
187.0, 0.11850933684314859
188.0, 0.11829614076643774
189.0, 0.11851009663201129
190.0, 0.11829670960197712
191.0, 0.11851014171920313
192.0, 0.11829677200365846
193.0, 0.11851010166068128
194.0, 0.11829660660462162
195.0, 0.11851010166068128
196.0, 0.11829670134457086
197.0, 0.11851010166068128
198.0, 0.11594891046562178
199.0, 0.10812139533557368
200.0, 0.08524223658899475
201.0, 0.46481395112468443
202.0, 0.5828371547214417
203.0, 2.8921900567307905
204.0, 2.834050371627177
205.0, 0.8614992683991222
206.0, 0.07226565467891999
207.0, 0.1229584661822826
208.0, 0.11850513465594903
209.0, 0.1163342634150268
210.0, 0.11460929018683598
211.0, 0.1188655626964139
212.0, 0.11831281746065038
213.0, 0.12046333527016384
214.0, 0.11829235395025862
215.0, 0.11851297653609257
216.0, 0.11829733627933682
217.0, 0.11851144927663795
218.0, 0.11829794613284857
219.0, 0.11851185205937903
220.0, 0.1182979936111319
221.0, 0.11851166711932049
222.0, 0.11829832310399735
223.0, 0.11851180054943684
224.0, 0.11829782194245742
225.0, 0.11851147645393258
226.0, 0.1182974163598648
227.0, 0.11851074058428762
228.0, 0.11829696232866659
229.0, 0.11850928530340889
230.0, 0.12143765958975786
231.0, 0.12230811882632646
232.0, 0.12168128960847305
233.0, 0.1223179467723995
234.0, 0.12168243351363836
235.0, 0.12231811173164571
236.0, 0.12168262904850236
237.0, 0.12231835146026135
238.0, 0.12168257858707708
239.0, 0.12231835146026135
240.0, 0.12168257858707708
241.0, 0.12231835146026135
242.0, 0.12168257858707708
243.0, 0.0758657965302855
244.0, 0.07455004393973408
245.0, 0.07317193877441355
246.0, 0.07289223900547118
247.0, 0.0716047482457973
248.0, 0.07162160454534028
249.0, 0.07045301542079929
250.0, 0.07072098160077885
251.0, 0.06966947615365852
252.0, 0.0700105137323595
253.0, 0.06894707126346743
254.0, 0.06936895241716386
255.0, 0.06824980915887849
256.0, 0.06866162818462694
257.0, 0.06744510966712644
258.0, 0.06781517036960046
259.0, 0.06649019274896671
260.0, 0.06681952409042598
261.0, 0.06539351662425238
262.0, 0.06570578470975867
263.0, 0.0799842952543424
264.0, 0.08064877602028483
265.0, 0.08083249991152804
266.0, 0.08114177628888367
267.0, 0.08129035008498019
268.0, 0.08156166334662758
269.0, 0.0816774556571926
270.0, 0.08190381459244735
271.0, 0.08197871806191616
272.0, 0.0821547597983494
273.0, 0.0821849993198266
274.0, 0.08214054701683766
275.0, 0.08067566549829243
276.0, 0.0818888966830436
277.0, 0.08229488724229567
278.0, 0.08231955537413949
279.0, 0.08220319098718318
280.0, 0.08037943379916178
281.0, 0.0812144616297825
282.0, 0.08206144800711891
spot_hold
0, 0
1, 0
2, 0
3, 0
4, 0
5, 0
6, 0
7, 0
8, 0
9, 0
10, 0
11, 0
12, 0
13, 0
14, 0
15, 0
16, 0
17, 0
18, 0
19, 0
20, 0
21, 0
22, 0
23, 0
24, 0
25, 0
26, 0
27, 0
28, 0
29, 0
30, 0
31, 0
32, 0
33, 0
34, 0
35, 0
36, 0
37, 0
38, 0
39, 0
40, 0
41, 1
42, 1
43, 1
44, 1
45, 1
46, 1
47, 1
48, 1
49, 1
50, 1
51, 1
52, 1
53, 1
54, 1
55, 1
56, 1
57, 1
58, 1
59, 1
60, 1
61, 1
62, 1
63, 1
64, 1
65, 1
66, 1
67, 1
68, 1
69, 1
70, 1
71, 1
72, 1
73, 1
74, 1
75, 1
76, 1
77, 1
78, 1
79, 1
80, 1
81, 1
82, 1
83, 1
84, 1
85, 1
86, 1
87, 1
88, 1
89, 1
90, 1
91, 1
92, 1
93, 1
94, 1
95, 1
96, 1
97, 1
98, 1
99, 1
100, 1
101, 1
102, 1
103, 1
104, 1
105, 1
106, 1
107, 1
108, 1
109, 1
110, 1
111, 1
112, 1
113, 1
114, 1
115, 1
116, 1
117, 1
118, 1
119, 1
120, 1
121, 1
122, 1
123, 1
124, 1
125, 1
126, 1
127, 1
128, 1
129, 1
130, 1
131, 1
132, 1
133, 1
134, 1
135, 1
136, 1
137, 1
138, 1
139, 1
140, 1
141, 1
142, 1
143, 1
144, 1
145, 1
146, 1
147, 1
148, 1
149, 1
150, 1
151, 1
152, 1
153, 1
154, 1
155, 1
156, 1
157, 1
158, 1
159, 1
160, 1
161, 1
162, 1
163, 1
164, 1
165, 1
166, 1
167, 1
168, 1
169, 1
170, 1
171, 1
172, 1
173, 1
174, 1
175, 1
176, 1
177, 1
178, 1
179, 1
180, 1
181, 1
182, 1
183, 1
184, 1
185, 1
186, 1
187, 1
188, 1
189, 1
190, 1
191, 1
192, 1
193, 1
194, 1
195, 1
196, 1
197, 1
198, 1
199, 1
200, 1
201, 1
202, 1
203, 1
204, 1
205, 1
206, 1
207, 1
208, 1
209, 1
210, 1
211, 1
212, 1
213, 1
214, 1
215, 1
216, 1
217, 1
218, 1
219, 1
220, 1
221, 1
222, 1
223, 1
224, 1
225, 1
226, 1
227, 1
228, 1
229, 1
230, 1
231, 1
232, 1
233, 1
234, 1
235, 1
236, 1
237, 1
238, 1
239, 1
240, 1
241, 1
242, 1
243, 1
244, 1
245, 1
246, 1
247, 1
248, 1
249, 1
250, 1
251, 1
252, 1
253, 1
254, 1
255, 1
256, 1
257, 1
258, 1
259, 1
260, 1
261, 1
262, 1
263, 1
264, 1
265, 1
266, 1
267, 1
268, 1
269, 1
270, 1
271, 1
272, 1
273, 1
274, 1
275, 1
276, 1
277, 1
278, 1
279, 1
280, 1
281, 1
282, 1
