bot_dist
0.0, 3.3367828852120835
1.0, 3.342232698008742
2.0, 3.347703510147193
3.0, 3.353195218844769
4.0, 3.358707721599712
5.0, 3.3642409161952367
6.0, 3.369794700703492
7.0, 3.375368973489422
8.0, 3.3809636332145407
9.0, 3.3865785788406018
10.0, 3.392213709633183
11.0, 3.3978689251651746
12.0, 3.403544125320178
13.0, 3.409239210295807
14.0, 3.4149540806069107
15.0, 3.420688637088698
16.0, 3.426442780899779
17.0, 3.4322164135251167
18.0, 3.438009436778897
19.0, 3.44382175280731
20.0, 3.4496532640912494
21.0, 3.4555038734489267
22.0, 3.461373484038409
23.0, 3.467261999360069
24.0, 3.473169323258959
25.0, 3.47909535992711
26.0, 3.485040013905741
27.0, 3.491003190087404
28.0, 3.4969847937180503
29.0, 3.502984730399013
30.0, 3.509002906088929
31.0, 3.5150392271055777
32.0, 3.521093600127656
33.0, 3.5271659321964757
34.0, 3.533256130717592
35.0, 3.5393641034623724
36.0, 3.5454897585694827
37.0, 3.5516330045463174
38.0, 3.557793750270362
39.0, 3.5639719049904874
40.0, 3.5701673783281827
41.0, 3.5763800802787253
42.0, 3.5826099212122897
43.0, 3.588856811874991
44.0, 3.5951206633898747
45.0, 3.6014013872578423
46.0, 3.6076988953585216
47.0, 3.6140130999510807
48.0, 3.620343913674979
49.0, 3.626691249550676
50.0, 3.6330550209802706
51.0, 3.6394351417480975
52.0, 3.6458315260212673
53.0, 3.6522440883501566
54.0, 3.658672743668842
55.0, 3.6651174072954964
56.0, 3.671577994932717
57.0, 3.6780544226678287
58.0, 3.6845466069731194
59.0, 3.691054464706043
60.0, 3.6975779131093676
61.0, 3.7041168698112874
62.0, 3.7106712528254837
63.0, 3.717240980551147
64.0, 3.7238259717729547
65.0, 3.730426145661009
66.0, 3.737041421770737
67.0, 3.7436717200427414
68.0, 3.7503169608026248
69.0, 3.7569770647607665
70.0, 3.763651953012067
71.0, 3.7703415470356516
72.0, 3.777045768694546
73.0, 3.783764540235304
74.0, 3.790497784287616
75.0, 3.797245423863869
76.0, 3.804007382358688
77.0, 3.810783583548432
78.0, 3.8175739515906684
79.0, 3.824378411023612
80.0, 3.8311968867655324
81.0, 3.8380293041141385
82.0, 3.844875588745928
83.0, 3.8517356667155083
84.0, 3.8586094644548967
85.0, 3.8654969087727884
86.0, 3.8723979268537976
87.0, 3.879312446257677
88.0, 3.886240394918512
89.0, 3.893181701143884
90.0, 3.9001362936140214
91.0, 3.907104101380916
92.0, 3.9140850538674243
93.0, 3.9210790808663476
94.0, 3.9280861125394813
95.0, 3.9351060794166544
96.0, 3.942138912394745
97.0, 3.949184542736673
98.0, 3.956242902070377
99.0, 3.9633139223877705
100.0, 3.970397536043686
101.0, 3.970397536043686
102.0, 3.970397536043686
103.0, 3.970397536043686
104.0, 3.970397536043686
105.0, 3.970397536043686
106.0, 3.970397536043686
107.0, 3.970397536043686
108.0, 3.970397536043686
109.0, 3.970397536043686
110.0, 3.970397536043686
111.0, 3.970397536043686
112.0, 3.970397536043686
113.0, 3.970397536043686
114.0, 3.970397536043686
115.0, 3.970397536043686
116.0, 3.970397536043686
117.0, 3.970397536043686
118.0, 3.970397536043686
119.0, 3.970397536043686
120.0, 3.970397536043686
121.0, 3.970397536043686
122.0, 3.970397536043686
123.0, 3.970397536043686
124.0, 3.970397536043686
125.0, 3.970397536043686
126.0, 3.970397536043686
127.0, 3.970397536043686
128.0, 3.970397536043686
129.0, 3.970397536043686
130.0, 3.970397536043686
131.0, 3.9633139223877705
132.0, 3.956242902070377
133.0, 3.949184542736673
134.0, 3.942138912394745
135.0, 3.9351060794166544
136.0, 3.9280861125394813
137.0, 3.9210790808663476
138.0, 3.9140850538674243
139.0, 3.907104101380916
140.0, 3.9001362936140214
141.0, 3.893181701143884
142.0, 3.886240394918512
143.0, 3.883494503654345
144.0, 3.8765874436320114
145.0, 3.8696938969323873
146.0, 3.8628139359027744
147.0, 3.8559476332637277
148.0, 3.849095062109811
149.0, 3.8422562959103397
150.0, 3.8354314085100896
151.0, 3.745666525029919
152.0, 3.655906664864023
153.0, 3.5661521638046683
154.0, 3.476403483824645
155.0, 3.3866610877109364
156.0, 3.296925488604587
157.0, 3.2071972570351264
158.0, 3.117477029167106
159.0, 3.0277655165093895
160.0, 2.9380635173988416
161.0, 2.8483719306482103
162.0, 2.758691771848941
163.0, 2.6690241929509306
164.0, 2.5793705059133245
165.0, 2.4897322114479765
166.0, 2.400111034180623
167.0, 2.3933324257896063
168.0, 2.303492031225094
169.0, 2.213701604722039
170.0, 2.1239672867132033
171.0, 2.0342965021732344
172.0, 1.9446980397810245
173.0, 1.8551823782446715
174.0, 1.8486294909950987
175.0, 1.759833392368839
176.0, 1.6712732111740414
177.0, 1.6649181736793708
178.0, 1.658599078537741
179.0, 1.6523163381214758
180.0, 1.6460703687080378
181.0, 1.5675027212850294
182.0, 1.561536449490059
183.0, 1.5556115789471994
184.0, 1.5497285845081736
185.0, 1.543887944880504
186.0, 1.538090142570167
187.0, 1.5323356638198486
188.0, 1.4440519724519005
189.0, 1.4384189423124893
190.0, 1.35020754513043
191.0, 1.2621407538928828
192.0, 1.174250940811365
193.0, 1.0865810522019907
194.0, 0.9991889789530929
195.0, 0.9121545756982156
196.0, 0.8255909676843538
197.0, 0.7396634663992216
198.0, 0.6546226109586852
199.0, 0.5708647858117966
200.0, 0.48904965620114627
201.0, 0.41034089539052665
202.0, 0.3369226265454245
203.0, 0.27309555795648666
204.0, 0.2270960874207011
205.0, 0.2109293808765042
206.0, 0.2309478212952631
207.0, 0.27948114472007035
208.0, 0.3446877514446688
209.0, 0.41885164842322314
210.0, 0.4979868295714754
211.0, 0.5800620787022372
212.0, 0.6639882561748496
213.0, 0.671254829841581
214.0, 0.7543961626343303
215.0, 0.8386497369011199
216.0, 0.8457165183057797
217.0, 0.8528420000707709
218.0, 0.860024723163646
219.0, 0.8672632653578899
220.0, 0.8745562406410944
221.0, 0.8819022985954105
222.0, 0.8893001237546206
223.0, 0.8967484349418343
224.0, 0.9042459845914745
225.0, 0.9117915580589194
226.0, 0.9193839729208622
227.0, 0.9270220782691833
228.0, 0.934704754000863
229.0, 0.942430910106222
230.0, 0.9501994859575544
231.0, 0.9501994859575544
232.0, 0.9501994859575544
233.0, 0.9501994859575544
234.0, 0.9501994859575544
235.0, 0.9501994859575544
236.0, 0.9501994859575544
237.0, 0.9501994859575544
238.0, 0.9501994859575544
239.0, 0.9501994859575544
240.0, 0.9501994859575544
241.0, 0.9501994859575544
242.0, 0.9501994859575544
243.0, 0.9501994859575544
244.0, 0.9501994859575544
245.0, 0.9501994859575544
246.0, 0.9501994859575544
247.0, 0.9501994859575544
248.0, 0.9501994859575544
249.0, 0.9501994859575544
250.0, 0.9501994859575544
251.0, 0.9501994859575544
252.0, 0.9501994859575544
253.0, 0.9501994859575544
254.0, 0.9501994859575544
255.0, 0.9501994859575544
256.0, 0.9501994859575544
257.0, 0.9501994859575544
258.0, 0.9501994859575544
259.0, 0.9501994859575544
260.0, 0.9501994859575544
261.0, 0.942430910106222
262.0, 0.934704754000863
263.0, 0.9270220782691833
264.0, 0.9193839729208622
265.0, 0.9117915580589194
266.0, 0.9042459845914745
267.0, 0.8967484349418343
268.0, 0.8893001237546206
269.0, 0.8819022985954105
270.0, 0.8745562406410944
271.0, 0.8672632653578899
272.0, 0.860024723163646
273.0, 0.8528420000707709
274.0, 0.8457165183057797
275.0, 0.8386497369011199
276.0, 0.8316431522545688
277.0, 0.8246982986511154
278.0, 0.8178167487418581
279.0, 0.8110001139740319
280.0, 0.8042500449658755
281.0, 0.7975682318196126
282.0, 0.790956404365401
ee_dist
0.0, 1.0297553058285256
1.0, 1.0568260415802515
2.0, 1.1459425152464364
3.0, 1.2285520285495226
4.0, 1.2569807110180302
5.0, 1.2824690401100802
6.0, 1.3165107378849925
7.0, 1.3519904843179904
8.0, 1.3872504931655778
9.0, 1.4220558918395219
10.0, 1.4612321814491565
11.0, 1.4959615680628129
12.0, 1.5286454461571448
13.0, 1.558596778682982
14.0, 1.5869909208651634
15.0, 1.6124231951954062
16.0, 1.637098375001693
17.0, 1.6587933129333392
18.0, 1.6802207143034638
19.0, 1.69862124800502
20.0, 1.7172985130804819
21.0, 1.691459935997279
22.0, 1.655092968236221
23.0, 1.6156759845683115
24.0, 1.5727302333465714
25.0, 1.5264680387663612
26.0, 1.4769393805513873
27.0, 1.42439577679742
28.0, 1.3689255925978627
29.0, 1.3108671233259839
30.0, 1.25036552242806
31.0, 1.1878715786740528
32.0, 1.1236246683052842
33.0, 1.0582251355588888
34.0, 0.9920821264330959
35.0, 0.9260504978029068
36.0, 0.8595701573285721
37.0, 0.7969775121824899
38.0, 0.7372432233538785
39.0, 0.6830994558382778
40.0, 0.6363129235947437
41.0, 0.6508886206264596
42.0, 0.7346579575146712
43.0, 1.0541502251751598
44.0, 1.0119811285740323
45.0, 0.9683934396454214
46.0, 0.9223749247072474
47.0, 0.8744888986022289
48.0, 0.824299645550245
49.0, 0.7723047335893423
50.0, 0.7187042465736773
51.0, 0.664293643027478
52.0, 0.6092442563694458
53.0, 0.5537205067450158
54.0, 0.4979825088659612
55.0, 0.44238123952060354
56.0, 0.3882908467197404
57.0, 0.33654477529069965
58.0, 0.37695488912710096
59.0, 0.44540793916802124
60.0, 0.5243087673414242
61.0, 0.6130551816709614
62.0, 0.7059891506938559
63.0, 0.7977531650306163
64.0, 0.8838699447123557
65.0, 0.950998115482173
66.0, 1.0086888547434723
67.0, 1.0672350892699467
68.0, 1.1207808118405185
69.0, 1.1735540521734742
70.0, 1.2263018874685916
71.0, 1.2772969237042568
72.0, 1.3324486687494645
73.0, 1.393237837424143
74.0, 1.4586436841892594
75.0, 1.5351713571140106
76.0, 1.6209567656181842
77.0, 1.716157582766621
78.0, 1.815734243002222
79.0, 1.9145936527657395
80.0, 2.008297945224888
81.0, 2.087040353530171
82.0, 2.1510278363089816
83.0, 2.2140527705741206
84.0, 2.2744061479957316
85.0, 2.333900576511948
86.0, 2.383552037384593
87.0, 2.40916454860157
88.0, 2.4397730914997973
89.0, 2.495469092827422
90.0, 2.5485072504112494
91.0, 2.6309113581480137
92.0, 2.724669141604668
93.0, 2.8257223895455224
94.0, 2.9332857957814635
95.0, 3.0402634837488174
96.0, 3.1421729938024985
97.0, 3.232025544848975
98.0, 3.304514873127418
99.0, 3.3720047545445855
100.0, 3.4381019344297883
101.0, 3.5017095160224985
102.0, 3.5649998402184226
103.0, 3.627172144195261
104.0, 3.6911436064112335
105.0, 3.760410549142088
106.0, 3.835072360317154
107.0, 3.915888326810158
108.0, 4.007565206653244
109.0, 4.107257225915611
110.0, 4.214157598151223
111.0, 4.322379006797755
112.0, 4.425838139258533
113.0, 4.52041413873386
114.0, 4.595586910895335
115.0, 4.663929745554176
116.0, 4.730434088301733
117.0, 4.793366815140478
118.0, 4.836830023731234
119.0, 4.878951531124902
120.0, 4.920949927904688
121.0, 4.961245436013752
122.0, 4.993646725940061
123.0, 5.038449648626819
124.0, 5.074523106819
125.0, 5.108098186037318
126.0, 5.140190060756091
127.0, 5.169208279403961
128.0, 5.196394823103768
129.0, 5.220206262297829
130.0, 5.241906028120392
131.0, 5.259991887672891
132.0, 5.275752224219696
133.0, 5.287726386148
134.0, 5.297226663350413
135.0, 5.302834665807053
136.0, 5.305885125476291
137.0, 5.3050060637494
138.0, 5.301553219537592
139.0, 5.294196954174199
140.0, 5.2843166488224105
141.0, 5.270627636896445
142.0, 5.2545311425879495
143.0, 4.5954644380525345
144.0, 4.58279938814739
145.0, 4.5734167713061895
146.0, 4.5659639335616
147.0, 4.56198087286934
148.0, 4.5599970894099915
149.0, 4.561553421197407
150.0, 4.5651070462408105
151.0, 4.483087438825004
152.0, 4.400341100829958
153.0, 4.318393719038836
154.0, 4.235723741823806
155.0, 4.153857283047991
156.0, 4.0712732481073335
157.0, 3.989497707408019
158.0, 3.907010377053212
159.0, 3.825337789147918
160.0, 3.7429602584132278
161.0, 3.6614043834215506
162.0, 3.5791518224505707
163.0, 3.497729445097224
164.0, 3.415619946842741
165.0, 3.3343505976872283
166.0, 3.252406353544251
167.0, 3.2612548605512814
168.0, 3.1813688644683222
169.0, 3.102426013360752
170.0, 3.0229582319655535
171.0, 2.944463977287317
172.0, 2.8654843811092623
173.0, 2.787515866229426
174.0, 2.7998263141763666
175.0, 2.7252241862844477
176.0, 2.6504173236803124
177.0, 2.6667039711068665
178.0, 2.6846987271050944
179.0, 2.7055194893312025
180.0, 2.727768009259196
181.0, 2.6731357123342603
182.0, 2.649854320678482
183.0, 2.6291065065915076
184.0, 2.6099002782560574
185.0, 2.5936886319508736
186.0, 2.5792832343468337
187.0, 2.568237616590572
188.0, 2.488619675519929
189.0, 2.4800458872276696
190.0, 2.3985344376934843
191.0, 2.3179442977803526
192.0, 2.2367632685110834
193.0, 2.1565390464892045
194.0, 2.075766832193025
195.0, 1.9959986786465702
196.0, 1.9157404614452453
197.0, 1.8365498917850975
198.0, 1.7551897302229333
199.0, 1.6822925470340462
200.0, 1.734858438996952
201.0, 1.234658106308184
202.0, 1.5695363301874272
203.0, 2.1113758122374424
204.0, 2.05946066844817
205.0, 1.0754442408485347
206.0, 1.5618239217224714
207.0, 1.0641198471089444
208.0, 1.000831542494777
209.0, 0.9375528045478663
210.0, 0.8681015684339041
211.0, 0.7994274762840746
212.0, 0.7493373533329649
213.0, 0.7269636779078754
214.0, 0.6671172495027563
215.0, 0.6132907978609323
216.0, 0.5902054389502074
217.0, 0.5703208917692768
218.0, 0.5527101247639024
219.0, 0.5392520115391555
220.0, 0.5287487752826219
221.0, 0.5231267389268552
222.0, 0.5208831491896125
223.0, 0.5237823217966422
224.0, 0.5300479002635279
225.0, 0.5411391381014122
226.0, 0.555160488387695
227.0, 0.5732371118068316
228.0, 0.59356687197573
229.0, 0.6169807009113623
230.0, 0.6167172701068901
231.0, 0.6169807009113623
232.0, 0.6167172701068901
233.0, 0.6169807009113623
234.0, 0.6167172969894585
235.0, 0.6169807009113623
236.0, 0.6167172701068901
237.0, 0.6169807009113623
238.0, 0.6167172969894585
239.0, 0.6169807009113623
240.0, 0.6167172701068901
241.0, 0.6169807009113623
242.0, 0.6167172701068901
243.0, 0.6242197381797592
244.0, 0.635799585120428
245.0, 0.6485988526505706
246.0, 0.6631649085183353
247.0, 0.6787270558197233
248.0, 0.6958638752897359
249.0, 0.7136631563035322
250.0, 0.7328559524578864
251.0, 0.7524280056632339
252.0, 0.7731711658958494
253.0, 0.7940307848974038
254.0, 0.815783001711693
255.0, 0.8373973218144541
256.0, 0.8595972130215409
257.0, 0.8814231024670963
258.0, 0.903535275771283
259.0, 0.9250746502868671
260.0, 0.9466443807505357
261.0, 0.9674840416788989
262.0, 0.9881763223708848
263.0, 0.9686519001027876
264.0, 0.9451167788269365
265.0, 0.9207614434331495
266.0, 0.8954399565159364
267.0, 0.8693732588773622
268.0, 0.8426400852356115
269.0, 0.8154956837985704
270.0, 0.7880507552837324
271.0, 0.7606161274371713
272.0, 0.7333419480214347
273.0, 0.7066030461992137
274.0, 0.6806056115253541
275.0, 0.6520054369405305
276.0, 0.6179363614093648
277.0, 0.5880313063407065
278.0, 0.5672603929703868
279.0, 0.5493980204792858
280.0, 0.5343556677486925
281.0, 0.5235158009184047
282.0, 0.5170583709075518
ee_box_dist
0.0, 0.7437639284445736
1.0, 0.7894430531568866
2.0, 0.8102806501968343
3.0, 0.8445338451496436
4.0, 0.8887857935166749
5.0, 0.9249269374869792
6.0, 0.9632772292033842
7.0, 0.999535189541703
8.0, 1.0327029397234262
9.0, 1.0646670025586564
10.0, 1.100302180580774
11.0, 1.1313871668776858
12.0, 1.1603941233470787
13.0, 1.1868205797453588
14.0, 1.2117406949746865
15.0, 1.2339747493568354
16.0, 1.255550579934002
17.0, 1.2744604760803133
18.0, 1.293218825352472
19.0, 1.3092299002018652
20.0, 1.3256231250068766
21.0, 1.3026367324950054
22.0, 1.2706644526374908
23.0, 1.2358156859541072
24.0, 1.1976530336690185
25.0, 1.1563573501749598
26.0, 1.11191845845766
27.0, 1.064532006906747
28.0, 1.0141917831936398
29.0, 0.9611404722049798
30.0, 0.9053735252725436
31.0, 0.8471866965040391
32.0, 0.7865932178955574
33.0, 0.7239586140129449
34.0, 0.6593486726215546
35.0, 0.5932068152638981
36.0, 0.5294990051765928
37.0, 0.4652760659733745
38.0, 0.3968870483760293
39.0, 0.3313982233174002
40.0, 0.26914591535967275
41.0, 0.2834718027708577
42.0, 0.2975833848194266
43.0, 0.31187637654671235
44.0, 0.32588191747119616
45.0, 0.34002918681567823
46.0, 0.35385681823476983
47.0, 0.3677655715571675
48.0, 0.38137240854318055
49.0, 0.39497865237716423
50.0, 0.4083389639506875
51.0, 0.42159817364706215
52.0, 0.43464953026052544
53.0, 0.447531358895912
54.0, 0.460176755983469
55.0, 0.47257387519205274
56.0, 0.48466827991160205
57.0, 0.4964608853555058
58.0, 0.5079162891968035
59.0, 0.5190715193366082
60.0, 0.5298707918598504
61.0, 0.5403825729282814
62.0, 0.5505287556689535
63.0, 0.5603831822986759
64.0, 0.5698748816660966
65.0, 0.5790680349962135
66.0, 0.5879052124375066
67.0, 0.5964362291217147
68.0, 0.6046071300466964
69.0, 0.6124532505017577
70.0, 0.6199275317463473
71.0, 0.6270603972036471
72.0, 0.633812173101951
73.0, 0.6402101747082354
74.0, 0.6462146043411937
75.0, 0.6518499108450546
76.0, 0.6570792411346009
77.0, 0.6619137703862428
78.0, 0.6662984267791499
79.0, 0.6703549985833607
80.0, 0.6739451770713092
81.0, 0.6771155654046127
82.0, 0.6798334919201432
83.0, 0.6821122335996204
84.0, 0.6839190820359199
85.0, 0.6852682293852256
86.0, 0.7051824072289652
87.0, 0.7546178258496578
88.0, 0.793835877722669
89.0, 0.8075696462131144
90.0, 0.8345231817463724
91.0, 0.834908496462478
92.0, 0.8344055411634731
93.0, 0.8348665456179462
94.0, 0.8344226512330841
95.0, 0.8348642058160345
96.0, 0.8344220264191089
97.0, 0.834864849516025
98.0, 0.8344247759486457
99.0, 0.8348693659030388
100.0, 0.8344255439798969
101.0, 0.834865098657393
102.0, 0.8344220551230014
103.0, 0.834864276431779
104.0, 0.834420273650551
105.0, 0.8348597669447403
106.0, 0.8344471085130514
107.0, 0.8348784400953252
108.0, 0.8344477561989798
109.0, 0.8349041797623464
110.0, 0.8344252658206034
111.0, 0.8348647405270446
112.0, 0.8344233128535284
113.0, 0.8348647615654509
114.0, 0.834423368443876
115.0, 0.8330137002014196
116.0, 0.8335091742309527
117.0, 0.8349173763195545
118.0, 0.8343675828007323
119.0, 0.8347713613487266
120.0, 0.8344189580015026
121.0, 0.8348228496324104
122.0, 0.8425557172583625
123.0, 0.8346031003679454
124.0, 0.8343966054382826
125.0, 0.834836435466961
126.0, 0.8343942078108355
127.0, 0.8348384932663233
128.0, 0.8344131159527548
129.0, 0.8348761141726173
130.0, 0.8344493096267478
131.0, 0.8349036842464681
132.0, 0.8344715426270535
133.0, 0.8349211795784256
134.0, 0.8344879096723911
135.0, 0.834937172928247
136.0, 0.8345026927825201
137.0, 0.8349503655479995
138.0, 0.834514387983737
139.0, 0.8349605873301122
140.0, 0.8345235421534084
141.0, 0.834968839193562
142.0, 0.8345308579975971
143.0, 1.588364320057173
144.0, 1.5842210283560436
145.0, 1.5776916787443467
146.0, 1.5699057023884242
147.0, 1.5598049344166958
148.0, 1.5484824329136628
149.0, 1.5349556078959898
150.0, 1.520259794152312
151.0, 1.588680096465849
152.0, 1.6589237910731254
153.0, 1.7298539573183422
154.0, 1.8023381401957017
155.0, 1.8752178269073587
156.0, 1.9494545035192032
157.0, 2.023868628801238
158.0, 2.0994949790737354
159.0, 2.175132734391884
160.0, 2.2518748213556328
161.0, 2.3285008750686473
162.0, 2.4061499575824707
163.0, 2.4835831704705607
164.0, 2.561977854457603
165.0, 2.640077947565537
166.0, 2.719091585304656
167.0, 2.708523595501339
168.0, 2.78598993614694
169.0, 2.8631872357826795
170.0, 2.9413233675998254
171.0, 3.0191284763825643
172.0, 3.0978350639781302
173.0, 3.176159317860545
174.0, 3.1656510560391613
175.0, 3.2422490462840585
176.0, 3.3197823487014335
177.0, 3.307060895593561
178.0, 3.292898913606464
179.0, 3.2761805922303093
180.0, 3.2581264718726164
181.0, 3.323662516504248
182.0, 3.34188755623725
183.0, 3.3576389696117728
184.0, 3.3719848193506436
185.0, 3.3836493139801505
186.0, 3.393819131870586
187.0, 3.4011609055681893
188.0, 3.482595939242332
189.0, 3.487577708864042
190.0, 3.570004976161421
191.0, 3.651812153529406
192.0, 3.7343501735226687
193.0, 3.8162571900937374
194.0, 3.8988924584169
195.0, 3.9808871082356183
196.0, 4.063607903624403
197.0, 4.145680008791441
198.0, 4.2295931300600955
199.0, 4.297471235493161
200.0, 4.263215402645312
201.0, 4.71736826843095
202.0, 4.486097671444341
203.0, 3.886778882178178
204.0, 4.2433533277289985
205.0, 5.335622015813265
206.0, 4.702076809408287
207.0, 4.978671128437627
208.0, 5.06035170853857
209.0, 5.138170168269196
210.0, 5.219984115609677
211.0, 5.308879734389165
212.0, 5.384137085864948
213.0, 5.386902558845983
214.0, 5.470107208936481
215.0, 5.55277823519847
216.0, 5.552564820747496
217.0, 5.549276345729066
218.0, 5.544344081975152
219.0, 5.536386919633581
220.0, 5.526790665701909
221.0, 5.514278527882247
222.0, 5.5002502049956785
223.0, 5.483570276222808
224.0, 5.465452661925342
225.0, 5.44491668956418
226.0, 5.423100685112522
227.0, 5.399222565164344
228.0, 5.374258990809231
229.0, 5.347642963869569
230.0, 5.347797143868552
231.0, 5.3476564793441295
232.0, 5.347789663828163
233.0, 5.347641122661857
234.0, 5.347793918773776
235.0, 5.347653305267559
236.0, 5.347796445785302
237.0, 5.347662579760865
238.0, 5.347813363213661
239.0, 5.34767999149641
240.0, 5.3478228536031365
241.0, 5.3476706493397925
242.0, 5.347818776684162
243.0, 5.345028086507738
244.0, 5.344902563839866
245.0, 5.344142208165597
246.0, 5.342608688801528
247.0, 5.340502505082269
248.0, 5.337469188719763
249.0, 5.3337823174376355
250.0, 5.329069149410981
251.0, 5.323705405119027
252.0, 5.317299928205366
253.0, 5.31034824793918
254.0, 5.302419898876016
255.0, 5.2941186925452595
256.0, 5.284959670454791
257.0, 5.27562636412794
258.0, 5.2655826209579955
259.0, 5.255558746622765
260.0, 5.244993216821328
261.0, 5.234626040607818
262.0, 5.2238615614955135
263.0, 5.242111608701162
264.0, 5.2653857293079
265.0, 5.288909317466838
266.0, 5.312758887194347
267.0, 5.33673633912425
268.0, 5.36065812223666
269.0, 5.384342262838871
270.0, 5.407607411164376
271.0, 5.430278019754327
272.0, 5.452185111762645
273.0, 5.473164044358549
274.0, 5.493061598548681
275.0, 5.515526294717923
276.0, 5.544966313956397
277.0, 5.569043795943413
278.0, 5.584094332486675
279.0, 5.5972274226300325
280.0, 5.608903708501372
281.0, 5.618238738016494
282.0, 5.6252844166985545
spot_hold
0, 0
1, 0
2, 0
3, 0
4, 0
5, 0
6, 0
7, 0
8, 0
9, 0
10, 0
11, 0
12, 0
13, 0
14, 0
15, 0
16, 0
17, 0
18, 0
19, 0
20, 0
21, 0
22, 0
23, 0
24, 0
25, 0
26, 0
27, 0
28, 0
29, 0
30, 0
31, 0
32, 0
33, 0
34, 0
35, 0
36, 0
37, 0
38, 0
39, 0
40, 0
41, 1
42, 1
43, 1
44, 1
45, 1
46, 1
47, 1
48, 1
49, 1
50, 1
51, 1
52, 1
53, 1
54, 1
55, 1
56, 1
57, 1
58, 1
59, 1
60, 1
61, 1
62, 1
63, 1
64, 1
65, 1
66, 1
67, 1
68, 1
69, 1
70, 1
71, 1
72, 1
73, 1
74, 1
75, 1
76, 1
77, 1
78, 1
79, 1
80, 1
81, 1
82, 1
83, 1
84, 1
85, 1
86, 1
87, 1
88, 1
89, 1
90, 1
91, 1
92, 1
93, 1
94, 1
95, 1
96, 1
97, 1
98, 1
99, 1
100, 1
101, 1
102, 1
103, 1
104, 1
105, 1
106, 1
107, 1
108, 1
109, 1
110, 1
111, 1
112, 1
113, 1
114, 1
115, 1
116, 1
117, 1
118, 1
119, 1
120, 1
121, 1
122, 1
123, 1
124, 1
125, 1
126, 1
127, 1
128, 1
129, 1
130, 1
131, 1
132, 1
133, 1
134, 1
135, 1
136, 1
137, 1
138, 1
139, 1
140, 1
141, 1
142, 1
143, 1
144, 1
145, 1
146, 1
147, 1
148, 1
149, 1
150, 1
151, 1
152, 1
153, 1
154, 1
155, 1
156, 1
157, 1
158, 1
159, 1
160, 1
161, 1
162, 1
163, 1
164, 1
165, 1
166, 1
167, 1
168, 1
169, 1
170, 1
171, 1
172, 1
173, 1
174, 1
175, 1
176, 1
177, 1
178, 1
179, 1
180, 1
181, 1
182, 1
183, 1
184, 1
185, 1
186, 1
187, 1
188, 1
189, 1
190, 1
191, 1
192, 1
193, 1
194, 1
195, 1
196, 1
197, 1
198, 1
199, 1
200, 1
201, 1
202, 1
203, 1
204, 1
205, 1
206, 1
207, 1
208, 1
209, 1
210, 1
211, 1
212, 1
213, 1
214, 1
215, 1
216, 1
217, 1
218, 1
219, 1
220, 1
221, 1
222, 1
223, 1
224, 1
225, 1
226, 1
227, 1
228, 1
229, 1
230, 1
231, 1
232, 1
233, 1
234, 1
235, 1
236, 1
237, 1
238, 1
239, 1
240, 1
241, 1
242, 1
243, 1
244, 1
245, 1
246, 1
247, 1
248, 1
249, 1
250, 1
251, 1
252, 1
253, 1
254, 1
255, 1
256, 1
257, 1
258, 1
259, 1
260, 1
261, 1
262, 1
263, 1
264, 1
265, 1
266, 1
267, 1
268, 1
269, 1
270, 1
271, 1
272, 1
273, 1
274, 1
275, 1
276, 1
277, 1
278, 1
279, 1
280, 1
281, 1
282, 1
