bot_dist
0.0, 3.801524098259917
1.0, 3.8082950812377905
2.0, 3.815080258857938
3.0, 3.8218795555189438
4.0, 3.8286928959996698
5.0, 3.8355202054586455
6.0, 3.8423614094334297
7.0, 3.8492164338399446
8.0, 3.856085204971784
9.0, 3.862967649499488
10.0, 3.869863694469799
11.0, 3.876773267304887
12.0, 3.883696295801555
13.0, 3.890632708130408
14.0, 3.8975824328350157
15.0, 3.9045453988310364
16.0, 3.9115215354053254
17.0, 3.9185107722150256
18.0, 3.9255130392866207
19.0, 3.9325282670149875
20.0, 3.9395563861624128
21.0, 3.9465973278575968
22.0, 3.953651023594639
23.0, 3.960717405231996
24.0, 3.9677964049914336
25.0, 3.974887955456951
26.0, 3.981991989573695
27.0, 3.989108440646849
28.0, 3.9962372423405155
29.0, 4.003378328676575
30.0, 4.010531634033535
31.0, 4.017697093145361
32.0, 4.024874641100291
33.0, 4.032064213339644
34.0, 4.039265745656605
35.0, 4.046479174195008
36.0, 4.053704435448094
37.0, 4.060941466257266
38.0, 4.068190203810831
39.0, 4.075450585642726
40.0, 4.082722549631238
41.0, 4.090006033997711
42.0, 4.097300977305244
43.0, 4.104607318457376
44.0, 4.11192499669677
45.0, 4.119253951603875
46.0, 4.126594123095591
47.0, 4.133945451423924
48.0, 4.1413078771746195
49.0, 4.14868134126581
50.0, 4.156065784946642
51.0, 4.163461149795892
52.0, 4.170867377720594
53.0, 4.1782844109546335
54.0, 4.185712192057368
55.0, 4.19315066391221
56.0, 4.20059976972523
57.0, 4.208059453023736
58.0, 4.215529657654863
59.0, 4.223010327784147
60.0, 4.230501407894096
61.0, 4.238002842782768
62.0, 4.24551457756233
63.0, 4.253036557657624
64.0, 4.260568728804723
65.0, 4.268111037049494
66.0, 4.275663428746148
67.0, 4.2832258505557865
68.0, 4.290798249444963
69.0, 4.298380572684216
70.0, 4.3059727678466295
71.0, 4.313574782806364
72.0, 4.321186565737205
73.0, 4.328808065111106
74.0, 4.336439229696728
75.0, 4.344080008557977
76.0, 4.351730351052547
77.0, 4.359390206830459
78.0, 4.367059525832596
79.0, 4.374738258289251
80.0, 4.382426354718655
81.0, 4.390123765925529
82.0, 4.397830442999615
83.0, 4.405546337314222
84.0, 4.413271400524768
85.0, 4.421005584567325
86.0, 4.42874884165716
87.0, 4.4365011242872825
88.0, 4.444262385226995
89.0, 4.4520325775204395
90.0, 4.45981165448515
91.0, 4.467599569710605
92.0, 4.475396277056784
93.0, 4.483201730652725
94.0, 4.491015884895086
95.0, 4.498838694446704
96.0, 4.506670114235164
97.0, 4.514510099451366
98.0, 4.522358605548094
99.0, 4.530215588238595
100.0, 4.538081003495149
101.0, 4.538081003495149
102.0, 4.538081003495149
103.0, 4.538081003495149
104.0, 4.538081003495149
105.0, 4.538081003495149
106.0, 4.538081003495149
107.0, 4.538081003495149
108.0, 4.538081003495149
109.0, 4.538081003495149
110.0, 4.538081003495149
111.0, 4.538081003495149
112.0, 4.538081003495149
113.0, 4.538081003495149
114.0, 4.538081003495149
115.0, 4.538081003495149
116.0, 4.538081003495149
117.0, 4.538081003495149
118.0, 4.538081003495149
119.0, 4.538081003495149
120.0, 4.538081003495149
121.0, 4.538081003495149
122.0, 4.538081003495149
123.0, 4.538081003495149
124.0, 4.538081003495149
125.0, 4.538081003495149
126.0, 4.538081003495149
127.0, 4.538081003495149
128.0, 4.538081003495149
129.0, 4.538081003495149
130.0, 4.538081003495149
131.0, 4.530215588238595
132.0, 4.522358605548094
133.0, 4.514510099451366
134.0, 4.506670114235164
135.0, 4.498838694446704
136.0, 4.491015884895086
137.0, 4.483201730652725
138.0, 4.475396277056784
139.0, 4.467599569710605
140.0, 4.45981165448515
141.0, 4.4520325775204395
142.0, 4.444262385226995
143.0, 4.440158412717513
144.0, 4.432412526683795
145.0, 4.4246756811092105
146.0, 4.416947923500302
147.0, 4.4092293016406545
148.0, 4.401519863592344
149.0, 4.393819657697381
150.0, 4.386128732579155
151.0, 4.297028639499142
152.0, 4.207961168632466
153.0, 4.11892839856505
154.0, 4.02993266966341
155.0, 3.9409764913360172
156.0, 3.852062603623378
157.0, 3.7631940041581915
158.0, 3.674373978973627
159.0, 3.585606137811665
160.0, 3.4968944547118905
161.0, 3.40824331481846
162.0, 3.319657568536635
163.0, 3.2311425944096426
164.0, 3.1427043723840566
165.0, 3.0543495695030285
166.0, 2.9660856405324316
167.0, 2.9580474268304946
168.0, 2.8682670700015387
169.0, 2.778530404653112
170.0, 2.6888416498105374
171.0, 2.599205765109298
172.0, 2.509628415611854
173.0, 2.4201161011329626
174.0, 2.4119628334316645
175.0, 2.3213466364639244
176.0, 2.2307607910668064
177.0, 2.222603319102694
178.0, 2.2144609549120866
179.0, 2.2063338657584257
180.0, 2.198222221062607
181.0, 2.1091779814121767
182.0, 2.1011512291097567
183.0, 2.0931414709769305
184.0, 2.0851489028546677
185.0, 2.07717372317462
186.0, 2.0692161329925716
187.0, 2.0612763360221455
188.0, 1.9730534429022153
189.0, 1.9650893800219085
190.0, 1.8790809239955568
191.0, 1.7933883665858341
192.0, 1.708059035729077
193.0, 1.6231502171133183
194.0, 1.5387315252321339
195.0, 1.454888280185229
196.0, 1.3717260041810053
197.0, 1.2893764674916983
198.0, 1.2080058944166132
199.0, 1.1278261961038687
200.0, 1.0491104507819426
201.0, 0.9722143122329501
202.0, 0.8976055489635825
203.0, 0.8259042897326356
204.0, 0.75793613960297
205.0, 0.6947975311431851
206.0, 0.6379240930534028
207.0, 0.5891330998698651
208.0, 0.5505775076004059
209.0, 0.5245192999667433
210.0, 0.5128669631090098
211.0, 0.5165960717442855
212.0, 0.5353855968389903
213.0, 0.530295962662005
214.0, 0.5692942702858974
215.0, 0.6186011734067792
216.0, 0.6159901690259553
217.0, 0.6135310624178177
218.0, 0.6112256869479372
219.0, 0.6090757882537687
220.0, 0.6070830181346306
221.0, 0.6052489286206835
222.0, 0.6035749662668661
223.0, 0.602062466717651
224.0, 0.6007126495877765
225.0, 0.5995266137027793
226.0, 0.5985053327411601
227.0, 0.5976496513174107
228.0, 0.5969602815418867
229.0, 0.5964378000897036
230.0, 0.5960826458064791
231.0, 0.5960826458064791
232.0, 0.5960826458064791
233.0, 0.5960826458064791
234.0, 0.5960826458064791
235.0, 0.5960826458064791
236.0, 0.5960826458064791
237.0, 0.5960826458064791
238.0, 0.5960826458064791
239.0, 0.5960826458064791
240.0, 0.5960826458064791
241.0, 0.5960826458064791
242.0, 0.5960826458064791
243.0, 0.5960826458064791
244.0, 0.5960826458064791
245.0, 0.5960826458064791
246.0, 0.5960826458064791
247.0, 0.5960826458064791
248.0, 0.5960826458064791
249.0, 0.5960826458064791
250.0, 0.5960826458064791
251.0, 0.5960826458064791
252.0, 0.5960826458064791
253.0, 0.5960826458064791
254.0, 0.5960826458064791
255.0, 0.5960826458064791
256.0, 0.5960826458064791
257.0, 0.5960826458064791
258.0, 0.5960826458064791
259.0, 0.5960826458064791
260.0, 0.5960826458064791
261.0, 0.5964378000897036
262.0, 0.5969602815418867
263.0, 0.5976496513174107
264.0, 0.5985053327411601
265.0, 0.5995266137027793
266.0, 0.6007126495877765
267.0, 0.602062466717651
268.0, 0.6035749662668661
269.0, 0.6052489286206835
270.0, 0.6070830181346306
271.0, 0.6090757882537687
272.0, 0.6112256869479372
273.0, 0.6135310624178177
274.0, 0.6159901690259553
275.0, 0.6186011734067792
276.0, 0.6213621607101563
277.0, 0.6242711409340289
278.0, 0.627326055303209
279.0, 0.6305247826533276
280.0, 0.6338651457812597
281.0, 0.6373449177259514
282.0, 0.6409618279464325
ee_dist
0.0, 1.0354102348595273
1.0, 1.0632359252219306
2.0, 1.1528041254842754
3.0, 1.2356361859082348
4.0, 1.2641432414166522
5.0, 1.2896403923104147
6.0, 1.323570890775762
7.0, 1.3602440684264108
8.0, 1.398073690720461
9.0, 1.4347118773376624
10.0, 1.4695052483979905
11.0, 1.5029969128860898
12.0, 1.5367420453571945
13.0, 1.5636940283792335
14.0, 1.5977478321159442
15.0, 1.6233653171300297
16.0, 1.6478953185328054
17.0, 1.6692957074321129
18.0, 1.6964281576806257
19.0, 1.7140546384273763
20.0, 1.7475175972534027
21.0, 1.718982889830941
22.0, 1.6815678388458064
23.0, 1.6409135747164805
24.0, 1.5964742612227931
25.0, 1.5487364545350366
26.0, 1.4977870430048994
27.0, 1.443784697924553
28.0, 1.386834239108834
29.0, 1.3272937386031691
30.0, 1.2653197572481951
31.0, 1.201387179517042
32.0, 1.1357495872997156
33.0, 1.069037625999683
34.0, 1.0016809435437362
35.0, 0.9345734474256566
36.0, 0.8680372175985465
37.0, 0.8039435450600501
38.0, 0.7439677120019315
39.0, 0.6895706748132756
40.0, 0.6429588962310453
41.0, 0.6575238300214328
42.0, 0.7286462526566796
43.0, 1.0427430161476388
44.0, 1.0008392955805674
45.0, 0.957427887737667
46.0, 0.9116767830920565
47.0, 0.8639668814595274
48.0, 0.8140277937815198
49.0, 0.7622108761380957
50.0, 0.708825052690047
51.0, 0.6545859583369014
52.0, 0.599707522939085
53.0, 0.5443314397505419
54.0, 0.4887319268014778
55.0, 0.43326671526789706
56.0, 0.37933492082907994
57.0, 0.3278209917416339
58.0, 0.368014943864008
59.0, 0.43648535186203097
60.0, 0.5154513692717241
61.0, 0.6042904856944842
62.0, 0.6973210762410401
63.0, 0.7891758323350153
64.0, 0.8753790617027448
65.0, 0.9425914464222249
66.0, 1.000374374797928
67.0, 1.0590179481965973
68.0, 1.1126595131458656
69.0, 1.165527569728203
70.0, 1.218361572861839
71.0, 1.2694399781881247
72.0, 1.3246474021208887
73.0, 1.385495831555082
74.0, 1.4509517425428744
75.0, 1.5275252951700113
76.0, 1.6133508658644617
77.0, 1.7085903692523592
78.0, 1.808205867127587
79.0, 1.9071086584166081
80.0, 2.0008607555689615
81.0, 2.079659203447536
82.0, 2.143707810385942
83.0, 2.206799596622522
84.0, 2.267206301790321
85.0, 2.326744864166306
86.0, 2.3757628669449598
87.0, 2.4026419950304314
88.0, 2.435118428841858
89.0, 2.477117923737534
90.0, 2.527149598409594
91.0, 2.6110103744912827
92.0, 2.704074526971914
93.0, 2.805885444484435
94.0, 2.912611027653187
95.0, 3.020336463563894
96.0, 3.121448723533493
97.0, 3.2120895446468687
98.0, 3.2838212296923426
99.0, 3.352136606075859
100.0, 3.4174839997421476
101.0, 3.4818838154617424
102.0, 3.5444030984305557
103.0, 3.607338721364441
104.0, 3.67050118137404
105.0, 3.7405202263768125
106.0, 3.8143716388080717
107.0, 3.8959295178940923
108.0, 3.986792007879778
109.0, 4.087232326556143
110.0, 4.193318010277624
111.0, 4.302303372091023
112.0, 4.404965572575578
113.0, 4.500331634677827
114.0, 4.574733363403993
115.0, 4.644159941110576
116.0, 4.70868061843292
117.0, 4.77293527649168
118.0, 4.81604063991566
119.0, 4.8589851133528
120.0, 4.90024856614521
121.0, 4.94130731147515
122.0, 4.980191590686888
123.0, 5.018367630072105
124.0, 5.053909805337463
125.0, 5.088305842229803
126.0, 5.1196703656717455
127.0, 5.149511635213572
128.0, 5.175985400227902
129.0, 5.200623755692956
130.0, 5.2216223977177485
131.0, 5.240536979892824
132.0, 5.2556081188324075
133.0, 5.268411771816899
134.0, 5.277233657390941
135.0, 5.283670772321935
136.0, 5.286053744208613
137.0, 5.286000043895415
138.0, 5.281887696203748
139.0, 5.275352037437747
140.0, 5.264821094607064
141.0, 5.25194511817149
142.0, 5.23520096203627
143.0, 4.60057719385699
144.0, 4.589229137735231
145.0, 4.579516215026425
146.0, 4.573227679661259
147.0, 4.568656523675985
148.0, 4.567645410538261
149.0, 4.568371901812013
150.0, 4.5726743841278985
151.0, 4.489803644965082
152.0, 4.407889948820983
153.0, 4.325091131310512
154.0, 4.243252893341437
155.0, 4.160534160864359
156.0, 4.07878045113915
157.0, 3.9961520651101337
158.0, 3.9144936370526318
159.0, 3.8319673492130515
160.0, 3.7504166208319853
161.0, 3.6680065182019583
162.0, 3.5865789004210593
163.0, 3.504300997901783
164.0, 3.423014098340069
165.0, 3.340888319654677
166.0, 3.259763555859605
167.0, 3.2674914103262793
168.0, 3.1883886732309445
169.0, 3.108587223595854
170.0, 3.02989467228996
171.0, 2.9505397098373813
172.0, 2.8723257815230165
173.0, 2.793494283281036
174.0, 2.8061287993655566
175.0, 2.730662987044204
176.0, 2.6565436295316447
177.0, 2.671462860392558
178.0, 2.6894622707436437
179.0, 2.708811672703594
180.0, 2.730798671323649
181.0, 2.675339388572058
182.0, 2.6535656722461978
183.0, 2.6329824370295354
184.0, 2.6152158852563754
185.0, 2.5988953489940396
186.0, 2.5858035985989094
187.0, 2.574367847859691
188.0, 2.495527040015711
189.0, 2.4864383053169004
190.0, 2.40574024424896
191.0, 2.324284935487477
192.0, 2.2439105673827
193.0, 2.162817766858616
194.0, 2.08284399300266
195.0, 2.002203000467257
196.0, 1.9227322007175824
197.0, 1.842663444374577
198.0, 1.7638352201605412
199.0, 1.6845046260257552
200.0, 1.6065135554344971
201.0, 1.528155310393369
202.0, 1.4512795993275347
203.0, 1.3742332487530038
204.0, 1.2988820957913332
205.0, 1.223654748279314
206.0, 1.1504490497349464
207.0, 1.077821834457233
208.0, 1.007733236779572
209.0, 0.9389488791003597
210.0, 0.8735416925928154
211.0, 0.8106205277491961
212.0, 0.7524489700963812
213.0, 0.7314237096884233
214.0, 0.6716276946934905
215.0, 0.6165715728365296
216.0, 0.5951097825270328
217.0, 0.5753996592997856
218.0, 0.5592813084167578
219.0, 0.5455627034985838
220.0, 0.5362494512740313
221.0, 0.5298566567576679
222.0, 0.5283527880361284
223.0, 0.5299824466534021
224.0, 0.5364785382570292
225.0, 0.545925419492787
226.0, 0.5597153526299048
227.0, 0.5759622120479241
228.0, 0.5957063045899567
229.0, 0.6172849127556852
230.0, 0.6175415247263564
231.0, 0.6172849127556852
232.0, 0.6175415247263564
233.0, 0.6172849127556852
234.0, 0.6175415247263564
235.0, 0.6172849127556852
236.0, 0.6168966189673966
237.0, 0.6170998038789652
238.0, 0.6160982145571415
239.0, 0.6175982474713579
240.0, 0.6175341834522083
241.0, 0.617276627472368
242.0, 0.6175417935386766
243.0, 0.6235358923669633
244.0, 0.6341314479070799
245.0, 0.6459564930465438
246.0, 0.6597360530465538
247.0, 0.6745659572927385
248.0, 0.6911108707038659
249.0, 0.7083733682327502
250.0, 0.7271243465809594
251.0, 0.7463134923940622
252.0, 0.7667402398318057
253.0, 0.7873510546397149
254.0, 0.8089047705935511
255.0, 0.8303998117279259
256.0, 0.8525194678152922
257.0, 0.8743537372191786
258.0, 0.8965045290784179
259.0, 0.9181739511681138
260.0, 0.9399088388386488
261.0, 0.9609745131799002
262.0, 0.9893901267299798
263.0, 0.9679007583971517
264.0, 0.9440611684901968
265.0, 0.9192962910473924
266.0, 0.8936050182504804
267.0, 0.8671967867856974
268.0, 0.840150516196009
269.0, 0.8127252640049016
270.0, 0.7850338181032577
271.0, 0.7573839734696974
272.0, 0.7299205770519885
273.0, 0.7030271318614043
274.0, 0.6768996532536065
275.0, 0.6448940529561117
276.0, 0.6091431803007241
277.0, 0.585990578062868
278.0, 0.5669365088689468
279.0, 0.5474548529780059
280.0, 0.5330907941202868
281.0, 0.5222957611732211
282.0, 0.5159425416069805
ee_box_dist
0.0, 0.7883564381544125
1.0, 0.8311101408129228
2.0, 0.8576664843967522
3.0, 0.8969200317154226
4.0, 0.932565015788813
5.0, 0.9696854393021647
6.0, 1.0071636165665323
7.0, 1.0435762950531073
8.0, 1.0792420923558903
9.0, 1.1130961875173897
10.0, 1.144410801373729
11.0, 1.1743357761100215
12.0, 1.2044432370434912
13.0, 1.2280589535446722
14.0, 1.2587827972672025
15.0, 1.2812842283651362
16.0, 1.3029077367799415
17.0, 1.321683374157114
18.0, 1.3461444112827923
19.0, 1.3615440197276736
20.0, 1.392599090277744
21.0, 1.36660544039426
22.0, 1.3327721692135346
23.0, 1.2958543158409392
24.0, 1.2553596632095674
25.0, 1.2118570265500697
26.0, 1.1655929485300238
27.0, 1.114946622356204
28.0, 1.0585428692540404
29.0, 0.9988156963093654
30.0, 0.9451024987688887
31.0, 0.8865728595883495
32.0, 0.8258038581543734
33.0, 0.7654087548137692
34.0, 0.6992709536270774
35.0, 0.6319780754056021
36.0, 0.5693631967835736
37.0, 0.5043830103442802
38.0, 0.4373591374784171
39.0, 0.3741842292431184
40.0, 0.31622215198126574
41.0, 0.3300491399945055
42.0, 0.3437798560132404
43.0, 0.35772965221700237
44.0, 0.3714946855944408
45.0, 0.3854259694445669
46.0, 0.39912719920932066
47.0, 0.4129283346304827
48.0, 0.42650127284477923
49.0, 0.4400845766423556
50.0, 0.45348191941878846
51.0, 0.4667973632327946
52.0, 0.47995023491670946
53.0, 0.49294364117535855
54.0, 0.5057304021231953
55.0, 0.5182658146786621
56.0, 0.5305126985223817
57.0, 0.5424495143737493
58.0, 0.5540581972947936
59.0, 0.5653627124285242
60.0, 0.5763150610652289
61.0, 0.5869794176941494
62.0, 0.5972789864838772
63.0, 0.6072844459636944
64.0, 0.6169276586315244
65.0, 0.6262712890122534
66.0, 0.6352606116943815
67.0, 0.6439412293316196
68.0, 0.6522632519467244
69.0, 0.6602561848703274
70.0, 0.6678774265399506
71.0, 0.6751533067945263
72.0, 0.6820454703181215
73.0, 0.6885778250343028
74.0, 0.6947150433087416
75.0, 0.7004770969651332
76.0, 0.7058309286473119
77.0, 0.7107938763375751
78.0, 0.7153344088128664
79.0, 0.719466629792259
80.0, 0.7231602535833481
81.0, 0.7264269588930055
82.0, 0.7292372874566615
83.0, 0.7316017533666271
84.0, 0.7334895574245379
85.0, 0.7349136616618619
86.0, 0.7554321776114206
87.0, 0.8025774697245731
88.0, 0.8388920539080206
89.0, 0.8708991705830487
90.0, 0.8970032036980571
91.0, 0.8957952842850688
92.0, 0.8960262824398787
93.0, 0.895552948903061
94.0, 0.8959663603893345
95.0, 0.8955585794563823
96.0, 0.8959850648300116
97.0, 0.8955269260733085
98.0, 0.8959656521770741
99.0, 0.8955081885901716
100.0, 0.8960550730502038
101.0, 0.8956210541251124
102.0, 0.8960914408614018
103.0, 0.8956141084434073
104.0, 0.8960575040228433
105.0, 0.8956321816050791
106.0, 0.8960750035588959
107.0, 0.8956162936160293
108.0, 0.8960503340041671
109.0, 0.8956147727610931
110.0, 0.8960487953336277
111.0, 0.8956299557184154
112.0, 0.8960728361941611
113.0, 0.8956111223510612
114.0, 0.8960606324157695
115.0, 0.8938180232225885
116.0, 0.8962450497522931
117.0, 0.8961547149497736
118.0, 0.8960259587541272
119.0, 0.8955864719128045
120.0, 0.8960421200859068
121.0, 0.89558255340297
122.0, 0.8960330008905627
123.0, 0.8956024225981808
124.0, 0.8960356867924033
125.0, 0.8955885283132976
126.0, 0.8960360620237053
127.0, 0.8955900637303482
128.0, 0.8960378088716832
129.0, 0.8955891302414606
130.0, 0.8960671479383143
131.0, 0.89560321577093
132.0, 0.8960416177828179
133.0, 0.8956092561468494
134.0, 0.8960548756592761
135.0, 0.8956055696434498
136.0, 0.8960838589590715
137.0, 0.8956199667463431
138.0, 0.8960586282196403
139.0, 0.8956258891817663
140.0, 0.896063474227818
141.0, 0.8956393964114907
142.0, 0.8960859189891645
143.0, 1.619990952578337
144.0, 1.6142814398260188
145.0, 1.6076496732397547
146.0, 1.5984204902244508
147.0, 1.5883024347349697
148.0, 1.575667554208256
149.0, 1.5621889094939232
150.0, 1.5463696251655508
151.0, 1.6137270335203169
152.0, 1.6817987412855195
153.0, 1.7519220603934091
154.0, 1.8224129479998594
155.0, 1.8947055997868798
156.0, 1.9671031411453037
157.0, 2.0411152623239848
158.0, 2.115033228059185
159.0, 2.1904212205854727
160.0, 2.2655608579513675
161.0, 2.3420838441123113
162.0, 2.4182108467170043
163.0, 2.49564817438153
164.0, 2.5725992540295226
165.0, 2.650796293783011
166.0, 2.7284340076570763
167.0, 2.7182475352836906
168.0, 2.7942303905560126
169.0, 2.871476005432799
170.0, 2.948195171228294
171.0, 3.026110014005331
172.0, 3.1034679547383357
173.0, 3.1819763141776636
174.0, 3.1704570167280326
175.0, 3.247121613714327
176.0, 3.323245159542821
177.0, 3.311093285306826
178.0, 3.2961559566645064
179.0, 3.2801293731849865
180.0, 3.261536586072877
181.0, 3.3265358050920115
182.0, 3.344013459483007
183.0, 3.360440278261936
184.0, 3.3741574487307497
185.0, 3.3867499238573404
186.0, 3.396423872472813
187.0, 3.404885757842298
188.0, 3.485218735170183
189.0, 3.4914162024510653
190.0, 3.5728541139249854
191.0, 3.6552659741876257
192.0, 3.736837433182023
193.0, 3.8193668037158153
194.0, 3.901064297245515
195.0, 3.9836810830435194
196.0, 4.0654513068128
197.0, 4.148182171118493
198.0, 4.2300368941786655
199.0, 4.31284945689674
200.0, 4.394780112673948
201.0, 4.477665647789787
202.0, 4.559664266253616
203.0, 4.6426148391193625
204.0, 4.72467465786397
205.0, 4.807684624087803
206.0, 4.889798869080865
207.0, 4.972862635691012
208.0, 5.055026407313397
209.0, 5.138133697751115
210.0, 5.220350028390692
211.0, 5.303497317790873
212.0, 5.385764193287686
213.0, 5.388398063936151
214.0, 5.470951437899264
215.0, 5.554424797566689
216.0, 5.553862316599721
217.0, 5.551926415259769
218.0, 5.546773299006985
219.0, 5.5402630160048485
220.0, 5.5306715046913535
221.0, 5.519743186907905
222.0, 5.5059271360370765
223.0, 5.490809476777195
224.0, 5.473063626039842
225.0, 5.454157508551111
226.0, 5.432915223934552
227.0, 5.41066750827341
228.0, 5.386427795057263
229.0, 5.361352436099561
230.0, 5.361166778026304
231.0, 5.361359633357559
232.0, 5.361163427858226
233.0, 5.361351837715801
234.0, 5.361165095480267
235.0, 5.361348055873192
236.0, 5.361663644956559
237.0, 5.361461385722577
238.0, 5.362136584903481
239.0, 5.361142421117424
240.0, 5.3611611197706095
241.0, 5.361344733297044
242.0, 5.3611553378183725
243.0, 5.359826671760848
244.0, 5.360272481954008
245.0, 5.360097279972614
246.0, 5.359043649183958
247.0, 5.3573614815086446
248.0, 5.354648476557683
249.0, 5.351225968130496
250.0, 5.346715317283975
251.0, 5.341492842950948
252.0, 5.335161407310749
253.0, 5.3282332408592366
254.0, 5.320291092392546
255.0, 5.311919749287036
256.0, 5.302639643001892
257.0, 5.2931398227176585
258.0, 5.28290276272762
259.0, 5.272633794728265
260.0, 5.261761113793895
261.0, 5.251073042126686
262.0, 5.236134068481035
263.0, 5.258602379603704
264.0, 5.282547150348479
265.0, 5.3069130512666876
266.0, 5.331570753575768
267.0, 5.356305235346001
268.0, 5.380958834799018
269.0, 5.405312855153472
270.0, 5.4292345573731335
271.0, 5.4524870837859
272.0, 5.474908980911779
273.0, 5.496386748020326
274.0, 5.516663026865468
275.0, 5.543329390179497
276.0, 5.573575489082192
277.0, 5.590957329193619
278.0, 5.604438887197517
279.0, 5.619387492033114
280.0, 5.630592899475441
281.0, 5.6400422793574005
282.0, 5.647018110061248
spot_hold
0, 0
1, 0
2, 0
3, 0
4, 0
5, 0
6, 0
7, 0
8, 0
9, 0
10, 0
11, 0
12, 0
13, 0
14, 0
15, 0
16, 0
17, 0
18, 0
19, 0
20, 0
21, 0
22, 0
23, 0
24, 0
25, 0
26, 0
27, 0
28, 0
29, 0
30, 0
31, 0
32, 0
33, 0
34, 0
35, 0
36, 0
37, 0
38, 0
39, 0
40, 0
41, 1
42, 1
43, 1
44, 1
45, 1
46, 1
47, 1
48, 1
49, 1
50, 1
51, 1
52, 1
53, 1
54, 1
55, 1
56, 1
57, 1
58, 1
59, 1
60, 1
61, 1
62, 1
63, 1
64, 1
65, 1
66, 1
67, 1
68, 1
69, 1
70, 1
71, 1
72, 1
73, 1
74, 1
75, 1
76, 1
77, 1
78, 1
79, 1
80, 1
81, 1
82, 1
83, 1
84, 1
85, 1
86, 1
87, 1
88, 1
89, 1
90, 1
91, 1
92, 1
93, 1
94, 1
95, 1
96, 1
97, 1
98, 1
99, 1
100, 1
101, 1
102, 1
103, 1
104, 1
105, 1
106, 1
107, 1
108, 1
109, 1
110, 1
111, 1
112, 1
113, 1
114, 1
115, 1
116, 1
117, 1
118, 1
119, 1
120, 1
121, 1
122, 1
123, 1
124, 1
125, 1
126, 1
127, 1
128, 1
129, 1
130, 1
131, 1
132, 1
133, 1
134, 1
135, 1
136, 1
137, 1
138, 1
139, 1
140, 1
141, 1
142, 1
143, 1
144, 1
145, 1
146, 1
147, 1
148, 1
149, 1
150, 1
151, 1
152, 1
153, 1
154, 1
155, 1
156, 1
157, 1
158, 1
159, 1
160, 1
161, 1
162, 1
163, 1
164, 1
165, 1
166, 1
167, 1
168, 1
169, 1
170, 1
171, 1
172, 1
173, 1
174, 1
175, 1
176, 1
177, 1
178, 1
179, 1
180, 1
181, 1
182, 1
183, 1
184, 1
185, 1
186, 1
187, 1
188, 1
189, 1
190, 1
191, 1
192, 1
193, 1
194, 1
195, 1
196, 1
197, 1
198, 1
199, 1
200, 1
201, 1
202, 1
203, 1
204, 1
205, 1
206, 1
207, 1
208, 1
209, 1
210, 1
211, 1
212, 1
213, 1
214, 1
215, 1
216, 1
217, 1
218, 1
219, 1
220, 1
221, 1
222, 1
223, 1
224, 1
225, 1
226, 1
227, 1
228, 1
229, 1
230, 1
231, 1
232, 1
233, 1
234, 1
235, 1
236, 1
237, 1
238, 1
239, 1
240, 1
241, 1
242, 1
243, 1
244, 1
245, 1
246, 1
247, 1
248, 1
249, 1
250, 1
251, 1
252, 1
253, 1
254, 1
255, 1
256, 1
257, 1
258, 1
259, 1
260, 1
261, 1
262, 1
263, 1
264, 1
265, 1
266, 1
267, 1
268, 1
269, 1
270, 1
271, 1
272, 1
273, 1
274, 1
275, 1
276, 1
277, 1
278, 1
279, 1
280, 1
281, 1
282, 1
