bot_dist
0.0, 2.857688598245244
1.0, 2.8597045985965144
2.0, 2.8617541241487903
3.0, 2.863837102924422
4.0, 2.8659534619818694
5.0, 2.8681031274277005
6.0, 2.8702860244286854
7.0, 2.87250207722398
8.0, 2.874751209137394
9.0, 2.877033342589744
10.0, 2.879348399111282
11.0, 2.8816962993541955
12.0, 2.8840769631051812
13.0, 2.88649030929808
14.0, 2.8889362560265712
15.0, 2.8914147205569285
16.0, 2.8939256193408207
17.0, 2.89646886802817
18.0, 2.8990443814800417
19.0, 2.9016520737815874
20.0, 2.9042918582550126
21.0, 2.9069636474725824
22.0, 2.909667353269652
23.0, 2.9124028867577243
24.0, 2.9151701583375207
25.0, 2.9179690777120757
26.0, 2.9207995538998395
27.0, 2.923661495247785
28.0, 2.9265548094445295
29.0, 2.929479403533447
30.0, 2.9324351839257807
31.0, 2.9354220564137545
32.0, 2.9384399261836647
33.0, 2.941488697828966
34.0, 2.944568275363335
35.0, 2.94767856223372
36.0, 2.9508194613333547
37.0, 2.9539908750147594
38.0, 2.957192705102702
39.0, 2.960424852907128
40.0, 2.9636872192360517
41.0, 2.966979704408413
42.0, 2.9703022082668826
43.0, 2.973654630190633
44.0, 2.977036869108045
45.0, 2.980448823509381
46.0, 2.9838903914593873
47.0, 2.9873614706098484
48.0, 2.9908619582120792
49.0, 2.9943917511293554
50.0, 2.997950745849278
51.0, 3.001538838496069
52.0, 3.005155924842803
53.0, 3.008801900323557
54.0, 3.0124766600454973
55.0, 3.0161800988008793
56.0, 3.0199121110789737
57.0, 3.0236725910779136
58.0, 3.0274614327164544
59.0, 3.0312785296456477
60.0, 3.0351237752604385
61.0, 3.038997062711159
62.0, 3.0428982849149433
63.0, 3.0468273345670465
64.0, 3.0507841041520694
65.0, 3.054768485955086
66.0, 3.058780372072682
67.0, 3.0628196544238833
68.0, 3.0668862247609967
69.0, 3.0709799746803395
70.0, 3.075100795632874
71.0, 3.0792485789347364
72.0, 3.0834232157776564
73.0, 3.087624597239282
74.0, 3.091852614293383
75.0, 3.096107157819961
76.0, 3.10038811861524
77.0, 3.1046953874015517
78.0, 3.1090288548371134
79.0, 3.1133884115256896
80.0, 3.1177739480261417
81.0, 3.122185354861872
82.0, 3.126622522530145
83.0, 3.1310853415113047
84.0, 3.1355737022778682
85.0, 3.1400874953035127
86.0, 3.144626611071944
87.0, 3.149190940085648
88.0, 3.1537803728745306
89.0, 3.1583948000044377
90.0, 3.163034112085565
91.0, 3.1676981997807396
92.0, 3.172386953813601
93.0, 3.1771001523132663
94.0, 3.181837797649301
95.0, 3.186599780783439
96.0, 3.1913859927697397
97.0, 3.1961963247621794
98.0, 3.2010306680221223
99.0, 3.2058889139256808
100.0, 3.210770953970952
101.0, 3.210770953970952
102.0, 3.210770953970952
103.0, 3.210770953970952
104.0, 3.210770953970952
105.0, 3.210770953970952
106.0, 3.210770953970952
107.0, 3.210770953970952
108.0, 3.210770953970952
109.0, 3.210770953970952
110.0, 3.210770953970952
111.0, 3.210770953970952
112.0, 3.210770953970952
113.0, 3.210770953970952
114.0, 3.210770953970952
115.0, 3.210770953970952
116.0, 3.210770953970952
117.0, 3.210770953970952
118.0, 3.210770953970952
119.0, 3.210770953970952
120.0, 3.210770953970952
121.0, 3.210770953970952
122.0, 3.210770953970952
123.0, 3.210770953970952
124.0, 3.210770953970952
125.0, 3.210770953970952
126.0, 3.210770953970952
127.0, 3.210770953970952
128.0, 3.210770953970952
129.0, 3.210770953970952
130.0, 3.210770953970952
131.0, 3.2058889139256808
132.0, 3.2010306680221223
133.0, 3.1961963247621794
134.0, 3.1913859927697397
135.0, 3.186599780783439
136.0, 3.181837797649301
137.0, 3.1771001523132663
138.0, 3.172386953813601
139.0, 3.1676981997807396
140.0, 3.163034112085565
141.0, 3.1583948000044377
142.0, 3.1537803728745306
143.0, 3.1543411485350323
144.0, 3.149784282658989
145.0, 3.1452526102660294
146.0, 3.140746240408531
147.0, 3.1362652821549943
148.0, 3.131809844581333
149.0, 3.1273800367620397
150.0, 3.122975967761247
151.0, 3.037373377718884
152.0, 2.9520242941056662
153.0, 2.866951303524147
154.0, 2.7821797916427835
155.0, 2.697738178869493
156.0, 2.6136584403652723
157.0, 2.529976655329668
158.0, 2.446733655834139
159.0, 2.363975795376894
160.0, 2.2817558616385925
161.0, 2.2001341630851203
162.0, 2.119179825188127
163.0, 2.0389723391582404
164.0, 1.9596034141321566
165.0, 1.8811791924115873
166.0, 1.8038228958808975
167.0, 1.8017094866459709
168.0, 1.7292986362205138
169.0, 1.658660409849785
170.0, 1.5900308123978248
171.0, 1.5236812858168276
172.0, 1.4599227323132067
173.0, 1.399109414986476
174.0, 1.3993247062669278
175.0, 1.3476266675960729
176.0, 1.3002475567516232
177.0, 1.3016586783844455
178.0, 1.303145015086155
179.0, 1.304706309799116
180.0, 1.3063422937617606
181.0, 1.2921162514892934
182.0, 1.2945149751779477
183.0, 1.2969863699023827
184.0, 1.2995300210539718
185.0, 1.3021455051889903
186.0, 1.3048323903485164
187.0, 1.3075902363801641
188.0, 1.2649909748587223
189.0, 1.268399985823433
190.0, 1.225573759597338
191.0, 1.1879185675443253
192.0, 1.1559399556345067
193.0, 1.1301199113194949
194.0, 1.1108879429996505
195.0, 1.0985900986518777
196.0, 1.093460361797639
197.0, 1.0955994230566388
198.0, 1.1049650690380173
199.0, 1.1213762467606825
200.0, 1.1445299230761488
201.0, 1.1740272474891924
202.0, 1.2094041449780706
203.0, 1.2501615771355163
204.0, 1.2957919304481407
205.0, 1.345799635939842
206.0, 1.3997156026099866
207.0, 1.4571060535515594
208.0, 1.5175768545336001
209.0, 1.5807745388094807
210.0, 1.646385116153961
211.0, 1.714131490255043
212.0, 1.783770414292857
213.0, 1.7934362740700405
214.0, 1.8599293302743811
215.0, 1.9281986135168523
216.0, 1.937711832048998
217.0, 1.9472299309820702
218.0, 1.9567528390978683
219.0, 1.966280486522225
220.0, 1.9758128046943024
221.0, 1.9853497263367053
222.0, 1.9948911854263816
223.0, 2.004437117166287
224.0, 2.0139874579577937
225.0, 2.0235421453738183
226.0, 2.0331011181326497
227.0, 2.042664316072459
228.0, 2.0522316801264613
229.0, 2.0618031522987277
230.0, 2.0713786756406085
231.0, 2.0713786756406085
232.0, 2.0713786756406085
233.0, 2.0713786756406085
234.0, 2.0713786756406085
235.0, 2.0713786756406085
236.0, 2.0713786756406085
237.0, 2.0713786756406085
238.0, 2.0713786756406085
239.0, 2.0713786756406085
240.0, 2.0713786756406085
241.0, 2.0713786756406085
242.0, 2.0713786756406085
243.0, 2.0713786756406085
244.0, 2.0713786756406085
245.0, 2.0713786756406085
246.0, 2.0713786756406085
247.0, 2.0713786756406085
248.0, 2.0713786756406085
249.0, 2.0713786756406085
250.0, 2.0713786756406085
251.0, 2.0713786756406085
252.0, 2.0713786756406085
253.0, 2.0713786756406085
254.0, 2.0713786756406085
255.0, 2.0713786756406085
256.0, 2.0713786756406085
257.0, 2.0713786756406085
258.0, 2.0713786756406085
259.0, 2.0713786756406085
260.0, 2.0713786756406085
261.0, 2.0618031522987277
262.0, 2.0522316801264613
263.0, 2.042664316072459
264.0, 2.0331011181326497
265.0, 2.0235421453738183
266.0, 2.0139874579577937
267.0, 2.004437117166287
268.0, 1.9948911854263816
269.0, 1.9853497263367053
270.0, 1.9758128046943024
271.0, 1.966280486522225
272.0, 1.9567528390978683
273.0, 1.9472299309820702
274.0, 1.937711832048998
275.0, 1.9281986135168523
276.0, 1.918690347979401
277.0, 1.909187109438385
278.0, 1.8996889733368085
279.0, 1.8901960165931457
280.0, 1.8807083176364991
281.0, 1.8712259564427294
282.0, 1.861749014571588
ee_dist
0.0, 0.8922543192929631
1.0, 0.8961336653440607
2.0, 0.9709465728761947
3.0, 1.0465360131989798
4.0, 1.0725317684579392
5.0, 1.097209939816881
6.0, 1.1324332433059694
7.0, 1.1692077389140958
8.0, 1.2057866724046338
9.0, 1.2414767166152523
10.0, 1.2769215979855775
11.0, 1.3098614665614934
12.0, 1.3413354199122518
13.0, 1.3699932091050004
14.0, 1.3977721955956892
15.0, 1.4225611543374108
16.0, 1.4468158332777226
17.0, 1.4680097378702197
18.0, 1.4891552175632254
19.0, 1.5073737787138757
20.0, 1.5259957468678436
21.0, 1.502679970678113
22.0, 1.4693502210055123
23.0, 1.4331316879363212
24.0, 1.3935312842712715
25.0, 1.350725271937238
26.0, 1.304717486825022
27.0, 1.2557113821404722
28.0, 1.2037324488859185
29.0, 1.1490532193322676
30.0, 1.0917313201632073
31.0, 1.032122707454883
32.0, 0.9703407385298666
33.0, 0.9068506678217887
34.0, 0.8418749770636292
35.0, 0.7760800747284582
36.0, 0.7099452251413051
37.0, 0.6445444894428717
38.0, 0.5806585265185817
39.0, 0.5207788042996352
40.0, 0.4666877337618556
41.0, 0.48241731844232555
42.0, 0.7051184033692242
43.0, 1.2093821711336834
44.0, 1.1693131918346351
45.0, 1.1280305413059446
46.0, 1.0837457107030566
47.0, 1.0377707795233935
48.0, 0.9890049467990102
49.0, 0.9384059751099479
50.0, 0.8858332126427703
51.0, 0.83216868206602
52.0, 0.777421502463834
53.0, 0.7217280918215505
54.0, 0.6651661934059525
55.0, 0.6078840984492487
56.0, 0.5507874187015792
57.0, 0.4941490188528915
58.0, 0.5467848382934257
59.0, 0.6214844882142425
60.0, 0.7050212576680038
61.0, 0.7969899781274618
62.0, 0.8918180677260016
63.0, 0.984391801874625
64.0, 1.070678184777962
65.0, 1.1372291466489717
66.0, 1.1935181279424316
67.0, 1.2509842399312796
68.0, 1.3038304063760797
69.0, 1.3562278424579992
70.0, 1.4090163186079518
71.0, 1.4601423094186041
72.0, 1.5163993025736047
73.0, 1.577932107836711
74.0, 1.6442062080027775
75.0, 1.7215526015071816
76.0, 1.8081232381448498
77.0, 1.904037947381163
78.0, 2.0040673021241875
79.0, 2.1032692662262646
80.0, 2.1970143289183746
81.0, 2.275512489847794
82.0, 2.3390184197621027
83.0, 2.4014065585546076
84.0, 2.461366540190433
85.0, 2.5206300103533708
86.0, 2.5693692216704247
87.0, 2.597710806860117
88.0, 2.629828627033265
89.0, 2.667656422027938
90.0, 2.730056694147141
91.0, 2.800712544142143
92.0, 2.8958605818515055
93.0, 2.9981677712167003
94.0, 3.105879296059337
95.0, 3.213829102830506
96.0, 3.3158350315049114
97.0, 3.405695641866544
98.0, 3.4874842677497937
99.0, 3.561639818290885
100.0, 3.6137216570994384
101.0, 3.677238735109803
102.0, 3.7357617306806015
103.0, 3.817088159590479
104.0, 3.8616140993113075
105.0, 3.9327256627173575
106.0, 4.007618336817107
107.0, 4.089428863301798
108.0, 4.179282822134586
109.0, 4.280575807269701
110.0, 4.387703590657896
111.0, 4.49683646348442
112.0, 4.598274895738001
113.0, 4.694160275194552
114.0, 4.769200293677057
115.0, 4.845316545952094
116.0, 4.879693763752229
117.0, 4.926092315931514
118.0, 4.970009172419571
119.0, 5.012605163269499
120.0, 5.051496643052783
121.0, 5.0911716470919455
122.0, 5.128123193326988
123.0, 5.16445110299689
124.0, 5.193253182233552
125.0, 5.225371413030116
126.0, 5.248685128720076
127.0, 5.272901277926876
128.0, 5.293282114581434
129.0, 5.310701099636629
130.0, 5.322809450715412
131.0, 5.334179912958207
132.0, 5.341548832010002
133.0, 5.345505452108063
134.0, 5.344025173285762
135.0, 5.341635871540156
136.0, 5.335213751321712
137.0, 5.32541114643516
138.0, 5.31030942682363
139.0, 5.294420477662764
140.0, 5.27367478548489
141.0, 5.27402785290132
142.0, 5.272444703418673
143.0, 4.6447138653265485
144.0, 4.632959092425925
145.0, 4.623608171566728
146.0, 4.6189528157265425
147.0, 4.61408923964967
148.0, 4.612482287220267
149.0, 4.613472644484223
150.0, 4.619317528442945
151.0, 4.535977625178652
152.0, 4.453342357832608
153.0, 4.370718578875604
154.0, 4.290367569218637
155.0, 4.207196715829919
156.0, 4.124739151042202
157.0, 4.042304357144925
158.0, 3.962150162580749
159.0, 3.8791929382287345
160.0, 3.7969606830937193
161.0, 3.714766559637664
162.0, 3.6348639079047027
163.0, 3.552181683091071
164.0, 3.470240768228416
165.0, 3.388359356112715
166.0, 3.308785270874231
167.0, 3.316105765811787
168.0, 3.236459228461868
169.0, 3.1569963028401524
170.0, 3.079913380121699
171.0, 3.000304123891545
172.0, 2.9215989616845293
173.0, 2.8431544084672806
174.0, 2.857186473772788
175.0, 2.781589500672645
176.0, 2.7071158697117026
177.0, 2.722175844744902
178.0, 2.741327141768601
179.0, 2.7601593384011176
180.0, 2.7814628502014265
181.0, 2.726630171057472
182.0, 2.705925699101016
183.0, 2.684977295088917
184.0, 2.6665037774127813
185.0, 2.650163078843751
186.0, 2.638234821893545
187.0, 2.626115893777016
188.0, 2.5467795052835123
189.0, 2.53753689497849
190.0, 2.4584536838404856
191.0, 2.376701448909793
192.0, 2.295788938761673
193.0, 2.215063698527265
194.0, 2.1367605155213574
195.0, 2.055897566009678
196.0, 1.9759693677783552
197.0, 1.8963501598543788
198.0, 1.8192629985707154
199.0, 1.7398108224680509
200.0, 1.6614707822878683
201.0, 1.5836675395676187
202.0, 1.5086133008354197
203.0, 1.4315693210101257
204.0, 1.3560005992643014
205.0, 1.281438266103587
206.0, 1.2100955035145424
207.0, 1.137568690904963
208.0, 1.0673391211295544
209.0, 0.9991933699955002
210.0, 0.9353988842926274
211.0, 0.8723278457879442
212.0, 0.8135782601421319
213.0, 0.7929896072431805
214.0, 0.7341625421307392
215.0, 0.6780527756636788
216.0, 0.6566641995656894
217.0, 0.6376327660655552
218.0, 0.6232864489496974
219.0, 0.6094790010068882
220.0, 0.5995348900036183
221.0, 0.5931866659507664
222.0, 0.5928043386583207
223.0, 0.5933391386456361
224.0, 0.5982445883710605
225.0, 0.6068375069041695
226.0, 0.6207702099880688
227.0, 0.6353369342733669
228.0, 0.65325579018071
229.0, 0.6529917981700876
230.0, 0.654281515505508
231.0, 0.6535670217917201
232.0, 0.65325579018071
233.0, 0.6529917981700876
234.0, 0.654281515505508
235.0, 0.6535670217917201
236.0, 0.65325579018071
237.0, 0.6529917981700876
238.0, 0.654281515505508
239.0, 0.6535670217917201
240.0, 0.65325579018071
241.0, 0.6529917981700876
242.0, 0.654281515505508
243.0, 0.6608021773472271
244.0, 0.6726649281789462
245.0, 0.6856852556493743
246.0, 0.7008335675977049
247.0, 0.7169826568336524
248.0, 0.7349793369361527
249.0, 0.753659613974696
250.0, 0.7739131684588914
251.0, 0.7945666658371958
252.0, 0.8164943228917316
253.0, 0.8385549757803191
254.0, 0.863840035643963
255.0, 0.8852920073994547
256.0, 0.9094177406093136
257.0, 0.9314668828771818
258.0, 0.955042745057619
259.0, 0.9779783706186573
260.0, 1.0009094162031908
261.0, 1.025205140322825
262.0, 1.0459694736537313
263.0, 1.0244818461180814
264.0, 0.998517587355281
265.0, 0.9713834472273865
266.0, 0.9429057991131338
267.0, 0.9132901376925258
268.0, 0.8825929325887302
269.0, 0.8510533064514731
270.0, 0.8187535208984265
271.0, 0.7859891495105017
272.0, 0.7528826913763046
273.0, 0.7197987114066604
274.0, 0.6869251071060474
275.0, 0.6547333321367742
276.0, 0.6233994172746997
277.0, 0.5934663540357779
278.0, 0.5651979028695988
279.0, 0.5393160610270109
280.0, 0.5161366417617381
281.0, 0.4970802865373347
282.0, 0.4831576753077747
ee_box_dist
0.0, 0.9156933820119512
1.0, 0.9481220885638673
2.0, 0.9792299714931816
3.0, 1.0120796244639778
4.0, 1.0467091378730924
5.0, 1.0823404642960421
6.0, 1.119723850761854
7.0, 1.1541206528058652
8.0, 1.1870492510652735
9.0, 1.2186220562610532
10.0, 1.2495337701387565
11.0, 1.2780457635768845
12.0, 1.3051567336901198
13.0, 1.3297115875795347
14.0, 1.3536632925092116
15.0, 1.374849277079314
16.0, 1.3957527902067737
17.0, 1.4138459184469852
18.0, 1.4321260583249344
19.0, 1.447672577780518
20.0, 1.4637952880408334
21.0, 1.4388649278068963
22.0, 1.403920337387041
23.0, 1.3660173965844082
24.0, 1.3248052403471937
25.0, 1.2804645370017587
26.0, 1.2329606357781209
27.0, 1.1826222223320126
28.0, 1.1294504452834202
29.0, 1.073711709704701
30.0, 1.0155602790850926
31.0, 0.9553209727931011
32.0, 0.8931840236108068
33.0, 0.8296032931870273
34.0, 0.7648590514072611
35.0, 0.699700279149369
36.0, 0.6347099193139779
37.0, 0.571302464057502
38.0, 0.5044661426680189
39.0, 0.4400699256862591
40.0, 0.38842958535086813
41.0, 0.40265199074850755
42.0, 0.41719980632329984
43.0, 0.4316566180680136
44.0, 0.44641731235513665
45.0, 0.4609715694294778
46.0, 0.47574454740623257
47.0, 0.49026212515927414
48.0, 0.5048705165779069
49.0, 0.5192504877243511
50.0, 0.5335483273017372
51.0, 0.5476702578126732
52.0, 0.5615795839047909
53.0, 0.5753261102282414
54.0, 0.5888216756787193
55.0, 0.6021577688908077
56.0, 0.615244404317527
57.0, 0.6281607992850587
58.0, 0.6408145852637822
59.0, 0.653257952131331
60.0, 0.6654216514222209
61.0, 0.6773332633471727
62.0, 0.6889478911372979
63.0, 0.7002822429394439
64.0, 0.7112953409973314
65.0, 0.7220027168172317
66.0, 0.7323611933122737
67.0, 0.7423908485127003
68.0, 0.7520520061086182
69.0, 0.7613682840303351
70.0, 0.770303021524002
71.0, 0.778876222707539
72.0, 0.7870538837633044
73.0, 0.7948526142055751
74.0, 0.8022419688684046
75.0, 0.8092342476084398
76.0, 0.8158023541315769
77.0, 0.821955281077729
78.0, 0.8277552469902126
79.0, 0.8329311913393451
80.0, 0.8377577557304392
81.0, 0.84212541776901
82.0, 0.8460155437077506
83.0, 0.849433802280048
84.0, 0.8523546954111776
85.0, 0.8547853882871442
86.0, 0.8733321237272602
87.0, 0.9165413443031941
88.0, 0.9537983008709292
89.0, 0.989384196511073
90.0, 1.001785393563118
91.0, 1.0161793696294334
92.0, 1.0146460492499225
93.0, 1.014217868124127
94.0, 1.0140454964793306
95.0, 1.0136602619086934
96.0, 1.01301168185911
97.0, 1.0136460890570473
98.0, 1.002796795727248
99.0, 0.9952972485508864
100.0, 1.009666546003297
101.0, 1.009528370889676
102.0, 1.0152982166851832
103.0, 0.9950539484086133
104.0, 1.015850949410729
105.0, 1.014475537517874
106.0, 1.0140702773423194
107.0, 1.0136884972663542
108.0, 1.015506729356743
109.0, 1.0144960896624344
110.0, 1.0140822059322292
111.0, 1.0137015098557212
112.0, 1.0155102472609694
113.0, 1.0144985293553792
114.0, 1.0140846296617432
115.0, 1.0034560665009027
116.0, 1.0161870424810664
117.0, 1.0144079491257887
118.0, 1.0140299073863734
119.0, 1.013649745833227
120.0, 1.0154469770590033
121.0, 1.014433682620856
122.0, 1.0140192431644537
123.0, 1.011823339328536
124.0, 1.0150888281552966
125.0, 1.0118174725364886
126.0, 1.0150905307924156
127.0, 1.0141408928990614
128.0, 1.0139642495541965
129.0, 1.0135925547951568
130.0, 1.015428667879632
131.0, 1.014420404136882
132.0, 1.0140061172438024
133.0, 1.0136249174970249
134.0, 1.0154342570579427
135.0, 1.0144223589276942
136.0, 1.0140081652710629
137.0, 1.0136270379373393
138.0, 1.0154346984199087
139.0, 1.0144227174882403
140.0, 1.0140084071550066
141.0, 1.0136273682505914
142.0, 1.0154350004963177
143.0, 1.7377519671663983
144.0, 1.7377276660357337
145.0, 1.735941803799095
146.0, 1.7302266788755551
147.0, 1.7253278861025656
148.0, 1.7179170169010485
149.0, 1.7088077131279977
150.0, 1.6960042892657137
151.0, 1.7709407930630272
152.0, 1.8460387596326615
153.0, 1.9219454495706922
154.0, 1.9964705425914224
155.0, 2.074114243051124
156.0, 2.1515997392016444
157.0, 2.2296245196622757
158.0, 2.305988301185544
159.0, 2.3853492301918564
160.0, 2.464371359197162
161.0, 2.5437764401618934
162.0, 2.6213531987631593
163.0, 2.701861137566905
164.0, 2.7819225427191285
165.0, 2.86227098806475
166.0, 2.9406846930893367
167.0, 2.9332841105517202
168.0, 3.0123626066386655
169.0, 3.091760868555618
170.0, 3.169275769399523
171.0, 3.249695856981305
172.0, 3.329639311177393
173.0, 3.40983643331931
174.0, 3.398861598058896
175.0, 3.47803895652033
176.0, 3.556791943497772
177.0, 3.546253891575512
178.0, 3.5317103100789455
179.0, 3.5177817027841023
180.0, 3.501335484791514
181.0, 3.569236338763308
182.0, 3.5841109112718708
183.0, 3.5995280454913514
184.0, 3.612402094258373
185.0, 3.6233433878311696
186.0, 3.6300757870971245
187.0, 3.637420521321482
188.0, 3.7195286455658017
189.0, 3.7240228132261657
190.0, 3.804761246042334
191.0, 3.8883389372860324
192.0, 3.9712632801876047
193.0, 4.054286109807847
194.0, 4.135146048894719
195.0, 4.2188455151785025
196.0, 4.301884893435836
197.0, 4.385013832182184
198.0, 4.465969240592113
199.0, 4.549764591111754
200.0, 4.632895179817416
201.0, 4.716108463627604
202.0, 4.797139683588356
203.0, 4.881012285626968
204.0, 4.964216397152682
205.0, 5.047497868130737
206.0, 5.1285907314849855
207.0, 5.212525754681445
208.0, 5.295789967468106
209.0, 5.379127524241641
210.0, 5.46027082136633
211.0, 5.544257711626635
212.0, 5.627571728928662
213.0, 5.629122064656658
214.0, 5.710357904108446
215.0, 5.794432131370615
216.0, 5.793664521894556
217.0, 5.790662772067373
218.0, 5.7832674436293106
219.0, 5.776373185782619
220.0, 5.766623147816741
221.0, 5.754771557290176
222.0, 5.739021860483876
223.0, 5.723657927652439
224.0, 5.705828205276443
225.0, 5.686230222104665
226.0, 5.663617882894556
227.0, 5.641232364593099
228.0, 5.617019439118567
229.0, 5.61720855104004
230.0, 5.616383240871893
231.0, 5.616858938157629
232.0, 5.617019712970908
233.0, 5.617208714397674
234.0, 5.616383488277537
235.0, 5.61685921200639
236.0, 5.61701987632324
237.0, 5.61720893540479
238.0, 5.6163835987688735
239.0, 5.616859380154059
240.0, 5.617020044470956
241.0, 5.617209129984871
242.0, 5.61638389902047
243.0, 5.61723597238424
244.0, 5.617277968411952
245.0, 5.616729467214747
246.0, 5.61511415302509
247.0, 5.6127955183925655
248.0, 5.609319485179024
249.0, 5.605080786186028
250.0, 5.599644618279768
251.0, 5.593479984801068
252.0, 5.586149069140806
253.0, 5.57821724588604
254.0, 5.56816699954614
255.0, 5.559427739485457
256.0, 5.548766652078414
257.0, 5.53859057649631
258.0, 5.52719661186758
259.0, 5.51580806673118
260.0, 5.503825536468155
261.0, 5.490923303225568
262.0, 5.479312434735286
263.0, 5.499855249049957
264.0, 5.525576055746406
265.0, 5.551634652704406
266.0, 5.57809576642887
267.0, 5.604738298358048
268.0, 5.631360649788518
269.0, 5.657755182309723
270.0, 5.6837261195650735
271.0, 5.709073626247706
272.0, 5.733614662896318
273.0, 5.757202527441288
274.0, 5.779638555132006
275.0, 5.800642203420049
276.0, 5.820386575995831
277.0, 5.838614352631059
278.0, 5.855277875440662
279.0, 5.8702942274549
280.0, 5.8837903094782815
281.0, 5.894828667273939
282.0, 5.906394375813933
spot_hold
0, 0
1, 0
2, 0
3, 0
4, 0
5, 0
6, 0
7, 0
8, 0
9, 0
10, 0
11, 0
12, 0
13, 0
14, 0
15, 0
16, 0
17, 0
18, 0
19, 0
20, 0
21, 0
22, 0
23, 0
24, 0
25, 0
26, 0
27, 0
28, 0
29, 0
30, 0
31, 0
32, 0
33, 0
34, 0
35, 0
36, 0
37, 0
38, 0
39, 0
40, 0
41, 1
42, 1
43, 1
44, 1
45, 1
46, 1
47, 1
48, 1
49, 1
50, 1
51, 1
52, 1
53, 1
54, 1
55, 1
56, 1
57, 1
58, 1
59, 1
60, 1
61, 1
62, 1
63, 1
64, 1
65, 1
66, 1
67, 1
68, 1
69, 1
70, 1
71, 1
72, 1
73, 1
74, 1
75, 1
76, 1
77, 1
78, 1
79, 1
80, 1
81, 1
82, 1
83, 1
84, 1
85, 1
86, 1
87, 1
88, 1
89, 1
90, 1
91, 1
92, 1
93, 1
94, 1
95, 1
96, 1
97, 1
98, 1
99, 1
100, 1
101, 1
102, 1
103, 1
104, 1
105, 1
106, 1
107, 1
108, 1
109, 1
110, 1
111, 1
112, 1
113, 1
114, 1
115, 1
116, 1
117, 1
118, 1
119, 1
120, 1
121, 1
122, 1
123, 1
124, 1
125, 1
126, 1
127, 1
128, 1
129, 1
130, 1
131, 1
132, 1
133, 1
134, 1
135, 1
136, 1
137, 1
138, 1
139, 1
140, 1
141, 1
142, 1
143, 1
144, 1
145, 1
146, 1
147, 1
148, 1
149, 1
150, 1
151, 1
152, 1
153, 1
154, 1
155, 1
156, 1
157, 1
158, 1
159, 1
160, 1
161, 1
162, 1
163, 1
164, 1
165, 1
166, 1
167, 1
168, 1
169, 1
170, 1
171, 1
172, 1
173, 1
174, 1
175, 1
176, 1
177, 1
178, 1
179, 1
180, 1
181, 1
182, 1
183, 1
184, 1
185, 1
186, 1
187, 1
188, 1
189, 1
190, 1
191, 1
192, 1
193, 1
194, 1
195, 1
196, 1
197, 1
198, 1
199, 1
200, 1
201, 1
202, 1
203, 1
204, 1
205, 1
206, 1
207, 1
208, 1
209, 1
210, 1
211, 1
212, 1
213, 1
214, 1
215, 1
216, 1
217, 1
218, 1
219, 1
220, 1
221, 1
222, 1
223, 1
224, 1
225, 1
226, 1
227, 1
228, 1
229, 1
230, 1
231, 1
232, 1
233, 1
234, 1
235, 1
236, 1
237, 1
238, 1
239, 1
240, 1
241, 1
242, 1
243, 1
244, 1
245, 1
246, 1
247, 1
248, 1
249, 1
250, 1
251, 1
252, 1
253, 1
254, 1
255, 1
256, 1
257, 1
258, 1
259, 1
260, 1
261, 1
262, 1
263, 1
264, 1
265, 1
266, 1
267, 1
268, 1
269, 1
270, 1
271, 1
272, 1
273, 1
274, 1
275, 1
276, 1
277, 1
278, 1
279, 1
280, 1
281, 1
282, 1
