bot_dist
0.0, 3.5535752725049914
1.0, 3.5597415217885042
2.0, 3.5659251515069514
3.0, 3.5721260713996577
4.0, 3.5783441915800887
5.0, 3.584579422536944
6.0, 3.590831675135185
7.0, 3.597100860616999
8.0, 3.6033868906027124
9.0, 3.6096896770916387
10.0, 3.616009132462877
11.0, 3.6223451694760462
12.0, 3.628697701271972
13.0, 3.635066641373315
14.0, 3.641451903685147
15.0, 3.6478534024954765
16.0, 3.654271052475718
17.0, 3.6607047686811205
18.0, 3.6671544665511333
19.0, 3.6736200619097352
20.0, 3.68010147096571
21.0, 3.6865986103128727
22.0, 3.693111396930257
23.0, 3.6996397481822525
24.0, 3.7061835818186952
25.0, 3.7127428159749227
26.0, 3.719317369171778
27.0, 3.7259071603155762
28.0, 3.73251210869803
29.0, 3.739132133996134
30.0, 3.7457671562720076
31.0, 3.7524170959727017
32.0, 3.7590818739299707
33.0, 3.765761411359999
34.0, 3.7724556298630967
35.0, 3.7791644514233593
36.0, 3.785887798408294
37.0, 3.7926255935684066
38.0, 3.7993777600367604
39.0, 3.8061442213284984
40.0, 3.8129249013403372
41.0, 3.819719724350028
42.0, 3.8265286150157847
43.0, 3.833351498375685
44.0, 3.8401882998470445
45.0, 3.847038945225755
46.0, 3.8539033606856012
47.0, 3.8607814727775494
48.0, 3.8676732084290073
49.0, 3.8745784949430573
50.0, 3.881497259997669
51.0, 3.888429431644883
52.0, 3.8953749383099714
53.0, 3.902333708790576
54.0, 3.909305672255822
55.0, 3.916290758245409
56.0, 3.923288896668685
57.0, 3.9303000178036926
58.0, 3.9373240522961983
59.0, 3.9443609311587013
60.0, 3.951410585769422
61.0, 3.958472947871273
62.0, 3.965547949570811
63.0, 3.9726355233371664
64.0, 3.979735602000966
65.0, 3.9868481187532283
66.0, 3.9939730071442456
67.0, 4.0011102010824535
68.0, 4.008259634833281
69.0, 4.015421243017987
70.0, 4.022594960612481
71.0, 4.029780722946135
72.0, 4.036978465700573
73.0, 4.0441881249084535
74.0, 4.051409636952242
75.0, 4.058642938562958
76.0, 4.065887966818928
77.0, 4.073144659144515
78.0, 4.080412953308837
79.0, 4.087692787424483
80.0, 4.094984099946208
81.0, 4.102286829669629
82.0, 4.109600915729906
83.0, 4.116926297600407
84.0, 4.124262915091379
85.0, 4.131610708348599
86.0, 4.138969617852022
87.0, 4.14633958441442
88.0, 4.153720549180013
89.0, 4.161112453623093
90.0, 4.168515239546645
91.0, 4.175928849080954
92.0, 4.183353224682213
93.0, 4.190788309131121
94.0, 4.198234045531481
95.0, 4.205690377308784
96.0, 4.213157248208796
97.0, 4.220634602296134
98.0, 4.228122383952848
99.0, 4.235620537876985
100.0, 4.243129009081157
101.0, 4.243129009081157
102.0, 4.243129009081157
103.0, 4.243129009081157
104.0, 4.243129009081157
105.0, 4.243129009081157
106.0, 4.243129009081157
107.0, 4.243129009081157
108.0, 4.243129009081157
109.0, 4.243129009081157
110.0, 4.243129009081157
111.0, 4.243129009081157
112.0, 4.243129009081157
113.0, 4.243129009081157
114.0, 4.243129009081157
115.0, 4.243129009081157
116.0, 4.243129009081157
117.0, 4.243129009081157
118.0, 4.243129009081157
119.0, 4.243129009081157
120.0, 4.243129009081157
121.0, 4.243129009081157
122.0, 4.243129009081157
123.0, 4.243129009081157
124.0, 4.243129009081157
125.0, 4.243129009081157
126.0, 4.243129009081157
127.0, 4.243129009081157
128.0, 4.243129009081157
129.0, 4.243129009081157
130.0, 4.243129009081157
131.0, 4.235620537876985
132.0, 4.228122383952848
133.0, 4.220634602296134
134.0, 4.213157248208796
135.0, 4.205690377308784
136.0, 4.198234045531481
137.0, 4.190788309131121
138.0, 4.183353224682213
139.0, 4.175928849080954
140.0, 4.168515239546645
141.0, 4.161112453623093
142.0, 4.153720549180013
143.0, 4.1502525770735605
144.0, 4.14288957150995
145.0, 4.135537637304802
146.0, 4.128196833609296
147.0, 4.120867219906215
148.0, 4.113548856011299
149.0, 4.106241802074579
150.0, 4.098946118581707
151.0, 4.009349449019318
152.0, 3.919765161816514
153.0, 3.830194085287772
154.0, 3.740637212011385
155.0, 3.651095587152308
156.0, 3.5615703607944744
157.0, 3.472062801417075
158.0, 3.3825743114980593
159.0, 3.293106445646243
160.0, 3.2036609317521365
161.0, 3.1142396957589806
162.0, 3.024844890796036
163.0, 2.9354789315947505
164.0, 2.8461445353365855
165.0, 2.7568447703749728
166.0, 2.6675831146543953
167.0, 2.6600834004853926
168.0, 2.5698612569929193
169.0, 2.479656000758654
170.0, 2.3894693694314366
171.0, 2.2993035546119676
172.0, 2.2091611051480338
173.0, 2.1190450028713474
174.0, 2.111543976011292
175.0, 2.021056800782961
176.0, 1.9306167990889587
177.0, 1.9231787497766974
178.0, 1.915764020405268
179.0, 1.9083728827942876
180.0, 1.901005612119106
181.0, 1.815674636132943
182.0, 1.8084641511942796
183.0, 1.8012803190041602
184.0, 1.794123459722642
185.0, 1.7869938974269288
186.0, 1.7798919601407155
187.0, 1.7728179798627277
188.0, 1.765772292594404
189.0, 1.7587552383666587
190.0, 1.7517671612656625
191.0, 1.7448084094575782
192.0, 1.737879335212183
193.0, 1.730980294925314
194.0, 1.7241116491400563
195.0, 1.6532411002973806
196.0, 1.583736171163757
197.0, 1.5157847311278319
198.0, 1.5083407067683774
199.0, 1.4470679096571786
200.0, 1.3881681762091924
201.0, 1.331956357594199
202.0, 1.278786962103753
203.0, 1.2290549024241255
204.0, 1.1831936928137747
205.0, 1.1416699081043997
206.0, 1.1049726450203234
207.0, 1.0735969524130562
208.0, 1.048020891506121
209.0, 1.0286771430586261
210.0, 1.01592177015975
211.0, 1.0100044179770074
212.0, 1.0110451564578693
213.0, 1.019022666713578
214.0, 1.0337763708706424
215.0, 1.0550221226547731
216.0, 1.0823776401513836
217.0, 1.1153934798072656
218.0, 1.1535837446764028
219.0, 1.145630876823358
220.0, 1.1939470123403195
221.0, 1.2459385799208553
222.0, 1.3011650686625142
223.0, 1.2942692687101345
224.0, 1.2874142082352271
225.0, 1.2806005414737798
226.0, 1.2738289326665766
227.0, 1.2671000561094345
228.0, 1.260414596196476
229.0, 1.2537732474559538
230.0, 1.2471767145781314
231.0, 1.2471767145781314
232.0, 1.2471767145781314
233.0, 1.2471767145781314
234.0, 1.2471767145781314
235.0, 1.2471767145781314
236.0, 1.2471767145781314
237.0, 1.2471767145781314
238.0, 1.2471767145781314
239.0, 1.2471767145781314
240.0, 1.2471767145781314
241.0, 1.2471767145781314
242.0, 1.2471767145781314
243.0, 1.2471767145781314
244.0, 1.2471767145781314
245.0, 1.2471767145781314
246.0, 1.2471767145781314
247.0, 1.2471767145781314
248.0, 1.2471767145781314
249.0, 1.2471767145781314
250.0, 1.2471767145781314
251.0, 1.2471767145781314
252.0, 1.2471767145781314
253.0, 1.2471767145781314
254.0, 1.2471767145781314
255.0, 1.2471767145781314
256.0, 1.2471767145781314
257.0, 1.2471767145781314
258.0, 1.2471767145781314
259.0, 1.2471767145781314
260.0, 1.2471767145781314
261.0, 1.2537732474559538
262.0, 1.260414596196476
263.0, 1.2671000561094345
264.0, 1.2738289326665766
265.0, 1.2806005414737798
266.0, 1.2874142082352271
267.0, 1.2942692687101345
268.0, 1.3011650686625142
269.0, 1.308100963804444
270.0, 1.315076319733283
271.0, 1.3220905118632713
272.0, 1.3291429253519234
273.0, 1.3362329550216088
274.0, 1.3433600052767027
275.0, 1.350523490016666
276.0, 1.3577228325453978
277.0, 1.3649574654771968
278.0, 1.3722268306396348
279.0, 1.379530378973653
280.0, 1.3868675704311555
281.0, 1.3942378738703707
282.0, 1.4016407669492414
ee_dist
0.0, 1.1744574830876373
1.0, 1.217701861061344
2.0, 1.316346377450994
3.0, 1.4036742059590113
4.0, 1.4337790423740657
5.0, 1.459444994670331
6.0, 1.4926489105608416
7.0, 1.5262643896945685
8.0, 1.5609669210822648
9.0, 1.5950597466576069
10.0, 1.6288776059976595
11.0, 1.660688612753847
12.0, 1.6914409825775047
13.0, 1.7195489002681679
14.0, 1.7470333944216652
15.0, 1.7716197607776032
16.0, 1.7958539553399009
17.0, 1.8170674802479343
18.0, 1.8383622858041702
19.0, 1.856733541828121
20.0, 1.875605048647433
21.0, 1.8489476628127892
22.0, 1.811133891875295
23.0, 1.7702913314764344
24.0, 1.725934631956058
25.0, 1.6782998394318738
26.0, 1.6274719996001241
27.0, 1.5737335871767422
28.0, 1.5172204178653448
29.0, 1.4583145949474616
30.0, 1.3972272072922174
31.0, 1.3344657988974427
32.0, 1.2703584769010856
33.0, 1.2055800866518882
34.0, 1.140646618559706
35.0, 1.0764929930358367
36.0, 1.0139519940378603
37.0, 0.9543420852716514
38.0, 0.8989433863161859
39.0, 0.8494743948378897
40.0, 0.8076989092167286
41.0, 0.8215524424274073
42.0, 0.7882646757772791
43.0, 0.9051592621966028
44.0, 0.8615930431013767
45.0, 0.8165207658944205
46.0, 0.7696221741668712
47.0, 0.7207411562393289
48.0, 0.6701757916866055
49.0, 0.6178894431018902
50.0, 0.5645967523700405
51.0, 0.5109501706678804
52.0, 0.4575316830736604
53.0, 0.40467687740649116
54.0, 0.35329266918604807
55.0, 0.3046536935565105
56.0, 0.26187867360941997
57.0, 0.22829070949221206
58.0, 0.24636818302472152
59.0, 0.2958092906145446
60.0, 0.362424653311577
61.0, 0.44367677569760805
62.0, 0.5325285238507933
63.0, 0.6224164967217521
64.0, 0.7078465577805648
65.0, 0.7754487128067715
66.0, 0.8346746648034081
67.0, 0.894388991278481
68.0, 0.948704601885172
69.0, 1.0019045530594652
70.0, 1.0546327380104412
71.0, 1.1055396247518914
72.0, 1.159481046594863
73.0, 1.2194799047068867
74.0, 1.2839539328695644
75.0, 1.3595996862964652
76.0, 1.4445439241503333
77.0, 1.5389892721351988
78.0, 1.6380292094518365
79.0, 1.7366509632136273
80.0, 1.8303610959384706
81.0, 1.9094311767138115
82.0, 1.974009027569495
83.0, 2.0377813363602044
84.0, 2.0986150126483945
85.0, 2.1584073014494973
86.0, 2.207278862056041
87.0, 2.235837798681597
88.0, 2.266129735832727
89.0, 2.3054613463691296
90.0, 2.3557304767068095
91.0, 2.439250969450355
92.0, 2.531044129059625
93.0, 2.6327370946067483
94.0, 2.7385027519829506
95.0, 2.8463791980253874
96.0, 2.946876792299693
97.0, 3.0380322992617437
98.0, 3.1094641062189976
99.0, 3.178621964844428
100.0, 3.2437193279454895
101.0, 3.308713202895398
102.0, 3.370799643591927
103.0, 3.4341368039165934
104.0, 3.496532226578877
105.0, 3.5668381440745365
106.0, 3.639911862846158
107.0, 3.7216494779682896
108.0, 3.8117418603690765
109.0, 3.912354446457744
110.0, 4.017681101304928
111.0, 4.126951372717778
112.0, 4.2290465698889985
113.0, 4.324911710240227
114.0, 4.398945200177032
115.0, 4.4709769672038755
116.0, 4.533600253583782
117.0, 4.598638051431821
118.0, 4.66070139018098
119.0, 4.725083373231423
120.0, 4.786189915816498
121.0, 4.828917365476746
122.0, 4.869585325811657
123.0, 4.911577718852357
124.0, 4.950962570473653
125.0, 4.991142424071075
126.0, 5.028216964432636
127.0, 5.065603713696442
128.0, 5.099441372972362
129.0, 5.13316234520218
130.0, 5.162949124619608
131.0, 5.192249547478953
132.0, 5.2172931937021225
133.0, 5.241539088672522
134.0, 5.261270359553555
135.0, 5.279954384309176
136.0, 5.293931996041819
137.0, 5.306677948035633
138.0, 5.314589116953444
139.0, 5.321147822506263
140.0, 5.322810900172593
141.0, 5.323064675212554
142.0, 5.3184273921052485
143.0, 4.67880108649622
144.0, 4.669218270521673
145.0, 4.660293603384096
146.0, 4.655815236236225
147.0, 4.652006560646762
148.0, 4.652788344611526
149.0, 4.654224703187662
150.0, 4.6602412454218145
151.0, 4.5774097928803315
152.0, 4.496588280012114
153.0, 4.413869719123227
154.0, 4.333164945353698
155.0, 4.250572321863381
156.0, 4.16999835722226
157.0, 4.08754692249219
158.0, 4.007119895086796
159.0, 3.9248274150522766
160.0, 3.844566157262366
161.0, 3.7624534876198443
162.0, 3.6823801647863377
163.0, 3.6004718953556285
164.0, 3.520613066976776
165.0, 3.4389380782699495
166.0, 3.3593246706084026
167.0, 3.368028098443965
168.0, 3.2908423717724324
169.0, 3.212040891954064
170.0, 3.135393089227044
171.0, 3.05718150414387
172.0, 2.981155871735104
173.0, 2.9036298753020637
174.0, 2.918234296250717
175.0, 2.8445688723131157
176.0, 2.773255065750754
177.0, 2.789133131168142
178.0, 2.8087948748787057
179.0, 2.828879998678375
180.0, 2.8521658757103414
181.0, 2.8000001517845594
182.0, 2.777632255143509
183.0, 2.755604326714939
184.0, 2.7370091994257657
185.0, 2.718890877770218
186.0, 2.7047492861141995
187.0, 2.6912087859214737
188.0, 2.682060899723509
189.0, 2.6736159116576452
190.0, 2.669822419251813
191.0, 2.6668013183902124
192.0, 2.668518186971422
193.0, 2.671037042835399
194.0, 2.6781999603169098
195.0, 2.5978092168102997
196.0, 2.5195377183508425
197.0, 2.4396792225489032
198.0, 2.4502997187952325
199.0, 2.3737331767507346
200.0, 2.299464525507143
201.0, 2.224024383736327
202.0, 2.1509674522028948
203.0, 2.0769003645281012
204.0, 2.0053279883947326
205.0, 1.9329514628383275
206.0, 1.8632163550900203
207.0, 1.7929425627039233
208.0, 1.7255044233334333
209.0, 1.6578723773286996
210.0, 1.593333770125785
211.0, 1.5290496515110803
212.0, 1.4682008178758243
213.0, 1.4081906706659153
214.0, 1.3520614869272247
215.0, 1.2975224766251685
216.0, 1.2474300275136618
217.0, 1.199867932919933
218.0, 1.157432021665994
219.0, 1.182455958411798
220.0, 1.1516075830137222
221.0, 1.1254440940005679
222.0, 1.1054732469328625
223.0, 1.077466402236185
224.0, 1.0509013911344334
225.0, 1.0247940909842777
226.0, 1.001014200048022
227.0, 0.9779103714386816
228.0, 0.9580286322324051
229.0, 0.9390695671290551
230.0, 0.9241710079901062
231.0, 0.9104375857716113
232.0, 0.901454179046013
233.0, 0.8938175491210086
234.0, 0.8913737950234372
235.0, 0.89035000103477
236.0, 0.8946379720720211
237.0, 0.9002829433842423
238.0, 0.9012386750490277
239.0, 0.8908223914451402
240.0, 0.9011600920919907
241.0, 0.9002848566283683
242.0, 0.9012381645858554
243.0, 0.9081469711973235
244.0, 0.9204246329474091
245.0, 0.9338836480084496
246.0, 0.9497901866643178
247.0, 0.9668091894466524
248.0, 0.9860486686386791
249.0, 1.006118919649787
250.0, 1.0281667169298525
251.0, 1.0507571849611756
252.0, 1.0750170428207568
253.0, 1.09950232865687
254.0, 1.1252799091499366
255.0, 1.153365690162444
256.0, 1.1783314311462296
257.0, 1.2047233031715159
258.0, 1.231466274499293
259.0, 1.2575552084975075
260.0, 1.2838040592481745
261.0, 1.3091759772949136
262.0, 1.334469380350967
263.0, 1.3054660426199698
264.0, 1.2693536022036565
265.0, 1.231272326896109
266.0, 1.1909227101588225
267.0, 1.1484980820846364
268.0, 1.104030646818629
269.0, 1.057731315546741
270.0, 1.0096507060793487
271.0, 0.9600434817616744
272.0, 0.908987611760639
273.0, 0.8568024071509922
274.0, 0.803619884888318
275.0, 0.7498573880167212
276.0, 0.6941897171253901
277.0, 0.6385972466042078
278.0, 0.5806278253995351
279.0, 0.5280072582670773
280.0, 0.4778712848406613
281.0, 0.43158404527776145
282.0, 0.3837420464329588
ee_box_dist
0.0, 0.7597432385362168
1.0, 0.8114405437678955
2.0, 0.8455902898164803
3.0, 0.8789801212107472
4.0, 0.9148586923690861
5.0, 0.9567969177612654
6.0, 1.019300196442836
7.0, 1.1411024105345062
8.0, 1.3862643396148049
9.0, 1.4521791487398856
10.0, 1.5193675847196744
11.0, 1.5607797117188487
12.0, 1.6223918624035016
13.0, 1.7070485974304856
14.0, 1.716240254107861
15.0, 1.7337836691881137
16.0, 1.7549990570965126
17.0, 1.7702798114213383
18.0, 1.7854897095452655
19.0, 1.798658667312459
20.0, 1.8121185737079262
21.0, 1.8040069626569293
22.0, 1.7908777920043304
23.0, 1.7745072663608283
24.0, 1.754648144780552
25.0, 1.7314367999800966
26.0, 1.7048377470664093
27.0, 1.6750245173066283
28.0, 1.641982329847581
29.0, 1.605946846771511
30.0, 1.5669299229937135
31.0, 1.5252367329987728
32.0, 1.480952092226107
33.0, 1.4345137707828857
34.0, 1.3861290308359946
35.0, 1.3362108968835087
36.0, 1.2849862965517718
37.0, 1.232635833511372
38.0, 1.1795272960000285
39.0, 1.126436779014383
40.0, 1.0739091247381154
41.0, 1.0841707003455998
42.0, 1.0942243352057166
43.0, 1.1041880687124423
44.0, 1.1139432913465475
45.0, 1.1235691752419863
46.0, 1.1330028922896327
47.0, 1.1422644491046399
48.0, 1.1513612105467765
49.0, 1.1602537170513954
50.0, 1.1689997177628217
51.0, 1.1775225771124034
52.0, 1.185876220781378
53.0, 1.193955230449023
54.0, 1.2017732700431925
55.0, 1.2092059167452716
56.0, 1.2162620443572598
57.0, 1.2228880494057481
58.0, 1.22910223217957
59.0, 1.2349328079142592
60.0, 1.240332536968484
61.0, 1.245399113163371
62.0, 1.2500259204788848
63.0, 1.2543287490877297
64.0, 1.2582095975196597
65.0, 1.2617737699841516
66.0, 1.2649457262118968
67.0, 1.2678059260459078
68.0, 1.2702823431713672
69.0, 1.2724329191665489
70.0, 1.2741952564715586
71.0, 1.2756250850099276
72.0, 1.27666335114813
73.0, 1.2773665786926673
74.0, 1.2776775946135104
75.0, 1.2776521391700335
76.0, 1.27723482169659
77.0, 1.2764810750437272
78.0, 1.2753341819557924
79.0, 1.2738510810371972
80.0, 1.2719762769612866
81.0, 1.2697662563397645
82.0, 1.2671642667110739
83.0, 1.2642295084995263
84.0, 1.260905208662907
85.0, 1.257252078951206
86.0, 1.2819054448537048
87.0, 1.323190908048776
88.0, 1.353018975617433
89.0, 1.3771296894948426
90.0, 1.393538186448291
91.0, 1.3927168098906944
92.0, 1.3933506429909477
93.0, 1.3927307507899396
94.0, 1.3933510043703439
95.0, 1.3927309590113002
96.0, 1.3933509701839508
97.0, 1.3927309590113002
98.0, 1.3933509701839508
99.0, 1.3927309590113002
100.0, 1.3933509701839508
101.0, 1.3927309248519504
102.0, 1.3933509669598998
103.0, 1.3927309248519504
104.0, 1.3933509669598998
105.0, 1.3927309590113002
106.0, 1.3933509669598998
107.0, 1.3927309590113002
108.0, 1.3933509669598998
109.0, 1.3927309590113002
110.0, 1.3933509669598998
111.0, 1.3927309590113002
112.0, 1.3933509669598998
113.0, 1.3927309590113002
114.0, 1.3933509669598998
115.0, 1.3897050214549425
116.0, 1.3932989114248897
117.0, 1.3927738056094583
118.0, 1.3933336774011074
119.0, 1.3927178274134155
120.0, 1.393337035007728
121.0, 1.3927172743364231
122.0, 1.3933372860369597
123.0, 1.3927172743364231
124.0, 1.3933372872059682
125.0, 1.3927172755058745
126.0, 1.3933372872059682
127.0, 1.3927172413464508
128.0, 1.3933372839841656
129.0, 1.3927172755058745
130.0, 1.3933372839841656
131.0, 1.3927172755058745
132.0, 1.3933372839841656
133.0, 1.3927172413464508
134.0, 1.3933372839841656
135.0, 1.3927172755058745
136.0, 1.3933372839841656
137.0, 1.3927172755058745
138.0, 1.3933372839841656
139.0, 1.3927172755058745
140.0, 1.3933372839841656
141.0, 1.3927172755058745
142.0, 1.3933372839841656
143.0, 1.9572856000581886
144.0, 1.9430956793475989
145.0, 1.9289173523435386
146.0, 1.9121827919541794
147.0, 1.8954715437824106
148.0, 1.8765298523845897
149.0, 1.857628229481769
150.0, 1.8368805361467249
151.0, 1.8755529070041594
152.0, 1.9161696738235972
153.0, 1.960454305106903
154.0, 2.006199899076731
155.0, 2.055387987919734
156.0, 2.105593791301781
157.0, 2.1590308227404975
158.0, 2.2130902624978255
159.0, 2.270190304883826
160.0, 2.3275667374424045
161.0, 2.387816902825625
162.0, 2.448044360334891
163.0, 2.5110019348135184
164.0, 2.573680177770333
165.0, 2.6389671248503532
166.0, 2.70375573325569
167.0, 2.6891362765108853
168.0, 2.751863654651697
169.0, 2.817131932363974
170.0, 2.881835726525507
171.0, 2.9489937770831607
172.0, 3.015419967023315
173.0, 3.084226307516785
174.0, 3.0683023369515112
175.0, 3.1348003928642854
176.0, 3.200556538752023
177.0, 3.1850986909556736
178.0, 3.166496506157199
179.0, 3.1477677569110565
180.0, 3.1262783492762076
181.0, 3.1788914306970124
182.0, 3.1987458222906096
183.0, 3.218481216365222
184.0, 3.2351931968786407
185.0, 3.251760193217536
186.0, 3.264968850317887
187.0, 3.2780109821873578
188.0, 3.2874389231600967
189.0, 3.2966801814384943
190.0, 3.3021347167106465
191.0, 3.3073830595077407
192.0, 3.308754217231599
193.0, 3.309900351601747
194.0, 3.307162425927545
195.0, 3.386438672035056
196.0, 3.4641306422102924
197.0, 3.5438612297770367
198.0, 3.539317585662349
199.0, 3.618283405208831
200.0, 3.6956726967292743
201.0, 3.7750906733011687
202.0, 3.8528924037344106
203.0, 3.9327089091676735
204.0, 4.010875035748564
205.0, 4.0910445028070646
206.0, 4.169533872540239
207.0, 4.250017190135594
208.0, 4.328794562041767
209.0, 4.409557866426716
210.0, 4.488592583487127
211.0, 4.56960770243423
212.0, 4.6488733942921385
213.0, 4.7301143748692045
214.0, 4.809588316686948
215.0, 4.89103311466759
216.0, 4.970695704536395
217.0, 5.052325010314665
218.0, 5.132158181535887
219.0, 5.1290857100264855
220.0, 5.207935674492338
221.0, 5.28875047955829
222.0, 5.3678118598896996
223.0, 5.372474286595645
224.0, 5.373017601161685
225.0, 5.373227035467617
226.0, 5.369287876907926
227.0, 5.365036649417957
228.0, 5.356707832731087
229.0, 5.348092396671547
230.0, 5.335565659386375
231.0, 5.322781260047996
232.0, 5.306348381053494
233.0, 5.289693020133802
234.0, 5.269740516695695
235.0, 5.249605489731355
236.0, 5.226613206814917
237.0, 5.203481788122102
238.0, 5.202925085968065
239.0, 5.20792394755672
240.0, 5.202943693806044
241.0, 5.203482842447582
242.0, 5.2029250555614475
243.0, 5.202283610967836
244.0, 5.20396138212368
245.0, 5.204949880690168
246.0, 5.204858630357674
247.0, 5.204116859561269
248.0, 5.202198076236144
249.0, 5.1995601028704295
250.0, 5.195688949368936
251.0, 5.191118330799959
252.0, 5.1853175295125515
253.0, 5.178933780609895
254.0, 5.171383482109517
255.0, 5.1623297742813365
256.0, 5.154035004846398
257.0, 5.1446919852312405
258.0, 5.1344657893780195
259.0, 5.124172187499896
260.0, 5.113057881945848
261.0, 5.102038878645058
262.0, 5.0903088576144135
263.0, 5.114989853820538
264.0, 5.145827335039738
265.0, 5.176537823680226
266.0, 5.207219334716301
267.0, 5.23762128068078
268.0, 5.267512523911776
269.0, 5.296672373029884
270.0, 5.324879842869995
271.0, 5.3519328421818235
272.0, 5.37762450502976
273.0, 5.401775476597986
274.0, 5.424198508984483
275.0, 5.444724957327462
276.0, 5.467899285091085
277.0, 5.492744718430035
278.0, 5.515421101648471
279.0, 5.527034900050673
280.0, 5.535687188664848
281.0, 5.541758562156452
282.0, 5.5547418498580745
spot_hold
0, 0
1, 0
2, 0
3, 0
4, 0
5, 0
6, 0
7, 0
8, 0
9, 0
10, 0
11, 0
12, 0
13, 0
14, 0
15, 0
16, 0
17, 0
18, 0
19, 0
20, 0
21, 0
22, 0
23, 0
24, 0
25, 0
26, 0
27, 0
28, 0
29, 0
30, 0
31, 0
32, 0
33, 0
34, 0
35, 0
36, 0
37, 0
38, 0
39, 0
40, 0
41, 1
42, 1
43, 1
44, 1
45, 1
46, 1
47, 1
48, 1
49, 1
50, 1
51, 1
52, 1
53, 1
54, 1
55, 1
56, 1
57, 1
58, 1
59, 1
60, 1
61, 1
62, 1
63, 1
64, 1
65, 1
66, 1
67, 1
68, 1
69, 1
70, 1
71, 1
72, 1
73, 1
74, 1
75, 1
76, 1
77, 1
78, 1
79, 1
80, 1
81, 1
82, 1
83, 1
84, 1
85, 1
86, 1
87, 1
88, 1
89, 1
90, 1
91, 1
92, 1
93, 1
94, 1
95, 1
96, 1
97, 1
98, 1
99, 1
100, 1
101, 1
102, 1
103, 1
104, 1
105, 1
106, 1
107, 1
108, 1
109, 1
110, 1
111, 1
112, 1
113, 1
114, 1
115, 1
116, 1
117, 1
118, 1
119, 1
120, 1
121, 1
122, 1
123, 1
124, 1
125, 1
126, 1
127, 1
128, 1
129, 1
130, 1
131, 1
132, 1
133, 1
134, 1
135, 1
136, 1
137, 1
138, 1
139, 1
140, 1
141, 1
142, 1
143, 1
144, 1
145, 1
146, 1
147, 1
148, 1
149, 1
150, 1
151, 1
152, 1
153, 1
154, 1
155, 1
156, 1
157, 1
158, 1
159, 1
160, 1
161, 1
162, 1
163, 1
164, 1
165, 1
166, 1
167, 1
168, 1
169, 1
170, 1
171, 1
172, 1
173, 1
174, 1
175, 1
176, 1
177, 1
178, 1
179, 1
180, 1
181, 1
182, 1
183, 1
184, 1
185, 1
186, 1
187, 1
188, 1
189, 1
190, 1
191, 1
192, 1
193, 1
194, 1
195, 1
196, 1
197, 1
198, 1
199, 1
200, 1
201, 1
202, 1
203, 1
204, 1
205, 1
206, 1
207, 1
208, 1
209, 1
210, 1
211, 1
212, 1
213, 1
214, 1
215, 1
216, 1
217, 1
218, 1
219, 1
220, 1
221, 1
222, 1
223, 1
224, 1
225, 1
226, 1
227, 1
228, 1
229, 1
230, 1
231, 1
232, 1
233, 1
234, 1
235, 1
236, 1
237, 1
238, 1
239, 1
240, 1
241, 1
242, 1
243, 1
244, 1
245, 1
246, 1
247, 1
248, 1
249, 1
250, 1
251, 1
252, 1
253, 1
254, 1
255, 1
256, 1
257, 1
258, 1
259, 1
260, 1
261, 1
262, 1
263, 1
264, 1
265, 1
266, 1
267, 1
268, 1
269, 1
270, 1
271, 1
272, 1
273, 1
274, 1
275, 1
276, 1
277, 1
278, 1
279, 1
280, 1
281, 1
282, 1
