bot_dist
0.0, 2.9161923946709445
1.0, 2.9190028913623105
2.0, 2.92184491134998
3.0, 2.924718362738094
4.0, 2.927623152977241
5.0, 2.930559188877574
6.0, 2.9335263766219226
7.0, 2.936524621778895
8.0, 2.939553829315973
9.0, 2.9426139036125845
10.0, 2.945704748473167
11.0, 2.9488262671402024
12.0, 2.951978362307225
13.0, 2.9551609361318136
14.0, 2.9583738902485335
15.0, 2.96161712578186
16.0, 2.9648905433590547
17.0, 2.968194043123001
18.0, 2.9715275247450035
19.0, 2.9748908874375277
20.0, 2.9782840299669036
21.0, 2.9817068506659625
22.0, 2.985159247446632
23.0, 2.988641117812464
24.0, 2.992152358871102
25.0, 2.9956928673466927
26.0, 2.99926253959222
27.0, 3.0028612716017826
28.0, 3.006488959022793
29.0, 3.0101454971681045
30.0, 3.0138307810280676
31.0, 3.017544705282503
32.0, 3.021287164312598
33.0, 3.0250580522127226
34.0, 3.028857262802158
35.0, 3.032684689636743
36.0, 3.036540226020432
37.0, 3.0404237650167616
38.0, 3.044335199460231
39.0, 3.0482744219675837
40.0, 3.0522413249489997
41.0, 3.05623580061919
42.0, 3.0602577410083938
43.0, 3.0643070379732755
44.0, 3.068383583207726
45.0, 3.072487268253555
46.0, 3.07661798451109
47.0, 3.080775623249663
48.0, 3.084960075617996
49.0, 3.089171232654483
50.0, 3.0934089852973563
51.0, 3.0976732243947556
52.0, 3.101963840714678
53.0, 3.1062807249548277
54.0, 3.110623767752347
55.0, 3.1149928596934373
56.0, 3.1193878913228748
57.0, 3.1238087531534036
58.0, 3.1282553356750222
59.0, 3.1327275293641565
60.0, 3.1372252246927115
61.0, 3.1417483121370173
62.0, 3.1462966821866525
63.0, 3.1508702253531573
64.0, 3.1554688321786277
65.0, 3.1600923932441956
66.0, 3.1647407991783902
67.0, 3.1694139406653887
68.0, 3.1741117084531414
69.0, 3.178833880484533
70.0, 3.18358045937462
71.0, 3.1883513361180897
72.0, 3.1931464018047517
73.0, 3.1979655476270827
74.0, 3.20280866488766
75.0, 3.2076756450064727
76.0, 3.2125663795281234
77.0, 3.2174807601289106
78.0, 3.2224186786237943
79.0, 3.2273800269732504
80.0, 3.232364697290008
81.0, 3.2373725818456736
82.0, 3.24240357307724
83.0, 3.247457563593482
84.0, 3.2525344461812393
85.0, 3.25763411381159
86.0, 3.262756459645904
87.0, 3.267901377041794
88.0, 3.2730687595589507
89.0, 3.278258500964866
90.0, 3.283470495240452
91.0, 3.2887046365855483
92.0, 3.293960819424317
93.0, 3.2992389384105363
94.0, 3.3045388884327833
95.0, 3.309860564619513
96.0, 3.315203862344027
97.0, 3.320568677229345
98.0, 3.325954905152963
99.0, 3.3313624422515193
100.0, 3.3367911849253438
101.0, 3.3367911849253438
102.0, 3.3367911849253438
103.0, 3.3367911849253438
104.0, 3.3367911849253438
105.0, 3.3367911849253438
106.0, 3.3367911849253438
107.0, 3.3367911849253438
108.0, 3.3367911849253438
109.0, 3.3367911849253438
110.0, 3.3367911849253438
111.0, 3.3367911849253438
112.0, 3.3367911849253438
113.0, 3.3367911849253438
114.0, 3.3367911849253438
115.0, 3.3367911849253438
116.0, 3.3367911849253438
117.0, 3.3367911849253438
118.0, 3.3367911849253438
119.0, 3.3367911849253438
120.0, 3.3367911849253438
121.0, 3.3367911849253438
122.0, 3.3367911849253438
123.0, 3.3367911849253438
124.0, 3.3367911849253438
125.0, 3.3367911849253438
126.0, 3.3367911849253438
127.0, 3.3367911849253438
128.0, 3.3367911849253438
129.0, 3.3367911849253438
130.0, 3.3367911849253438
131.0, 3.3313624422515193
132.0, 3.325954905152963
133.0, 3.320568677229345
134.0, 3.315203862344027
135.0, 3.309860564619513
136.0, 3.3045388884327833
137.0, 3.2992389384105363
138.0, 3.293960819424317
139.0, 3.2887046365855483
140.0, 3.283470495240452
141.0, 3.278258500964866
142.0, 3.2730687595589507
143.0, 3.272864787047494
144.0, 3.2677276843679697
145.0, 3.262613143431628
146.0, 3.2575212705091094
147.0, 3.2524521720640713
148.0, 3.24740595474724
149.0, 3.2423827253903736
150.0, 3.237382591000098
151.0, 3.1501259147038896
152.0, 3.063020194936851
153.0, 2.9760786344512153
154.0, 2.889316108703047
155.0, 2.802749244458502
156.0, 2.716396747962706
157.0, 2.6302797324809206
158.0, 2.544422107981559
159.0, 2.4588510466879887
160.0, 2.373597541652711
161.0, 2.288697079870738
162.0, 2.2041904570172184
163.0, 2.1201246764258235
164.0, 2.0365544404291187
165.0, 1.9535433464685013
166.0, 1.8711658121847645
167.0, 1.8678244031234097
168.0, 1.7889954933578576
169.0, 1.7113169293298685
170.0, 1.634952426576933
171.0, 1.5600949615107074
172.0, 1.486972154377779
173.0, 1.4158527939235752
174.0, 1.4143436930869144
175.0, 1.3503336043625456
176.0, 1.2895703454802894
177.0, 1.28910424394827
178.0, 1.2887155763565936
179.0, 1.2884044127827843
180.0, 1.2881708093911979
181.0, 1.2570567835533641
182.0, 1.2575861164640223
183.0, 1.2581947117691963
184.0, 1.2588824545128348
185.0, 1.2596492150562895
186.0, 1.2604948491996986
187.0, 1.261419198316481
188.0, 1.2048138190170972
189.0, 1.2063743886976956
190.0, 1.1494615271356172
191.0, 1.0968644045377034
192.0, 1.0492322986505374
193.0, 1.0072698179404886
194.0, 0.9717117529128554
195.0, 0.9432826460699985
196.0, 0.9226417208306787
197.0, 0.910318908224315
198.0, 0.9066534394887367
199.0, 0.9117497348590446
200.0, 0.9254630590720813
201.0, 0.9474193070712174
202.0, 0.9770629396964616
203.0, 1.0137197876425277
204.0, 1.0566602115157293
205.0, 1.1051520132342225
206.0, 1.1584983025984885
207.0, 1.2160603755176949
208.0, 1.27726838671347
209.0, 1.34162342015327
210.0, 1.4086942345032225
211.0, 1.478111125114482
212.0, 1.5495589243018906
213.0, 1.5591138854412345
214.0, 1.627693880623415
215.0, 1.698124837975961
216.0, 1.7074928069815025
217.0, 1.7168679086032315
218.0, 1.7262500266314487
219.0, 1.7356390472831325
220.0, 1.7450348591412432
221.0, 1.7544373530957655
222.0, 1.7638464222864283
223.0, 1.7732619620470538
224.0, 1.7826838698514884
225.0, 1.7921120452610573
226.0, 1.8015463898734991
227.0, 1.8109868072733397
228.0, 1.8204332029836496
229.0, 1.8298854844191517
230.0, 1.8393435608406319
231.0, 1.8393435608406319
232.0, 1.8393435608406319
233.0, 1.8393435608406319
234.0, 1.8393435608406319
235.0, 1.8393435608406319
236.0, 1.8393435608406319
237.0, 1.8393435608406319
238.0, 1.8393435608406319
239.0, 1.8393435608406319
240.0, 1.8393435608406319
241.0, 1.8393435608406319
242.0, 1.8393435608406319
243.0, 1.8393435608406319
244.0, 1.8393435608406319
245.0, 1.8393435608406319
246.0, 1.8393435608406319
247.0, 1.8393435608406319
248.0, 1.8393435608406319
249.0, 1.8393435608406319
250.0, 1.8393435608406319
251.0, 1.8393435608406319
252.0, 1.8393435608406319
253.0, 1.8393435608406319
254.0, 1.8393435608406319
255.0, 1.8393435608406319
256.0, 1.8393435608406319
257.0, 1.8393435608406319
258.0, 1.8393435608406319
259.0, 1.8393435608406319
260.0, 1.8393435608406319
261.0, 1.8298854844191517
262.0, 1.8204332029836496
263.0, 1.8109868072733397
264.0, 1.8015463898734991
265.0, 1.7921120452610573
266.0, 1.7826838698514884
267.0, 1.7732619620470538
268.0, 1.7638464222864283
269.0, 1.7544373530957655
270.0, 1.7450348591412432
271.0, 1.7356390472831325
272.0, 1.7262500266314487
273.0, 1.7168679086032315
274.0, 1.7074928069815025
275.0, 1.698124837975961
276.0, 1.6887641202854753
277.0, 1.6794107751624212
278.0, 1.6700649264789358
279.0, 1.6607267007951425
280.0, 1.6513962274294207
281.0, 1.6420736385307773
282.0, 1.6327590691533969
ee_dist
0.0, 1.5360185380843008
1.0, 1.6031884688857687
2.0, 1.715497384100887
3.0, 1.8097249873215107
4.0, 1.8423593970197945
5.0, 1.8682474560027638
6.0, 1.9001775680577415
7.0, 1.9330735657193616
8.0, 1.9676018055485895
9.0, 2.00044783693886
10.0, 2.0374941321295528
11.0, 2.0709745224294114
12.0, 2.10119943223936
13.0, 2.136582923095665
14.0, 2.1624019899132447
15.0, 2.1888452118609325
16.0, 2.213784912443517
17.0, 2.2412365087775044
18.0, 2.2626485191667336
19.0, 2.281896254959137
20.0, 2.301126976691456
21.0, 2.2705949678865474
22.0, 2.228573887927728
23.0, 2.1833278303879435
24.0, 2.134435851699936
25.0, 2.082208692956207
26.0, 2.0268223224853026
27.0, 1.968653186796174
28.0, 1.907951549866655
29.0, 1.845214708883157
30.0, 1.7807930064878355
31.0, 1.7153310699944557
32.0, 1.6493183574134915
33.0, 1.5835766628381736
34.0, 1.5187873205222473
35.0, 1.4559947257897987
36.0, 1.3961342798678067
37.0, 1.340494969088987
38.0, 1.290262682707224
39.0, 1.246842772771221
40.0, 1.2115435525089016
41.0, 1.2117401201422178
42.0, 1.0743944717943927
43.0, 0.7241115139715275
44.0, 0.6770293078889364
45.0, 0.6299726801381479
46.0, 0.5830697632815047
47.0, 0.5364304947441197
48.0, 0.4912889002277618
49.0, 0.4485122645540546
50.0, 0.410038708300045
51.0, 0.37823347417857517
52.0, 0.3555863229383911
53.0, 0.34392135798266243
54.0, 0.3449486510247955
55.0, 0.3587521606287367
56.0, 0.3842473478971548
57.0, 0.41894203127155716
58.0, 0.38975037124004386
59.0, 0.33702480548533237
60.0, 0.29232962538775925
61.0, 0.26983163870574645
62.0, 0.2838306608367555
63.0, 0.3303256132661006
64.0, 0.39244631223934023
65.0, 0.45127356691193066
66.0, 0.5097945926350457
67.0, 0.567645600928451
68.0, 0.6193874060396914
69.0, 0.6691368968892136
70.0, 0.717131224466079
71.0, 0.7636015289033184
72.0, 0.8092575445616838
73.0, 0.8628678028386424
74.0, 0.9208655611468234
75.0, 0.9904384738269209
76.0, 1.0697991766271795
77.0, 1.159242989974731
78.0, 1.2543653209766599
79.0, 1.3502778698035591
80.0, 1.4422893175787872
81.0, 1.520811402730092
82.0, 1.5857823631536396
83.0, 1.6503922573499532
84.0, 1.7126789008376262
85.0, 1.7716723854338137
86.0, 1.8300437446746307
87.0, 1.8911489123752374
88.0, 1.949971432683793
89.0, 2.018879052812436
90.0, 2.0594361197667643
91.0, 2.110237382863913
92.0, 2.1974398648711055
93.0, 2.2998471048466604
94.0, 2.4025678204561633
95.0, 2.509056062932111
96.0, 2.6098905998827133
97.0, 2.700261438095684
98.0, 2.7727121041395457
99.0, 2.8418061787668014
100.0, 2.9080216340565936
101.0, 2.9724529442051777
102.0, 3.03527891193702
103.0, 3.09767301928947
104.0, 3.1601278604266643
105.0, 3.2292846452585953
106.0, 3.3023855856790494
107.0, 3.393652477097486
108.0, 3.4817462065507736
109.0, 3.585475567743204
110.0, 3.6986632565021553
111.0, 3.7836747845516085
112.0, 3.8882387200127972
113.0, 3.983326401570694
114.0, 4.058298324603414
115.0, 4.129057354702985
116.0, 4.193476590382046
117.0, 4.25830978305577
118.0, 4.321137130213967
119.0, 4.384737536702437
120.0, 4.446481287658312
121.0, 4.514836849395175
122.0, 4.58796065241034
123.0, 4.665107442476957
124.0, 4.754246444520405
125.0, 4.80032072656258
126.0, 4.845930190093228
127.0, 4.891582223108057
128.0, 4.936156542652383
129.0, 4.980184979834517
130.0, 5.031250864524965
131.0, 5.073846164940273
132.0, 5.117956942816114
133.0, 5.155901068717977
134.0, 5.185122108974661
135.0, 5.218248460913718
136.0, 5.2377313438452235
137.0, 5.283370864001829
138.0, 5.290299545718816
139.0, 5.312889756601602
140.0, 5.331178440322862
141.0, 5.34672154004047
142.0, 5.358568092409634
143.0, 4.570195548562386
144.0, 4.558682404467408
145.0, 4.550122313368644
146.0, 4.544949574075627
147.0, 4.542784687776528
148.0, 4.54406690620753
149.0, 4.5483844842700245
150.0, 4.556077329975986
151.0, 4.474938762049747
152.0, 4.394048577846173
153.0, 4.313082959490444
154.0, 4.232375020505442
155.0, 4.151607772298564
156.0, 4.07110408932595
157.0, 3.9905593205238308
158.0, 3.910285707239403
159.0, 3.8299918403230953
160.0, 3.749978097608208
161.0, 3.669968244746758
162.0, 3.5902496803186286
163.0, 3.510562688801108
164.0, 3.431181344041873
165.0, 3.3518638252919435
166.0, 3.2728693341715007
167.0, 3.2866672588610784
168.0, 3.2107514479878305
169.0, 3.13511081382935
170.0, 3.0572796309943246
171.0, 2.9861077482939633
172.0, 2.9108741788158654
173.0, 2.837067380420514
174.0, 2.856118657270824
175.0, 2.78693086430803
176.0, 2.718555307967813
177.0, 2.7412302785590286
178.0, 2.7663536063810032
179.0, 2.793709838190854
180.0, 2.8229635239095
181.0, 2.7777055320604505
182.0, 2.747901050376503
183.0, 2.7200257394190723
184.0, 2.6942531541371895
185.0, 2.6708746900906393
186.0, 2.650117228997997
187.0, 2.6321411129825707
188.0, 2.5575486186059218
189.0, 2.542126667808801
190.0, 2.4647726315617593
191.0, 2.3877702566183285
192.0, 2.3112577997011976
193.0, 2.235192081847554
194.0, 2.159693337981074
195.0, 2.084771916359369
196.0, 2.0105207194340333
197.0, 1.937013122111344
198.0, 1.8643141806414354
199.0, 1.792573925654351
200.0, 1.7218294679559436
201.0, 1.6523251115787299
202.0, 1.5840712171539655
203.0, 1.51742901695103
204.0, 1.452384961717567
205.0, 1.3894455442117093
206.0, 1.3285770013220075
207.0, 1.2704654937809499
208.0, 1.2150590687156153
209.0, 1.1632548186703842
210.0, 1.1149779299196174
211.0, 1.0713526623596734
212.0, 1.0322492817440507
213.0, 1.0012265713834738
214.0, 0.9602438109815051
215.0, 0.9254240283316529
216.0, 0.8932333276232092
217.0, 0.8631157922148469
218.0, 0.8346110035349641
219.0, 0.8089921263320782
220.0, 0.7858683228609762
221.0, 0.7664564923915238
222.0, 0.7503998781400487
223.0, 0.7387767336796587
224.0, 0.7311778574545098
225.0, 0.728443850026857
226.0, 0.7300273219034445
227.0, 0.7364718189280507
228.0, 0.7470589883941012
229.0, 0.7620654198891105
230.0, 0.76187764921666
231.0, 0.7619699164996319
232.0, 0.76187598419525
233.0, 0.761969500165537
234.0, 0.7618754707497207
235.0, 0.761969038695782
236.0, 0.7618754707497207
237.0, 0.761969500165537
238.0, 0.7618754707497207
239.0, 0.761969500165537
240.0, 0.7618754707497207
241.0, 0.761969038695782
242.0, 0.7618754707497207
243.0, 0.7865984708371219
244.0, 0.8037117050075322
245.0, 0.8204053448190162
246.0, 0.8397576896432054
247.0, 0.8604505190254815
248.0, 0.8829281659301071
249.0, 0.9063996226279226
250.0, 0.9312613583938778
251.0, 0.9566909004036155
252.0, 0.9830749781495073
253.0, 1.009743807459194
254.0, 1.037037645770928
255.0, 1.0641872017516583
256.0, 1.0916372308196673
257.0, 1.118581026986477
258.0, 1.14552626191428
259.0, 1.1716893378938646
260.0, 1.1965972125980018
261.0, 1.2216088713333624
262.0, 1.2460252560932792
263.0, 1.2200076320102418
264.0, 1.1872781038352744
265.0, 1.1528408529975718
266.0, 1.116323433999376
267.0, 1.0780563539318555
268.0, 1.0379448383583298
269.0, 0.9963707154035369
270.0, 0.9532335391845075
271.0, 0.9089988265820449
272.0, 0.8635817260926407
273.0, 0.8175433129414915
274.0, 0.769127423269252
275.0, 0.7217519063237888
276.0, 0.6578530809203322
277.0, 0.6097737428624066
278.0, 0.5637405849399831
279.0, 0.5187487729667547
280.0, 0.4778420896089059
281.0, 0.4495013851418877
282.0, 0.41738335255594233
ee_box_dist
0.0, 0.6319980125231259
1.0, 0.676600126714784
2.0, 0.7076659927963799
3.0, 0.747101886249872
4.0, 0.784350200812409
5.0, 0.8242771400726032
6.0, 0.8629643882049894
7.0, 0.899527247783233
8.0, 0.9342119278102285
9.0, 0.9659460457790302
10.0, 1.0007380645033286
11.0, 1.0312867916713282
12.0, 1.0579353095932469
13.0, 1.0893842117530674
14.0, 1.111438886507335
15.0, 1.1339261564882452
16.0, 1.1548162588029078
17.0, 1.1780573310130191
18.0, 1.1957914932449876
19.0, 1.211527754383794
20.0, 1.2272860801228036
21.0, 1.2054225187582093
22.0, 1.1754702961493209
23.0, 1.1427576702806024
24.0, 1.1068844266078448
25.0, 1.068025466337672
26.0, 1.0261630846110277
27.0, 0.9814869242675982
28.0, 0.9339740105464552
29.0, 0.8838573930914093
30.0, 0.8311083031222823
31.0, 0.7760021467777815
32.0, 0.7185007624244919
33.0, 0.6589102496092957
34.0, 0.5971787896931934
35.0, 0.5336749152130519
36.0, 0.46837482132916625
37.0, 0.40179545875573086
38.0, 0.33401356196279336
39.0, 0.2656638578643774
40.0, 0.19733914990194276
41.0, 0.08025332875484693
42.0, 0.08290174037212171
43.0, 0.08302860437707019
44.0, 0.08297753542420988
45.0, 0.08303006092155633
46.0, 0.08298393542484868
47.0, 0.08302954054142192
48.0, 0.08298913627718743
49.0, 0.08302836314851064
50.0, 0.08299334860749209
51.0, 0.0830269957337986
52.0, 0.08299679727470723
53.0, 0.0830251083218024
54.0, 0.08299377918960867
55.0, 0.08287534036331713
56.0, 0.0828292536867917
57.0, 0.08289224676585426
58.0, 0.08283826469346094
59.0, 0.08300793626782547
60.0, 0.08299906170354966
61.0, 0.08301132845965857
62.0, 0.08300038891279951
63.0, 0.08300949013116526
64.0, 0.08300121913514223
65.0, 0.0830073661052874
66.0, 0.08300220628735958
67.0, 0.08300575237702353
68.0, 0.08300306809331272
69.0, 0.08300441313127109
70.0, 0.08300399647774834
71.0, 0.08300356742842681
72.0, 0.08300525144429934
73.0, 0.08300305664936876
74.0, 0.08300688658636558
75.0, 0.08300315646370367
76.0, 0.08300879050487837
77.0, 0.08300418254977096
78.0, 0.08301136919095964
79.0, 0.08300580809613566
80.0, 0.08301447000309199
81.0, 0.0830086116397068
82.0, 0.08301833953342973
83.0, 0.08301241120736955
84.0, 0.08293825615756815
85.0, 0.08244485934519388
86.0, 0.08337961389286341
87.0, 0.0843617929179263
88.0, 0.0917698227322571
89.0, 0.13475707349142535
90.0, 0.13964346928179283
91.0, 0.1222800064062271
92.0, 0.1324961282314817
93.0, 0.08715750068868712
94.0, 0.1315134783657037
95.0, 0.13450534499717312
96.0, 0.1340658184954755
97.0, 0.13458624940477654
98.0, 0.13407764448064616
99.0, 0.1345871331840425
100.0, 0.13407785200655212
101.0, 0.13458703311032813
102.0, 0.13407791828849838
103.0, 0.1345869884990798
104.0, 0.13407795488435748
105.0, 0.13108188407798244
106.0, 0.13390471365907475
107.0, 0.11522943907841111
108.0, 0.12288236070078323
109.0, 0.08454272083101468
110.0, 0.08353191363248742
111.0, 0.13186021105069493
112.0, 0.13391972036236377
113.0, 0.13456990258313345
114.0, 0.13407529854934602
115.0, 0.08719345291293697
116.0, 0.13151669773309785
117.0, 0.1345051281515519
118.0, 0.13406574150940107
119.0, 0.13458624940477654
120.0, 0.13407764448064616
121.0, 0.13458715488638615
122.0, 0.13407786271543706
123.0, 0.13458697764789174
124.0, 0.13407795488435748
125.0, 0.13458696679670937
126.0, 0.13407791828849838
127.0, 0.13458695594553274
128.0, 0.1340779075796179
129.0, 0.13458696679670937
130.0, 0.11063952942991856
131.0, 0.10468295659221408
132.0, 0.09852129226905725
133.0, 0.09964171515206868
134.0, 0.10327958066099478
135.0, 0.10461332435444011
136.0, 0.13173185989864977
137.0, 0.10062016805319601
138.0, 0.13205800242606067
139.0, 0.13460013220123826
140.0, 0.13408392852693946
141.0, 0.13458810015546138
142.0, 0.13407795909566117
143.0, 0.13063549934270288
144.0, 0.13060347120366647
145.0, 0.13068698497216427
146.0, 0.13060220018035945
147.0, 0.13068461369065895
148.0, 0.1306039155253557
149.0, 0.1306862334849883
150.0, 0.13060542034894965
151.0, 0.1306871093144748
152.0, 0.1306052127032603
153.0, 0.13068707221596754
154.0, 0.13060547054697294
155.0, 0.13068707221596754
156.0, 0.13060547054697294
157.0, 0.13068697929580578
158.0, 0.13060547054697294
159.0, 0.13068697929580578
160.0, 0.13060547054697294
161.0, 0.13068697929580578
162.0, 0.1306055070622751
163.0, 0.1306868309026533
164.0, 0.1306055070622751
165.0, 0.1306868309026533
166.0, 0.1306055070622751
167.0, 0.13068737317431836
168.0, 0.1306056938340255
169.0, 0.13068746341410417
170.0, 0.099891629288838
171.0, 0.12879383196150518
172.0, 0.13056175541990775
173.0, 0.1306860980685547
174.0, 0.13060588245664498
175.0, 0.13068710658651264
176.0, 0.13060586749235503
177.0, 0.130687200059157
178.0, 0.13060563056212196
179.0, 0.13068631520493834
180.0, 0.1306045316274832
181.0, 0.1306860382693161
182.0, 0.1306049852164202
183.0, 0.1306870455361565
184.0, 0.13060566625410233
185.0, 0.13068747722050655
186.0, 0.13060577042940125
187.0, 0.13068714513908836
188.0, 0.1306052672757038
189.0, 0.13068642915233347
190.0, 0.13060485213998768
191.0, 0.1306862713495775
192.0, 0.13060485684675033
193.0, 0.13068649772940588
194.0, 0.13060485684675033
195.0, 0.1306863868475228
196.0, 0.13060485684675033
197.0, 0.1306863868475228
198.0, 0.13060485684675033
199.0, 0.1306863868475228
200.0, 0.13060485684675033
201.0, 0.1306863868475228
202.0, 0.13060485684675033
203.0, 0.1306863868475228
204.0, 0.13060485684675033
205.0, 0.1306864646582396
206.0, 0.1306047037050429
207.0, 0.1306865200991463
208.0, 0.1306047037050429
209.0, 0.1306864646582396
210.0, 0.13060451125877523
211.0, 0.13068630903719464
212.0, 0.13060451125877523
213.0, 0.1306854563337256
214.0, 0.1306041469804862
215.0, 0.13068555933056863
216.0, 0.13060326269031997
217.0, 0.13068394495634653
218.0, 0.13060150970905526
219.0, 0.13068234344972698
220.0, 0.13060007129880152
221.0, 0.1306817705029213
222.0, 0.13060029922748959
223.0, 0.13068197754627664
224.0, 0.13060110896654836
225.0, 0.1306834085371335
226.0, 0.1306034380183901
227.0, 0.13068522430685367
228.0, 0.13060461615614902
229.0, 0.13068654618716563
230.0, 0.13398832114640774
231.0, 0.13459369655465045
232.0, 0.13408800627429995
233.0, 0.13459686107330424
234.0, 0.13408794350713632
235.0, 0.134596791668865
236.0, 0.13408805941154406
237.0, 0.1345969165372638
238.0, 0.13408805941154406
239.0, 0.1345969165372638
240.0, 0.13408805941154406
241.0, 0.134596791668865
242.0, 0.13408805941154406
243.0, 0.07684146136096817
244.0, 0.07736163681341454
245.0, 0.07490055713561242
246.0, 0.0744983626592989
247.0, 0.07332130439540996
248.0, 0.07318923728058783
249.0, 0.07204880538206482
250.0, 0.07205982314009686
251.0, 0.07090686901736647
252.0, 0.07103182902752495
253.0, 0.06981491935351863
254.0, 0.06997397591349497
255.0, 0.06865507711763845
256.0, 0.06881353068939576
257.0, 0.06737622728019704
258.0, 0.06753052609205504
259.0, 0.06598054016149017
260.0, 0.06566611163654743
261.0, 0.06423451749874527
262.0, 0.06450119195349438
263.0, 0.07972581586835475
264.0, 0.0804314505245099
265.0, 0.08062792264583762
266.0, 0.08096386636526047
267.0, 0.08112642342012841
268.0, 0.08142259232948525
269.0, 0.08155155565570532
270.0, 0.08180018222123064
271.0, 0.08188770644322296
272.0, 0.08208338668488616
273.0, 0.08212351626107213
274.0, 0.08213960187924854
275.0, 0.08086370282748276
276.0, 0.081904649490636
277.0, 0.08227650560548475
278.0, 0.08230636259094343
279.0, 0.08218921112814954
280.0, 0.08039823112050339
281.0, 0.08118897108575693
282.0, 0.08242062972432322
spot_hold
0, 0
1, 0
2, 0
3, 0
4, 0
5, 0
6, 0
7, 0
8, 0
9, 0
10, 0
11, 0
12, 0
13, 0
14, 0
15, 0
16, 0
17, 0
18, 0
19, 0
20, 0
21, 0
22, 0
23, 0
24, 0
25, 0
26, 0
27, 0
28, 0
29, 0
30, 0
31, 0
32, 0
33, 0
34, 0
35, 0
36, 0
37, 0
38, 0
39, 0
40, 0
41, 1
42, 1
43, 1
44, 1
45, 1
46, 1
47, 1
48, 1
49, 1
50, 1
51, 1
52, 1
53, 1
54, 1
55, 1
56, 1
57, 1
58, 1
59, 1
60, 1
61, 1
62, 1
63, 1
64, 1
65, 1
66, 1
67, 1
68, 1
69, 1
70, 1
71, 1
72, 1
73, 1
74, 1
75, 1
76, 1
77, 1
78, 1
79, 1
80, 1
81, 1
82, 1
83, 1
84, 1
85, 1
86, 1
87, 1
88, 1
89, 1
90, 1
91, 1
92, 1
93, 1
94, 1
95, 1
96, 1
97, 1
98, 1
99, 1
100, 1
101, 1
102, 1
103, 1
104, 1
105, 1
106, 1
107, 1
108, 1
109, 1
110, 1
111, 1
112, 1
113, 1
114, 1
115, 1
116, 1
117, 1
118, 1
119, 1
120, 1
121, 1
122, 1
123, 1
124, 1
125, 1
126, 1
127, 1
128, 1
129, 1
130, 1
131, 1
132, 1
133, 1
134, 1
135, 1
136, 1
137, 1
138, 1
139, 1
140, 1
141, 1
142, 1
143, 1
144, 1
145, 1
146, 1
147, 1
148, 1
149, 1
150, 1
151, 1
152, 1
153, 1
154, 1
155, 1
156, 1
157, 1
158, 1
159, 1
160, 1
161, 1
162, 1
163, 1
164, 1
165, 1
166, 1
167, 1
168, 1
169, 1
170, 1
171, 1
172, 1
173, 1
174, 1
175, 1
176, 1
177, 1
178, 1
179, 1
180, 1
181, 1
182, 1
183, 1
184, 1
185, 1
186, 1
187, 1
188, 1
189, 1
190, 1
191, 1
192, 1
193, 1
194, 1
195, 1
196, 1
197, 1
198, 1
199, 1
200, 1
201, 1
202, 1
203, 1
204, 1
205, 1
206, 1
207, 1
208, 1
209, 1
210, 1
211, 1
212, 1
213, 1
214, 1
215, 1
216, 1
217, 1
218, 1
219, 1
220, 1
221, 1
222, 1
223, 1
224, 1
225, 1
226, 1
227, 1
228, 1
229, 1
230, 1
231, 1
232, 1
233, 1
234, 1
235, 1
236, 1
237, 1
238, 1
239, 1
240, 1
241, 1
242, 1
243, 1
244, 1
245, 1
246, 1
247, 1
248, 1
249, 1
250, 1
251, 1
252, 1
253, 1
254, 1
255, 1
256, 1
257, 1
258, 1
259, 1
260, 1
261, 1
262, 1
263, 1
264, 1
265, 1
266, 1
267, 1
268, 1
269, 1
270, 1
271, 1
272, 1
273, 1
274, 1
275, 1
276, 1
277, 1
278, 1
279, 1
280, 1
281, 1
282, 1
