bot_dist
0.0, 4.079536533941157
1.0, 4.0868149807968095
2.0, 4.094104913456463
3.0, 4.101406270674731
4.0, 4.1087189915459295
5.0, 4.116043015502743
6.0, 4.123378282314899
7.0, 4.130724732087814
8.0, 4.13808230526125
9.0, 4.145450942607945
10.0, 4.152830585232254
11.0, 4.160221174568772
12.0, 4.167622652380947
13.0, 4.175034960759701
14.0, 4.182458042122032
15.0, 4.189891839209609
16.0, 4.197336295087378
17.0, 4.204791353142141
18.0, 4.212256957081147
19.0, 4.219733050930671
20.0, 4.227219579034586
21.0, 4.234716486052939
22.0, 4.242223716960515
23.0, 4.249741217045405
24.0, 4.257268931907562
25.0, 4.264806807457365
26.0, 4.272354789914169
27.0, 4.279912825804858
28.0, 4.2874808619624005
29.0, 4.295058845524389
30.0, 4.302646723931593
31.0, 4.310244444926504
32.0, 4.317851956551872
33.0, 4.325469207149254
34.0, 4.333096145357555
35.0, 4.340732720111563
36.0, 4.348378880640496
37.0, 4.356034576466534
38.0, 4.363699757403367
39.0, 4.371374373554724
40.0, 4.379058375312922
41.0, 4.386751713357397
42.0, 4.3944543386532535
43.0, 4.4021662024497985
44.0, 4.409887256279087
45.0, 4.41761745195446
46.0, 4.425356741569101
47.0, 4.433105077494564
48.0, 4.440862412379336
49.0, 4.448628699147376
50.0, 4.45640389099667
51.0, 4.4641879413977845
52.0, 4.471980804092413
53.0, 4.479782433091948
54.0, 4.487592782676022
55.0, 4.495411807391084
56.0, 4.503239462048953
57.0, 4.511075701725392
58.0, 4.518920481758676
59.0, 4.526773757748163
60.0, 4.534635485552871
61.0, 4.542505621290055
62.0, 4.550384121333792
63.0, 4.558270942313564
64.0, 4.566166041112851
65.0, 4.574069374867717
66.0, 4.581980900965414
67.0, 4.589900577042975
68.0, 4.597828360985822
69.0, 4.605764210926373
70.0, 4.613708085242654
71.0, 4.621659942556913
72.0, 4.629619741734241
73.0, 4.6375874418812
74.0, 4.645563002344446
75.0, 4.6535463827093615
76.0, 4.661537542798703
77.0, 4.6695364426712285
78.0, 4.677543042620358
79.0, 4.685557303172813
80.0, 4.693579185087282
81.0, 4.701608649353072
82.0, 4.709645657188785
83.0, 4.71769017004098
84.0, 4.725742149582847
85.0, 4.733801557712899
86.0, 4.741868356553643
87.0, 4.749942508450283
88.0, 4.758023975969405
89.0, 4.766112721897688
90.0, 4.7742087092406
91.0, 4.782311901221116
92.0, 4.790422261278435
93.0, 4.798539753066697
94.0, 4.806664340453712
95.0, 4.814795987519698
96.0, 4.82293465855601
97.0, 4.83108031806389
98.0, 4.839232930753214
99.0, 4.847392461541249
100.0, 4.855558875551407
101.0, 4.855558875551407
102.0, 4.855558875551407
103.0, 4.855558875551407
104.0, 4.855558875551407
105.0, 4.855558875551407
106.0, 4.855558875551407
107.0, 4.855558875551407
108.0, 4.855558875551407
109.0, 4.855558875551407
110.0, 4.855558875551407
111.0, 4.855558875551407
112.0, 4.855558875551407
113.0, 4.855558875551407
114.0, 4.855558875551407
115.0, 4.855558875551407
116.0, 4.855558875551407
117.0, 4.855558875551407
118.0, 4.855558875551407
119.0, 4.855558875551407
120.0, 4.855558875551407
121.0, 4.855558875551407
122.0, 4.855558875551407
123.0, 4.855558875551407
124.0, 4.855558875551407
125.0, 4.855558875551407
126.0, 4.855558875551407
127.0, 4.855558875551407
128.0, 4.855558875551407
129.0, 4.855558875551407
130.0, 4.855558875551407
131.0, 4.847392461541249
132.0, 4.839232930753214
133.0, 4.83108031806389
134.0, 4.82293465855601
135.0, 4.814795987519698
136.0, 4.806664340453712
137.0, 4.798539753066697
138.0, 4.790422261278435
139.0, 4.782311901221116
140.0, 4.7742087092406
141.0, 4.766112721897688
142.0, 4.758023975969405
143.0, 4.753358637616852
144.0, 4.745290298296673
145.0, 4.737229326518703
146.0, 4.7291757599572986
147.0, 4.721129636509155
148.0, 4.713090994294611
149.0, 4.705059871658957
150.0, 4.697036307173745
151.0, 4.608660699874471
152.0, 4.520343903371244
153.0, 4.432089433375951
154.0, 4.343901088728768
155.0, 4.255782980180528
156.0, 4.167739562718451
157.0, 4.079775671948393
158.0, 3.9918965651322162
159.0, 3.9041079675805417
160.0, 3.816416125222248
161.0, 3.728827864316879
162.0, 3.6413506594496785
163.0, 3.553992711157732
164.0, 3.4667630347874976
165.0, 3.379671562488698
166.0, 3.2927292606194682
167.0, 3.284285940165675
168.0, 3.195395096108778
169.0, 3.10659442236209
170.0, 3.0178918094116556
171.0, 2.9292961654677674
172.0, 2.840817498570062
173.0, 2.7524670895011725
174.0, 2.7438595893930544
175.0, 2.6538837141323364
176.0, 2.5639793369194015
177.0, 2.5553374430590248
178.0, 2.5467054904852557
179.0, 2.5380835806282245
180.0, 2.529471816182177
181.0, 2.438466902897318
182.0, 2.429899826631873
183.0, 2.421343738097527
184.0, 2.4127987541859217
185.0, 2.404264993297681
186.0, 2.395742575363803
187.0, 2.3872316218673477
188.0, 2.3009188182126814
189.0, 2.2923680750604425
190.0, 2.209082413831339
191.0, 2.1262798512082566
192.0, 2.044019098546354
193.0, 1.9623682936194804
194.0, 1.881406851108113
195.0, 1.8012277296340946
196.0, 1.7219402148802319
197.0, 1.643673339886456
198.0, 1.566580086653073
199.0, 1.490842534460007
200.0, 1.416678132895775
201.0, 1.3443472679734634
202.0, 1.274162233235276
203.0, 1.2064975720287345
204.0, 1.1418014542958383
205.0, 1.0806071930936265
206.0, 1.0235430745757677
207.0, 0.9713372845057886
208.0, 0.9248129486782056
209.0, 0.8848666763006785
210.0, 0.852423752968368
211.0, 0.8283662531964223
212.0, 0.8134385159662749
213.0, 0.8051993514024609
214.0, 0.8072535048216634
215.0, 0.8189381747054761
216.0, 0.8121107782284785
217.0, 0.8053496742771573
218.0, 0.798656546470579
219.0, 0.7920331181212258
220.0, 0.785481152415436
221.0, 0.7790024525105564
222.0, 0.7725988615404326
223.0, 0.7662722625204527
224.0, 0.7600245781429606
225.0, 0.753857770453477
226.0, 0.7477738403978305
227.0, 0.7417748272299909
228.0, 0.7358628077701552
229.0, 0.730039895502431
230.0, 0.7243082395013567
231.0, 0.7243082395013567
232.0, 0.7243082395013567
233.0, 0.7243082395013567
234.0, 0.7243082395013567
235.0, 0.7243082395013567
236.0, 0.7243082395013567
237.0, 0.7243082395013567
238.0, 0.7243082395013567
239.0, 0.7243082395013567
240.0, 0.7243082395013567
241.0, 0.7243082395013567
242.0, 0.7243082395013567
243.0, 0.7243082395013567
244.0, 0.7243082395013567
245.0, 0.7243082395013567
246.0, 0.7243082395013567
247.0, 0.7243082395013567
248.0, 0.7243082395013567
249.0, 0.7243082395013567
250.0, 0.7243082395013567
251.0, 0.7243082395013567
252.0, 0.7243082395013567
253.0, 0.7243082395013567
254.0, 0.7243082395013567
255.0, 0.7243082395013567
256.0, 0.7243082395013567
257.0, 0.7243082395013567
258.0, 0.7243082395013567
259.0, 0.7243082395013567
260.0, 0.7243082395013567
261.0, 0.730039895502431
262.0, 0.7358628077701552
263.0, 0.7417748272299909
264.0, 0.7477738403978305
265.0, 0.753857770453477
266.0, 0.7600245781429606
267.0, 0.7662722625204527
268.0, 0.7725988615404326
269.0, 0.7790024525105564
270.0, 0.785481152415436
271.0, 0.7920331181212258
272.0, 0.798656546470579
273.0, 0.8053496742771573
274.0, 0.8121107782284785
275.0, 0.8189381747054761
276.0, 0.8258302195267133
277.0, 0.8327853076247638
278.0, 0.8398018726618415
279.0, 0.8468783865913273
280.0, 0.8540133591714206
281.0, 0.8612053374367279
282.0, 0.8684529051331993
ee_dist
0.0, 0.831039369802224
1.0, 0.8200526825196622
2.0, 0.8851609477846337
3.0, 0.9559888279892602
4.0, 0.9803668190234408
5.0, 1.0053347862124606
6.0, 1.0408997996462168
7.0, 1.0783095911784815
8.0, 1.115339137533507
9.0, 1.1513754025441942
10.0, 1.1866883212193653
11.0, 1.2196358081299938
12.0, 1.2511267367000245
13.0, 1.2797573511516749
14.0, 1.3074801628787531
15.0, 1.3322103168662969
16.0, 1.356392377591442
17.0, 1.377522118778358
18.0, 1.3985933037151677
19.0, 1.4167525349113712
20.0, 1.4353015719017614
21.0, 1.4132372807743412
22.0, 1.3815610814396615
23.0, 1.3470750674057477
24.0, 1.3092880297433318
25.0, 1.2683615472128946
26.0, 1.2242788540016318
27.0, 1.177224113965413
28.0, 1.1271933962302132
29.0, 1.07443091453392
30.0, 1.0189529886016915
31.0, 0.9610717687061877
32.0, 0.9008378498273664
33.0, 0.8386458958723451
34.0, 0.774616631086554
35.0, 0.7093022052343824
36.0, 0.6430126965347996
37.0, 0.5766387111009783
38.0, 0.510949994035461
39.0, 0.44750967484623594
40.0, 0.38835544670181454
41.0, 0.4044629777367402
42.0, 0.6446228931584647
43.0, 1.2566743293882616
44.0, 1.220372171136413
45.0, 1.1819576163245566
46.0, 1.1411058138112207
47.0, 1.0977507096278132
48.0, 1.0519916107736058
49.0, 1.0037693870632385
50.0, 0.9536465988543447
51.0, 0.901992399771117
52.0, 0.8490131370545558
53.0, 0.7947254911511312
54.0, 0.7392097956079094
55.0, 0.6825513558377915
56.0, 0.6255478539954098
57.0, 0.56840967919363
58.0, 0.6270285586398738
59.0, 0.7043554857158574
60.0, 0.7901422592363329
61.0, 0.8838921166512959
62.0, 0.9799088263263699
63.0, 1.0730864746692954
64.0, 1.1596336188779859
65.0, 1.226054018021237
66.0, 1.281753827804026
67.0, 1.3388735964548748
68.0, 1.3916505863071311
69.0, 1.4441844313399683
70.0, 1.4973555771751124
71.0, 1.548914180466252
72.0, 1.6061595356953664
73.0, 1.6684454740948889
74.0, 1.7355274129747713
75.0, 1.8136255818576579
76.0, 1.9009113688080985
77.0, 1.9974826173047375
78.0, 2.09811685277919
79.0, 2.1976098697413935
80.0, 2.29160076418858
81.0, 2.3701837961767485
82.0, 2.433651629426333
83.0, 2.4959160829117626
84.0, 2.5558673988065044
85.0, 2.6151893249829348
86.0, 2.6640204014598385
87.0, 2.692476447180877
88.0, 2.7235167100660482
89.0, 2.7632703486354346
90.0, 2.8144703784001885
91.0, 2.8993574517234872
92.0, 2.9924071165182684
93.0, 3.0954192171800634
94.0, 3.202262289426123
95.0, 3.3108795013782646
96.0, 3.411612079605381
97.0, 3.5026295766637956
98.0, 3.573538425638972
99.0, 3.6417522275202523
100.0, 3.7062131246231256
101.0, 3.7708854913535936
102.0, 3.8348118643630866
103.0, 3.895252475104419
104.0, 3.9594243241531872
105.0, 4.029926804996775
106.0, 4.1039053787180295
107.0, 4.1863683278576875
108.0, 4.277137935573659
109.0, 4.378513881549275
110.0, 4.484484016529176
111.0, 4.594239781334945
112.0, 4.696490188676093
113.0, 4.7922991627545555
114.0, 4.865989899315534
115.0, 4.9143325614784095
116.0, 4.959820693900718
117.0, 5.005846617348365
118.0, 5.048461285235076
119.0, 5.0910765392445985
120.0, 5.129787145586026
121.0, 5.168024888424298
122.0, 5.201936193438729
123.0, 5.234968794519852
124.0, 5.263324484055753
125.0, 5.290463583792912
126.0, 5.312647038811066
127.0, 5.3333484310595
128.0, 5.348889770298612
129.0, 5.362750296242948
130.0, 5.371318752467357
131.0, 5.378079430194783
132.0, 5.379486577093101
133.0, 5.379031491563883
134.0, 5.373234784077966
135.0, 5.365587652160393
136.0, 5.352684583554721
137.0, 5.338014934293103
138.0, 5.318244015892277
139.0, 5.279700767153068
140.0, 5.278848254509511
141.0, 5.279700767153068
142.0, 5.278848254509511
143.0, 4.647489228790743
144.0, 4.637046183375546
145.0, 4.627258626123051
146.0, 4.621877474471447
147.0, 4.617168518145889
148.0, 4.617036136252746
149.0, 4.617565417182521
150.0, 4.622688903494085
151.0, 4.539411297341349
152.0, 4.4581363746235985
153.0, 4.3749387475259445
154.0, 4.293746821168675
155.0, 4.210638746333912
156.0, 4.129540031929005
157.0, 4.046532316566087
158.0, 3.9655382668658885
159.0, 3.8826439928533345
160.0, 3.8017684004742986
161.0, 3.7190026096801234
162.0, 3.6382616295509886
163.0, 3.5556422733081288
164.0, 3.475054984978585
165.0, 3.392603576902988
166.0, 3.312193060911949
167.0, 3.319715511580803
168.0, 3.241390573622538
169.0, 3.1613719006396552
170.0, 3.083475962221676
171.0, 3.003929190736813
172.0, 2.926532216498175
173.0, 2.8475365700093196
174.0, 2.860912743977206
175.0, 2.785377013804705
176.0, 2.7121466183971052
177.0, 2.726802276693785
178.0, 2.7453817599817856
179.0, 2.7644236420232278
180.0, 2.7868329373876475
181.0, 2.7315905587313165
182.0, 2.7101484390982833
183.0, 2.689087525766855
184.0, 2.671618842794052
185.0, 2.6546667540404894
186.0, 2.641821948855729
187.0, 2.629615237402204
188.0, 2.5515961556618856
189.0, 2.5416755599149226
190.0, 2.4617537960743703
191.0, 2.380062021683605
192.0, 2.3004914683033766
193.0, 2.2191959951534677
194.0, 2.1400574679219395
195.0, 2.05925301548764
196.0, 1.9806530900948007
197.0, 1.9004659496308984
198.0, 1.8225485144756743
199.0, 1.7431507096748085
200.0, 1.6661138133256905
201.0, 1.5877448455576508
202.0, 1.5118674271620656
203.0, 1.4348688858469858
204.0, 1.3605538293997768
205.0, 1.2854257938793807
206.0, 1.213270808639577
207.0, 1.1407657463444667
208.0, 1.0716814426504047
209.0, 1.0029599332871098
210.0, 0.938366613305991
211.0, 0.8752522462396208
212.0, 0.8173851077890039
213.0, 0.7963196567018168
214.0, 0.736658536957427
215.0, 0.6804132489033332
216.0, 0.659990309382887
217.0, 0.6404846433775546
218.0, 0.6253238471168218
219.0, 0.6115103014948423
220.0, 0.6028686373176302
221.0, 0.5959356505475023
222.0, 0.5946547624442174
223.0, 0.5952511273612938
224.0, 0.6014904575368784
225.0, 0.6095276194095145
226.0, 0.6227017170482996
227.0, 0.6373848730605206
228.0, 0.6563467468291247
229.0, 0.6556843805669639
230.0, 0.6563471977535441
231.0, 0.6556843019292661
232.0, 0.6563467468291247
233.0, 0.6556844286947707
234.0, 0.6563471977535441
235.0, 0.6556843019292661
236.0, 0.6563467468291247
237.0, 0.6556844286947707
238.0, 0.6563471977535441
239.0, 0.6556843019292661
240.0, 0.6563467468291247
241.0, 0.6556843805669639
242.0, 0.6563471977535441
243.0, 0.6624086803777482
244.0, 0.6740197178583919
245.0, 0.6868262351254998
246.0, 0.7017928061093232
247.0, 0.7178226769880931
248.0, 0.7357315538701673
249.0, 0.7543684887104892
250.0, 0.7746181856285913
251.0, 0.7953055808383462
252.0, 0.8173137318367303
253.0, 0.8394888506704793
254.0, 0.8626528550249041
255.0, 0.8857214049508135
256.0, 0.9094293613856445
257.0, 0.9328019269642751
258.0, 0.9564805502045645
259.0, 0.9796222090370371
260.0, 1.0028007808306025
261.0, 1.0252487497419496
262.0, 1.0475216197405408
263.0, 1.026137358818408
264.0, 1.0002347083627294
265.0, 0.9731719377215903
266.0, 0.9447733056956112
267.0, 0.915244441942559
268.0, 0.884640980593659
269.0, 0.8532031591761501
270.0, 0.821013287933181
271.0, 0.7883648645791393
272.0, 0.755384100260784
273.0, 0.7224361528704396
274.0, 0.6897105820902454
275.0, 0.6576483034105303
276.0, 0.6264815153357023
277.0, 0.5967143955941794
278.0, 0.5686198450232988
279.0, 0.5429473796485348
280.0, 0.5200411081539256
281.0, 0.501214890447639
282.0, 0.4939884603871769
ee_box_dist
0.0, 0.9250172956200409
1.0, 0.957035748095835
2.0, 0.989252724809221
3.0, 1.02192427044853
4.0, 1.0562272826698333
5.0, 1.0922759284114343
6.0, 1.1292771661061074
7.0, 1.1632383510279765
8.0, 1.1959293175416204
9.0, 1.2272593125363092
10.0, 1.2575078799647101
11.0, 1.2855304218340764
12.0, 1.3123534912248047
13.0, 1.3366026471173782
14.0, 1.3602419462297528
15.0, 1.3811758258239077
16.0, 1.4018479611130656
17.0, 1.4197344724278822
18.0, 1.43781675412081
19.0, 1.4532276817921803
20.0, 1.4692465952855147
21.0, 1.4444164209280685
22.0, 1.4096082454710528
23.0, 1.371938671021363
24.0, 1.330949889639256
25.0, 1.2868493537266057
26.0, 1.2396740581696504
27.0, 1.18965779550933
28.0, 1.1368605571381005
29.0, 1.0815875693275412
30.0, 1.0239376146112364
31.0, 0.9643069038430031
32.0, 0.9028528869899831
33.0, 0.8400757826225745
34.0, 0.7762437234150139
35.0, 0.7121496219329181
36.0, 0.6484192367937427
37.0, 0.586544719272092
38.0, 0.5279002458717968
39.0, 0.4747349866702477
40.0, 0.4298385100818123
41.0, 0.44230863209609733
42.0, 0.45499527040891485
43.0, 0.467914887552206
44.0, 0.48093835057615336
45.0, 0.4941126243595221
46.0, 0.5072859868837709
47.0, 0.5205453756340622
48.0, 0.5337091453905359
49.0, 0.5469007016830635
50.0, 0.5599229107869513
51.0, 0.5729174997523468
52.0, 0.5857062006158541
53.0, 0.5984385544747352
54.0, 0.6109727099966369
55.0, 0.6234560438619511
56.0, 0.6357580954042433
57.0, 0.6479779453764616
58.0, 0.6599919825976207
59.0, 0.6718528287673522
60.0, 0.683481267788814
61.0, 0.694893704180485
62.0, 0.7060479044094334
63.0, 0.7169494901550282
64.0, 0.727559061384195
65.0, 0.7378847939762714
66.0, 0.7478831803967967
67.0, 0.7575709814501991
68.0, 0.7669084575632588
69.0, 0.7759191488210078
70.0, 0.7845645569478382
71.0, 0.7928652783035952
72.0, 0.8007861031215803
73.0, 0.8083437634656266
74.0, 0.8155059451209241
75.0, 0.8222864520366095
76.0, 0.8286563156663123
77.0, 0.8346251533554563
78.0, 0.8401679640112707
79.0, 0.8452908199666478
80.0, 0.849969279899247
81.0, 0.8542085957491597
82.0, 0.8579848303193168
83.0, 0.8613028719890647
84.0, 0.8641382236665637
85.0, 0.8664982829598725
86.0, 0.8847332048204988
87.0, 0.9273479210924993
88.0, 0.965577447983698
89.0, 0.9989700264435553
90.0, 1.0243581352144406
91.0, 1.0228923460134913
92.0, 1.0238667486332094
93.0, 1.0229280032010641
94.0, 1.0238654040010728
95.0, 1.0229282993005364
96.0, 1.023865347933108
97.0, 1.0229282993005364
98.0, 1.023865347933108
99.0, 1.0229282993005364
100.0, 1.023865347933108
101.0, 1.0229282432387499
102.0, 1.0217013746577723
103.0, 1.0240446988431857
104.0, 1.023805451135904
105.0, 1.0231373047658776
106.0, 1.0238539874790828
107.0, 1.022929975505478
108.0, 1.02386546309396
109.0, 1.0229284144655455
110.0, 1.02386546309396
111.0, 1.0229284144655455
112.0, 1.02386546309396
113.0, 1.0229284144655455
114.0, 1.02386546309396
115.0, 1.0229283584037565
116.0, 1.023865503382505
117.0, 1.0229284144655455
118.0, 1.023865503382505
119.0, 1.0229284144655455
120.0, 1.023865503382505
121.0, 1.0229284144655455
122.0, 1.023865503382505
123.0, 1.0229283584037565
124.0, 1.023865503382505
125.0, 1.0229284144655455
126.0, 1.023865503382505
127.0, 1.0229283584037565
128.0, 1.023865503382505
129.0, 1.0229284144655455
130.0, 1.023865503382505
131.0, 1.0229284144655455
132.0, 1.023865503382505
133.0, 1.0229284144655455
134.0, 1.023865503382505
135.0, 1.0229284144655455
136.0, 1.023865503382505
137.0, 1.0229284144655455
138.0, 1.023865503382505
139.0, 1.0229284144655455
140.0, 1.023865503382505
141.0, 1.0229284144655455
142.0, 1.023865503382505
143.0, 1.7470543745589384
144.0, 1.7464046020810815
145.0, 1.7457593059403755
146.0, 1.7413724924305776
147.0, 1.7370028392942665
148.0, 1.7289479129510708
149.0, 1.72091713138441
150.0, 1.7093191898603621
151.0, 1.7850333473854176
152.0, 1.8596952757762277
153.0, 1.936787380978211
154.0, 2.0126392806840303
155.0, 2.090813754571605
156.0, 2.167607399562074
157.0, 2.246645176794589
158.0, 2.3241951800921568
159.0, 2.403930599311388
160.0, 2.4820958179924557
161.0, 2.5624022876940047
162.0, 2.6410739394380047
163.0, 2.721853089087016
164.0, 2.8009461870935564
165.0, 2.8821204836919145
166.0, 2.9615675674864357
167.0, 2.954348392646227
168.0, 3.03249418295812
169.0, 3.1127393707187894
170.0, 3.1913069743749682
171.0, 3.271952437768491
172.0, 3.3508827322791794
173.0, 3.4318733609777206
174.0, 3.421836640725562
175.0, 3.501263473377083
176.0, 3.579041391136204
177.0, 3.5692050079415214
178.0, 3.5555250242288987
179.0, 3.5416622624846816
180.0, 3.524224976739271
181.0, 3.5930889935410155
182.0, 3.608535735906511
183.0, 3.6238052519116835
184.0, 3.6353269483367048
185.0, 3.6466490574440793
186.0, 3.654004570750517
187.0, 3.66113883683784
188.0, 3.742072558150833
189.0, 3.7469593989714713
190.0, 3.828564894943212
191.0, 3.91215047498541
192.0, 3.993817024381274
193.0, 4.077461907688039
194.0, 4.159182061500269
195.0, 4.242879181844899
196.0, 4.324647054291872
197.0, 4.408390593157607
198.0, 4.49020095259743
199.0, 4.573985922471767
200.0, 4.655834272419947
201.0, 4.739656373949604
202.0, 4.821538828713842
203.0, 4.905394336268401
204.0, 4.987307520934728
205.0, 5.07119319021558
206.0, 5.153134159613035
207.0, 5.237046948688675
208.0, 5.3190133250999825
209.0, 5.4029509445035595
210.0, 5.484940251746904
211.0, 5.568900502044926
212.0, 5.650910732341946
213.0, 5.652955588761723
214.0, 5.734994274568986
215.0, 5.8189981512026625
216.0, 5.816830539426384
217.0, 5.8143147023830934
218.0, 5.80762347434136
219.0, 5.800568432065515
220.0, 5.789510928397739
221.0, 5.778079206920238
222.0, 5.762913365877207
223.0, 5.747372476204215
224.0, 5.728458207280994
225.0, 5.709173040500137
226.0, 5.686964689380508
227.0, 5.66440246059657
228.0, 5.639443636716339
229.0, 5.639888806576219
230.0, 5.639443215324552
231.0, 5.639888906946761
232.0, 5.639443636716339
233.0, 5.639888696669302
234.0, 5.639443215324552
235.0, 5.639888906946761
236.0, 5.639443636716339
237.0, 5.639888696669302
238.0, 5.639443215324552
239.0, 5.639888906946761
240.0, 5.639443636716339
241.0, 5.639888806576219
242.0, 5.639443215324552
243.0, 5.638137839912501
244.0, 5.638474947429411
245.0, 5.638127781637646
246.0, 5.63675069934016
247.0, 5.634676010758107
248.0, 5.631456859832657
249.0, 5.6274611594893065
250.0, 5.622258478560893
251.0, 5.616292932188998
252.0, 5.609136093960888
253.0, 5.601334920617034
254.0, 5.592431830856828
255.0, 5.5830724259435875
256.0, 5.572749662911477
257.0, 5.562182390200377
258.0, 5.550820741449234
259.0, 5.539422602335545
260.0, 5.527396348363711
261.0, 5.515553908401807
262.0, 5.503248426301212
263.0, 5.523340079049394
264.0, 5.54871677071851
265.0, 5.574416009887852
266.0, 5.600511775300433
267.0, 5.626786012479645
268.0, 5.653041936099549
269.0, 5.679073915618647
270.0, 5.704689195725656
271.0, 5.729693936250418
272.0, 5.753903457062429
273.0, 5.777135613727054
274.0, 5.799223028706756
275.0, 5.820020777118917
276.0, 5.8394365969778415
277.0, 5.857387791837492
278.0, 5.873864227888971
279.0, 5.888651673782701
280.0, 5.901797213929565
281.0, 5.912668718604609
282.0, 5.920178974111678
spot_hold
0, 0
1, 0
2, 0
3, 0
4, 0
5, 0
6, 0
7, 0
8, 0
9, 0
10, 0
11, 0
12, 0
13, 0
14, 0
15, 0
16, 0
17, 0
18, 0
19, 0
20, 0
21, 0
22, 0
23, 0
24, 0
25, 0
26, 0
27, 0
28, 0
29, 0
30, 0
31, 0
32, 0
33, 0
34, 0
35, 0
36, 0
37, 0
38, 0
39, 0
40, 0
41, 1
42, 1
43, 1
44, 1
45, 1
46, 1
47, 1
48, 1
49, 1
50, 1
51, 1
52, 1
53, 1
54, 1
55, 1
56, 1
57, 1
58, 1
59, 1
60, 1
61, 1
62, 1
63, 1
64, 1
65, 1
66, 1
67, 1
68, 1
69, 1
70, 1
71, 1
72, 1
73, 1
74, 1
75, 1
76, 1
77, 1
78, 1
79, 1
80, 1
81, 1
82, 1
83, 1
84, 1
85, 1
86, 1
87, 1
88, 1
89, 1
90, 1
91, 1
92, 1
93, 1
94, 1
95, 1
96, 1
97, 1
98, 1
99, 1
100, 1
101, 1
102, 1
103, 1
104, 1
105, 1
106, 1
107, 1
108, 1
109, 1
110, 1
111, 1
112, 1
113, 1
114, 1
115, 1
116, 1
117, 1
118, 1
119, 1
120, 1
121, 1
122, 1
123, 1
124, 1
125, 1
126, 1
127, 1
128, 1
129, 1
130, 1
131, 1
132, 1
133, 1
134, 1
135, 1
136, 1
137, 1
138, 1
139, 1
140, 1
141, 1
142, 1
143, 1
144, 1
145, 1
146, 1
147, 1
148, 1
149, 1
150, 1
151, 1
152, 1
153, 1
154, 1
155, 1
156, 1
157, 1
158, 1
159, 1
160, 1
161, 1
162, 1
163, 1
164, 1
165, 1
166, 1
167, 1
168, 1
169, 1
170, 1
171, 1
172, 1
173, 1
174, 1
175, 1
176, 1
177, 1
178, 1
179, 1
180, 1
181, 1
182, 1
183, 1
184, 1
185, 1
186, 1
187, 1
188, 1
189, 1
190, 1
191, 1
192, 1
193, 1
194, 1
195, 1
196, 1
197, 1
198, 1
199, 1
200, 1
201, 1
202, 1
203, 1
204, 1
205, 1
206, 1
207, 1
208, 1
209, 1
210, 1
211, 1
212, 1
213, 1
214, 1
215, 1
216, 1
217, 1
218, 1
219, 1
220, 1
221, 1
222, 1
223, 1
224, 1
225, 1
226, 1
227, 1
228, 1
229, 1
230, 1
231, 1
232, 1
233, 1
234, 1
235, 1
236, 1
237, 1
238, 1
239, 1
240, 1
241, 1
242, 1
243, 1
244, 1
245, 1
246, 1
247, 1
248, 1
249, 1
250, 1
251, 1
252, 1
253, 1
254, 1
255, 1
256, 1
257, 1
258, 1
259, 1
260, 1
261, 1
262, 1
263, 1
264, 1
265, 1
266, 1
267, 1
268, 1
269, 1
270, 1
271, 1
272, 1
273, 1
274, 1
275, 1
276, 1
277, 1
278, 1
279, 1
280, 1
281, 1
282, 1
