bot_dist
0.0, 3.1723842639163466
1.0, 3.1770974483961765
2.0, 3.1818350797747925
3.0, 3.186597049013878
4.0, 3.191383247167438
5.0, 3.19619356538939
6.0, 3.2010278949410336
7.0, 3.2058861271984136
8.0, 3.210768153659556
9.0, 3.2156738659515947
10.0, 3.220603155837782
11.0, 3.2255559152243847
12.0, 3.2305320361674625
13.0, 3.2355314108795312
14.0, 3.2405539317361196
15.0, 3.245599491282201
16.0, 3.250667982238524
17.0, 3.2557592975078173
18.0, 3.260873330180896
19.0, 3.266009973542645
20.0, 3.2711691210778975
21.0, 3.2763506664772
22.0, 3.281554503642468
23.0, 3.2867805266925365
24.0, 3.292028629968595
25.0, 3.2972987080395177
26.0, 3.302590655707087
27.0, 3.307904368011112
28.0, 3.313239740234436
29.0, 3.318596667907843
30.0, 3.323975046814861
31.0, 3.3293747729964562
32.0, 3.334795742755632
33.0, 3.340237852661917
34.0, 3.345700999555764
35.0, 3.351185080552834
36.0, 3.356689993048197
37.0, 3.3622156347204197
38.0, 3.3677619035355657
39.0, 3.3733286977510937
40.0, 3.378915915919663
41.0, 3.3845234568928406
42.0, 3.390151219824722
43.0, 3.3957991041754463
44.0, 3.4014670097146333
45.0, 3.407154836524719
46.0, 3.412862485004207
47.0, 3.4185898558708274
48.0, 3.4243368501646114
49.0, 3.430103369250873
50.0, 3.435889314823109
51.0, 3.441694588905816
52.0, 3.4475190938572133
53.0, 3.4533627323718945
54.0, 3.4592254074833906
55.0, 3.465107022566649
56.0, 3.4710074813404423
57.0, 3.4769266878696854
58.0, 3.4828645465676855
59.0, 3.4888209621983086
60.0, 3.49479583987807
61.0, 3.5007890850781522
62.0, 3.5068006036263477
63.0, 3.512830301708928
64.0, 3.5188780858724407
65.0, 3.5249438630254355
66.0, 3.531027540440118
67.0, 3.5371290257539427
68.0, 3.543248226971124
69.0, 3.5493850524640913
70.0, 3.555539410974874
71.0, 3.5617112116164225
72.0, 3.5679003638738593
73.0, 3.574106777605679
74.0, 3.5803303630448693
75.0, 3.586571030799989
76.0, 3.5928286918561696
77.0, 3.599103257576068
78.0, 3.6053946397007555
79.0, 3.611702750350554
80.0, 3.618027502025806
81.0, 3.6243688076076044
82.0, 3.6307265803584503
83.0, 3.637100733922873
84.0, 3.643491182327983
85.0, 3.6498978399839843
86.0, 3.6563206216846305
87.0, 3.6627594426076264
88.0, 3.6692142183149947
89.0, 3.6756848647533746
90.0, 3.682171298254289
91.0, 3.68867343553436
92.0, 3.6951911936954716
93.0, 3.7017244902249007
94.0, 3.708273242995393
95.0, 3.7148373702651996
96.0, 3.7214167906780733
97.0, 3.7280114232632187
98.0, 3.7346211874352044
99.0, 3.741246002993836
100.0, 3.7478857901239877
101.0, 3.7478857901239877
102.0, 3.7478857901239877
103.0, 3.7478857901239877
104.0, 3.7478857901239877
105.0, 3.7478857901239877
106.0, 3.7478857901239877
107.0, 3.7478857901239877
108.0, 3.7478857901239877
109.0, 3.7478857901239877
110.0, 3.7478857901239877
111.0, 3.7478857901239877
112.0, 3.7478857901239877
113.0, 3.7478857901239877
114.0, 3.7478857901239877
115.0, 3.7478857901239877
116.0, 3.7478857901239877
117.0, 3.7478857901239877
118.0, 3.7478857901239877
119.0, 3.7478857901239877
120.0, 3.7478857901239877
121.0, 3.7478857901239877
122.0, 3.7478857901239877
123.0, 3.7478857901239877
124.0, 3.7478857901239877
125.0, 3.7478857901239877
126.0, 3.7478857901239877
127.0, 3.7478857901239877
128.0, 3.7478857901239877
129.0, 3.7478857901239877
130.0, 3.7478857901239877
131.0, 3.741246002993836
132.0, 3.7346211874352044
133.0, 3.7280114232632187
134.0, 3.7214167906780733
135.0, 3.7148373702651996
136.0, 3.708273242995393
137.0, 3.7017244902249007
138.0, 3.6951911936954716
139.0, 3.68867343553436
140.0, 3.682171298254289
141.0, 3.6756848647533746
142.0, 3.6692142183149947
143.0, 3.6627594426076264
144.0, 3.6563206216846305
145.0, 3.6498978399839843
146.0, 3.643491182327983
147.0, 3.637100733922873
148.0, 3.6307265803584503
149.0, 3.6243688076076044
150.0, 3.618027502025806
151.0, 3.611702750350554
152.0, 3.6053946397007555
153.0, 3.599103257576068
154.0, 3.5928286918561696
155.0, 3.586571030799989
156.0, 3.5803303630448693
157.0, 3.574106777605679
158.0, 3.5679003638738593
159.0, 3.5617112116164225
160.0, 3.555539410974874
161.0, 3.5493850524640913
162.0, 3.543248226971124
163.0, 3.5371290257539427
164.0, 3.531027540440118
165.0, 3.5249438630254355
166.0, 3.5188780858724407
167.0, 3.512830301708928
168.0, 3.5068006036263477
169.0, 3.5007890850781522
170.0, 3.49479583987807
171.0, 3.4888209621983086
172.0, 3.4828645465676855
173.0, 3.4769266878696854
174.0, 3.4710074813404423
175.0, 3.465107022566649
176.0, 3.4592254074833906
177.0, 3.4533627323718945
178.0, 3.4475190938572133
179.0, 3.441694588905816
180.0, 3.435889314823109
181.0, 3.430103369250873
182.0, 3.4243368501646114
183.0, 3.4185898558708274
184.0, 3.412862485004207
185.0, 3.407154836524719
186.0, 3.4014670097146333
187.0, 3.3957991041754463
188.0, 3.390151219824722
189.0, 3.3845234568928406
190.0, 3.378915915919663
191.0, 3.3733286977510937
192.0, 3.3677619035355657
193.0, 3.3622156347204197
194.0, 3.356689993048197
195.0, 3.351185080552834
196.0, 3.345700999555764
197.0, 3.340237852661917
198.0, 3.334795742755632
199.0, 3.3293747729964562
200.0, 3.323975046814861
201.0, 3.318596667907843
202.0, 3.313239740234436
203.0, 3.307904368011112
204.0, 3.302590655707087
205.0, 3.2972987080395177
206.0, 3.292028629968595
207.0, 3.2867805266925365
208.0, 3.281554503642468
209.0, 3.2763506664772
210.0, 3.2711691210778975
211.0, 3.266009973542645
212.0, 3.260873330180896
213.0, 3.2557592975078173
214.0, 3.250667982238524
215.0, 3.245599491282201
216.0, 3.2405539317361196
217.0, 3.2355314108795312
218.0, 3.2305320361674625
219.0, 3.2255559152243847
220.0, 3.220603155837782
221.0, 3.2156738659515947
222.0, 3.210768153659556
223.0, 3.2058861271984136
224.0, 3.2010278949410336
225.0, 3.19619356538939
226.0, 3.191383247167438
227.0, 3.186597049013878
228.0, 3.1818350797747925
229.0, 3.1770974483961765
230.0, 3.1723842639163466
231.0, 3.1723842639163466
232.0, 3.1723842639163466
233.0, 3.1723842639163466
234.0, 3.1723842639163466
235.0, 3.1723842639163466
236.0, 3.1723842639163466
237.0, 3.1723842639163466
238.0, 3.1723842639163466
239.0, 3.1723842639163466
240.0, 3.1723842639163466
241.0, 3.1723842639163466
242.0, 3.1723842639163466
243.0, 3.1723842639163466
244.0, 3.1723842639163466
245.0, 3.1723842639163466
246.0, 3.1723842639163466
247.0, 3.1723842639163466
248.0, 3.1723842639163466
249.0, 3.1723842639163466
250.0, 3.1723842639163466
251.0, 3.1723842639163466
252.0, 3.1723842639163466
253.0, 3.1723842639163466
254.0, 3.1723842639163466
255.0, 3.1723842639163466
256.0, 3.1723842639163466
257.0, 3.1723842639163466
258.0, 3.1723842639163466
259.0, 3.1723842639163466
260.0, 3.1723842639163466
261.0, 3.1770974483961765
262.0, 3.1818350797747925
263.0, 3.186597049013878
264.0, 3.191383247167438
265.0, 3.19619356538939
266.0, 3.2010278949410336
267.0, 3.2058861271984136
268.0, 3.210768153659556
269.0, 3.2156738659515947
270.0, 3.220603155837782
271.0, 3.2255559152243847
272.0, 3.2305320361674625
273.0, 3.2355314108795312
274.0, 3.2405539317361196
275.0, 3.245599491282201
276.0, 3.250667982238524
277.0, 3.2557592975078173
278.0, 3.260873330180896
279.0, 3.266009973542645
280.0, 3.2711691210778975
281.0, 3.2763506664772
282.0, 3.281554503642468
ee_dist
0.0, 1.1616209980601238
1.0, 1.2036529944216428
2.0, 1.3015931335300257
3.0, 1.3885701863247364
4.0, 1.4185491193117137
5.0, 1.4442028422966307
6.0, 1.4774611603157102
7.0, 1.5118489294050537
8.0, 1.54657508413413
9.0, 1.580813273048886
10.0, 1.614750521511457
11.0, 1.6466702143802372
12.0, 1.677504515472862
13.0, 1.7056780516971464
14.0, 1.7332020120594007
15.0, 1.7578144300431333
16.0, 1.782053651819111
17.0, 1.803264206119227
18.0, 1.8245419640328218
19.0, 1.8428912179179806
20.0, 1.8617334070839457
21.0, 1.8351502685751577
22.0, 1.797450255661993
23.0, 1.7567198304348615
24.0, 1.712473445875721
25.0, 1.6649446502934881
26.0, 1.6142160056242836
27.0, 1.5605676867774458
28.0, 1.504131457298516
29.0, 1.4452853446731053
30.0, 1.3842351787156202
31.0, 1.32148477475269
32.0, 1.2573547473791116
33.0, 1.1925150654690018
34.0, 1.127474650766533
35.0, 1.0631624193679712
36.0, 1.0004065401738471
37.0, 0.9405276004418465
38.0, 0.8848091121602938
39.0, 0.8349873004362063
40.0, 0.792852124480141
41.0, 0.8067589482404983
42.0, 0.7793534513826212
43.0, 0.9150584822708894
44.0, 0.871741620388867
45.0, 0.8268899884439704
46.0, 0.7801781821153952
47.0, 0.73145503442569
48.0, 0.6810029349603857
49.0, 0.6287805002775538
50.0, 0.575486384941893
51.0, 0.5217478909436178
52.0, 0.46811082483816274
53.0, 0.4148606585658264
54.0, 0.36280967659690005
55.0, 0.3130819989836723
56.0, 0.3304739954406901
57.0, 0.39583408295256906
58.0, 0.4720731107518151
59.0, 0.5590955913087706
60.0, 0.6518900727971545
61.0, 0.7450581568103252
62.0, 0.8336604216185619
63.0, 0.9079642867938914
64.0, 0.9678763292877445
65.0, 1.027253534669937
66.0, 1.0828312947451526
67.0, 1.136772096229767
68.0, 1.1890641602862841
69.0, 1.2419417554689063
70.0, 1.2947859108300448
71.0, 1.3542747906673411
72.0, 1.4186169388011047
73.0, 1.4909409887464633
74.0, 1.5743837825500664
75.0, 1.6663661964865961
76.0, 1.7648001954192307
77.0, 1.8640767607183086
78.0, 1.95824062643392
79.0, 2.0417590366812464
80.0, 2.1080589146935123
81.0, 2.1709226417466954
82.0, 2.231898292194542
83.0, 2.291285804807622
84.0, 2.349741104757575
85.0, 2.4077149554927173
86.0, 2.458661909544468
87.0, 2.495651927714552
88.0, 2.5375673331300326
89.0, 2.5890900114142723
90.0, 2.6564964918075806
91.0, 2.756618703021155
92.0, 2.861214405529954
93.0, 2.969827355302449
94.0, 3.0717581924044497
95.0, 3.1674700360825554
96.0, 3.241824863480158
97.0, 3.310734670642155
98.0, 3.377401659772075
99.0, 3.4426877716323445
100.0, 3.5048701524149157
101.0, 3.569043194076429
102.0, 3.6301439173082257
103.0, 3.6989887899004033
104.0, 3.77108115049033
105.0, 3.8672640038211834
106.0, 3.936433706369503
107.0, 4.036103968048722
108.0, 4.140418705865425
109.0, 4.248781285071219
110.0, 4.353962397885554
111.0, 4.451450131544275
112.0, 4.5301870662459285
113.0, 4.5789167647626705
114.0, 4.625528396006401
115.0, 4.675973300637631
116.0, 4.7162137968465
117.0, 4.759524898496584
118.0, 4.799745504845791
119.0, 4.83913224982824
120.0, 4.874489928585489
121.0, 4.908833805677046
122.0, 4.938751861381065
123.0, 4.967321316357653
124.0, 4.991174405970643
125.0, 5.013399775675711
126.0, 5.03069485983551
127.0, 5.046146525853368
128.0, 5.056529365700366
129.0, 5.064921191508328
130.0, 5.068173023932559
131.0, 5.069359544059459
132.0, 5.065404646729751
133.0, 5.059375424493521
134.0, 5.048275873486037
135.0, 5.035161082270585
136.0, 5.0171180860746505
137.0, 4.997188744646109
138.0, 4.972539969963417
139.0, 4.946208408979324
140.0, 4.915435244475984
141.0, 4.895026028479685
142.0, 4.858861794040688
143.0, 4.3158389956680026
144.0, 4.316720298068794
145.0, 4.317223401048021
146.0, 4.317271378311294
147.0, 4.316824782633072
148.0, 4.317297658022999
149.0, 4.316679605353087
150.0, 4.317306323150284
151.0, 4.316669921838383
152.0, 4.317306983954309
153.0, 4.316668770987965
154.0, 4.317307149673456
155.0, 4.31666860598799
156.0, 4.317307067159298
157.0, 4.31666860598799
158.0, 4.317307150364289
159.0, 4.31666860598799
160.0, 4.317307150364289
161.0, 4.31666860598799
162.0, 4.317307150364289
163.0, 4.31666860598799
164.0, 4.317307067159298
165.0, 4.31666860598799
166.0, 4.317307067159298
167.0, 4.31666860598799
168.0, 4.317307067159298
169.0, 4.31666860598799
170.0, 4.317307067159298
171.0, 4.31666860598799
172.0, 4.317307067159298
173.0, 4.31666860598799
174.0, 4.317307067159298
175.0, 4.31666860598799
176.0, 4.317307067159298
177.0, 4.31666860598799
178.0, 4.317307067159298
179.0, 4.31666860598799
180.0, 4.317307067159298
181.0, 4.31666860598799
182.0, 4.317307067159298
183.0, 4.31666860598799
184.0, 4.317307067159298
185.0, 4.31666860598799
186.0, 4.317307067159298
187.0, 4.31666860598799
188.0, 4.317307067159298
189.0, 4.31666860598799
190.0, 4.317307067159298
191.0, 4.31666860598799
192.0, 4.317307067159298
193.0, 4.31666860598799
194.0, 4.317307067159298
195.0, 4.31666860598799
196.0, 4.317307067159298
197.0, 4.31666860598799
198.0, 4.317307067159298
199.0, 4.31666860598799
200.0, 4.317307067159298
201.0, 4.31666860598799
202.0, 4.317307067159298
203.0, 4.31666860598799
204.0, 4.317307067159298
205.0, 4.31666860598799
206.0, 4.317307067159298
207.0, 4.31666860598799
208.0, 4.317307067159298
209.0, 4.31666860598799
210.0, 4.317307067159298
211.0, 4.31666860598799
212.0, 4.317307067159298
213.0, 4.31666860598799
214.0, 4.317307067159298
215.0, 4.31666860598799
216.0, 4.317307067159298
217.0, 4.31666860598799
218.0, 4.317307067159298
219.0, 4.31666860598799
220.0, 4.317307067159298
221.0, 4.31666860598799
222.0, 4.317307067159298
223.0, 4.31666860598799
224.0, 4.317307067159298
225.0, 4.31666860598799
226.0, 4.317307067159298
227.0, 4.31666860598799
228.0, 4.317307067159298
229.0, 4.31666860598799
230.0, 4.317307067159298
231.0, 4.31666860598799
232.0, 4.317307067159298
233.0, 4.31666860598799
234.0, 4.317307067159298
235.0, 4.31666860598799
236.0, 4.317307067159298
237.0, 4.31666860598799
238.0, 4.317307067159298
239.0, 4.31666860598799
240.0, 4.317307067159298
241.0, 4.31666860598799
242.0, 4.317307067159298
243.0, 4.320397832337911
244.0, 4.323739298338093
245.0, 4.328118193217102
246.0, 4.3342306795586065
247.0, 4.3414034391736145
248.0, 4.350381111198069
249.0, 4.360426192418816
250.0, 4.372289275551121
251.0, 4.385133751391622
252.0, 4.399710363651846
253.0, 4.415066499146584
254.0, 4.4319665753476585
255.0, 4.449369348042424
256.0, 4.468052114827245
257.0, 4.486934210227146
258.0, 4.506801034086159
259.0, 4.526578421108095
260.0, 4.547064677981775
261.0, 4.567165787048887
262.0, 4.587716901113587
263.0, 4.559694567427511
264.0, 4.524641863681898
265.0, 4.488667686763343
266.0, 4.451641487514903
267.0, 4.413877302201998
268.0, 4.375618332900738
269.0, 4.337192295241494
270.0, 4.298863724743967
271.0, 4.260982568331253
272.0, 4.223827716770893
273.0, 4.18776142975936
274.0, 4.153069646534158
275.0, 4.120094144063878
276.0, 4.0890648353081
277.0, 4.060263501252396
278.0, 4.033842373039099
279.0, 4.010187744230745
280.0, 3.989388245590523
281.0, 3.9721959117608177
282.0, 3.9588534360790804
ee_box_dist
0.0, 0.7416045045792635
1.0, 0.794942546953755
2.0, 0.8331491296753715
3.0, 0.8762137829773743
4.0, 0.952427100368859
5.0, 1.1104595489462288
6.0, 1.3753720866053312
7.0, 1.3893568580450673
8.0, 1.4454765638375873
9.0, 1.5069641977368708
10.0, 1.5303370895876909
11.0, 1.5576384995509862
12.0, 1.5862597812195935
13.0, 1.6112103437623164
14.0, 1.6318043995969214
15.0, 1.6502727080745332
16.0, 1.6681708192522504
17.0, 1.6837545985881113
18.0, 1.699240253465914
19.0, 1.7124959454002242
20.0, 1.7260655872063457
21.0, 1.7166290485337141
22.0, 1.7015558001179927
23.0, 1.6829828087350398
24.0, 1.6606206044636334
25.0, 1.6346008387001159
26.0, 1.6048673078712925
27.0, 1.5715840537379786
28.0, 1.53470617048215
29.0, 1.49445288444407
30.0, 1.4507950012485675
31.0, 1.4040126386766136
32.0, 1.3541187888532897
33.0, 1.3014924820993554
34.0, 1.246222396852858
35.0, 1.1887088787567133
36.0, 1.1290750139318138
37.0, 1.0676306680729752
38.0, 1.0046156985879364
39.0, 0.9407461431298929
40.0, 0.8764696739804667
41.0, 0.8893597002190121
42.0, 0.9019358431963843
43.0, 0.9143502954330274
44.0, 0.9264459452540874
45.0, 0.938344989431383
46.0, 0.9499309059940614
47.0, 0.9612846774750831
48.0, 0.9723380097113918
49.0, 0.9831312742675066
50.0, 0.9936310616978985
51.0, 1.003851769143961
52.0, 1.0137629358623745
53.0, 1.0233576482556566
54.0, 1.032586520877377
55.0, 1.0414279476371326
56.0, 1.0498336126205985
57.0, 1.0578206546779236
58.0, 1.0653504147785122
59.0, 1.0724841129076481
60.0, 1.0791473822233209
61.0, 1.0854410437440338
62.0, 1.0912585231812366
63.0, 1.0967076251635162
64.0, 1.101690131089797
65.0, 1.1063059068529337
66.0, 1.1104712504008774
67.0, 1.1142697521980442
68.0, 1.1176217091208107
69.0, 1.1205977714772406
70.0, 1.123123012846369
71.0, 1.1252659888290177
72.0, 1.1269564532733598
73.0, 1.1282611078103764
74.0, 1.1291128388876928
75.0, 1.1295764448815222
76.0, 1.1295860737238301
77.0, 1.1292062757861858
78.0, 1.1283713610653932
79.0, 1.1271458447532925
80.0, 1.125465159681473
81.0, 1.1233932594889295
82.0, 1.1208654453396374
83.0, 1.1179468992815274
84.0, 1.1145736410137563
85.0, 1.1108130355117898
86.0, 1.1388230479931543
87.0, 1.1859991150574716
88.0, 1.220233632789952
89.0, 1.247885995870774
90.0, 1.2667255500587367
91.0, 1.2657938780094562
92.0, 1.26651249053055
93.0, 1.2658302957013803
94.0, 1.266511319597536
95.0, 1.2658346282265514
96.0, 1.2665109263569059
97.0, 1.2658353059764385
98.0, 1.266511046489583
99.0, 1.2658353454427833
100.0, 1.2665109079875407
101.0, 1.2658353059764385
102.0, 1.2665109079875407
103.0, 1.2658353454427833
104.0, 1.26543649224891
105.0, 1.2472996643651153
106.0, 1.2673486714794973
107.0, 1.2657584791479202
108.0, 1.2665128506112568
109.0, 1.2658295153850418
110.0, 1.265983806871614
111.0, 1.2666441256785252
112.0, 1.266471029296583
113.0, 1.265999411571316
114.0, 1.2665010020878094
115.0, 1.2624176095144604
116.0, 1.2664156037526364
117.0, 1.2660222896855038
118.0, 1.2664994788698587
119.0, 1.2658487848059286
120.0, 1.2665084271307308
121.0, 1.2658356023145498
122.0, 1.266509177444688
123.0, 1.2658339705497335
124.0, 1.2665094739070895
125.0, 1.2658337732180969
126.0, 1.2665093932646312
127.0, 1.2658337732180969
128.0, 1.2665093932646312
129.0, 1.2658337732180969
130.0, 1.2665093932646312
131.0, 1.2658337732180969
132.0, 1.2665093932646312
133.0, 1.2658337732180969
134.0, 1.2665093932646312
135.0, 1.2658337732180969
136.0, 1.2665093932646312
137.0, 1.2658337732180969
138.0, 1.2665093932646312
139.0, 1.2658337732180969
140.0, 1.2665093932646312
141.0, 1.2512008133203891
142.0, 1.2514089487431757
143.0, 1.808246068472005
144.0, 1.8073293323691506
145.0, 1.8069883363325543
146.0, 1.8068816493463027
147.0, 1.8074386300619723
148.0, 1.8068369149624128
149.0, 1.8076099550896385
150.0, 1.8068250910874886
151.0, 1.8076209132340975
152.0, 1.8068242476741154
153.0, 1.8076221659885936
154.0, 1.806824015186271
155.0, 1.807622369666458
156.0, 1.8068241170071808
157.0, 1.807622369666458
158.0, 1.8068239863402469
159.0, 1.807622369666458
160.0, 1.8068239863402469
161.0, 1.807622369666458
162.0, 1.8068239863402469
163.0, 1.807622369666458
164.0, 1.8068241170071808
165.0, 1.807622369666458
166.0, 1.8068241170071808
167.0, 1.807622369666458
168.0, 1.8068241170071808
169.0, 1.807622369666458
170.0, 1.8068241170071808
171.0, 1.807622369666458
172.0, 1.8068241170071808
173.0, 1.807622369666458
174.0, 1.8068241170071808
175.0, 1.807622369666458
176.0, 1.8068241170071808
177.0, 1.807622369666458
178.0, 1.8068241170071808
179.0, 1.807622369666458
180.0, 1.8068241170071808
181.0, 1.807622369666458
182.0, 1.8068241170071808
183.0, 1.807622369666458
184.0, 1.8068241170071808
185.0, 1.807622369666458
186.0, 1.8068241170071808
187.0, 1.807622369666458
188.0, 1.8068241170071808
189.0, 1.807622369666458
190.0, 1.8068241170071808
191.0, 1.807622369666458
192.0, 1.8068241170071808
193.0, 1.807622369666458
194.0, 1.8068241170071808
195.0, 1.807622369666458
196.0, 1.8068241170071808
197.0, 1.807622369666458
198.0, 1.8068241170071808
199.0, 1.807622369666458
200.0, 1.8068241170071808
201.0, 1.807622369666458
202.0, 1.8068241170071808
203.0, 1.807622369666458
204.0, 1.8068241170071808
205.0, 1.807622369666458
206.0, 1.8068241170071808
207.0, 1.807622369666458
208.0, 1.8068241170071808
209.0, 1.807622369666458
210.0, 1.8068241170071808
211.0, 1.807622369666458
212.0, 1.8068241170071808
213.0, 1.807622369666458
214.0, 1.8068241170071808
215.0, 1.807622369666458
216.0, 1.8068241170071808
217.0, 1.807622369666458
218.0, 1.8068241170071808
219.0, 1.807622369666458
220.0, 1.8068241170071808
221.0, 1.807622369666458
222.0, 1.8068241170071808
223.0, 1.807622369666458
224.0, 1.8068241170071808
225.0, 1.807622369666458
226.0, 1.8068241170071808
227.0, 1.807622369666458
228.0, 1.8068241170071808
229.0, 1.807622369666458
230.0, 1.8068241170071808
231.0, 1.807622369666458
232.0, 1.8068241170071808
233.0, 1.807622369666458
234.0, 1.8068241170071808
235.0, 1.807622369666458
236.0, 1.8068241170071808
237.0, 1.807622369666458
238.0, 1.8068241170071808
239.0, 1.807622369666458
240.0, 1.8068241170071808
241.0, 1.807622369666458
242.0, 1.8068241170071808
243.0, 1.8079987490517966
244.0, 1.8166372561114663
245.0, 1.8238630130510247
246.0, 1.829420628388994
247.0, 1.8337160542707895
248.0, 1.8361220568847294
249.0, 1.83708875089283
250.0, 1.8360274655851458
251.0, 1.8335286634270453
252.0, 1.828962742411009
253.0, 1.8231419572475704
254.0, 1.8152999098701934
255.0, 1.806491049417364
256.0, 1.7957612184558926
257.0, 1.7843733596700173
258.0, 1.771194087747709
259.0, 1.7576357592181469
260.0, 1.7424119359171895
261.0, 1.7270989081907249
262.0, 1.7102645333672746
263.0, 1.750986531612522
264.0, 1.8010552800575286
265.0, 1.8492639192779348
266.0, 1.8959048134415142
267.0, 1.9407459738387793
268.0, 1.9835414620197362
269.0, 2.024126710229251
270.0, 2.062287739033419
271.0, 2.097894236063313
272.0, 2.130757644352408
273.0, 2.1607812430947617
274.0, 2.187796968885229
275.0, 2.2117365274966203
276.0, 2.2324387190579764
277.0, 2.2498590690208355
278.0, 2.263839073506215
279.0, 2.274396509397597
280.0, 2.2813795360983002
281.0, 2.2849222934749407
282.0, 2.2849301871035266
spot_hold
0, 0
1, 0
2, 0
3, 0
4, 0
5, 0
6, 0
7, 0
8, 0
9, 0
10, 0
11, 0
12, 0
13, 0
14, 0
15, 0
16, 0
17, 0
18, 0
19, 0
20, 0
21, 0
22, 0
23, 0
24, 0
25, 0
26, 0
27, 0
28, 0
29, 0
30, 0
31, 0
32, 0
33, 0
34, 0
35, 0
36, 0
37, 0
38, 0
39, 0
40, 0
41, 1
42, 1
43, 1
44, 1
45, 1
46, 1
47, 1
48, 1
49, 1
50, 1
51, 1
52, 1
53, 1
54, 1
55, 1
56, 1
57, 1
58, 1
59, 1
60, 1
61, 1
62, 1
63, 1
64, 1
65, 1
66, 1
67, 1
68, 1
69, 1
70, 1
71, 1
72, 1
73, 1
74, 1
75, 1
76, 1
77, 1
78, 1
79, 1
80, 1
81, 1
82, 1
83, 1
84, 1
85, 1
86, 1
87, 1
88, 1
89, 1
90, 1
91, 1
92, 1
93, 1
94, 1
95, 1
96, 1
97, 1
98, 1
99, 1
100, 1
101, 1
102, 1
103, 1
104, 1
105, 1
106, 1
107, 1
108, 1
109, 1
110, 1
111, 1
112, 1
113, 1
114, 1
115, 1
116, 1
117, 1
118, 1
119, 1
120, 1
121, 1
122, 1
123, 1
124, 1
125, 1
126, 1
127, 1
128, 1
129, 1
130, 1
131, 1
132, 1
133, 1
134, 1
135, 1
136, 1
137, 1
138, 1
139, 1
140, 1
141, 1
142, 1
143, 1
144, 1
145, 1
146, 1
147, 1
148, 1
149, 1
150, 1
151, 1
152, 1
153, 1
154, 1
155, 1
156, 1
157, 1
158, 1
159, 1
160, 1
161, 1
162, 1
163, 1
164, 1
165, 1
166, 1
167, 1
168, 1
169, 1
170, 1
171, 1
172, 1
173, 1
174, 1
175, 1
176, 1
177, 1
178, 1
179, 1
180, 1
181, 1
182, 1
183, 1
184, 1
185, 1
186, 1
187, 1
188, 1
189, 1
190, 1
191, 1
192, 1
193, 1
194, 1
195, 1
196, 1
197, 1
198, 1
199, 1
200, 1
201, 1
202, 1
203, 1
204, 1
205, 1
206, 1
207, 1
208, 1
209, 1
210, 1
211, 1
212, 1
213, 1
214, 1
215, 1
216, 1
217, 1
218, 1
219, 1
220, 1
221, 1
222, 1
223, 1
224, 1
225, 1
226, 1
227, 1
228, 1
229, 1
230, 1
231, 1
232, 1
233, 1
234, 1
235, 1
236, 1
237, 1
238, 1
239, 1
240, 1
241, 1
242, 1
243, 1
244, 1
245, 1
246, 1
247, 1
248, 1
249, 1
250, 1
251, 1
252, 1
253, 1
254, 1
255, 1
256, 1
257, 1
258, 1
259, 1
260, 1
261, 1
262, 1
263, 1
264, 1
265, 1
266, 1
267, 1
268, 1
269, 1
270, 1
271, 1
272, 1
273, 1
274, 1
275, 1
276, 1
277, 1
278, 1
279, 1
280, 1
281, 1
282, 1
