bot_dist
0.0, 3.093404120526522
1.0, 3.0976683293756886
2.0, 3.1019589155724248
3.0, 3.1062757698145087
4.0, 3.110618782739144
5.0, 3.114987844932589
6.0, 3.1193828469396583
7.0, 3.12380367927313
8.0, 3.1282502324230226
9.0, 3.132722396865772
10.0, 3.1372200630732836
11.0, 3.141743121521876
12.0, 3.14629146270111
13.0, 3.1508649771224935
14.0, 3.155463555328084
15.0, 3.1600870878989635
16.0, 3.1647354654636035
17.0, 3.169408578706111
18.0, 3.174106318374358
19.0, 3.1788284624118113
20.0, 3.183575013432758
21.0, 3.1883458624317815
22.0, 3.1931409004985776
23.0, 3.1979600188255017
24.0, 3.202803108715001
25.0, 3.2076700615869256
26.0, 3.2125607689857323
27.0, 3.2174751225875635
28.0, 3.222413014207218
29.0, 3.227374335805
30.0, 3.2323589794934624
31.0, 3.2373668375440245
32.0, 3.2423978023934863
33.0, 3.2474517666504226
34.0, 3.2525286231014667
35.0, 3.2576282647174812
36.0, 3.262750584659615
37.0, 3.2678954762852537
38.0, 3.2730628331538516
39.0, 3.278252549032661
40.0, 3.2834645179023476
41.0, 3.288698633962495
42.0, 3.2939547916370073
43.0, 3.2992328855793955
44.0, 3.304532810677966
45.0, 3.3098544620608967
46.0, 3.315197735101206
47.0, 3.320562525421624
48.0, 3.3259487288993546
49.0, 3.3313562416707345
50.0, 3.336784960135792
51.0, 3.3422347809627038
52.0, 3.347705601092147
53.0, 3.353197317741558
54.0, 3.3587098284092898
55.0, 3.364243030878667
56.0, 3.3697968232219457
57.0, 3.3753711038041865
58.0, 3.380965771287014
59.0, 3.3865807246322994
60.0, 3.3922158631057355
61.0, 3.397871086280332
62.0, 3.403546294039808
63.0, 3.4092413865818982
64.0, 3.414956264421574
65.0, 3.4206908283941666
66.0, 3.4264449796584087
67.0, 3.432218619699391
68.0, 3.438011650331424
69.0, 3.443823973700825
70.0, 3.4496554922886147
71.0, 3.455506108913137
72.0, 3.4613757267325855
73.0, 3.467264249247466
74.0, 3.473171580302964
75.0, 3.4790976240912395
76.0, 3.4850422851536473
77.0, 3.491005468382876
78.0, 3.4969870790250073
79.0, 3.5029870226815136
80.0, 3.5090052053111673
81.0, 3.5150415332318867
82.0, 3.5210959131225046
83.0, 3.527168252024472
84.0, 3.5332584573434853
85.0, 3.539366436851049
86.0, 3.545492098685971
87.0, 3.5516353513557855
88.0, 3.55779610373812
89.0, 3.5639742650819883
90.0, 3.5701697450090206
91.0, 3.5763824535146385
92.0, 3.5826123009691577
93.0, 3.5888591981188385
94.0, 3.595123056086869
95.0, 3.6014037863742967
96.0, 3.607701300860893
97.0, 3.614015511805971
98.0, 3.620346331849136
99.0, 3.626693674010992
100.0, 3.6330574516937837
101.0, 3.6330574516937837
102.0, 3.6330574516937837
103.0, 3.6330574516937837
104.0, 3.6330574516937837
105.0, 3.6330574516937837
106.0, 3.6330574516937837
107.0, 3.6330574516937837
108.0, 3.6330574516937837
109.0, 3.6330574516937837
110.0, 3.6330574516937837
111.0, 3.6330574516937837
112.0, 3.6330574516937837
113.0, 3.6330574516937837
114.0, 3.6330574516937837
115.0, 3.6330574516937837
116.0, 3.6330574516937837
117.0, 3.6330574516937837
118.0, 3.6330574516937837
119.0, 3.6330574516937837
120.0, 3.6330574516937837
121.0, 3.6330574516937837
122.0, 3.6330574516937837
123.0, 3.6330574516937837
124.0, 3.6330574516937837
125.0, 3.6330574516937837
126.0, 3.6330574516937837
127.0, 3.6330574516937837
128.0, 3.6330574516937837
129.0, 3.6330574516937837
130.0, 3.6330574516937837
131.0, 3.626693674010992
132.0, 3.620346331849136
133.0, 3.614015511805971
134.0, 3.607701300860893
135.0, 3.6014037863742967
136.0, 3.595123056086869
137.0, 3.5888591981188385
138.0, 3.5826123009691577
139.0, 3.5763824535146385
140.0, 3.5701697450090206
141.0, 3.5639742650819883
142.0, 3.55779610373812
143.0, 3.5562027744806564
144.0, 3.5500674255665103
145.0, 3.543949672121696
146.0, 3.53784960542602
147.0, 3.5317673171251176
148.0, 3.525702899229002
149.0, 3.5196564441105544
150.0, 3.51362804450395
151.0, 3.424419357734304
152.0, 3.3352460236464787
153.0, 3.246110907935515
154.0, 3.1570172994005117
155.0, 3.0679688141404147
156.0, 2.978969498684078
157.0, 2.890023895639942
158.0, 2.801137121666404
159.0, 2.712314960529677
160.0, 2.6235639747443806
161.0, 2.5348916402418165
162.0, 2.4463065097585455
163.0, 2.3578184122900776
164.0, 2.269438698160638
165.0, 2.1811805422320902
166.0, 2.0930593218164115
167.0, 2.087679178709125
168.0, 2.000822598664716
169.0, 1.9142992474242686
170.0, 1.8281562103655997
171.0, 1.7424498941877757
172.0, 1.6572480567070118
173.0, 1.572632694754511
174.0, 1.5680889119149872
175.0, 1.48667779889118
176.0, 1.4064412264055255
177.0, 1.4024532814413422
178.0, 1.3985254697489886
179.0, 1.3946582993931527
180.0, 1.3908522762012876
181.0, 1.3298995268275011
182.0, 1.326636332209664
183.0, 1.3234406537657586
184.0, 1.3203129817432295
185.0, 1.3172538005631214
186.0, 1.3142635884992047
187.0, 1.3113428173556134
188.0, 1.308491952143397
189.0, 1.3057114507564258
190.0, 1.3030017636470765
191.0, 1.3003633335021656
192.0, 1.297796594919584
193.0, 1.2953019740861202
194.0, 1.2928798884569532
195.0, 1.2090801432177833
196.0, 1.1254244295369196
197.0, 1.0419474399418425
198.0, 1.0395219135737157
199.0, 0.9576521151911311
200.0, 0.8761739789992772
201.0, 0.795207904912982
202.0, 0.714927888260105
203.0, 0.6355939439636775
204.0, 0.5576100255643205
205.0, 0.48163235193627946
206.0, 0.40878112366985897
207.0, 0.3410656747918255
208.0, 0.28220752078728234
209.0, 0.23884697584833664
210.0, 0.22033196266129385
211.0, 0.23267138303570986
212.0, 0.27169334554348695
213.0, 0.32800919555350033
214.0, 0.39427693711094675
215.0, 0.4662727615175583
216.0, 0.5417175140390248
217.0, 0.6193521080837807
218.0, 0.6984467012212285
219.0, 0.697857765170991
220.0, 0.7781448596923822
221.0, 0.8589688598661781
222.0, 0.9401913098257314
223.0, 0.9399601839565778
224.0, 0.9398354137458969
225.0, 0.939817041553055
226.0, 0.9399050736172939
227.0, 0.94009948004714
228.0, 0.9404001948711267
229.0, 0.940807116149629
230.0, 0.9413201061473658
231.0, 0.9413201061473658
232.0, 0.9413201061473658
233.0, 0.9413201061473658
234.0, 0.9413201061473658
235.0, 0.9413201061473658
236.0, 0.9413201061473658
237.0, 0.9413201061473658
238.0, 0.9413201061473658
239.0, 0.9413201061473658
240.0, 0.9413201061473658
241.0, 0.9413201061473658
242.0, 0.9413201061473658
243.0, 0.9413201061473658
244.0, 0.9413201061473658
245.0, 0.9413201061473658
246.0, 0.9413201061473658
247.0, 0.9413201061473658
248.0, 0.9413201061473658
249.0, 0.9413201061473658
250.0, 0.9413201061473658
251.0, 0.9413201061473658
252.0, 0.9413201061473658
253.0, 0.9413201061473658
254.0, 0.9413201061473658
255.0, 0.9413201061473658
256.0, 0.9413201061473658
257.0, 0.9413201061473658
258.0, 0.9413201061473658
259.0, 0.9413201061473658
260.0, 0.9413201061473658
261.0, 0.940807116149629
262.0, 0.9404001948711267
263.0, 0.94009948004714
264.0, 0.9399050736172939
265.0, 0.939817041553055
266.0, 0.9398354137458969
267.0, 0.9399601839565778
268.0, 0.9401913098257314
269.0, 0.9405287129457257
270.0, 0.9409722789935103
271.0, 0.941521857923923
272.0, 0.9421772642226991
273.0, 0.9429382772181863
274.0, 0.9438046414505553
275.0, 0.9447760670970659
276.0, 0.9458522304517584
277.0, 0.9470327744577327
278.0, 0.9483173092900041
279.0, 0.9497053786614994
280.0, 0.9511965585706564
281.0, 0.9527903648931749
282.0, 0.9544862835307844
ee_dist
0.0, 1.3588110472873136
1.0, 1.4162518858373905
2.0, 1.5230503778679734
3.0, 1.6144710329783916
4.0, 1.646063531076691
5.0, 1.671867506739248
6.0, 1.7042624060465517
7.0, 1.7368413600844859
8.0, 1.7708197534796208
9.0, 1.8042932778050422
10.0, 1.8412608553226864
11.0, 1.870716894434299
12.0, 1.901535862880371
13.0, 1.929649210179366
14.0, 1.956743479882833
15.0, 1.9813606200673903
16.0, 2.0056239100007955
17.0, 2.0268650245721576
18.0, 2.0481914260081324
19.0, 2.066442013616778
20.0, 2.08544508205002
21.0, 2.0572878935382235
22.0, 2.017552323171792
23.0, 1.9748309645596058
24.0, 1.9284780883311252
25.0, 1.8788609044068338
26.0, 1.8257658982341969
27.0, 1.769999106425962
28.0, 1.7117991048181225
29.0, 1.6513919377668436
30.0, 1.589084091030946
31.0, 1.525449686337975
32.0, 1.460820602602621
33.0, 1.3959770892545331
34.0, 1.3317261820812438
35.0, 1.2689103845653318
36.0, 1.2084292308499898
37.0, 1.1515818755573493
38.0, 1.0995260498947268
39.0, 1.0540073540643198
40.0, 1.016254137804319
41.0, 1.029478363435413
42.0, 0.9305969474284665
43.0, 0.7873651566396224
44.0, 0.7408838823384296
45.0, 0.6934762114200617
46.0, 0.6449292574837642
47.0, 0.5951490748641752
48.0, 0.5447435422595941
49.0, 0.493964577878734
50.0, 0.44396825276965896
51.0, 0.39615631653176114
52.0, 0.3522289402153111
53.0, 0.3139501434354971
54.0, 0.28436221310547494
55.0, 0.2668027923002747
56.0, 0.2647556833771209
57.0, 0.27826585894730826
58.0, 0.257906641892852
59.0, 0.2413850904799287
60.0, 0.2515669590926395
61.0, 0.2944042691144804
62.0, 0.3617667427511938
63.0, 0.4407019449932662
64.0, 0.5205163844329264
65.0, 0.5865587350071895
66.0, 0.6468956334695527
67.0, 0.7070112938359691
68.0, 0.7611399584860726
69.0, 0.8136229100507519
70.0, 0.8649364828029389
71.0, 0.914448283432066
72.0, 0.965177981885442
73.0, 1.0227877396644898
74.0, 1.0847625407914592
75.0, 1.1580781507454103
76.0, 1.240862246454435
77.0, 1.3333874135327435
78.0, 1.430952626382793
79.0, 1.5286396807822462
80.0, 1.6218454491754057
81.0, 1.700945034195988
82.0, 1.7659701074767093
83.0, 1.8304206798536695
84.0, 1.891582940625729
85.0, 1.9514754333615671
86.0, 2.0002613343993785
87.0, 2.0288279915656964
88.0, 2.0585504469894396
89.0, 2.0976242755440047
90.0, 2.146822477744071
91.0, 2.2288763164827112
92.0, 2.322581663588313
93.0, 2.420462872417384
94.0, 2.526523986407571
95.0, 2.633747496643249
96.0, 2.733986666569723
97.0, 2.8249449074913295
98.0, 2.8967643485965624
99.0, 2.966301370227501
100.0, 3.0316996323053047
101.0, 3.096743789479079
102.0, 3.158919055044395
103.0, 3.222073428171557
104.0, 3.2841266150846073
105.0, 3.3540991447980115
106.0, 3.426826836676841
107.0, 3.508093307493855
108.0, 3.597845289195556
109.0, 3.6979767115108158
110.0, 3.8029836321984463
111.0, 3.911915616515686
112.0, 4.013940896534986
113.0, 4.109742472531935
114.0, 4.183959462516846
115.0, 4.253832290884178
116.0, 4.318993922262948
117.0, 4.383932816741844
118.0, 4.446549392101727
119.0, 4.510794938761739
120.0, 4.571835294606277
121.0, 4.640902947605094
122.0, 4.713643902909751
123.0, 4.758361097483235
124.0, 4.801247146122394
125.0, 4.845506669479605
126.0, 4.887387243855919
127.0, 4.930063369576849
128.0, 4.969808247985799
129.0, 5.00983677326849
130.0, 5.046462215322354
131.0, 5.082908212779239
132.0, 5.115528681945524
133.0, 5.147569440328041
134.0, 5.175432905109859
135.0, 5.2023782079197565
136.0, 5.224855364370143
137.0, 5.246139937047033
138.0, 5.262738108495881
139.0, 5.277932459719508
140.0, 5.288287746559988
141.0, 5.297094342113469
142.0, 5.300979077955908
143.0, 4.656438664841453
144.0, 4.647417961654602
145.0, 4.6391553649890795
146.0, 4.6352576403257855
147.0, 4.63213434242089
148.0, 4.633496117067978
149.0, 4.635617047515949
150.0, 4.64219372219672
151.0, 4.559774996211873
152.0, 4.479260796386576
153.0, 4.39698183316251
154.0, 4.316613066551152
155.0, 4.234490284061082
156.0, 4.154283505063781
157.0, 4.0723359981317895
158.0, 3.9923118150085046
159.0, 3.910561388379084
160.0, 3.830742494032883
161.0, 3.749215141725513
162.0, 3.6696294832735448
163.0, 3.5883555057295986
164.0, 3.5090350707108136
165.0, 3.4280506251204286
166.0, 3.349034195457671
167.0, 3.3586230627581672
168.0, 3.28228652076605
169.0, 3.204508269152968
170.0, 3.1288017479479944
171.0, 3.051713772950932
172.0, 2.9767345997546877
173.0, 2.9004472764806777
174.0, 2.9158697441002888
175.0, 2.8437445096772773
176.0, 2.7739114179093103
177.0, 2.79071119264906
178.0, 2.8110875064113685
179.0, 2.8319497346910505
180.0, 2.8557976445325735
181.0, 2.806082844492483
182.0, 2.7830274864949205
183.0, 2.760366033632793
184.0, 2.7409213259991865
185.0, 2.7220185386533977
186.0, 2.7068894658229112
187.0, 2.6769026379452123
188.0, 2.6816570572332075
189.0, 2.672966270993669
190.0, 2.648089111213013
191.0, 2.6651665049291835
192.0, 2.664099496523361
193.0, 2.6656196167057926
194.0, 2.671718028658146
195.0, 2.5906106203222996
196.0, 2.511212614593988
197.0, 2.43037761066961
198.0, 2.4398044018776255
199.0, 2.361890243940343
200.0, 2.286114377225844
201.0, 2.2091286608438576
202.0, 2.1343734943134294
203.0, 2.0585392324658476
204.0, 1.9868359465199286
205.0, 1.988002942681591
206.0, 1.9517890963758924
207.0, 1.859939021005697
208.0, 1.7207601043995144
209.0, 1.6265715626845167
210.0, 1.525092285292964
211.0, 1.4802354180937005
212.0, 1.4278498119881027
213.0, 1.3631422044671726
214.0, 1.3028327982634855
215.0, 1.2441961872301641
216.0, 1.1901043786220888
217.0, 1.1382754419975976
218.0, 1.0904922624319267
219.0, 1.1144660399821593
220.0, 1.074804966342782
221.0, 1.0480772873951598
222.0, 1.0232803463745572
223.0, 0.9958516393651766
224.0, 0.970149041676821
225.0, 0.9450574194165746
226.0, 0.9224097217839707
227.0, 0.900662499103881
228.0, 0.8824133725386192
229.0, 0.865275661916507
230.0, 0.8524132907701607
231.0, 0.8409304797941245
232.0, 0.8343582772378096
233.0, 0.8293333719063998
234.0, 0.8295372703616654
235.0, 0.8313223246080147
236.0, 0.8383124668548642
237.0, 0.8467564573754081
238.0, 0.8600315656807965
239.0, 0.8591948663091705
240.0, 0.8600318480763884
241.0, 0.8591952435718904
242.0, 0.8600315656807965
243.0, 0.8669647784024499
244.0, 0.8792951636843341
245.0, 0.8927094169250708
246.0, 0.9084058311217436
247.0, 0.9251028147281897
248.0, 0.9438491878136095
249.0, 0.9633128139303576
250.0, 0.9845893298977951
251.0, 1.0063122201129806
252.0, 1.0295614869522949
253.0, 1.0529724256042723
254.0, 1.0775631542830197
255.0, 1.1132356854801475
256.0, 1.1436913685676968
257.0, 1.1732758781978108
258.0, 1.2020026530545203
259.0, 1.2297262202710988
260.0, 1.2567651829683497
261.0, 1.2827269370211911
262.0, 1.3079627921693322
263.0, 1.2790308426261652
264.0, 1.2443288145153162
265.0, 1.2077026018646362
266.0, 1.1680965187871666
267.0, 1.1260680016904825
268.0, 1.0823762957785859
269.0, 1.0363304196038425
270.0, 0.9911123790947608
271.0, 0.9439759250042637
272.0, 0.8957474940879805
273.0, 0.8467491980072859
274.0, 0.7971716421220518
275.0, 0.7439594556364273
276.0, 0.6884509209876762
277.0, 0.6292758862585799
278.0, 0.5799632257904919
279.0, 0.5336294327852714
280.0, 0.49054031407888343
281.0, 0.43477366117532473
282.0, 0.38933916819939446
ee_box_dist
0.0, 0.8188452124093423
1.0, 0.862522170212989
2.0, 0.8916361288661048
3.0, 0.9261473366452823
4.0, 0.9599155151418595
5.0, 0.9953375327191787
6.0, 1.0318666434441321
7.0, 1.0657802889230743
8.0, 1.0985945853110635
9.0, 1.1301802132002954
10.0, 1.164285906691781
11.0, 1.1911117950201457
12.0, 1.2189543893888464
13.0, 1.2442555553237198
14.0, 1.2684743094299074
15.0, 1.2904550059324857
16.0, 1.312080968457296
17.0, 1.3310037154753491
18.0, 1.3500372144367536
19.0, 1.366267105157647
20.0, 1.3833049633769021
21.0, 1.3603530613083137
22.0, 1.3281365249195198
23.0, 1.2930990802510887
24.0, 1.254703762998675
25.0, 1.213195420972859
26.0, 1.1683490911479284
27.0, 1.1206077991610057
28.0, 1.0702017025365782
29.0, 1.0171342139151744
30.0, 0.9615115109813152
31.0, 0.9036218320960268
32.0, 0.8435154928746844
33.0, 0.7815709717223028
34.0, 0.7183416253657594
35.0, 0.6541560294109129
36.0, 0.5895431675891102
37.0, 0.525130303276187
38.0, 0.4618836131251189
39.0, 0.40195182843206084
40.0, 0.347604212941822
41.0, 0.3611463276366514
42.0, 0.3748334109736747
43.0, 0.38855703903378563
44.0, 0.40228615521298816
45.0, 0.4160492487765803
46.0, 0.429772437980711
47.0, 0.4434815190497481
48.0, 0.45711295822159054
49.0, 0.4706458217581119
50.0, 0.48408270735143794
51.0, 0.4973959677406942
52.0, 0.5105630689187001
53.0, 0.5235356189368315
54.0, 0.5362909748868351
55.0, 0.5487897180629852
56.0, 0.561036215004681
57.0, 0.5729321355042581
58.0, 0.5845065426340326
59.0, 0.595781987746644
60.0, 0.6067134901191269
61.0, 0.6173606633028982
62.0, 0.6276513744732449
63.0, 0.6376560725860944
64.0, 0.6472831889241158
65.0, 0.6566204247836082
66.0, 0.6656081825651436
67.0, 0.674285512550989
68.0, 0.6826029374958132
69.0, 0.6905894892302228
70.0, 0.6982101819589984
71.0, 0.705478143022511
72.0, 0.7123584745027378
73.0, 0.7188590107909009
74.0, 0.7249900038391894
75.0, 0.7307290044180185
76.0, 0.7360572294648111
77.0, 0.7409908270118799
78.0, 0.7454993232848026
79.0, 0.7495964770616684
80.0, 0.7532515198799015
81.0, 0.7564774357370425
82.0, 0.759243280010047
83.0, 0.761561004120017
84.0, 0.7633994209212955
85.0, 0.7647714646173277
86.0, 0.7850819785165467
87.0, 0.8298667395833079
88.0, 0.8687758422115635
89.0, 0.9022301758714512
90.0, 0.9278429146483547
91.0, 0.9270106507574833
92.0, 0.9250057402600154
93.0, 0.9272834614180966
94.0, 0.9271365261370459
95.0, 0.9263195081229353
96.0, 0.9272876771541566
97.0, 0.9265409733857481
98.0, 0.9272925274140335
99.0, 0.9263961544041925
100.0, 0.9272985800160397
101.0, 0.9264174728956386
102.0, 0.9272977248246389
103.0, 0.9264087893435963
104.0, 0.9272908533791372
105.0, 0.9264120798279949
106.0, 0.9272977241905523
107.0, 0.9264103515282051
108.0, 0.9272935559980312
109.0, 0.9263930905078124
110.0, 0.9272966326450957
111.0, 0.9264112486597285
112.0, 0.927297921720799
113.0, 0.9264108649021524
114.0, 0.9272978359819427
115.0, 0.924992023381308
116.0, 0.9274265464458117
117.0, 0.9268425039578314
118.0, 0.9271859787765195
119.0, 0.9263367456949007
120.0, 0.9273084353365396
121.0, 0.9265503177341597
122.0, 0.927298001861815
123.0, 0.9264017366407852
124.0, 0.9273041189322793
125.0, 0.9264232122513588
126.0, 0.927303660605924
127.0, 0.9264141169634094
128.0, 0.927303806478676
129.0, 0.9264179930187424
130.0, 0.9273037707855585
131.0, 0.9264164800756125
132.0, 0.9273037707855585
133.0, 0.9264169983811105
134.0, 0.9273037707855585
135.0, 0.926416849393536
136.0, 0.9273038258753765
137.0, 0.9264170051885106
138.0, 0.9273028951983654
139.0, 0.9264320553601254
140.0, 0.9273222681215999
141.0, 0.9264161969478949
142.0, 0.9273028917742677
143.0, 1.6371970631459232
144.0, 1.6298079609098073
145.0, 1.622364132267614
146.0, 1.611517435127564
147.0, 1.6006195971097927
148.0, 1.5864820541701992
149.0, 1.5722945747710488
150.0, 1.5550891426326687
151.0, 1.6206635907654174
152.0, 1.6864055286673438
153.0, 1.7550784079863826
154.0, 1.8235073653934444
155.0, 1.8946252340712593
156.0, 1.9651850088318157
157.0, 2.03825067450427
158.0, 2.1105162228702965
159.0, 2.1851502322429512
160.0, 2.2587969154543672
161.0, 2.334707691391789
162.0, 2.4095021288139598
163.0, 2.4864594757451677
164.0, 2.5621439621193
165.0, 2.6399706726257075
166.0, 2.7164549268273315
167.0, 2.705981568190697
168.0, 2.7807135830100282
169.0, 2.8575684239908257
170.0, 2.9331200050851294
171.0, 3.0107492577947395
172.0, 3.087001188288584
173.0, 3.1652934598782942
174.0, 3.152775786488484
175.0, 3.2291082661875463
176.0, 3.3041237800298977
177.0, 3.2918591393790817
178.0, 3.2760359492401707
179.0, 3.2599548677178065
180.0, 3.240623206294015
181.0, 3.3048315332112073
182.0, 3.322328447823105
183.0, 3.3395760548014377
184.0, 3.353370786807636
185.0, 3.3668886030021956
186.0, 3.3766939530808218
187.0, 3.4010986998624446
188.0, 3.3923354387915534
189.0, 3.3968963974737822
190.0, 3.416692495394785
191.0, 3.398018308367038
192.0, 3.3965504178560493
193.0, 3.3931050701538714
194.0, 3.3857580879665177
195.0, 3.4655667786159308
196.0, 3.544101478692568
197.0, 3.6244303363400108
198.0, 3.6156018344407355
199.0, 3.69420040600401
200.0, 3.7713393344855026
201.0, 3.85041396911971
202.0, 3.9279734631736103
203.0, 4.0074677630855255
204.0, 4.082248807707799
205.0, 4.100536875384512
206.0, 4.160022551784384
207.0, 4.266119654080415
208.0, 4.390370927229324
209.0, 4.48673703964532
210.0, 4.582475051928486
211.0, 4.647514199752358
212.0, 4.720819210470222
213.0, 4.802081157164856
214.0, 4.881894034624366
215.0, 4.963016583012141
216.0, 5.04148745912445
217.0, 5.123044288842336
218.0, 5.203770957268401
219.0, 5.19749438693395
220.0, 5.284405515185953
221.0, 5.35475030995749
222.0, 5.43385008741003
223.0, 5.441311981331152
224.0, 5.444733086740149
225.0, 5.447644884803823
226.0, 5.446725038759325
227.0, 5.445234568004823
228.0, 5.439620238289466
229.0, 5.433604572030673
230.0, 5.423605189074151
231.0, 5.413221725188473
232.0, 5.399039520688053
233.0, 5.384514853535094
234.0, 5.366493805044802
235.0, 5.3481704114171205
236.0, 5.32673202493676
237.0, 5.305043001142089
238.0, 5.280707015263529
239.0, 5.281257125636895
240.0, 5.280706732555745
241.0, 5.281257230622177
242.0, 5.280707492451649
243.0, 5.278660786207006
244.0, 5.277023283328031
245.0, 5.274880501120921
246.0, 5.271660195781069
247.0, 5.267914347775081
248.0, 5.263019290775049
249.0, 5.257553115075642
250.0, 5.250900365360656
251.0, 5.243703019099566
252.0, 5.235344224727425
253.0, 5.226556394758162
254.0, 5.216697440796012
255.0, 5.200524212367971
256.0, 5.186995237236145
257.0, 5.173487841753735
258.0, 5.159804847697342
259.0, 5.146151312401516
260.0, 5.132263563877736
261.0, 5.118618915659523
262.0, 5.104755547969183
263.0, 5.130541832211324
264.0, 5.161866240594456
265.0, 5.193733739918529
266.0, 5.2271244716649825
267.0, 5.260887973265651
268.0, 5.29463095959377
269.0, 5.32863375011692
270.0, 5.359681675218498
271.0, 5.390676393160239
272.0, 5.4206221507925365
273.0, 5.4493124583326775
274.0, 5.476528551567437
275.0, 5.508315756269458
276.0, 5.540768964185625
277.0, 5.57650319218933
278.0, 5.596405942249289
279.0, 5.6127830879720895
280.0, 5.626641612237593
281.0, 5.657306897602519
282.0, 5.677420283654272
spot_hold
0, 0
1, 0
2, 0
3, 0
4, 0
5, 0
6, 0
7, 0
8, 0
9, 0
10, 0
11, 0
12, 0
13, 0
14, 0
15, 0
16, 0
17, 0
18, 0
19, 0
20, 0
21, 0
22, 0
23, 0
24, 0
25, 0
26, 0
27, 0
28, 0
29, 0
30, 0
31, 0
32, 0
33, 0
34, 0
35, 0
36, 0
37, 0
38, 0
39, 0
40, 0
41, 1
42, 1
43, 1
44, 1
45, 1
46, 1
47, 1
48, 1
49, 1
50, 1
51, 1
52, 1
53, 1
54, 1
55, 1
56, 1
57, 1
58, 1
59, 1
60, 1
61, 1
62, 1
63, 1
64, 1
65, 1
66, 1
67, 1
68, 1
69, 1
70, 1
71, 1
72, 1
73, 1
74, 1
75, 1
76, 1
77, 1
78, 1
79, 1
80, 1
81, 1
82, 1
83, 1
84, 1
85, 1
86, 1
87, 1
88, 1
89, 1
90, 1
91, 1
92, 1
93, 1
94, 1
95, 1
96, 1
97, 1
98, 1
99, 1
100, 1
101, 1
102, 1
103, 1
104, 1
105, 1
106, 1
107, 1
108, 1
109, 1
110, 1
111, 1
112, 1
113, 1
114, 1
115, 1
116, 1
117, 1
118, 1
119, 1
120, 1
121, 1
122, 1
123, 1
124, 1
125, 1
126, 1
127, 1
128, 1
129, 1
130, 1
131, 1
132, 1
133, 1
134, 1
135, 1
136, 1
137, 1
138, 1
139, 1
140, 1
141, 1
142, 1
143, 1
144, 1
145, 1
146, 1
147, 1
148, 1
149, 1
150, 1
151, 1
152, 1
153, 1
154, 1
155, 1
156, 1
157, 1
158, 1
159, 1
160, 1
161, 1
162, 1
163, 1
164, 1
165, 1
166, 1
167, 1
168, 1
169, 1
170, 1
171, 1
172, 1
173, 1
174, 1
175, 1
176, 1
177, 1
178, 1
179, 1
180, 1
181, 1
182, 1
183, 1
184, 1
185, 1
186, 1
187, 1
188, 1
189, 1
190, 1
191, 1
192, 1
193, 1
194, 1
195, 1
196, 1
197, 1
198, 1
199, 1
200, 1
201, 1
202, 1
203, 1
204, 1
205, 1
206, 1
207, 1
208, 1
209, 1
210, 1
211, 1
212, 1
213, 1
214, 1
215, 1
216, 1
217, 1
218, 1
219, 1
220, 1
221, 1
222, 1
223, 1
224, 1
225, 1
226, 1
227, 1
228, 1
229, 1
230, 1
231, 1
232, 1
233, 1
234, 1
235, 1
236, 1
237, 1
238, 1
239, 1
240, 1
241, 1
242, 1
243, 1
244, 1
245, 1
246, 1
247, 1
248, 1
249, 1
250, 1
251, 1
252, 1
253, 1
254, 1
255, 1
256, 1
257, 1
258, 1
259, 1
260, 1
261, 1
262, 1
263, 1
264, 1
265, 1
266, 1
267, 1
268, 1
269, 1
270, 1
271, 1
272, 1
273, 1
274, 1
275, 1
276, 1
277, 1
278, 1
279, 1
280, 1
281, 1
282, 1
