bot_dist
0.0, 3.210760802879038
1.0, 3.2156664796752477
2.0, 3.220595734228077
3.0, 3.2255484584435714
4.0, 3.2305245443775608
5.0, 3.235523884242322
6.0, 3.240546370413133
7.0, 3.2455918954347096
8.0, 3.2506603520275292
9.0, 3.2557516330940444
10.0, 3.2608656317247835
11.0, 3.2660022412043332
12.0, 3.271161355017224
13.0, 3.2763428668536876
14.0, 3.28154667061532
15.0, 3.2867726604206253
16.0, 3.2920207306104534
17.0, 3.2972907757533347
18.0, 3.302582690650697
19.0, 3.307896370341989
20.0, 3.3132317101096835
21.0, 3.3185886054841904
22.0, 3.3239669522486524
23.0, 3.3293666464436478
24.0, 3.334787584371781
25.0, 3.3402296626021792
26.0, 3.3456927779748815
27.0, 3.351176827605137
28.0, 3.356681708887589
29.0, 3.362207319500378
30.0, 3.3677535574091304
31.0, 3.3733203208708664
32.0, 3.378907508437797
33.0, 3.3845150189610402
34.0, 3.390142751594232
35.0, 3.3957906057970515
36.0, 3.401458481338649
37.0, 3.4071462783009885
38.0, 3.412853897082097
39.0, 3.418581238399224
40.0, 3.4243282032919122
41.0, 3.430094693124986
42.0, 3.435880609591447
43.0, 3.4416858547152915
44.0, 3.447510330854237
45.0, 3.4533539407023697
46.0, 3.4592165872927088
47.0, 3.465098173999688
48.0, 3.4709986045415606
49.0, 3.4769177829827203
50.0, 3.4828556137359503
51.0, 3.488812001564587
52.0, 3.4947868515846157
53.0, 3.500780069266684
54.0, 3.5067915604380473
55.0, 3.512821231284438
56.0, 3.5188689883518602
57.0, 3.5249347385483194
58.0, 3.531018389145474
59.0, 3.5371198477802275
60.0, 3.5432390224562433
61.0, 3.549375821545396
62.0, 3.55553015378916
63.0, 3.561701928299926
64.0, 3.5678910545622586
65.0, 3.5740974424340886
66.0, 3.580321002147842
67.0, 3.5865616443115114
68.0, 3.5928192799096634
69.0, 3.599093820304385
70.0, 3.605385177236182
71.0, 3.6116932628248017
72.0, 3.618017989570018
73.0, 3.6243592703523504
74.0, 3.6307170184337285
75.0, 3.6370911474581047
76.0, 3.6434815714520163
77.0, 3.6498882048250905
78.0, 3.6563109623705046
79.0, 3.6627497592653873
80.0, 3.669204511071183
81.0, 3.675675133733952
82.0, 3.6821615435846415
83.0, 3.688663657339292
84.0, 3.6951813920992116
85.0, 3.7017146653510964
86.0, 3.7082633949671133
87.0, 3.714827499204936
88.0, 3.721406896707736
89.0, 3.7280015065041403
90.0, 3.734611248008138
91.0, 3.7412360410189573
92.0, 3.7478758057208923
93.0, 3.7545304626831015
94.0, 3.7611999328593626
95.0, 3.7678841375877905
96.0, 3.7745829985905246
97.0, 3.781296437973373
98.0, 3.788024378225426
99.0, 3.79476674221864
100.0, 3.8015234532073765
101.0, 3.8015234532073765
102.0, 3.8015234532073765
103.0, 3.8015234532073765
104.0, 3.8015234532073765
105.0, 3.8015234532073765
106.0, 3.8015234532073765
107.0, 3.8015234532073765
108.0, 3.8015234532073765
109.0, 3.8015234532073765
110.0, 3.8015234532073765
111.0, 3.8015234532073765
112.0, 3.8015234532073765
113.0, 3.8015234532073765
114.0, 3.8015234532073765
115.0, 3.8015234532073765
116.0, 3.8015234532073765
117.0, 3.8015234532073765
118.0, 3.8015234532073765
119.0, 3.8015234532073765
120.0, 3.8015234532073765
121.0, 3.8015234532073765
122.0, 3.8015234532073765
123.0, 3.8015234532073765
124.0, 3.8015234532073765
125.0, 3.8015234532073765
126.0, 3.8015234532073765
127.0, 3.8015234532073765
128.0, 3.8015234532073765
129.0, 3.8015234532073765
130.0, 3.8015234532073765
131.0, 3.79476674221864
132.0, 3.788024378225426
133.0, 3.781296437973373
134.0, 3.7745829985905246
135.0, 3.7678841375877905
136.0, 3.7611999328593626
137.0, 3.7545304626831015
138.0, 3.7478758057208923
139.0, 3.7412360410189573
140.0, 3.734611248008138
141.0, 3.7280015065041403
142.0, 3.721406896707736
143.0, 3.7191945167029083
144.0, 3.7126381335482734
145.0, 3.7060971341694704
146.0, 3.699571600164004
147.0, 3.6930616135124885
148.0, 3.6865672565785927
149.0, 3.680088612108938
150.0, 3.6736257632329536
151.0, 3.5839952184204575
152.0, 3.494376825866948
153.0, 3.4047714995863227
154.0, 3.3151803482408764
155.0, 3.2256045529571016
156.0, 3.136045429594499
157.0, 3.0465044484837667
158.0, 2.9569832577324644
159.0, 2.8674837108720763
160.0, 2.778007899817991
161.0, 2.6885581943698957
162.0, 2.5991372898144
163.0, 2.5097482646317038
164.0, 2.4203946508922534
165.0, 2.3310805207117355
166.0, 2.241810593191012
167.0, 2.235642026147249
168.0, 2.1467907171406244
169.0, 2.058079035551456
170.0, 1.9695256366443066
171.0, 1.8811528735510583
172.0, 1.7929874560038446
173.0, 1.7050615486111833
174.0, 1.6993638905106736
175.0, 1.613187929737025
176.0, 1.5275702813614975
177.0, 1.5222163947844822
178.0, 1.5169095359384552
179.0, 1.5116502001157222
180.0, 1.5064388850588386
181.0, 1.434956994264699
182.0, 1.430142051207218
183.0, 1.4253810008175813
184.0, 1.420674384921049
185.0, 1.4160227463103838
186.0, 1.411426628551599
187.0, 1.4068865757832776
188.0, 1.3215805687414572
189.0, 1.3172742932009687
190.0, 1.2314595655140355
191.0, 1.1461680285451465
192.0, 1.0615256753706186
193.0, 0.9777011255654542
194.0, 0.8949242113395934
195.0, 0.8135147932278544
196.0, 0.7339280722306873
197.0, 0.6568269431630194
198.0, 0.5831980563843027
199.0, 0.5145341915994591
200.0, 0.4530982424688031
201.0, 0.4022160140778291
202.0, 0.3663120913673521
203.0, 0.35002642219140956
204.0, 0.356061182707752
205.0, 0.3833637399119747
206.0, 0.4278820748480567
207.0, 0.48489741649362134
208.0, 0.5505406985110435
209.0, 0.622086600531466
210.0, 0.6977216766401145
211.0, 0.776251435572329
212.0, 0.8568805639473668
213.0, 0.865344065970439
214.0, 0.9443108171070331
215.0, 1.0248486588251045
216.0, 1.0330010798728673
217.0, 1.0411857126180393
218.0, 1.049401803371754
219.0, 1.0576486190121819
220.0, 1.0659254464057943
221.0, 1.0742315918417864
222.0, 1.0825663804797447
223.0, 1.0909291558105976
224.0, 1.099319279130845
225.0, 1.1077361290300274
226.0, 1.1161791008913526
227.0, 1.1246476064053832
228.0, 1.1331410730966456
229.0, 1.1416589438630118
230.0, 1.1502006765276782
231.0, 1.1502006765276782
232.0, 1.1502006765276782
233.0, 1.1502006765276782
234.0, 1.1502006765276782
235.0, 1.1502006765276782
236.0, 1.1502006765276782
237.0, 1.1502006765276782
238.0, 1.1502006765276782
239.0, 1.1502006765276782
240.0, 1.1502006765276782
241.0, 1.1502006765276782
242.0, 1.1502006765276782
243.0, 1.1502006765276782
244.0, 1.1502006765276782
245.0, 1.1502006765276782
246.0, 1.1502006765276782
247.0, 1.1502006765276782
248.0, 1.1502006765276782
249.0, 1.1502006765276782
250.0, 1.1502006765276782
251.0, 1.1502006765276782
252.0, 1.1502006765276782
253.0, 1.1502006765276782
254.0, 1.1502006765276782
255.0, 1.1502006765276782
256.0, 1.1502006765276782
257.0, 1.1502006765276782
258.0, 1.1502006765276782
259.0, 1.1502006765276782
260.0, 1.1502006765276782
261.0, 1.1416589438630118
262.0, 1.1331410730966456
263.0, 1.1246476064053832
264.0, 1.1161791008913526
265.0, 1.1077361290300274
266.0, 1.099319279130845
267.0, 1.0909291558105976
268.0, 1.0825663804797447
269.0, 1.0742315918417864
270.0, 1.0659254464057943
271.0, 1.0576486190121819
272.0, 1.049401803371754
273.0, 1.0411857126180393
274.0, 1.0330010798728673
275.0, 1.0248486588251045
276.0, 1.0167292243224109
277.0, 1.008643572975815
278.0, 1.0005925237768445
279.0, 0.9925769187268775
280.0, 0.984597623478292
281.0, 0.9766555279869095
282.0, 0.9687515471751297
ee_dist
0.0, 1.0354102348595273
1.0, 1.0632359252219306
2.0, 1.1528041254842754
3.0, 1.2356361859082348
4.0, 1.2641432414166522
5.0, 1.2896403923104147
6.0, 1.3234927413091544
7.0, 1.3583820880856867
8.0, 1.3968832286170467
9.0, 1.432578075407435
10.0, 1.4680159987454795
11.0, 1.501457652051794
12.0, 1.5334864691026768
13.0, 1.562751606201515
14.0, 1.590614337142391
15.0, 1.6158293030170359
16.0, 1.6403876440736571
17.0, 1.661822257566331
18.0, 1.6831201670325966
19.0, 1.7014282639414244
20.0, 1.7200940313836164
21.0, 1.6944035058136298
22.0, 1.6580928283040268
23.0, 1.6187529044312632
24.0, 1.5758997297501367
25.0, 1.5297443442124197
26.0, 1.4803376103980204
27.0, 1.4279304424662769
28.0, 1.3726113696483622
29.0, 1.3147189389780922
30.0, 1.2543996013627854
31.0, 1.1921036081236005
32.0, 1.1280731498347856
33.0, 1.0629083364641043
34.0, 0.9970206243269463
35.0, 0.9312652477619164
36.0, 0.8642810664526704
37.0, 0.8015880443852313
38.0, 0.7424210058464135
39.0, 0.6887868002786403
40.0, 0.642546974967683
41.0, 0.6570658112859075
42.0, 0.7361562111324311
43.0, 1.0481924826955733
44.0, 1.0059620161242617
45.0, 0.9622616541038241
46.0, 0.9161997430982229
47.0, 0.8682250402841627
48.0, 0.8180020163511716
49.0, 0.7659519235261076
50.0, 0.7123289299323093
51.0, 0.6579016281039249
52.0, 0.6028591760568243
53.0, 0.5473664316853086
54.0, 0.4916943596228612
55.0, 0.4362098340967727
56.0, 0.38231887742727955
57.0, 0.33089942065907607
58.0, 0.3707316694058939
59.0, 0.43882882700242987
60.0, 0.5174969793744362
61.0, 0.6060946774939615
62.0, 0.6989418075232677
63.0, 0.7906647096633707
64.0, 0.8767651945719334
65.0, 0.9439082291806579
66.0, 1.0016480209081713
67.0, 1.0602318556571384
68.0, 1.1138001010260679
69.0, 1.1665853788481109
70.0, 1.219325067778498
71.0, 1.2703085757943033
72.0, 1.3254189957673694
73.0, 1.3861782463510819
74.0, 1.4515513725993365
75.0, 1.5280483199450403
76.0, 1.613803078706206
77.0, 1.7089770733314233
78.0, 1.808531535974091
79.0, 1.9073765957372986
80.0, 2.0010743390089787
81.0, 2.0798208388426245
82.0, 2.1438211374751925
83.0, 2.2068652326747746
84.0, 2.2672273227733784
85.0, 2.3267251959586956
86.0, 2.37637884940363
87.0, 2.401981249725279
88.0, 2.432542603598558
89.0, 2.4723631833756605
90.0, 2.521578547125629
91.0, 2.6064070867486366
92.0, 2.6984694869104167
93.0, 2.8006068927870156
94.0, 2.907398019770332
95.0, 3.0154086529745086
96.0, 3.1157931047398453
97.0, 3.2067905690380254
98.0, 3.2786150338091797
99.0, 3.347229673255662
100.0, 3.411847175576172
101.0, 3.4766145028308397
102.0, 3.539195126170267
103.0, 3.602415986740881
104.0, 3.664858960166408
105.0, 3.7352208898797334
106.0, 3.809165483774768
107.0, 3.8910102235206043
108.0, 3.981118408917974
109.0, 4.081928779398419
110.0, 4.188053058704803
111.0, 4.2973266570229445
112.0, 4.399280366123928
113.0, 4.494987544821877
114.0, 4.569521613661787
115.0, 4.639162379005049
116.0, 4.703130396168864
117.0, 4.76871123058572
118.0, 4.810133704262314
119.0, 4.853737031367388
120.0, 4.89492028940301
121.0, 4.936140874938851
122.0, 4.974546697472334
123.0, 5.013144896939013
124.0, 5.0485905814020375
125.0, 5.083274633103992
126.0, 5.114073156556954
127.0, 5.144164044212203
128.0, 5.170999413925061
129.0, 5.1959512016355305
130.0, 5.215824988218182
131.0, 5.235424963993348
132.0, 5.250353154179566
133.0, 5.263439613173779
134.0, 5.271775697499171
135.0, 5.278447469886986
136.0, 5.2811510968764726
137.0, 5.281404194904362
138.0, 5.276229954520419
139.0, 5.270342027497645
140.0, 5.2597420130166865
141.0, 5.247148417629955
142.0, 5.229861510887815
143.0, 4.605712174872039
144.0, 4.594225726733401
145.0, 4.584324315271245
146.0, 4.5793044845405
147.0, 4.574078893707745
148.0, 4.573167157420037
149.0, 4.573546057696884
150.0, 4.578404994817988
151.0, 4.495256009898372
152.0, 4.412993069410531
153.0, 4.329864564722112
154.0, 4.249240800941767
155.0, 4.16580474157068
156.0, 4.084148950533467
157.0, 4.001214443315553
158.0, 3.9201878557292957
159.0, 3.8373853657767345
160.0, 3.755476972453023
161.0, 3.6727360329452305
162.0, 3.592521366623679
163.0, 3.5095220935509785
164.0, 3.428342334865153
165.0, 3.3459095108768437
166.0, 3.265399941383999
167.0, 3.2727025390891464
168.0, 3.193220441632607
169.0, 3.113086250940351
170.0, 3.0355703876503903
171.0, 2.9554928861407026
172.0, 2.8774017989205896
173.0, 2.7982620429331373
174.0, 2.811224679036158
175.0, 2.7355019817829787
176.0, 2.660944381853167
177.0, 2.6753064437258347
178.0, 2.694060407452345
179.0, 2.712442940182166
180.0, 2.7342323088287603
181.0, 2.6784745728818034
182.0, 2.657366552950487
183.0, 2.636944651073799
184.0, 2.6195420823386417
185.0, 2.6032438568998963
186.0, 2.591025658959588
187.0, 2.5795284102874017
188.0, 2.5003786653774176
189.0, 2.4911400198260467
190.0, 2.411604979481836
191.0, 2.329450867968056
192.0, 2.249087527552117
193.0, 2.1676757486727363
194.0, 2.088370442105912
195.0, 2.0073919367470356
196.0, 1.927662934231556
197.0, 1.8459829336921052
198.0, 1.7960216275816114
199.0, 1.7031260758196332
200.0, 1.6755902346012035
201.0, 2.276411911442877
202.0, 1.67105865281542
203.0, 1.4437064647916829
204.0, 1.3479122143483562
205.0, 1.256979639755619
206.0, 1.1527899914361721
207.0, 1.0824252892921864
208.0, 1.0115184292220583
209.0, 0.9422641685689352
210.0, 0.8779616580235811
211.0, 0.8140288831929574
212.0, 0.757143275442698
213.0, 0.7264306375962865
214.0, 0.6759646345751595
215.0, 0.6057629000144021
216.0, 0.5995239091405266
217.0, 0.5797237834575927
218.0, 0.5635512698097375
219.0, 0.5499220035997827
220.0, 0.5415433709185217
221.0, 0.5350353925710449
222.0, 0.5333377211795871
223.0, 0.5346424291802463
224.0, 0.5419152370639221
225.0, 0.5507118206362398
226.0, 0.5643295095511305
227.0, 0.5799997085195187
228.0, 0.5997609439004854
229.0, 0.620739410564978
230.0, 0.6207266229455887
231.0, 0.6202764348510418
232.0, 0.6213030496066465
233.0, 0.6205916420904728
234.0, 0.6209785710445956
235.0, 0.6205582132693513
236.0, 0.6210615049454257
237.0, 0.6191458267180029
238.0, 0.6211990186400824
239.0, 0.6202908476407473
240.0, 0.6213073467516873
241.0, 0.6206262172049642
242.0, 0.6209177244777442
243.0, 0.6262467727566359
244.0, 0.6366616103062677
245.0, 0.6482635251139478
246.0, 0.6618626116576951
247.0, 0.6764943975258628
248.0, 0.6928693144888989
249.0, 0.7099596118277545
250.0, 0.7285499382945038
251.0, 0.7475834360248315
252.0, 0.7678501313413918
253.0, 0.7883094609642649
254.0, 0.8097030096810364
255.0, 0.8310492114238257
256.0, 0.8530115938860646
257.0, 0.8747057329774173
258.0, 0.8967130473931841
259.0, 0.9182622946126423
260.0, 0.9491387433299916
261.0, 0.9780501132001926
262.0, 1.0063921848268154
263.0, 0.9828322093992206
264.0, 0.9582250353882122
265.0, 0.932593320437606
266.0, 0.9060104434550852
267.0, 0.8786909121943972
268.0, 0.8507171989678833
269.0, 0.8223553577807005
270.0, 0.7937177861547255
271.0, 0.7638016523139883
272.0, 0.7344482899009825
273.0, 0.705330716207359
274.0, 0.6796728747795048
275.0, 0.6421856780608244
276.0, 0.6080530359036987
277.0, 0.582342788819954
278.0, 0.5603447348984555
279.0, 0.5417817783210511
280.0, 0.5259579709502221
281.0, 0.5146164118139407
282.0, 0.507884426084852
ee_box_dist
0.0, 0.7883564381544125
1.0, 0.8311101408129228
2.0, 0.8576664843967522
3.0, 0.8969200317154226
4.0, 0.932565015788813
5.0, 0.9696854393021647
6.0, 1.0070940836774538
7.0, 1.0417007762446167
8.0, 1.0780312478721927
9.0, 1.1109897543943064
10.0, 1.1429673345956068
11.0, 1.1728833141535444
12.0, 1.2013109878041965
13.0, 1.227215010505796
14.0, 1.2517911247542834
15.0, 1.2739413376706206
16.0, 1.2955802429446388
17.0, 1.3144157002283956
18.0, 1.3332282147197576
19.0, 1.3493038130441537
20.0, 1.365850890857421
21.0, 1.3423279517207685
22.0, 1.309483748929413
23.0, 1.2737344728793285
24.0, 1.2346363261189282
25.0, 1.1924702619919458
26.0, 1.146838536006635
27.0, 1.0967012963472569
28.0, 1.0394608888241452
29.0, 0.9788322025182105
30.0, 0.9237595272404282
31.0, 0.8813279427091536
32.0, 0.8366373964610743
33.0, 0.777203672422854
34.0, 0.7131822699165216
35.0, 0.6471271486513334
36.0, 0.5866136360898373
37.0, 0.524412480577821
38.0, 0.4593351762848465
39.0, 0.39906822992301433
40.0, 0.34440695911564345
41.0, 0.3578027927535449
42.0, 0.3710917109785819
43.0, 0.38468746032681667
44.0, 0.3981270497348487
45.0, 0.4117912234841386
46.0, 0.42523475282227435
47.0, 0.4388777008112684
48.0, 0.452338507252059
49.0, 0.4658212516869402
50.0, 0.4792510244181616
51.0, 0.4924683109636121
52.0, 0.505611276562245
53.0, 0.518614981284657
54.0, 0.5314459919156231
55.0, 0.5440435971249761
56.0, 0.5563713612444523
57.0, 0.568384954079158
58.0, 0.5800888817732384
59.0, 0.5914761859794044
60.0, 0.6024966873611829
61.0, 0.6132561549989826
62.0, 0.6236468546741324
63.0, 0.6337512898390404
64.0, 0.6434684710158817
65.0, 0.6529831818285352
66.0, 0.6620821066319553
67.0, 0.6708712019177872
68.0, 0.6793203215922535
69.0, 0.6874347492156091
70.0, 0.6951825593959577
71.0, 0.7025857005391366
72.0, 0.709607471397717
73.0, 0.7162690411956615
74.0, 0.7225365848761293
75.0, 0.7284285028255261
76.0, 0.7339125398931947
77.0, 0.7390045355901569
78.0, 0.7436737249374874
79.0, 0.7479327957856544
80.0, 0.7517518770365151
81.0, 0.7551427234560836
82.0, 0.7580747513513392
83.0, 0.7605583460367593
84.0, 0.7625634550384262
85.0, 0.7641013956424099
86.0, 0.7833150419996937
87.0, 0.8318808727833598
88.0, 0.8708332173448166
89.0, 0.9041832174391249
90.0, 0.930928301157274
91.0, 0.9286490814180995
92.0, 0.9299484799152669
93.0, 0.9291839723923637
94.0, 0.9295354590278248
95.0, 0.9287856717397865
96.0, 0.930006060068369
97.0, 0.9291908276481641
98.0, 0.9295205318031309
99.0, 0.9287720535551122
100.0, 0.9300081726205205
101.0, 0.9291806638678641
102.0, 0.9295389373095764
103.0, 0.9287924749447314
104.0, 0.9300048824519134
105.0, 0.9291959237871419
106.0, 0.9295114598995821
107.0, 0.9287620659951643
108.0, 0.9300096975263302
109.0, 0.9291734015350122
110.0, 0.9295520872058778
111.0, 0.928806942413921
112.0, 0.9300025641249066
113.0, 0.9292066406239603
114.0, 0.929491806379528
115.0, 0.9270484882831469
116.0, 0.9301016824815713
117.0, 0.9285520715840783
118.0, 0.930272363483809
119.0, 0.9291131210954007
120.0, 0.9296414089731333
121.0, 0.9290203493230291
122.0, 0.9300130892050394
123.0, 0.9290467425682829
124.0, 0.9296418861685898
125.0, 0.9289161564084685
126.0, 0.9299789432639362
127.0, 0.9292884189168764
128.0, 0.9293032574209291
129.0, 0.9285361724460396
130.0, 0.9302159158559491
131.0, 0.9290672342598228
132.0, 0.9296469273456464
133.0, 0.928935787496533
134.0, 0.9299315533003781
135.0, 0.9292270412314697
136.0, 0.9292833788606923
137.0, 0.9285730632859678
138.0, 0.9302466360966883
139.0, 0.9290983427848445
140.0, 0.9296165166703758
141.0, 0.9288410517917601
142.0, 0.9301094121885224
143.0, 1.6427586684085356
144.0, 1.637212644799617
145.0, 1.630762205973575
146.0, 1.6204038176424758
147.0, 1.6107668211059878
148.0, 1.5979827521355638
149.0, 1.584730989671655
150.0, 1.5683848342818902
151.0, 1.6355708600748768
152.0, 1.7034987618329844
153.0, 1.7735295581494315
154.0, 1.842685131769509
155.0, 1.9152243357060545
156.0, 1.9871916183593799
157.0, 2.0611631620241533
158.0, 2.134228053542549
159.0, 2.2095788359434736
160.0, 2.284744494460475
161.0, 2.361294710993638
162.0, 2.4361079519758913
163.0, 2.5139455515399054
164.0, 2.590572236217395
165.0, 2.668828268431525
166.0, 2.745700696703397
167.0, 2.735703151550199
168.0, 2.811766382927914
169.0, 2.889062383439085
170.0, 2.9644544707301965
171.0, 3.0428177939802956
172.0, 3.1198141439170355
173.0, 3.1984048099134674
174.0, 3.1863236647563027
175.0, 3.2629573210544196
176.0, 3.339237045560573
177.0, 3.327373063853747
178.0, 3.3113883317867683
179.0, 3.296062537706159
180.0, 3.2773868941996707
181.0, 3.3421837411596935
182.0, 3.3592414521835297
183.0, 3.375825674070529
184.0, 3.389460944145219
185.0, 3.402316135563622
186.0, 3.4113990506367124
187.0, 3.420209260244388
188.0, 3.5006826033815814
189.0, 3.5072722023579406
190.0, 3.587528490881724
191.0, 3.670543359888723
192.0, 3.7520121693853525
193.0, 3.834787375925843
194.0, 3.915698033541602
195.0, 3.998567199217412
196.0, 4.080564854964216
197.0, 4.164574641019415
198.0, 4.224240006771002
199.0, 4.325156195317699
200.0, 4.443864156426118
201.0, 3.7160313410880557
202.0, 4.447612152443229
203.0, 4.605491174336544
204.0, 4.7114376652734125
205.0, 4.806450217847862
206.0, 4.9065720801741435
207.0, 4.986968492663973
208.0, 5.070042392856575
209.0, 5.153450449257703
210.0, 5.234105178018099
211.0, 5.318130218463874
212.0, 5.398268680921809
213.0, 5.412229728732357
214.0, 5.484217090492702
215.0, 5.587777929428259
216.0, 5.567225729086141
217.0, 5.566087505785324
218.0, 5.561607974603509
219.0, 5.555551127656661
220.0, 5.54555436978132
221.0, 5.535172240271229
222.0, 5.521832623038926
223.0, 5.507299173199682
224.0, 5.48919366683598
225.0, 5.470998369800707
226.0, 5.450032573207763
227.0, 5.428347662086719
228.0, 5.404231321237517
229.0, 5.3797088126951165
230.0, 5.379684678547428
231.0, 5.38001914703995
232.0, 5.379297414428714
233.0, 5.379809906343856
234.0, 5.3795177355074175
235.0, 5.379830960555968
236.0, 5.37945830818158
237.0, 5.380795834029526
238.0, 5.379380764942922
239.0, 5.380013092360332
240.0, 5.379295103445383
241.0, 5.3797506703630775
242.0, 5.379579985237341
243.0, 5.380500574820436
244.0, 5.380932042451063
245.0, 5.380849407384862
246.0, 5.379797253654156
247.0, 5.378091806604955
248.0, 5.375326473062665
249.0, 5.371841529284858
250.0, 5.367239641903559
251.0, 5.361933700167597
252.0, 5.355533895989596
253.0, 5.348546438286238
254.0, 5.340541105661803
255.0, 5.332124433190834
256.0, 5.322815070769421
257.0, 5.31329226265542
258.0, 5.3030251821955385
259.0, 5.292732021781039
260.0, 5.277334589217166
261.0, 5.263354076896241
262.0, 5.249083037704215
263.0, 5.273073054696235
264.0, 5.297826208730362
265.0, 5.323060601400731
266.0, 5.348574432595203
267.0, 5.374162848874066
268.0, 5.399630751058265
269.0, 5.424771741177985
270.0, 5.449394556086043
271.0, 5.474589760601429
272.0, 5.498266954571634
273.0, 5.521234644280324
274.0, 5.540668334625953
275.0, 5.571923517711195
276.0, 5.600368430970388
277.0, 5.6190985101575475
278.0, 5.634746452884083
279.0, 5.648196669735854
280.0, 5.6602836056852075
281.0, 5.669757072828966
282.0, 5.676751732784446
spot_hold
0, 0
1, 0
2, 0
3, 0
4, 0
5, 0
6, 0
7, 0
8, 0
9, 0
10, 0
11, 0
12, 0
13, 0
14, 0
15, 0
16, 0
17, 0
18, 0
19, 0
20, 0
21, 0
22, 0
23, 0
24, 0
25, 0
26, 0
27, 0
28, 0
29, 0
30, 0
31, 0
32, 0
33, 0
34, 0
35, 0
36, 0
37, 0
38, 0
39, 0
40, 0
41, 1
42, 1
43, 1
44, 1
45, 1
46, 1
47, 1
48, 1
49, 1
50, 1
51, 1
52, 1
53, 1
54, 1
55, 1
56, 1
57, 1
58, 1
59, 1
60, 1
61, 1
62, 1
63, 1
64, 1
65, 1
66, 1
67, 1
68, 1
69, 1
70, 1
71, 1
72, 1
73, 1
74, 1
75, 1
76, 1
77, 1
78, 1
79, 1
80, 1
81, 1
82, 1
83, 1
84, 1
85, 1
86, 1
87, 1
88, 1
89, 1
90, 1
91, 1
92, 1
93, 1
94, 1
95, 1
96, 1
97, 1
98, 1
99, 1
100, 1
101, 1
102, 1
103, 1
104, 1
105, 1
106, 1
107, 1
108, 1
109, 1
110, 1
111, 1
112, 1
113, 1
114, 1
115, 1
116, 1
117, 1
118, 1
119, 1
120, 1
121, 1
122, 1
123, 1
124, 1
125, 1
126, 1
127, 1
128, 1
129, 1
130, 1
131, 1
132, 1
133, 1
134, 1
135, 1
136, 1
137, 1
138, 1
139, 1
140, 1
141, 1
142, 1
143, 1
144, 1
145, 1
146, 1
147, 1
148, 1
149, 1
150, 1
151, 1
152, 1
153, 1
154, 1
155, 1
156, 1
157, 1
158, 1
159, 1
160, 1
161, 1
162, 1
163, 1
164, 1
165, 1
166, 1
167, 1
168, 1
169, 1
170, 1
171, 1
172, 1
173, 1
174, 1
175, 1
176, 1
177, 1
178, 1
179, 1
180, 1
181, 1
182, 1
183, 1
184, 1
185, 1
186, 1
187, 1
188, 1
189, 1
190, 1
191, 1
192, 1
193, 1
194, 1
195, 1
196, 1
197, 1
198, 1
199, 1
200, 1
201, 1
202, 1
203, 1
204, 1
205, 1
206, 1
207, 1
208, 1
209, 1
210, 1
211, 1
212, 1
213, 1
214, 1
215, 1
216, 1
217, 1
218, 1
219, 1
220, 1
221, 1
222, 1
223, 1
224, 1
225, 1
226, 1
227, 1
228, 1
229, 1
230, 1
231, 1
232, 1
233, 1
234, 1
235, 1
236, 1
237, 1
238, 1
239, 1
240, 1
241, 1
242, 1
243, 1
244, 1
245, 1
246, 1
247, 1
248, 1
249, 1
250, 1
251, 1
252, 1
253, 1
254, 1
255, 1
256, 1
257, 1
258, 1
259, 1
260, 1
261, 1
262, 1
263, 1
264, 1
265, 1
266, 1
267, 1
268, 1
269, 1
270, 1
271, 1
272, 1
273, 1
274, 1
275, 1
276, 1
277, 1
278, 1
279, 1
280, 1
281, 1
282, 1
