bot_dist
0.0, 3.034653626376633
1.0, 3.038523501904054
2.0, 3.0424213252475534
3.0, 3.0463469891288257
4.0, 3.0503003860575473
5.0, 3.0542814083425194
6.0, 3.0582899481027104
7.0, 3.062325897278207
8.0, 3.0663891476410567
9.0, 3.0704795908060194
10.0, 3.0745971182412064
11.0, 3.0787416212786254
12.0, 3.0829129911246156
13.0, 3.0871111188701787
14.0, 3.0913358955012042
15.0, 3.0955872119085828
16.0, 3.099864958898218
17.0, 3.104169027200924
18.0, 3.108499307482211
19.0, 3.112855690351967
20.0, 3.1172380663740187
21.0, 3.121646326075589
22.0, 3.1260803599566325
23.0, 3.1305400584990664
24.0, 3.135025312175878
25.0, 3.139536011460127
26.0, 3.144072046833826
27.0, 3.148633308796708
28.0, 3.1532196878748784
29.0, 3.1578310746293505
30.0, 3.1624673596644683
31.0, 3.167128433636206
32.0, 3.171814187260357
33.0, 3.1765243987282767
34.0, 3.181259070328057
35.0, 3.186018093010703
36.0, 3.1908013578186143
37.0, 3.1956087558931863
38.0, 3.2004401784822996
39.0, 3.20529551694769
40.0, 3.2101746627722045
41.0, 3.2150775075669396
42.0, 3.220003943078266
43.0, 3.2249538611947375
44.0, 3.229927153953885
45.0, 3.2349237135488953
46.0, 3.2399434323351746
47.0, 3.244986202836804
48.0, 3.2500519177528755
49.0, 3.255140469963714
50.0, 3.2602517525369987
51.0, 3.265385658733756
52.0, 3.2705420820142534
53.0, 3.2757209160437797
54.0, 3.280922054698313
55.0, 3.2861453920700825
56.0, 3.291390822473016
57.0, 3.2966582404480893
58.0, 3.301947540768557
59.0, 3.307258618445082
60.0, 3.3125913687307644
61.0, 3.317945687126053
62.0, 3.323321469383562
63.0, 3.3287186115127843
64.0, 3.3341370097846914
65.0, 3.3395765607362473
66.0, 3.345037161174807
67.0, 3.350518708182422
68.0, 3.3560210991200483
69.0, 3.361544231631646
70.0, 3.3670880036481945
71.0, 3.3726523133915993
72.0, 3.378237059378509
73.0, 3.3838421404240386
74.0, 3.3894674556453923
75.0, 3.395112904465402
76.0, 3.400778386615962
77.0, 3.4064638021413893
78.0, 3.4121690514016745
79.0, 3.4178940350756584
80.0, 3.4236386541641135
81.0, 3.429402809992738
82.0, 3.435186404215067
83.0, 3.440989338815296
84.0, 3.4468115161110195
85.0, 3.4526528387558875
86.0, 3.4585132097421813
87.0, 3.464392532403304
88.0, 3.4702907104161915
89.0, 3.47620764780365
90.0, 3.4821432489366058
91.0, 3.488097418536287
92.0, 3.4940700616763216
93.0, 3.500061083784762
94.0, 3.506070390646041
95.0, 3.512097888402846
96.0, 3.5181434835579286
97.0, 3.524207082975833
98.0, 3.5302885938845665
99.0, 3.536387923877193
100.0, 3.5425049809133573
101.0, 3.5425049809133573
102.0, 3.5425049809133573
103.0, 3.5425049809133573
104.0, 3.5425049809133573
105.0, 3.5425049809133573
106.0, 3.5425049809133573
107.0, 3.5425049809133573
108.0, 3.5425049809133573
109.0, 3.5425049809133573
110.0, 3.5425049809133573
111.0, 3.5425049809133573
112.0, 3.5425049809133573
113.0, 3.5425049809133573
114.0, 3.5425049809133573
115.0, 3.5425049809133573
116.0, 3.5425049809133573
117.0, 3.5425049809133573
118.0, 3.5425049809133573
119.0, 3.5425049809133573
120.0, 3.5425049809133573
121.0, 3.5425049809133573
122.0, 3.5425049809133573
123.0, 3.5425049809133573
124.0, 3.5425049809133573
125.0, 3.5425049809133573
126.0, 3.5425049809133573
127.0, 3.5425049809133573
128.0, 3.5425049809133573
129.0, 3.5425049809133573
130.0, 3.5425049809133573
131.0, 3.536387923877193
132.0, 3.5302885938845665
133.0, 3.524207082975833
134.0, 3.5181434835579286
135.0, 3.512097888402846
136.0, 3.506070390646041
137.0, 3.500061083784762
138.0, 3.4940700616763216
139.0, 3.488097418536287
140.0, 3.4821432489366058
141.0, 3.47620764780365
142.0, 3.4702907104161915
143.0, 3.4690748223114993
144.0, 3.4632034485696837
145.0, 3.457351027765748
146.0, 3.451517656309949
147.0, 3.4457034309505383
148.0, 3.4399084487712495
149.0, 3.4341328071887185
150.0, 3.4283766039498116
151.0, 3.422639937128875
152.0, 3.334572038914867
153.0, 3.246635217990591
154.0, 3.1588404212909222
155.0, 3.071199828758569
156.0, 2.9837270286761424
157.0, 2.8964372231483124
158.0, 2.8093474698097243
159.0, 2.7224769672329905
160.0, 2.635847393268933
161.0, 2.5494833077688046
162.0, 2.4634126339453464
163.0, 2.3776672361943296
164.0, 2.2922836167374796
165.0, 2.2073037592399443
166.0, 2.1227761549553845
167.0, 2.0387570564047564
168.0, 1.9553120156470831
169.0, 1.8725177794958792
170.0, 1.7904646332790672
171.0, 1.709259198301581
172.0, 1.629028599354542
173.0, 1.5499239760384926
174.0, 1.4721268521871385
175.0, 1.395855862834465
176.0, 1.3213753040433966
177.0, 1.249005517165437
178.0, 1.1791352454614628
179.0, 1.1122355829418231
180.0, 1.0488751005372952
181.0, 0.989733742369641
182.0, 0.9356119413173494
183.0, 0.9368648735994298
184.0, 0.8952715750649932
185.0, 0.86131558097075
186.0, 0.8359281082098842
187.0, 0.8199054880512018
188.0, 0.813801051698971
189.0, 0.8178369209842336
190.0, 0.8318655192231135
191.0, 0.8553953413413339
192.0, 0.8876711514256406
193.0, 0.9277806267253786
194.0, 0.9747572234917259
195.0, 1.0276596388592913
196.0, 1.0856219218034737
197.0, 1.1478778314911717
198.0, 1.2137668681119247
199.0, 1.2827295291434064
200.0, 1.2926306490655601
201.0, 1.3684610391258831
202.0, 1.3783715199817406
203.0, 1.3882832880012037
204.0, 1.3981963158102912
205.0, 1.4081105768024358
206.0, 1.4180260451118953
207.0, 1.4279426955882566
208.0, 1.4378605037719785
209.0, 1.44777944587093
210.0, 1.4576994987378722
211.0, 1.4676206398488438
212.0, 1.4775428472824041
213.0, 1.4874660996996996
214.0, 1.4973903763253111
215.0, 1.5073156569288517
216.0, 1.5172419218072746
217.0, 1.5271691517678674
218.0, 1.537097328111893
219.0, 1.5470264326188585
220.0, 1.5569564475313757
221.0, 1.566887355540592
222.0, 1.5768191397721667
223.0, 1.5867517837727678
224.0, 1.5966852714970667
225.0, 1.606619587295214
226.0, 1.6165547159007647
227.0, 1.6264906424190517
228.0, 1.6364273523159698
229.0, 1.6463648314071668
230.0, 1.6563030658476183
231.0, 1.6563030658476183
232.0, 1.6563030658476183
233.0, 1.6563030658476183
234.0, 1.6563030658476183
235.0, 1.6563030658476183
236.0, 1.6563030658476183
237.0, 1.6563030658476183
238.0, 1.6563030658476183
239.0, 1.6563030658476183
240.0, 1.6563030658476183
241.0, 1.6563030658476183
242.0, 1.6563030658476183
243.0, 1.6563030658476183
244.0, 1.6563030658476183
245.0, 1.6563030658476183
246.0, 1.6563030658476183
247.0, 1.6563030658476183
248.0, 1.6563030658476183
249.0, 1.6563030658476183
250.0, 1.6563030658476183
251.0, 1.6563030658476183
252.0, 1.6563030658476183
253.0, 1.6563030658476183
254.0, 1.6563030658476183
255.0, 1.6563030658476183
256.0, 1.6563030658476183
257.0, 1.6563030658476183
258.0, 1.6563030658476183
259.0, 1.6563030658476183
260.0, 1.6563030658476183
261.0, 1.6463648314071668
262.0, 1.6364273523159698
263.0, 1.6264906424190517
264.0, 1.6165547159007647
265.0, 1.606619587295214
266.0, 1.5966852714970667
267.0, 1.5867517837727678
268.0, 1.5768191397721667
269.0, 1.566887355540592
270.0, 1.5569564475313757
271.0, 1.5470264326188585
272.0, 1.537097328111893
273.0, 1.5271691517678674
274.0, 1.5172419218072746
275.0, 1.5073156569288517
276.0, 1.4973903763253111
277.0, 1.4874660996996996
278.0, 1.4775428472824041
279.0, 1.4676206398488438
280.0, 1.4576994987378722
281.0, 1.44777944587093
282.0, 1.4378605037719785
ee_dist
0.0, 1.1498318031296348
1.0, 1.1907179343764338
2.0, 1.2879910756158846
3.0, 1.37463623961886
4.0, 1.404496163086411
5.0, 1.4301375893512625
6.0, 1.4634565451849009
7.0, 1.4983420506779372
8.0, 1.5335949551111543
9.0, 1.5680647574451763
10.0, 1.605756132078313
11.0, 1.6401888255270387
12.0, 1.6798862326398945
13.0, 1.7201780040426469
14.0, 1.7602604713565146
15.0, 1.793366418973933
16.0, 1.8236338767501312
17.0, 1.85036899769835
18.0, 1.8746165161822852
19.0, 1.8955104923403985
20.0, 1.9202412022130675
21.0, 1.8850739932020395
22.0, 1.845419191126742
23.0, 1.801981034221925
24.0, 1.7547499217296518
25.0, 1.703960749571958
26.0, 1.6497202516027132
27.0, 1.5923468526049416
28.0, 1.531995655285837
29.0, 1.4690932015022442
30.0, 1.4038707502077383
31.0, 1.3368921816570472
32.0, 1.2685118170062657
33.0, 1.1994735750447945
34.0, 1.130339786695027
35.0, 1.0621384670496221
36.0, 0.9957890610821265
37.0, 0.9327570625542897
38.0, 0.8745272836428892
39.0, 0.8229069529229909
40.0, 0.7800136140517531
41.0, 0.7939518481176787
42.0, 0.7715605460666193
43.0, 0.9237488131735482
44.0, 0.8806375878610748
45.0, 0.8360007600744741
46.0, 0.7894782356460146
47.0, 0.7409220886246229
48.0, 0.6905920839711043
49.0, 0.6383856732893978
50.0, 0.5852019889978287
51.0, 0.5314064674482689
52.0, 0.47762604113985896
53.0, 0.42408631541000197
54.0, 0.37152552925916027
55.0, 0.320948615556441
56.0, 0.3396460345160683
57.0, 0.40616265497523824
58.0, 0.4832450730732807
59.0, 0.5708779230530946
60.0, 0.6640669148501672
61.0, 0.7574560930958444
62.0, 0.8461677139539668
63.0, 0.9204695445620024
64.0, 0.9803073200535882
65.0, 1.039571542803074
66.0, 1.0951027918291159
67.0, 1.1490366321921317
68.0, 1.2013508921987184
69.0, 1.2542921300848793
70.0, 1.3072883787841547
71.0, 1.3668894341365827
72.0, 1.4313715187736082
73.0, 1.5038307556897046
74.0, 1.5874006665179416
75.0, 1.6795100920073138
76.0, 1.778050423562089
77.0, 1.8774028581128543
78.0, 1.9716047672077086
79.0, 2.0551324119736387
80.0, 2.1214123395171804
81.0, 2.1842255594460074
82.0, 2.2451734652345534
83.0, 2.3045523481859185
84.0, 2.3630115186811578
85.0, 2.421011488761225
86.0, 2.472025403354281
87.0, 2.509008367786034
88.0, 2.550722008116862
89.0, 2.602393335046622
90.0, 2.6688619416500354
91.0, 2.768953050149312
92.0, 2.873942046146178
93.0, 2.9822653898480884
94.0, 3.0845452452551028
95.0, 3.179950590788433
96.0, 3.254604229509373
97.0, 3.323150254179459
98.0, 3.390122953533703
99.0, 3.4551015827952916
100.0, 3.517577767191305
101.0, 3.5814089196775862
102.0, 3.642862527387715
103.0, 3.711477975034071
104.0, 3.7842097601568696
105.0, 3.8615349139768274
106.0, 3.9522203657973183
107.0, 4.048530378799619
108.0, 4.1535211540648245
109.0, 4.2640397226611855
110.0, 4.367197390519619
111.0, 4.465218860835664
112.0, 4.543271874605238
113.0, 4.591431479552918
114.0, 4.638655664653042
115.0, 4.687984409768032
116.0, 4.7289001560024175
117.0, 4.772254335553777
118.0, 4.812533210267148
119.0, 4.851602062705631
120.0, 4.887206741229781
121.0, 4.922689494446857
122.0, 4.951286811301221
123.0, 4.979256095792782
124.0, 5.00390763283202
125.0, 5.025993548496981
126.0, 5.04308218280653
127.0, 5.057809084500999
128.0, 5.0689976463961735
129.0, 5.0772109016057945
130.0, 5.080283632088263
131.0, 5.0807319716035755
132.0, 5.0775813537187275
133.0, 5.0714254493928586
134.0, 5.060181884120173
135.0, 5.046301793109542
136.0, 5.028973875059888
137.0, 5.008784351089997
138.0, 4.984056007287818
139.0, 4.956963736243912
140.0, 4.926965537592477
141.0, 4.894879716860088
142.0, 4.858324490408653
143.0, 4.311829171320698
144.0, 4.294393259856791
145.0, 4.278622562642665
146.0, 4.266378292360297
147.0, 4.255669937515272
148.0, 4.2474801409004295
149.0, 4.241049447893606
150.0, 4.239190750404263
151.0, 4.238825414284002
152.0, 4.155501576444453
153.0, 4.071570180244457
154.0, 3.989165403326369
155.0, 3.9057851233950234
156.0, 3.822315931692512
157.0, 3.738001336787971
158.0, 3.655893197192129
159.0, 3.572519687818046
160.0, 3.489226885694346
161.0, 3.4053482346637294
162.0, 3.322926424482926
163.0, 3.2395108981363596
164.0, 3.156126696064139
165.0, 3.071929768975646
166.0, 2.9897535642247948
167.0, 2.906405634109509
168.0, 2.823132249437004
169.0, 2.7392645764017516
170.0, 2.6569005281313416
171.0, 2.573556712805092
172.0, 2.4901738030049025
173.0, 2.4037171260648105
174.0, 2.324137928637279
175.0, 2.239298692246943
176.0, 2.1407041042372477
177.0, 2.0742065765906155
178.0, 1.991272826818402
179.0, 1.907873357333332
180.0, 1.824784538843161
181.0, 1.7409795341680707
182.0, 1.6588288191700824
183.0, 1.6614123244201935
184.0, 1.5786035410758863
185.0, 1.495138153041203
186.0, 1.4138495878284583
187.0, 1.3314780920476346
188.0, 1.249318878531966
189.0, 1.166753186796824
190.0, 1.0858456238224372
191.0, 1.0042156671530815
192.0, 0.922909650223658
193.0, 0.8412342557439856
194.0, 0.7621283989720706
195.0, 0.6826051998988829
196.0, 0.6041846045360612
197.0, 0.5267567029205014
198.0, 0.4529931724938971
199.0, 0.3819690767541423
200.0, 0.39779181596004287
201.0, 0.3393275251845959
202.0, 0.32121699497189676
203.0, 0.3057048806527401
204.0, 0.29427953273960994
205.0, 0.28704308235305526
206.0, 0.28620685127615164
207.0, 0.28961094371929835
208.0, 0.29787227847049813
209.0, 0.3100775043614926
210.0, 0.3279473672250501
211.0, 0.3278308765720166
212.0, 0.30323599680542
213.0, 0.4109416735543928
214.0, 0.4185432584669772
215.0, 0.4478269163884258
216.0, 0.4755267261014741
217.0, 0.5036977505868542
218.0, 0.5036589363105783
219.0, 0.5036710737791651
220.0, 0.5036863952260124
221.0, 0.5037047214133438
222.0, 0.5036566105046689
223.0, 0.5036680340261342
224.0, 0.503690848368604
225.0, 0.5037031707478451
226.0, 0.5036606101035862
227.0, 0.503676293780403
228.0, 0.5036829498603436
229.0, 0.503705772239595
230.0, 0.5036507381311764
231.0, 0.5036632125817128
232.0, 0.5036908045699352
233.0, 0.5037025036698333
234.0, 0.5036617313447529
235.0, 0.5036786265093847
236.0, 0.5036811845151756
237.0, 0.5037024382400584
238.0, 0.5036565145154264
239.0, 0.503667755792888
240.0, 0.5036120503653587
241.0, 0.5037099931911853
242.0, 0.5036821253101804
243.0, 0.5071823228433908
244.0, 0.5148652248468895
245.0, 0.5252117003279295
246.0, 0.5359837761852962
247.0, 0.5481460971437764
248.0, 0.5611703829314687
249.0, 0.574746282522951
250.0, 0.5889223712176064
251.0, 0.6032667565098262
252.0, 0.6180465851356614
253.0, 0.6327929083165805
254.0, 0.6478611656987344
255.0, 0.6628040727963059
256.0, 0.6779479767663948
257.0, 0.6929050612613726
258.0, 0.7079245260613066
259.0, 0.7226930384440362
260.0, 0.7373893464408318
261.0, 0.7517640118218698
262.0, 0.7659483860677423
263.0, 0.7586313914034711
264.0, 0.7518727722209921
265.0, 0.7455626051925172
266.0, 0.7397002131141759
267.0, 0.7344297561455775
268.0, 0.7297492232334517
269.0, 0.7258006050644017
270.0, 0.7075509924342193
271.0, 0.7095656861383881
272.0, 0.7155542054216256
273.0, 0.7190707154249426
274.0, 0.7130383523647994
275.0, 0.7144328705105927
276.0, 0.7162744354457067
277.0, 0.7189502614393579
278.0, 0.7222821557962235
279.0, 0.7264016827786824
280.0, 0.7310760951469409
281.0, 0.7367732859979718
282.0, 0.7434178785550225
ee_box_dist
0.0, 0.722285160324797
1.0, 0.7717552290890145
2.0, 0.8029108615913463
3.0, 0.8350891316792558
4.0, 0.8690200407125167
5.0, 0.9044242817699635
6.0, 0.9408519948845149
7.0, 0.9755718085694873
8.0, 1.00854851061331
9.0, 1.0400851125883819
10.0, 1.073797235678632
11.0, 1.1044470022070318
12.0, 1.1398456365113891
13.0, 1.1759009139166994
14.0, 1.2117306989028456
15.0, 1.2411901079566396
16.0, 1.2679082168766471
17.0, 1.2913948547925145
18.0, 1.3125893859852638
19.0, 1.330801903999472
20.0, 1.3525229957793625
21.0, 1.3240602442408504
22.0, 1.2929965643104868
23.0, 1.2585623014018719
24.0, 1.2207700137783968
25.0, 1.1797943995686053
26.0, 1.1356488778189435
27.0, 1.0885583916993193
28.0, 1.0385382027520762
29.0, 0.985872028611511
30.0, 0.9305854434754381
31.0, 0.8730300243113177
32.0, 0.8132772469161269
33.0, 0.7518014629081093
34.0, 0.6887978510388418
35.0, 0.6248439505065448
36.0, 0.5603078109330393
37.0, 0.49583034853579744
38.0, 0.43221246159366256
39.0, 0.3713387531865867
40.0, 0.3156700616631439
41.0, 0.32703633583248026
42.0, 0.33841365238458626
43.0, 0.35007123936516304
44.0, 0.36179054507952113
45.0, 0.3735603322294412
46.0, 0.38532350237370055
47.0, 0.3971084266408685
48.0, 0.40887446412053197
49.0, 0.4210120674224453
50.0, 0.43262386016980237
51.0, 0.4441967244512758
52.0, 0.4556979101009569
53.0, 0.4670301901148814
54.0, 0.47818977719458944
55.0, 0.4890823775672003
56.0, 0.499701381362818
57.0, 0.5100133008255071
58.0, 0.5200186713030236
59.0, 0.5297445316800441
60.0, 0.5391418990627157
61.0, 0.5482868247243475
62.0, 0.5570903985448474
63.0, 0.565636044302387
64.0, 0.5738454716107623
65.0, 0.5817912406932614
66.0, 0.5894116252963347
67.0, 0.5967594831871127
68.0, 0.6037775725032385
69.0, 0.6105022958472487
70.0, 0.6168835605307499
71.0, 0.6229537829187276
72.0, 0.6286685511049896
73.0, 0.6340584133223571
74.0, 0.6390811654779077
75.0, 0.6437639923642418
76.0, 0.6480677486745993
77.0, 0.6520159034278521
78.0, 0.65557154038992
79.0, 0.658755442376109
80.0, 0.6615310901198251
81.0, 0.6639173454676862
82.0, 0.665878099140367
83.0, 0.6674308853402421
84.0, 0.6685396676643148
85.0, 0.6692228327490213
86.0, 0.6903769318612304
87.0, 0.7353512647089625
88.0, 0.7736481805023276
89.0, 0.806182098891961
90.0, 0.8314440098253608
91.0, 0.8301618605400273
92.0, 0.8307276459576031
93.0, 0.8302015179086493
94.0, 0.8307277595374182
95.0, 0.8301870779099179
96.0, 0.8307271272850919
97.0, 0.8302101118040055
98.0, 0.8307282149515632
99.0, 0.8301736400848492
100.0, 0.8307264031688775
101.0, 0.8302314771984933
102.0, 0.8307292671823484
103.0, 0.8301399824143795
104.0, 0.8307239999896919
105.0, 0.8302825572258525
106.0, 0.828563212981636
107.0, 0.8302520831552357
108.0, 0.8305398257216831
109.0, 0.8272158561104643
110.0, 0.8294216279217242
111.0, 0.8299378210541344
112.0, 0.8305340279389377
113.0, 0.8305302871615693
114.0, 0.8304802443596004
115.0, 0.826639912061851
116.0, 0.8308227376998011
117.0, 0.8302075542530454
118.0, 0.8307356176655815
119.0, 0.8301916206611252
120.0, 0.8307351929959991
121.0, 0.8284203617707236
122.0, 0.8308338692449767
123.0, 0.8305764053779638
124.0, 0.8304683428425035
125.0, 0.8296663818382344
126.0, 0.8307294905456787
127.0, 0.8306225692251961
128.0, 0.8304669980306517
129.0, 0.8297047262637299
130.0, 0.8307283624239811
131.0, 0.8306492811774564
132.0, 0.8304605879923798
133.0, 0.8296315291668718
134.0, 0.8306255153138519
135.0, 0.8305860661389833
136.0, 0.8304772416168341
137.0, 0.8298250504331767
138.0, 0.8307293983848109
139.0, 0.8307314613156611
140.0, 0.8305102740638193
141.0, 0.8294231904527025
142.0, 0.8306118886327675
143.0, 1.5290100246123877
144.0, 1.5216666912687198
145.0, 1.5132068784003456
146.0, 1.5018358767906401
147.0, 1.489728355234171
148.0, 1.4759206406264187
149.0, 1.4612661124338757
150.0, 1.4436806736452914
151.0, 1.4255568756426968
152.0, 1.4854594786005466
153.0, 1.5480469564082997
154.0, 1.6114235991820962
155.0, 1.6772373854666505
156.0, 1.7445466968642902
157.0, 1.8139435536464008
158.0, 1.8827829003452043
159.0, 1.9536920905241988
160.0, 2.0254355678919236
161.0, 2.0985923464563228
162.0, 2.171263612567293
163.0, 2.2455014881207385
164.0, 2.320280792647436
165.0, 2.396400946064095
166.0, 2.4712670875421674
167.0, 2.5476360697393017
168.0, 2.6243268858889715
169.0, 2.702000993424208
170.0, 2.7786660835237074
171.0, 2.856574901999807
172.0, 2.9347742330007165
173.0, 3.015058206091381
174.0, 3.0914878625211752
175.0, 3.1718092046058
176.0, 3.264780165922185
177.0, 3.3290844317783774
178.0, 3.408322290613021
179.0, 3.4882500775753074
180.0, 3.5680235738811223
181.0, 3.648683568601869
182.0, 3.7279460490485787
183.0, 3.7190305398537897
184.0, 3.7977875514220196
185.0, 3.877491328929247
186.0, 3.955446480591704
187.0, 4.034692577424808
188.0, 4.113994602431716
189.0, 4.194040880850876
190.0, 4.27285191649628
191.0, 4.352752606168551
192.0, 4.432729489583221
193.0, 4.513638065937497
194.0, 4.592745586742167
195.0, 4.673088410124483
196.0, 4.753430294292543
197.0, 4.834466494610852
198.0, 4.914194353237255
199.0, 4.994974879081302
200.0, 4.986281856526195
201.0, 5.066190154582614
202.0, 5.073824730525459
203.0, 5.080393582417789
204.0, 5.084631787357157
205.0, 5.087227054190266
206.0, 5.086127979404061
207.0, 5.083758325246497
208.0, 5.079091485033012
209.0, 5.072982268466963
210.0, 5.063845688400377
211.0, 5.065085366219161
212.0, 5.074609615351454
213.0, 5.014094799341633
214.0, 5.007547497372949
215.0, 4.986677563681772
216.0, 4.965895962797997
217.0, 4.943756706507736
218.0, 4.943762549005979
219.0, 4.944214858775652
220.0, 4.943624272766524
221.0, 4.943702065858758
222.0, 4.94377062563174
223.0, 4.944272258755505
224.0, 4.943694346823122
225.0, 4.943747602397498
226.0, 4.943759255998283
227.0, 4.9441323780456585
228.0, 4.943623579027377
229.0, 4.943663900500703
230.0, 4.943731042750375
231.0, 4.944368826641518
232.0, 4.94370148574362
233.0, 4.943761060340089
234.0, 4.943756309280799
235.0, 4.944093049434177
236.0, 4.943623244711809
237.0, 4.943720487742484
238.0, 4.943769182768834
239.0, 4.944281539011044
240.0, 4.945305446318177
241.0, 4.943762576395724
242.0, 4.943655244935246
243.0, 4.943083711163739
244.0, 4.943122085623236
245.0, 4.938506730432641
246.0, 4.93253460217597
247.0, 4.92723314182897
248.0, 4.921287938556416
249.0, 4.914811642479103
250.0, 4.907444887684151
251.0, 4.899437311914355
252.0, 4.890347403195212
253.0, 4.880620444062936
254.0, 4.869776333085855
255.0, 4.85844016792747
256.0, 4.84608261351379
257.0, 4.833462867855247
258.0, 4.819992544033934
259.0, 4.806502118801106
260.0, 4.792349724113941
261.0, 4.778403000161767
262.0, 4.763984627734491
263.0, 4.789751662083487
264.0, 4.8217279163914615
265.0, 4.85410916373465
266.0, 4.886951137689955
267.0, 4.919964460697026
268.0, 4.95289044529972
269.0, 4.985461197500516
270.0, 5.034055028431891
271.0, 5.059091209994124
272.0, 5.0758647577185325
273.0, 5.120654040579879
274.0, 5.137029408804603
275.0, 5.16294388845391
276.0, 5.1864516715828755
277.0, 5.20806386959017
278.0, 5.227664811108266
279.0, 5.245025750950567
280.0, 5.260168022586199
281.0, 5.272517273899785
282.0, 5.281878706656686
spot_hold
0, 0
1, 0
2, 0
3, 0
4, 0
5, 0
6, 0
7, 0
8, 0
9, 0
10, 0
11, 0
12, 0
13, 0
14, 0
15, 0
16, 0
17, 0
18, 0
19, 0
20, 0
21, 0
22, 0
23, 0
24, 0
25, 0
26, 0
27, 0
28, 0
29, 0
30, 0
31, 0
32, 0
33, 0
34, 0
35, 0
36, 0
37, 0
38, 0
39, 0
40, 0
41, 1
42, 1
43, 1
44, 1
45, 1
46, 1
47, 1
48, 1
49, 1
50, 1
51, 1
52, 1
53, 1
54, 1
55, 1
56, 1
57, 1
58, 1
59, 1
60, 1
61, 1
62, 1
63, 1
64, 1
65, 1
66, 1
67, 1
68, 1
69, 1
70, 1
71, 1
72, 1
73, 1
74, 1
75, 1
76, 1
77, 1
78, 1
79, 1
80, 1
81, 1
82, 1
83, 1
84, 1
85, 1
86, 1
87, 1
88, 1
89, 1
90, 1
91, 1
92, 1
93, 1
94, 1
95, 1
96, 1
97, 1
98, 1
99, 1
100, 1
101, 1
102, 1
103, 1
104, 1
105, 1
106, 1
107, 1
108, 1
109, 1
110, 1
111, 1
112, 1
113, 1
114, 1
115, 1
116, 1
117, 1
118, 1
119, 1
120, 1
121, 1
122, 1
123, 1
124, 1
125, 1
126, 1
127, 1
128, 1
129, 1
130, 1
131, 1
132, 1
133, 1
134, 1
135, 1
136, 1
137, 1
138, 1
139, 1
140, 1
141, 1
142, 1
143, 1
144, 1
145, 1
146, 1
147, 1
148, 1
149, 1
150, 1
151, 1
152, 1
153, 1
154, 1
155, 1
156, 1
157, 1
158, 1
159, 1
160, 1
161, 1
162, 1
163, 1
164, 1
165, 1
166, 1
167, 1
168, 1
169, 1
170, 1
171, 1
172, 1
173, 1
174, 1
175, 1
176, 1
177, 1
178, 1
179, 1
180, 1
181, 1
182, 1
183, 1
184, 1
185, 1
186, 1
187, 1
188, 1
189, 1
190, 1
191, 1
192, 1
193, 1
194, 1
195, 1
196, 1
197, 1
198, 1
199, 1
200, 1
201, 1
202, 1
203, 1
204, 1
205, 1
206, 1
207, 1
208, 1
209, 1
210, 1
211, 1
212, 1
213, 1
214, 1
215, 1
216, 1
217, 1
218, 1
219, 1
220, 1
221, 1
222, 1
223, 1
224, 1
225, 1
226, 1
227, 1
228, 1
229, 1
230, 1
231, 1
232, 1
233, 1
234, 1
235, 1
236, 1
237, 1
238, 1
239, 1
240, 1
241, 1
242, 1
243, 1
244, 1
245, 1
246, 1
247, 1
248, 1
249, 1
250, 1
251, 1
252, 1
253, 1
254, 1
255, 1
256, 1
257, 1
258, 1
259, 1
260, 1
261, 1
262, 1
263, 1
264, 1
265, 1
266, 1
267, 1
268, 1
269, 1
270, 1
271, 1
272, 1
273, 1
274, 1
275, 1
276, 1
277, 1
278, 1
279, 1
280, 1
281, 1
282, 1
