bot_dist
0.0, 2.997946656345891
1.0, 3.0015347157530137
2.0, 3.0051517689795504
3.0, 3.0087977114599602
4.0, 3.0124724383017756
5.0, 3.016175844297606
6.0, 3.0199078239370625
7.0, 3.0236682714186043
8.0, 3.027457080661299
9.0, 3.0312741453165
10.0, 3.0351193587794367
11.0, 3.0389926142007155
12.0, 3.0428938044977314
13.0, 3.046822822365986
14.0, 3.050779560290315
15.0, 3.054763910556015
16.0, 3.058775765259881
17.0, 3.062815016321135
18.0, 3.0668815554922695
19.0, 3.0709752743697742
20.0, 3.075096064404771
21.0, 3.0792438169135448
22.0, 3.083418423087962
23.0, 3.087619774005794
24.0, 3.091847760640926
25.0, 3.0961022738734587
26.0, 3.1003832044997073
27.0, 3.104690443242083
28.0, 3.1090238807588713
29.0, 3.113383407653892
30.0, 3.1177689144860534
31.0, 3.122180291778793
32.0, 3.1266174300294
33.0, 3.1310802197182315
34.0, 3.1355685513178098
35.0, 3.1400823153018047
36.0, 3.144621402153906
37.0, 3.149185702376573
38.0, 3.153775106499676
39.0, 3.158389505089015
40.0, 3.1630287887547275
41.0, 3.167692848159579
42.0, 3.172381574027133
43.0, 3.177094744487091
44.0, 3.181832361908253
45.0, 3.186594317252251
46.0, 3.191380501573035
47.0, 3.196190806024463
48.0, 3.201025121867772
49.0, 3.2058833404789375
50.0, 3.210765353355914
51.0, 3.2156710521257614
52.0, 3.2206003285516505
53.0, 3.225553074539765
54.0, 3.2305291821460753
55.0, 3.2355285435830083
56.0, 3.240551051225996
57.0, 3.2455965976199135
58.0, 3.2506650754854065
59.0, 3.2557563777250986
60.0, 3.260870397429695
61.0, 3.266007027883968
62.0, 3.2711661625726345
63.0, 3.2763476951861215
64.0, 3.2815515196262233
65.0, 3.286777530011649
66.0, 3.2920256206834573
67.0, 3.2972956862103917
68.0, 3.302587621394101
69.0, 3.3079013212742554
70.0, 3.313236681133558
71.0, 3.3185935965026494
72.0, 3.323971963164912
73.0, 3.3293716771611637
74.0, 3.334792634794255
75.0, 3.3402347326335633
76.0, 3.3456978675193825
77.0, 3.3511819365672175
78.0, 3.3566868371719747
79.0, 3.3622124670120597
80.0, 3.3677587240533686
81.0, 3.3733255065531926
82.0, 3.3789127130640217
83.0, 3.384520242437252
84.0, 3.390147993826802
85.0, 3.3957958666926364
86.0, 3.4014637608041967
87.0, 3.407151576243739
88.0, 3.412859213409585
89.0, 3.4185865730192817
90.0, 3.424333556112675
91.0, 3.4301000640548907
92.0, 3.435885998539239
93.0, 3.441691261590024
94.0, 3.447515755565275
95.0, 3.4533593831593925
96.0, 3.459222047405711
97.0, 3.465103651678984
98.0, 3.4710040996977853
99.0, 3.4769232955268317
100.0, 3.4828611435792305
101.0, 3.4828611435792305
102.0, 3.4828611435792305
103.0, 3.4828611435792305
104.0, 3.4828611435792305
105.0, 3.4828611435792305
106.0, 3.4828611435792305
107.0, 3.4828611435792305
108.0, 3.4828611435792305
109.0, 3.4828611435792305
110.0, 3.4828611435792305
111.0, 3.4828611435792305
112.0, 3.4828611435792305
113.0, 3.4828611435792305
114.0, 3.4828611435792305
115.0, 3.4828611435792305
116.0, 3.4828611435792305
117.0, 3.4828611435792305
118.0, 3.4828611435792305
119.0, 3.4828611435792305
120.0, 3.4828611435792305
121.0, 3.4828611435792305
122.0, 3.4828611435792305
123.0, 3.4828611435792305
124.0, 3.4828611435792305
125.0, 3.4828611435792305
126.0, 3.4828611435792305
127.0, 3.4828611435792305
128.0, 3.4828611435792305
129.0, 3.4828611435792305
130.0, 3.4828611435792305
131.0, 3.4769232955268317
132.0, 3.4710040996977853
133.0, 3.465103651678984
134.0, 3.459222047405711
135.0, 3.4533593831593925
136.0, 3.447515755565275
137.0, 3.441691261590024
138.0, 3.435885998539239
139.0, 3.4301000640548907
140.0, 3.424333556112675
141.0, 3.4185865730192817
142.0, 3.412859213409585
143.0, 3.407151576243739
144.0, 3.4014637608041967
145.0, 3.3957958666926364
146.0, 3.390147993826802
147.0, 3.384520242437252
148.0, 3.3789127130640217
149.0, 3.3733255065531926
150.0, 3.3677587240533686
151.0, 3.3622124670120597
152.0, 3.3566868371719747
153.0, 3.3511819365672175
154.0, 3.3456978675193825
155.0, 3.3402347326335633
156.0, 3.334792634794255
157.0, 3.3293716771611637
158.0, 3.323971963164912
159.0, 3.3185935965026494
160.0, 3.313236681133558
161.0, 3.3079013212742554
162.0, 3.302587621394101
163.0, 3.2972956862103917
164.0, 3.2920256206834573
165.0, 3.286777530011649
166.0, 3.2815515196262233
167.0, 3.2763476951861215
168.0, 3.2711661625726345
169.0, 3.266007027883968
170.0, 3.260870397429695
171.0, 3.2557563777250986
172.0, 3.2506650754854065
173.0, 3.2455965976199135
174.0, 3.240551051225996
175.0, 3.2355285435830083
176.0, 3.2305291821460753
177.0, 3.225553074539765
178.0, 3.2206003285516505
179.0, 3.2156710521257614
180.0, 3.210765353355914
181.0, 3.2058833404789375
182.0, 3.201025121867772
183.0, 3.196190806024463
184.0, 3.191380501573035
185.0, 3.186594317252251
186.0, 3.181832361908253
187.0, 3.177094744487091
188.0, 3.172381574027133
189.0, 3.167692848159579
190.0, 3.1630287887547275
191.0, 3.158389505089015
192.0, 3.153775106499676
193.0, 3.149185702376573
194.0, 3.144621402153906
195.0, 3.1400823153018047
196.0, 3.1355685513178098
197.0, 3.1310802197182315
198.0, 3.1266174300294
199.0, 3.122180291778793
200.0, 3.1177689144860534
201.0, 3.113383407653892
202.0, 3.1090238807588713
203.0, 3.104690443242083
204.0, 3.1003832044997073
205.0, 3.0961022738734587
206.0, 3.091847760640926
207.0, 3.087619774005794
208.0, 3.083418423087962
209.0, 3.0792438169135448
210.0, 3.075096064404771
211.0, 3.0709752743697742
212.0, 3.0668815554922695
213.0, 3.062815016321135
214.0, 3.058775765259881
215.0, 3.054763910556015
216.0, 3.050779560290315
217.0, 3.046822822365986
218.0, 3.0428938044977314
219.0, 3.0389926142007155
220.0, 3.0351193587794367
221.0, 3.0312741453165
222.0, 3.027457080661299
223.0, 3.0236682714186043
224.0, 3.0199078239370625
225.0, 3.016175844297606
226.0, 3.0124724383017756
227.0, 3.0087977114599602
228.0, 3.0051517689795504
229.0, 3.0015347157530137
230.0, 2.997946656345891
231.0, 2.997946656345891
232.0, 2.997946656345891
233.0, 2.997946656345891
234.0, 2.997946656345891
235.0, 2.997946656345891
236.0, 2.997946656345891
237.0, 2.997946656345891
238.0, 2.997946656345891
239.0, 2.997946656345891
240.0, 2.997946656345891
241.0, 2.997946656345891
242.0, 2.997946656345891
243.0, 2.997946656345891
244.0, 2.997946656345891
245.0, 2.997946656345891
246.0, 2.997946656345891
247.0, 2.997946656345891
248.0, 2.997946656345891
249.0, 2.997946656345891
250.0, 2.997946656345891
251.0, 2.997946656345891
252.0, 2.997946656345891
253.0, 2.997946656345891
254.0, 2.997946656345891
255.0, 2.997946656345891
256.0, 2.997946656345891
257.0, 2.997946656345891
258.0, 2.997946656345891
259.0, 2.997946656345891
260.0, 2.997946656345891
261.0, 3.0015347157530137
262.0, 3.0051517689795504
263.0, 3.0087977114599602
264.0, 3.0124724383017756
265.0, 3.016175844297606
266.0, 3.0199078239370625
267.0, 3.0236682714186043
268.0, 3.027457080661299
269.0, 3.0312741453165
270.0, 3.0351193587794367
271.0, 3.0389926142007155
272.0, 3.0428938044977314
273.0, 3.046822822365986
274.0, 3.050779560290315
275.0, 3.054763910556015
276.0, 3.058775765259881
277.0, 3.062815016321135
278.0, 3.0668815554922695
279.0, 3.0709752743697742
280.0, 3.075096064404771
281.0, 3.0792438169135448
282.0, 3.083418423087962
ee_dist
0.0, 1.542706764956875
1.0, 1.6101911220619858
2.0, 1.7226773354701346
3.0, 1.8169959001955371
4.0, 1.8496641415092154
5.0, 1.8755542535688838
6.0, 1.907465533267486
7.0, 1.9403316852483685
8.0, 1.9748402441681383
9.0, 2.007668451176035
10.0, 2.044698565991457
11.0, 2.0781670189593684
12.0, 2.108382802793903
13.0, 2.1437595119753023
14.0, 2.169573319071129
15.0, 2.196013258921363
16.0, 2.2209516415175434
17.0, 2.2484031819705557
18.0, 2.2698153102558547
19.0, 2.289064078189621
20.0, 2.3082962092405763
21.0, 2.2777281710416357
22.0, 2.235661157720751
23.0, 2.1903684394167984
24.0, 2.1414303014217215
25.0, 2.0891582700501456
26.0, 2.033729436061894
27.0, 1.9755218216676405
28.0, 1.9147866413299732
29.0, 1.8520230160107143
30.0, 1.7875829738563493
31.0, 1.722112893389539
32.0, 1.6561038036456048
33.0, 1.5903788134242762
34.0, 1.525619925225414
35.0, 1.46287245709628
36.0, 1.403071596293962
37.0, 1.347503860958458
38.0, 1.2973520270098309
39.0, 1.2540162399194053
40.0, 1.2187987882697484
41.0, 1.2189940232726186
42.0, 1.0803542012287275
43.0, 0.7224949562351156
44.0, 0.6754465884799994
45.0, 0.6284770817881059
46.0, 0.5817298926991773
47.0, 0.535327694205762
48.0, 0.4905305453300096
49.0, 0.4482364802806116
50.0, 0.4104078177675088
51.0, 0.3794214818157132
52.0, 0.3577504588850882
53.0, 0.3471477237088019
54.0, 0.34920505199111795
55.0, 0.3638950068117759
56.0, 0.3901962003464125
57.0, 0.42553195069217475
58.0, 0.3963433377670681
59.0, 0.34294288134221124
60.0, 0.29876815829170666
61.0, 0.274814725471291
62.0, 0.28592406621388766
63.0, 0.3300493166488632
64.0, 0.3906674255692499
65.0, 0.44875197158737823
66.0, 0.5070738341596114
67.0, 0.5646351236304363
68.0, 0.616103881087395
69.0, 0.6655831926355242
70.0, 0.7132951024967791
71.0, 0.7595156066837179
72.0, 0.8047289431956037
73.0, 0.857991212545656
74.0, 0.9156212424211014
75.0, 0.9848444021085294
76.0, 1.0638701065262184
77.0, 1.1530131998918949
78.0, 1.2478933304940272
79.0, 1.3436331204253256
80.0, 1.4355264710725164
81.0, 1.5139812402943351
82.0, 1.578916537622508
83.0, 1.6435069225646115
84.0, 1.704440691859455
85.0, 1.7638122936711769
86.0, 1.8218443035266607
87.0, 1.8791270978203294
88.0, 1.9151378334415523
89.0, 1.9557370368291538
90.0, 1.9961788338053297
91.0, 2.0494095288426712
92.0, 2.1419403433082698
93.0, 2.24052180220385
94.0, 2.345494077562901
95.0, 2.4514445958065485
96.0, 2.5522031309134277
97.0, 2.642480262133047
98.0, 2.7150591828193034
99.0, 2.7842323064656886
100.0, 2.850611097479029
101.0, 2.915002262783234
102.0, 2.97793139487882
103.0, 3.0402274528682107
104.0, 3.102614694944704
105.0, 3.1715777100102613
106.0, 3.244623593556982
107.0, 3.3247048637959287
108.0, 3.414770015290422
109.0, 3.513678976089004
110.0, 3.6190241067037485
111.0, 3.725377252299882
112.0, 3.8294446005549045
113.0, 3.9245327163543706
114.0, 3.9996204333686602
115.0, 4.072241119642538
116.0, 4.134779982258554
117.0, 4.199846189858766
118.0, 4.262730939740322
119.0, 4.326253338460707
120.0, 4.388099325322176
121.0, 4.4562487299627795
122.0, 4.529378065193843
123.0, 4.606335626939961
124.0, 4.695450682530225
125.0, 4.793061130989795
126.0, 4.840047286272847
127.0, 4.887066911047818
128.0, 4.933328706060259
129.0, 4.979030327777165
130.0, 5.023395536666654
131.0, 5.066623033444318
132.0, 5.107978540465299
133.0, 5.1476897165000155
134.0, 5.185056602318219
135.0, 5.220337913239343
136.0, 5.252867759506743
137.0, 5.282940572747261
138.0, 5.3099229466366715
139.0, 5.334142524818738
140.0, 5.355002959845313
141.0, 5.372867130055087
142.0, 5.387173944952591
143.0, 4.70622504761499
144.0, 4.704880724346006
145.0, 4.704721752771671
146.0, 4.70484447052036
147.0, 4.704724791691156
148.0, 4.704845509325833
149.0, 4.704724782452409
150.0, 4.704845625721244
151.0, 4.704724676434763
152.0, 4.704845404223185
153.0, 4.704724782226801
154.0, 4.704845625721244
155.0, 4.704724676434763
156.0, 4.704845404223185
157.0, 4.704724782001193
158.0, 4.704845625721244
159.0, 4.704724782226801
160.0, 4.704845404223185
161.0, 4.704724782226801
162.0, 4.704845625721244
163.0, 4.693627679886254
164.0, 4.7054708272008945
165.0, 4.700988013549429
166.0, 4.686364947797615
167.0, 4.706810036284189
168.0, 4.704771914710118
169.0, 4.704725149701023
170.0, 4.7048462577289225
171.0, 4.704724782678019
172.0, 4.7048456259532125
173.0, 4.704724782001193
174.0, 4.704845625721244
175.0, 4.704724676434763
176.0, 4.704845404223185
177.0, 4.704724782001193
178.0, 4.704845625721244
179.0, 4.704724676434763
180.0, 4.704845404223185
181.0, 4.704724782226801
182.0, 4.704845625721244
183.0, 4.704724676434763
184.0, 4.704845625721244
185.0, 4.704724782226801
186.0, 4.704845625721244
187.0, 4.704724676434763
188.0, 4.704845625721244
189.0, 4.704724676434763
190.0, 4.704845404223185
191.0, 4.704724676434763
192.0, 4.704845625721244
193.0, 4.693833984422022
194.0, 4.7055752310148895
195.0, 4.704695968031665
196.0, 4.704843526685201
197.0, 4.704724030413399
198.0, 4.704845719763103
199.0, 4.704724782226801
200.0, 4.704845625721244
201.0, 4.704724676434763
202.0, 4.704845625721244
203.0, 4.704724782001193
204.0, 4.704845404223185
205.0, 4.704724782226801
206.0, 4.704845404223185
207.0, 4.704724782226801
208.0, 4.704845404223185
209.0, 4.704724782001193
210.0, 4.704845404223185
211.0, 4.704724782226801
212.0, 4.704845625721244
213.0, 4.704724676434763
214.0, 4.704845625721244
215.0, 4.704724782001193
216.0, 4.704845625721244
217.0, 4.704724676434763
218.0, 4.704845625721244
219.0, 4.704724676434763
220.0, 4.704845625721244
221.0, 4.704724676434763
222.0, 4.704845404223185
223.0, 4.704724782226801
224.0, 4.7048456259532125
225.0, 4.704724782001193
226.0, 4.704845625721244
227.0, 4.704724676434763
228.0, 4.704845625721244
229.0, 4.704724782001193
230.0, 4.704845404223185
231.0, 4.704724782226801
232.0, 4.704845625721244
233.0, 4.704724676434763
234.0, 4.704845625721244
235.0, 4.704724676434763
236.0, 4.704845625721244
237.0, 4.704724782226801
238.0, 4.704845625721244
239.0, 4.704724676434763
240.0, 4.704845625721244
241.0, 4.704724782001193
242.0, 4.704845404223185
243.0, 4.717276687571698
244.0, 4.724974195022653
245.0, 4.736766119948121
246.0, 4.750747964418106
247.0, 4.765312344018446
248.0, 4.7807881405259876
249.0, 4.797130936418187
250.0, 4.814739453636194
251.0, 4.8331987900988
252.0, 4.8529778138807504
253.0, 4.87351808574437
254.0, 4.895014722747185
255.0, 4.917132313664966
256.0, 4.940099524025798
257.0, 4.9633708251851125
258.0, 4.987262579854828
259.0, 5.0110926821281785
260.0, 5.0352802841673485
261.0, 5.05911029275942
262.0, 5.083032979879507
263.0, 5.047473880666747
264.0, 5.002899554060855
265.0, 4.956884214080784
266.0, 4.9091013763257365
267.0, 4.8601306036133805
268.0, 4.810110192321392
269.0, 4.759664044546273
270.0, 4.7089443686099
271.0, 4.658635308001967
272.0, 4.608901052760178
273.0, 4.560462821657037
274.0, 4.5134999498132995
275.0, 4.468688657571237
276.0, 4.426199668318955
277.0, 4.386697398928514
278.0, 4.350271121404874
279.0, 4.317595497408354
280.0, 4.2887660476974725
281.0, 4.26462419841849
282.0, 4.245452214783608
ee_box_dist
0.0, 0.6752685215625903
1.0, 0.7189929143106785
2.0, 0.7484549838535969
3.0, 0.7895980768082016
4.0, 0.8270374348283758
5.0, 0.864826326880833
6.0, 0.9031199825831263
7.0, 0.9395908165780688
8.0, 0.9742761787147391
9.0, 1.0061119794925442
10.0, 1.0410451116805615
11.0, 1.0717322508528966
12.0, 1.0986151369717043
13.0, 1.1303371185800424
14.0, 1.1525531237653712
15.0, 1.1752785931109773
16.0, 1.1964163388103264
17.0, 1.2199527444275455
18.0, 1.2378862743832892
19.0, 1.2538349131973987
20.0, 1.2698094895870446
21.0, 1.2470884189626652
22.0, 1.2159618967713695
23.0, 1.182003759347921
24.0, 1.1448039193251234
25.0, 1.1045404281016444
26.0, 1.0612006278429729
27.0, 1.014977654891864
28.0, 0.9658550593487247
29.0, 0.914071564201021
30.0, 0.8596074016983337
31.0, 0.802745680958274
32.0, 0.7434622951698582
33.0, 0.6820767689686164
34.0, 0.6185609432195263
35.0, 0.5533095334885653
36.0, 0.4863463289633583
37.0, 0.4182464140182868
38.0, 0.34921308370688736
39.0, 0.28010100609213906
40.0, 0.21202126857441528
41.0, 0.08025333076677196
42.0, 0.08290180474616497
43.0, 0.08302853187147684
44.0, 0.08297739283842047
45.0, 0.08302999953350586
46.0, 0.08298391828520817
47.0, 0.0830295024897606
48.0, 0.08298912736139684
49.0, 0.08302844356246503
50.0, 0.08299347154250371
51.0, 0.08302691900356285
52.0, 0.08299685348963676
53.0, 0.08302513096676749
54.0, 0.08299957725181387
55.0, 0.08302307249038346
56.0, 0.08300167645985475
57.0, 0.0830211662610989
58.0, 0.08300332109141496
59.0, 0.0822646943869286
60.0, 0.0827672004071903
61.0, 0.08305087292098455
62.0, 0.08294221250126672
63.0, 0.08301766086407689
64.0, 0.08301191724525774
65.0, 0.0831175684060587
66.0, 0.0830123671159526
67.0, 0.083015474833172
68.0, 0.08301174019568529
69.0, 0.08301309505881085
70.0, 0.08301208353547053
71.0, 0.0830110868594909
72.0, 0.08301249249677431
73.0, 0.08301000974095428
74.0, 0.08301327752135479
75.0, 0.08300918818776644
76.0, 0.08301429995910818
77.0, 0.08300941010361824
78.0, 0.0830162116604878
79.0, 0.08301034317192554
80.0, 0.08301855600987516
81.0, 0.08301210510821405
82.0, 0.08302133475105015
83.0, 0.08301544529519381
84.0, 0.08302561943432052
85.0, 0.08301964901040088
86.0, 0.08676675256817028
87.0, 0.12303407109610073
88.0, 0.13490674743548745
89.0, 0.13355724514148448
90.0, 0.12908535548442382
91.0, 0.12220253596763658
92.0, 0.12160033840335942
93.0, 0.12202548837350442
94.0, 0.12142061623481637
95.0, 0.12200700268817762
96.0, 0.12142136571281781
97.0, 0.12200841952613682
98.0, 0.12142123348042394
99.0, 0.12200835469355828
100.0, 0.1214212894792684
101.0, 0.1220083356473471
102.0, 0.1214212894792684
103.0, 0.1220083356473471
104.0, 0.1214212894792684
105.0, 0.1220083356473471
106.0, 0.1214212894792684
107.0, 0.1220083814337244
108.0, 0.12142133589617264
109.0, 0.1220083356473471
110.0, 0.1214213358856722
111.0, 0.12145803110059643
112.0, 0.12129940153156203
113.0, 0.12200138527141964
114.0, 0.12142140824764777
115.0, 0.08674340725549394
116.0, 0.1191898763988561
117.0, 0.12195464964946684
118.0, 0.12142018452135904
119.0, 0.12200928064359146
120.0, 0.12142127885049583
121.0, 0.1220082327223525
122.0, 0.12142132681185361
123.0, 0.12200836238752466
124.0, 0.12142130814555878
125.0, 0.12020566900683441
126.0, 0.1212558737168964
127.0, 0.12201165350574673
128.0, 0.12142099370970763
129.0, 0.12200811478731981
130.0, 0.12142141108028008
131.0, 0.12200830890720007
132.0, 0.1214213358856722
133.0, 0.1220083166011402
134.0, 0.1214212894792684
135.0, 0.12200835469355828
136.0, 0.12142127082347562
137.0, 0.12200828986098172
138.0, 0.1214213172193934
139.0, 0.12200835469355828
140.0, 0.1214212894792684
141.0, 0.1220083356473471
142.0, 0.12142127082347562
143.0, 0.10569554553365913
144.0, 0.12085869338116642
145.0, 0.1219883740231339
146.0, 0.12142135245593039
147.0, 0.12200864844437244
148.0, 0.12142130561574783
149.0, 0.1220082825089945
150.0, 0.12142126929529733
151.0, 0.12200837408180096
152.0, 0.12142133388182487
153.0, 0.12200837408180096
154.0, 0.12142122288892664
155.0, 0.12200837408180096
156.0, 0.12142133388182487
157.0, 0.12200845027381077
158.0, 0.12142126929529733
159.0, 0.12200837408180096
160.0, 0.12142133388182487
161.0, 0.12200837408180096
162.0, 0.12142131570167955
163.0, 0.09369984890920675
164.0, 0.12020044542862321
165.0, 0.0866507593229457
166.0, 0.08209442244328134
167.0, 0.1198236421823224
168.0, 0.1213460194969594
169.0, 0.12200795643199959
170.0, 0.12142124693906431
171.0, 0.12200809971968987
172.0, 0.12142122288892664
173.0, 0.12200849606020331
174.0, 0.12142131570167955
175.0, 0.12200837408180096
176.0, 0.12142133388182487
177.0, 0.12200845027381077
178.0, 0.12142126929529733
179.0, 0.12200841986822207
180.0, 0.12142133388182487
181.0, 0.12200837408180096
182.0, 0.12142126929529733
183.0, 0.12200837408180096
184.0, 0.12142126929529733
185.0, 0.12200837408180096
186.0, 0.12142126929529733
187.0, 0.12200837408180096
188.0, 0.12142131570167955
189.0, 0.12200837408180096
190.0, 0.12142133388182487
191.0, 0.12200837408180096
192.0, 0.12142131570167955
193.0, 0.09458234261216916
194.0, 0.11987262661081712
195.0, 0.12197338597758428
196.0, 0.12142086134673678
197.0, 0.12200933706323765
198.0, 0.12142134189703838
199.0, 0.12200837408180096
200.0, 0.12142126929529733
201.0, 0.12200837408180096
202.0, 0.12142131570167955
203.0, 0.12200845027381077
204.0, 0.12142128747544959
205.0, 0.12200829788986
206.0, 0.12142128747544959
207.0, 0.12200837408180096
208.0, 0.12142133388182487
209.0, 0.12200845027381077
210.0, 0.12142128747544959
211.0, 0.12200837408180096
212.0, 0.12142126929529733
213.0, 0.12200837408180096
214.0, 0.12142131570167955
215.0, 0.12200845027381077
216.0, 0.12142131570167955
217.0, 0.12200837408180096
218.0, 0.12142131570167955
219.0, 0.12200837408180096
220.0, 0.12142131570167955
221.0, 0.12200837408180096
222.0, 0.12142128747544959
223.0, 0.12200829788986
224.0, 0.12142122288892664
225.0, 0.12200845027381077
226.0, 0.12142126929529733
227.0, 0.12200841986822207
228.0, 0.12142131570167955
229.0, 0.12200845027381077
230.0, 0.12142128747544959
231.0, 0.12200837408180096
232.0, 0.12142126929529733
233.0, 0.12200837408180096
234.0, 0.12142131570167955
235.0, 0.12200837408180096
236.0, 0.12142131570167955
237.0, 0.12200837408180096
238.0, 0.12142126929529733
239.0, 0.12200837408180096
240.0, 0.12142131570167955
241.0, 0.12200845027381077
242.0, 0.12142128747544959
243.0, 0.07399139339295875
244.0, 0.07409449452993126
245.0, 0.08230002587910806
246.0, 0.08052038857813079
247.0, 0.0783270473641406
248.0, 0.07653507604279475
249.0, 0.0745772938756058
250.0, 0.07355725911592394
251.0, 0.07191396619033984
252.0, 0.07148754348185646
253.0, 0.07004750928923792
254.0, 0.07000451981004047
255.0, 0.0686712611319062
256.0, 0.06883919103219936
257.0, 0.06751667942720391
258.0, 0.06777599842998865
259.0, 0.06641446716905204
260.0, 0.06671009010211294
261.0, 0.06529380043692469
262.0, 0.06561083336596626
263.0, 0.07970756310412569
264.0, 0.08039489581037731
265.0, 0.08058892811651609
266.0, 0.08092722285374836
267.0, 0.08108957547667192
268.0, 0.08138858701280541
269.0, 0.08151861145530431
270.0, 0.08177159764570358
271.0, 0.08186080031895533
272.0, 0.08205960620660772
273.0, 0.08209986682344964
274.0, 0.08224063619757178
275.0, 0.0822272667205933
276.0, 0.08231008516849318
277.0, 0.08224357845770247
278.0, 0.08227171275547604
279.0, 0.08215348114445578
280.0, 0.08212941793729825
281.0, 0.0819596351811334
282.0, 0.08188508060562003
spot_hold
0, 0
1, 0
2, 0
3, 0
4, 0
5, 0
6, 0
7, 0
8, 0
9, 0
10, 0
11, 0
12, 0
13, 0
14, 0
15, 0
16, 0
17, 0
18, 0
19, 0
20, 0
21, 0
22, 0
23, 0
24, 0
25, 0
26, 0
27, 0
28, 0
29, 0
30, 0
31, 0
32, 0
33, 0
34, 0
35, 0
36, 0
37, 0
38, 0
39, 0
40, 0
41, 1
42, 1
43, 1
44, 1
45, 1
46, 1
47, 1
48, 1
49, 1
50, 1
51, 1
52, 1
53, 1
54, 1
55, 1
56, 1
57, 1
58, 1
59, 1
60, 1
61, 1
62, 1
63, 1
64, 1
65, 1
66, 1
67, 1
68, 1
69, 1
70, 1
71, 1
72, 1
73, 1
74, 1
75, 1
76, 1
77, 1
78, 1
79, 1
80, 1
81, 1
82, 1
83, 1
84, 1
85, 1
86, 1
87, 1
88, 1
89, 1
90, 1
91, 1
92, 1
93, 1
94, 1
95, 1
96, 1
97, 1
98, 1
99, 1
100, 1
101, 1
102, 1
103, 1
104, 1
105, 1
106, 1
107, 1
108, 1
109, 1
110, 1
111, 1
112, 1
113, 1
114, 1
115, 1
116, 1
117, 1
118, 1
119, 1
120, 1
121, 1
122, 1
123, 1
124, 1
125, 1
126, 1
127, 1
128, 1
129, 1
130, 1
131, 1
132, 1
133, 1
134, 1
135, 1
136, 1
137, 1
138, 1
139, 1
140, 1
141, 1
142, 1
143, 1
144, 1
145, 1
146, 1
147, 1
148, 1
149, 1
150, 1
151, 1
152, 1
153, 1
154, 1
155, 1
156, 1
157, 1
158, 1
159, 1
160, 1
161, 1
162, 1
163, 1
164, 1
165, 1
166, 1
167, 1
168, 1
169, 1
170, 1
171, 1
172, 1
173, 1
174, 1
175, 1
176, 1
177, 1
178, 1
179, 1
180, 1
181, 1
182, 1
183, 1
184, 1
185, 1
186, 1
187, 1
188, 1
189, 1
190, 1
191, 1
192, 1
193, 1
194, 1
195, 1
196, 1
197, 1
198, 1
199, 1
200, 1
201, 1
202, 1
203, 1
204, 1
205, 1
206, 1
207, 1
208, 1
209, 1
210, 1
211, 1
212, 1
213, 1
214, 1
215, 1
216, 1
217, 1
218, 1
219, 1
220, 1
221, 1
222, 1
223, 1
224, 1
225, 1
226, 1
227, 1
228, 1
229, 1
230, 1
231, 1
232, 1
233, 1
234, 1
235, 1
236, 1
237, 1
238, 1
239, 1
240, 1
241, 1
242, 1
243, 1
244, 1
245, 1
246, 1
247, 1
248, 1
249, 1
250, 1
251, 1
252, 1
253, 1
254, 1
255, 1
256, 1
257, 1
258, 1
259, 1
260, 1
261, 1
262, 1
263, 1
264, 1
265, 1
266, 1
267, 1
268, 1
269, 1
270, 1
271, 1
272, 1
273, 1
274, 1
275, 1
276, 1
277, 1
278, 1
279, 1
280, 1
281, 1
282, 1
