bot_dist
0.0, 3.210760802879038
1.0, 3.2156664796752477
2.0, 3.220595734228077
3.0, 3.2255484584435714
4.0, 3.2305245443775608
5.0, 3.235523884242322
6.0, 3.240546370413133
7.0, 3.2455918954347096
8.0, 3.2506603520275292
9.0, 3.2557516330940444
10.0, 3.2608656317247835
11.0, 3.2660022412043332
12.0, 3.271161355017224
13.0, 3.2763428668536876
14.0, 3.28154667061532
15.0, 3.2867726604206253
16.0, 3.2920207306104534
17.0, 3.2972907757533347
18.0, 3.302582690650697
19.0, 3.307896370341989
20.0, 3.3132317101096835
21.0, 3.3185886054841904
22.0, 3.3239669522486524
23.0, 3.3293666464436478
24.0, 3.334787584371781
25.0, 3.3402296626021792
26.0, 3.3456927779748815
27.0, 3.351176827605137
28.0, 3.356681708887589
29.0, 3.362207319500378
30.0, 3.3677535574091304
31.0, 3.3733203208708664
32.0, 3.378907508437797
33.0, 3.3845150189610402
34.0, 3.390142751594232
35.0, 3.3957906057970515
36.0, 3.401458481338649
37.0, 3.4071462783009885
38.0, 3.412853897082097
39.0, 3.418581238399224
40.0, 3.4243282032919122
41.0, 3.430094693124986
42.0, 3.435880609591447
43.0, 3.4416858547152915
44.0, 3.447510330854237
45.0, 3.4533539407023697
46.0, 3.4592165872927088
47.0, 3.465098173999688
48.0, 3.4709986045415606
49.0, 3.4769177829827203
50.0, 3.4828556137359503
51.0, 3.488812001564587
52.0, 3.4947868515846157
53.0, 3.500780069266684
54.0, 3.5067915604380473
55.0, 3.512821231284438
56.0, 3.5188689883518602
57.0, 3.5249347385483194
58.0, 3.531018389145474
59.0, 3.5371198477802275
60.0, 3.5432390224562433
61.0, 3.549375821545396
62.0, 3.55553015378916
63.0, 3.561701928299926
64.0, 3.5678910545622586
65.0, 3.5740974424340886
66.0, 3.580321002147842
67.0, 3.5865616443115114
68.0, 3.5928192799096634
69.0, 3.599093820304385
70.0, 3.605385177236182
71.0, 3.6116932628248017
72.0, 3.618017989570018
73.0, 3.6243592703523504
74.0, 3.6307170184337285
75.0, 3.6370911474581047
76.0, 3.6434815714520163
77.0, 3.6498882048250905
78.0, 3.6563109623705046
79.0, 3.6627497592653873
80.0, 3.669204511071183
81.0, 3.675675133733952
82.0, 3.6821615435846415
83.0, 3.688663657339292
84.0, 3.6951813920992116
85.0, 3.7017146653510964
86.0, 3.7082633949671133
87.0, 3.714827499204936
88.0, 3.721406896707736
89.0, 3.7280015065041403
90.0, 3.734611248008138
91.0, 3.7412360410189573
92.0, 3.7478758057208923
93.0, 3.7545304626831015
94.0, 3.7611999328593626
95.0, 3.7678841375877905
96.0, 3.7745829985905246
97.0, 3.781296437973373
98.0, 3.788024378225426
99.0, 3.79476674221864
100.0, 3.8015234532073765
101.0, 3.8015234532073765
102.0, 3.8015234532073765
103.0, 3.8015234532073765
104.0, 3.8015234532073765
105.0, 3.8015234532073765
106.0, 3.8015234532073765
107.0, 3.8015234532073765
108.0, 3.8015234532073765
109.0, 3.8015234532073765
110.0, 3.8015234532073765
111.0, 3.8015234532073765
112.0, 3.8015234532073765
113.0, 3.8015234532073765
114.0, 3.8015234532073765
115.0, 3.8015234532073765
116.0, 3.8015234532073765
117.0, 3.8015234532073765
118.0, 3.8015234532073765
119.0, 3.8015234532073765
120.0, 3.8015234532073765
121.0, 3.8015234532073765
122.0, 3.8015234532073765
123.0, 3.8015234532073765
124.0, 3.8015234532073765
125.0, 3.8015234532073765
126.0, 3.8015234532073765
127.0, 3.8015234532073765
128.0, 3.8015234532073765
129.0, 3.8015234532073765
130.0, 3.8015234532073765
131.0, 3.79476674221864
132.0, 3.788024378225426
133.0, 3.781296437973373
134.0, 3.7745829985905246
135.0, 3.7678841375877905
136.0, 3.7611999328593626
137.0, 3.7545304626831015
138.0, 3.7478758057208923
139.0, 3.7412360410189573
140.0, 3.734611248008138
141.0, 3.7280015065041403
142.0, 3.721406896707736
143.0, 3.7191945167029083
144.0, 3.7126381335482734
145.0, 3.7060971341694704
146.0, 3.699571600164004
147.0, 3.6930616135124885
148.0, 3.6865672565785927
149.0, 3.680088612108938
150.0, 3.6736257632329536
151.0, 3.5839952184204575
152.0, 3.494376825866948
153.0, 3.4047714995863227
154.0, 3.3151803482408764
155.0, 3.2256045529571016
156.0, 3.136045429594499
157.0, 3.0465044484837667
158.0, 2.9569832577324644
159.0, 2.8674837108720763
160.0, 2.778007899817991
161.0, 2.6885581943698957
162.0, 2.5991372898144
163.0, 2.5097482646317038
164.0, 2.4203946508922534
165.0, 2.3310805207117355
166.0, 2.241810593191012
167.0, 2.235642026147249
168.0, 2.1467907171406244
169.0, 2.058079035551456
170.0, 1.9695256366443066
171.0, 1.8811528735510583
172.0, 1.7929874560038446
173.0, 1.7050615486111833
174.0, 1.6993638905106736
175.0, 1.613187929737025
176.0, 1.5275702813614975
177.0, 1.5222163947844822
178.0, 1.5169095359384552
179.0, 1.5116502001157222
180.0, 1.5064388850588386
181.0, 1.434956994264699
182.0, 1.430142051207218
183.0, 1.4253810008175813
184.0, 1.420674384921049
185.0, 1.4160227463103838
186.0, 1.411426628551599
187.0, 1.4068865757832776
188.0, 1.3215805687414572
189.0, 1.3172742932009687
190.0, 1.2314595655140355
191.0, 1.1461680285451465
192.0, 1.0615256753706186
193.0, 0.9777011255654542
194.0, 0.8949242113395934
195.0, 0.8135147932278544
196.0, 0.7339280722306873
197.0, 0.6568269431630194
198.0, 0.5831980563843027
199.0, 0.5145341915994591
200.0, 0.4530982424688031
201.0, 0.4022160140778291
202.0, 0.3663120913673521
203.0, 0.35002642219140956
204.0, 0.356061182707752
205.0, 0.3833637399119747
206.0, 0.4278820748480567
207.0, 0.48489741649362134
208.0, 0.5505406985110435
209.0, 0.622086600531466
210.0, 0.6977216766401145
211.0, 0.776251435572329
212.0, 0.8568805639473668
213.0, 0.865344065970439
214.0, 0.9443108171070331
215.0, 1.0248486588251045
216.0, 1.0330010798728673
217.0, 1.0411857126180393
218.0, 1.049401803371754
219.0, 1.0576486190121819
220.0, 1.0659254464057943
221.0, 1.0742315918417864
222.0, 1.0825663804797447
223.0, 1.0909291558105976
224.0, 1.099319279130845
225.0, 1.1077361290300274
226.0, 1.1161791008913526
227.0, 1.1246476064053832
228.0, 1.1331410730966456
229.0, 1.1416589438630118
230.0, 1.1502006765276782
231.0, 1.1502006765276782
232.0, 1.1502006765276782
233.0, 1.1502006765276782
234.0, 1.1502006765276782
235.0, 1.1502006765276782
236.0, 1.1502006765276782
237.0, 1.1502006765276782
238.0, 1.1502006765276782
239.0, 1.1502006765276782
240.0, 1.1502006765276782
241.0, 1.1502006765276782
242.0, 1.1502006765276782
243.0, 1.1502006765276782
244.0, 1.1502006765276782
245.0, 1.1502006765276782
246.0, 1.1502006765276782
247.0, 1.1502006765276782
248.0, 1.1502006765276782
249.0, 1.1502006765276782
250.0, 1.1502006765276782
251.0, 1.1502006765276782
252.0, 1.1502006765276782
253.0, 1.1502006765276782
254.0, 1.1502006765276782
255.0, 1.1502006765276782
256.0, 1.1502006765276782
257.0, 1.1502006765276782
258.0, 1.1502006765276782
259.0, 1.1502006765276782
260.0, 1.1502006765276782
261.0, 1.1416589438630118
262.0, 1.1331410730966456
263.0, 1.1246476064053832
264.0, 1.1161791008913526
265.0, 1.1077361290300274
266.0, 1.099319279130845
267.0, 1.0909291558105976
268.0, 1.0825663804797447
269.0, 1.0742315918417864
270.0, 1.0659254464057943
271.0, 1.0576486190121819
272.0, 1.049401803371754
273.0, 1.0411857126180393
274.0, 1.0330010798728673
275.0, 1.0248486588251045
276.0, 1.0167292243224109
277.0, 1.008643572975815
278.0, 1.0005925237768445
279.0, 0.9925769187268775
280.0, 0.984597623478292
281.0, 0.9766555279869095
282.0, 0.9687515471751297
ee_dist
0.0, 0.8922543192929631
1.0, 0.8961336653440607
2.0, 0.9709465728761947
3.0, 1.0465360131989798
4.0, 1.0725317684579392
5.0, 1.097209939816881
6.0, 1.1324332433059694
7.0, 1.1692077389140958
8.0, 1.2057866724046338
9.0, 1.2414767166152523
10.0, 1.2769215979855775
11.0, 1.3098614665614934
12.0, 1.3413354199122518
13.0, 1.3699932091050004
14.0, 1.3977721955956892
15.0, 1.4220432702556467
16.0, 1.4464228048077326
17.0, 1.467606465945303
18.0, 1.4887558091120296
19.0, 1.5069791895074425
20.0, 1.5256088519192537
21.0, 1.5023091232680148
22.0, 1.4689907805094191
23.0, 1.4327865100849253
24.0, 1.3932015075902813
25.0, 1.3504124259580255
26.0, 1.304422836401497
27.0, 1.2554366046918164
28.0, 1.2034789692837133
29.0, 1.148821360937524
30.0, 1.0915223407532224
31.0, 1.0319366233267957
32.0, 0.9701784894237464
33.0, 0.906712070124232
34.0, 0.8417602302367008
35.0, 0.7759885560790768
36.0, 0.7098757472718021
37.0, 0.6444960278595828
38.0, 0.5806466475001685
39.0, 0.5208058982746248
40.0, 0.46671756742355597
41.0, 0.48244753723414796
42.0, 0.7052289902157901
43.0, 1.2094437188721052
44.0, 1.1693726667819804
45.0, 1.1280864750562745
46.0, 1.0837995632012523
47.0, 1.0378212216949154
48.0, 0.9890536488441277
49.0, 0.9384517665016403
50.0, 0.8858777442519804
51.0, 0.8322106851935884
52.0, 0.7774614031178844
53.0, 0.7217662498047019
54.0, 0.66520318649401
55.0, 0.6079201266777916
56.0, 0.5508227295050452
57.0, 0.4941846549076029
58.0, 0.5468157739094047
59.0, 0.6215115519928205
60.0, 0.7050436322137993
61.0, 0.797009262061444
62.0, 0.8918352456400417
63.0, 0.9844076575693173
64.0, 1.0706934356698328
65.0, 1.137243890680583
66.0, 1.1935333985801748
67.0, 1.2509998822130084
68.0, 1.303845667952906
69.0, 1.3562427702058037
70.0, 1.409031236390047
71.0, 1.4601565379008001
72.0, 1.5164124614289338
73.0, 1.5779443202105496
74.0, 1.6442175812008528
75.0, 1.7215628320542902
76.0, 1.8081327727746939
77.0, 1.9040465999846325
78.0, 2.0041485515231843
79.0, 2.1032696461065417
80.0, 2.1970193275291785
81.0, 2.2755175170222732
82.0, 2.33902327464616
83.0, 2.4014117005157853
84.0, 2.4613715392173496
85.0, 2.520634983411423
86.0, 2.5693768481929364
87.0, 2.59771972720794
88.0, 2.6284172872031157
89.0, 2.6679841687631276
90.0, 2.718621910338607
91.0, 2.8027880099640314
92.0, 2.89635627817089
93.0, 2.9990501429471177
94.0, 3.105678179000883
95.0, 3.2142071358432425
96.0, 3.314892153126311
97.0, 3.4059782089828965
98.0, 3.476975231104669
99.0, 3.5454054153256087
100.0, 3.6099745717500062
101.0, 3.674744776666673
102.0, 3.736676785529956
103.0, 3.800181939946987
104.0, 3.863105184475851
105.0, 3.9338167790729375
106.0, 4.007435511214019
107.0, 4.089804585148899
108.0, 4.180429292041807
109.0, 4.281692885159098
110.0, 4.387525160141428
111.0, 4.4972215365053065
112.0, 4.599427572257005
113.0, 4.695280289139195
114.0, 4.769022082740039
115.0, 4.838715112622207
116.0, 4.8814460903003125
117.0, 4.926754233854754
118.0, 4.969864434306155
119.0, 5.013014220837319
120.0, 5.052640437697549
121.0, 5.092233541389465
122.0, 5.127951317602017
123.0, 5.163182429385872
124.0, 5.194046766413746
125.0, 5.2241040359637205
126.0, 5.249481537282116
127.0, 5.2737414026851415
128.0, 5.293073847104636
129.0, 5.311047349839416
130.0, 5.323915789144278
131.0, 5.335255052314204
132.0, 5.3413823224788075
133.0, 5.345875389355535
134.0, 5.345119155087716
135.0, 5.342695032057476
136.0, 5.335053336496298
137.0, 5.325777434107215
138.0, 5.311384660637617
139.0, 5.29546153865579
140.0, 5.273519190698871
141.0, 5.274394276101764
142.0, 5.273519243115219
143.0, 4.643658590124754
144.0, 4.633140355258808
145.0, 4.623225047271437
146.0, 4.617760386303144
147.0, 4.612915206529125
148.0, 4.612694820173134
149.0, 4.613084055495802
150.0, 4.618116565819235
151.0, 4.534813011935285
152.0, 4.453561807706427
153.0, 4.370337868864461
154.0, 4.289169534288192
155.0, 4.206034804402699
156.0, 4.124959799413146
157.0, 4.041925759122709
158.0, 3.960955315813266
159.0, 3.8780344190351204
160.0, 3.7971826892095524
161.0, 3.714390535906739
162.0, 3.633673353633252
163.0, 3.551027399407136
164.0, 3.4704642139684654
165.0, 3.3879867424985814
166.0, 3.3076000339030576
167.0, 3.314984683687421
168.0, 3.2366828582162297
169.0, 3.1566394698325215
170.0, 3.0787669463653025
171.0, 2.9991964227732657
172.0, 2.921823782646276
173.0, 2.8428051758817996
174.0, 2.856097645161503
175.0, 2.7805410910450714
176.0, 2.7073374299471498
177.0, 2.7218709514045694
178.0, 2.7403753383449576
179.0, 2.7593086604193053
180.0, 2.7816524528250057
181.0, 2.726409741270514
182.0, 2.705065942756406
183.0, 2.6840735108202667
184.0, 2.66671839581203
185.0, 2.6498427939953237
186.0, 2.637124063433204
187.0, 2.6249989275287997
188.0, 2.547008140690465
189.0, 2.5371705872827177
190.0, 2.4572765134367187
191.0, 2.3755624639120128
192.0, 2.2960208676282052
193.0, 2.2147044589826788
194.0, 2.135596155656155
195.0, 2.0547725453298478
196.0, 1.9762048495123217
197.0, 1.8940168051881359
198.0, 1.8460993433667454
199.0, 1.8074830131522868
200.0, 2.000175199303669
201.0, 1.665701433941483
202.0, 1.445553581564959
203.0, 1.4373875706426824
204.0, 1.3623062112263957
205.0, 1.286057305719729
206.0, 1.2086140737164974
207.0, 1.1228433500514876
208.0, 1.0667628576060146
209.0, 0.9996781969324867
210.0, 0.9343445834374686
211.0, 0.8714718783276199
212.0, 0.8138223701486954
213.0, 0.7840371344135486
214.0, 0.7338133898843343
215.0, 0.6639936085878597
216.0, 0.6574046137921024
217.0, 0.6382679243441571
218.0, 0.6221086498602468
219.0, 0.6084229298393802
220.0, 0.5998343793741292
221.0, 0.5928805545608283
222.0, 0.59164253229153
223.0, 0.5922270440341139
224.0, 0.5985170565363751
225.0, 0.6065443861742003
226.0, 0.6197689825731524
227.0, 0.6344459482605885
228.0, 0.6534514839805664
229.0, 0.6527639847569575
230.0, 0.6534510023707123
231.0, 0.6527640154126242
232.0, 0.6534514839805664
233.0, 0.6527639847569575
234.0, 0.6534510330089149
235.0, 0.6527639847569575
236.0, 0.6534514839805664
237.0, 0.6513265096723639
238.0, 0.6535099096399267
239.0, 0.6530930746519663
240.0, 0.6534388612445737
241.0, 0.6527530200975319
242.0, 0.6534527225554009
243.0, 0.6596572487133525
244.0, 0.6711828437809831
245.0, 0.6839217029689687
246.0, 0.6988457942146125
247.0, 0.7148367772224441
248.0, 0.7327224185408899
249.0, 0.7513388218613634
250.0, 0.7715752744395126
251.0, 0.7922522113030666
252.0, 0.8142521431377235
253.0, 0.836420655925355
254.0, 0.8595788892946086
255.0, 0.8826437086781705
256.0, 0.9063478957510933
257.0, 0.9297218391401426
258.0, 0.9534024625968176
259.0, 0.976551705809916
260.0, 1.009435478079112
261.0, 1.0400690340614789
262.0, 1.0700125178020141
263.0, 1.0444177691463805
264.0, 1.017405001872054
265.0, 0.9889893626168759
266.0, 0.9592278549880009
267.0, 0.9283192281360724
268.0, 0.8963237653716267
269.0, 0.863491439999354
270.0, 0.8299082862105462
271.0, 0.7942487633289449
272.0, 0.758729059110331
273.0, 0.7220137488640499
274.0, 0.688747827548273
275.0, 0.6554797891310097
276.0, 0.6229416295465566
277.0, 0.5903885459060829
278.0, 0.5616426424463623
279.0, 0.5357525198808584
280.0, 0.5125075605587935
281.0, 0.49375797785929404
282.0, 0.4388093984047742
ee_box_dist
0.0, 0.9156933820119512
1.0, 0.9481220885638673
2.0, 0.9792299714931816
3.0, 1.0120796244639778
4.0, 1.0467091378730924
5.0, 1.0823404642960421
6.0, 1.119723850761854
7.0, 1.1541206528058652
8.0, 1.1870492510652735
9.0, 1.2186220562610532
10.0, 1.2495337701387565
11.0, 1.2780457635768845
12.0, 1.3051567336901198
13.0, 1.3297115875795347
14.0, 1.3536632925092116
15.0, 1.3743385388974825
16.0, 1.3953714792244305
17.0, 1.4134492061258448
18.0, 1.431680821040957
19.0, 1.4472739864241766
20.0, 1.463430557950939
21.0, 1.4384489765796178
22.0, 1.4034570484154762
23.0, 1.3655711739990661
24.0, 1.3244118238496891
25.0, 1.280058647776052
26.0, 1.232568305535877
27.0, 1.1822784960794852
28.0, 1.1291090554858512
29.0, 1.0733926405528655
30.0, 1.0152661432274461
31.0, 0.9550787977585308
32.0, 0.8929815103435184
33.0, 0.8294520068857972
34.0, 0.7647398413841402
35.0, 0.699604652527051
36.0, 0.6346362455995135
37.0, 0.571249257698933
38.0, 0.5044196936255906
39.0, 0.44005153270303865
40.0, 0.3884060729659392
41.0, 0.4026315234123882
42.0, 0.417181120655913
43.0, 0.431640295034079
44.0, 0.4464022338741802
45.0, 0.46095818304485014
46.0, 0.4757319986386881
47.0, 0.4902512930629965
48.0, 0.5048601061872455
49.0, 0.5192412002874408
50.0, 0.5335391092826368
51.0, 0.5476620326937014
52.0, 0.5615722518044032
53.0, 0.5753193845532175
54.0, 0.5888153209739364
55.0, 0.602151870519437
56.0, 0.6152388279836377
57.0, 0.628155321382094
58.0, 0.6408095599171719
59.0, 0.6532526489808339
60.0, 0.6654166949465353
61.0, 0.6773280638798661
62.0, 0.688942411768827
63.0, 0.7002767625432412
64.0, 0.7112890516279718
65.0, 0.7219962079158029
66.0, 0.7323542019414413
67.0, 0.7423832028412453
68.0, 0.7520437190758067
69.0, 0.7613595442423536
70.0, 0.7702935081408149
71.0, 0.7788662234039642
72.0, 0.7870432934465307
73.0, 0.7948417447073464
74.0, 0.8022304581165345
75.0, 0.8092222647186185
76.0, 0.8157896506317114
77.0, 0.8219420202671499
78.0, 0.8276537311724108
79.0, 0.8329317962985386
80.0, 0.837751841133674
81.0, 0.8421188256339519
82.0, 0.8460084290173434
83.0, 0.8494258849799158
84.0, 0.8523462679071666
85.0, 0.8547762475888728
86.0, 0.8733178247412701
87.0, 0.9165272226306873
88.0, 0.9552802174335462
89.0, 0.9890249772591859
90.0, 1.0149462210346598
91.0, 1.014005307507304
92.0, 1.0142219529793595
93.0, 1.013368282660838
94.0, 1.0143632961810545
95.0, 1.0133858210112483
96.0, 1.0143605772281934
97.0, 1.013385490666371
98.0, 1.0143607946167859
99.0, 1.0133858050129432
100.0, 1.014360879329558
101.0, 1.013385889717934
102.0, 1.01436112121797
103.0, 1.0133861193595195
104.0, 1.0143612943812967
105.0, 1.0133862322995073
106.0, 1.0143615080321204
107.0, 1.0133865184110906
108.0, 1.0143616087325822
109.0, 1.0133865184110906
110.0, 1.0143617781581276
111.0, 1.0133867480526848
112.0, 1.0143619795590535
113.0, 1.0133869174626668
114.0, 1.0143621932098814
115.0, 1.0114093358987755
116.0, 1.0144444186967394
117.0, 1.0138412686999474
118.0, 1.0143358080412894
119.0, 1.0133666266791705
120.0, 1.0143588333053353
121.0, 1.0133718848240936
122.0, 1.014352837784694
123.0, 1.013372021931344
124.0, 1.014352675511636
125.0, 1.0133770495696013
126.0, 1.0143521070224137
127.0, 1.0133773159209933
128.0, 1.014352675511636
129.0, 1.0133776020324312
130.0, 1.0143527762120599
131.0, 1.0133777432073012
132.0, 1.0143529616251878
133.0, 1.0133779728487953
134.0, 1.0143530463378916
135.0, 1.0133780575537177
136.0, 1.014353203513453
137.0, 1.0133782147269272
138.0, 1.0143532759763114
139.0, 1.0133782429619014
140.0, 1.0143534613894427
141.0, 1.0133783314285323
142.0, 1.0143535056147364
143.0, 1.738972931736796
144.0, 1.73769404193273
145.0, 1.7364605600072192
146.0, 1.731461586507269
147.0, 1.7265179864323266
148.0, 1.7178765706376649
149.0, 1.7092941512642135
150.0, 1.697145771322606
151.0, 1.7720655499829856
152.0, 1.845989018594915
153.0, 1.922421255377202
154.0, 1.9976496188633868
155.0, 2.075270559540169
156.0, 2.151531630468685
157.0, 2.2301001105580207
158.0, 2.307190446371662
159.0, 2.386525138663229
160.0, 2.4642895398798825
161.0, 2.544250723243729
162.0, 2.6225700509584606
163.0, 2.7030499701192774
164.0, 2.781830622028664
165.0, 2.8627432673431996
166.0, 2.941911626817671
167.0, 2.9344553985842436
168.0, 3.012264497102379
169.0, 3.0922224380055066
170.0, 3.1704871814528306
171.0, 3.2508775897742312
172.0, 3.329533607367692
173.0, 3.410297101381896
174.0, 3.400051875400599
175.0, 3.4792009275466547
176.0, 3.556681277038049
177.0, 3.5466904190699298
178.0, 3.532834035711896
179.0, 3.5188306801747853
180.0, 3.501238288499431
181.0, 3.569623731796069
182.0, 3.585196973671024
183.0, 3.6006279295499155
184.0, 3.6122908249545276
185.0, 3.6237934049402925
186.0, 3.631301767272021
187.0, 3.6386326519194
188.0, 3.719415540594394
189.0, 3.724498117303232
190.0, 3.8060181528775927
191.0, 3.8895633151480933
192.0, 3.9711494868670814
193.0, 4.054759333077812
194.0, 4.136404143913632
195.0, 4.220070986766673
196.0, 4.301767788808144
197.0, 4.387116109903686
198.0, 4.447527498284124
199.0, 4.5139785270597175
200.0, 4.567434520062103
201.0, 4.652168032070629
202.0, 4.901416758005308
203.0, 4.8766880336870075
204.0, 4.9631852324658885
205.0, 5.042445493360723
206.0, 5.130305394939896
207.0, 5.228133428878552
208.0, 5.296617651740756
209.0, 5.37869728719879
210.0, 5.4616675689212295
211.0, 5.545467526402606
212.0, 5.627409924434186
213.0, 5.6388153669350904
214.0, 5.711031021964966
215.0, 5.813341418603504
216.0, 5.79292538526593
217.0, 5.790024186609214
218.0, 5.784531563699034
219.0, 5.77740881492855
220.0, 5.766390584548064
221.0, 5.7550626832376945
222.0, 5.739951300824366
223.0, 5.724507496332448
224.0, 5.70564433066497
225.0, 5.6864524123274975
226.0, 5.664291636234217
227.0, 5.641812001180716
228.0, 5.616896210678792
229.0, 5.617358512275872
230.0, 5.616896787242518
231.0, 5.61735863238122
232.0, 5.616896479734
233.0, 5.617358733294417
234.0, 5.616896986619538
235.0, 5.61735884380369
236.0, 5.616896595034952
237.0, 5.618202536119735
238.0, 5.616855238333301
239.0, 5.617144900679157
240.0, 5.616900830984776
241.0, 5.617360486024072
242.0, 5.616891578228774
243.0, 5.615526005086119
244.0, 5.615919339053037
245.0, 5.615616752563681
246.0, 5.6142630876903405
247.0, 5.61220668915581
248.0, 5.608989552978959
249.0, 5.604993034445045
250.0, 5.599778050882537
251.0, 5.59379807871013
252.0, 5.586618244408915
253.0, 5.578794206509189
254.0, 5.569860062322288
255.0, 5.560470126610457
256.0, 5.550109205602898
257.0, 5.539501557148564
258.0, 5.528090938258529
259.0, 5.516640298602868
260.0, 5.499628450216896
261.0, 5.484159903864772
262.0, 5.4683835044418085
263.0, 5.493989317330533
264.0, 5.520454174424902
265.0, 5.547484781083668
266.0, 5.574863289382204
267.0, 5.6023700848824385
268.0, 5.629792991866288
269.0, 5.656911992581138
270.0, 5.683523091238258
271.0, 5.710848834226696
272.0, 5.736611924536301
273.0, 5.762303726743201
274.0, 5.783766326096004
275.0, 5.804845888477749
276.0, 5.824482585934894
277.0, 5.8437547265685605
278.0, 5.8598104672801
279.0, 5.873869400636517
280.0, 5.886500230187355
281.0, 5.896577718170864
282.0, 5.939886033591642
spot_hold
0, 0
1, 0
2, 0
3, 0
4, 0
5, 0
6, 0
7, 0
8, 0
9, 0
10, 0
11, 0
12, 0
13, 0
14, 0
15, 0
16, 0
17, 0
18, 0
19, 0
20, 0
21, 0
22, 0
23, 0
24, 0
25, 0
26, 0
27, 0
28, 0
29, 0
30, 0
31, 0
32, 0
33, 0
34, 0
35, 0
36, 0
37, 0
38, 0
39, 0
40, 0
41, 1
42, 1
43, 1
44, 1
45, 1
46, 1
47, 1
48, 1
49, 1
50, 1
51, 1
52, 1
53, 1
54, 1
55, 1
56, 1
57, 1
58, 1
59, 1
60, 1
61, 1
62, 1
63, 1
64, 1
65, 1
66, 1
67, 1
68, 1
69, 1
70, 1
71, 1
72, 1
73, 1
74, 1
75, 1
76, 1
77, 1
78, 1
79, 1
80, 1
81, 1
82, 1
83, 1
84, 1
85, 1
86, 1
87, 1
88, 1
89, 1
90, 1
91, 1
92, 1
93, 1
94, 1
95, 1
96, 1
97, 1
98, 1
99, 1
100, 1
101, 1
102, 1
103, 1
104, 1
105, 1
106, 1
107, 1
108, 1
109, 1
110, 1
111, 1
112, 1
113, 1
114, 1
115, 1
116, 1
117, 1
118, 1
119, 1
120, 1
121, 1
122, 1
123, 1
124, 1
125, 1
126, 1
127, 1
128, 1
129, 1
130, 1
131, 1
132, 1
133, 1
134, 1
135, 1
136, 1
137, 1
138, 1
139, 1
140, 1
141, 1
142, 1
143, 1
144, 1
145, 1
146, 1
147, 1
148, 1
149, 1
150, 1
151, 1
152, 1
153, 1
154, 1
155, 1
156, 1
157, 1
158, 1
159, 1
160, 1
161, 1
162, 1
163, 1
164, 1
165, 1
166, 1
167, 1
168, 1
169, 1
170, 1
171, 1
172, 1
173, 1
174, 1
175, 1
176, 1
177, 1
178, 1
179, 1
180, 1
181, 1
182, 1
183, 1
184, 1
185, 1
186, 1
187, 1
188, 1
189, 1
190, 1
191, 1
192, 1
193, 1
194, 1
195, 1
196, 1
197, 1
198, 1
199, 1
200, 1
201, 1
202, 1
203, 1
204, 1
205, 1
206, 1
207, 1
208, 1
209, 1
210, 1
211, 1
212, 1
213, 1
214, 1
215, 1
216, 1
217, 1
218, 1
219, 1
220, 1
221, 1
222, 1
223, 1
224, 1
225, 1
226, 1
227, 1
228, 1
229, 1
230, 1
231, 1
232, 1
233, 1
234, 1
235, 1
236, 1
237, 1
238, 1
239, 1
240, 1
241, 1
242, 1
243, 1
244, 1
245, 1
246, 1
247, 1
248, 1
249, 1
250, 1
251, 1
252, 1
253, 1
254, 1
255, 1
256, 1
257, 1
258, 1
259, 1
260, 1
261, 1
262, 1
263, 1
264, 1
265, 1
266, 1
267, 1
268, 1
269, 1
270, 1
271, 1
272, 1
273, 1
274, 1
275, 1
276, 1
277, 1
278, 1
279, 1
280, 1
281, 1
282, 1
