bot_dist
0.0, 2.997946656345891
1.0, 3.0015347157530137
2.0, 3.0051517689795504
3.0, 3.0087977114599602
4.0, 3.0124724383017756
5.0, 3.016175844297606
6.0, 3.0199078239370625
7.0, 3.0236682714186043
8.0, 3.027457080661299
9.0, 3.0312741453165
10.0, 3.0351193587794367
11.0, 3.0389926142007155
12.0, 3.0428938044977314
13.0, 3.046822822365986
14.0, 3.050779560290315
15.0, 3.054763910556015
16.0, 3.058775765259881
17.0, 3.062815016321135
18.0, 3.0668815554922695
19.0, 3.0709752743697742
20.0, 3.075096064404771
21.0, 3.0792438169135448
22.0, 3.083418423087962
23.0, 3.087619774005794
24.0, 3.091847760640926
25.0, 3.0961022738734587
26.0, 3.1003832044997073
27.0, 3.104690443242083
28.0, 3.1090238807588713
29.0, 3.113383407653892
30.0, 3.1177689144860534
31.0, 3.122180291778793
32.0, 3.1266174300294
33.0, 3.1310802197182315
34.0, 3.1355685513178098
35.0, 3.1400823153018047
36.0, 3.144621402153906
37.0, 3.149185702376573
38.0, 3.153775106499676
39.0, 3.158389505089015
40.0, 3.1630287887547275
41.0, 3.167692848159579
42.0, 3.172381574027133
43.0, 3.177094744487091
44.0, 3.181832361908253
45.0, 3.186594317252251
46.0, 3.191380501573035
47.0, 3.196190806024463
48.0, 3.201025121867772
49.0, 3.2058833404789375
50.0, 3.210765353355914
51.0, 3.2156710521257614
52.0, 3.2206003285516505
53.0, 3.225553074539765
54.0, 3.2305291821460753
55.0, 3.2355285435830083
56.0, 3.240551051225996
57.0, 3.2455965976199135
58.0, 3.2506650754854065
59.0, 3.2557563777250986
60.0, 3.260870397429695
61.0, 3.266007027883968
62.0, 3.2711661625726345
63.0, 3.2763476951861215
64.0, 3.2815515196262233
65.0, 3.286777530011649
66.0, 3.2920256206834573
67.0, 3.2972956862103917
68.0, 3.302587621394101
69.0, 3.3079013212742554
70.0, 3.313236681133558
71.0, 3.3185935965026494
72.0, 3.323971963164912
73.0, 3.3293716771611637
74.0, 3.334792634794255
75.0, 3.3402347326335633
76.0, 3.3456978675193825
77.0, 3.3511819365672175
78.0, 3.3566868371719747
79.0, 3.3622124670120597
80.0, 3.3677587240533686
81.0, 3.3733255065531926
82.0, 3.3789127130640217
83.0, 3.384520242437252
84.0, 3.390147993826802
85.0, 3.3957958666926364
86.0, 3.4014637608041967
87.0, 3.407151576243739
88.0, 3.412859213409585
89.0, 3.4185865730192817
90.0, 3.424333556112675
91.0, 3.4301000640548907
92.0, 3.435885998539239
93.0, 3.441691261590024
94.0, 3.447515755565275
95.0, 3.4533593831593925
96.0, 3.459222047405711
97.0, 3.465103651678984
98.0, 3.4710040996977853
99.0, 3.4769232955268317
100.0, 3.4828611435792305
101.0, 3.4828611435792305
102.0, 3.4828611435792305
103.0, 3.4828611435792305
104.0, 3.4828611435792305
105.0, 3.4828611435792305
106.0, 3.4828611435792305
107.0, 3.4828611435792305
108.0, 3.4828611435792305
109.0, 3.4828611435792305
110.0, 3.4828611435792305
111.0, 3.4828611435792305
112.0, 3.4828611435792305
113.0, 3.4828611435792305
114.0, 3.4828611435792305
115.0, 3.4828611435792305
116.0, 3.4828611435792305
117.0, 3.4828611435792305
118.0, 3.4828611435792305
119.0, 3.4828611435792305
120.0, 3.4828611435792305
121.0, 3.4828611435792305
122.0, 3.4828611435792305
123.0, 3.4828611435792305
124.0, 3.4828611435792305
125.0, 3.4828611435792305
126.0, 3.4828611435792305
127.0, 3.4828611435792305
128.0, 3.4828611435792305
129.0, 3.4828611435792305
130.0, 3.4828611435792305
131.0, 3.4769232955268317
132.0, 3.4710040996977853
133.0, 3.465103651678984
134.0, 3.459222047405711
135.0, 3.4533593831593925
136.0, 3.447515755565275
137.0, 3.441691261590024
138.0, 3.435885998539239
139.0, 3.4301000640548907
140.0, 3.424333556112675
141.0, 3.4185865730192817
142.0, 3.412859213409585
143.0, 3.4119124208754217
144.0, 3.4062325552269637
145.0, 3.4005726094983735
146.0, 3.3949326833196074
147.0, 3.389312876630202
148.0, 3.383713289675922
149.0, 3.3781340230053245
150.0, 3.372575177466227
151.0, 3.2841042012694457
152.0, 3.195711138393668
153.0, 3.107402587862593
154.0, 3.019186019407351
155.0, 2.93106973820862
156.0, 2.8430630690204133
157.0, 2.7551765156412524
158.0, 2.667421950869838
159.0, 2.5798128438612182
160.0, 2.4923645336202815
161.0, 2.405094559736281
162.0, 2.318023064558622
163.0, 2.2311732850915713
164.0, 2.144572158290497
165.0, 2.0582510706546677
166.0, 1.972246792699962
167.0, 1.9677748193347322
168.0, 1.884039118777044
169.0, 1.800953325826741
170.0, 1.718611458700922
171.0, 1.6371257720765735
172.0, 1.5566307284208465
173.0, 1.4772882721995075
174.0, 1.474104196438508
175.0, 1.3997305196796381
176.0, 1.3274282945076918
177.0, 1.325042437083292
178.0, 1.3227278793093427
179.0, 1.3204849961098697
180.0, 1.318314153310547
181.0, 1.270566917664269
182.0, 1.2690724165567149
183.0, 1.2676550415179395
184.0, 1.2663150515275132
185.0, 1.265052692492664
186.0, 1.2638681970281862
187.0, 1.262761784246795
188.0, 1.261733659560349
189.0, 1.2607839927880515
190.0, 1.2599129868482946
191.0, 1.259120804983691
192.0, 1.1790932848554303
193.0, 1.1786483963209393
194.0, 1.0981145010779472
195.0, 1.0185357309348015
196.0, 0.9401546549847994
197.0, 0.8632975603890928
198.0, 0.7884102628983254
199.0, 0.7161110038943188
200.0, 0.6472676720838404
201.0, 0.5831054844372596
202.0, 0.5253425968526568
203.0, 0.4763126600508592
204.0, 0.43895211227716474
205.0, 0.4164134992171503
206.0, 0.41114204083127803
207.0, 0.4237822112800985
208.0, 0.4528369537337518
209.0, 0.495426312307149
210.0, 0.5484063672646882
211.0, 0.6090712662051162
212.0, 0.6753536027205838
213.0, 0.7457565801644984
214.0, 0.8192189176366088
215.0, 0.8949872672794816
216.0, 0.9725231007205369
217.0, 0.9793191234720969
218.0, 1.0545995100297774
219.0, 1.1313438075196152
220.0, 1.13769908444277
221.0, 1.1441064687459084
222.0, 1.1505650898866722
223.0, 1.1570740898754053
224.0, 1.1636326233014642
225.0, 1.170239857344329
226.0, 1.1768949717704131
227.0, 1.1835971589164391
228.0, 1.1903456236602163
229.0, 1.1971395833796368
230.0, 1.2039782679006665
231.0, 1.2039782679006665
232.0, 1.2039782679006665
233.0, 1.2039782679006665
234.0, 1.2039782679006665
235.0, 1.2039782679006665
236.0, 1.2039782679006665
237.0, 1.2039782679006665
238.0, 1.2039782679006665
239.0, 1.2039782679006665
240.0, 1.2039782679006665
241.0, 1.2039782679006665
242.0, 1.2039782679006665
243.0, 1.2039782679006665
244.0, 1.2039782679006665
245.0, 1.2039782679006665
246.0, 1.2039782679006665
247.0, 1.2039782679006665
248.0, 1.2039782679006665
249.0, 1.2039782679006665
250.0, 1.2039782679006665
251.0, 1.2039782679006665
252.0, 1.2039782679006665
253.0, 1.2039782679006665
254.0, 1.2039782679006665
255.0, 1.2039782679006665
256.0, 1.2039782679006665
257.0, 1.2039782679006665
258.0, 1.2039782679006665
259.0, 1.2039782679006665
260.0, 1.2039782679006665
261.0, 1.1971395833796368
262.0, 1.1903456236602163
263.0, 1.1835971589164391
264.0, 1.1768949717704131
265.0, 1.170239857344329
266.0, 1.1636326233014642
267.0, 1.1570740898754053
268.0, 1.1505650898866722
269.0, 1.1441064687459084
270.0, 1.13769908444277
271.0, 1.1313438075196152
272.0, 1.1250415210290778
273.0, 1.1187931204745767
274.0, 1.1125995137327889
275.0, 1.1064616209571003
276.0, 1.1003803744610168
277.0, 1.0943567185805092
278.0, 1.0883916095142456
279.0, 1.082486015140657
280.0, 1.0766409148107672
281.0, 1.0708572991157184
282.0, 1.0651361696279185
ee_dist
0.0, 1.1950024734241749
1.0, 1.2401151483555246
2.0, 1.339842302175919
3.0, 1.4277100879588833
4.0, 1.4580092575833477
5.0, 1.4836942434737512
6.0, 1.5168058796382315
7.0, 1.5502748494849268
8.0, 1.5848824191574995
9.0, 1.618893355599943
10.0, 1.6526454026735293
11.0, 1.684404259872532
12.0, 1.7151196911014976
13.0, 1.7431997097147516
14.0, 1.77066749109441
15.0, 1.7952418866286641
16.0, 1.8194719070327485
17.0, 1.840683433251877
18.0, 1.8619818975145577
19.0, 1.8803571615057566
20.0, 1.8992372105391107
21.0, 1.8724035735994606
22.0, 1.8343568782337045
23.0, 1.793276725970447
24.0, 1.7486788934256483
25.0, 1.7008032917683882
26.0, 1.649740142190665
27.0, 1.5957771224271855
28.0, 1.5390567059851217
29.0, 1.4799676377129043
30.0, 1.4187298627151759
31.0, 1.3558592768843472
32.0, 1.291695144153141
33.0, 1.226922130381861
34.0, 1.1620690842505923
35.0, 1.098079710155865
36.0, 1.0357968192663871
37.0, 0.9765389015002632
38.0, 0.9215818973871647
39.0, 0.8726207758508678
40.0, 0.8313815938187397
41.0, 0.8451524057121086
42.0, 0.802866781097897
43.0, 0.8897511941855455
44.0, 0.8457948279695143
45.0, 0.8003810299584035
46.0, 0.7531951182390498
47.0, 0.7040798394185509
48.0, 0.6533556609631449
49.0, 0.6009994420206999
50.0, 0.5477514945509243
51.0, 0.49431034735698953
52.0, 0.4413276522648643
53.0, 0.38922880385257735
54.0, 0.3390965276414111
55.0, 0.292477532084778
56.0, 0.30590206631265304
57.0, 0.36716408028207204
58.0, 0.44046929940930657
59.0, 0.5252603881638301
60.0, 0.617770779313807
61.0, 0.7104774550700168
62.0, 0.7982911938940223
63.0, 0.8736960564990457
64.0, 0.9334361897189669
65.0, 0.9938628274506028
66.0, 1.0491839061156334
67.0, 1.1031600615715456
68.0, 1.1553813997660878
69.0, 1.2080566956884808
70.0, 1.2604661259096752
71.0, 1.319628820988665
72.0, 1.3835714923147924
73.0, 1.4555160578726005
74.0, 1.5386005151459676
75.0, 1.6302286995340145
76.0, 1.7283630915068173
77.0, 1.827422567048065
78.0, 1.921472936728855
79.0, 2.004961906598703
80.0, 2.071316472141661
81.0, 2.1343179816861726
82.0, 2.195365308916351
83.0, 2.2547622356142
84.0, 2.3131893537661474
85.0, 2.371066345858916
86.0, 2.4217329919685153
87.0, 2.4586410866822384
88.0, 2.501128204974299
89.0, 2.5527300488421982
90.0, 2.6185441102847444
91.0, 2.7181978488864367
92.0, 2.823027529769126
93.0, 2.9315833880702167
94.0, 3.0333554002882535
95.0, 3.1291304821702046
96.0, 3.203441466857568
97.0, 3.272535938119414
98.0, 3.339191952853008
99.0, 3.4045926921085616
100.0, 3.4678563564061125
101.0, 3.530628272054576
102.0, 3.5919445302123556
103.0, 3.6607536352603547
104.0, 3.7330056293718465
105.0, 3.8106879166720606
106.0, 3.8989720052940915
107.0, 3.9973845415126967
108.0, 4.101620666424666
109.0, 4.2121296669354
110.0, 4.313855841535857
111.0, 4.413200497359723
112.0, 4.4912451354782785
113.0, 4.560079955844568
114.0, 4.605414050425277
115.0, 4.651862709268174
116.0, 4.695461572464743
117.0, 4.739591401519052
118.0, 4.780341466724426
119.0, 4.8211085903493425
120.0, 4.858032035097555
121.0, 4.894518859197126
122.0, 4.926766858121692
123.0, 4.958189409074379
124.0, 4.985046678305682
125.0, 5.010752912234984
126.0, 5.031645141457761
127.0, 5.051127573852124
128.0, 5.065608144706824
129.0, 5.078490312380879
130.0, 5.086252754315108
131.0, 5.092296130997658
132.0, 5.093173494198145
133.0, 5.092274170476764
134.0, 5.086231132271989
135.0, 5.078425478306446
136.0, 5.065564779948478
137.0, 5.051020709429201
138.0, 5.031582411990207
139.0, 5.0106068505618095
140.0, 4.984965123674356
141.0, 4.958003821911694
142.0, 4.926668616599877
143.0, 4.37020317587169
144.0, 4.353982864411466
145.0, 4.338267797764494
146.0, 4.326667758367141
147.0, 4.315614184256269
148.0, 4.3090352735909265
149.0, 4.303021704432312
150.0, 4.301694612674814
151.0, 4.217561755952114
152.0, 4.135528051196981
153.0, 4.051415733277126
154.0, 3.9694034349397214
155.0, 3.885314324387245
156.0, 3.8033262561305015
157.0, 3.71926349396994
158.0, 3.637303012675502
159.0, 3.553270337316383
160.0, 3.4713414432537673
161.0, 3.387343328535354
162.0, 3.30545083755155
163.0, 3.2096994225679327
164.0, 3.1402560010294573
165.0, 3.0475599960178905
166.0, 2.9569703417481596
167.0, 2.9731593343639404
168.0, 2.8899516313184717
169.0, 2.8057958934893126
170.0, 2.7236193601211798
171.0, 2.639337460128872
172.0, 2.5571640647060265
173.0, 2.4728976837250913
174.0, 2.476076161731175
175.0, 2.3921349178419686
176.0, 2.310322603218574
177.0, 2.314371690768594
178.0, 2.323229687175332
179.0, 2.332717734279757
180.0, 2.3467251789528314
181.0, 2.27205668638886
182.0, 2.2595422130345284
183.0, 2.247611561739191
184.0, 2.2403530247416996
185.0, 2.2337701142045425
186.0, 2.232076410793145
187.0, 2.23111371889537
188.0, 2.2350635689534584
189.0, 2.239756549652685
190.0, 2.2491876051200954
191.0, 2.2593309650843048
192.0, 2.186383454491229
193.0, 2.1866354119861877
194.0, 2.1320705806565923
195.0, 2.0630838725693126
196.0, 1.9966467511065529
197.0, 1.9303359153427122
198.0, 1.8670734946047582
199.0, 1.800005746198204
200.0, 1.7367872206839436
201.0, 1.660466465590642
202.0, 1.6398975955426673
203.0, 1.5933258726249095
204.0, 1.5190799362443552
205.0, 1.4754131754994149
206.0, 1.427676799620186
207.0, 1.385251337742176
208.0, 1.347502332562546
209.0, 1.3130562361193405
210.0, 1.283896989466594
211.0, 1.2589167281093623
212.0, 1.2395867196844919
213.0, 1.225227166424084
214.0, 1.216681723783594
215.0, 1.2136915743830978
216.0, 1.2163917635128594
217.0, 1.245670735982355
218.0, 1.2604835352441472
219.0, 1.2810222111329712
220.0, 1.252135123956556
221.0, 1.2233111232880234
222.0, 1.1940181657149422
223.0, 1.1648301754790695
224.0, 1.1359251439705706
225.0, 1.1072061347653857
226.0, 1.079598300680663
227.0, 1.0523047017875098
228.0, 1.0270142111147258
229.0, 1.002216458240107
230.0, 0.9803426148731426
231.0, 0.9591830113050155
232.0, 0.9418441930508273
233.0, 0.9254553045134841
234.0, 0.9136765736713017
235.0, 0.9030549437916664
236.0, 0.8976211082034321
237.0, 0.8934688975457847
238.0, 0.8947808353445315
239.0, 0.8973747141692385
240.0, 0.9053578995042935
241.0, 0.9043367746450162
242.0, 0.9053578995042935
243.0, 0.9131034953525605
244.0, 0.9266315341890824
245.0, 0.9390520957523989
246.0, 0.9546806280195488
247.0, 0.9712620089123487
248.0, 0.9898551240937866
249.0, 1.0092145830566772
250.0, 1.0304694055252996
251.0, 1.0522413100443773
252.0, 1.0756941741691246
253.0, 1.0993720122785777
254.0, 1.1244067749427777
255.0, 1.1493413285081582
256.0, 1.1752461929717541
257.0, 1.2007435610965647
258.0, 1.2268311926232232
259.0, 1.2522603955209501
260.0, 1.277972187756658
261.0, 1.3027955986081976
262.0, 1.327655934919685
263.0, 1.29792060124796
264.0, 1.2605408214829712
265.0, 1.2212715448123377
266.0, 1.179789609087389
267.0, 1.1362938816579398
268.0, 1.090833040464372
269.0, 1.0436238579884425
270.0, 0.9947331164765327
271.0, 0.9444326871443515
272.0, 0.8928240956145321
273.0, 0.8412202972732067
274.0, 0.787171605158802
275.0, 0.7309409128116091
276.0, 0.6701915133020546
277.0, 0.6157341632429341
278.0, 0.5590861542283163
279.0, 0.5106104769873417
280.0, 0.46140546046662057
281.0, 0.4160465079961385
282.0, 0.3817774437777835
ee_box_dist
0.0, 0.7916153791425136
1.0, 0.8447283216654329
2.0, 0.8888790968274816
3.0, 0.9825942911617855
4.0, 1.1937919842711586
5.0, 1.3385705900928684
6.0, 1.3755981071266155
7.0, 1.4148399429477134
8.0, 1.4379459123231422
9.0, 1.4681645228067761
10.0, 1.4861879952461234
11.0, 1.523728894336491
12.0, 1.542749752329741
13.0, 1.5661687877004122
14.0, 1.5849272917261765
15.0, 1.6015610126663649
16.0, 1.6176651003685079
17.0, 1.6318404628159877
18.0, 1.6458941764712596
19.0, 1.6580447111264325
20.0, 1.6704374866051925
21.0, 1.6657537746042128
22.0, 1.6571987707615063
23.0, 1.6454757838014997
24.0, 1.630374355560397
25.0, 1.6120084410330366
26.0, 1.590316492591983
27.0, 1.5654468936190713
28.0, 1.5373529102421732
29.0, 1.506237737267014
30.0, 1.4720732675794792
31.0, 1.4351231207224273
32.0, 1.3954188549342266
33.0, 1.3533417877256748
34.0, 1.309025844406185
35.0, 1.2628177808840695
36.0, 1.2148523282233812
37.0, 1.1652428297157482
38.0, 1.1142341430974656
39.0, 1.0624834973931245
40.0, 1.0103766678532418
41.0, 1.019432436289203
42.0, 1.0282272280080746
43.0, 1.03689697303642
44.0, 1.0453109812050145
45.0, 1.0535658237712013
46.0, 1.0615860559713501
47.0, 1.0694098782196748
48.0, 1.0770303566814023
49.0, 1.084427375937469
50.0, 1.0916435801296607
51.0, 1.0986219699539448
52.0, 1.1054026068855676
53.0, 1.111899691717517
54.0, 1.1181156918013593
55.0, 1.1239454279293617
56.0, 1.1293872896974364
57.0, 1.1344030225915578
58.0, 1.1390004373479956
59.0, 1.1436745233962333
60.0, 1.1466965877405975
61.0, 1.1499676279177569
62.0, 1.1535319141329883
63.0, 1.1551896035856526
64.0, 1.157725656307172
65.0, 1.159379195574216
66.0, 1.1611565750273087
67.0, 1.1624485675177259
68.0, 1.1633823826684864
69.0, 1.1640126334011007
70.0, 1.1642671400769602
71.0, 1.1642124979877075
72.0, 1.1637830482119627
73.0, 1.1630452756610463
74.0, 1.1619355196243195
75.0, 1.1605202328876922
76.0, 1.1587351385289302
77.0, 1.1566478051882838
78.0, 1.1541954003309869
79.0, 1.1514443574041788
80.0, 1.1483325792861174
81.0, 1.1449273848902008
82.0, 1.1411669394238213
83.0, 1.1371193757509428
84.0, 1.1327234282579957
85.0, 1.1280490484185144
86.0, 1.1538230462830212
87.0, 1.1936120809850448
88.0, 1.220653050059243
89.0, 1.242452632853689
90.0, 1.257876667282051
91.0, 1.2574035898736484
92.0, 1.2576767001440445
93.0, 1.2570681531727936
94.0, 1.2576902922066886
95.0, 1.2570849542422309
96.0, 1.257688772092525
97.0, 1.2570843529653406
98.0, 1.2576888135335467
99.0, 1.257084411722288
100.0, 1.2570652070050337
101.0, 1.2572961181511448
102.0, 1.2576827716462606
103.0, 1.2570752781154064
104.0, 1.25768966784573
105.0, 1.257084695059611
106.0, 1.2576888135335467
107.0, 1.2570843823438131
108.0, 1.257688913802449
109.0, 1.2548674605438193
110.0, 1.2578282463697223
111.0, 1.257309353839293
112.0, 1.2576802722063973
113.0, 1.2570738017464678
114.0, 1.257689692496279
115.0, 1.2570847317618368
116.0, 1.257688708501231
117.0, 1.2570843188332441
118.0, 1.257688749942255
119.0, 1.257084348211714
120.0, 1.2576887793561895
121.0, 1.2570842479989213
122.0, 1.257688749942255
123.0, 1.257084348211714
124.0, 1.2576887793561895
125.0, 1.2570790421469955
126.0, 1.2576895351518182
127.0, 1.2570859002484573
128.0, 1.2576886789974926
129.0, 1.2570842946576157
130.0, 1.2576887672392862
131.0, 1.2570843361134696
132.0, 1.257688838094246
133.0, 1.2570843361134696
134.0, 1.257688838094246
135.0, 1.2570843361134696
136.0, 1.2576887672392862
137.0, 1.2570843654919404
138.0, 1.2576887966532215
139.0, 1.2570842652791459
140.0, 1.2576887672392862
141.0, 1.2570843654919404
142.0, 1.2576887966532215
143.0, 1.796978357261062
144.0, 1.7832987626197272
145.0, 1.7696902122702727
146.0, 1.7536784164516517
147.0, 1.7377387933385675
148.0, 1.7197186530745667
149.0, 1.7017743240227097
150.0, 1.6821281510163806
151.0, 1.7197261052570256
152.0, 1.7596134838349906
153.0, 1.8034048159546994
154.0, 1.8489131872994837
155.0, 1.8980611424095528
156.0, 1.9484034361579718
157.0, 2.002138514992328
158.0, 2.0566058300220487
159.0, 2.1142461494094165
160.0, 2.172218852766774
161.0, 2.2331749349622343
162.0, 2.2941223948901146
163.0, 2.36413452696364
164.0, 2.4210089979046785
165.0, 2.491457946516561
166.0, 2.564789497469336
167.0, 2.539142866265935
168.0, 2.6036412032597145
169.0, 2.6699775175562084
170.0, 2.7357842765106746
171.0, 2.8041146820238474
172.0, 2.871627807736682
173.0, 2.9415830318346368
174.0, 2.9267077616568424
175.0, 2.9945973362633085
176.0, 3.061643420562099
177.0, 3.0472853747894657
178.0, 3.029670125989407
179.0, 3.0119749648696157
180.0, 2.991389750312043
181.0, 3.0463584192671544
182.0, 3.065210797602665
183.0, 3.083983980845756
184.0, 3.0996108368156006
185.0, 3.1151483079488216
186.0, 3.127220176671747
187.0, 3.1391919859076896
188.0, 3.1474604668159243
189.0, 3.155617318777945
190.0, 3.159916179625735
191.0, 3.16409047867661
192.0, 3.2417435330150064
193.0, 3.2562354298770306
194.0, 3.3211059354001793
195.0, 3.4013340899714817
196.0, 3.4801948379352448
197.0, 3.5606302053679975
198.0, 3.639295483448352
199.0, 3.7229709440857195
200.0, 3.793787017122656
201.0, 3.888485003751499
202.0, 4.010194914118749
203.0, 4.036627037244995
204.0, 4.130171933310261
205.0, 4.200915887117131
206.0, 4.281486005670286
207.0, 4.363326338704183
208.0, 4.443226425572909
209.0, 4.525195612577895
210.0, 4.605266256806835
211.0, 4.687402596813608
212.0, 4.7676256329077935
213.0, 4.849912010445549
214.0, 4.930272026933069
215.0, 5.01269399026884
216.0, 5.093178346331497
217.0, 5.093525276736241
218.0, 5.173721307249556
219.0, 5.2559761752084455
220.0, 5.2555361518398405
221.0, 5.254864463248266
222.0, 5.249963769311633
223.0, 5.244850397443854
224.0, 5.235602959534226
225.0, 5.226162728922839
226.0, 5.212782201236881
227.0, 5.199228931498748
228.0, 5.182025049532332
229.0, 5.164674026503227
230.0, 5.144052426020274
231.0, 5.123310744260312
232.0, 5.099768201812414
233.0, 5.07613575953833
234.0, 5.050250776133793
235.0, 5.024312650563407
236.0, 4.996738928178846
237.0, 4.969154614404102
238.0, 4.940610325705435
239.0, 4.912105837424266
240.0, 4.883358925814531
241.0, 4.883351031735917
242.0, 4.883358925814531
243.0, 4.885717067855045
244.0, 4.8912833839522785
245.0, 4.8965770337003285
246.0, 4.90208251045545
247.0, 4.907570465861929
248.0, 4.913138057941161
249.0, 4.91863243441528
250.0, 4.924173147912794
251.0, 4.9296101995330215
252.0, 4.935051517314412
253.0, 4.94037678681989
254.0, 4.945648901090769
255.0, 4.950793184992897
256.0, 4.95581229974399
257.0, 4.960683274551395
258.0, 4.965351211618098
259.0, 4.969838377127347
260.0, 4.974051361317312
261.0, 4.9780454321483525
262.0, 4.981704338936261
263.0, 4.983644983730915
264.0, 4.986121663383103
265.0, 4.987833700743099
266.0, 4.988795149334778
267.0, 4.989018830900374
268.0, 4.988470899287964
269.0, 4.9871813038973976
270.0, 4.985123993332541
271.0, 4.982342860474933
272.0, 4.978817567622819
273.0, 4.974482356991376
274.0, 4.971491197084063
275.0, 4.974988656913825
276.0, 4.99754227951586
277.0, 4.991669552009846
278.0, 5.000326493847035
279.0, 4.97999518544852
280.0, 4.974574008229437
281.0, 4.970698513303681
282.0, 4.956130945353855
spot_hold
0, 0
1, 0
2, 0
3, 0
4, 0
5, 0
6, 0
7, 0
8, 0
9, 0
10, 0
11, 0
12, 0
13, 0
14, 0
15, 0
16, 0
17, 0
18, 0
19, 0
20, 0
21, 0
22, 0
23, 0
24, 0
25, 0
26, 0
27, 0
28, 0
29, 0
30, 0
31, 0
32, 0
33, 0
34, 0
35, 0
36, 0
37, 0
38, 0
39, 0
40, 0
41, 1
42, 1
43, 1
44, 1
45, 1
46, 1
47, 1
48, 1
49, 1
50, 1
51, 1
52, 1
53, 1
54, 1
55, 1
56, 1
57, 1
58, 1
59, 1
60, 1
61, 1
62, 1
63, 1
64, 1
65, 1
66, 1
67, 1
68, 1
69, 1
70, 1
71, 1
72, 1
73, 1
74, 1
75, 1
76, 1
77, 1
78, 1
79, 1
80, 1
81, 1
82, 1
83, 1
84, 1
85, 1
86, 1
87, 1
88, 1
89, 1
90, 1
91, 1
92, 1
93, 1
94, 1
95, 1
96, 1
97, 1
98, 1
99, 1
100, 1
101, 1
102, 1
103, 1
104, 1
105, 1
106, 1
107, 1
108, 1
109, 1
110, 1
111, 1
112, 1
113, 1
114, 1
115, 1
116, 1
117, 1
118, 1
119, 1
120, 1
121, 1
122, 1
123, 1
124, 1
125, 1
126, 1
127, 1
128, 1
129, 1
130, 1
131, 1
132, 1
133, 1
134, 1
135, 1
136, 1
137, 1
138, 1
139, 1
140, 1
141, 1
142, 1
143, 1
144, 1
145, 1
146, 1
147, 1
148, 1
149, 1
150, 1
151, 1
152, 1
153, 1
154, 1
155, 1
156, 1
157, 1
158, 1
159, 1
160, 1
161, 1
162, 1
163, 1
164, 1
165, 1
166, 1
167, 1
168, 1
169, 1
170, 1
171, 1
172, 1
173, 1
174, 1
175, 1
176, 1
177, 1
178, 1
179, 1
180, 1
181, 1
182, 1
183, 1
184, 1
185, 1
186, 1
187, 1
188, 1
189, 1
190, 1
191, 1
192, 1
193, 1
194, 1
195, 1
196, 1
197, 1
198, 1
199, 1
200, 1
201, 1
202, 1
203, 1
204, 1
205, 1
206, 1
207, 1
208, 1
209, 1
210, 1
211, 1
212, 1
213, 1
214, 1
215, 1
216, 1
217, 1
218, 1
219, 1
220, 1
221, 1
222, 1
223, 1
224, 1
225, 1
226, 1
227, 1
228, 1
229, 1
230, 1
231, 1
232, 1
233, 1
234, 1
235, 1
236, 1
237, 1
238, 1
239, 1
240, 1
241, 1
242, 1
243, 1
244, 1
245, 1
246, 1
247, 1
248, 1
249, 1
250, 1
251, 1
252, 1
253, 1
254, 1
255, 1
256, 1
257, 1
258, 1
259, 1
260, 1
261, 1
262, 1
263, 1
264, 1
265, 1
266, 1
267, 1
268, 1
269, 1
270, 1
271, 1
272, 1
273, 1
274, 1
275, 1
276, 1
277, 1
278, 1
279, 1
280, 1
281, 1
282, 1
