Error weights
segment 0:
average: 2.3229166666666665 max: 3 percentage: 0.9253472222222222 [3, 3, 3, 2, 3, 1, 2, 0, 2, 2, 3, 1, 3, 2, 3, 0, 3, 3, 2, 1, 3, 0, 3, 0, 3, 2, 3, 0, 3, 3, 3, 2, 3, 0, 3, 3, 3, 2, 2, 2, 3, 1, 3, 2, 3, 0, 3, 3, 3, 2, 3, 0, 3, 3, 3, 2, 3, 0, 3, 3, 3, 2, 3, 0, 3, 3, 2, 1, 3, 0, 3, 0, 3, 2, 3, 0, 3, 3, 3, 2, 3, 0, 3, 3, 3, 2, 3, 0, 3, 3, 3, 2, 3, 0, 3, 3, 3, 2, 3, 0, 3, 3, 3, 2, 3, 0, 3, 3, 2, 1, 3, 0, 3, 0, 3, 2, 3, 0, 3, 3, 3, 2, 3, 0, 3, 3, 3, 2, 3, 0, 3, 3, 3, 2, 3, 0, 3, 3, 3, 2, 3, 0, 3, 3, 3, 2, 3, 0, 3, 3, 3, 2, 3, 0, 3, 3, 3, 2, 3, 0, 3, 3, 3, 0, 3, 0, 3, 0, 3, 2, 2, 1, 3, 0, 3, 2, 1, 3, 2, 2, 3, 1, 2, 2, 2, 1, 3, 2, 2, 2, 3, 1, 3, 2, 3, 2, 3, 3, 3, 2, 3, 2, 3, 3, 3, 2, 3, 2, 3, 3, 2, 2, 3, 2, 3, 3, 3, 2, 3, 2, 3, 3, 3, 2, 3, 2, 3, 3, 3, 2, 3, 2, 3, 2, 3, 2, 3, 2, 3, 0, 3, 2, 3, 2, 3, 3, 2, 2, 3, 3, 3, 2, 3, 2, 3, 2, 3, 3, 3, 2, 3, 2, 3, 0, 3, 2, 3, 2, 3, 0, 3, 2, 3, 2, 3, 0, 3, 2, 3, 2, 3, 2, 3, 2, 3, 2, 2, 2, 1, 2, 3, 2, 3, 2, 3, 0, 3, 2, 3, 0, 3, 2, 3, 2, 3, 0, 3, 2, 3, 2, 3, 0, 3, 2, 3, 2, 3, 2, 3, 2, 3, 2, 3, 2, 3, 2, 3, 2, 3, 2, 3, 2, 3, 2, 3, 2, 3, 2, 3, 2, 3, 0, 3, 2, 1, 2, 3, 0, 3, 3, 3, 3, 3, 3, 3, 3, 3, 3, 2, 2, 3, 2, 3, 2, 3, 2, 3, 2, 3, 2, 3, 2, 3, 0, 3, 2, 2, 2, 2, 3, 2, 2, 1, 3, 3, 2, 3, 3, 3, 2, 3, 3, 3, 2, 3, 3, 3, 2, 3, 3, 3, 2, 3, 1, 3, 2, 3, 1, 3, 2, 3, 1, 3, 2, 3, 1, 3, 2, 3, 1, 3, 2, 3, 1, 3, 2, 3, 1, 3, 2, 3, 1, 3, 2, 3, 1, 3, 2, 3, 2, 3, 2, 3, 1, 3, 2, 3, 1, 3, 2, 3, 1, 3, 2, 3, 1, 3, 2, 3, 1, 3, 2, 3, 1, 2, 2, 3, 2, 3, 2, 3, 2, 3, 2, 3, 2, 3, 1, 2, 2, 3, 2, 3, 2, 3, 2, 3, 2, 3, 2, 3, 2, 3, 2, 3, 2, 3, 2, 3, 2, 3, 1, 2, 2, 3, 2, 3, 2, 3, 2, 3, 2, 3, 2, 3, 2, 3, 2, 3, 3, 3, 1, 2, 2, 3, 2, 3, 2, 3, 2, 3, 2, 3, 2, 3, 2, 3, 2, 3, 2, 3, 2, 3, 2, 3, 1, 2, 2, 3, 2, 3, 2, 3, 2, 3, 2, 3, 2, 3, 2, 3, 2, 3, 2, 3, 2, 3, 2, 3, 2, 3, 2, 3, 2, 3, 2]
segment 1:
average: 2.5034722222222223 max: 3 percentage: 1.0 [1, 1, 1, 3, 1, 3, 3, 3, 1, 3, 1, 3, 1, 3, 1, 3, 1, 3, 1, 3, 1, 3, 1, 3, 1, 3, 1, 3, 1, 3, 1, 3, 1, 3, 1, 3, 1, 3, 1, 3, 1, 3, 1, 3, 1, 3, 1, 3, 1, 3, 1, 3, 1, 3, 1, 3, 1, 3, 1, 3, 1, 3, 1, 3, 1, 3, 1, 3, 1, 3, 1, 3, 1, 3, 1, 3, 1, 3, 1, 3, 1, 3, 1, 3, 1, 3, 1, 3, 1, 3, 1, 3, 1, 3, 1, 3, 1, 3, 1, 3, 1, 3, 1, 3, 1, 3, 1, 3, 1, 3, 1, 3, 1, 3, 1, 3, 1, 3, 1, 3, 1, 3, 1, 3, 1, 3, 1, 3, 1, 3, 1, 3, 1, 3, 1, 3, 1, 3, 1, 3, 1, 3, 1, 3, 1, 3, 1, 3, 1, 3, 1, 3, 1, 3, 1, 3, 1, 3, 1, 3, 1, 3, 3, 3, 1, 3, 3, 3, 3, 3, 1, 3, 1, 3, 3, 1, 3, 3, 3, 3, 1, 3, 3, 3, 1, 3, 3, 3, 1, 3, 3, 3, 3, 3, 3, 3, 3, 3, 3, 3, 3, 3, 3, 3, 3, 3, 3, 3, 3, 3, 3, 3, 3, 3, 3, 3, 3, 3, 3, 3, 3, 3, 3, 3, 3, 3, 3, 3, 3, 3, 3, 3, 3, 3, 3, 3, 3, 3, 3, 3, 3, 3, 3, 1, 3, 3, 1, 3, 3, 3, 3, 3, 3, 3, 3, 3, 3, 3, 3, 3, 3, 3, 3, 3, 3, 3, 3, 3, 3, 3, 3, 3, 3, 3, 1, 1, 1, 3, 3, 3, 1, 3, 3, 3, 1, 3, 1, 1, 3, 3, 3, 3, 3, 3, 3, 3, 3, 3, 3, 3, 1, 3, 1, 3, 3, 3, 1, 3, 3, 3, 1, 1, 3, 3, 3, 3, 3, 3, 3, 3, 1, 3, 3, 3, 1, 3, 3, 3, 1, 3, 3, 3, 1, 3, 3, 3, 3, 3, 3, 3, 3, 3, 1, 1, 3, 3, 3, 1, 3, 3, 3, 3, 3, 3, 3, 3, 3, 3, 1, 3, 3, 3, 3, 3, 3, 3, 3, 3, 3, 3, 3, 3, 3, 1, 3, 3, 3, 1, 1, 3, 1, 3, 3, 3, 3, 3, 1, 3, 1, 3, 3, 3, 1, 3, 3, 3, 1, 3, 3, 3, 3, 3, 3, 3, 3, 3, 1, 3, 3, 3, 3, 3, 3, 3, 1, 3, 3, 3, 3, 3, 3, 3, 1, 3, 3, 3, 3, 3, 3, 3, 1, 3, 3, 3, 3, 3, 3, 3, 1, 1, 3, 3, 3, 3, 3, 3, 3, 3, 3, 3, 3, 3, 3, 3, 3, 3, 3, 3, 3, 3, 3, 3, 3, 1, 3, 3, 3, 1, 1, 3, 3, 3, 3, 3, 3, 3, 3, 1, 3, 3, 3, 3, 1, 3, 3, 3, 3, 3, 3, 3, 3, 3, 1, 3, 3, 3, 1, 1, 3, 3, 3, 1, 3, 3, 3, 3, 3, 3, 3, 3, 3, 3, 3, 3, 3, 3, 3, 3, 3, 3, 3, 1, 3, 3, 3, 3, 3, 3, 3, 1, 1, 3, 3, 3, 3, 3, 3, 3, 3, 3, 3, 3, 3, 3, 3, 1, 3, 3, 3, 3, 3, 3, 3, 3, 1, 3, 3, 3, 1, 3, 3, 3, 1, 3, 3, 3, 1, 3, 3, 3, 1, 3, 3, 3, 3, 1]

Counterexample types
segment 0:
Types: 4
(1, 1) : 305
(1, 0) : 33
(0, 1) : 195
(0, 0) : 43
segment 1:
Types: 2
(1, 1) : 433
(0, 1) : 143

